* r(1, 0) = 0 via []
* r(1, 1) = 0 via [[0, 0]]
_____________________________________________________

  r(2, 0) = 0 via []
  r(2, 1) = 1 via [[1, 1]]
* r(2, 2) = 2 via [[1, 0], [1, 1]]
  r(2, 3) = 1 via [[0, 1], [1, 0], [1, 1]]
  r(2, 4) = 0 via [[0, 0], [0, 1], [1, 0], [1, 1]]
_____________________________________________________

  r(3, 0) = 0 via []
  r(3, 1) = 4 via [[1, 1]]
  r(3, 2) = 6 via [[1, 1], [2, 1]]
* r(3, 3) = 8 via [[1, 0], [1, 1], [1, 2]]
* r(3, 4) = 8 via [[1, 0], [1, 2], [2, 0], [2, 2]]
* r(3, 5) = 8 via [[0, 2], [1, 0], [1, 2], [2, 0], [2, 2]]
* r(3, 6) = 8 via [[0, 0], [0, 2], [1, 0], [1, 2], [2, 0], [2, 2]]
  r(3, 7) = 6 via [[0, 0], [0, 2], [1, 0], [1, 2], [2, 0], [2, 1], [2, 2]]
  r(3, 8) = 4 via [[0, 0], [0, 1], [0, 2], [1, 0], [1, 2], [2, 0], [2, 1], [2, 2]]
  r(3, 9) = 0 via [[0, 0], [0, 1], [0, 2], [1, 0], [1, 1], [1, 2], [2, 0], [2, 1], [2, 2]]
_____________________________________________________

  r(4, 0)  = 0  via []
  r(4, 1)  = 5  via [[2, 2]]
  r(4, 2)  = 10 via [[2, 1], [2, 2]]
  r(4, 3)  = 13 via [[2, 1], [2, 2], [2, 3]]
  r(4, 4)  = 16 via [[2, 0], [2, 1], [2, 2], [2, 3]]
  r(4, 5)  = 17 via [[1, 3], [2, 0], [2, 1], [2, 3], [3, 3]]
  r(4, 6)  = 18 via [[1, 0], [1, 3], [2, 0], [2, 3], [3, 0], [3, 3]]
  r(4, 7)  = 19 via [[0, 3], [1, 0], [1, 3], [2, 0], [2, 3], [3, 0], [3, 3]]
* r(4, 8)  = 20 via [[0, 0], [0, 3], [1, 0], [1, 3], [2, 0], [2, 3], [3, 0], [3, 3]]
  r(4, 9)  = 19 via [[0, 0], [0, 3], [1, 0], [1, 3], [2, 0], [2, 3], [3, 0], [3, 2], [3, 3]]
  r(4, 10) = 18 via [[0, 0], [0, 3], [1, 0], [1, 3], [2, 0], [2, 3], [3, 0], [3, 1], [3, 2], [3, 3]]
  r(4, 11) = 17 via [[0, 0], [0, 2], [0, 3], [1, 0], [1, 3], [2, 0], [2, 3], [3, 0], [3, 1], [3, 2], [3, 3]]
  r(4, 12) = 16 via [[0, 0], [0, 1], [0, 2], [0, 3], [1, 0], [1, 3], [2, 0], [2, 3], [3, 0], [3, 1], [3, 2], [3, 3]]
  r(4, 13) = 12 via [[0, 0], [0, 1], [0, 2], [0, 3], [1, 0], [1, 3], [2, 0], [2, 2], [2, 3], [3, 0], [3, 1], [3, 2], [3, 3]]
  r(4, 14) = 8  via [[0, 0], [0, 1], [0, 2], [0, 3], [1, 0], [1, 3], [2, 0], [2, 1], [2, 2], [2, 3], [3, 0], [3, 1], [3, 2], [3, 3]]
  r(4, 15) = 4  via [[0, 0], [0, 1], [0, 2], [0, 3], [1, 0], [1, 2], [1, 3], [2, 0], [2, 1], [2, 2], [2, 3], [3, 0], [3, 1], [3, 2], [3, 3]]
  r(4, 16) = 0  via [[0, 0], [0, 1], [0, 2], [0, 3], [1, 0], [1, 1], [1, 2], [1, 3], [2, 0], [2, 1], [2, 2], [2, 3], [3, 0], [3, 1], [3, 2], [3, 3]]
_____________________________________________________

  r(5, 0)  = 0  via []
  r(5, 1)  = 8  via [[2, 2]]
  r(5, 2)  = 14 via [[2, 2], [3, 2]]
  r(5, 3)  = 20 via [[2, 1], [2, 2], [2, 3]]
  r(5, 4)  = 24 via [[2, 1], [2, 3], [3, 1], [3, 3]]
  r(5, 5)  = 28 via [[2, 0], [2, 1], [2, 2], [2, 3], [2, 4]]
  r(5, 6)  = 30 via [[2, 0], [2, 2], [2, 4], [3, 0], [3, 2], [3, 4]]
  r(5, 7)  = 32 via [[1, 4], [2, 0], [2, 1], [2, 2], [2, 4], [3, 4], [4, 1]]
  r(5, 8)  = 34 via [[1, 0], [1, 2], [1, 4], [2, 0], [2, 2], [2, 4], [4, 1], [4, 3]]
  r(5, 9)  = 35 via [[1, 0], [1, 2], [1, 3], [1, 4], [2, 0], [3, 3], [4, 0], [4, 1], [4, 3]]
  r(5, 10) = 36 via [[1, 0], [1, 1], [1, 2], [1, 3], [1, 4], [4, 0], [4, 1], [4, 2], [4, 3], [4, 4]]
* r(5, 11) = 38 via [[0, 0], [0, 4], [1, 0], [1, 2], [1, 4], [2, 0], [2, 4], [4, 0], [4, 1], [4, 3], [4, 4]]
* r(5, 12) = 38 via [[0, 0], [0, 4], [1, 0], [1, 2], [1, 4], [2, 0], [2, 4], [4, 0], [4, 1], [4, 2], [4, 3], [4, 4]]
* r(5, 13) = 38 via [[0, 0], [0, 2], [0, 4], [1, 0], [1, 2], [1, 4], [2, 0], [2, 4], [4, 0], [4, 1], [4, 2], [4, 3], [4, 4]]
  r(5, 14) = 37 via [[0, 0], [0, 1], [0, 2], [0, 3], [0, 4], [1, 0], [2, 0], [2, 3], [2, 4], [3, 0], [4, 0], [4, 2], [4, 3], [4, 4]]
  r(5, 15) = 36 via [[0, 0], [0, 2], [0, 4], [1, 0], [1, 2], [1, 4], [2, 0], [2, 4], [3, 0], [3, 4], [4, 0], [4, 1], [4, 2], [4, 3], [4, 4]]
  r(5, 16) = 36 via [[0, 0], [0, 1], [0, 2], [0, 3], [0, 4], [1, 0], [1, 4], [2, 0], [2, 4], [3, 0], [3, 4], [4, 0], [4, 1], [4, 2], [4, 3], [4, 4]]
  r(5, 17) = 32 via [[0, 0], [0, 1], [0, 2], [0, 3], [0, 4], [1, 0], [1, 4], [2, 0], [2, 4], [3, 0], [3, 3], [3, 4], [4, 0], [4, 1], [4, 2], [4, 3], [4, 4]]
  r(5, 18) = 28 via [[0, 0], [0, 1], [0, 2], [0, 3], [0, 4], [1, 0], [1, 4], [2, 0], [2, 4], [3, 0], [3, 2], [3, 3], [3, 4], [4, 0], [4, 1], [4, 2], [4, 3], [4, 4]]
  r(5, 19) = 24 via [[0, 0], [0, 1], [0, 2], [0, 3], [0, 4], [1, 0], [1, 4], [2, 0], [2, 4], [3, 0], [3, 1], [3, 2], [3, 3], [3, 4], [4, 0], [4, 1], [4, 2], [4, 3], [4, 4]]
  r(5, 20) = 20 via [[0, 0], [0, 1], [0, 2], [0, 3], [0, 4], [1, 0], [1, 4], [2, 0], [2, 3], [2, 4], [3, 0], [3, 1], [3, 2], [3, 3], [3, 4], [4, 0], [4, 1], [4, 2], [4, 3], [4, 4]]
  r(5, 21) = 16 via [[0, 0], [0, 1], [0, 2], [0, 3], [0, 4], [1, 0], [1, 4], [2, 0], [2, 2], [2, 3], [2, 4], [3, 0], [3, 1], [3, 2], [3, 3], [3, 4], [4, 0], [4, 1], [4, 2], [4, 3], [4, 4]]
  r(5, 22) = 12 via [[0, 0], [0, 1], [0, 2], [0, 3], [0, 4], [1, 0], [1, 4], [2, 0], [2, 1], [2, 2], [2, 3], [2, 4], [3, 0], [3, 1], [3, 2], [3, 3], [3, 4], [4, 0], [4, 1], [4, 2], [4, 3], [4, 4]]
  r(5, 23) = 8  via [[0, 0], [0, 1], [0, 2], [0, 3], [0, 4], [1, 0], [1, 3], [1, 4], [2, 0], [2, 1], [2, 2], [2, 3], [2, 4], [3, 0], [3, 1], [3, 2], [3, 3], [3, 4], [4, 0], [4, 1], [4, 2], [4, 3], [4, 4]]
  r(5, 24) = 4  via [[0, 0], [0, 1], [0, 2], [0, 3], [0, 4], [1, 0], [1, 2], [1, 3], [1, 4], [2, 0], [2, 1], [2, 2], [2, 3], [2, 4], [3, 0], [3, 1], [3, 2], [3, 3], [3, 4], [4, 0], [4, 1], [4, 2], [4, 3], [4, 4]]
  r(5, 25) = 0  via [[0, 0], [0, 1], [0, 2], [0, 3], [0, 4], [1, 0], [1, 1], [1, 2], [1, 3], [1, 4], [2, 0], [2, 1], [2, 2], [2, 3], [2, 4], [3, 0], [3, 1], [3, 2], [3, 3], [3, 4], [4, 0], [4, 1], [4, 2], [4, 3], [4, 4]]
