1 1
2 1
3 2
4 1
5 3
6 2
7 4
8 1
9 4
10 3
11 6
12 2
13 7
14 4
15 6
16 1
17 9
18 4
19 10
20 3
21 8
22 6
23 12
24 2
25 9
26 7
27 8
28 4
29 15
30 6
31 16
32 1
33 12
34 9
35 12
36 4
37 19
38 10
39 14
40 3
41 21
42 8
43 22
44 6
45 12
46 12
47 24
48 2
49 16
50 9
51 18
52 7
53 27
54 8
55 18
56 4
57 20
58 15
59 30
60 6
61 31
62 16
63 16
64 1
65 21
66 12
67 34
68 9
69 24
70 12
71 36
72 4
73 37
74 19
75 18
76 10
77 24
78 14
79 40
80 3
81 16
82 21
83 42
84 8
85 27
86 22
87 30
88 6
89 45
90 12
91 28
92 12
93 32
94 24
95 30
96 2
97 49
98 16
99 24
100 9
101 51
102 18
103 52
104 7
105 24
106 27
107 54
108 8
109 55
110 18
111 38
112 4
113 57
114 20
115 36
116 15
117 28
118 30
119 36
120 6
121 36
122 31
123 42
124 16
125 27
126 16
127 64
128 1
129 44
130 21
131 66
132 12
133 40
134 34
135 24
136 9
137 69
138 24
139 70
140 12
141 48
142 36
143 42
144 4
145 45
146 37
147 32
148 19
149 75
150 18
151 76
152 10
153 36
154 24
155 48
156 14
157 79
158 40
159 54
160 3
161 48
162 16
163 82
164 21
165 36
166 42
167 84
168 8
169 49
170 27
171 40
172 22
173 87
174 30
175 36
176 6
177 60
178 45
179 90
180 12
181 91
182 28
183 62
184 12
185 57
186 32
187 54
188 24
189 32
190 30
191 96
192 2
193 97
194 49
195 42
196 16
197 99
198 24
199 100
200 9
201 68
202 51
203 60
204 18
205 63
206 52
207 48
208 7
209 60
210 24
211 106
212 27
213 72
214 54
215 66
216 8
217 64
218 55
219 74
220 18
221 63
222 38
223 112
224 4
225 36
226 57
227 114
228 20
229 115
230 36
231 48
232 15
233 117
234 28
235 72
236 30
237 80
238 36
239 120
240 6
241 121
242 36
243 32
244 31
245 48
246 42
247 70
248 16
249 84
250 27
251 126
252 16
253 72
254 64
255 54
256 1
257 129
258 44
259 76
260 21
261 60
262 66
263 132
264 12
265 81
266 40
267 90
268 34
269 135
270 24
271 136
272 9
273 56
274 69
275 54
276 24
277 139
278 70
279 64
280 12
281 141
282 48
283 142
284 36
285 60
286 42
287 84
288 4
289 81
290 45
291 98
292 37
293 147
294 32
295 90
296 19
297 48
298 75
299 84
300 18
301 88
302 76
303 102
304 10
305 93
306 36
307 154
308 24
309 104
310 48
311 156
312 14
313 157
314 79
315 48
316 40
317 159
318 54
319 90
320 3
321 108
322 48
323 90
324 16
325 63
326 82
327 110
328 21
329 96
330 36
331 166
332 42
333 76
334 84
335 102
336 8
337 169
338 49
339 114
340 27
341 96
342 40
343 64
344 22
345 72
346 87
347 174
348 30
349 175
350 36
351 56
352 6
353 177
354 60
355 108
356 45
357 72
358 90
359 180
360 12
361 100
362 91
363 72
364 28
365 111
366 62
367 184
368 12
369 84
370 57
371 108
372 32
373 187
374 54
375 54
376 24
377 105
378 32
379 190
380 30
381 128
382 96
383 192
384 2
385 72
386 97
387 88
388 49
389 195
390 42
391 108
392 16
393 132
394 99
395 120
396 24
397 199
398 100
399 80
400 9
401 201
402 68
403 112
404 51
405 48
406 60
407 114
408 18
409 205
410 63
411 138
412 52
413 120
414 48
415 126
416 7
417 140
418 60
419 210
420 24
421 211
422 106
423 96
424 27
425 81
426 72
427 124
428 54
429 84
430 66
431 216
432 8
433 217
434 64
435 90
436 55
437 120
438 74
439 220
440 18
441 64
442 63
443 222
444 38
445 135
446 112
447 150
448 4
449 225
450 36
451 126
452 57
453 152
454 114
455 84
456 20
457 229
458 115
459 72
460 36
461 231
462 48
463 232
464 15
465 96
466 117
467 234
468 28
469 136
470 72
471 158
472 30
473 132
474 80
475 90
476 36
477 108
478 120
479 240
480 6
481 133
482 121
483 96
484 36
485 147
486 32
487 244
488 31
489 164
490 48
491 246
492 42
493 135
494 70
495 72
496 16
497 144
498 84
499 250
500 27
501 168
502 126
503 252
504 16
505 153
506 72
507 98
508 64
509 255
510 54
511 148
512 1
513 80
514 129
515 156
516 44
517 144
518 76
519 174
520 21
521 261
522 60
523 262
524 66
525 72
526 132
527 144
528 12
529 144
530 81
531 120
532 40
533 147
534 90
535 162
536 34
537 180
538 135
539 96
540 24
541 271
542 136
543 182
544 9
545 165
546 56
547 274
548 69
549 124
550 54
551 150
552 24
553 160
554 139
555 114
556 70
557 279
558 64
559 154
560 12
561 108
562 141
563 282
564 48
565 171
566 142
567 64
568 36
569 285
570 60
571 286
572 42
573 192
574 84
575 108
576 4
577 289
578 81
579 194
580 45
581 168
582 98
583 162
584 37
585 84
586 147
587 294
588 32
589 160
590 90
591 198
592 19
593 297
594 48
595 108
596 75
597 200
598 84
599 300
600 18
601 301
602 88
603 136
604 76
605 108
606 102
607 304
608 10
609 120
610 93
611 168
612 36
613 307
614 154
615 126
616 24
617 309
618 104
619 310
620 48
621 96
622 156
623 180
624 14
625 81
626 157
627 120
628 79
629 171
630 48
631 316
632 40
633 212
634 159
635 192
636 54
637 112
638 90
639 144
640 3
641 321
642 108
643 322
644 48
645 132
646 90
647 324
648 16
649 180
650 63
651 128
652 82
653 327
654 110
655 198
656 21
657 148
658 96
659 330
660 36
661 331
662 166
663 126
664 42
665 120
666 76
667 180
668 84
669 224
670 102
671 186
672 8
673 337
674 169
675 72
676 49
677 339
678 114
679 196
680 27
681 228
682 96
683 342
684 40
685 207
686 64
687 230
688 22
689 189
690 72
691 346
692 87
693 96
694 174
695 210
696 30
697 189
698 175
699 234
700 36
701 351
702 56
703 190
704 6
705 144
706 177
707 204
708 60
709 355
710 108
711 160
712 45
713 192
714 72
715 126
716 90
717 240
718 180
719 360
720 12
721 208
722 100
723 242
724 91
725 135
726 72
727 364
728 28
729 64
730 111
731 198
732 62
733 367
734 184
735 96
736 12
737 204
738 84
739 370
740 57
741 140
742 108
743 372
744 32
745 225
746 187
747 168
748 54
749 216
750 54
751 376
752 24
753 252
754 105
755 228
756 32
757 379
758 190
759 144
760 30
761 381
762 128
763 220
764 96
765 108
766 192
767 210
768 2
769 385
770 72
771 258
772 97
773 387
774 88
775 144
776 49
777 152
778 195
779 210
780 42
781 216
782 108
783 120
784 16
785 237
786 132
787 394
788 99
789 264
790 120
791 228
792 24
793 217
794 199
795 162
796 100
797 399
798 80
799 216
800 9
801 180
802 201
803 222
804 68
805 144
806 112
807 270
808 51
809 405
810 48
811 406
812 60
813 272
814 114
815 246
816 18
817 220
818 205
819 112
820 63
821 411
822 138
823 412
824 52
825 108
826 120
827 414
828 48
829 415
830 126
831 278
832 7
833 144
834 140
835 252
836 60
837 128
838 210
839 420
840 24
841 225
842 211
843 282
844 106
845 147
846 96
847 144
848 27
849 284
850 81
851 228
852 72
853 427
854 124
855 120
856 54
857 429
858 84
859 430
860 66
861 168
862 216
863 432
864 8
865 261
866 217
867 162
868 64
869 240
870 90
871 238
872 55
873 196
874 120
875 108
876 74
877 439
878 220
879 294
880 18
881 441
882 64
883 442
884 63
885 180
886 222
887 444
888 38
889 256
890 135
891 96
892 112
893 240
894 150
895 270
896 4
897 168
898 225
899 240
900 36
901 243
902 126
903 176
904 57
905 273
906 152
907 454
908 114
909 204
910 84
911 456
912 20
913 252
914 229
915 186
916 115
917 264
918 72
919 460
920 36
921 308
922 231
923 252
924 48
925 171
926 232
927 208
928 15
929 465
930 96
931 160
932 117
933 312
934 234
935 162
936 28
937 469
938 136
939 314
940 72
941 471
942 158
943 252
944 30
945 96
946 132
947 474
948 80
949 259
950 90
951 318
952 36
953 477
954 108
955 288
956 120
957 180
958 240
959 276
960 6
961 256
962 133
963 216
964 121
965 291
966 96
967 484
968 36
969 180
970 147
971 486
972 32
973 280
974 244
975 126
976 31
977 489
978 164
979 270
980 48
981 220
982 246
983 492
984 42
985 297
986 135
987 192
988 70
989 264
990 72
991 496
992 16
993 332
994 144
995 300
996 84
997 499
998 250
999 152
1000 27
1001 168
1002 168
1003 270
1004 126
1005 204
1006 252
1007 270
1008 16
1009 505
1010 153
1011 338
1012 72
1013 507
1014 98
1015 180
1016 64
1017 228
1018 255
1019 510
1020 54
1021 511
1022 148
1023 192
1024 1
1025 189
1026 80
1027 280
1028 129
1029 128
1030 156
1031 516
1032 44
1033 517
1034 144
1035 144
1036 76
1037 279
1038 174
1039 520
1040 21
1041 348
1042 261
1043 300
1044 60
1045 180
1046 262
1047 350
1048 66
1049 525
1050 72
1051 526
1052 132
1053 112
1054 144
1055 318
1056 12
1057 304
1058 144
1059 354
1060 81
1061 531
1062 120
1063 532
1064 40
1065 216
1066 147
1067 294
1068 90
1069 535
1070 162
1071 144
1072 34
1073 285
1074 180
1075 198
1076 135
1077 360
1078 96
1079 294
1080 24
1081 288
1082 271
1083 200
1084 136
1085 192
1086 182
1087 544
1088 9
1089 144
1090 165
1091 546
1092 56
1093 547
1094 274
1095 222
1096 69
1097 549
1098 124
1099 316
1100 54
1101 368
1102 150
1103 552
1104 24
1105 189
1106 160
1107 168
1108 139
1109 555
1110 114
1111 306
1112 70
1113 216
1114 279
1115 336
1116 64
1117 559
1118 154
1119 374
1120 12
1121 300
1122 108
1123 562
1124 141
1125 108
1126 282
1127 192
1128 48
1129 565
1130 171
1131 210
1132 142
1133 312
1134 64
1135 342
1136 36
1137 380
1138 285
1139 306
1140 60
1141 328
1142 286
1143 256
1144 42
1145 345
1146 192
1147 304
1148 84
1149 384
1150 108
1151 576
1152 4
1153 577
1154 289
1155 144
1156 81
1157 315
1158 194
1159 310
1160 45
1161 176
1162 168
1163 582
1164 98
1165 351
1166 162
1167 390
1168 37
1169 336
1170 84
1171 586
1172 147
1173 216
1174 294
1175 216
1176 32
1177 324
1178 160
1179 264
1180 90
1181 591
1182 198
1183 196
1184 19
1185 240
1186 297
1187 594
1188 48
1189 315
1190 108
1191 398
1192 75
1193 597
1194 200
1195 360
1196 84
1197 160
1198 300
1199 330
1200 18
1201 601
1202 301
1203 402
1204 88
1205 363
1206 136
1207 324
1208 76
1209 224
1210 108
1211 348
1212 102
1213 607
1214 304
1215 96
1216 10
1217 609
1218 120
1219 324
1220 93
1221 228
1222 168
1223 612
1224 36
1225 144
1226 307
1227 410
1228 154
1229 615
1230 126
1231 616
1232 24
1233 276
1234 309
1235 210
1236 104
1237 619
1238 310
1239 240
1240 48
1241 333
1242 96
1243 342
1244 156
1245 252
1246 180
1247 330
1248 14
1249 625
1250 81
1251 280
1252 157
1253 360
1254 120
1255 378
1256 79
1257 420
1258 171
1259 630
1260 48
1261 343
1262 316
1263 422
1264 40
1265 216
1266 212
1267 364
1268 159
1269 192
1270 192
1271 336
1272 54
1273 340
1274 112
1275 162
1276 90
1277 639
1278 144
1279 640
1280 3
1281 248
1282 321
1283 642
1284 108
1285 387
1286 322
1287 168
1288 48
1289 645
1290 132
1291 646
1292 90
1293 432
1294 324
1295 228
1296 16
1297 649
1298 180
1299 434
1300 63
1301 651
1302 128
1303 652
1304 82
1305 180
1306 327
1307 654
1308 110
1309 216
1310 198
1311 240
1312 21
1313 357
1314 148
1315 396
1316 96
1317 440
1318 330
1319 660
1320 36
1321 661
1322 331
1323 128
1324 166
1325 243
1326 126
1327 664
1328 42
1329 444
1330 120
1331 216
1332 76
1333 352
1334 180
1335 270
1336 84
1337 384
1338 224
1339 364
1340 102
1341 300
1342 186
1343 360
1344 8
1345 405
1346 337
1347 450
1348 169
1349 360
1350 72
1351 388
1352 49
1353 252
1354 339
1355 408
1356 114
1357 360
1358 196
1359 304
1360 27
1361 681
1362 228
1363 360
1364 96
1365 168
1366 342
1367 684
1368 40
1369 361
1370 207
1371 458
1372 64
1373 687
1374 230
1375 162
1376 22
1377 144
1378 189
1379 396
1380 72
1381 691
1382 346
1383 462
1384 87
1385 417
1386 96
1387 370
1388 174
1389 464
1390 210
1391 378
1392 30
1393 400
1394 189
1395 192
1396 175
1397 384
1398 234
1399 700
1400 36
1401 468
1402 351
1403 372
1404 56
1405 423
1406 190
1407 272
1408 6
1409 705
1410 144
1411 378
1412 177
1413 316
1414 204
1415 426
1416 60
1417 385
1418 355
1419 264
1420 108
1421 240
1422 160
1423 712
1424 45
1425 180
1426 192
1427 714
1428 72
1429 715
1430 126
1431 216
1432 90
1433 717
1434 240
1435 252
1436 180
1437 480
1438 360
1439 720
1440 12
1441 396
1442 208
1443 266
1444 100
1445 243
1446 242
1447 724
1448 91
1449 192
1450 135
1451 726
1452 72
1453 727
1454 364
1455 294
1456 28
1457 384
1458 64
1459 730
1460 111
1461 488
1462 198
1463 240
1464 62
1465 441
1466 367
1467 328
1468 184
1469 399
1470 96
1471 736
1472 12
1473 492
1474 204
1475 270
1476 84
1477 424
1478 370
1479 270
1480 57
1481 741
1482 140
1483 742
1484 108
1485 144
1486 372
1487 744
1488 32
1489 745
1490 225
1491 288
1492 187
1493 747
1494 168
1495 252
1496 54
1497 500
1498 216
1499 750
1500 54
1501 400
1502 376
1503 336
1504 24
1505 264
1506 252
1507 414
1508 105
1509 504
1510 228
1511 756
1512 32
1513 405
1514 379
1515 306
1516 190
1517 399
1518 144
1519 256
1520 30
1521 196
1522 381
1523 762
1524 128
1525 279
1526 220
1527 510
1528 96
1529 420
1530 108
1531 766
1532 192
1533 296
1534 210
1535 462
1536 2
1537 405
1538 385
1539 160
1540 72
1541 408
1542 258
1543 772
1544 97
1545 312
1546 387
1547 252
1548 88
1549 775
1550 144
1551 288
1552 49
1553 777
1554 152
1555 468
1556 195
1557 348
1558 210
1559 780
1560 42
1561 448
1562 216
1563 522
1564 108
1565 471
1566 120
1567 784
1568 16
1569 524
1570 237
1571 786
1572 132
1573 252
1574 394
1575 144
1576 99
1577 420
1578 264
1579 790
1580 120
1581 288
1582 228
1583 792
1584 24
1585 477
1586 217
1587 288
1588 199
1589 456
1590 162
1591 418
1592 100
1593 240
1594 399
1595 270
1596 80
1597 799
1598 216
1599 294
1600 9
1601 801
1602 180
1603 460
1604 201
1605 324
1606 222
1607 804
1608 68
1609 805
1610 144
1611 360
1612 112
1613 807
1614 270
1615 270
1616 51
1617 192
1618 405
1619 810
1620 48
1621 811
1622 406
1623 542
1624 60
1625 189
1626 272
1627 814
1628 114
1629 364
1630 246
1631 468
1632 18
1633 432
1634 220
1635 330
1636 205
1637 819
1638 112
1639 450
1640 63
1641 548
1642 411
1643 432
1644 138
1645 288
1646 412
1647 248
1648 52
1649 441
1650 108
1651 448
1652 120
1653 300
1654 414
1655 498
1656 48
1657 829
1658 415
1659 320
1660 126
1661 456
1662 278
1663 832
1664 7
1665 228
1666 144
1667 834
1668 140
1669 835
1670 252
1671 558
1672 60
1673 480
1674 128
1675 306
1676 210
1677 308
1678 420
1679 444
1680 24
1681 441
1682 225
1683 216
1684 211
1685 507
1686 282
1687 484
1688 106
1689 564
1690 147
1691 450
1692 96
1693 847
1694 144
1695 342
1696 27
1697 849
1698 284
1699 850
1700 81
1701 128
1702 228
1703 462
1704 72
1705 288
1706 427
1707 570
1708 124
1709 855
1710 120
1711 450
1712 54
1713 572
1714 429
1715 192
1716 84
1717 459
1718 430
1719 384
1720 66
1721 861
1722 168
1723 862
1724 216
1725 216
1726 432
1727 474
1728 8
1729 280
1730 261
1731 578
1732 217
1733 867
1734 162
1735 522
1736 64
1737 388
1738 240
1739 456
1740 90
1741 871
1742 238
1743 336
1744 55
1745 525
1746 196
1747 874
1748 120
1749 324
1750 108
1751 468
1752 74
1753 877
1754 439
1755 168
1756 220
1757 504
1758 294
1759 880
1760 18
1761 588
1762 441
1763 462
1764 64
1765 531
1766 442
1767 320
1768 63
1769 465
1770 180
1771 288
1772 222
1773 396
1774 444
1775 324
1776 38
1777 889
1778 256
1779 594
1780 135
1781 483
1782 96
1783 892
1784 112
1785 216
1786 240
1787 894
1788 150
1789 895
1790 270
1791 400
1792 4
1793 492
1794 168
1795 540
1796 225
1797 600
1798 240
1799 516
1800 36
1801 901
1802 243
1803 602
1804 126
1805 300
1806 176
1807 490
1808 57
1809 272
1810 273
1811 906
1812 152
1813 304
1814 454
1815 216
1816 114
1817 480
1818 204
1819 486
1820 84
1821 608
1822 456
1823 912
1824 20
1825 333
1826 252
1827 240
1828 229
1829 480
1830 186
1831 916
1832 115
1833 336
1834 264
1835 552
1836 72
1837 504
1838 460
1839 614
1840 36
1841 528
1842 308
1843 490
1844 231
1845 252
1846 252
1847 924
1848 48
1849 484
1850 171
1851 618
1852 232
1853 495
1854 208
1855 324
1856 15
1857 620
1858 465
1859 294
1860 96
1861 931
1862 160
1863 192
1864 117
1865 561
1866 312
1867 934
1868 234
1869 360
1870 162
1871 936
1872 28
1873 937
1874 469
1875 162
1876 136
1877 939
1878 314
1879 940
1880 72
1881 240
1882 471
1883 540
1884 158
1885 315
1886 252
1887 342
1888 30
1889 945
1890 96
1891 496
1892 132
1893 632
1894 474
1895 570
1896 80
1897 544
1898 259
1899 424
1900 90
1901 951
1902 318
1903 522
1904 36
1905 384
1906 477
1907 954
1908 108
1909 504
1910 288
1911 224
1912 120
1913 957
1914 180
1915 576
1916 240
1917 288
1918 276
1919 510
1920 6
1921 513
1922 256
1923 642
1924 133
1925 216
1926 216
1927 504
1928 121
1929 644
1930 291
1931 966
1932 96
1933 967
1934 484
1935 264
1936 36
1937 525
1938 180
1939 556
1940 147
1941 648
1942 486
1943 510
1944 32
1945 585
1946 280
1947 360
1948 244
1949 975
1950 126
1951 976
1952 31
1953 256
1954 489
1955 324
1956 164
1957 520
1958 270
1959 654
1960 48
1961 513
1962 220
1963 532
1964 246
1965 396
1966 492
1967 564
1968 42
1969 540
1970 297
1971 296
1972 135
1973 987
1974 192
1975 360
1976 70
1977 660
1978 264
1979 990
1980 72
1981 568
1982 496
1983 662
1984 16
1985 597
1986 332
1987 994
1988 144
1989 252
1990 300
1991 546
1992 84
1993 997
1994 499
1995 240
1996 250
1997 999
1998 152
1999 1000
2000 27
2001 360
2002 168
2003 1002
2004 168
2005 603
2006 270
2007 448
2008 126
2009 336
2010 204
2011 1006
2012 252
2013 372
2014 270
2015 336
2016 16
2017 1009
2018 505
2019 674
2020 153
2021 528
2022 338
2023 324
2024 72
2025 144
2026 507
2027 1014
2028 98
2029 1015
2030 180
2031 678
2032 64
2033 540
2034 228
2035 342
2036 255
2037 392
2038 510
2039 1020
2040 54
2041 553
2042 511
2043 456
2044 148
2045 615
2046 192
2047 540
2048 1
2049 684
2050 189
2051 588
2052 80
2053 1027
2054 280
2055 414
2056 129
2057 324
2058 128
2059 540
2060 156
2061 460
2062 516
2063 1032
2064 44
2065 360
2066 517
2067 378
2068 144
2069 1035
2070 144
2071 550
2072 76
2073 692
2074 279
2075 378
2076 174
2077 544
2078 520
2079 192
2080 21
2081 1041
2082 348
2083 1042
2084 261
2085 420
2086 300
2087 1044
2088 60
2089 1045
2090 180
2091 378
2092 262
2093 336
2094 350
2095 630
2096 66
2097 468
2098 525
2099 1050
2100 72
2101 576
2102 526
2103 702
2104 132
2105 633
2106 112
2107 352
2108 144
2109 380
2110 318
2111 1056
2112 12
2113 1057
2114 304
2115 288
2116 144
2117 555
2118 354
2119 574
2120 81
2121 408
2122 531
2123 582
2124 120
2125 243
2126 532
2127 710
2128 40
2129 1065
2130 216
2131 1066
2132 147
2133 320
2134 294
2135 372
2136 90
2137 1069
2138 535
2139 384
2140 162
2141 1071
2142 144
2143 1072
2144 34
2145 252
2146 285
2147 570
2148 180
2149 616
2150 198
2151 480
2152 135
2153 1077
2154 360
2155 648
2156 96
2157 720
2158 294
2159 576
2160 24
2161 1081
2162 288
2163 416
2164 271
2165 651
2166 200
2167 594
2168 136
2169 484
2170 192
2171 588
2172 182
2173 567
2174 544
2175 270
2176 9
2177 624
2178 144
2179 1090
2180 165
2181 728
2182 546
2183 570
2184 56
2185 360
2186 547
2187 128
2188 274
2189 600
2190 222
2191 628
2192 69
2193 396
2194 549
2195 660
2196 124
2197 343
2198 316
2199 734
2200 54
2201 576
2202 368
2203 1102
2204 150
2205 192
2206 552
2207 1104
2208 24
2209 576
2210 189
2211 408
2212 160
2213 1107
2214 168
2215 666
2216 139
2217 740
2218 555
2219 636
2220 114
2221 1111
2222 306
2223 280
2224 70
2225 405
2226 216
2227 594
2228 279
2229 744
2230 336
2231 588
2232 64
2233 360
2234 559
2235 450
2236 154
2237 1119
2238 374
2239 1120
2240 12
2241 336
2242 300
2243 1122
2244 108
2245 675
2246 562
2247 432
2248 141
2249 609
2250 108
2251 1126
2252 282
2253 752
2254 192
2255 378
2256 48
2257 589
2258 565
2259 504
2260 171
2261 360
2262 210
2263 592
2264 142
2265 456
2266 312
2267 1134
2268 64
2269 1135
2270 342
2271 758
2272 36
2273 1137
2274 380
2275 252
2276 285
2277 288
2278 306
2279 594
2280 60
2281 1141
2282 328
2283 762
2284 286
2285 687
2286 256
2287 1144
2288 42
2289 440
2290 345
2291 600
2292 192
2293 1147
2294 304
2295 216
2296 84
2297 1149
2298 384
2299 360
2300 108
2301 420
2302 576
2303 384
2304 4
2305 693
2306 577
2307 770
2308 289
2309 1155
2310 144
2311 1156
2312 81
2313 516
2314 315
2315 696
2316 194
2317 664
2318 310
2319 774
2320 45
2321 636
2322 176
2323 612
2324 168
2325 288
2326 582
2327 630
2328 98
2329 621
2330 351
2331 304
2332 162
2333 1167
2334 390
2335 702
2336 37
2337 420
2338 336
2339 1170
2340 84
2341 1171
2342 586
2343 432
2344 147
2345 408
2346 216
2347 1174
2348 294
2349 240
2350 216
2351 1176
2352 32
2353 637
2354 324
2355 474
2356 160
2357 1179
2358 264
2359 676
2360 90
2361 788
2362 591
2363 630
2364 198
2365 396
2366 196
2367 528
2368 19
2369 624
2370 240
2371 1186
2372 297
2373 456
2374 594
2375 270
2376 48
2377 1189
2378 315
2379 434
2380 108
2381 1191
2382 398
2383 1192
2384 75
2385 324
2386 597
2387 384
2388 200
2389 1195
2390 360
2391 798
2392 84
2393 1197
2394 160
2395 720
2396 300
2397 432
2398 330
2399 1200
2400 18
2401 256
2402 601
2403 360
2404 301
2405 399
2406 402
2407 630
2408 88
2409 444
2410 363
2411 1206
2412 136
2413 640
2414 324
2415 288
2416 76
2417 1209
2418 224
2419 630
2420 108
2421 540
2422 348
2423 1212
2424 102
2425 441
2426 607
2427 810
2428 304
2429 696
2430 96
2431 378
2432 10
2433 812
2434 609
2435 732
2436 120
2437 1219
2438 324
2439 544
2440 93
2441 1221
2442 228
2443 700
2444 168
2445 492
2446 612
2447 1224
2448 36
2449 640
2450 144
2451 440
2452 307
2453 672
2454 410
2455 738
2456 154
2457 224
2458 615
2459 1230
2460 126
2461 648
2462 616
2463 822
2464 24
2465 405
2466 276
2467 1234
2468 309
2469 824
2470 210
2471 708
2472 104
2473 1237
2474 619
2475 216
2476 310
2477 1239
2478 240
2479 646
2480 48
2481 828
2482 333
2483 672
2484 96
2485 432
2486 342
2487 830
2488 156
2489 660
2490 252
2491 648
2492 180
2493 556
2494 330
2495 750
2496 14
2497 684
2498 625
2499 288
2500 81
2501 651
2502 280
2503 1252
2504 157
2505 504
2506 360
2507 660
2508 120
2509 679
2510 378
2511 256
2512 79
2513 720
2514 420
2515 756
2516 171
2517 840
2518 630
2519 690
2520 48
2521 1261
2522 343
2523 450
2524 316
2525 459
2526 422
2527 400
2528 40
2529 564
2530 216
2531 1266
2532 212
2533 675
2534 364
2535 294
2536 159
2537 660
2538 192
2539 1270
2540 192
2541 288
2542 336
2543 1272
2544 54
2545 765
2546 340
2547 568
2548 112
2549 1275
2550 162
2551 1276
2552 90
2553 456
2554 639
2555 444
2556 144
2557 1279
2558 640
2559 854
2560 3
2561 693
2562 248
2563 702
2564 321
2565 240
2566 642
2567 684
2568 108
2569 736
2570 387
2571 858
2572 322
2573 672
2574 168
2575 468
2576 48
2577 860
2578 645
2579 1290
2580 132
2581 675
2582 646
2583 336
2584 90
2585 432
2586 432
2587 700
2588 324
2589 864
2590 228
2591 1296
2592 16
2593 1297
2594 649
2595 522
2596 180
2597 432
2598 434
2599 684
2600 63
2601 324
2602 651
2603 690
2604 128
2605 783
2606 652
2607 480
2608 82
2609 1305
2610 180
2611 748
2612 327
2613 476
2614 654
2615 786
2616 110
2617 1309
2618 216
2619 392
2620 198
2621 1311
2622 240
2623 682
2624 21
2625 216
2626 357
2627 684
2628 148
2629 720
2630 396
2631 878
2632 96
2633 1317
2634 440
2635 432
2636 330
2637 588
2638 660
2639 420
2640 36
2641 700
2642 661
2643 882
2644 331
2645 432
2646 128
2647 1324
2648 166
2649 884
2650 243
2651 726
2652 126
2653 760
2654 664
2655 360
2656 42
2657 1329
2658 444
2659 1330
2660 120
2661 888
2662 216
2663 1332
2664 76
2665 441
2666 352
2667 512
2668 180
2669 711
2670 270
2671 1336
2672 84
2673 192
2674 384
2675 486
2676 224
2677 1339
2678 364
2679 480
2680 102
2681 768
2682 300
2683 1342
2684 186
2685 540
2686 360
2687 1344
2688 8
2689 1345
2690 405
2691 336
2692 337
2693 1347
2694 450
2695 288
2696 169
2697 480
2698 360
2699 1350
2700 72
2701 703
2702 388
2703 486
2704 49
2705 813
2706 252
2707 1354
2708 339
2709 352
2710 408
2711 1356
2712 114
2713 1357
2714 360
2715 546
2716 196
2717 420
2718 304
2719 1360
2720 27
2721 908
2722 681
2723 780
2724 228
2725 495
2726 360
2727 408
2728 96
2729 1365
2730 168
2731 1366
2732 342
2733 912
2734 684
2735 822
2736 40
2737 432
2738 361
2739 504
2740 207
2741 1371
2742 458
2743 742
2744 64
2745 372
2746 687
2747 714
2748 230
2749 1375
2750 162
2751 528
2752 22
2753 1377
2754 144
2755 450
2756 189
2757 920
2758 396
2759 720
2760 72
2761 756
2762 691
2763 616
2764 346
2765 480
2766 462
2767 1384
2768 87
2769 504
2770 417
2771 738
2772 96
2773 720
2774 370
2775 342
2776 174
2777 1389
2778 464
2779 796
2780 210
2781 416
2782 378
2783 432
2784 30
2785 837
2786 400
2787 930
2788 189
2789 1395
2790 192
2791 1396
2792 175
2793 320
2794 384
2795 462
2796 234
2797 1399
2798 700
2799 624
2800 36
2801 1401
2802 468
2803 1402
2804 351
2805 324
2806 372
2807 804
2808 56
2809 729
2810 423
2811 938
2812 190
2813 735
2814 272
2815 846
2816 6
2817 628
2818 705
2819 1410
2820 144
2821 448
2822 378
2823 942
2824 177
2825 513
2826 316
2827 774
2828 204
2829 504
2830 426
2831 750
2832 60
2833 1417
2834 385
2835 192
2836 355
2837 1419
2838 264
2839 756
2840 108
2841 948
2842 240
2843 1422
2844 160
2845 855
2846 712
2847 518
2848 45
2849 456
2850 180
2851 1426
2852 192
2853 636
2854 714
2855 858
2856 72
2857 1429
2858 715
2859 954
2860 126
2861 1431
2862 216
2863 820
2864 90
2865 576
2866 717
2867 744
2868 240
2869 760
2870 252
2871 360
2872 180
2873 441
2874 480
2875 324
2876 360
2877 552
2878 720
2879 1440
2880 12
2881 748
2882 396
2883 512
2884 208
2885 867
2886 266
2887 1444
2888 100
2889 432
2890 243
2891 480
2892 242
2893 792
2894 724
2895 582
2896 91
2897 1449
2898 192
2899 784
2900 135
2901 968
2902 726
2903 1452
2904 72
2905 504
2906 727
2907 360
2908 364
2909 1455
2910 294
2911 756
2912 28
2913 972
2914 384
2915 486
2916 64
2917 1459
2918 730
2919 560
2920 111
2921 768
2922 488
2923 760
2924 198
2925 252
2926 240
2927 1464
2928 62
2929 765
2930 441
2931 978
2932 367
2933 840
2934 328
2935 882
2936 184
2937 540
2938 399
2939 1470
2940 96
2941 783
2942 736
2943 440
2944 12
2945 480
2946 492
2947 844
2948 204
2949 984
2950 270
2951 798
2952 84
2953 1477
2954 424
2955 594
2956 370
2957 1479
2958 270
2959 810
2960 57
2961 384
2962 741
2963 1482
2964 140
2965 891
2966 742
2967 528
2968 108
2969 1485
2970 144
2971 1486
2972 372
2973 992
2974 744
2975 324
2976 32
2977 805
2978 745
2979 664
2980 225
2981 816
2982 288
2983 790
2984 187
2985 600
2986 747
2987 780
2988 168
2989 496
2990 252
2991 998
2992 54
2993 777
2994 500
2995 900
2996 216
2997 304
2998 750
2999 1500
3000 54
3001 1501
3002 400
3003 336
3004 376
3005 903
3006 336
3007 784
3008 24
3009 540
3010 264
3011 1506
3012 252
3013 792
3014 414
3015 408
3016 105
3017 864
3018 504
3019 1510
3020 228
3021 540
3022 756
3023 1512
3024 32
3025 324
3026 405
3027 1010
3028 379
3029 819
3030 306
3031 868
3032 190
3033 676
3034 399
3035 912
3036 144
3037 1519
3038 256
3039 1014
3040 30
3041 1521
3042 196
3043 810
3044 381
3045 360
3046 762
3047 834
3048 128
3049 1525
3050 279
3051 456
3052 220
3053 792
3054 510
3055 504
3056 96
3057 1020
3058 420
3059 480
3060 108
3061 1531
3062 766
3063 1022
3064 192
3065 921
3066 296
3067 1534
3068 210
3069 384
3070 462
3071 798
3072 2
3073 880
3074 405
3075 378
3076 385
3077 819
3078 160
3079 1540
3080 72
3081 560
3082 408
3083 1542
3084 258
3085 927
3086 772
3087 256
3088 97
3089 1545
3090 312
3091 846
3092 387
3093 1032
3094 252
3095 930
3096 88
3097 820
3098 775
3099 1034
3100 144
3101 888
3102 288
3103 810
3104 49
3105 288
3106 777
3107 840
3108 152
3109 1555
3110 468
3111 558
3112 195
3113 852
3114 348
3115 540
3116 210
3117 1040
3118 780
3119 1560
3120 42
3121 1561
3122 448
3123 696
3124 216
3125 243
3126 522
3127 810
3128 108
3129 600
3130 471
3131 816
3132 120
3133 847
3134 784
3135 360
3136 16
3137 1569
3138 524
3139 814
3140 237
3141 700
3142 786
3143 900
3144 132
3145 513
3146 252
3147 1050
3148 394
3149 816
3150 144
3151 828
3152 99
3153 1052
3154 420
3155 948
3156 264
3157 504
3158 790
3159 224
3160 120
3161 825
3162 288
3163 1582
3164 228
3165 636
3166 792
3167 1584
3168 24
3169 1585
3170 477
3171 608
3172 217
3173 840
3174 288
3175 576
3176 199
3177 708
3178 456
3179 486
3180 162
3181 1591
3182 418
3183 1062
3184 100
3185 336
3186 240
3187 1594
3188 399
3189 1064
3190 270
3191 1596
3192 80
3193 832
3194 799
3195 432
3196 216
3197 840
3198 294
3199 916
3200 9
3201 588
3202 801
3203 1602
3204 180
3205 963
3206 460
3207 1070
3208 201
3209 1605
3210 324
3211 490
3212 222
3213 288
3214 804
3215 966
3216 68
3217 1609
3218 805
3219 570
3220 144
3221 1611
3222 360
3223 882
3224 112
3225 396
3226 807
3227 924
3228 270
3229 1615
3230 270
3231 720
3232 51
3233 837
3234 192
3235 972
3236 405
3237 588
3238 810
3239 840
3240 48
3241 928
3242 811
3243 576
3244 406
3245 540
3246 542
3247 864
3248 60
3249 400
3250 189
3251 1626
3252 272
3253 1627
3254 814
3255 384
3256 114
3257 1629
3258 364
3259 1630
3260 246
3261 1088
3262 468
3263 882
3264 18
3265 981
3266 432
3267 288
3268 220
3269 936
3270 330
3271 1636
3272 205
3273 1092
3274 819
3275 594
3276 112
3277 855
3278 450
3279 1094
3280 63
3281 873
3282 548
3283 544
3284 411
3285 444
3286 432
3287 870
3288 138
3289 504
3290 288
3291 1098
3292 412
3293 855
3294 248
3295 990
3296 52
3297 632
3298 441
3299 1650
3300 108
3301 1651
3302 448
3303 736
3304 120
3305 993
3306 300
3307 1654
3308 414
3309 1104
3310 498
3311 528
3312 48
3313 1657
3314 829
3315 378
3316 415
3317 864
3318 320
3319 1660
3320 126
3321 336
3322 456
3323 1662
3324 278
3325 360
3326 832
3327 1110
3328 7
3329 1665
3330 228
3331 1666
3332 144
3333 612
3334 834
3335 540
3336 140
3337 864
3338 835
3339 432
3340 252
3341 903
3342 558
3343 1672
3344 60
3345 672
3346 480
3347 1674
3348 128
3349 891
3350 306
3351 1118
3352 210
3353 960
3354 308
3355 558
3356 420
3357 748
3358 444
3359 1680
3360 24
3361 1681
3362 441
3363 600
3364 225
3365 1011
3366 216
3367 532
3368 211
3369 1124
3370 507
3371 1686
3372 282
3373 1687
3374 484
3375 216
3376 106
3377 924
3378 564
3379 880
3380 147
3381 384
3382 450
3383 900
3384 96
3385 1017
3386 847
3387 1130
3388 144
3389 1695
3390 342
3391 1696
3392 27
3393 420
3394 849
3395 588
3396 284
3397 880
3398 850
3399 624
3400 81
3401 900
3402 128
3403 882
3404 228
3405 684
3406 462
3407 1704
3408 72
3409 976
3410 288
3411 760
3412 427
3413 1707
3414 570
3415 1026
3416 124
3417 612
3418 855
3419 924
3420 120
3421 936
3422 450
3423 656
3424 54
3425 621
3426 572
3427 900
3428 429
3429 512
3430 192
3431 888
3432 84
3433 1717
3434 459
3435 690
3436 430
3437 984
3438 384
3439 910
3440 66
3441 608
3442 861
3443 942
3444 168
3445 567
3446 862
3447 768
3448 216
3449 1725
3450 216
3451 540
3452 432
3453 1152
3454 474
3455 1038
3456 8
3457 1729
3458 280
3459 1154
3460 261
3461 1731
3462 578
3463 1732
3464 217
3465 288
3466 867
3467 1734
3468 162
3469 1735
3470 522
3471 630
3472 64
3473 912
3474 388
3475 630
3476 240
3477 620
3478 456
3479 576
3480 90
3481 900
3482 871
3483 352
3484 238
3485 567
3486 336
3487 954
3488 55
3489 1164
3490 525
3491 1746
3492 196
3493 1000
3494 874
3495 702
3496 120
3497 945
3498 324
3499 1750
3500 108
3501 780
3502 468
3503 912
3504 74
3505 1053
3506 877
3507 672
3508 439
3509 540
3510 168
3511 1756
3512 220
3513 1172
3514 504
3515 570
3516 294
3517 1759
3518 880
3519 432
3520 18
3521 1008
3522 588
3523 952
3524 441
3525 432
3526 462
3527 1764
3528 64
3529 1765
3530 531
3531 648
3532 442
3533 1767
3534 320
3535 612
3536 63
3537 528
3538 465
3539 1770
3540 180
3541 1771
3542 288
3543 1182
3544 222
3545 1065
3546 396
3547 1774
3548 444
3549 392
3550 324
3551 918
3552 38
3553 540
3554 889
3555 480
3556 256
3557 1779
3558 594
3559 1780
3560 135
3561 1188
3562 483
3563 1020
3564 96
3565 576
3566 892
3567 630
3568 112
3569 924
3570 216
3571 1786
3572 240
3573 796
3574 894
3575 378
3576 150
3577 592
3578 895
3579 1194
3580 270
3581 1791
3582 400
3583 1792
3584 4
3585 720
3586 492
3587 954
3588 168
3589 931
3590 540
3591 320
3592 225
3593 1797
3594 600
3595 1080
3596 240
3597 660
3598 516
3599 930
3600 36
3601 973
3602 901
3603 1202
3604 243
3605 624
3606 602
3607 1804
3608 126
3609 804
3610 300
3611 948
3612 176
3613 1807
3614 490
3615 726
3616 57
3617 1809
3618 272
3619 576
3620 273
3621 648
3622 906
3623 1812
3624 152
3625 405
3626 304
3627 448
3628 454
3629 960
3630 216
3631 1816
3632 114
3633 696
3634 480
3635 1092
3636 204
3637 1819
3638 486
3639 1214
3640 84
3641 996
3642 608
3643 1822
3644 456
3645 192
3646 912
3647 1044
3648 20
3649 945
3650 333
3651 1218
3652 252
3653 987
3654 240
3655 594
3656 229
3657 648
3658 480
3659 1830
3660 186
3661 1048
3662 916
3663 456
3664 115
3665 1101
3666 336
3667 970
3668 264
3669 1224
3670 552
3671 1836
3672 72
3673 1837
3674 504
3675 288
3676 460
3677 1839
3678 614
3679 994
3680 36
3681 820
3682 528
3683 960
3684 308
3685 612
3686 490
3687 1230
3688 231
3689 576
3690 252
3691 1846
3692 252
3693 1232
3694 924
3695 1110
3696 48
3697 1849
3698 484
3699 552
3700 171
3701 1851
3702 618
3703 576
3704 232
3705 420
3706 495
3707 1014
3708 208
3709 1855
3710 324
3711 1238
3712 15
3713 960
3714 620
3715 1116
3716 465
3717 480
3718 294
3719 1860
3720 96
3721 961
3722 931
3723 666
3724 160
3725 675
3726 192
3727 1864
3728 117
3729 684
3730 561
3731 588
3732 312
3733 1867
3734 934
3735 504
3736 234
3737 969
3738 360
3739 1870
3740 162
3741 660
3742 936
3743 990
3744 28
3745 648
3746 937
3747 1250
3748 469
3749 984
3750 162
3751 576
3752 136
3753 560
3754 939
3755 1128
3756 314
3757 567
3758 940
3759 720
3760 72
3761 1881
3762 240
3763 972
3764 471
3765 756
3766 540
3767 1884
3768 158
3769 1885
3770 315
3771 840
3772 252
3773 384
3774 342
3775 684
3776 30
3777 1260
3778 945
3779 1890
3780 96
3781 1000
3782 496
3783 686
3784 132
3785 1137
3786 632
3787 1084
3788 474
3789 844
3790 570
3791 1008
3792 80
3793 1897
3794 544
3795 432
3796 259
3797 1899
3798 424
3799 990
3800 90
3801 728
3802 951
3803 1902
3804 318
3805 1143
3806 522
3807 384
3808 36
3809 1029
3810 384
3811 988
3812 477
3813 672
3814 954
3815 660
3816 108
3817 1044
3818 504
3819 680
3820 288
3821 1911
3822 224
3823 1912
3824 120
3825 324
3826 957
3827 990
3828 180
3829 1096
3830 576
3831 1278
3832 240
3833 1917
3834 288
3835 630
3836 276
3837 1280
3838 510
3839 1050
3840 6
3841 1008
3842 513
3843 496
3844 256
3845 1155
3846 642
3847 1924
3848 133
3849 1284
3850 216
3851 1926
3852 216
3853 1927
3854 504
3855 774
3856 121
3857 600
3858 644
3859 1026
3860 291
3861 336
3862 966
3863 1932
3864 96
3865 1161
3866 967
3867 1290
3868 484
3869 999
3870 264
3871 640
3872 36
3873 1292
3874 525
3875 432
3876 180
3877 1939
3878 556
3879 864
3880 147
3881 1941
3882 648
3883 1062
3884 486
3885 456
3886 510
3887 588
3888 32
3889 1945
3890 585
3891 1298
3892 280
3893 1035
3894 360
3895 630
3896 244
3897 868
3898 975
3899 1116
3900 126
3901 1008
3902 976
3903 1302
3904 31
3905 648
3906 256
3907 1954
3908 489
3909 1304
3910 324
3911 1956
3912 164
3913 616
3914 520
3915 360
3916 270
3917 1959
3918 654
3919 1960
3920 48
3921 1308
3922 513
3923 1962
3924 220
3925 711
3926 532
3927 432
3928 246
3929 1965
3930 396
3931 1966
3932 492
3933 480
3934 564
3935 1182
3936 42
3937 1024
3938 540
3939 714
3940 297
3941 1128
3942 296
3943 1972
3944 135
3945 792
3946 987
3947 1974
3948 192
3949 1080
3950 360
3951 880
3952 70
3953 1020
3954 660
3955 684
3956 264
3957 1320
3958 990
3959 1026
3960 72
3961 1053
3962 568
3963 1322
3964 496
3965 651
3966 662
3967 1984
3968 16
3969 256
3970 597
3971 600
3972 332
3973 1035
3974 994
3975 486
3976 144
3977 1029
3978 252
3979 1044
3980 300
3981 1328
3982 546
3983 1140
3984 84
3985 1197
3986 997
3987 888
3988 499
3989 1995
3990 240
3991 1078
3992 250
3993 432
3994 999
3995 648
3996 152
3997 1144
3998 1000
3999 704
4000 27
4001 2001
4002 360
4003 2002
4004 168
4005 540
4006 1002
4007 2004
4008 168
4009 1060
4010 603
4011 768
4012 270
4013 2007
4014 448
4015 666
4016 126
4017 728
4018 336
4019 2010
4020 204
4021 2011
4022 1006
4023 600
4024 252
4025 432
4026 372
4027 2014
4028 270
4029 720
4030 336
4031 1050
4032 16
4033 1045
4034 1009
4035 810
4036 505
4037 1104
4038 674
4039 1156
4040 153
4041 900
4042 528
4043 1092
4044 338
4045 1215
4046 324
4047 720
4048 72
4049 2025
4050 144
4051 2026
4052 507
4053 776
4054 1014
4055 1218
4056 98
4057 2029
4058 1015
4059 504
4060 180
4061 1056
4062 678
4063 1080
4064 64
4065 816
4066 540
4067 672
4068 228
4069 1099
4070 342
4071 720
4072 255
4073 2037
4074 392
4075 738
4076 510
4077 608
4078 1020
4079 2040
4080 54
4081 648
4082 553
4083 1362
4084 511
4085 660
4086 456
4087 1054
4088 148
4089 720
4090 615
4091 2046
4092 192
4093 2047
4094 540
4095 336
4096 1
4097 1089
4098 684
4099 2050
4100 189
4101 1368
4102 588
4103 1122
4104 80
4105 1233
4106 1027
4107 722
4108 280
4109 1176
4110 414
4111 2056
4112 129
4113 916
4114 324
4115 1236
4116 128
4117 1080
4118 540
4119 1374
4120 156
4121 1113
4122 460
4123 640
4124 516
4125 324
4126 1032
4127 2064
4128 44
4129 2065
4130 360
4131 288
4132 517
4133 2067
4134 378
4135 1242
4136 144
4137 792
4138 1035
4139 2070
4140 144
4141 1071
4142 550
4143 1382
4144 76
4145 1245
4146 692
4147 630
4148 279
4149 924
4150 378
4151 1188
4152 174
4153 2077
4154 544
4155 834
4156 520
4157 2079
4158 192
4159 2080
4160 21
4161 740
4162 1041
4163 1092
4164 348
4165 432
4166 1042
4167 928
4168 261
4169 1140
4170 420
4171 1078
4172 300
4173 756
4174 1044
4175 756
4176 60
4177 2089
4178 1045
4179 800
4180 180
4181 1083
4182 378
4183 1080
4184 262
4185 384
4186 336
4187 1080
4188 350
4189 1080
4190 630
4191 768
4192 66
4193 1200
4194 468
4195 1260
4196 525
4197 1400
4198 1050
4199 630
4200 72
4201 2101
4202 576
4203 936
4204 526
4205 675
4206 702
4207 1204
4208 132
4209 744
4210 633
4211 2106
4212 112
4213 1152
4214 352
4215 846
4216 144
4217 2109
4218 380
4219 2110
4220 318
4221 544
4222 1056
4223 1092
4224 12
4225 441
4226 1057
4227 1410
4228 304
4229 2115
4230 288
4231 2116
4232 144
4233 756
4234 555
4235 432
4236 354
4237 1120
4238 574
4239 632
4240 81
4241 2121
4242 408
4243 2122
4244 531
4245 852
4246 582
4247 1104
4248 120
4249 1216
4250 243
4251 770
4252 532
4253 2127
4254 710
4255 684
4256 40
4257 528
4258 1065
4259 2130
4260 216
4261 2131
4262 1066
4263 480
4264 147
4265 1281
4266 320
4267 1134
4268 294
4269 1424
4270 372
4271 2136
4272 90
4273 2137
4274 1069
4275 360
4276 535
4277 672
4278 384
4279 1170
4280 162
4281 1428
4282 1071
4283 2142
4284 144
4285 1287
4286 1072
4287 1430
4288 34
4289 2145
4290 252
4291 1228
4292 285
4293 432
4294 570
4295 1290
4296 180
4297 2149
4298 616
4299 1434
4300 198
4301 648
4302 480
4303 1162
4304 135
4305 504
4306 1077
4307 1110
4308 360
4309 1120
4310 648
4311 960
4312 96
4313 1140
4314 720
4315 1296
4316 294
4317 1440
4318 576
4319 1236
4320 24
4321 1125
4322 1081
4323 792
4324 288
4325 783
4326 416
4327 2164
4328 271
4329 532
4330 651
4331 1116
4332 200
4333 1240
4334 594
4335 486
4336 136
4337 2169
4338 484
4339 2170
4340 192
4341 1448
4342 588
4343 1122
4344 182
4345 720
4346 567
4347 384
4348 544
4349 2175
4350 270
4351 1150
4352 9
4353 1452
4354 624
4355 714
4356 144
4357 2179
4358 1090
4359 1454
4360 165
4361 720
4362 728
4363 2182
4364 546
4365 588
4366 570
4367 1194
4368 56
4369 1161
4370 360
4371 768
4372 547
4373 2187
4374 128
4375 324
4376 274
4377 1460
4378 600
4379 1140
4380 222
4381 1183
4382 628
4383 976
4384 69
4385 1317
4386 396
4387 1134
4388 549
4389 480
4390 660
4391 2196
4392 124
4393 1152
4394 343
4395 882
4396 316
4397 2199
4398 734
4399 1134
4400 54
4401 656
4402 576
4403 684
4404 368
4405 1323
4406 1102
4407 798
4408 150
4409 2205
4410 192
4411 1206
4412 552
4413 1472
4414 1104
4415 1326
4416 24
4417 1264
4418 576
4419 984
4420 189
4421 2211
4422 408
4423 2212
4424 160
4425 540
4426 1107
4427 1170
4428 168
4429 1144
4430 666
4431 848
4432 139
4433 672
4434 740
4435 1332
4436 555
4437 540
4438 636
4439 1164
4440 114
4441 2221
4442 1111
4443 1482
4444 306
4445 768
4446 280
4447 2224
4448 70
4449 1484
4450 405
4451 2226
4452 216
4453 1147
4454 594
4455 288
4456 279
4457 2229
4458 744
4459 448
4460 336
4461 1488
4462 588
4463 2232
4464 64
4465 720
4466 360
4467 1490
4468 559
4469 1155
4470 450
4471 1188
4472 154
4473 576
4474 1119
4475 810
4476 374
4477 684
4478 1120
4479 1494
4480 12
4481 2241
4482 336
4483 2242
4484 300
4485 504
4486 1122
4487 1284
4488 108
4489 1156
4490 675
4491 1000
4492 562
4493 2247
4494 432
4495 720
4496 141
4497 1500
4498 609
4499 1230
4500 108
4501 1288
4502 1126
4503 800
4504 282
4505 729
4506 752
4507 2254
4508 192
4509 672
4510 378
4511 1218
4512 48
4513 2257
4514 589
4515 528
4516 565
4517 2259
4518 504
4519 2260
4520 171
4521 828
4522 360
4523 2262
4524 210
4525 819
4526 592
4527 1008
4528 142
4529 1296
4530 456
4531 1188
4532 312
4533 1512
4534 1134
4535 1362
4536 64
4537 1225
4538 1135
4539 810
4540 342
4541 1200
4542 758
4543 720
4544 36
4545 612
4546 1137
4547 2274
4548 380
4549 2275
4550 252
4551 798
4552 285
4553 1185
4554 288
4555 1368
4556 306
4557 512
4558 594
4559 1176
4560 60
4561 2281
4562 1141
4563 392
4564 328
4565 756
4566 762
4567 2284
4568 286
4569 1524
4570 687
4571 1308
4572 256
4573 1215
4574 1144
4575 558
4576 42
4577 1200
4578 440
4579 1210
4580 345
4581 1020
4582 600
4583 2292
4584 192
4585 792
4586 1147
4587 840
4588 304
4589 1239
4590 216
4591 2296
4592 84
4593 1532
4594 1149
4595 1380
4596 384
4597 2299
4598 360
4599 592
4600 108
4601 1188
4602 420
4603 2302
4604 576
4605 924
4606 384
4607 1224
4608 4
4609 1260
4610 693
4611 810
4612 577
4613 1320
4614 770
4615 756
4616 289
4617 320
4618 1155
4619 1200
4620 144
4621 2311
4622 1156
4623 816
4624 81
4625 513
4626 516
4627 1324
4628 315
4629 1544
4630 696
4631 1266
4632 194
4633 1197
4634 664
4635 624
4636 310
4637 2319
4638 774
4639 2320
4640 45
4641 504
4642 636
4643 2322
4644 176
4645 1395
4646 612
4647 1550
4648 168
4649 2325
4650 288
4651 2326
4652 582
4653 576
4654 630
4655 480
4656 98
4657 2329
4658 621
4659 1554
4660 351
4661 1200
4662 304
4663 2332
4664 162
4665 936
4666 1167
4667 1260
4668 390
4669 720
4670 702
4671 696
4672 37
4673 2337
4674 420
4675 486
4676 336
4677 1560
4678 1170
4679 2340
4680 84
4681 1216
4682 1171
4683 896
4684 586
4685 1407
4686 432
4687 1210
4688 147
4689 1044
4690 408
4691 2346
4692 216
4693 700
4694 1174
4695 942
4696 294
4697 744
4698 240
4699 1216
4700 216
4701 1568
4702 1176
4703 2352
4704 32
4705 1413
4706 637
4707 1048
4708 324
4709 1251
4710 474
4711 1348
4712 160
4713 1572
4714 1179
4715 756
4716 264
4717 1215
4718 676
4719 504
4720 90
4721 2361
4722 788
4723 2362
4724 591
4725 288
4726 630
4727 1230
4728 198
4729 2365
4730 396
4731 840
4732 196
4733 2367
4734 528
4735 1422
4736 19
4737 1580
4738 624
4739 1356
4740 240
4741 1296
4742 1186
4743 576
4744 297
4745 777
4746 456
4747 1224
4748 594
4749 1584
4750 270
4751 2376
4752 48
4753 784
4754 1189
4755 954
4756 315
4757 1224
4758 434
4759 2380
4760 108
4761 576
4762 1191
4763 1302
4764 398
4765 1431
4766 1192
4767 912
4768 75
4769 1260
4770 324
4771 1288
4772 597
4773 836
4774 384
4775 864
4776 200
4777 1269
4778 1195
4779 480
4780 360
4781 1368
4782 798
4783 2392
4784 84
4785 540
4786 1197
4787 2394
4788 160
4789 2395
4790 720
4791 1598
4792 300
4793 2397
4794 432
4795 828
4796 330
4797 588
4798 1200
4799 2400
4800 18
4801 2401
4802 256
4803 1602
4804 601
4805 768
4806 360
4807 720
4808 301
4809 920
4810 399
4811 1278
4812 402
4813 2407
4814 630
4815 648
4816 88
4817 2409
4818 444
4819 1240
4820 363
4821 1608
4822 1206
4823 756
4824 136
4825 873
4826 640
4827 1610
4828 324
4829 1320
4830 288
4831 2416
4832 76
4833 720
4834 1209
4835 1452
4836 224
4837 1384
4838 630
4839 1614
4840 108
4841 1248
4842 540
4843 1260
4844 348
4845 540
4846 1212
4847 1254
4848 102
4849 1309
4850 441
4851 384
4852 607
4853 1272
4854 810
4855 1458
4856 304
4857 1620
4858 696
4859 1254
4860 96
4861 2431
4862 378
4863 1622
4864 10
4865 840
4866 812
4867 1264
4868 609
4869 1084
4870 732
4871 2436
4872 120
4873 1332
4874 1219
4875 378
4876 324
4877 2439
4878 544
4879 756
4880 93
4881 1628
4882 1221
4883 1290
4884 228
4885 1467
4886 700
4887 728
4888 168
4889 2445
4890 492
4891 1258
4892 612
4893 936
4894 1224
4895 810
4896 36
4897 1260
4898 640
4899 864
4900 144
4901 735
4902 440
4903 2452
4904 307
4905 660
4906 672
4907 1404
4908 410
4909 2455
4910 738
4911 1638
4912 154
4913 729
4914 224
4915 1476
4916 615
4917 900
4918 1230
4919 2460
4920 126
4921 760
4922 648
4923 1096
4924 616
4925 891
4926 822
4927 1330
4928 24
4929 864
4930 405
4931 2466
4932 276
4933 2467
4934 1234
4935 576
4936 309
4937 2469
4938 824
4939 1350
4940 210
4941 496
4942 708
4943 2472
4944 104
4945 792
4946 1237
4947 882
4948 619
4949 816
4950 216
4951 2476
4952 310
4953 896
4954 1239
4955 1488
4956 240
4957 2479
4958 646
4959 600
4960 48
4961 756
4962 828
4963 1420
4964 333
4965 996
4966 672
4967 2484
4968 96
4969 2485
4970 432
4971 1658
4972 342
4973 2487
4974 830
4975 900
4976 156
4977 640
4978 660
4979 1344
4980 252
4981 1323
4982 648
4983 912
4984 180
4985 1497
4986 556
4987 2494
4988 330
4989 1664
4990 750
4991 768
4992 14
4993 2497
4994 684
4995 456
4996 625
4997 1320
4998 288
4999 2500
5000 81
5001 1668
5002 651
5003 2502
5004 280
5005 504
5006 1252
5007 1670
5008 157
5009 2505
5010 504
5011 2506
5012 360
5013 1116
5014 660
5015 810
5016 120
5017 1305
5018 679
5019 960
5020 378
5021 2511
5022 256
5023 2512
5024 79
5025 612
5026 720
5027 1374
5028 420
5029 1296
5030 756
5031 616
5032 171
5033 1440
5034 840
5035 810
5036 630
5037 888
5038 690
5039 2520
5040 48
5041 1296
5042 1261
5043 882
5044 343
5045 1515
5046 450
5047 832
5048 316
5049 432
5050 459
5051 2526
5052 422
5053 1312
5054 400
5055 1014
5056 40
5057 1365
5058 564
5059 2530
5060 216
5061 968
5062 1266
5063 1302
5064 212
5065 1521
5066 675
5067 1128
5068 364
5069 1311
5070 294
5071 1386
5072 159
5073 900
5074 660
5075 540
5076 192
5077 2539
5078 1270
5079 1694
5080 192
5081 2541
5082 288
5083 756
5084 336
5085 684
5086 1272
5087 2544
5088 54
5089 1456
5090 765
5091 1698
5092 340
5093 1392
5094 568
5095 1530
5096 112
5097 1700
5098 1275
5099 2550
5100 162
5101 2551
5102 1276
5103 256
5104 90
5105 1533
5106 456
5107 2554
5108 639
5109 924
5110 444
5111 1350
5112 144
5113 2557
5114 1279
5115 576
5116 640
5117 792
5118 854
5119 2560
5120 3
5121 1140
5122 693
5123 1320
5124 248
5125 567
5126 702
5127 1710
5128 321
5129 1344
5130 240
5131 1468
5132 642
5133 900
5134 684
5135 840
5136 108
5137 1404
5138 736
5139 1144
5140 387
5141 1323
5142 858
5143 1330
5144 322
5145 384
5146 672
5147 2574
5148 168
5149 1360
5150 468
5151 918
5152 48
5153 2577
5154 860
5155 1548
5156 645
5157 768
5158 1290
5159 816
5160 132
5161 1393
5162 675
5163 1722
5164 646
5165 1551
5166 336
5167 2584
5168 90
5169 1724
5170 432
5171 2586
5172 432
5173 1480
5174 700
5175 432
5176 324
5177 1344
5178 864
5179 2590
5180 228
5181 948
5182 1296
5183 1332
5184 16
5185 837
5186 1297
5187 560
5188 649
5189 2595
5190 522
5191 1350
5192 180
5193 1156
5194 432
5195 1560
5196 434
5197 2599
5198 684
5199 1734
5200 63
5201 1488
5202 324
5203 792
5204 651
5205 1044
5206 690
5207 1344
5208 128
5209 2605
5210 783
5211 776
5212 652
5213 1407
5214 480
5215 900
5216 82
5217 912
5218 1305
5219 1386
5220 180
5221 1368
5222 748
5223 1742
5224 327
5225 540
5226 476
5227 2614
5228 654
5229 672
5230 786
5231 2616
5232 110
5233 2617
5234 1309
5235 1050
5236 216
5237 2619
5238 392
5239 784
5240 198
5241 1748
5242 1311
5243 864
5244 240
5245 1575
5246 682
5247 648
5248 21
5249 1365
5250 216
5251 1350
5252 357
5253 936
5254 684
5255 1578
5256 148
5257 1504
5258 720
5259 1754
5260 396
5261 2631
5262 878
5263 1390
5264 96
5265 336
5266 1317
5267 1380
5268 440
5269 1440
5270 432
5271 1008
5272 330
5273 2637
5274 588
5275 954
5276 660
5277 1760
5278 420
5279 2640
5280 36
5281 2641
5282 700
5283 1176
5284 661
5285 912
5286 882
5287 1404
5288 331
5289 924
5290 432
5291 798
5292 128
5293 1360
5294 1324
5295 1062
5296 166
5297 2649
5298 884
5299 1516
5300 243
5301 640
5302 726
5303 2652
5304 126
5305 1593
5306 760
5307 930
5308 664
5309 2655
5310 360
5311 1368
5312 42
5313 576
5314 1329
5315 1596
5316 444
5317 1435
5318 1330
5319 792
5320 120
5321 1413
5322 888
5323 2662
5324 216
5325 648
5326 1332
5327 1524
5328 76
5329 1369
5330 441
5331 1778
5332 352
5333 2667
5334 512
5335 882
5336 180
5337 1188
5338 711
5339 1410
5340 270
5341 880
5342 1336
5343 966
5344 84
5345 1605
5346 192
5347 2674
5348 384
5349 1784
5350 486
5351 2676
5352 224
5353 1377
5354 1339
5355 432
5356 364
5357 1464
5358 480
5359 1404
5360 102
5361 1788
5362 768
5363 1392
5364 300
5365 855
5366 1342
5367 1790
5368 186
5369 840
5370 540
5371 1386
5372 360
5373 800
5374 1344
5375 594
5376 8
5377 1420
5378 1345
5379 984
5380 405
5381 2691
5382 336
5383 1540
5384 337
5385 1080
5386 1347
5387 2694
5388 450
5389 1431
5390 288
5391 1200
5392 169
5393 2697
5394 480
5395 882
5396 360
5397 1032
5398 1350
5399 2700
5400 72
5401 1476
5402 703
5403 1802
5404 388
5405 864
5406 486
5407 2704
5408 49
5409 1204
5410 813
5411 1548
5412 252
5413 2707
5414 1354
5415 600
5416 339
5417 2709
5418 352
5419 2710
5420 408
5421 980
5422 1356
5423 810
5424 114
5425 576
5426 1357
5427 544
5428 360
5429 1395
5430 546
5431 2716
5432 196
5433 1812
5434 420
5435 1632
5436 304
5437 2719
5438 1360
5439 608
5440 27
5441 2721
5442 908
5443 2722
5444 681
5445 432
5446 780
5447 1470
5448 228
5449 2725
5450 495
5451 960
5452 360
5453 840
5454 408
5455 1638
5456 96
5457 972
5458 1365
5459 1404
5460 168
5461 1408
5462 1366
5463 1216
5464 342
5465 1641
5466 912
5467 864
5468 684
5469 1824
5470 822
5471 2736
5472 40
5473 1477
5474 432
5475 666
5476 361
5477 2739
5478 504
5479 2740
5480 207
5481 480
5482 1371
5483 2742
5484 458
5485 1647
5486 742
5487 960
5488 64
5489 1500
5490 372
5491 810
5492 687
5493 1832
5494 714
5495 948
5496 230
5497 1440
5498 1375
5499 672
5500 162
5501 2751
5502 528
5503 2752
5504 22
5505 1104
5506 1377
5507 2754
5508 144
5509 1576
5510 450
5511 1008
5512 189
5513 1425
5514 920
5515 1656
5516 396
5517 1228
5518 720
5519 2760
5520 72
5521 2761
5522 756
5523 1056
5524 691
5525 567
5526 616
5527 2764
5528 346
5529 980
5530 480
5531 2766
5532 462
5533 1512
5534 1384
5535 504
5536 87
5537 912
5538 504
5539 1440
5540 417
5541 1848
5542 738
5543 1452
5544 96
5545 1665
5546 720
5547 968
5548 370
5549 1440
5550 342
5551 868
5552 174
5553 1236
5554 1389
5555 918
5556 464
5557 2779
5558 796
5559 990
5560 210
5561 1428
5562 416
5563 2782
5564 378
5565 648
5566 432
5567 1470
5568 30
5569 2785
5570 837
5571 1240
5572 400
5573 2787
5574 930
5575 1008
5576 189
5577 588
5578 1395
5579 1596
5580 192
5581 2791
5582 1396
5583 1862
5584 175
5585 1677
5586 320
5587 1444
5588 384
5589 384
5590 462
5591 2796
5592 234
5593 864
5594 1399
5595 1122
5596 700
5597 1455
5598 624
5599 1530
5600 36
5601 1868
5602 1401
5603 1512
5604 468
5605 900
5606 1402
5607 720
5608 351
5609 1440
5610 324
5611 1456
5612 372
5613 1872
5614 804
5615 1686
5616 56
5617 1449
5618 729
5619 1874
5620 423
5621 888
5622 938
5623 2812
5624 190
5625 324
5626 735
5627 1494
5628 272
5629 1519
5630 846
5631 1878
5632 6
5633 1452
5634 628
5635 576
5636 705
5637 1880
5638 1410
5639 2820
5640 144
5641 2821
5642 448
5643 480
5644 378
5645 1695
5646 942
5647 2824
5648 177
5649 1080
5650 513
5651 2826
5652 316
5653 2827
5654 774
5655 630
5656 204
5657 2829
5658 504
5659 2830
5660 426
5661 684
5662 750
5663 1620
5664 60
5665 936
5666 1417
5667 1890
5668 385
5669 2835
5670 192
5671 1458
5672 355
5673 992
5674 1419
5675 1026
5676 264
5677 1624
5678 756
5679 1264
5680 108
5681 840
5682 948
5683 2842
5684 240
5685 1140
5686 1422
5687 864
5688 160
5689 2845
5690 855
5691 1088
5692 712
5693 2847
5694 518
5695 918
5696 45
5697 848
5698 456
5699 1470
5700 180
5701 2851
5702 1426
5703 1902
5704 192
5705 984
5706 636
5707 1540
5708 714
5709 1044
5710 858
5711 2856
5712 72
5713 1485
5714 1429
5715 768
5716 715
5717 2859
5718 954
5719 880
5720 126
5721 1908
5722 1431
5723 1470
5724 216
5725 1035
5726 820
5727 1008
5728 90
5729 1521
5730 576
5731 1566
5732 717
5733 448
5734 744
5735 912
5736 240
5737 2869
5738 760
5739 1914
5740 252
5741 2871
5742 360
5743 2872
5744 180
5745 1152
5746 441
5747 1644
5748 480
5749 2875
5750 324
5751 576
5752 360
5753 1572
5754 552
5755 1728
5756 720
5757 1020
5758 1440
5759 1554
5760 12
5761 1648
5762 748
5763 1026
5764 396
5765 1731
5766 512
5767 1480
5768 208
5769 1284
5770 867
5771 1500
5772 266
5773 1512
5774 1444
5775 432
5776 100
5777 1485
5778 432
5779 2890
5780 243
5781 1008
5782 480
5783 2892
5784 242
5785 945
5786 792
5787 1288
5788 724
5789 1656
5790 582
5791 2896
5792 91
5793 1932
5794 1449
5795 930
5796 192
5797 864
5798 784
5799 1934
5800 135
5801 2901
5802 968
5803 1660
5804 726
5805 528
5806 1452
5807 2904
5808 72
5809 1501
5810 504
5811 1050
5812 727
5813 2907
5814 360
5815 1746
5816 364
5817 1112
5818 1455
5819 864
5820 294
5821 2911
5822 756
5823 1296
5824 28
5825 1053
5826 972
5827 2914
5828 384
5829 1020
5830 486
5831 576
5832 64
5833 1540
5834 1459
5835 1170
5836 730
5837 1575
5838 560
5839 2920
5840 111
5841 720
5842 768
5843 2922
5844 488
5845 1008
5846 760
5847 1950
5848 198
5849 2925
5850 252
5851 2926
5852 240
5853 1952
5854 1464
5855 1758
5856 62
5857 2929
5858 765
5859 512
5860 441
5861 2931
5862 978
5863 882
5864 367
5865 648
5866 840
5867 2934
5868 328
5869 2935
5870 882
5871 1040
5872 184
5873 1680
5874 540
5875 648
5876 399
5877 1308
5878 1470
5879 2940
5880 96
5881 2941
5882 783
5883 1026
5884 736
5885 972
5886 440
5887 900
5888 12
5889 1064
5890 480
5891 1518
5892 492
5893 1512
5894 844
5895 792
5896 204
5897 2949
5898 984
5899 1566
5900 270
5901 1128
5902 798
5903 2952
5904 84
5905 1773
5906 1477
5907 1080
5908 424
5909 1560
5910 594
5911 1548
5912 370
5913 592
5914 1479
5915 588
5916 270
5917 1519
5918 810
5919 1974
5920 57
5921 1536
5922 384
5923 2962
5924 741
5925 720
5926 1482
5927 2964
5928 140
5929 576
5930 891
5931 1320
5932 742
5933 1575
5934 528
5935 1782
5936 108
5937 1980
5938 1485
5939 2970
5940 144
5941 1603
5942 1486
5943 1136
5944 372
5945 945
5946 992
5947 1570
5948 744
5949 1324
5950 324
5951 1626
5952 32
5953 2977
5954 805
5955 1194
5956 745
5957 912
5958 664
5959 1530
5960 225
5961 1988
5962 816
5963 1530
5964 288
5965 1791
5966 790
5967 504
5968 187
5969 1536
5970 600
5971 1708
5972 747
5973 1092
5974 780
5975 1080
5976 168
5977 1540
5978 496
5979 1994
5980 252
5981 2991
5982 998
5983 1552
5984 54
5985 480
5986 777
5987 2994
5988 500
5989 1539
5990 900
5991 1998
5992 216
5993 1617
5994 304
5995 990
5996 750
5997 2000
5998 1500
5999 1716
6000 54
6001 1593
6002 1501
6003 720
6004 400
6005 1803
6006 336
6007 3004
6008 376
6009 2004
6010 903
6011 3006
6012 336
6013 1720
6014 784
6015 1206
6016 24
6017 1644
6018 540
6019 1624
6020 264
6021 896
6022 1506
6023 1590
6024 252
6025 1089
6026 792
6027 672
6028 414
6029 3015
6030 408
6031 1558
6032 105
6033 2012
6034 864
6035 972
6036 504
6037 3019
6038 1510
6039 744
6040 228
6041 1728
6042 540
6043 3022
6044 756
6045 672
6046 1512
6047 3024
6048 32
6049 1584
6050 324
6051 2018
6052 405
6053 3027
6054 1010
6055 1044
6056 379
6057 1348
6058 819
6059 1554
6060 306
6061 900
6062 868
6063 1056
6064 190
6065 1821
6066 676
6067 3034
6068 399
6069 648
6070 912
6071 1638
6072 144
6073 3037
6074 1519
6075 288
6076 256
6077 1560
6078 1014
6079 3040
6080 30
6081 2028
6082 1521
6083 960
6084 196
6085 1827
6086 810
6087 2030
6088 381
6089 3045
6090 360
6091 3046
6092 762
6093 1356
6094 834
6095 972
6096 128
6097 952
6098 1525
6099 1080
6100 279
6101 3051
6102 456
6103 1620
6104 220
6105 684
6106 792
6107 1584
6108 510
6109 1575
6110 504
6111 784
6112 96
6113 3057
6114 1020
6115 1836
6116 420
6117 2040
6118 480
6119 1590
6120 108
6121 3061
6122 1531
6123 1106
6124 766
6125 432
6126 1022
6127 1674
6128 192
6129 912
6130 921
6131 3066
6132 296
6133 3067
6134 1534
6135 1230
6136 210
6137 900
6138 384
6139 1756
6140 462
6141 1080
6142 798
6143 3072
6144 2
6145 1845
6146 880
6147 1368
6148 405
6149 924
6150 378
6151 3076
6152 385
6153 1176
6154 819
6155 1848
6156 160
6157 1584
6158 1540
6159 2054
6160 72
6161 1581
6162 560
6163 3082
6164 408
6165 828
6166 1542
6167 1764
6168 258
6169 1600
6170 927
6171 648
6172 772
6173 3087
6174 256
6175 630
6176 97
6177 1080
6178 1545
6179 1596
6180 312
6181 1768
6182 846
6183 920
6184 387
6185 1857
6186 1032
6187 1620
6188 252
6189 2064
6190 930
6191 1596
6192 88
6193 1692
6194 820
6195 720
6196 775
6197 3099
6198 1034
6199 3100
6200 144
6201 756
6202 888
6203 3102
6204 288
6205 999
6206 810
6207 2070
6208 49
6209 1776
6210 288
6211 3106
6212 777
6213 1100
6214 840
6215 1026
6216 152
6217 3109
6218 1555
6219 1384
6220 468
6221 3111
6222 558
6223 1024
6224 195
6225 756
6226 852
6227 1680
6228 348
6229 3115
6230 540
6231 1088
6232 210
6233 1632
6234 1040
6235 990
6236 780
6237 384
6238 1560
6239 1656
6240 42
6241 1600
6242 1561
6243 2082
6244 448
6245 1875
6246 696
6247 3124
6248 216
6249 2084
6250 243
6251 960
6252 522
6253 931
6254 810
6255 840
6256 108
6257 3129
6258 600
6259 1710
6260 471
6261 2088
6262 816
6263 3132
6264 120
6265 1080
6266 847
6267 2090
6268 784
6269 3135
6270 360
6271 3136
6272 16
6273 756
6274 1569
6275 1134
6276 524
6277 3139
6278 814
6279 672
6280 237
6281 1716
6282 700
6283 1612
6284 786
6285 1260
6286 900
6287 3144
6288 132
6289 1660
6290 513
6291 936
6292 252
6293 960
6294 1050
6295 1890
6296 394
6297 2100
6298 816
6299 3150
6300 144
6301 3151
6302 828
6303 1152
6304 99
6305 1029
6306 1052
6307 972
6308 420
6309 1404
6310 948
6311 3156
6312 264
6313 1620
6314 504
6315 1266
6316 790
6317 3159
6318 224
6319 1620
6320 120
6321 704
6322 825
6323 3162
6324 288
6325 648
6326 1582
6327 760
6328 228
6329 3165
6330 636
6331 1708
6332 792
6333 2112
6334 1584
6335 1092
6336 24
6337 3169
6338 1585
6339 2114
6340 477
6341 1683
6342 608
6343 3172
6344 217
6345 576
6346 840
6347 1734
6348 288
6349 1816
6350 576
6351 1110
6352 199
6353 3177
6354 708
6355 1008
6356 456
6357 1148
6358 486
6359 3180
6360 162
6361 3181
6362 1591
6363 816
6364 418
6365 1020
6366 1062
6367 3184
6368 100
6369 1164
6370 336
6371 1668
6372 240
6373 3187
6374 1594
6375 486
6376 399
6377 1824
6378 1064
6379 3190
6380 270
6381 1420
6382 1596
6383 1722
6384 80
6385 1917
6386 832
6387 2130
6388 799
6389 3195
6390 432
6391 1008
6392 216
6393 2132
6394 840
6395 1920
6396 294
6397 3199
6398 916
6399 640
6400 9
6401 1653
6402 588
6403 1690
6404 801
6405 744
6406 1602
6407 1650
6408 180
6409 945
6410 963
6411 2138
6412 460
6413 972
6414 1070
6415 1926
6416 201
6417 768
6418 1605
6419 1056
6420 324
6421 3211
6422 490
6423 2142
6424 222
6425 1161
6426 288
6427 3214
6428 804
6429 2144
6430 966
6431 1650
6432 68
6433 1840
6434 1609
6435 504
6436 805
6437 1659
6438 570
6439 1656
6440 144
6441 1140
6442 1611
6443 1710
6444 360
6445 1935
6446 882
6447 1232
6448 112
6449 3225
6450 396
6451 3226
6452 807
6453 960
6454 924
6455 1938
6456 270
6457 1764
6458 1615
6459 2154
6460 270
6461 1008
6462 720
6463 1692
6464 51
6465 1296
6466 837
6467 1680
6468 192
6469 3235
6470 972
6471 1440
6472 405
6473 3237
6474 588
6475 684
6476 810
6477 1152
6478 840
6479 960
6480 48
6481 3241
6482 928
6483 2162
6484 811
6485 1947
6486 576
6487 1750
6488 406
6489 832
6490 540
6491 3246
6492 542
6493 1672
6494 864
6495 1302
6496 60
6497 1665
6498 400
6499 1666
6500 189
6501 1188
6502 1626
6503 1860
6504 272
6505 1953
6506 1627
6507 968
6508 814
6509 1704
6510 384
6511 1728
6512 114
6513 1176
6514 1629
6515 1956
6516 364
6517 640
6518 1630
6519 1134
6520 246
6521 3261
6522 1088
6523 1782
6524 468
6525 540
6526 882
6527 1674
6528 18
6529 3265
6530 981
6531 1248
6532 432
6533 1680
6534 288
6535 1962
6536 220
6537 2180
6538 936
6539 1764
6540 330
6541 1696
6542 1636
6543 1456
6544 205
6545 648
6546 1092
6547 3274
6548 819
6549 1140
6550 594
6551 3276
6552 112
6553 3277
6554 855
6555 720
6556 450
6557 1680
6558 1094
6559 1876
6560 63
6561 256
6562 873
6563 3282
6564 548
6565 1071
6566 544
6567 1200
6568 411
6569 3285
6570 444
6571 3286
6572 432
6573 1256
6574 870
6575 1188
6576 138
6577 3289
6578 504
6579 792
6580 288
6581 3291
6582 1098
6583 1710
6584 412
6585 1320
6586 855
6587 1884
6588 248
6589 1800
6590 990
6591 686
6592 52
6593 1740
6594 632
6595 1980
6596 441
6597 1468
6598 1650
6599 3300
6600 108
6601 1008
6602 1651
6603 1152
6604 448
6605 1983
6606 736
6607 3304
6608 120
6609 2204
6610 993
6611 1806
6612 300
6613 1755
6614 1654
6615 384
6616 414
6617 1785
6618 1104
6619 3310
6620 498
6621 2208
6622 528
6623 1710
6624 48
6625 729
6626 1657
6627 1152
6628 829
6629 1896
6630 378
6631 1750
6632 415
6633 816
6634 864
6635 1992
6636 320
6637 3319
6638 1660
6639 2214
6640 126
6641 1725
6642 336
6643 1036
6644 456
6645 1332
6646 1662
6647 972
6648 278
6649 1705
6650 360
6651 1480
6652 832
6653 3327
6654 1110
6655 648
6656 7
6657 1272
6658 1665
6659 3330
6660 228
6661 3331
6662 1666
6663 2222
6664 144
6665 1056
6666 612
6667 1710
6668 834
6669 560
6670 540
6671 1908
6672 140
6673 3337
6674 864
6675 810
6676 835
6677 1824
6678 432
6679 3340
6680 252
6681 1188
6682 903
6683 1722
6684 558
6685 1152
6686 1672
6687 1488
6688 60
6689 3345
6690 672
6691 3346
6692 480
6693 1176
6694 1674
6695 1092
6696 128
6697 1729
6698 891
6699 720
6700 306
6701 3351
6702 1118
6703 3352
6704 210
6705 900
6706 960
6707 1770
6708 308
6709 3355
6710 558
6711 2238
6712 420
6713 1104
6714 748
6715 1080
6716 444
6717 2240
6718 1680
6719 3360
6720 24
6721 1008
6722 1681
6723 672
6724 441
6725 1215
6726 600
6727 1024
6728 225
6729 2244
6730 1011
6731 1728
6732 216
6733 3367
6734 532
6735 1350
6736 211
6737 3369
6738 1124
6739 1764
6740 507
6741 864
6742 1686
6743 1842
6744 282
6745 1080
6746 1687
6747 1218
6748 484
6749 1791
6750 216
6751 1738
6752 106
6753 2252
6754 924
6755 1164
6756 564
6757 1755
6758 880
6759 1504
6760 147
6761 3381
6762 384
6763 3382
6764 450
6765 756
6766 900
6767 1734
6768 96
6769 1936
6770 1017
6771 1178
6772 847
6773 1827
6774 1130
6775 1224
6776 144
6777 1008
6778 1695
6779 3390
6780 342
6781 3391
6782 1696
6783 720
6784 27
6785 1080
6786 420
6787 1854
6788 849
6789 1184
6790 588
6791 3396
6792 284
6793 3397
6794 880
6795 912
6796 850
6797 1944
6798 624
6799 1834
6800 81
6801 2268
6802 900
6803 3402
6804 128
6805 2043
6806 882
6807 2270
6808 228
6809 1860
6810 684
6811 1120
6812 462
6813 1516
6814 1704
6815 1080
6816 72
6817 1809
6818 976
6819 2274
6820 288
6821 1800
6822 760
6823 3412
6824 427
6825 504
6826 1707
6827 3414
6828 570
6829 3415
6830 1026
6831 576
6832 124
6833 3417
6834 612
6835 2052
6836 855
6837 1188
6838 924
6839 1956
6840 120
6841 3421
6842 936
6843 2282
6844 450
6845 1083
6846 656
6847 1764
6848 54
6849 1524
6850 621
6851 1008
6852 572
6853 1080
6854 900
6855 1374
6856 429
6857 3429
6858 512
6859 1000
6860 192
6861 2288
6862 888
6863 3432
6864 84
6865 2061
6866 1717
6867 880
6868 459
6869 3435
6870 690
6871 3436
6872 430
6873 1200
6874 984
6875 486
6876 384
6877 1008
6878 910
6879 2294
6880 66
6881 1968
6882 608
6883 3442
6884 861
6885 432
6886 942
6887 1764
6888 168
6889 1764
6890 567
6891 2298
6892 862
6893 1767
6894 768
6895 1188
6896 216
6897 720
6898 1725
6899 3450
6900 216
6901 1768
6902 540
6903 840
6904 432
6905 2073
6906 1152
6907 3454
6908 474
6909 768
6910 1038
6911 3456
6912 8
6913 1792
6914 1729
6915 1386
6916 280
6917 3459
6918 1154
6919 1026
6920 261
6921 1540
6922 1731
6923 1056
6924 578
6925 1251
6926 1732
6927 2310
6928 217
6929 1029
6930 288
6931 1800
6932 867
6933 2312
6934 1734
6935 1110
6936 162
6937 1984
6938 1735
6939 1032
6940 522
6941 1896
6942 630
6943 1782
6944 64
6945 1392
6946 912
6947 3474
6948 388
6949 3475
6950 630
6951 1328
6952 240
6953 1845
6954 620
6955 1134
6956 456
6957 1548
6958 576
6959 3480
6960 90
6961 3481
6962 900
6963 1272
6964 871
6965 1200
6966 352
6967 3484
6968 238
6969 1224
6970 567
6971 3486
6972 336
6973 1840
6974 954
6975 576
6976 55
6977 3489
6978 1164
6979 1996
6980 525
6981 1260
6982 1746
6983 3492
6984 196
6985 1152
6986 1000
6987 1242
6988 874
6989 1815
6990 702
6991 3496
6992 120
6993 608
6994 945
6995 2100
6996 324
6997 3499
6998 1750
6999 2334
7000 108
7001 3501
7002 780
7003 1800
7004 468
7005 1404
7006 912
7007 672
7008 74
7009 1804
7010 1053
7011 840
7012 877
7013 3507
7014 672
7015 1116
7016 439
7017 2340
7018 540
7019 3510
7020 168
7021 1080
7022 1756
7023 2342
7024 220
7025 1269
7026 1172
7027 3514
7028 504
7029 864
7030 570
7031 1800
7032 294
7033 1897
7034 1759
7035 816
7036 880
7037 1824
7038 432
7039 3520
7040 18
7041 2348
7042 1008
7043 3522
7044 588
7045 2115
7046 952
7047 480
7048 441
7049 1080
7050 432
7051 1926
7052 462
7053 2352
7054 1764
7055 1134
7056 64
7057 3529
7058 1765
7059 1274
7060 531
7061 1848
7062 648
7063 2020
7064 442
7065 948
7066 1767
7067 1824
7068 320
7069 3535
7070 612
7071 2358
7072 63
7073 1932
7074 528
7075 1278
7076 465
7077 1352
7078 1770
7079 3540
7080 180
7081 1813
7082 1771
7083 1576
7084 288
7085 1155
7086 1182
7087 1870
7088 222
7089 1260
7090 1065
7091 2028
7092 396
7093 1827
7094 1774
7095 792
7096 444
7097 1824
7098 392
7099 1840
7100 324
7101 1056
7102 918
7103 3552
7104 38
7105 720
7106 540
7107 1248
7108 889
7109 3555
7110 480
7111 1918
7112 256
7113 2372
7114 1779
7115 2136
7116 594
7117 1944
7118 1780
7119 912
7120 135
7121 3561
7122 1188
7123 1890
7124 483
7125 540
7126 1020
7127 3564
7128 96
7129 3565
7130 576
7131 2378
7132 892
7133 2040
7134 630
7135 2142
7136 112
7137 868
7138 924
7139 1080
7140 216
7141 1843
7142 1786
7143 2382
7144 240
7145 2145
7146 796
7147 2044
7148 894
7149 2384
7150 378
7151 3576
7152 150
7153 1872
7154 592
7155 648
7156 895
7157 1899
7158 1194
7159 3580
7160 270
7161 768
7162 1791
7163 1050
7164 400
7165 2151
7166 1792
7167 2390
7168 4
7169 1836
7170 720
7171 1836
7172 492
7173 1596
7174 954
7175 756
7176 168
7177 3589
7178 931
7179 2394
7180 540
7181 1848
7182 320
7183 1962
7184 225
7185 1440
7186 1797
7187 3594
7188 600
7189 1120
7190 1080
7191 864
7192 240
7193 3597
7194 660
7195 2160
7196 516
7197 2400
7198 930
7199 1884
7200 36
7201 1900
7202 973
7203 512
7204 901
7205 1188
7206 1202
7207 3604
7208 243
7209 720
7210 624
7211 3606
7212 602
7213 3607
7214 1804
7215 798
7216 126
7217 2064
7218 804
7219 3610
7220 300
7221 1260
7222 948
7223 1872
7224 176
7225 729
7226 1807
7227 888
7228 490
7229 3615
7230 726
7231 2068
7232 57
7233 2412
7234 1809
7235 2172
7236 272
7237 3619
7238 576
7239 1280
7240 273
7241 1953
7242 648
7243 3622
7244 906
7245 576
7246 1812
7247 3624
7248 152
7249 1980
7250 405
7251 2418
7252 304
7253 3627
7254 448
7255 2178
7256 454
7257 1260
7258 960
7259 1116
7260 216
7261 1863
7262 1816
7263 1080
7264 114
7265 2181
7266 696
7267 1078
7268 480
7269 2424
7270 1092
7271 1986
7272 204
7273 2080
7274 1819
7275 882
7276 486
7277 1920
7278 1214
7279 1890
7280 84
7281 1620
7282 996
7283 3642
7284 608
7285 1152
7286 1822
7287 1392
7288 456
7289 1881
7290 192
7291 1908
7292 912
7293 756
7294 1044
7295 2190
7296 20
7297 3649
7298 945
7299 1624
7300 333
7301 1200
7302 1218
7303 1870
7304 252
7305 1464
7306 987
7307 3654
7308 240
7309 3655
7310 594
7311 2438
7312 229
7313 1872
7314 648
7315 720
7316 480
7317 1088
7318 1830
7319 1974
7320 186
7321 3661
7322 1048
7323 2442
7324 916
7325 1323
7326 456
7327 1944
7328 115
7329 1400
7330 1101
7331 3666
7332 336
7333 3667
7334 970
7335 984
7336 264
7337 1080
7338 1224
7339 1890
7340 552
7341 2448
7342 1836
7343 2100
7344 72
7345 1197
7346 1837
7347 1280
7348 504
7349 3675
7350 288
7351 3676
7352 460
7353 880
7354 1839
7355 2208
7356 614
7357 2104
7358 994
7359 1344
7360 36
7361 1953
7362 820
7363 1900
7364 528
7365 1476
7366 960
7367 1890
7368 308
7369 3685
7370 612
7371 448
7372 490
7373 1887
7374 1230
7375 810
7376 231
7377 2460
7378 576
7379 1896
7380 252
7381 1116
7382 1846
7383 1296
7384 252
7385 1272
7386 1232
7387 1890
7388 924
7389 1644
7390 1110
7391 1950
7392 48
7393 3697
7394 1849
7395 810
7396 484
7397 1995
7398 552
7399 1216
7400 171
7401 2468
7402 1851
7403 2022
7404 618
7405 2223
7406 576
7407 1648
7408 232
7409 1920
7410 420
7411 3706
7412 495
7413 1416
7414 1014
7415 2226
7416 208
7417 3709
7418 1855
7419 2474
7420 324
7421 1911
7422 1238
7423 2002
7424 15
7425 432
7426 960
7427 2124
7428 620
7429 1080
7430 1116
7431 2478
7432 465
7433 3717
7434 480
7435 2232
7436 294
7437 1292
7438 1860
7439 1914
7440 96
7441 2128
7442 961
7443 1656
7444 931
7445 2235
7446 666
7447 2034
7448 160
7449 1344
7450 675
7451 3726
7452 192
7453 1935
7454 1864
7455 864
7456 117
7457 3729
7458 684
7459 3730
7460 561
7461 1660
7462 588
7463 1980
7464 312
7465 2241
7466 1867
7467 1320
7468 934
7469 1176
7470 504
7471 1936
7472 234
7473 1296
7474 969
7475 756
7476 360
7477 3739
7478 1870
7479 1112
7480 162
7481 3741
7482 660
7483 2140
7484 936
7485 1500
7486 990
7487 3744
7488 28
7489 3745
7490 648
7491 1368
7492 937
7493 1920
7494 1250
7495 2250
7496 469
7497 576
7498 984
7499 3750
7500 162
7501 2023
7502 576
7503 1302
7504 136
7505 1200
7506 560
7507 3754
7508 939
7509 2504
7510 1128
7511 1140
7512 314
7513 2052
7514 567
7515 1008
7516 940
7517 3759
7518 720
7519 1924
7520 72
7521 1320
7522 1881
7523 3762
7524 240
7525 792
7526 972
7527 1358
7528 471
7529 3765
7530 756
7531 1998
7532 540
7533 512
7534 1884
7535 1242
7536 158
7537 3769
7538 1885
7539 1440
7540 315
7541 3771
7542 840
7543 1990
7544 252
7545 1512
7546 384
7547 3774
7548 342
7549 3775
7550 684
7551 1680
7552 30
7553 1176
7554 1260
7555 2268
7556 945
7557 1380
7558 1890
7559 3780
7560 96
7561 3781
7562 1000
7563 2522
7564 496
7565 1215
7566 686
7567 1152
7568 132
7569 900
7570 1137
7571 1938
7572 632
7573 3787
7574 1084
7575 918
7576 474
7577 3789
7578 844
7579 1134
7580 570
7581 800
7582 1008
7583 3792
7584 80
7585 1197
7586 1897
7587 1128
7588 544
7589 3795
7590 432
7591 3796
7592 259
7593 2532
7594 1899
7595 768
7596 424
7597 1944
7598 990
7599 1350
7600 90
7601 2076
7602 728
7603 3802
7604 951
7605 588
7606 1902
7607 3804
7608 318
7609 2176
7610 1143
7611 1320
7612 522
7613 1992
7614 384
7615 2286
7616 36
7617 2540
7618 1029
7619 2010
7620 384
7621 3811
7622 988
7623 576
7624 477
7625 837
7626 672
7627 1980
7628 954
7629 2544
7630 660
7631 2058
7632 108
7633 2025
7634 1044
7635 1530
7636 504
7637 2184
7638 680
7639 3820
7640 288
7641 1136
7642 1911
7643 3822
7644 224
7645 1260
7646 1912
7647 2550
7648 120
7649 3825
7650 324
7651 2188
7652 957
7653 2552
7654 990
7655 2298
7656 180
7657 1120
7658 1096
7659 912
7660 576
7661 1968
7662 1278
7663 1960
7664 240
7665 888
7666 1917
7667 1134
7668 288
7669 3835
7670 630
7671 2558
7672 276
7673 3837
7674 1280
7675 1386
7676 510
7677 1708
7678 1050
7679 2196
7680 6
7681 3841
7682 1008
7683 1386
7684 513
7685 1215
7686 496
7687 3844
7688 256
7689 1404
7690 1155
7691 3846
7692 642
7693 1264
7694 1924
7695 480
7696 133
7697 1980
7698 1284
7699 3850
7700 216
7701 1368
7702 1926
7703 3852
7704 216
7705 1224
7706 1927
7707 1472
7708 504
7709 2079
7710 774
7711 2106
7712 121
7713 1716
7714 600
7715 2316
7716 644
7717 3859
7718 1026
7719 1344
7720 291
7721 2208
7722 336
7723 3862
7724 966
7725 936
7726 1932
7727 3864
7728 96
7729 1980
7730 1161
7731 1720
7732 967
7733 1140
7734 1290
7735 756
7736 484
7737 2580
7738 999
7739 1980
7740 264
7741 3871
7742 640
7743 1350
7744 36
7745 2325
7746 1292
7747 1984
7748 525
7749 672
7750 432
7751 2028
7752 180
7753 3877
7754 1939
7755 864
7756 556
7757 3879
7758 864
7759 3880
7760 147
7761 1400
7762 1941
7763 2220
7764 648
7765 2331
7766 1062
7767 1728
7768 486
7769 2061
7770 456
7771 2050
7772 510
7773 2592
7774 588
7775 1404
7776 32
7777 1224
7778 1945
7779 2594
7780 585
7781 2016
7782 1298
7783 2002
7784 280
7785 1044
7786 1035
7787 2100
7788 360
7789 3895
7790 630
7791 864
7792 244
7793 3897
7794 868
7795 2340
7796 975
7797 1368
7798 1116
7799 2130
7800 126
7801 2025
7802 1008
7803 648
7804 976
7805 1344
7806 1302
7807 2014
7808 31
7809 1380
7810 648
7811 1998
7812 256
7813 2107
7814 1954
7815 1566
7816 489
7817 3909
7818 1304
7819 2236
7820 324
7821 960
7822 1956
7823 3912
7824 164
7825 1413
7826 616
7827 2610
7828 520
7829 3915
7830 360
7831 2016
7832 270
7833 1496
7834 1959
7835 2352
7836 654
7837 2079
7838 1960
7839 952
7840 48
7841 3921
7842 1308
7843 1152
7844 513
7845 1572
7846 1962
7847 1200
7848 220
7849 2016
7850 711
7851 2618
7852 532
7853 3927
7854 432
7855 2358
7856 246
7857 784
7858 1965
7859 2040
7860 396
7861 2248
7862 1966
7863 2622
7864 492
7865 756
7866 480
7867 3934
7868 564
7869 1364
7870 1182
7871 2088
7872 42
7873 3937
7874 1024
7875 432
7876 540
7877 3939
7878 714
7879 3940
7880 297
7881 1368
7882 1128
7883 3942
7884 296
7885 1260
7886 1972
7887 1440
7888 135
7889 768
7890 792
7891 2128
7892 987
7893 1756
7894 1974
7895 2370
7896 192
7897 2025
7898 1080
7899 2634
7900 360
7901 3951
7902 880
7903 2260
7904 70
7905 864
7906 1020
7907 3954
7908 660
7909 2160
7910 684
7911 1176
7912 264
7913 2037
7914 1320
7915 2376
7916 990
7917 840
7918 1026
7919 3960
7920 72
7921 2025
7922 1053
7923 1400
7924 568
7925 1431
7926 1322
7927 3964
7928 496
7929 1764
7930 651
7931 1248
7932 662
7933 3967
7934 1984
7935 864
7936 16
7937 3969
7938 256
7939 2106
7940 597
7941 2648
7942 600
7943 1176
7944 332
7945 1368
7946 1035
7947 1768
7948 994
7949 3975
7950 486
7951 3976
7952 144
7953 1452
7954 1029
7955 1254
7956 252
7957 2035
7958 1044
7959 1520
7960 300
7961 2100
7962 1328
7963 3982
7964 546
7965 720
7966 1140
7967 2064
7968 84
7969 2149
7970 1197
7971 2658
7972 997
7973 1224
7974 888
7975 810
7976 499
7977 2660
7978 1995
7979 2040
7980 240
7981 2088
7982 1078
7983 1776
7984 250
7985 2397
7986 432
7987 1312
7988 999
7989 2664
7990 648
7991 2046
7992 152
7993 3997
7994 1144
7995 882
7996 1000
7997 2184
7998 704
7999 2110
8000 27
8001 1024
8002 2001
8003 2052
8004 360
8005 2403
8006 2002
8007 1422
8008 168
8009 4005
8010 540
8011 4006
8012 1002
8013 2672
8014 2004
8015 1380
8016 168
8017 4009
8018 1060
8019 384
8020 603
8021 2163
8022 768
8023 2052
8024 270
8025 972
8026 2007
8027 2100
8028 448
8029 1216
8030 666
8031 2678
8032 126
8033 2085
8034 728
8035 2412
8036 336
8037 960
8038 2010
8039 4020
8040 204
8041 1188
8042 2011
8043 1536
8044 1006
8045 2415
8046 600
8047 2170
8048 252
8049 2684
8050 432
8051 2058
8052 372
8053 4027
8054 2014
8055 1080
8056 270
8057 2304
8058 720
8059 4030
8060 336
8061 2688
8062 1050
8063 2202
8064 16
8065 2421
8066 1045
8067 2690
8068 1009
8069 4035
8070 810
8071 2308
8072 505
8073 672
8074 1104
8075 810
8076 674
8077 2079
8078 1156
8079 2694
8080 153
8081 4041
8082 900
8083 2070
8084 528
8085 576
8086 1092
8087 4044
8088 338
8089 4045
8090 1215
8091 960
8092 324
8093 4047
8094 720
8095 2430
8096 72
8097 2700
8098 2025
8099 1260
8100 144
8101 4051
8102 2026
8103 1406
8104 507
8105 2433
8106 776
8107 1224
8108 1014
8109 972
8110 1218
8111 4056
8112 98
8113 1240
8114 2029
8115 1626
8116 1015
8117 4059
8118 504
8119 2124
8120 180
8121 2708
8122 1056
8123 4062
8124 678
8125 567
8126 1080
8127 704
8128 64
8129 2220
8130 816
8131 2088
8132 540
8133 2712
8134 672
8135 2442
8136 228
8137 2080
8138 1099
8139 2714
8140 342
8141 2328
8142 720
8143 2160
8144 255
8145 1092
8146 2037
8147 4074
8148 392
8149 2115
8150 738
8151 840
8152 510
8153 2112
8154 608
8155 1404
8156 1020
8157 2720
8158 2040
8159 2100
8160 54
8161 4081
8162 648
8163 1816
8164 553
8165 1296
8166 1362
8167 4084
8168 511
8169 1560
8170 660
8171 4086
8172 456
8173 2232
8174 1054
8175 990
8176 148
8177 1197
8178 720
8179 4090
8180 615
8181 816
8182 2046
8183 1344
8184 192
8185 2457
8186 2047
8187 2730
8188 540
8189 2160
8190 336
8191 4096
8192 1
8193 2732
8194 1089
8195 1350
8196 684
8197 2344
8198 2050
8199 1824
8200 189
8201 2100
8202 1368
8203 2212
8204 588
8205 1644
8206 1122
8207 2130
8208 80
8209 4105
8210 1233
8211 864
8212 1027
8213 2112
8214 722
8215 1296
8216 280
8217 1008
8218 1176
8219 4110
8220 414
8221 4111
8222 2056
8223 2742
8224 129
8225 864
8226 916
8227 2170
8228 324
8229 1484
8230 1236
8231 4116
8232 128
8233 4117
8234 1080
8235 744
8236 540
8237 4119
8238 1374
8239 1296
8240 156
8241 1428
8242 1113
8243 4122
8244 460
8245 1323
8246 640
8247 2750
8248 516
8249 2109
8250 324
8251 2128
8252 1032
8253 1056
8254 2064
8255 1344
8256 44
8257 2160
8258 2065
8259 2754
8260 360
8261 2256
8262 288
8263 4132
8264 517
8265 900
8266 2067
8267 2364
8268 378
8269 4135
8270 1242
8271 1840
8272 144
8273 4137
8274 792
8275 1494
8276 1035
8277 1440
8278 2070
8279 2196
8280 144
8281 784
8282 1071
8283 1512
8284 550
8285 2487
8286 1382
8287 4144
8288 76
8289 1232
8290 1245
8291 4146
8292 692
8293 4147
8294 630
8295 960
8296 279
8297 4149
8298 924
8299 2134
8300 378
8301 2768
8302 1188
8303 1200
8304 174
8305 1368
8306 2077
8307 1008
8308 544
8309 2376
8310 834
8311 4156
8312 520
8313 1476
8314 2079
8315 2496
8316 192
8317 4159
8318 2080
8319 1440
8320 21
8321 2133
8322 740
8323 1260
8324 1041
8325 684
8326 1092
8327 2274
8328 348
8329 4165
8330 432
8331 2778
8332 1042
8333 2247
8334 928
8335 2502
8336 261
8337 1592
8338 1140
8339 2160
8340 420
8341 2200
8342 1078
8343 832
8344 300
8345 2505
8346 756
8347 2214
8348 1044
8349 864
8350 756
8351 2388
8352 60
8353 4177
8354 2089
8355 1674
8356 1045
8357 2139
8358 800
8359 2254
8360 180
8361 1860
8362 1083
8363 4182
8364 378
8365 1440
8366 1080
8367 2790
8368 262
8369 4185
8370 384
8371 2286
8372 336
8373 2792
8374 1080
8375 918
8376 350
8377 4189
8378 1080
8379 640
8380 630
8381 1215
8382 768
8383 2142
8384 66
8385 924
8386 1200
8387 4194
8388 468
8389 4195
8390 1260
8391 2798
8392 525
8393 1320
8394 1400
8395 1332
8396 1050
8397 1248
8398 630
8399 2166
8400 72
8401 2176
8402 2101
8403 2802
8404 576
8405 1323
8406 936
8407 2404
8408 526
8409 2804
8410 675
8411 2268
8412 702
8413 2160
8414 1204
8415 648
8416 132
8417 2220
8418 744
8419 4210
8420 633
8421 1608
8422 2106
8423 4212
8424 112
8425 1521
8426 1152
8427 1458
8428 352
8429 4215
8430 846
8431 4216
8432 144
8433 1876
8434 2109
8435 1452
8436 380
8437 1260
8438 2110
8439 1470
8440 318
8441 2208
8442 544
8443 4222
8444 1056
8445 1692
8446 1092
8447 4224
8448 12
8449 1296
8450 441
8451 1256
8452 1057
8453 2160
8454 1410
8455 1350
8456 304
8457 2820
8458 2115
8459 2310
8460 288
8461 4231
8462 2116
8463 896
8464 144
8465 2541
8466 756
8467 4234
8468 555
8469 1884
8470 432
8471 2178
8472 354
8473 2185
8474 1120
8475 1026
8476 574
8477 1392
8478 632
8479 2170
8480 81
8481 1548
8482 2121
8483 2250
8484 408
8485 2547
8486 2122
8487 1008
8488 531
8489 2289
8490 852
8491 2428
8492 582
8493 1500
8494 1104
8495 2550
8496 120
8497 2205
8498 1216
8499 2834
8500 243
8501 4251
8502 770
8503 2322
8504 532
8505 384
8506 2127
8507 2184
8508 710
8509 2176
8510 684
8511 2838
8512 40
8513 4257
8514 528
8515 1386
8516 1065
8517 1512
8518 2130
8519 2436
8520 216
8521 4261
8522 2131
8523 1896
8524 1066
8525 864
8526 480
8527 4264
8528 147
8529 2844
8530 1281
8531 2250
8532 320
8533 1296
8534 1134
8535 1710
8536 294
8537 4269
8538 1424
8539 4270
8540 372
8541 1036
8542 2136
8543 4272
8544 90
8545 2565
8546 2137
8547 912
8548 1069
8549 2184
8550 360
8551 2268
8552 535
8553 2852
8554 672
8555 1350
8556 384
8557 2200
8558 1170
8559 1272
8560 162
8561 2448
8562 1428
8563 4282
8564 1071
8565 1716
8566 2142
8567 2310
8568 144
8569 1260
8570 1287
8571 2858
8572 1072
8573 4287
8574 1430
8575 576
8576 34
8577 1908
8578 2145
8579 2244
8580 252
8581 4291
8582 1228
8583 2862
8584 285
8585 1377
8586 432
8587 2224
8588 570
8589 1640
8590 1290
8591 1296
8592 180
8593 2317
8594 2149
8595 1152
8596 616
8597 4299
8598 1434
8599 4300
8600 198
8601 1488
8602 648
8603 2460
8604 480
8605 2583
8606 1162
8607 1520
8608 135
8609 4305
8610 504
8611 2200
8612 1077
8613 720
8614 1110
8615 2586
8616 360
8617 2464
8618 1120
8619 882
8620 648
8621 2223
8622 960
8623 4312
8624 96
8625 648
8626 1140
8627 4314
8628 720
8629 4315
8630 1296
8631 1104
8632 294
8633 2205
8634 1440
8635 1422
8636 576
8637 2880
8638 1236
8639 2214
8640 24
8641 4321
8642 1125
8643 1496
8644 1081
8645 840
8646 792
8647 4324
8648 288
8649 1024
8650 783
8651 2226
8652 416
8653 2295
8654 2164
8655 1734
8656 271
8657 2364
8658 532
8659 2476
8660 651
8661 2888
8662 1116
8663 4332
8664 200
8665 2601
8666 1240
8667 864
8668 594
8669 4335
8670 486
8671 1260
8672 136
8673 960
8674 2169
8675 1566
8676 484
8677 4339
8678 2170
8679 1584
8680 192
8681 4341
8682 1448
8683 2290
8684 588
8685 1164
8686 1122
8687 1332
8688 182
8689 4345
8690 720
8691 2898
8692 567
8693 4347
8694 384
8695 1368
8696 544
8697 1568
8698 2175
8699 4350
8700 270
8701 1368
8702 1150
8703 1936
8704 9
8705 2613
8706 1452
8707 4354
8708 624
8709 2904
8710 714
8711 2256
8712 144
8713 4357
8714 2179
8715 1008
8716 1090
8717 2280
8718 1454
8719 4360
8720 165
8721 720
8722 720
8723 1302
8724 728
8725 1575
8726 2182
8727 2910
8728 546
8729 1320
8730 588
8731 4366
8732 570
8733 1512
8734 1194
8735 2622
8736 56
8737 4369
8738 1161
8739 1944
8740 360
8741 4371
8742 768
8743 2500
8744 547
8745 972
8746 2187
8747 4374
8748 128
8749 2359
8750 324
8751 2918
8752 274
8753 4377
8754 1460
8755 1404
8756 600
8757 1120
8758 1140
8759 2310
8760 222
8761 4381
8762 1183
8763 1536
8764 628
8765 2631
8766 976
8767 2394
8768 69
8769 1520
8770 1317
8771 1440
8772 396
8773 2272
8774 1134
8775 504
8776 549
8777 2244
8778 480
8779 4390
8780 660
8781 2928
8782 2196
8783 4392
8784 124
8785 1512
8786 1152
8787 1530
8788 343
8789 1296
8790 882
8791 2250
8792 316
8793 1956
8794 2199
8795 2640
8796 734
8797 2320
8798 1134
8799 1680
8800 54
8801 2373
8802 656
8803 4402
8804 576
8805 1764
8806 684
8807 4404
8808 368
8809 2304
8810 1323
8811 1080
8812 1102
8813 2520
8814 798
8815 1386
8816 150
8817 2940
8818 2205
8819 4410
8820 192
8821 4411
8822 1206
8823 1566
8824 552
8825 1593
8826 1472
8827 1372
8828 1104
8829 880
8830 1326
8831 4416
8832 24
8833 1332
8834 1264
8835 960
8836 576
8837 4419
8838 984
8839 4420
8840 189
8841 1688
8842 2211
8843 2280
8844 408
8845 1395
8846 2212
8847 1968
8848 160
8849 4425
8850 540
8851 2268
8852 1107
8853 1596
8854 1170
8855 864
8856 168
8857 2349
8858 1144
8859 2954
8860 666
8861 4431
8862 848
8863 4432
8864 139
8865 1188
8866 672
8867 4434
8868 740
8869 1456
8870 1332
8871 2958
8872 555
8873 2340
8874 540
8875 972
8876 636
8877 1620
8878 1164
8879 2394
8880 114
8881 2268
8882 2221
8883 768
8884 1111
8885 2667
8886 1482
8887 4444
8888 306
8889 2964
8890 768
8891 2358
8892 280
8893 4447
8894 2224
8895 1782
8896 70
8897 1344
8898 1484
8899 2430
8900 405
8901 1056
8902 2226
8903 2310
8904 216
8905 1449
8906 1147
8907 2970
8908 594
8909 2280
8910 288
8911 1360
8912 279
8913 2972
8914 2229
8915 2676
8916 744
8917 2299
8918 448
8919 1984
8920 336
8921 2436
8922 1488
8923 4462
8924 588
8925 648
8926 2232
8927 2280
8928 64
8929 4465
8930 720
8931 1610
8932 360
8933 4467
8934 1490
8935 2682
8936 559
8937 1328
8938 1155
8939 2556
8940 450
8941 4471
8942 1188
8943 1632
8944 154
8945 2685
8946 576
8947 2340
8948 1119
8949 1580
8950 810
8951 4476
8952 374
8953 2560
8954 684
8955 1200
8956 1120
8957 1323
8958 1494
8959 1296
8960 12
8961 1560
8962 2241
8963 4482
8964 336
8965 1476
8966 2242
8967 992
8968 300
8969 4485
8970 504
8971 4486
8972 1122
8973 1996
8974 1284
8975 1620
8976 108
8977 2304
8978 1156
8979 1554
8980 675
8981 2568
8982 1000
8983 2422
8984 562
8985 1800
8986 2247
8987 1320
8988 432
8989 2295
8990 720
8991 608
8992 141
8993 1296
8994 1500
8995 1548
8996 609
8997 3000
8998 1230
8999 4500
9000 108
9001 4501
9002 1288
9003 3002
9004 1126
9005 2703
9006 800
9007 4504
9008 282
9009 672
9010 729
9011 4506
9012 752
9013 4507
9014 2254
9015 1806
9016 192
9017 2304
9018 672
9019 2340
9020 378
9021 1568
9022 1218
9023 2580
9024 48
9025 900
9026 2257
9027 1080
9028 589
9029 4515
9030 528
9031 2466
9032 565
9033 3012
9034 2259
9035 1470
9036 504
9037 2584
9038 2260
9039 1584
9040 171
9041 4521
9042 828
9043 4522
9044 360
9045 816
9046 2262
9047 2310
9048 210
9049 4525
9050 819
9051 1728
9052 592
9053 2472
9054 1008
9055 2718
9056 142
9057 3020
9058 1296
9059 4530
9060 456
9061 1323
9062 1188
9063 1080
9064 312
9065 912
9066 1512
9067 4534
9068 1134
9069 3024
9070 1362
9071 2328
9072 64
9073 2332
9074 1225
9075 648
9076 1135
9077 2355
9078 810
9079 2596
9080 342
9081 2020
9082 1200
9083 2352
9084 758
9085 1440
9086 720
9087 1638
9088 36
9089 2325
9090 612
9091 4546
9092 1137
9093 1736
9094 2274
9095 1458
9096 380
9097 2484
9098 2275
9099 1352
9100 252
9101 2400
9102 798
9103 4552
9104 285
9105 1824
9106 1185
9107 2604
9108 288
9109 4555
9110 1368
9111 3038
9112 306
9113 2457
9114 512
9115 2736
9116 594
9117 2028
9118 1176
9119 2490
9120 60
9121 2608
9122 2281
9123 3042
9124 1141
9125 999
9126 392
9127 4564
9128 328
9129 1620
9130 756
9131 2388
9132 762
9133 4567
9134 2284
9135 720
9136 286
9137 4569
9138 1524
9139 1330
9140 687
9141 1668
9142 1308
9143 2352
9144 256
9145 1440
9146 1215
9147 3050
9148 1144
9149 2616
9150 558
9151 4576
9152 42
9153 912
9154 1200
9155 2748
9156 440
9157 4579
9158 1210
9159 1584
9160 345
9161 4581
9162 1020
9163 864
9164 600
9165 1008
9166 2292
9167 2340
9168 192
9169 2349
9170 792
9171 2040
9172 1147
9173 4587
9174 840
9175 1656
9176 304
9177 960
9178 1239
9179 2346
9180 216
9181 4591
9182 2296
9183 3062
9184 84
9185 1512
9186 1532
9187 4594
9188 1149
9189 2044
9190 1380
9191 1428
9192 384
9193 2385
9194 2299
9195 1842
9196 360
9197 2439
9198 592
9199 4600
9200 108
9201 3068
9202 1188
9203 4602
9204 420
9205 1584
9206 2302
9207 768
9208 576
9209 4605
9210 924
9211 2356
9212 384
9213 1596
9214 1224
9215 1470
9216 4
9217 2485
9218 1260
9219 1760
9220 693
9221 4611
9222 810
9223 2412
9224 577
9225 756
9226 1320
9227 4614
9228 770
9229 2520
9230 756
9231 1638
9232 289
9233 2640
9234 320
9235 2772
9236 1155
9237 3080
9238 1200
9239 4620
9240 144
9241 4621
9242 2311
9243 1120
9244 1156
9245 1452
9246 816
9247 2644
9248 81
9249 3084
9250 513
9251 1350
9252 516
9253 2440
9254 1324
9255 1854
9256 315
9257 4629
9258 1544
9259 2376
9260 696
9261 512
9262 1266
9263 2370
9264 194
9265 1485
9266 1197
9267 3090
9268 664
9269 1344
9270 624
9271 2368
9272 310
9273 1692
9274 2319
9275 972
9276 774
9277 4639
9278 2320
9279 2064
9280 45
9281 4641
9282 504
9283 4642
9284 636
9285 1860
9286 2322
9287 2394
9288 176
9289 2656
9290 1395
9291 1640
9292 612
9293 4647
9294 1550
9295 882
9296 168
9297 2068
9298 2325
9299 2466
9300 288
9301 2376
9302 2326
9303 1776
9304 582
9305 2793
9306 576
9307 2394
9308 630
9309 1620
9310 480
9311 4656
9312 98
9313 2380
9314 2329
9315 576
9316 621
9317 864
9318 1554
9319 4660
9320 351
9321 1680
9322 1200
9323 4662
9324 304
9325 1683
9326 2332
9327 3110
9328 162
9329 2460
9330 936
9331 1408
9332 1167
9333 1116
9334 1260
9335 2802
9336 390
9337 4669
9338 720
9339 1704
9340 702
9341 4671
9342 696
9343 4672
9344 37
9345 1080
9346 2337
9347 2520
9348 420
9349 4675
9350 486
9351 2080
9352 336
9353 2400
9354 1560
9355 2808
9356 1170
9357 3120
9358 2340
9359 1536
9360 84
9361 1368
9362 1216
9363 3122
9364 1171
9365 2811
9366 896
9367 1350
9368 586
9369 1392
9370 1407
9371 4686
9372 432
9373 1456
9374 1210
9375 486
9376 147
9377 4689
9378 1044
9379 2394
9380 408
9381 1620
9382 2346
9383 2562
9384 216
9385 2817
9386 700
9387 1200
9388 1174
9389 2415
9390 942
9391 4696
9392 294
9393 1632
9394 744
9395 2820
9396 240
9397 4699
9398 1216
9399 1694
9400 216
9401 1440
9402 1568
9403 4702
9404 1176
9405 720
9406 2352
9407 2460
9408 32
9409 2401
9410 1413
9411 3138
9412 637
9413 4707
9414 1048
9415 1620
9416 324
9417 1628
9418 1251
9419 4710
9420 474
9421 4711
9422 1348
9423 1400
9424 160
9425 945
9426 1572
9427 2574
9428 1179
9429 1800
9430 756
9431 4716
9432 264
9433 4717
9434 1215
9435 1026
9436 676
9437 4719
9438 504
9439 4720
9440 90
9441 2100
9442 2361
9443 1440
9444 788
9445 2835
9446 2362
9447 1632
9448 591
9449 2580
9450 288
9451 2548
9452 630
9453 1656
9454 1230
9455 1488
9456 198
9457 1552
9458 2365
9459 2104
9460 396
9461 4731
9462 840
9463 4732
9464 196
9465 1896
9466 2367
9467 4734
9468 528
9469 2511
9470 1422
9471 1008
9472 19
9473 4737
9474 1580
9475 1710
9476 624
9477 448
9478 1356
9479 4740
9480 240
9481 2500
9482 1296
9483 1650
9484 1186
9485 1632
9486 576
9487 2430
9488 297
9489 3164
9490 777
9491 4746
9492 456
9493 2592
9494 1224
9495 1272
9496 594
9497 4749
9498 1584
9499 1440
9500 270
9501 3168
9502 2376
9503 1386
9504 48
9505 2853
9506 784
9507 3170
9508 1189
9509 2451
9510 954
9511 4756
9512 315
9513 1216
9514 1224
9515 1566
9516 434
9517 2464
9518 2380
9519 1680
9520 108
9521 4761
9522 576
9523 2430
9524 1191
9525 1152
9526 1302
9527 2724
9528 398
9529 2569
9530 1431
9531 1416
9532 1192
9533 4767
9534 912
9535 2862
9536 75
9537 972
9538 1260
9539 4770
9540 324
9541 1440
9542 1288
9543 3182
9544 597
9545 1512
9546 836
9547 4774
9548 384
9549 2124
9550 864
9551 4776
9552 200
9553 2457
9554 1269
9555 672
9556 1195
9557 2520
9558 480
9559 1440
9560 360
9561 3188
9562 1368
9563 2442
9564 798
9565 2871
9566 2392
9567 2128
9568 84
9569 2736
9570 540
9571 2538
9572 1197
9573 3192
9574 2394
9575 1728
9576 160
9577 2449
9578 2395
9579 1664
9580 720
9581 1428
9582 1598
9583 1444
9584 300
9585 864
9586 2397
9587 4794
9588 432
9589 2464
9590 828
9591 1680
9592 330
9593 2457
9594 588
9595 1530
9596 1200
9597 1832
9598 2400
9599 2490
9600 18
9601 4801
9602 2401
9603 1176
9604 256
9605 1539
9606 1602
9607 2590
9608 601
9609 3204
9610 768
9611 2748
9612 360
9613 4807
9614 720
9615 1926
9616 301
9617 2460
9618 920
9619 4810
9620 399
9621 2140
9622 1278
9623 4812
9624 402
9625 648
9626 2407
9627 3210
9628 630
9629 4815
9630 648
9631 4816
9632 88
9633 980
9634 2409
9635 1512
9636 444
9637 2520
9638 1240
9639 576
9640 363
9641 2496
9642 1608
9643 4822
9644 1206
9645 1932
9646 756
9647 2634
9648 136
9649 4825
9650 873
9651 3218
9652 640
9653 1584
9654 1610
9655 2898
9656 324
9657 1140
9658 1320
9659 2604
9660 288
9661 4831
9662 2416
9663 3222
9664 76
9665 2901
9666 720
9667 2764
9668 1209
9669 1764
9670 1452
9671 2550
9672 224
9673 2565
9674 1384
9675 792
9676 630
9677 4839
9678 1614
9679 4840
9680 108
9681 1848
9682 1248
9683 2532
9684 540
9685 1575
9686 1260
9687 3230
9688 348
9689 4845
9690 540
9691 2646
9692 1212
9693 1440
9694 1254
9695 1668
9696 102
9697 4849
9698 1309
9699 1674
9700 441
9701 2475
9702 384
9703 2512
9704 607
9705 1944
9706 1272
9707 2574
9708 810
9709 1480
9710 1458
9711 1176
9712 304
9713 2652
9714 1620
9715 1530
9716 696
9717 1680
9718 1254
9719 4860
9720 96
9721 4861
9722 2431
9723 1856
9724 378
9725 1755
9726 1622
9727 2484
9728 10
9729 1152
9730 840
9731 2508
9732 812
9733 4867
9734 1264
9735 1080
9736 609
9737 1512
9738 1084
9739 4870
9740 732
9741 1728
9742 2436
9743 4872
9744 120
9745 2925
9746 1332
9747 800
9748 1219
9749 4875
9750 378
9751 1600
9752 324
9753 3252
9754 2439
9755 2928
9756 544
9757 2664
9758 756
9759 3254
9760 93
9761 2508
9762 1628
9763 2632
9764 1221
9765 768
9766 1290
9767 4884
9768 228
9769 4885
9770 1467
9771 3258
9772 700
9773 2535
9774 728
9775 972
9776 168
9777 3260
9778 2445
9779 1536
9780 492
9781 4891
9782 1258
9783 2176
9784 612
9785 1560
9786 936
9787 4894
9788 1224
9789 1764
9790 810
9791 4896
9792 36
9793 2800
9794 1260
9795 1962
9796 640
9797 2499
9798 864
9799 2520
9800 144
9801 576
9802 735
9803 4902
9804 440
9805 1539
9806 2452
9807 1872
9808 307
9809 2601
9810 660
9811 4906
9812 672
9813 3272
9814 1404
9815 1596
9816 410
9817 4909
9818 2455
9819 2184
9820 738
9821 1488
9822 1638
9823 1440
9824 154
9825 1188
9826 729
9827 2544
9828 224
9829 4915
9830 1476
9831 1710
9832 615
9833 4917
9834 900
9835 1692
9836 1230
9837 2188
9838 2460
9839 4920
9840 126
9841 2653
9842 760
9843 1746
9844 648
9845 1620
9846 1096
9847 2530
9848 616
9849 1088
9850 891
9851 4926
9852 822
9853 2520
9854 1330
9855 888
9856 24
9857 4929
9858 864
9859 4930
9860 405
9861 1740
9862 2466
9863 2820
9864 276
9865 2961
9866 2467
9867 1008
9868 1234
9869 2520
9870 576
9871 4936
9872 309
9873 2196
9874 2469
9875 1080
9876 824
9877 1512
9878 1350
9879 1710
9880 210
9881 2541
9882 496
9883 4942
9884 708
9885 1980
9886 2472
9887 4944
9888 104
9889 1440
9890 792
9891 1264
9892 1237
9893 2667
9894 882
9895 2970
9896 619
9897 3300
9898 816
9899 2610
9900 216
9901 4951
9902 2476
9903 3302
9904 310
9905 1704
9906 896
9907 4954
9908 1239
9909 1472
9910 1488
9911 1458
9912 240
9913 2592
9914 2479
9915 1986
9916 646
9917 2544
9918 600
9919 1540
9920 48
9921 3308
9922 756
9923 4962
9924 828
9925 1791
9926 1420
9927 2208
9928 333
9929 4965
9930 996
9931 4966
9932 672
9933 1056
9934 2484
9935 2982
9936 96
9937 2620
9938 2485
9939 3314
9940 432
9941 4971
9942 1658
9943 2542
9944 342
9945 756
9946 2487
9947 960
9948 830
9949 4975
9950 900
9951 1728
9952 156
9953 2565
9954 640
9955 1638
9956 660
9957 3320
9958 1344
9959 2604
9960 252
9961 2848
9962 1323
9963 672
9964 648
9965 2991
9966 912
9967 4984
9968 180
9969 3324
9970 1497
9971 1470
9972 556
9973 4987
9974 2494
9975 720
9976 330
9977 2724
9978 1664
9979 2646
9980 750
9981 2220
9982 768
9983 2550
9984 14
9985 2997
9986 2497
9987 3330
9988 684
9989 2856
9990 456
9991 2548
9992 625
9993 3332
9994 1320
9995 3000
9996 288
9997 2695
9998 2500
9999 1224
10000 81
