1 1
2 3
3 3
4 1
5 3
6 3
7 3
8 4
9 1
10 4
11 3
12 3
13 3
14 5
15 4
16 1
17 3
18 3
19 3
20 3
21 3
22 3
23 3
24 3
25 1
26 4
27 5
28 4
29 3
30 3
31 3
32 3
33 5
34 4
35 4
36 1
37 3
38 3
39 3
40 3
41 3
42 3
43 3
44 3
45 3
46 3
47 3
48 3
49 1
50 3
51 5
52 6
53 3
54 4
55 5
56 3
57 3
58 4
59 3
60 5
61 3
62 4
63 5
64 1
65 6
66 5
67 3
68 3
69 3
70 5
71 3
72 5
73 3
74 3
75 6
76 3
77 4
78 5
79 3
80 3
81 1
82 3
83 3
84 4
85 5
86 3
87 3
88 3
89 3
90 6
91 6
92 5
93 3
94 3
95 5
96 3
97 3
98 6
99 7
100 1
101 3
102 6
103 3
104 5
105 4
106 3
107 3
108 5
109 3
110 3
111 3
112 3
113 3
114 6
115 3
116 3
117 4
118 3
119 3
120 3
121 1
122 3
123 3
124 3
125 4
126 5
127 3
128 5
129 3
130 6
131 3
132 5
133 5
134 3
135 7
136 4
137 3
138 5
139 3
140 6
141 3
142 3
143 5
144 1
145 4
146 3
147 3
148 3
149 3
150 3
151 3
152 3
153 3
154 5
155 5
156 3
157 3
158 3
159 3
160 5
161 4
162 6
163 3
164 3
165 5
166 3
167 3
168 6
169 1
170 5
171 5
172 3
173 3
174 4
175 3
176 6
177 3
178 3
179 3
180 5
181 3
182 5
183 3
184 3
185 5
186 4
187 5
188 5
189 6
190 6
191 3
192 3
193 3
194 3
195 5
196 1
197 3
198 5
199 3
200 5
201 3
202 3
203 3
204 7
205 4
206 3
207 5
208 5
209 5
210 7
211 3
212 3
213 3
214 3
215 4
216 3
217 3
218 3
219 3
220 6
221 5
222 4
223 3
224 3
225 1
226 3
227 3
228 5
229 3
230 6
231 4
232 3
233 3
234 3
235 3
236 3
237 3
238 5
239 3
240 3
241 3
242 3
243 3
244 3
245 5
246 5
247 5
248 5
249 3
250 5
251 3
252 5
253 6
254 3
255 7
256 1
257 3
258 5
259 5
260 5
261 6
262 3
263 3
264 6
265 3
266 5
267 3
268 3
269 3
270 6
271 3
272 3
273 6
274 3
275 4
276 5
277 3
278 3
279 5
280 6
281 3
282 5
283 3
284 3
285 5
286 3
287 5
288 3
289 1
290 6
291 3
292 3
293 3
294 5
295 5
296 5
297 5
298 3
299 6
300 6
301 4
302 3
303 3
304 7
305 4
306 4
307 3
308 5
309 3
310 6
311 3
312 6
313 3
314 3
315 3
316 3
317 3
318 4
319 5
320 5
321 3
322 6
323 7
324 1
325 4
326 3
327 3
328 3
329 3
330 5
331 3
332 3
333 3
334 3
335 4
336 5
337 3
338 3
339 3
340 5
341 6
342 3
343 4
344 4
345 6
346 3
347 3
348 3
349 3
350 5
351 5
352 7
353 3
354 3
355 4
356 3
357 5
358 3
359 3
360 3
361 1
362 3
363 5
364 6
365 4
366 3
367 3
368 6
369 4
370 5
371 5
372 5
373 3
374 5
375 5
376 3
377 5
378 5
379 3
380 6
381 3
382 3
383 3
384 5
385 6
386 3
387 4
388 3
389 3
390 6
391 4
392 6
393 3
394 3
395 5
396 5
397 3
398 3
399 7
400 1
401 3
402 5
403 6
404 3
405 5
406 6
407 6
408 7
409 3
410 3
411 3
412 3
413 4
414 7
415 3
416 3
417 3
418 6
419 3
420 6
421 3
422 3
423 5
424 3
425 3
426 4
427 4
428 3
429 6
430 3
431 3
432 5
433 3
434 5
435 5
436 3
437 7
438 4
439 3
440 6
441 1
442 5
443 3
444 6
445 3
446 3
447 3
448 6
449 3
450 6
451 6
452 3
453 3
454 3
455 6
456 7
457 3
458 3
459 6
460 7
461 3
462 6
463 3
464 6
465 4
466 3
467 3
468 6
469 3
470 4
471 3
472 3
473 5
474 4
475 3
476 5
477 3
478 3
479 3
480 3
481 6
482 3
483 6
484 1
485 4
486 4
487 3
488 3
489 3
490 3
491 3
492 5
493 5
494 5
495 4
496 6
497 3
498 4
499 3
500 3
501 3
502 3
503 3
504 4
505 4
506 3
507 3
508 3
509 3
510 3
511 4
512 3
513 3
514 3
515 4
516 6
517 3
518 6
519 3
520 6
521 3
522 6
523 3
524 3
525 3
526 3
527 3
528 5
529 1
530 5
531 5
532 6
533 5
534 4
535 4
536 3
537 3
538 3
539 5
540 6
541 3
542 3
543 3
544 5
545 4
546 7
547 3
548 3
549 4
550 6
551 5
552 4
553 4
554 3
555 5
556 3
557 3
558 6
559 5
560 7
561 6
562 3
563 3
564 5
565 4
566 3
567 5
568 3
569 3
570 4
571 3
572 5
573 3
574 5
575 5
576 1
577 3
578 3
579 3
580 5
581 4
582 3
583 5
584 3
585 5
586 3
587 3
588 6
589 8
590 5
591 3
592 3
593 3
594 9
595 10
596 3
597 3
598 4
599 3
600 6
601 3
602 5
603 3
604 3
605 3
606 3
607 3
608 6
609 5
610 5
611 5
612 6
613 3
614 3
615 5
616 5
617 3
618 3
619 3
620 5
621 6
622 3
623 3
624 6
625 1
626 3
627 5
628 3
629 6
630 5
631 3
632 3
633 3
634 3
635 3
636 4
637 3
638 9
639 3
640 6
641 3
642 3
643 3
644 5
645 5
646 6
647 3
648 6
649 4
650 7
651 7
652 3
653 3
654 3
655 3
656 6
657 4
658 5
659 3
660 5
661 3
662 3
663 6
664 3
665 6
666 5
667 6
668 3
669 3
670 5
671 4
672 3
673 3
674 3
675 5
676 1
677 3
678 4
679 3
680 6
681 3
682 7
683 3
684 4
685 3
686 3
687 3
688 5
689 3
690 3
691 3
692 3
693 3
694 3
695 3
696 6
697 5
698 3
699 3
700 5
701 3
702 5
703 7
704 6
705 3
706 3
707 4
708 5
709 3
710 5
711 4
712 3
713 5
714 5
715 6
716 3
717 3
718 3
719 3
720 4
721 4
722 3
723 3
724 3
725 7
726 6
727 3
728 6
729 1
730 5
731 5
732 5
733 3
734 3
735 6
736 5
737 5
738 6
739 3
740 6
741 6
742 5
743 3
744 6
745 3
746 3
747 3
748 5
749 4
750 5
751 3
752 6
753 3
754 7
755 4
756 5
757 3
758 3
759 5
760 5
761 3
762 4
763 4
764 3
765 9
766 3
767 4
768 5
769 3
770 8
771 3
772 3
773 3
774 5
775 6
776 3
777 5
778 3
779 6
780 6
781 3
782 6
783 7
784 1
785 4
786 4
787 3
788 3
789 3
790 4
791 3
792 5
793 4
794 3
795 5
796 3
797 3
798 6
799 4
800 6
801 3
802 3
803 3
804 4
805 8
806 5
807 3
808 3
809 3
810 6
811 3
812 3
813 3
814 6
815 4
816 5
817 3
818 3
819 3
820 5
821 3
822 4
823 3
824 3
825 7
826 3
827 3
828 6
829 3
830 4
831 3
832 6
833 4
834 4
835 4
836 3
837 4
838 3
839 3
840 4
841 1
842 3
843 3
844 3
845 3
846 6
847 7
848 4
849 3
850 8
851 7
852 5
853 3
854 4
855 5
856 3
857 3
858 5
859 3
860 4
861 5
862 3
863 3
864 3
865 4
866 3
867 6
868 7
869 5
870 5
871 5
872 3
873 4
874 5
875 5
876 5
877 3
878 3
879 3
880 6
881 3
882 8
883 3
884 9
885 5
886 3
887 3
888 5
889 3
890 5
891 5
892 3
893 6
894 4
895 4
896 9
897 6
898 3
899 7
900 1
901 5
902 8
903 6
904 3
905 3
906 3
907 3
908 3
909 3
910 5
911 3
912 6
913 5
914 3
915 3
916 3
917 4
918 3
919 3
920 3
921 3
922 3
923 5
924 6
925 3
926 3
927 3
928 5
929 3
930 3
931 3
932 3
933 3
934 3
935 5
936 4
937 3
938 4
939 3
940 3
941 3
942 3
943 5
944 5
945 6
946 6
947 3
948 3
949 5
950 5
951 3
952 5
953 3
954 6
955 3
956 3
957 7
958 3
959 4
960 3
961 1
962 4
963 3
964 3
965 3
966 5
967 3
968 3
969 7
970 3
971 3
972 6
973 4
974 3
975 6
976 5
977 3
978 3
979 4
980 5
981 3
982 3
983 3
984 3
985 3
986 5
987 5
988 6
989 5
990 5
991 3
992 7
993 3
994 4
995 3
996 5
997 3
998 3
999 3
1000 5
1001 5
1002 3
1003 6
1004 3
1005 5
1006 3
1007 5
1008 3
1009 3
1010 5
1011 3
1012 5
1013 3
1014 6
1015 10
1016 3
1017 4
1018 3
1019 3
1020 5
1021 3
1022 5
1023 7
1024 1
1025 4
1026 5
1027 5
1028 3
1029 3
1030 4
1031 3
1032 6
1033 3
1034 6
1035 4
1036 7
1037 4
1038 3
1039 3
1040 7
1041 3
1042 3
1043 3
1044 5
1045 5
1046 3
1047 3
1048 3
1049 3
1050 5
1051 3
1052 3
1053 5
1054 5
1055 3
1056 3
1057 3
1058 3
1059 3
1060 5
1061 3
1062 5
1063 3
1064 7
1065 4
1066 5
1067 4
1068 5
1069 3
1070 4
1071 6
1072 3
1073 6
1074 4
1075 6
1076 3
1077 3
1078 5
1079 5
1080 5
1081 6
1082 3
1083 6
1084 3
1085 7
1086 4
1087 3
1088 7
1089 1
1090 5
1091 3
1092 5
1093 3
1094 3
1095 5
1096 3
1097 3
1098 6
1099 3
1100 8
1101 3
1102 7
1103 3
1104 6
1105 8
1106 5
1107 6
1108 3
1109 3
1110 7
1111 3
1112 3
1113 5
1114 3
1115 4
1116 5
1117 3
1118 5
1119 3
1120 3
1121 5
1122 6
1123 3
1124 3
1125 7
1126 3
1127 3
1128 6
1129 3
1130 5
1131 6
1132 3
1133 3
1134 5
1135 4
1136 5
1137 3
1138 3
1139 5
1140 7
1141 4
1142 3
1143 3
1144 6
1145 4
1146 4
1147 5
1148 6
1149 3
1150 7
1151 3
1152 7
1153 3
1154 3
1155 7
1156 1
1157 5
1158 4
1159 5
1160 4
1161 4
1162 5
1163 3
1164 4
1165 4
1166 6
1167 3
1168 5
1169 4
1170 6
1171 3
1172 3
1173 9
1174 3
1175 6
1176 3
1177 3
1178 5
1179 3
1180 4
1181 3
1182 4
1183 3
1184 6
1185 3
1186 3
1187 3
1188 5
1189 5
1190 6
1191 3
1192 3
1193 3
1194 4
1195 4
1196 6
1197 5
1198 3
1199 5
1200 5
1201 3
1202 3
1203 3
1204 5
1205 4
1206 4
1207 3
1208 3
1209 6
1210 6
1211 4
1212 4
1213 3
1214 3
1215 5
1216 6
1217 3
1218 5
1219 3
1220 5
1221 7
1222 3
1223 3
1224 5
1225 1
1226 3
1227 3
1228 3
1229 3
1230 8
1231 3
1232 5
1233 4
1234 3
1235 6
1236 4
1237 3
1238 3
1239 5
1240 5
1241 5
1242 5
1243 4
1244 3
1245 4
1246 5
1247 6
1248 7
1249 3
1250 3
1251 4
1252 3
1253 3
1254 5
1255 3
1256 3
1257 3
1258 6
1259 3
1260 5
1261 5
1262 3
1263 3
1264 4
1265 6
1266 4
1267 3
1268 3
1269 5
1270 4
1271 7
1272 5
1273 6
1274 5
1275 6
1276 5
1277 3
1278 5
1279 3
1280 6
1281 5
1282 3
1283 3
1284 4
1285 3
1286 3
1287 3
1288 5
1289 3
1290 5
1291 3
1292 5
1293 3
1294 3
1295 6
1296 1
1297 3
1298 6
1299 3
1300 7
1301 3
1302 5
1303 3
1304 3
1305 5
1306 3
1307 3
1308 3
1309 5
1310 4
1311 8
1312 4
1313 5
1314 3
1315 3
1316 7
1317 3
1318 3
1319 3
1320 6
1321 3
1322 3
1323 3
1324 3
1325 6
1326 5
1327 3
1328 3
1329 3
1330 5
1331 5
1332 3
1333 7
1334 6
1335 5
1336 3
1337 3
1338 3
1339 5
1340 5
1341 3
1342 5
1343 4
1344 4
1345 3
1346 3
1347 3
1348 3
1349 5
1350 5
1351 3
1352 6
1353 5
1354 3
1355 3
1356 3
1357 5
1358 5
1359 3
1360 5
1361 3
1362 3
1363 5
1364 3
1365 6
1366 3
1367 3
1368 6
1369 1
1370 4
1371 3
1372 3
1373 3
1374 3
1375 6
1376 5
1377 6
1378 6
1379 3
1380 8
1381 3
1382 3
1383 3
1384 3
1385 3
1386 7
1387 5
1388 3
1389 3
1390 4
1391 4
1392 6
1393 3
1394 8
1395 5
1396 3
1397 4
1398 3
1399 3
1400 5
1401 3
1402 3
1403 6
1404 5
1405 3
1406 6
1407 5
1408 8
1409 3
1410 6
1411 5
1412 3
1413 3
1414 4
1415 3
1416 4
1417 4
1418 3
1419 6
1420 5
1421 4
1422 5
1423 3
1424 5
1425 6
1426 5
1427 3
1428 6
1429 3
1430 6
1431 5
1432 3
1433 3
1434 3
1435 5
1436 3
1437 3
1438 3
1439 3
1440 3
1441 4
1442 4
1443 6
1444 1
1445 4
1446 3
1447 3
1448 3
1449 6
1450 7
1451 3
1452 6
1453 3
1454 3
1455 3
1456 8
1457 10
1458 3
1459 3
1460 6
1461 3
1462 7
