1 2
2 11
3 12
4 3
5 4
6 1
7 8
8 9
9 10
10 27
11 28
12 29
13 30
14 13
15 14
16 15
17 16
18 5
19 6
20 7
21 22
22 23
23 24
24 25
25 26
26 51
27 52
28 53
29 54
30 55
31 56
32 31
33 32
34 33
35 34
36 35
37 36
38 17
39 18
40 19
41 20
42 21
43 44
44 45
45 46
46 47
47 48
48 49
49 50
50 83
51 84
52 85
53 86
54 87
55 88
56 89
57 90
58 57
59 58
60 59
61 60
62 61
63 62
64 63
65 64
66 37
67 38
68 39
69 40
70 41
71 42
72 43
73 74
74 75
75 76
76 77
77 78
78 79
79 80
80 81
81 82
82 123
83 124
84 125
85 126
86 127
87 128
88 129
89 130
90 131
91 132
92 91
93 92
94 93
95 94
96 95
97 96
98 97
99 98
100 99
101 100
102 65
103 66
104 67
105 68
106 69
107 70
108 71
109 72
110 73
111 112
112 113
113 114
114 115
115 116
116 117
117 118
118 119
119 120
120 121
121 122
122 171
123 172
124 173
125 174
126 175
127 176
128 177
129 178
130 179
131 180
132 181
133 182
134 133
135 134
136 135
137 136
138 137
139 138
140 139
141 140
142 141
143 142
144 143
145 144
146 101
147 102
148 103
149 104
150 105
151 106
152 107
153 108
154 109
155 110
156 111
157 158
158 159
159 160
160 161
161 162
162 163
163 164
164 165
165 166
166 167
167 168
168 169
169 170
170 227
171 228
172 229
173 230
174 231
175 232
176 233
177 234
178 235
179 236
180 237
181 238
182 239
183 240
184 183
185 184
186 185
187 186
188 187
189 188
190 189
191 190
192 191
193 192
194 193
195 194
196 195
197 196
198 145
199 146
200 147
201 148
202 149
203 150
204 151
205 152
206 153
207 154
208 155
209 156
210 157
211 212
212 213
213 214
214 215
215 216
216 217
217 218
218 219
219 220
220 221
221 222
222 223
223 224
224 225
225 226
226 291
227 292
228 293
229 294
230 295
231 296
232 297
233 298
234 299
235 300
236 301
237 302
238 303
239 304
240 305
241 306
242 241
243 242
244 243
245 244
246 245
247 246
248 247
249 248
250 249
251 250
252 251
253 252
254 253
255 254
256 255
257 256
258 197
259 198
260 199
261 200
262 201
263 202
264 203
265 204
266 205
267 206
268 207
269 208
270 209
271 210
272 211
273 274
274 275
275 276
276 277
277 278
278 279
279 280
280 281
281 282
282 283
283 284
284 285
285 286
286 287
287 288
288 289
289 290
290 363
291 364
292 365
293 366
294 367
295 368
296 369
297 370
298 371
299 372
300 373
301 374
302 375
303 376
304 377
305 378
306 379
307 380
308 307
309 308
310 309
311 310
312 311
313 312
314 313
315 314
316 315
317 316
318 317
319 318
320 319
321 320
322 321
323 322
324 323
325 324
326 257
327 258
328 259
329 260
330 261
331 262
332 263
333 264
334 265
335 266
336 267
337 268
338 269
339 270
340 271
341 272
342 273
343 344
344 345
345 346
346 347
347 348
348 349
349 350
350 351
351 352
352 353
353 354
354 355
355 356
356 357
357 358
358 359
359 360
360 361
361 362
362 443
363 444
364 445
365 446
366 447
367 448
368 449
369 450
370 451
371 452
372 453
373 454
374 455
375 456
376 457
377 458
378 459
379 460
380 461
381 462
382 381
383 382
384 383
385 384
386 385
387 386
388 387
389 388
390 389
391 390
392 391
393 392
394 393
395 394
396 395
397 396
398 397
399 398
400 399
401 400
402 325
403 326
404 327
405 328
406 329
407 330
408 331
409 332
410 333
411 334
412 335
413 336
414 337
415 338
416 339
417 340
418 341
419 342
420 343
421 422
422 423
423 424
424 425
425 426
426 427
427 428
428 429
429 430
430 431
431 432
432 433
433 434
434 435
435 436
436 437
437 438
438 439
439 440
440 441
441 442
442 531
443 532
444 533
445 534
446 535
447 536
448 537
449 538
450 539
451 540
452 541
453 542
454 543
455 544
456 545
457 546
458 547
459 548
460 549
461 550
462 551
463 552
464 463
465 464
466 465
467 466
468 467
469 468
470 469
471 470
472 471
473 472
474 473
475 474
476 475
477 476
478 477
479 478
480 479
481 480
482 481
483 482
484 483
485 484
486 401
487 402
488 403
489 404
490 405
491 406
492 407
493 408
494 409
495 410
496 411
497 412
498 413
499 414
500 415
501 416
502 417
503 418
504 419
505 420
506 421
507 508
508 509
509 510
510 511
511 512
512 513
513 514
514 515
515 516
516 517
517 518
518 519
519 520
520 521
521 522
522 523
523 524
524 525
525 526
526 527
527 528
528 529
529 530
530 627
531 628
532 629
533 630
534 631
535 632
536 633
537 634
538 635
539 636
540 637
541 638
542 639
543 640
544 641
545 642
546 643
547 644
548 645
549 646
550 647
551 648
552 649
553 650
554 553
555 554
556 555
557 556
558 557
559 558
560 559
561 560
562 561
563 562
564 563
565 564
566 565
567 566
568 567
569 568
570 569
571 570
572 571
573 572
574 573
575 574
576 575
577 576
578 485
579 486
580 487
581 488
582 489
583 490
584 491
585 492
586 493
587 494
588 495
589 496
590 497
591 498
592 499
593 500
594 501
595 502
596 503
597 504
598 505
599 506
600 507
601 602
602 603
603 604
604 605
605 606
606 607
607 608
608 609
609 610
610 611
611 612
612 613
613 614
614 615
615 616
616 617
617 618
618 619
619 620
620 621
621 622
622 623
623 624
624 625
625 626
626 731
627 732
628 733
629 734
630 735
631 736
632 737
633 738
634 739
635 740
636 741
637 742
638 743
639 744
640 745
641 746
642 747
643 748
644 749
645 750
646 751
647 752
648 753
649 754
650 755
651 756
652 651
653 652
654 653
655 654
656 655
657 656
658 657
659 658
660 659
661 660
662 661
663 662
664 663
665 664
666 665
667 666
668 667
669 668
670 669
671 670
672 671
673 672
674 673
675 674
676 675
677 676
678 577
679 578
680 579
681 580
682 581
683 582
684 583
685 584
686 585
687 586
688 587
689 588
690 589
691 590
692 591
693 592
694 593
695 594
696 595
697 596
698 597
699 598
700 599
701 600
702 601
703 704
704 705
705 706
706 707
707 708
708 709
709 710
710 711
711 712
712 713
713 714
714 715
715 716
716 717
717 718
718 719
719 720
720 721
721 722
722 723
723 724
724 725
725 726
726 727
727 728
728 729
729 730
730 843
731 844
732 845
733 846
734 847
735 848
736 849
737 850
738 851
739 852
740 853
741 854
742 855
743 856
744 857
745 858
746 859
747 860
748 861
749 862
750 863
751 864
752 865
753 866
754 867
755 868
756 869
757 870
758 757
759 758
760 759
761 760
762 761
763 762
764 763
765 764
766 765
767 766
768 767
769 768
770 769
771 770
772 771
773 772
774 773
775 774
776 775
777 776
778 777
779 778
780 779
781 780
782 781
783 782
784 783
785 784
786 677
787 678
788 679
789 680
790 681
791 682
792 683
793 684
794 685
795 686
796 687
797 688
798 689
799 690
800 691
801 692
802 693
803 694
804 695
805 696
806 697
807 698
808 699
809 700
810 701
811 702
812 703
813 814
814 815
815 816
816 817
817 818
818 819
819 820
820 821
821 822
822 823
823 824
824 825
825 826
826 827
827 828
828 829
829 830
830 831
831 832
832 833
833 834
834 835
835 836
836 837
837 838
838 839
839 840
840 841
841 842
842 963
843 964
844 965
845 966
846 967
847 968
848 969
849 970
850 971
851 972
852 973
853 974
854 975
855 976
856 977
857 978
858 979
859 980
860 981
861 982
862 983
863 984
864 985
865 986
866 987
867 988
868 989
869 990
870 991
871 992
872 871
873 872
874 873
875 874
876 875
877 876
878 877
879 878
880 879
881 880
882 881
883 882
884 883
885 884
886 885
887 886
888 887
889 888
890 889
891 890
892 891
893 892
894 893
895 894
896 895
897 896
898 897
899 898
900 899
901 900
902 785
903 786
904 787
905 788
906 789
907 790
908 791
909 792
910 793
911 794
912 795
913 796
914 797
915 798
916 799
917 800
918 801
919 802
920 803
921 804
922 805
923 806
924 807
925 808
926 809
927 810
928 811
929 812
930 813
931 932
932 933
933 934
934 935
935 936
936 937
937 938
938 939
939 940
940 941
941 942
942 943
943 944
944 945
945 946
946 947
947 948
948 949
949 950
950 951
951 952
952 953
953 954
954 955
955 956
956 957
957 958
958 959
959 960
960 961
961 962
962 1091
963 1092
964 1093
965 1094
966 1095
967 1096
968 1097
969 1098
970 1099
971 1100
972 1101
973 1102
974 1103
975 1104
976 1105
977 1106
978 1107
979 1108
980 1109
981 1110
982 1111
983 1112
984 1113
985 1114
986 1115
987 1116
988 1117
989 1118
990 1119
991 1120
992 1121
993 1122
994 993
995 994
996 995
997 996
998 997
999 998
1000 999
1001 1000
1002 1001
1003 1002
1004 1003
1005 1004
1006 1005
1007 1006
1008 1007
1009 1008
1010 1009
1011 1010
1012 1011
1013 1012
1014 1013
1015 1014
1016 1015
1017 1016
1018 1017
1019 1018
1020 1019
1021 1020
1022 1021
1023 1022
1024 1023
1025 1024
1026 901
1027 902
1028 903
1029 904
1030 905
1031 906
1032 907
1033 908
1034 909
1035 910
1036 911
1037 912
1038 913
1039 914
1040 915
1041 916
1042 917
1043 918
1044 919
1045 920
1046 921
1047 922
1048 923
1049 924
1050 925
1051 926
1052 927
1053 928
1054 929
1055 930
1056 931
1057 1058
1058 1059
1059 1060
1060 1061
1061 1062
1062 1063
1063 1064
1064 1065
1065 1066
1066 1067
1067 1068
1068 1069
1069 1070
1070 1071
1071 1072
1072 1073
1073 1074
1074 1075
1075 1076
1076 1077
1077 1078
1078 1079
1079 1080
1080 1081
1081 1082
1082 1083
1083 1084
1084 1085
1085 1086
1086 1087
1087 1088
1088 1089
1089 1090
1090 1227
1091 1228
1092 1229
1093 1230
1094 1231
1095 1232
1096 1233
1097 1234
1098 1235
1099 1236
1100 1237
1101 1238
1102 1239
1103 1240
1104 1241
1105 1242
1106 1243
1107 1244
1108 1245
1109 1246
1110 1247
1111 1248
1112 1249
1113 1250
1114 1251
1115 1252
1116 1253
1117 1254
1118 1255
1119 1256
1120 1257
1121 1258
1122 1259
1123 1260
1124 1123
1125 1124
1126 1125
1127 1126
1128 1127
1129 1128
1130 1129
1131 1130
1132 1131
1133 1132
1134 1133
1135 1134
1136 1135
1137 1136
1138 1137
1139 1138
1140 1139
1141 1140
1142 1141
1143 1142
1144 1143
1145 1144
1146 1145
1147 1146
1148 1147
1149 1148
1150 1149
1151 1150
1152 1151
1153 1152
1154 1153
1155 1154
1156 1155
1157 1156
1158 1025
1159 1026
1160 1027
1161 1028
1162 1029
1163 1030
1164 1031
1165 1032
1166 1033
1167 1034
1168 1035
1169 1036
1170 1037
1171 1038
1172 1039
1173 1040
1174 1041
1175 1042
1176 1043
1177 1044
1178 1045
1179 1046
1180 1047
1181 1048
1182 1049
1183 1050
1184 1051
1185 1052
1186 1053
1187 1054
1188 1055
1189 1056
1190 1057
1191 1192
1192 1193
1193 1194
1194 1195
1195 1196
1196 1197
1197 1198
1198 1199
1199 1200
1200 1201
1201 1202
1202 1203
1203 1204
1204 1205
1205 1206
1206 1207
1207 1208
1208 1209
1209 1210
1210 1211
1211 1212
1212 1213
1213 1214
1214 1215
1215 1216
1216 1217
1217 1218
1218 1219
1219 1220
1220 1221
1221 1222
1222 1223
1223 1224
1224 1225
1225 1226
1226 1371
1227 1372
1228 1373
1229 1374
1230 1375
1231 1376
1232 1377
1233 1378
1234 1379
1235 1380
1236 1381
1237 1382
1238 1383
1239 1384
1240 1385
1241 1386
1242 1387
1243 1388
1244 1389
1245 1390
1246 1391
1247 1392
1248 1393
1249 1394
1250 1395
1251 1396
1252 1397
1253 1398
1254 1399
1255 1400
1256 1401
1257 1402
1258 1403
1259 1404
1260 1405
1261 1406
1262 1261
1263 1262
1264 1263
1265 1264
1266 1265
1267 1266
1268 1267
1269 1268
1270 1269
1271 1270
1272 1271
1273 1272
1274 1273
1275 1274
1276 1275
1277 1276
1278 1277
1279 1278
1280 1279
1281 1280
1282 1281
1283 1282
1284 1283
1285 1284
1286 1285
1287 1286
1288 1287
1289 1288
1290 1289
1291 1290
1292 1291
1293 1292
1294 1293
1295 1294
1296 1295
1297 1296
1298 1157
1299 1158
1300 1159
1301 1160
1302 1161
1303 1162
1304 1163
1305 1164
1306 1165
1307 1166
1308 1167
1309 1168
1310 1169
1311 1170
1312 1171
1313 1172
1314 1173
1315 1174
1316 1175
1317 1176
1318 1177
1319 1178
1320 1179
1321 1180
1322 1181
1323 1182
1324 1183
1325 1184
1326 1185
1327 1186
1328 1187
1329 1188
1330 1189
1331 1190
1332 1191
1333 1334
1334 1335
1335 1336
1336 1337
1337 1338
1338 1339
1339 1340
1340 1341
1341 1342
1342 1343
1343 1344
1344 1345
1345 1346
1346 1347
1347 1348
1348 1349
1349 1350
1350 1351
1351 1352
1352 1353
1353 1354
1354 1355
1355 1356
1356 1357
1357 1358
1358 1359
1359 1360
1360 1361
1361 1362
1362 1363
1363 1364
1364 1365
1365 1366
1366 1367
1367 1368
1368 1369
1369 1370
1370 1523
1371 1524
1372 1525
1373 1526
1374 1527
1375 1528
1376 1529
1377 1530
1378 1531
1379 1532
1380 1533
1381 1534
1382 1535
1383 1536
1384 1537
1385 1538
1386 1539
1387 1540
1388 1541
1389 1542
1390 1543
1391 1544
1392 1545
1393 1546
1394 1547
1395 1548
1396 1549
1397 1550
1398 1551
1399 1552
1400 1553
1401 1554
1402 1555
1403 1556
1404 1557
1405 1558
1406 1559
1407 1560
1408 1407
1409 1408
1410 1409
1411 1410
1412 1411
1413 1412
1414 1413
1415 1414
1416 1415
1417 1416
1418 1417
1419 1418
1420 1419
1421 1420
1422 1421
1423 1422
1424 1423
1425 1424
1426 1425
1427 1426
1428 1427
1429 1428
1430 1429
1431 1430
1432 1431
1433 1432
1434 1433
1435 1434
1436 1435
1437 1436
1438 1437
1439 1438
1440 1439
1441 1440
1442 1441
1443 1442
1444 1443
1445 1444
1446 1297
1447 1298
1448 1299
1449 1300
1450 1301
1451 1302
1452 1303
1453 1304
1454 1305
1455 1306
1456 1307
1457 1308
1458 1309
1459 1310
1460 1311
1461 1312
1462 1313
1463 1314
1464 1315
1465 1316
1466 1317
1467 1318
1468 1319
1469 1320
1470 1321
1471 1322
1472 1323
1473 1324
1474 1325
1475 1326
1476 1327
1477 1328
1478 1329
1479 1330
1480 1331
1481 1332
1482 1333
1483 1484
1484 1485
1485 1486
1486 1487
1487 1488
1488 1489
1489 1490
1490 1491
1491 1492
1492 1493
1493 1494
1494 1495
1495 1496
1496 1497
1497 1498
1498 1499
1499 1500
1500 1501
1501 1502
1502 1503
1503 1504
1504 1505
1505 1506
1506 1507
1507 1508
1508 1509
1509 1510
1510 1511
1511 1512
1512 1513
1513 1514
1514 1515
1515 1516
1516 1517
1517 1518
1518 1519
1519 1520
1520 1521
1521 1522
1522 1683
1523 1684
1524 1685
1525 1686
1526 1687
1527 1688
1528 1689
1529 1690
1530 1691
1531 1692
1532 1693
1533 1694
1534 1695
1535 1696
1536 1697
1537 1698
1538 1699
1539 1700
1540 1701
1541 1702
1542 1703
1543 1704
1544 1705
1545 1706
1546 1707
1547 1708
1548 1709
1549 1710
1550 1711
1551 1712
1552 1713
1553 1714
1554 1715
1555 1716
1556 1717
1557 1718
1558 1719
1559 1720
1560 1721
1561 1722
1562 1561
1563 1562
1564 1563
1565 1564
1566 1565
1567 1566
1568 1567
1569 1568
1570 1569
1571 1570
1572 1571
1573 1572
1574 1573
1575 1574
1576 1575
1577 1576
1578 1577
1579 1578
1580 1579
1581 1580
1582 1581
1583 1582
1584 1583
1585 1584
1586 1585
1587 1586
1588 1587
1589 1588
1590 1589
1591 1590
1592 1591
1593 1592
1594 1593
1595 1594
1596 1595
1597 1596
1598 1597
1599 1598
1600 1599
1601 1600
1602 1445
1603 1446
1604 1447
1605 1448
1606 1449
1607 1450
1608 1451
1609 1452
1610 1453
1611 1454
1612 1455
1613 1456
1614 1457
1615 1458
1616 1459
1617 1460
1618 1461
1619 1462
1620 1463
1621 1464
1622 1465
1623 1466
1624 1467
1625 1468
1626 1469
1627 1470
1628 1471
1629 1472
1630 1473
1631 1474
1632 1475
1633 1476
1634 1477
1635 1478
1636 1479
1637 1480
1638 1481
1639 1482
1640 1483
1641 1642
1642 1643
1643 1644
1644 1645
1645 1646
1646 1647
1647 1648
1648 1649
1649 1650
1650 1651
1651 1652
1652 1653
1653 1654
1654 1655
1655 1656
1656 1657
1657 1658
1658 1659
1659 1660
1660 1661
1661 1662
1662 1663
1663 1664
1664 1665
1665 1666
1666 1667
1667 1668
1668 1669
1669 1670
1670 1671
1671 1672
1672 1673
1673 1674
1674 1675
1675 1676
1676 1677
1677 1678
1678 1679
1679 1680
1680 1681
1681 1682
1682 1851
1683 1852
1684 1853
1685 1854
1686 1855
1687 1856
1688 1857
1689 1858
1690 1859
1691 1860
1692 1861
1693 1862
1694 1863
1695 1864
1696 1865
1697 1866
1698 1867
1699 1868
1700 1869
1701 1870
1702 1871
1703 1872
1704 1873
1705 1874
1706 1875
1707 1876
1708 1877
1709 1878
1710 1879
1711 1880
1712 1881
1713 1882
1714 1883
1715 1884
1716 1885
1717 1886
1718 1887
1719 1888
1720 1889
1721 1890
1722 1891
1723 1892
1724 1723
1725 1724
1726 1725
1727 1726
1728 1727
1729 1728
1730 1729
1731 1730
1732 1731
1733 1732
1734 1733
1735 1734
1736 1735
1737 1736
1738 1737
1739 1738
1740 1739
1741 1740
1742 1741
1743 1742
1744 1743
1745 1744
1746 1745
1747 1746
1748 1747
1749 1748
1750 1749
1751 1750
1752 1751
1753 1752
1754 1753
1755 1754
1756 1755
1757 1756
1758 1757
1759 1758
1760 1759
1761 1760
1762 1761
1763 1762
1764 1763
1765 1764
1766 1601
1767 1602
1768 1603
1769 1604
1770 1605
1771 1606
1772 1607
1773 1608
1774 1609
1775 1610
1776 1611
1777 1612
1778 1613
1779 1614
1780 1615
1781 1616
1782 1617
1783 1618
1784 1619
1785 1620
1786 1621
1787 1622
1788 1623
1789 1624
1790 1625
1791 1626
1792 1627
1793 1628
1794 1629
1795 1630
1796 1631
1797 1632
1798 1633
1799 1634
1800 1635
1801 1636
1802 1637
1803 1638
1804 1639
1805 1640
1806 1641
1807 1808
1808 1809
1809 1810
1810 1811
1811 1812
1812 1813
1813 1814
1814 1815
1815 1816
1816 1817
1817 1818
1818 1819
1819 1820
1820 1821
1821 1822
1822 1823
1823 1824
1824 1825
1825 1826
1826 1827
1827 1828
1828 1829
1829 1830
1830 1831
1831 1832
1832 1833
1833 1834
1834 1835
1835 1836
1836 1837
1837 1838
1838 1839
1839 1840
1840 1841
1841 1842
1842 1843
1843 1844
1844 1845
1845 1846
1846 1847
1847 1848
1848 1849
1849 1850
1850 2027
1851 2028
1852 2029
1853 2030
1854 2031
1855 2032
1856 2033
1857 2034
1858 2035
1859 2036
1860 2037
1861 2038
1862 2039
1863 2040
1864 2041
1865 2042
1866 2043
1867 2044
1868 2045
1869 2046
1870 2047
1871 2048
1872 2049
1873 2050
1874 2051
1875 2052
1876 2053
1877 2054
1878 2055
1879 2056
1880 2057
1881 2058
1882 2059
1883 2060
1884 2061
1885 2062
1886 2063
1887 2064
1888 2065
1889 2066
1890 2067
1891 2068
1892 2069
1893 2070
1894 1893
1895 1894
1896 1895
1897 1896
1898 1897
1899 1898
1900 1899
1901 1900
1902 1901
1903 1902
1904 1903
1905 1904
1906 1905
1907 1906
1908 1907
1909 1908
1910 1909
1911 1910
1912 1911
1913 1912
1914 1913
1915 1914
1916 1915
1917 1916
1918 1917
1919 1918
1920 1919
1921 1920
1922 1921
1923 1922
1924 1923
1925 1924
1926 1925
1927 1926
1928 1927
1929 1928
1930 1929
1931 1930
1932 1931
1933 1932
1934 1933
1935 1934
1936 1935
1937 1936
1938 1765
1939 1766
1940 1767
1941 1768
1942 1769
1943 1770
1944 1771
1945 1772
1946 1773
1947 1774
1948 1775
1949 1776
1950 1777
1951 1778
1952 1779
1953 1780
1954 1781
1955 1782
1956 1783
1957 1784
1958 1785
1959 1786
1960 1787
1961 1788
1962 1789
1963 1790
1964 1791
1965 1792
1966 1793
1967 1794
1968 1795
1969 1796
1970 1797
1971 1798
1972 1799
1973 1800
1974 1801
1975 1802
1976 1803
1977 1804
1978 1805
1979 1806
1980 1807
1981 1982
1982 1983
1983 1984
1984 1985
1985 1986
1986 1987
1987 1988
1988 1989
1989 1990
1990 1991
1991 1992
1992 1993
1993 1994
1994 1995
1995 1996
1996 1997
1997 1998
1998 1999
1999 2000
2000 2001
2001 2002
2002 2003
2003 2004
2004 2005
2005 2006
2006 2007
2007 2008
2008 2009
2009 2010
2010 2011
2011 2012
2012 2013
2013 2014
2014 2015
2015 2016
2016 2017
2017 2018
2018 2019
2019 2020
2020 2021
2021 2022
2022 2023
2023 2024
2024 2025
2025 2026
2026 2211
2027 2212
2028 2213
2029 2214
2030 2215
2031 2216
2032 2217
2033 2218
2034 2219
2035 2220
2036 2221
2037 2222
2038 2223
2039 2224
2040 2225
2041 2226
2042 2227
2043 2228
2044 2229
2045 2230
2046 2231
2047 2232
2048 2233
2049 2234
2050 2235
2051 2236
2052 2237
2053 2238
2054 2239
2055 2240
2056 2241
2057 2242
2058 2243
2059 2244
2060 2245
2061 2246
2062 2247
2063 2248
2064 2249
2065 2250
2066 2251
2067 2252
2068 2253
2069 2254
2070 2255
2071 2256
2072 2071
2073 2072
2074 2073
2075 2074
2076 2075
2077 2076
2078 2077
2079 2078
2080 2079
2081 2080
2082 2081
2083 2082
2084 2083
2085 2084
2086 2085
2087 2086
2088 2087
2089 2088
2090 2089
2091 2090
2092 2091
2093 2092
2094 2093
2095 2094
2096 2095
2097 2096
2098 2097
2099 2098
2100 2099
2101 2100
2102 2101
2103 2102
2104 2103
2105 2104
2106 2105
2107 2106
2108 2107
2109 2108
2110 2109
2111 2110
2112 2111
2113 2112
2114 2113
2115 2114
2116 2115
2117 2116
2118 1937
2119 1938
2120 1939
2121 1940
2122 1941
2123 1942
2124 1943
2125 1944
2126 1945
2127 1946
2128 1947
2129 1948
2130 1949
2131 1950
2132 1951
2133 1952
2134 1953
2135 1954
2136 1955
2137 1956
2138 1957
2139 1958
2140 1959
2141 1960
2142 1961
2143 1962
2144 1963
2145 1964
2146 1965
2147 1966
2148 1967
2149 1968
2150 1969
2151 1970
2152 1971
2153 1972
2154 1973
2155 1974
2156 1975
2157 1976
2158 1977
2159 1978
2160 1979
2161 1980
2162 1981
2163 2164
2164 2165
2165 2166
2166 2167
2167 2168
2168 2169
2169 2170
2170 2171
2171 2172
2172 2173
2173 2174
2174 2175
2175 2176
2176 2177
2177 2178
2178 2179
2179 2180
2180 2181
2181 2182
2182 2183
2183 2184
2184 2185
2185 2186
2186 2187
2187 2188
2188 2189
2189 2190
2190 2191
2191 2192
2192 2193
2193 2194
2194 2195
2195 2196
2196 2197
2197 2198
2198 2199
2199 2200
2200 2201
2201 2202
2202 2203
2203 2204
2204 2205
2205 2206
2206 2207
2207 2208
2208 2209
2209 2210
2210 2403
2211 2404
2212 2405
2213 2406
2214 2407
2215 2408
2216 2409
2217 2410
2218 2411
2219 2412
2220 2413
2221 2414
2222 2415
2223 2416
2224 2417
2225 2418
2226 2419
2227 2420
2228 2421
2229 2422
2230 2423
2231 2424
2232 2425
2233 2426
2234 2427
2235 2428
2236 2429
2237 2430
2238 2431
2239 2432
2240 2433
2241 2434
2242 2435
2243 2436
2244 2437
2245 2438
2246 2439
2247 2440
2248 2441
2249 2442
2250 2443
2251 2444
2252 2445
2253 2446
2254 2447
2255 2448
2256 2449
2257 2450
2258 2257
2259 2258
2260 2259
2261 2260
2262 2261
2263 2262
2264 2263
2265 2264
2266 2265
2267 2266
2268 2267
2269 2268
2270 2269
2271 2270
2272 2271
2273 2272
2274 2273
2275 2274
2276 2275
2277 2276
2278 2277
2279 2278
2280 2279
2281 2280
2282 2281
2283 2282
2284 2283
2285 2284
2286 2285
2287 2286
2288 2287
2289 2288
2290 2289
2291 2290
2292 2291
2293 2292
2294 2293
2295 2294
2296 2295
2297 2296
2298 2297
2299 2298
2300 2299
2301 2300
2302 2301
2303 2302
2304 2303
2305 2304
2306 2117
2307 2118
2308 2119
2309 2120
2310 2121
2311 2122
2312 2123
2313 2124
2314 2125
2315 2126
2316 2127
2317 2128
2318 2129
2319 2130
2320 2131
2321 2132
2322 2133
2323 2134
2324 2135
2325 2136
2326 2137
2327 2138
2328 2139
2329 2140
2330 2141
2331 2142
2332 2143
2333 2144
2334 2145
2335 2146
2336 2147
2337 2148
2338 2149
2339 2150
2340 2151
2341 2152
2342 2153
2343 2154
2344 2155
2345 2156
2346 2157
2347 2158
2348 2159
2349 2160
2350 2161
2351 2162
2352 2163
2353 2354
2354 2355
2355 2356
2356 2357
2357 2358
2358 2359
2359 2360
2360 2361
2361 2362
2362 2363
2363 2364
2364 2365
2365 2366
2366 2367
2367 2368
2368 2369
2369 2370
2370 2371
2371 2372
2372 2373
2373 2374
2374 2375
2375 2376
2376 2377
2377 2378
2378 2379
2379 2380
2380 2381
2381 2382
2382 2383
2383 2384
2384 2385
2385 2386
2386 2387
2387 2388
2388 2389
2389 2390
2390 2391
2391 2392
2392 2393
2393 2394
2394 2395
2395 2396
2396 2397
2397 2398
2398 2399
2399 2400
2400 2401
2401 2402
2402 2603
2403 2604
2404 2605
2405 2606
2406 2607
2407 2608
2408 2609
2409 2610
2410 2611
2411 2612
2412 2613
2413 2614
2414 2615
2415 2616
2416 2617
2417 2618
2418 2619
2419 2620
2420 2621
2421 2622
2422 2623
2423 2624
2424 2625
2425 2626
2426 2627
2427 2628
2428 2629
2429 2630
2430 2631
2431 2632
2432 2633
2433 2634
2434 2635
2435 2636
2436 2637
2437 2638
2438 2639
2439 2640
2440 2641
2441 2642
2442 2643
2443 2644
2444 2645
2445 2646
2446 2647
2447 2648
2448 2649
2449 2650
2450 2651
2451 2652
2452 2451
2453 2452
2454 2453
2455 2454
2456 2455
2457 2456
2458 2457
2459 2458
2460 2459
2461 2460
2462 2461
2463 2462
2464 2463
2465 2464
2466 2465
2467 2466
2468 2467
2469 2468
2470 2469
2471 2470
2472 2471
2473 2472
2474 2473
2475 2474
2476 2475
2477 2476
2478 2477
2479 2478
2480 2479
2481 2480
2482 2481
2483 2482
2484 2483
2485 2484
2486 2485
2487 2486
2488 2487
2489 2488
2490 2489
2491 2490
2492 2491
2493 2492
2494 2493
2495 2494
2496 2495
2497 2496
2498 2497
2499 2498
2500 2499
2501 2500
2502 2305
2503 2306
2504 2307
2505 2308
2506 2309
2507 2310
2508 2311
2509 2312
2510 2313
2511 2314
2512 2315
2513 2316
2514 2317
2515 2318
2516 2319
2517 2320
2518 2321
2519 2322
2520 2323
2521 2324
2522 2325
2523 2326
2524 2327
2525 2328
2526 2329
2527 2330
2528 2331
2529 2332
2530 2333
2531 2334
2532 2335
2533 2336
2534 2337
2535 2338
2536 2339
2537 2340
2538 2341
2539 2342
2540 2343
2541 2344
2542 2345
2543 2346
2544 2347
2545 2348
2546 2349
2547 2350
2548 2351
2549 2352
2550 2353
2551 2552
2552 2553
2553 2554
2554 2555
2555 2556
2556 2557
2557 2558
2558 2559
2559 2560
2560 2561
2561 2562
2562 2563
2563 2564
2564 2565
2565 2566
2566 2567
2567 2568
2568 2569
2569 2570
2570 2571
2571 2572
2572 2573
2573 2574
2574 2575
2575 2576
2576 2577
2577 2578
2578 2579
2579 2580
2580 2581
2581 2582
2582 2583
2583 2584
2584 2585
2585 2586
2586 2587
2587 2588
2588 2589
2589 2590
2590 2591
2591 2592
2592 2593
2593 2594
2594 2595
2595 2596
2596 2597
2597 2598
2598 2599
2599 2600
2600 2601
2601 2602
2602 2811
2603 2812
2604 2813
2605 2814
2606 2815
2607 2816
2608 2817
2609 2818
2610 2819
2611 2820
2612 2821
2613 2822
2614 2823
2615 2824
2616 2825
2617 2826
2618 2827
2619 2828
2620 2829
2621 2830
2622 2831
2623 2832
2624 2833
2625 2834
2626 2835
2627 2836
2628 2837
2629 2838
2630 2839
2631 2840
2632 2841
2633 2842
2634 2843
2635 2844
2636 2845
2637 2846
2638 2847
2639 2848
2640 2849
2641 2850
2642 2851
2643 2852
2644 2853
2645 2854
2646 2855
2647 2856
2648 2857
2649 2858
2650 2859
2651 2860
2652 2861
2653 2862
2654 2653
2655 2654
2656 2655
2657 2656
2658 2657
2659 2658
2660 2659
2661 2660
2662 2661
2663 2662
2664 2663
2665 2664
2666 2665
2667 2666
2668 2667
2669 2668
2670 2669
2671 2670
2672 2671
2673 2672
2674 2673
2675 2674
2676 2675
2677 2676
2678 2677
2679 2678
2680 2679
2681 2680
2682 2681
2683 2682
2684 2683
2685 2684
2686 2685
2687 2686
2688 2687
2689 2688
2690 2689
2691 2690
2692 2691
2693 2692
2694 2693
2695 2694
2696 2695
2697 2696
2698 2697
2699 2698
2700 2699
2701 2700
2702 2701
2703 2702
2704 2703
2705 2704
2706 2501
2707 2502
2708 2503
2709 2504
2710 2505
2711 2506
2712 2507
2713 2508
2714 2509
2715 2510
2716 2511
2717 2512
2718 2513
2719 2514
2720 2515
2721 2516
2722 2517
2723 2518
2724 2519
2725 2520
2726 2521
2727 2522
2728 2523
2729 2524
2730 2525
2731 2526
2732 2527
2733 2528
2734 2529
2735 2530
2736 2531
2737 2532
2738 2533
2739 2534
2740 2535
2741 2536
2742 2537
2743 2538
2744 2539
2745 2540
2746 2541
2747 2542
2748 2543
2749 2544
2750 2545
2751 2546
2752 2547
2753 2548
2754 2549
2755 2550
2756 2551
2757 2758
2758 2759
2759 2760
2760 2761
2761 2762
2762 2763
2763 2764
2764 2765
2765 2766
2766 2767
2767 2768
2768 2769
2769 2770
2770 2771
2771 2772
2772 2773
2773 2774
2774 2775
2775 2776
2776 2777
2777 2778
2778 2779
2779 2780
2780 2781
2781 2782
2782 2783
2783 2784
2784 2785
2785 2786
2786 2787
2787 2788
2788 2789
2789 2790
2790 2791
2791 2792
2792 2793
2793 2794
2794 2795
2795 2796
2796 2797
2797 2798
2798 2799
2799 2800
2800 2801
2801 2802
2802 2803
2803 2804
2804 2805
2805 2806
2806 2807
2807 2808
2808 2809
2809 2810
2810 3027
2811 3028
2812 3029
2813 3030
2814 3031
2815 3032
2816 3033
2817 3034
2818 3035
2819 3036
2820 3037
2821 3038
2822 3039
2823 3040
2824 3041
2825 3042
2826 3043
2827 3044
2828 3045
2829 3046
2830 3047
2831 3048
2832 3049
2833 3050
2834 3051
2835 3052
2836 3053
2837 3054
2838 3055
2839 3056
2840 3057
2841 3058
2842 3059
2843 3060
2844 3061
2845 3062
2846 3063
2847 3064
2848 3065
2849 3066
2850 3067
2851 3068
2852 3069
2853 3070
2854 3071
2855 3072
2856 3073
2857 3074
2858 3075
2859 3076
2860 3077
2861 3078
2862 3079
2863 3080
2864 2863
2865 2864
2866 2865
2867 2866
2868 2867
2869 2868
2870 2869
2871 2870
2872 2871
2873 2872
2874 2873
2875 2874
2876 2875
2877 2876
2878 2877
2879 2878
2880 2879
2881 2880
2882 2881
2883 2882
2884 2883
2885 2884
2886 2885
2887 2886
2888 2887
2889 2888
2890 2889
2891 2890
2892 2891
2893 2892
2894 2893
2895 2894
2896 2895
2897 2896
2898 2897
2899 2898
2900 2899
2901 2900
2902 2901
2903 2902
2904 2903
2905 2904
2906 2905
2907 2906
2908 2907
2909 2908
2910 2909
2911 2910
2912 2911
2913 2912
2914 2913
2915 2914
2916 2915
2917 2916
2918 2705
2919 2706
2920 2707
2921 2708
2922 2709
2923 2710
2924 2711
2925 2712
2926 2713
2927 2714
2928 2715
2929 2716
2930 2717
2931 2718
2932 2719
2933 2720
2934 2721
2935 2722
2936 2723
2937 2724
2938 2725
2939 2726
2940 2727
2941 2728
2942 2729
2943 2730
2944 2731
2945 2732
2946 2733
2947 2734
2948 2735
2949 2736
2950 2737
2951 2738
2952 2739
2953 2740
2954 2741
2955 2742
2956 2743
2957 2744
2958 2745
2959 2746
2960 2747
2961 2748
2962 2749
2963 2750
2964 2751
2965 2752
2966 2753
2967 2754
2968 2755
2969 2756
2970 2757
2971 2972
2972 2973
2973 2974
2974 2975
2975 2976
2976 2977
2977 2978
2978 2979
2979 2980
2980 2981
2981 2982
2982 2983
2983 2984
2984 2985
2985 2986
2986 2987
2987 2988
2988 2989
2989 2990
2990 2991
2991 2992
2992 2993
2993 2994
2994 2995
2995 2996
2996 2997
2997 2998
2998 2999
2999 3000
3000 3001
3001 3002
3002 3003
3003 3004
3004 3005
3005 3006
3006 3007
3007 3008
3008 3009
3009 3010
3010 3011
3011 3012
3012 3013
3013 3014
3014 3015
3015 3016
3016 3017
3017 3018
3018 3019
3019 3020
3020 3021
3021 3022
3022 3023
3023 3024
3024 3025
3025 3026
3026 3251
3027 3252
3028 3253
3029 3254
3030 3255
3031 3256
3032 3257
3033 3258
3034 3259
3035 3260
3036 3261
3037 3262
3038 3263
3039 3264
3040 3265
3041 3266
3042 3267
3043 3268
3044 3269
3045 3270
3046 3271
3047 3272
3048 3273
3049 3274
3050 3275
3051 3276
3052 3277
3053 3278
3054 3279
3055 3280
3056 3281
3057 3282
3058 3283
3059 3284
3060 3285
3061 3286
3062 3287
3063 3288
3064 3289
3065 3290
3066 3291
3067 3292
3068 3293
3069 3294
3070 3295
3071 3296
3072 3297
3073 3298
3074 3299
3075 3300
3076 3301
3077 3302
3078 3303
3079 3304
3080 3305
3081 3306
3082 3081
3083 3082
3084 3083
3085 3084
3086 3085
3087 3086
3088 3087
3089 3088
3090 3089
3091 3090
3092 3091
3093 3092
3094 3093
3095 3094
3096 3095
3097 3096
3098 3097
3099 3098
3100 3099
3101 3100
3102 3101
3103 3102
3104 3103
3105 3104
3106 3105
3107 3106
3108 3107
3109 3108
3110 3109
3111 3110
3112 3111
3113 3112
3114 3113
3115 3114
3116 3115
3117 3116
3118 3117
3119 3118
3120 3119
3121 3120
3122 3121
3123 3122
3124 3123
3125 3124
3126 3125
3127 3126
3128 3127
3129 3128
3130 3129
3131 3130
3132 3131
3133 3132
3134 3133
3135 3134
3136 3135
3137 3136
3138 2917
3139 2918
3140 2919
3141 2920
3142 2921
3143 2922
3144 2923
3145 2924
3146 2925
3147 2926
3148 2927
3149 2928
3150 2929
3151 2930
3152 2931
3153 2932
3154 2933
3155 2934
3156 2935
3157 2936
3158 2937
3159 2938
3160 2939
3161 2940
3162 2941
3163 2942
3164 2943
3165 2944
3166 2945
3167 2946
3168 2947
3169 2948
3170 2949
3171 2950
3172 2951
3173 2952
3174 2953
3175 2954
3176 2955
3177 2956
3178 2957
3179 2958
3180 2959
3181 2960
3182 2961
3183 2962
3184 2963
3185 2964
3186 2965
3187 2966
3188 2967
3189 2968
3190 2969
3191 2970
3192 2971
3193 3194
3194 3195
3195 3196
3196 3197
3197 3198
3198 3199
3199 3200
3200 3201
3201 3202
3202 3203
3203 3204
3204 3205
3205 3206
3206 3207
3207 3208
3208 3209
3209 3210
3210 3211
3211 3212
3212 3213
3213 3214
3214 3215
3215 3216
3216 3217
3217 3218
3218 3219
3219 3220
3220 3221
3221 3222
3222 3223
3223 3224
3224 3225
3225 3226
3226 3227
3227 3228
3228 3229
3229 3230
3230 3231
3231 3232
3232 3233
3233 3234
3234 3235
3235 3236
3236 3237
3237 3238
3238 3239
3239 3240
3240 3241
3241 3242
3242 3243
3243 3244
3244 3245
3245 3246
3246 3247
3247 3248
3248 3249
3249 3250
3250 3483
3251 3484
3252 3485
3253 3486
3254 3487
3255 3488
3256 3489
3257 3490
3258 3491
3259 3492
3260 3493
3261 3494
3262 3495
3263 3496
3264 3497
3265 3498
3266 3499
3267 3500
3268 3501
3269 3502
3270 3503
3271 3504
3272 3505
3273 3506
3274 3507
3275 3508
3276 3509
3277 3510
3278 3511
3279 3512
3280 3513
3281 3514
3282 3515
3283 3516
3284 3517
3285 3518
3286 3519
3287 3520
3288 3521
3289 3522
3290 3523
3291 3524
3292 3525
3293 3526
3294 3527
3295 3528
3296 3529
3297 3530
3298 3531
3299 3532
3300 3533
3301 3534
3302 3535
3303 3536
3304 3537
3305 3538
3306 3539
3307 3540
3308 3307
3309 3308
3310 3309
3311 3310
3312 3311
3313 3312
3314 3313
3315 3314
3316 3315
3317 3316
3318 3317
3319 3318
3320 3319
3321 3320
3322 3321
3323 3322
3324 3323
3325 3324
3326 3325
3327 3326
3328 3327
3329 3328
3330 3329
3331 3330
3332 3331
3333 3332
3334 3333
3335 3334
3336 3335
3337 3336
3338 3337
3339 3338
3340 3339
3341 3340
3342 3341
3343 3342
3344 3343
3345 3344
3346 3345
3347 3346
3348 3347
3349 3348
3350 3349
3351 3350
3352 3351
3353 3352
3354 3353
3355 3354
3356 3355
3357 3356
3358 3357
3359 3358
3360 3359
3361 3360
3362 3361
3363 3362
3364 3363
3365 3364
3366 3137
3367 3138
3368 3139
3369 3140
3370 3141
3371 3142
3372 3143
3373 3144
3374 3145
3375 3146
3376 3147
3377 3148
3378 3149
3379 3150
3380 3151
3381 3152
3382 3153
3383 3154
3384 3155
3385 3156
3386 3157
3387 3158
3388 3159
3389 3160
3390 3161
3391 3162
3392 3163
3393 3164
3394 3165
3395 3166
3396 3167
3397 3168
3398 3169
3399 3170
3400 3171
3401 3172
3402 3173
3403 3174
3404 3175
3405 3176
3406 3177
3407 3178
3408 3179
3409 3180
3410 3181
3411 3182
3412 3183
3413 3184
3414 3185
3415 3186
3416 3187
3417 3188
3418 3189
3419 3190
3420 3191
3421 3192
3422 3193
3423 3424
3424 3425
3425 3426
3426 3427
3427 3428
3428 3429
3429 3430
3430 3431
3431 3432
3432 3433
3433 3434
3434 3435
3435 3436
3436 3437
3437 3438
3438 3439
3439 3440
3440 3441
3441 3442
3442 3443
3443 3444
3444 3445
3445 3446
3446 3447
3447 3448
3448 3449
3449 3450
3450 3451
3451 3452
3452 3453
3453 3454
3454 3455
3455 3456
3456 3457
3457 3458
3458 3459
3459 3460
3460 3461
3461 3462
3462 3463
3463 3464
3464 3465
3465 3466
3466 3467
3467 3468
3468 3469
3469 3470
3470 3471
3471 3472
3472 3473
3473 3474
3474 3475
3475 3476
3476 3477
3477 3478
3478 3479
3479 3480
3480 3481
3481 3482
3482 3723
3483 3724
3484 3725
3485 3726
3486 3727
3487 3728
3488 3729
3489 3730
3490 3731
3491 3732
3492 3733
3493 3734
3494 3735
3495 3736
3496 3737
3497 3738
3498 3739
3499 3740
3500 3741
3501 3742
3502 3743
3503 3744
3504 3745
3505 3746
3506 3747
3507 3748
3508 3749
3509 3750
3510 3751
3511 3752
3512 3753
3513 3754
3514 3755
3515 3756
3516 3757
3517 3758
3518 3759
3519 3760
3520 3761
3521 3762
3522 3763
3523 3764
3524 3765
3525 3766
3526 3767
3527 3768
3528 3769
3529 3770
3530 3771
3531 3772
3532 3773
3533 3774
3534 3775
3535 3776
3536 3777
3537 3778
3538 3779
3539 3780
3540 3781
3541 3782
3542 3541
3543 3542
3544 3543
3545 3544
3546 3545
3547 3546
3548 3547
3549 3548
3550 3549
3551 3550
3552 3551
3553 3552
3554 3553
3555 3554
3556 3555
3557 3556
3558 3557
3559 3558
3560 3559
3561 3560
3562 3561
3563 3562
3564 3563
3565 3564
3566 3565
3567 3566
3568 3567
3569 3568
3570 3569
3571 3570
3572 3571
3573 3572
3574 3573
3575 3574
3576 3575
3577 3576
3578 3577
3579 3578
3580 3579
3581 3580
3582 3581
3583 3582
3584 3583
3585 3584
3586 3585
3587 3586
3588 3587
3589 3588
3590 3589
3591 3590
3592 3591
3593 3592
3594 3593
3595 3594
3596 3595
3597 3596
3598 3597
3599 3598
3600 3599
3601 3600
3602 3365
3603 3366
3604 3367
3605 3368
3606 3369
3607 3370
3608 3371
3609 3372
3610 3373
3611 3374
3612 3375
3613 3376
3614 3377
3615 3378
3616 3379
3617 3380
3618 3381
3619 3382
3620 3383
3621 3384
3622 3385
3623 3386
3624 3387
3625 3388
3626 3389
3627 3390
3628 3391
3629 3392
3630 3393
3631 3394
3632 3395
3633 3396
3634 3397
3635 3398
3636 3399
3637 3400
3638 3401
3639 3402
3640 3403
3641 3404
3642 3405
3643 3406
3644 3407
3645 3408
3646 3409
3647 3410
3648 3411
3649 3412
3650 3413
3651 3414
3652 3415
3653 3416
3654 3417
3655 3418
3656 3419
3657 3420
3658 3421
3659 3422
3660 3423
3661 3662
3662 3663
3663 3664
3664 3665
3665 3666
3666 3667
3667 3668
3668 3669
3669 3670
3670 3671
3671 3672
3672 3673
3673 3674
3674 3675
3675 3676
3676 3677
3677 3678
3678 3679
3679 3680
3680 3681
3681 3682
3682 3683
3683 3684
3684 3685
3685 3686
3686 3687
3687 3688
3688 3689
3689 3690
3690 3691
3691 3692
3692 3693
3693 3694
3694 3695
3695 3696
3696 3697
3697 3698
3698 3699
3699 3700
3700 3701
3701 3702
3702 3703
3703 3704
3704 3705
3705 3706
3706 3707
3707 3708
3708 3709
3709 3710
3710 3711
3711 3712
3712 3713
3713 3714
3714 3715
3715 3716
3716 3717
3717 3718
3718 3719
3719 3720
3720 3721
3721 3722
3722 3971
3723 3972
3724 3973
3725 3974
3726 3975
3727 3976
3728 3977
3729 3978
3730 3979
3731 3980
3732 3981
3733 3982
3734 3983
3735 3984
3736 3985
3737 3986
3738 3987
3739 3988
3740 3989
3741 3990
3742 3991
3743 3992
3744 3993
3745 3994
3746 3995
3747 3996
3748 3997
3749 3998
3750 3999
3751 4000
3752 4001
3753 4002
3754 4003
3755 4004
3756 4005
3757 4006
3758 4007
3759 4008
3760 4009
3761 4010
3762 4011
3763 4012
3764 4013
3765 4014
3766 4015
3767 4016
3768 4017
3769 4018
3770 4019
3771 4020
3772 4021
3773 4022
3774 4023
3775 4024
3776 4025
3777 4026
3778 4027
3779 4028
3780 4029
3781 4030
3782 4031
3783 4032
3784 3783
3785 3784
3786 3785
3787 3786
3788 3787
3789 3788
3790 3789
3791 3790
3792 3791
3793 3792
3794 3793
3795 3794
3796 3795
3797 3796
3798 3797
3799 3798
3800 3799
3801 3800
3802 3801
3803 3802
3804 3803
3805 3804
3806 3805
3807 3806
3808 3807
3809 3808
3810 3809
3811 3810
3812 3811
3813 3812
3814 3813
3815 3814
3816 3815
3817 3816
3818 3817
3819 3818
3820 3819
3821 3820
3822 3821
3823 3822
3824 3823
3825 3824
3826 3825
3827 3826
3828 3827
3829 3828
3830 3829
3831 3830
3832 3831
3833 3832
3834 3833
3835 3834
3836 3835
3837 3836
3838 3837
3839 3838
3840 3839
3841 3840
3842 3841
3843 3842
3844 3843
3845 3844
3846 3601
3847 3602
3848 3603
3849 3604
3850 3605
3851 3606
3852 3607
3853 3608
3854 3609
3855 3610
3856 3611
3857 3612
3858 3613
3859 3614
3860 3615
3861 3616
3862 3617
3863 3618
3864 3619
3865 3620
3866 3621
3867 3622
3868 3623
3869 3624
3870 3625
3871 3626
3872 3627
3873 3628
3874 3629
3875 3630
3876 3631
3877 3632
3878 3633
3879 3634
3880 3635
3881 3636
3882 3637
3883 3638
3884 3639
3885 3640
3886 3641
3887 3642
3888 3643
3889 3644
3890 3645
3891 3646
3892 3647
3893 3648
3894 3649
3895 3650
3896 3651
3897 3652
3898 3653
3899 3654
3900 3655
3901 3656
3902 3657
3903 3658
3904 3659
3905 3660
3906 3661
3907 3908
3908 3909
3909 3910
3910 3911
3911 3912
3912 3913
3913 3914
3914 3915
3915 3916
3916 3917
3917 3918
3918 3919
3919 3920
3920 3921
3921 3922
3922 3923
3923 3924
3924 3925
3925 3926
3926 3927
3927 3928
3928 3929
3929 3930
3930 3931
3931 3932
3932 3933
3933 3934
3934 3935
3935 3936
3936 3937
3937 3938
3938 3939
3939 3940
3940 3941
3941 3942
3942 3943
3943 3944
3944 3945
3945 3946
3946 3947
3947 3948
3948 3949
3949 3950
3950 3951
3951 3952
3952 3953
3953 3954
3954 3955
3955 3956
3956 3957
3957 3958
3958 3959
3959 3960
3960 3961
3961 3962
3962 3963
3963 3964
3964 3965
3965 3966
3966 3967
3967 3968
3968 3969
3969 3970
3970 4227
3971 4228
3972 4229
3973 4230
3974 4231
3975 4232
3976 4233
3977 4234
3978 4235
3979 4236
3980 4237
3981 4238
3982 4239
3983 4240
3984 4241
3985 4242
3986 4243
3987 4244
3988 4245
3989 4246
3990 4247
3991 4248
3992 4249
3993 4250
3994 4251
3995 4252
3996 4253
3997 4254
3998 4255
3999 4256
4000 4257
4001 4258
4002 4259
4003 4260
4004 4261
4005 4262
4006 4263
4007 4264
4008 4265
4009 4266
4010 4267
4011 4268
4012 4269
4013 4270
4014 4271
4015 4272
4016 4273
4017 4274
4018 4275
4019 4276
4020 4277
4021 4278
4022 4279
4023 4280
4024 4281
4025 4282
4026 4283
4027 4284
4028 4285
4029 4286
4030 4287
4031 4288
4032 4289
4033 4290
4034 4033
4035 4034
4036 4035
4037 4036
4038 4037
4039 4038
4040 4039
4041 4040
4042 4041
4043 4042
4044 4043
4045 4044
4046 4045
4047 4046
4048 4047
4049 4048
4050 4049
4051 4050
4052 4051
4053 4052
4054 4053
4055 4054
4056 4055
4057 4056
4058 4057
4059 4058
4060 4059
4061 4060
4062 4061
4063 4062
4064 4063
4065 4064
4066 4065
4067 4066
4068 4067
4069 4068
4070 4069
4071 4070
4072 4071
4073 4072
4074 4073
4075 4074
4076 4075
4077 4076
4078 4077
4079 4078
4080 4079
4081 4080
4082 4081
4083 4082
4084 4083
4085 4084
4086 4085
4087 4086
4088 4087
4089 4088
4090 4089
4091 4090
4092 4091
4093 4092
4094 4093
4095 4094
4096 4095
4097 4096
4098 3845
4099 3846
4100 3847
4101 3848
4102 3849
4103 3850
4104 3851
4105 3852
4106 3853
4107 3854
4108 3855
4109 3856
4110 3857
4111 3858
4112 3859
4113 3860
4114 3861
4115 3862
4116 3863
4117 3864
4118 3865
4119 3866
4120 3867
4121 3868
4122 3869
4123 3870
4124 3871
4125 3872
4126 3873
4127 3874
4128 3875
4129 3876
4130 3877
4131 3878
4132 3879
4133 3880
4134 3881
4135 3882
4136 3883
4137 3884
4138 3885
4139 3886
4140 3887
4141 3888
4142 3889
4143 3890
4144 3891
4145 3892
4146 3893
4147 3894
4148 3895
4149 3896
4150 3897
4151 3898
4152 3899
4153 3900
4154 3901
4155 3902
4156 3903
4157 3904
4158 3905
4159 3906
4160 3907
4161 4162
4162 4163
4163 4164
4164 4165
4165 4166
4166 4167
4167 4168
4168 4169
4169 4170
4170 4171
4171 4172
4172 4173
4173 4174
4174 4175
4175 4176
4176 4177
4177 4178
4178 4179
4179 4180
4180 4181
4181 4182
4182 4183
4183 4184
4184 4185
4185 4186
4186 4187
4187 4188
4188 4189
4189 4190
4190 4191
4191 4192
4192 4193
4193 4194
4194 4195
4195 4196
4196 4197
4197 4198
4198 4199
4199 4200
4200 4201
4201 4202
4202 4203
4203 4204
4204 4205
4205 4206
4206 4207
4207 4208
4208 4209
4209 4210
4210 4211
4211 4212
4212 4213
4213 4214
4214 4215
4215 4216
4216 4217
4217 4218
4218 4219
4219 4220
4220 4221
4221 4222
4222 4223
4223 4224
4224 4225
4225 4226
4226 4491
4227 4492
4228 4493
4229 4494
4230 4495
4231 4496
4232 4497
4233 4498
4234 4499
4235 4500
4236 4501
4237 4502
4238 4503
4239 4504
4240 4505
4241 4506
4242 4507
4243 4508
4244 4509
4245 4510
4246 4511
4247 4512
4248 4513
4249 4514
4250 4515
4251 4516
4252 4517
4253 4518
4254 4519
4255 4520
4256 4521
4257 4522
4258 4523
4259 4524
4260 4525
4261 4526
4262 4527
4263 4528
4264 4529
4265 4530
4266 4531
4267 4532
4268 4533
4269 4534
4270 4535
4271 4536
4272 4537
4273 4538
4274 4539
4275 4540
4276 4541
4277 4542
4278 4543
4279 4544
4280 4545
4281 4546
4282 4547
4283 4548
4284 4549
4285 4550
4286 4551
4287 4552
4288 4553
4289 4554
4290 4555
4291 4556
4292 4291
4293 4292
4294 4293
4295 4294
4296 4295
4297 4296
4298 4297
4299 4298
4300 4299
4301 4300
4302 4301
4303 4302
4304 4303
4305 4304
4306 4305
4307 4306
4308 4307
4309 4308
4310 4309
4311 4310
4312 4311
4313 4312
4314 4313
4315 4314
4316 4315
4317 4316
4318 4317
4319 4318
4320 4319
4321 4320
4322 4321
4323 4322
4324 4323
4325 4324
4326 4325
4327 4326
4328 4327
4329 4328
4330 4329
4331 4330
4332 4331
4333 4332
4334 4333
4335 4334
4336 4335
4337 4336
4338 4337
4339 4338
4340 4339
4341 4340
4342 4341
4343 4342
4344 4343
4345 4344
4346 4345
4347 4346
4348 4347
4349 4348
4350 4349
4351 4350
4352 4351
4353 4352
4354 4353
4355 4354
4356 4355
4357 4356
4358 4097
4359 4098
4360 4099
4361 4100
4362 4101
4363 4102
4364 4103
4365 4104
4366 4105
4367 4106
4368 4107
4369 4108
4370 4109
4371 4110
4372 4111
4373 4112
4374 4113
4375 4114
4376 4115
4377 4116
4378 4117
4379 4118
4380 4119
4381 4120
4382 4121
4383 4122
4384 4123
4385 4124
4386 4125
4387 4126
4388 4127
4389 4128
4390 4129
4391 4130
4392 4131
4393 4132
4394 4133
4395 4134
4396 4135
4397 4136
4398 4137
4399 4138
4400 4139
4401 4140
4402 4141
4403 4142
4404 4143
4405 4144
4406 4145
4407 4146
4408 4147
4409 4148
4410 4149
4411 4150
4412 4151
4413 4152
4414 4153
4415 4154
4416 4155
4417 4156
4418 4157
4419 4158
4420 4159
4421 4160
4422 4161
4423 4424
4424 4425
4425 4426
4426 4427
4427 4428
4428 4429
4429 4430
4430 4431
4431 4432
4432 4433
4433 4434
4434 4435
4435 4436
4436 4437
4437 4438
4438 4439
4439 4440
4440 4441
4441 4442
4442 4443
4443 4444
4444 4445
4445 4446
4446 4447
4447 4448
4448 4449
4449 4450
4450 4451
4451 4452
4452 4453
4453 4454
4454 4455
4455 4456
4456 4457
4457 4458
4458 4459
4459 4460
4460 4461
4461 4462
4462 4463
4463 4464
4464 4465
4465 4466
4466 4467
4467 4468
4468 4469
4469 4470
4470 4471
4471 4472
4472 4473
4473 4474
4474 4475
4475 4476
4476 4477
4477 4478
4478 4479
4479 4480
4480 4481
4481 4482
4482 4483
4483 4484
4484 4485
4485 4486
4486 4487
4487 4488
4488 4489
4489 4490
4490 4763
4491 4764
4492 4765
4493 4766
4494 4767
4495 4768
4496 4769
4497 4770
4498 4771
4499 4772
4500 4773
4501 4774
4502 4775
4503 4776
4504 4777
4505 4778
4506 4779
4507 4780
4508 4781
4509 4782
4510 4783
4511 4784
4512 4785
4513 4786
4514 4787
4515 4788
4516 4789
4517 4790
4518 4791
4519 4792
4520 4793
4521 4794
4522 4795
4523 4796
4524 4797
4525 4798
4526 4799
4527 4800
4528 4801
4529 4802
4530 4803
4531 4804
4532 4805
4533 4806
4534 4807
4535 4808
4536 4809
4537 4810
4538 4811
4539 4812
4540 4813
4541 4814
4542 4815
4543 4816
4544 4817
4545 4818
4546 4819
4547 4820
4548 4821
4549 4822
4550 4823
4551 4824
4552 4825
4553 4826
4554 4827
4555 4828
4556 4829
4557 4830
4558 4557
4559 4558
4560 4559
4561 4560
4562 4561
4563 4562
4564 4563
4565 4564
4566 4565
4567 4566
4568 4567
4569 4568
4570 4569
4571 4570
4572 4571
4573 4572
4574 4573
4575 4574
4576 4575
4577 4576
4578 4577
4579 4578
4580 4579
4581 4580
4582 4581
4583 4582
4584 4583
4585 4584
4586 4585
4587 4586
4588 4587
4589 4588
4590 4589
4591 4590
4592 4591
4593 4592
4594 4593
4595 4594
4596 4595
4597 4596
4598 4597
4599 4598
4600 4599
4601 4600
4602 4601
4603 4602
4604 4603
4605 4604
4606 4605
4607 4606
4608 4607
4609 4608
4610 4609
4611 4610
4612 4611
4613 4612
4614 4613
4615 4614
4616 4615
4617 4616
4618 4617
4619 4618
4620 4619
4621 4620
4622 4621
4623 4622
4624 4623
4625 4624
4626 4357
4627 4358
4628 4359
4629 4360
4630 4361
4631 4362
4632 4363
4633 4364
4634 4365
4635 4366
4636 4367
4637 4368
4638 4369
4639 4370
4640 4371
4641 4372
4642 4373
4643 4374
4644 4375
4645 4376
4646 4377
4647 4378
4648 4379
4649 4380
4650 4381
4651 4382
4652 4383
4653 4384
4654 4385
4655 4386
4656 4387
4657 4388
4658 4389
4659 4390
4660 4391
4661 4392
4662 4393
4663 4394
4664 4395
4665 4396
4666 4397
4667 4398
4668 4399
4669 4400
4670 4401
4671 4402
4672 4403
4673 4404
4674 4405
4675 4406
4676 4407
4677 4408
4678 4409
4679 4410
4680 4411
4681 4412
4682 4413
4683 4414
4684 4415
4685 4416
4686 4417
4687 4418
4688 4419
4689 4420
4690 4421
4691 4422
4692 4423
4693 4694
4694 4695
4695 4696
4696 4697
4697 4698
4698 4699
4699 4700
4700 4701
4701 4702
4702 4703
4703 4704
4704 4705
4705 4706
4706 4707
4707 4708
4708 4709
4709 4710
4710 4711
4711 4712
4712 4713
4713 4714
4714 4715
4715 4716
4716 4717
4717 4718
4718 4719
4719 4720
4720 4721
4721 4722
4722 4723
4723 4724
4724 4725
4725 4726
4726 4727
4727 4728
4728 4729
4729 4730
4730 4731
4731 4732
4732 4733
4733 4734
4734 4735
4735 4736
4736 4737
4737 4738
4738 4739
4739 4740
4740 4741
4741 4742
4742 4743
4743 4744
4744 4745
4745 4746
4746 4747
4747 4748
4748 4749
4749 4750
4750 4751
4751 4752
4752 4753
4753 4754
4754 4755
4755 4756
4756 4757
4757 4758
4758 4759
4759 4760
4760 4761
4761 4762
4762 5043
4763 5044
4764 5045
4765 5046
4766 5047
4767 5048
4768 5049
4769 5050
4770 5051
4771 5052
4772 5053
4773 5054
4774 5055
4775 5056
4776 5057
4777 5058
4778 5059
4779 5060
4780 5061
4781 5062
4782 5063
4783 5064
4784 5065
4785 5066
4786 5067
4787 5068
4788 5069
4789 5070
4790 5071
4791 5072
4792 5073
4793 5074
4794 5075
4795 5076
4796 5077
4797 5078
4798 5079
4799 5080
4800 5081
4801 5082
4802 5083
4803 5084
4804 5085
4805 5086
4806 5087
4807 5088
4808 5089
4809 5090
4810 5091
4811 5092
4812 5093
4813 5094
4814 5095
4815 5096
4816 5097
4817 5098
4818 5099
4819 5100
4820 5101
4821 5102
4822 5103
4823 5104
4824 5105
4825 5106
4826 5107
4827 5108
4828 5109
4829 5110
4830 5111
4831 5112
4832 4831
4833 4832
4834 4833
4835 4834
4836 4835
4837 4836
4838 4837
4839 4838
4840 4839
4841 4840
4842 4841
4843 4842
4844 4843
4845 4844
4846 4845
4847 4846
4848 4847
4849 4848
4850 4849
4851 4850
4852 4851
4853 4852
4854 4853
4855 4854
4856 4855
4857 4856
4858 4857
4859 4858
4860 4859
4861 4860
4862 4861
4863 4862
4864 4863
4865 4864
4866 4865
4867 4866
4868 4867
4869 4868
4870 4869
4871 4870
4872 4871
4873 4872
4874 4873
4875 4874
4876 4875
4877 4876
4878 4877
4879 4878
4880 4879
4881 4880
4882 4881
4883 4882
4884 4883
4885 4884
4886 4885
4887 4886
4888 4887
4889 4888
4890 4889
4891 4890
4892 4891
4893 4892
4894 4893
4895 4894
4896 4895
4897 4896
4898 4897
4899 4898
4900 4899
4901 4900
4902 4625
4903 4626
4904 4627
4905 4628
4906 4629
4907 4630
4908 4631
4909 4632
4910 4633
4911 4634
4912 4635
4913 4636
4914 4637
4915 4638
4916 4639
4917 4640
4918 4641
4919 4642
4920 4643
4921 4644
4922 4645
4923 4646
4924 4647
4925 4648
4926 4649
4927 4650
4928 4651
4929 4652
4930 4653
4931 4654
4932 4655
4933 4656
4934 4657
4935 4658
4936 4659
4937 4660
4938 4661
4939 4662
4940 4663
4941 4664
4942 4665
4943 4666
4944 4667
4945 4668
4946 4669
4947 4670
4948 4671
4949 4672
4950 4673
4951 4674
4952 4675
4953 4676
4954 4677
4955 4678
4956 4679
4957 4680
4958 4681
4959 4682
4960 4683
4961 4684
4962 4685
4963 4686
4964 4687
4965 4688
4966 4689
4967 4690
4968 4691
4969 4692
4970 4693
4971 4972
4972 4973
4973 4974
4974 4975
4975 4976
4976 4977
4977 4978
4978 4979
4979 4980
4980 4981
4981 4982
4982 4983
4983 4984
4984 4985
4985 4986
4986 4987
4987 4988
4988 4989
4989 4990
4990 4991
4991 4992
4992 4993
4993 4994
4994 4995
4995 4996
4996 4997
4997 4998
4998 4999
4999 5000
5000 5001
5001 5002
5002 5003
5003 5004
5004 5005
5005 5006
5006 5007
5007 5008
5008 5009
5009 5010
5010 5011
5011 5012
5012 5013
5013 5014
5014 5015
5015 5016
5016 5017
5017 5018
5018 5019
5019 5020
5020 5021
5021 5022
5022 5023
5023 5024
5024 5025
5025 5026
5026 5027
5027 5028
5028 5029
5029 5030
5030 5031
5031 5032
5032 5033
5033 5034
5034 5035
5035 5036
5036 5037
5037 5038
5038 5039
5039 5040
5040 5041
5041 5042
5042 5331
5043 5332
5044 5333
5045 5334
5046 5335
5047 5336
5048 5337
5049 5338
5050 5339
5051 5340
5052 5341
5053 5342
5054 5343
5055 5344
5056 5345
5057 5346
5058 5347
5059 5348
5060 5349
5061 5350
5062 5351
5063 5352
5064 5353
5065 5354
5066 5355
5067 5356
5068 5357
5069 5358
5070 5359
5071 5360
5072 5361
5073 5362
5074 5363
5075 5364
5076 5365
5077 5366
5078 5367
5079 5368
5080 5369
5081 5370
5082 5371
5083 5372
5084 5373
5085 5374
5086 5375
5087 5376
5088 5377
5089 5378
5090 5379
5091 5380
5092 5381
5093 5382
5094 5383
5095 5384
5096 5385
5097 5386
5098 5387
5099 5388
5100 5389
5101 5390
5102 5391
5103 5392
5104 5393
5105 5394
5106 5395
5107 5396
5108 5397
5109 5398
5110 5399
5111 5400
5112 5401
5113 5402
5114 5113
5115 5114
5116 5115
5117 5116
5118 5117
5119 5118
5120 5119
5121 5120
5122 5121
5123 5122
5124 5123
5125 5124
5126 5125
5127 5126
5128 5127
5129 5128
5130 5129
5131 5130
5132 5131
5133 5132
5134 5133
5135 5134
5136 5135
5137 5136
5138 5137
5139 5138
5140 5139
5141 5140
5142 5141
5143 5142
5144 5143
5145 5144
5146 5145
5147 5146
5148 5147
5149 5148
5150 5149
5151 5150
5152 5151
5153 5152
5154 5153
5155 5154
5156 5155
5157 5156
5158 5157
5159 5158
5160 5159
5161 5160
5162 5161
5163 5162
5164 5163
5165 5164
5166 5165
5167 5166
5168 5167
5169 5168
5170 5169
5171 5170
5172 5171
5173 5172
5174 5173
5175 5174
5176 5175
5177 5176
5178 5177
5179 5178
5180 5179
5181 5180
5182 5181
5183 5182
5184 5183
5185 5184
5186 4901
5187 4902
5188 4903
5189 4904
5190 4905
5191 4906
5192 4907
5193 4908
5194 4909
5195 4910
5196 4911
5197 4912
5198 4913
5199 4914
5200 4915
5201 4916
5202 4917
5203 4918
5204 4919
5205 4920
5206 4921
5207 4922
5208 4923
5209 4924
5210 4925
5211 4926
5212 4927
5213 4928
5214 4929
5215 4930
5216 4931
5217 4932
5218 4933
5219 4934
5220 4935
5221 4936
5222 4937
5223 4938
5224 4939
5225 4940
5226 4941
5227 4942
5228 4943
5229 4944
5230 4945
5231 4946
5232 4947
5233 4948
5234 4949
5235 4950
5236 4951
5237 4952
5238 4953
5239 4954
5240 4955
5241 4956
5242 4957
5243 4958
5244 4959
5245 4960
5246 4961
5247 4962
5248 4963
5249 4964
5250 4965
5251 4966
5252 4967
5253 4968
5254 4969
5255 4970
5256 4971
5257 5258
5258 5259
5259 5260
5260 5261
5261 5262
5262 5263
5263 5264
5264 5265
5265 5266
5266 5267
5267 5268
5268 5269
5269 5270
5270 5271
5271 5272
5272 5273
5273 5274
5274 5275
5275 5276
5276 5277
5277 5278
5278 5279
5279 5280
5280 5281
5281 5282
5282 5283
5283 5284
5284 5285
5285 5286
5286 5287
5287 5288
5288 5289
5289 5290
5290 5291
5291 5292
5292 5293
5293 5294
5294 5295
5295 5296
5296 5297
5297 5298
5298 5299
5299 5300
5300 5301
5301 5302
5302 5303
5303 5304
5304 5305
5305 5306
5306 5307
5307 5308
5308 5309
5309 5310
5310 5311
5311 5312
5312 5313
5313 5314
5314 5315
5315 5316
5316 5317
5317 5318
5318 5319
5319 5320
5320 5321
5321 5322
5322 5323
5323 5324
5324 5325
5325 5326
5326 5327
5327 5328
5328 5329
5329 5330
5330 5627
5331 5628
5332 5629
5333 5630
5334 5631
5335 5632
5336 5633
5337 5634
5338 5635
5339 5636
5340 5637
5341 5638
5342 5639
5343 5640
5344 5641
5345 5642
5346 5643
5347 5644
5348 5645
5349 5646
5350 5647
5351 5648
5352 5649
5353 5650
5354 5651
5355 5652
5356 5653
5357 5654
5358 5655
5359 5656
5360 5657
5361 5658
5362 5659
5363 5660
5364 5661
5365 5662
5366 5663
5367 5664
5368 5665
5369 5666
5370 5667
5371 5668
5372 5669
5373 5670
5374 5671
5375 5672
5376 5673
5377 5674
5378 5675
5379 5676
5380 5677
5381 5678
5382 5679
5383 5680
5384 5681
5385 5682
5386 5683
5387 5684
5388 5685
5389 5686
5390 5687
5391 5688
5392 5689
5393 5690
5394 5691
5395 5692
5396 5693
5397 5694
5398 5695
5399 5696
5400 5697
5401 5698
5402 5699
5403 5700
5404 5403
5405 5404
5406 5405
5407 5406
5408 5407
5409 5408
5410 5409
5411 5410
5412 5411
5413 5412
5414 5413
5415 5414
5416 5415
5417 5416
5418 5417
5419 5418
5420 5419
5421 5420
5422 5421
5423 5422
5424 5423
5425 5424
5426 5425
5427 5426
5428 5427
5429 5428
5430 5429
5431 5430
5432 5431
5433 5432
5434 5433
5435 5434
5436 5435
5437 5436
5438 5437
5439 5438
5440 5439
5441 5440
5442 5441
5443 5442
5444 5443
5445 5444
5446 5445
5447 5446
5448 5447
5449 5448
5450 5449
5451 5450
5452 5451
5453 5452
5454 5453
5455 5454
5456 5455
5457 5456
5458 5457
5459 5458
5460 5459
5461 5460
5462 5461
5463 5462
5464 5463
5465 5464
5466 5465
5467 5466
5468 5467
5469 5468
5470 5469
5471 5470
5472 5471
5473 5472
5474 5473
5475 5474
5476 5475
5477 5476
5478 5185
5479 5186
5480 5187
5481 5188
5482 5189
5483 5190
5484 5191
5485 5192
5486 5193
5487 5194
5488 5195
5489 5196
5490 5197
5491 5198
5492 5199
5493 5200
5494 5201
5495 5202
5496 5203
5497 5204
5498 5205
5499 5206
5500 5207
5501 5208
5502 5209
5503 5210
5504 5211
5505 5212
5506 5213
5507 5214
5508 5215
5509 5216
5510 5217
5511 5218
5512 5219
5513 5220
5514 5221
5515 5222
5516 5223
5517 5224
5518 5225
5519 5226
5520 5227
5521 5228
5522 5229
5523 5230
5524 5231
5525 5232
5526 5233
5527 5234
5528 5235
5529 5236
5530 5237
5531 5238
5532 5239
5533 5240
5534 5241
5535 5242
5536 5243
5537 5244
5538 5245
5539 5246
5540 5247
5541 5248
5542 5249
5543 5250
5544 5251
5545 5252
5546 5253
5547 5254
5548 5255
5549 5256
5550 5257
5551 5552
5552 5553
5553 5554
5554 5555
5555 5556
5556 5557
5557 5558
5558 5559
5559 5560
5560 5561
5561 5562
5562 5563
5563 5564
5564 5565
5565 5566
5566 5567
5567 5568
5568 5569
5569 5570
5570 5571
5571 5572
5572 5573
5573 5574
5574 5575
5575 5576
5576 5577
5577 5578
5578 5579
5579 5580
5580 5581
5581 5582
5582 5583
5583 5584
5584 5585
5585 5586
5586 5587
5587 5588
5588 5589
5589 5590
5590 5591
5591 5592
5592 5593
5593 5594
5594 5595
5595 5596
5596 5597
5597 5598
5598 5599
5599 5600
5600 5601
5601 5602
5602 5603
5603 5604
5604 5605
5605 5606
5606 5607
5607 5608
5608 5609
5609 5610
5610 5611
5611 5612
5612 5613
5613 5614
5614 5615
5615 5616
5616 5617
5617 5618
5618 5619
5619 5620
5620 5621
5621 5622
5622 5623
5623 5624
5624 5625
5625 5626
5626 5931
5627 5932
5628 5933
5629 5934
5630 5935
5631 5936
5632 5937
5633 5938
5634 5939
5635 5940
5636 5941
5637 5942
5638 5943
5639 5944
5640 5945
5641 5946
5642 5947
5643 5948
5644 5949
5645 5950
5646 5951
5647 5952
5648 5953
5649 5954
5650 5955
5651 5956
5652 5957
5653 5958
5654 5959
5655 5960
5656 5961
5657 5962
5658 5963
5659 5964
5660 5965
5661 5966
5662 5967
5663 5968
5664 5969
5665 5970
5666 5971
5667 5972
5668 5973
5669 5974
5670 5975
5671 5976
5672 5977
5673 5978
5674 5979
5675 5980
5676 5981
5677 5982
5678 5983
5679 5984
5680 5985
5681 5986
5682 5987
5683 5988
5684 5989
5685 5990
5686 5991
5687 5992
5688 5993
5689 5994
5690 5995
5691 5996
5692 5997
5693 5998
5694 5999
5695 6000
5696 6001
5697 6002
5698 6003
5699 6004
5700 6005
5701 6006
5702 5701
5703 5702
5704 5703
5705 5704
5706 5705
5707 5706
5708 5707
5709 5708
5710 5709
5711 5710
5712 5711
5713 5712
5714 5713
5715 5714
5716 5715
5717 5716
5718 5717
5719 5718
5720 5719
5721 5720
5722 5721
5723 5722
5724 5723
5725 5724
5726 5725
5727 5726
5728 5727
5729 5728
5730 5729
5731 5730
5732 5731
5733 5732
5734 5733
5735 5734
5736 5735
5737 5736
5738 5737
5739 5738
5740 5739
5741 5740
5742 5741
5743 5742
5744 5743
5745 5744
5746 5745
5747 5746
5748 5747
5749 5748
5750 5749
5751 5750
5752 5751
5753 5752
5754 5753
5755 5754
5756 5755
5757 5756
5758 5757
5759 5758
5760 5759
5761 5760
5762 5761
5763 5762
5764 5763
5765 5764
5766 5765
5767 5766
5768 5767
5769 5768
5770 5769
5771 5770
5772 5771
5773 5772
5774 5773
5775 5774
5776 5775
5777 5776
5778 5477
5779 5478
5780 5479
5781 5480
5782 5481
5783 5482
5784 5483
5785 5484
5786 5485
5787 5486
5788 5487
5789 5488
5790 5489
5791 5490
5792 5491
5793 5492
5794 5493
5795 5494
5796 5495
5797 5496
5798 5497
5799 5498
5800 5499
5801 5500
5802 5501
5803 5502
5804 5503
5805 5504
5806 5505
5807 5506
5808 5507
5809 5508
5810 5509
5811 5510
5812 5511
5813 5512
5814 5513
5815 5514
5816 5515
5817 5516
5818 5517
5819 5518
5820 5519
5821 5520
5822 5521
5823 5522
5824 5523
5825 5524
5826 5525
5827 5526
5828 5527
5829 5528
5830 5529
5831 5530
5832 5531
5833 5532
5834 5533
5835 5534
5836 5535
5837 5536
5838 5537
5839 5538
5840 5539
5841 5540
5842 5541
5843 5542
5844 5543
5845 5544
5846 5545
5847 5546
5848 5547
5849 5548
5850 5549
5851 5550
5852 5551
5853 5854
5854 5855
5855 5856
5856 5857
5857 5858
5858 5859
5859 5860
5860 5861
5861 5862
5862 5863
5863 5864
5864 5865
5865 5866
5866 5867
5867 5868
5868 5869
5869 5870
5870 5871
5871 5872
5872 5873
5873 5874
5874 5875
5875 5876
5876 5877
5877 5878
5878 5879
5879 5880
5880 5881
5881 5882
5882 5883
5883 5884
5884 5885
5885 5886
5886 5887
5887 5888
5888 5889
5889 5890
5890 5891
5891 5892
5892 5893
5893 5894
5894 5895
5895 5896
5896 5897
5897 5898
5898 5899
5899 5900
5900 5901
5901 5902
5902 5903
5903 5904
5904 5905
5905 5906
5906 5907
5907 5908
5908 5909
5909 5910
5910 5911
5911 5912
5912 5913
5913 5914
5914 5915
5915 5916
5916 5917
5917 5918
5918 5919
5919 5920
5920 5921
5921 5922
5922 5923
5923 5924
5924 5925
5925 5926
5926 5927
5927 5928
5928 5929
5929 5930
5930 6243
5931 6244
5932 6245
5933 6246
5934 6247
5935 6248
5936 6249
5937 6250
5938 6251
5939 6252
5940 6253
5941 6254
5942 6255
5943 6256
5944 6257
5945 6258
5946 6259
5947 6260
5948 6261
5949 6262
5950 6263
5951 6264
5952 6265
5953 6266
5954 6267
5955 6268
5956 6269
5957 6270
5958 6271
5959 6272
5960 6273
5961 6274
5962 6275
5963 6276
5964 6277
5965 6278
5966 6279
5967 6280
5968 6281
5969 6282
5970 6283
5971 6284
5972 6285
5973 6286
5974 6287
5975 6288
5976 6289
5977 6290
5978 6291
5979 6292
5980 6293
5981 6294
5982 6295
5983 6296
5984 6297
5985 6298
5986 6299
5987 6300
5988 6301
5989 6302
5990 6303
5991 6304
5992 6305
5993 6306
5994 6307
5995 6308
5996 6309
5997 6310
5998 6311
5999 6312
6000 6313
6001 6314
6002 6315
6003 6316
6004 6317
6005 6318
6006 6319
6007 6320
6008 6007
6009 6008
6010 6009
6011 6010
6012 6011
6013 6012
6014 6013
6015 6014
6016 6015
6017 6016
6018 6017
6019 6018
6020 6019
6021 6020
6022 6021
6023 6022
6024 6023
6025 6024
6026 6025
6027 6026
6028 6027
6029 6028
6030 6029
6031 6030
6032 6031
6033 6032
6034 6033
6035 6034
6036 6035
6037 6036
6038 6037
6039 6038
6040 6039
6041 6040
6042 6041
6043 6042
6044 6043
6045 6044
6046 6045
6047 6046
6048 6047
6049 6048
6050 6049
6051 6050
6052 6051
6053 6052
6054 6053
6055 6054
6056 6055
6057 6056
6058 6057
6059 6058
6060 6059
6061 6060
6062 6061
6063 6062
6064 6063
6065 6064
6066 6065
6067 6066
6068 6067
6069 6068
6070 6069
6071 6070
6072 6071
6073 6072
6074 6073
6075 6074
6076 6075
6077 6076
6078 6077
6079 6078
6080 6079
6081 6080
6082 6081
6083 6082
6084 6083
6085 6084
6086 5777
6087 5778
6088 5779
6089 5780
6090 5781
6091 5782
6092 5783
6093 5784
6094 5785
6095 5786
6096 5787
6097 5788
6098 5789
6099 5790
6100 5791
6101 5792
6102 5793
6103 5794
6104 5795
6105 5796
6106 5797
6107 5798
6108 5799
6109 5800
6110 5801
6111 5802
6112 5803
6113 5804
6114 5805
6115 5806
6116 5807
6117 5808
6118 5809
6119 5810
6120 5811
6121 5812
6122 5813
6123 5814
6124 5815
6125 5816
6126 5817
6127 5818
6128 5819
6129 5820
6130 5821
6131 5822
6132 5823
6133 5824
6134 5825
6135 5826
6136 5827
6137 5828
6138 5829
6139 5830
6140 5831
6141 5832
6142 5833
6143 5834
6144 5835
6145 5836
6146 5837
6147 5838
6148 5839
6149 5840
6150 5841
6151 5842
6152 5843
6153 5844
6154 5845
6155 5846
6156 5847
6157 5848
6158 5849
6159 5850
6160 5851
6161 5852
6162 5853
6163 6164
6164 6165
6165 6166
6166 6167
6167 6168
6168 6169
6169 6170
6170 6171
6171 6172
6172 6173
6173 6174
6174 6175
6175 6176
6176 6177
6177 6178
6178 6179
6179 6180
6180 6181
6181 6182
6182 6183
6183 6184
6184 6185
6185 6186
6186 6187
6187 6188
6188 6189
6189 6190
6190 6191
6191 6192
6192 6193
6193 6194
6194 6195
6195 6196
6196 6197
6197 6198
6198 6199
6199 6200
6200 6201
6201 6202
6202 6203
6203 6204
6204 6205
6205 6206
6206 6207
6207 6208
6208 6209
6209 6210
6210 6211
6211 6212
6212 6213
6213 6214
6214 6215
6215 6216
6216 6217
6217 6218
6218 6219
6219 6220
6220 6221
6221 6222
6222 6223
6223 6224
6224 6225
6225 6226
6226 6227
6227 6228
6228 6229
6229 6230
6230 6231
6231 6232
6232 6233
6233 6234
6234 6235
6235 6236
6236 6237
6237 6238
6238 6239
6239 6240
6240 6241
6241 6242
6242 6563
6243 6564
6244 6565
6245 6566
6246 6567
6247 6568
6248 6569
6249 6570
6250 6571
6251 6572
6252 6573
6253 6574
6254 6575
6255 6576
6256 6577
6257 6578
6258 6579
6259 6580
6260 6581
6261 6582
6262 6583
6263 6584
6264 6585
6265 6586
6266 6587
6267 6588
6268 6589
6269 6590
6270 6591
6271 6592
6272 6593
6273 6594
6274 6595
6275 6596
6276 6597
6277 6598
6278 6599
6279 6600
6280 6601
6281 6602
6282 6603
6283 6604
6284 6605
6285 6606
6286 6607
6287 6608
6288 6609
6289 6610
6290 6611
6291 6612
6292 6613
6293 6614
6294 6615
6295 6616
6296 6617
6297 6618
6298 6619
6299 6620
6300 6621
6301 6622
6302 6623
6303 6624
6304 6625
6305 6626
6306 6627
6307 6628
6308 6629
6309 6630
6310 6631
6311 6632
6312 6633
6313 6634
6314 6635
6315 6636
6316 6637
6317 6638
6318 6639
6319 6640
6320 6641
6321 6642
6322 6321
6323 6322
6324 6323
6325 6324
6326 6325
6327 6326
6328 6327
6329 6328
6330 6329
6331 6330
6332 6331
6333 6332
6334 6333
6335 6334
6336 6335
6337 6336
6338 6337
6339 6338
6340 6339
6341 6340
6342 6341
6343 6342
6344 6343
6345 6344
6346 6345
6347 6346
6348 6347
6349 6348
6350 6349
6351 6350
6352 6351
6353 6352
6354 6353
6355 6354
6356 6355
6357 6356
6358 6357
6359 6358
6360 6359
6361 6360
6362 6361
6363 6362
6364 6363
6365 6364
6366 6365
6367 6366
6368 6367
6369 6368
6370 6369
6371 6370
6372 6371
6373 6372
6374 6373
6375 6374
6376 6375
6377 6376
6378 6377
6379 6378
6380 6379
6381 6380
6382 6381
6383 6382
6384 6383
6385 6384
6386 6385
6387 6386
6388 6387
6389 6388
6390 6389
6391 6390
6392 6391
6393 6392
6394 6393
6395 6394
6396 6395
6397 6396
6398 6397
6399 6398
6400 6399
6401 6400
6402 6085
6403 6086
6404 6087
6405 6088
6406 6089
6407 6090
6408 6091
6409 6092
6410 6093
6411 6094
6412 6095
6413 6096
6414 6097
6415 6098
6416 6099
6417 6100
6418 6101
6419 6102
6420 6103
6421 6104
6422 6105
6423 6106
6424 6107
6425 6108
6426 6109
6427 6110
6428 6111
6429 6112
6430 6113
6431 6114
6432 6115
6433 6116
6434 6117
6435 6118
6436 6119
6437 6120
6438 6121
6439 6122
6440 6123
6441 6124
6442 6125
6443 6126
6444 6127
6445 6128
6446 6129
6447 6130
6448 6131
6449 6132
6450 6133
6451 6134
6452 6135
6453 6136
6454 6137
6455 6138
6456 6139
6457 6140
6458 6141
6459 6142
6460 6143
6461 6144
6462 6145
6463 6146
6464 6147
6465 6148
6466 6149
6467 6150
6468 6151
6469 6152
6470 6153
6471 6154
6472 6155
6473 6156
6474 6157
6475 6158
6476 6159
6477 6160
6478 6161
6479 6162
6480 6163
6481 6482
6482 6483
6483 6484
6484 6485
6485 6486
6486 6487
6487 6488
6488 6489
6489 6490
6490 6491
6491 6492
6492 6493
6493 6494
6494 6495
6495 6496
6496 6497
6497 6498
6498 6499
6499 6500
6500 6501
6501 6502
6502 6503
6503 6504
6504 6505
6505 6506
6506 6507
6507 6508
6508 6509
6509 6510
6510 6511
6511 6512
6512 6513
6513 6514
6514 6515
6515 6516
6516 6517
6517 6518
6518 6519
6519 6520
6520 6521
6521 6522
6522 6523
6523 6524
6524 6525
6525 6526
6526 6527
6527 6528
6528 6529
6529 6530
6530 6531
6531 6532
6532 6533
6533 6534
6534 6535
6535 6536
6536 6537
6537 6538
6538 6539
6539 6540
6540 6541
6541 6542
6542 6543
6543 6544
6544 6545
6545 6546
6546 6547
6547 6548
6548 6549
6549 6550
6550 6551
6551 6552
6552 6553
6553 6554
6554 6555
6555 6556
6556 6557
6557 6558
6558 6559
6559 6560
6560 6561
6561 6562
6562 6891
6563 6892
6564 6893
6565 6894
6566 6895
6567 6896
6568 6897
6569 6898
6570 6899
6571 6900
6572 6901
6573 6902
6574 6903
6575 6904
6576 6905
6577 6906
6578 6907
6579 6908
6580 6909
6581 6910
6582 6911
6583 6912
6584 6913
6585 6914
6586 6915
6587 6916
6588 6917
6589 6918
6590 6919
6591 6920
6592 6921
6593 6922
6594 6923
6595 6924
6596 6925
6597 6926
6598 6927
6599 6928
6600 6929
6601 6930
6602 6931
6603 6932
6604 6933
6605 6934
6606 6935
6607 6936
6608 6937
6609 6938
6610 6939
6611 6940
6612 6941
6613 6942
6614 6943
6615 6944
6616 6945
6617 6946
6618 6947
6619 6948
6620 6949
6621 6950
6622 6951
6623 6952
6624 6953
6625 6954
6626 6955
6627 6956
6628 6957
6629 6958
6630 6959
6631 6960
6632 6961
6633 6962
6634 6963
6635 6964
6636 6965
6637 6966
6638 6967
6639 6968
6640 6969
6641 6970
6642 6971
6643 6972
6644 6643
6645 6644
6646 6645
6647 6646
6648 6647
6649 6648
6650 6649
6651 6650
6652 6651
6653 6652
6654 6653
6655 6654
6656 6655
6657 6656
6658 6657
6659 6658
6660 6659
6661 6660
6662 6661
6663 6662
6664 6663
6665 6664
6666 6665
6667 6666
6668 6667
6669 6668
6670 6669
6671 6670
6672 6671
6673 6672
6674 6673
6675 6674
6676 6675
6677 6676
6678 6677
6679 6678
6680 6679
6681 6680
6682 6681
6683 6682
6684 6683
6685 6684
6686 6685
6687 6686
6688 6687
6689 6688
6690 6689
6691 6690
6692 6691
6693 6692
6694 6693
6695 6694
6696 6695
6697 6696
6698 6697
6699 6698
6700 6699
6701 6700
6702 6701
6703 6702
6704 6703
6705 6704
6706 6705
6707 6706
6708 6707
6709 6708
6710 6709
6711 6710
6712 6711
6713 6712
6714 6713
6715 6714
6716 6715
6717 6716
6718 6717
6719 6718
6720 6719
6721 6720
6722 6721
6723 6722
6724 6723
6725 6724
6726 6401
6727 6402
6728 6403
6729 6404
6730 6405
6731 6406
6732 6407
6733 6408
6734 6409
6735 6410
6736 6411
6737 6412
6738 6413
6739 6414
6740 6415
6741 6416
6742 6417
6743 6418
6744 6419
6745 6420
6746 6421
6747 6422
6748 6423
6749 6424
6750 6425
6751 6426
6752 6427
6753 6428
6754 6429
6755 6430
6756 6431
6757 6432
6758 6433
6759 6434
6760 6435
6761 6436
6762 6437
6763 6438
6764 6439
6765 6440
6766 6441
6767 6442
6768 6443
6769 6444
6770 6445
6771 6446
6772 6447
6773 6448
6774 6449
6775 6450
6776 6451
6777 6452
6778 6453
6779 6454
6780 6455
6781 6456
6782 6457
6783 6458
6784 6459
6785 6460
6786 6461
6787 6462
6788 6463
6789 6464
6790 6465
6791 6466
6792 6467
6793 6468
6794 6469
6795 6470
6796 6471
6797 6472
6798 6473
6799 6474
6800 6475
6801 6476
6802 6477
6803 6478
6804 6479
6805 6480
6806 6481
6807 6808
6808 6809
6809 6810
6810 6811
6811 6812
6812 6813
6813 6814
6814 6815
6815 6816
6816 6817
6817 6818
6818 6819
6819 6820
6820 6821
6821 6822
6822 6823
6823 6824
6824 6825
6825 6826
6826 6827
6827 6828
6828 6829
6829 6830
6830 6831
6831 6832
6832 6833
6833 6834
6834 6835
6835 6836
6836 6837
6837 6838
6838 6839
6839 6840
6840 6841
6841 6842
6842 6843
6843 6844
6844 6845
6845 6846
6846 6847
6847 6848
6848 6849
6849 6850
6850 6851
6851 6852
6852 6853
6853 6854
6854 6855
6855 6856
6856 6857
6857 6858
6858 6859
6859 6860
6860 6861
6861 6862
6862 6863
6863 6864
6864 6865
6865 6866
6866 6867
6867 6868
6868 6869
6869 6870
6870 6871
6871 6872
6872 6873
6873 6874
6874 6875
6875 6876
6876 6877
6877 6878
6878 6879
6879 6880
6880 6881
6881 6882
6882 6883
6883 6884
6884 6885
6885 6886
6886 6887
6887 6888
6888 6889
6889 6890
6890 7227
6891 7228
6892 7229
6893 7230
6894 7231
6895 7232
6896 7233
6897 7234
6898 7235
6899 7236
6900 7237
6901 7238
6902 7239
6903 7240
6904 7241
6905 7242
6906 7243
6907 7244
6908 7245
6909 7246
6910 7247
6911 7248
6912 7249
6913 7250
6914 7251
6915 7252
6916 7253
6917 7254
6918 7255
6919 7256
6920 7257
6921 7258
6922 7259
6923 7260
6924 7261
6925 7262
6926 7263
6927 7264
6928 7265
6929 7266
6930 7267
6931 7268
6932 7269
6933 7270
6934 7271
6935 7272
6936 7273
6937 7274
6938 7275
6939 7276
6940 7277
6941 7278
6942 7279
6943 7280
6944 7281
6945 7282
6946 7283
6947 7284
6948 7285
6949 7286
6950 7287
6951 7288
6952 7289
6953 7290
6954 7291
6955 7292
6956 7293
6957 7294
6958 7295
6959 7296
6960 7297
6961 7298
6962 7299
6963 7300
6964 7301
6965 7302
6966 7303
6967 7304
6968 7305
6969 7306
6970 7307
6971 7308
6972 7309
6973 7310
6974 6973
6975 6974
6976 6975
6977 6976
6978 6977
6979 6978
6980 6979
6981 6980
6982 6981
6983 6982
6984 6983
6985 6984
6986 6985
6987 6986
6988 6987
6989 6988
6990 6989
6991 6990
6992 6991
6993 6992
6994 6993
6995 6994
6996 6995
6997 6996
6998 6997
6999 6998
7000 6999
7001 7000
7002 7001
7003 7002
7004 7003
7005 7004
7006 7005
7007 7006
7008 7007
7009 7008
7010 7009
7011 7010
7012 7011
7013 7012
7014 7013
7015 7014
7016 7015
7017 7016
7018 7017
7019 7018
7020 7019
7021 7020
7022 7021
7023 7022
7024 7023
7025 7024
7026 7025
7027 7026
7028 7027
7029 7028
7030 7029
7031 7030
7032 7031
7033 7032
7034 7033
7035 7034
7036 7035
7037 7036
7038 7037
7039 7038
7040 7039
7041 7040
7042 7041
7043 7042
7044 7043
7045 7044
7046 7045
7047 7046
7048 7047
7049 7048
7050 7049
7051 7050
7052 7051
7053 7052
7054 7053
7055 7054
7056 7055
7057 7056
7058 6725
7059 6726
7060 6727
7061 6728
7062 6729
7063 6730
7064 6731
7065 6732
7066 6733
7067 6734
7068 6735
7069 6736
7070 6737
7071 6738
7072 6739
7073 6740
7074 6741
7075 6742
7076 6743
7077 6744
7078 6745
7079 6746
7080 6747
7081 6748
7082 6749
7083 6750
7084 6751
7085 6752
7086 6753
7087 6754
7088 6755
7089 6756
7090 6757
7091 6758
7092 6759
7093 6760
7094 6761
7095 6762
7096 6763
7097 6764
7098 6765
7099 6766
7100 6767
7101 6768
7102 6769
7103 6770
7104 6771
7105 6772
7106 6773
7107 6774
7108 6775
7109 6776
7110 6777
7111 6778
7112 6779
7113 6780
7114 6781
7115 6782
7116 6783
7117 6784
7118 6785
7119 6786
7120 6787
7121 6788
7122 6789
7123 6790
7124 6791
7125 6792
7126 6793
7127 6794
7128 6795
7129 6796
7130 6797
7131 6798
7132 6799
7133 6800
7134 6801
7135 6802
7136 6803
7137 6804
7138 6805
7139 6806
7140 6807
7141 7142
7142 7143
7143 7144
7144 7145
7145 7146
7146 7147
7147 7148
7148 7149
7149 7150
7150 7151
7151 7152
7152 7153
7153 7154
7154 7155
7155 7156
7156 7157
7157 7158
7158 7159
7159 7160
7160 7161
7161 7162
7162 7163
7163 7164
7164 7165
7165 7166
7166 7167
7167 7168
7168 7169
7169 7170
7170 7171
7171 7172
7172 7173
7173 7174
7174 7175
7175 7176
7176 7177
7177 7178
7178 7179
7179 7180
7180 7181
7181 7182
7182 7183
7183 7184
7184 7185
7185 7186
7186 7187
7187 7188
7188 7189
7189 7190
7190 7191
7191 7192
7192 7193
7193 7194
7194 7195
7195 7196
7196 7197
7197 7198
7198 7199
7199 7200
7200 7201
7201 7202
7202 7203
7203 7204
7204 7205
7205 7206
7206 7207
7207 7208
7208 7209
7209 7210
7210 7211
7211 7212
7212 7213
7213 7214
7214 7215
7215 7216
7216 7217
7217 7218
7218 7219
7219 7220
7220 7221
7221 7222
7222 7223
7223 7224
7224 7225
7225 7226
7226 7571
7227 7572
7228 7573
7229 7574
7230 7575
7231 7576
7232 7577
7233 7578
7234 7579
7235 7580
7236 7581
7237 7582
7238 7583
7239 7584
7240 7585
7241 7586
7242 7587
7243 7588
7244 7589
7245 7590
7246 7591
7247 7592
7248 7593
7249 7594
7250 7595
7251 7596
7252 7597
7253 7598
7254 7599
7255 7600
7256 7601
7257 7602
7258 7603
7259 7604
7260 7605
7261 7606
7262 7607
7263 7608
7264 7609
7265 7610
7266 7611
7267 7612
7268 7613
7269 7614
7270 7615
7271 7616
7272 7617
7273 7618
7274 7619
7275 7620
7276 7621
7277 7622
7278 7623
7279 7624
7280 7625
7281 7626
7282 7627
7283 7628
7284 7629
7285 7630
7286 7631
7287 7632
7288 7633
7289 7634
7290 7635
7291 7636
7292 7637
7293 7638
7294 7639
7295 7640
7296 7641
7297 7642
7298 7643
7299 7644
7300 7645
7301 7646
7302 7647
7303 7648
7304 7649
7305 7650
7306 7651
7307 7652
7308 7653
7309 7654
7310 7655
7311 7656
7312 7311
7313 7312
7314 7313
7315 7314
7316 7315
7317 7316
7318 7317
7319 7318
7320 7319
7321 7320
7322 7321
7323 7322
7324 7323
7325 7324
7326 7325
7327 7326
7328 7327
7329 7328
7330 7329
7331 7330
7332 7331
7333 7332
7334 7333
7335 7334
7336 7335
7337 7336
7338 7337
7339 7338
7340 7339
7341 7340
7342 7341
7343 7342
7344 7343
7345 7344
7346 7345
7347 7346
7348 7347
7349 7348
7350 7349
7351 7350
7352 7351
7353 7352
7354 7353
7355 7354
7356 7355
7357 7356
7358 7357
7359 7358
7360 7359
7361 7360
7362 7361
7363 7362
7364 7363
7365 7364
7366 7365
7367 7366
7368 7367
7369 7368
7370 7369
7371 7370
7372 7371
7373 7372
7374 7373
7375 7374
7376 7375
7377 7376
7378 7377
7379 7378
7380 7379
7381 7380
7382 7381
7383 7382
7384 7383
7385 7384
7386 7385
7387 7386
7388 7387
7389 7388
7390 7389
7391 7390
7392 7391
7393 7392
7394 7393
7395 7394
7396 7395
7397 7396
7398 7057
7399 7058
7400 7059
7401 7060
7402 7061
7403 7062
7404 7063
7405 7064
7406 7065
7407 7066
7408 7067
7409 7068
7410 7069
7411 7070
7412 7071
7413 7072
7414 7073
7415 7074
7416 7075
7417 7076
7418 7077
7419 7078
7420 7079
7421 7080
7422 7081
7423 7082
7424 7083
7425 7084
7426 7085
7427 7086
7428 7087
7429 7088
7430 7089
7431 7090
7432 7091
7433 7092
7434 7093
7435 7094
7436 7095
7437 7096
7438 7097
7439 7098
7440 7099
7441 7100
7442 7101
7443 7102
7444 7103
7445 7104
7446 7105
7447 7106
7448 7107
7449 7108
7450 7109
7451 7110
7452 7111
7453 7112
7454 7113
7455 7114
7456 7115
7457 7116
7458 7117
7459 7118
7460 7119
7461 7120
7462 7121
7463 7122
7464 7123
7465 7124
7466 7125
7467 7126
7468 7127
7469 7128
7470 7129
7471 7130
7472 7131
7473 7132
7474 7133
7475 7134
7476 7135
7477 7136
7478 7137
7479 7138
7480 7139
7481 7140
7482 7141
7483 7484
7484 7485
7485 7486
7486 7487
7487 7488
7488 7489
7489 7490
7490 7491
7491 7492
7492 7493
7493 7494
7494 7495
7495 7496
7496 7497
7497 7498
7498 7499
7499 7500
7500 7501
7501 7502
7502 7503
7503 7504
7504 7505
7505 7506
7506 7507
7507 7508
7508 7509
7509 7510
7510 7511
7511 7512
7512 7513
7513 7514
7514 7515
7515 7516
7516 7517
7517 7518
7518 7519
7519 7520
7520 7521
7521 7522
7522 7523
7523 7524
7524 7525
7525 7526
7526 7527
7527 7528
7528 7529
7529 7530
7530 7531
7531 7532
7532 7533
7533 7534
7534 7535
7535 7536
7536 7537
7537 7538
7538 7539
7539 7540
7540 7541
7541 7542
7542 7543
7543 7544
7544 7545
7545 7546
7546 7547
7547 7548
7548 7549
7549 7550
7550 7551
7551 7552
7552 7553
7553 7554
7554 7555
7555 7556
7556 7557
7557 7558
7558 7559
7559 7560
7560 7561
7561 7562
7562 7563
7563 7564
7564 7565
7565 7566
7566 7567
7567 7568
7568 7569
7569 7570
7570 7923
7571 7924
7572 7925
7573 7926
7574 7927
7575 7928
7576 7929
7577 7930
7578 7931
7579 7932
7580 7933
7581 7934
7582 7935
7583 7936
7584 7937
7585 7938
7586 7939
7587 7940
7588 7941
7589 7942
7590 7943
7591 7944
7592 7945
7593 7946
7594 7947
7595 7948
7596 7949
7597 7950
7598 7951
7599 7952
7600 7953
7601 7954
7602 7955
7603 7956
7604 7957
7605 7958
7606 7959
7607 7960
7608 7961
7609 7962
7610 7963
7611 7964
7612 7965
7613 7966
7614 7967
7615 7968
7616 7969
7617 7970
7618 7971
7619 7972
7620 7973
7621 7974
7622 7975
7623 7976
7624 7977
7625 7978
7626 7979
7627 7980
7628 7981
7629 7982
7630 7983
7631 7984
7632 7985
7633 7986
7634 7987
7635 7988
7636 7989
7637 7990
7638 7991
7639 7992
7640 7993
7641 7994
7642 7995
7643 7996
7644 7997
7645 7998
7646 7999
7647 8000
7648 8001
7649 8002
7650 8003
7651 8004
7652 8005
7653 8006
7654 8007
7655 8008
7656 8009
7657 8010
7658 7657
7659 7658
7660 7659
7661 7660
7662 7661
7663 7662
7664 7663
7665 7664
7666 7665
7667 7666
7668 7667
7669 7668
7670 7669
7671 7670
7672 7671
7673 7672
7674 7673
7675 7674
7676 7675
7677 7676
7678 7677
7679 7678
7680 7679
7681 7680
7682 7681
7683 7682
7684 7683
7685 7684
7686 7685
7687 7686
7688 7687
7689 7688
7690 7689
7691 7690
7692 7691
7693 7692
7694 7693
7695 7694
7696 7695
7697 7696
7698 7697
7699 7698
7700 7699
7701 7700
7702 7701
7703 7702
7704 7703
7705 7704
7706 7705
7707 7706
7708 7707
7709 7708
7710 7709
7711 7710
7712 7711
7713 7712
7714 7713
7715 7714
7716 7715
7717 7716
7718 7717
7719 7718
7720 7719
7721 7720
7722 7721
7723 7722
7724 7723
7725 7724
7726 7725
7727 7726
7728 7727
7729 7728
7730 7729
7731 7730
7732 7731
7733 7732
7734 7733
7735 7734
7736 7735
7737 7736
7738 7737
7739 7738
7740 7739
7741 7740
7742 7741
7743 7742
7744 7743
7745 7744
7746 7397
7747 7398
7748 7399
7749 7400
7750 7401
7751 7402
7752 7403
7753 7404
7754 7405
7755 7406
7756 7407
7757 7408
7758 7409
7759 7410
7760 7411
7761 7412
7762 7413
7763 7414
7764 7415
7765 7416
7766 7417
7767 7418
7768 7419
7769 7420
7770 7421
7771 7422
7772 7423
7773 7424
7774 7425
7775 7426
7776 7427
7777 7428
7778 7429
7779 7430
7780 7431
7781 7432
7782 7433
7783 7434
7784 7435
7785 7436
7786 7437
7787 7438
7788 7439
7789 7440
7790 7441
7791 7442
7792 7443
7793 7444
7794 7445
7795 7446
7796 7447
7797 7448
7798 7449
7799 7450
7800 7451
7801 7452
7802 7453
7803 7454
7804 7455
7805 7456
7806 7457
7807 7458
7808 7459
7809 7460
7810 7461
7811 7462
7812 7463
7813 7464
7814 7465
7815 7466
7816 7467
7817 7468
7818 7469
7819 7470
7820 7471
7821 7472
7822 7473
7823 7474
7824 7475
7825 7476
7826 7477
7827 7478
7828 7479
7829 7480
7830 7481
7831 7482
7832 7483
7833 7834
7834 7835
7835 7836
7836 7837
7837 7838
7838 7839
7839 7840
7840 7841
7841 7842
7842 7843
7843 7844
7844 7845
7845 7846
7846 7847
7847 7848
7848 7849
7849 7850
7850 7851
7851 7852
7852 7853
7853 7854
7854 7855
7855 7856
7856 7857
7857 7858
7858 7859
7859 7860
7860 7861
7861 7862
7862 7863
7863 7864
7864 7865
7865 7866
7866 7867
7867 7868
7868 7869
7869 7870
7870 7871
7871 7872
7872 7873
7873 7874
7874 7875
7875 7876
7876 7877
7877 7878
7878 7879
7879 7880
7880 7881
7881 7882
7882 7883
7883 7884
7884 7885
7885 7886
7886 7887
7887 7888
7888 7889
7889 7890
7890 7891
7891 7892
7892 7893
7893 7894
7894 7895
7895 7896
7896 7897
7897 7898
7898 7899
7899 7900
7900 7901
7901 7902
7902 7903
7903 7904
7904 7905
7905 7906
7906 7907
7907 7908
7908 7909
7909 7910
7910 7911
7911 7912
7912 7913
7913 7914
7914 7915
7915 7916
7916 7917
7917 7918
7918 7919
7919 7920
7920 7921
7921 7922
7922 8283
7923 8284
7924 8285
7925 8286
7926 8287
7927 8288
7928 8289
7929 8290
7930 8291
7931 8292
7932 8293
7933 8294
7934 8295
7935 8296
7936 8297
7937 8298
7938 8299
7939 8300
7940 8301
7941 8302
7942 8303
7943 8304
7944 8305
7945 8306
7946 8307
7947 8308
7948 8309
7949 8310
7950 8311
7951 8312
7952 8313
7953 8314
7954 8315
7955 8316
7956 8317
7957 8318
7958 8319
7959 8320
7960 8321
7961 8322
7962 8323
7963 8324
7964 8325
7965 8326
7966 8327
7967 8328
7968 8329
7969 8330
7970 8331
7971 8332
7972 8333
7973 8334
7974 8335
7975 8336
7976 8337
7977 8338
7978 8339
7979 8340
7980 8341
7981 8342
7982 8343
7983 8344
7984 8345
7985 8346
7986 8347
7987 8348
7988 8349
7989 8350
7990 8351
7991 8352
7992 8353
7993 8354
7994 8355
7995 8356
7996 8357
7997 8358
7998 8359
7999 8360
8000 8361
8001 8362
8002 8363
8003 8364
8004 8365
8005 8366
8006 8367
8007 8368
8008 8369
8009 8370
8010 8371
8011 8372
8012 8011
8013 8012
8014 8013
8015 8014
8016 8015
8017 8016
8018 8017
8019 8018
8020 8019
8021 8020
8022 8021
8023 8022
8024 8023
8025 8024
8026 8025
8027 8026
8028 8027
8029 8028
8030 8029
8031 8030
8032 8031
8033 8032
8034 8033
8035 8034
8036 8035
8037 8036
8038 8037
8039 8038
8040 8039
8041 8040
8042 8041
8043 8042
8044 8043
8045 8044
8046 8045
8047 8046
8048 8047
8049 8048
8050 8049
8051 8050
8052 8051
8053 8052
8054 8053
8055 8054
8056 8055
8057 8056
8058 8057
8059 8058
8060 8059
8061 8060
8062 8061
8063 8062
8064 8063
8065 8064
8066 8065
8067 8066
8068 8067
8069 8068
8070 8069
8071 8070
8072 8071
8073 8072
8074 8073
8075 8074
8076 8075
8077 8076
8078 8077
8079 8078
8080 8079
8081 8080
8082 8081
8083 8082
8084 8083
8085 8084
8086 8085
8087 8086
8088 8087
8089 8088
8090 8089
8091 8090
8092 8091
8093 8092
8094 8093
8095 8094
8096 8095
8097 8096
8098 8097
8099 8098
8100 8099
8101 8100
8102 7745
8103 7746
8104 7747
8105 7748
8106 7749
8107 7750
8108 7751
8109 7752
8110 7753
8111 7754
8112 7755
8113 7756
8114 7757
8115 7758
8116 7759
8117 7760
8118 7761
8119 7762
8120 7763
8121 7764
8122 7765
8123 7766
8124 7767
8125 7768
8126 7769
8127 7770
8128 7771
8129 7772
8130 7773
8131 7774
8132 7775
8133 7776
8134 7777
8135 7778
8136 7779
8137 7780
8138 7781
8139 7782
8140 7783
8141 7784
8142 7785
8143 7786
8144 7787
8145 7788
8146 7789
8147 7790
8148 7791
8149 7792
8150 7793
8151 7794
8152 7795
8153 7796
8154 7797
8155 7798
8156 7799
8157 7800
8158 7801
8159 7802
8160 7803
8161 7804
8162 7805
8163 7806
8164 7807
8165 7808
8166 7809
8167 7810
8168 7811
8169 7812
8170 7813
8171 7814
8172 7815
8173 7816
8174 7817
8175 7818
8176 7819
8177 7820
8178 7821
8179 7822
8180 7823
8181 7824
8182 7825
8183 7826
8184 7827
8185 7828
8186 7829
8187 7830
8188 7831
8189 7832
8190 7833
8191 8192
8192 8193
8193 8194
8194 8195
8195 8196
8196 8197
8197 8198
8198 8199
8199 8200
8200 8201
8201 8202
8202 8203
8203 8204
8204 8205
8205 8206
8206 8207
8207 8208
8208 8209
8209 8210
8210 8211
8211 8212
8212 8213
8213 8214
8214 8215
8215 8216
8216 8217
8217 8218
8218 8219
8219 8220
8220 8221
8221 8222
8222 8223
8223 8224
8224 8225
8225 8226
8226 8227
8227 8228
8228 8229
8229 8230
8230 8231
8231 8232
8232 8233
8233 8234
8234 8235
8235 8236
8236 8237
8237 8238
8238 8239
8239 8240
8240 8241
8241 8242
8242 8243
8243 8244
8244 8245
8245 8246
8246 8247
8247 8248
8248 8249
8249 8250
8250 8251
8251 8252
8252 8253
8253 8254
8254 8255
8255 8256
8256 8257
8257 8258
8258 8259
8259 8260
8260 8261
8261 8262
8262 8263
8263 8264
8264 8265
8265 8266
8266 8267
8267 8268
8268 8269
8269 8270
8270 8271
8271 8272
8272 8273
8273 8274
8274 8275
8275 8276
8276 8277
8277 8278
8278 8279
8279 8280
8280 8281
8281 8282
8282 8651
8283 8652
8284 8653
8285 8654
8286 8655
8287 8656
8288 8657
8289 8658
8290 8659
8291 8660
8292 8661
8293 8662
8294 8663
8295 8664
8296 8665
8297 8666
8298 8667
8299 8668
8300 8669
8301 8670
8302 8671
8303 8672
8304 8673
8305 8674
8306 8675
8307 8676
8308 8677
8309 8678
8310 8679
8311 8680
8312 8681
8313 8682
8314 8683
8315 8684
8316 8685
8317 8686
8318 8687
8319 8688
8320 8689
8321 8690
8322 8691
8323 8692
8324 8693
8325 8694
8326 8695
8327 8696
8328 8697
8329 8698
8330 8699
8331 8700
8332 8701
8333 8702
8334 8703
8335 8704
8336 8705
8337 8706
8338 8707
8339 8708
8340 8709
8341 8710
8342 8711
8343 8712
8344 8713
8345 8714
8346 8715
8347 8716
8348 8717
8349 8718
8350 8719
8351 8720
8352 8721
8353 8722
8354 8723
8355 8724
8356 8725
8357 8726
8358 8727
8359 8728
8360 8729
8361 8730
8362 8731
8363 8732
8364 8733
8365 8734
8366 8735
8367 8736
8368 8737
8369 8738
8370 8739
8371 8740
8372 8741
8373 8742
8374 8373
8375 8374
8376 8375
8377 8376
8378 8377
8379 8378
8380 8379
8381 8380
8382 8381
8383 8382
8384 8383
8385 8384
8386 8385
8387 8386
8388 8387
8389 8388
8390 8389
8391 8390
8392 8391
8393 8392
8394 8393
8395 8394
8396 8395
8397 8396
8398 8397
8399 8398
8400 8399
8401 8400
8402 8401
8403 8402
8404 8403
8405 8404
8406 8405
8407 8406
8408 8407
8409 8408
8410 8409
8411 8410
8412 8411
8413 8412
8414 8413
8415 8414
8416 8415
8417 8416
8418 8417
8419 8418
8420 8419
8421 8420
8422 8421
8423 8422
8424 8423
8425 8424
8426 8425
8427 8426
8428 8427
8429 8428
8430 8429
8431 8430
8432 8431
8433 8432
8434 8433
8435 8434
8436 8435
8437 8436
8438 8437
8439 8438
8440 8439
8441 8440
8442 8441
8443 8442
8444 8443
8445 8444
8446 8445
8447 8446
8448 8447
8449 8448
8450 8449
8451 8450
8452 8451
8453 8452
8454 8453
8455 8454
8456 8455
8457 8456
8458 8457
8459 8458
8460 8459
8461 8460
8462 8461
8463 8462
8464 8463
8465 8464
8466 8101
8467 8102
8468 8103
8469 8104
8470 8105
8471 8106
8472 8107
8473 8108
8474 8109
8475 8110
8476 8111
8477 8112
8478 8113
8479 8114
8480 8115
8481 8116
8482 8117
8483 8118
8484 8119
8485 8120
8486 8121
8487 8122
8488 8123
8489 8124
8490 8125
8491 8126
8492 8127
8493 8128
8494 8129
8495 8130
8496 8131
8497 8132
8498 8133
8499 8134
8500 8135
8501 8136
8502 8137
8503 8138
8504 8139
8505 8140
8506 8141
8507 8142
8508 8143
8509 8144
8510 8145
8511 8146
8512 8147
8513 8148
8514 8149
8515 8150
8516 8151
8517 8152
8518 8153
8519 8154
8520 8155
8521 8156
8522 8157
8523 8158
8524 8159
8525 8160
8526 8161
8527 8162
8528 8163
8529 8164
8530 8165
8531 8166
8532 8167
8533 8168
8534 8169
8535 8170
8536 8171
8537 8172
8538 8173
8539 8174
8540 8175
8541 8176
8542 8177
8543 8178
8544 8179
8545 8180
8546 8181
8547 8182
8548 8183
8549 8184
8550 8185
8551 8186
8552 8187
8553 8188
8554 8189
8555 8190
8556 8191
8557 8558
8558 8559
8559 8560
8560 8561
8561 8562
8562 8563
8563 8564
8564 8565
8565 8566
8566 8567
8567 8568
8568 8569
8569 8570
8570 8571
8571 8572
8572 8573
8573 8574
8574 8575
8575 8576
8576 8577
8577 8578
8578 8579
8579 8580
8580 8581
8581 8582
8582 8583
8583 8584
8584 8585
8585 8586
8586 8587
8587 8588
8588 8589
8589 8590
8590 8591
8591 8592
8592 8593
8593 8594
8594 8595
8595 8596
8596 8597
8597 8598
8598 8599
8599 8600
8600 8601
8601 8602
8602 8603
8603 8604
8604 8605
8605 8606
8606 8607
8607 8608
8608 8609
8609 8610
8610 8611
8611 8612
8612 8613
8613 8614
8614 8615
8615 8616
8616 8617
8617 8618
8618 8619
8619 8620
8620 8621
8621 8622
8622 8623
8623 8624
8624 8625
8625 8626
8626 8627
8627 8628
8628 8629
8629 8630
8630 8631
8631 8632
8632 8633
8633 8634
8634 8635
8635 8636
8636 8637
8637 8638
8638 8639
8639 8640
8640 8641
8641 8642
8642 8643
8643 8644
8644 8645
8645 8646
8646 8647
8647 8648
8648 8649
8649 8650
8650 9027
8651 9028
8652 9029
8653 9030
8654 9031
8655 9032
8656 9033
8657 9034
8658 9035
8659 9036
8660 9037
8661 9038
8662 9039
8663 9040
8664 9041
8665 9042
8666 9043
8667 9044
8668 9045
8669 9046
8670 9047
8671 9048
8672 9049
8673 9050
8674 9051
8675 9052
8676 9053
8677 9054
8678 9055
8679 9056
8680 9057
8681 9058
8682 9059
8683 9060
8684 9061
8685 9062
8686 9063
8687 9064
8688 9065
8689 9066
8690 9067
8691 9068
8692 9069
8693 9070
8694 9071
8695 9072
8696 9073
8697 9074
8698 9075
8699 9076
8700 9077
8701 9078
8702 9079
8703 9080
8704 9081
8705 9082
8706 9083
8707 9084
8708 9085
8709 9086
8710 9087
8711 9088
8712 9089
8713 9090
8714 9091
8715 9092
8716 9093
8717 9094
8718 9095
8719 9096
8720 9097
8721 9098
8722 9099
8723 9100
8724 9101
8725 9102
8726 9103
8727 9104
8728 9105
8729 9106
8730 9107
8731 9108
8732 9109
8733 9110
8734 9111
8735 9112
8736 9113
8737 9114
8738 9115
8739 9116
8740 9117
8741 9118
8742 9119
8743 9120
8744 8743
8745 8744
8746 8745
8747 8746
8748 8747
8749 8748
8750 8749
8751 8750
8752 8751
8753 8752
8754 8753
8755 8754
8756 8755
8757 8756
8758 8757
8759 8758
8760 8759
8761 8760
8762 8761
8763 8762
8764 8763
8765 8764
8766 8765
8767 8766
8768 8767
8769 8768
8770 8769
8771 8770
8772 8771
8773 8772
8774 8773
8775 8774
8776 8775
8777 8776
8778 8777
8779 8778
8780 8779
8781 8780
8782 8781
8783 8782
8784 8783
8785 8784
8786 8785
8787 8786
8788 8787
8789 8788
8790 8789
8791 8790
8792 8791
8793 8792
8794 8793
8795 8794
8796 8795
8797 8796
8798 8797
8799 8798
8800 8799
8801 8800
8802 8801
8803 8802
8804 8803
8805 8804
8806 8805
8807 8806
8808 8807
8809 8808
8810 8809
8811 8810
8812 8811
8813 8812
8814 8813
8815 8814
8816 8815
8817 8816
8818 8817
8819 8818
8820 8819
8821 8820
8822 8821
8823 8822
8824 8823
8825 8824
8826 8825
8827 8826
8828 8827
8829 8828
8830 8829
8831 8830
8832 8831
8833 8832
8834 8833
8835 8834
8836 8835
8837 8836
8838 8465
8839 8466
8840 8467
8841 8468
8842 8469
8843 8470
8844 8471
8845 8472
8846 8473
8847 8474
8848 8475
8849 8476
8850 8477
8851 8478
8852 8479
8853 8480
8854 8481
8855 8482
8856 8483
8857 8484
8858 8485
8859 8486
8860 8487
8861 8488
8862 8489
8863 8490
8864 8491
8865 8492
8866 8493
8867 8494
8868 8495
8869 8496
8870 8497
8871 8498
8872 8499
8873 8500
8874 8501
8875 8502
8876 8503
8877 8504
8878 8505
8879 8506
8880 8507
8881 8508
8882 8509
8883 8510
8884 8511
8885 8512
8886 8513
8887 8514
8888 8515
8889 8516
8890 8517
8891 8518
8892 8519
8893 8520
8894 8521
8895 8522
8896 8523
8897 8524
8898 8525
8899 8526
8900 8527
8901 8528
8902 8529
8903 8530
8904 8531
8905 8532
8906 8533
8907 8534
8908 8535
8909 8536
8910 8537
8911 8538
8912 8539
8913 8540
8914 8541
8915 8542
8916 8543
8917 8544
8918 8545
8919 8546
8920 8547
8921 8548
8922 8549
8923 8550
8924 8551
8925 8552
8926 8553
8927 8554
8928 8555
8929 8556
8930 8557
8931 8932
8932 8933
8933 8934
8934 8935
8935 8936
8936 8937
8937 8938
8938 8939
8939 8940
8940 8941
8941 8942
8942 8943
8943 8944
8944 8945
8945 8946
8946 8947
8947 8948
8948 8949
8949 8950
8950 8951
8951 8952
8952 8953
8953 8954
8954 8955
8955 8956
8956 8957
8957 8958
8958 8959
8959 8960
8960 8961
8961 8962
8962 8963
8963 8964
8964 8965
8965 8966
8966 8967
8967 8968
8968 8969
8969 8970
8970 8971
8971 8972
8972 8973
8973 8974
8974 8975
8975 8976
8976 8977
8977 8978
8978 8979
8979 8980
8980 8981
8981 8982
8982 8983
8983 8984
8984 8985
8985 8986
8986 8987
8987 8988
8988 8989
8989 8990
8990 8991
8991 8992
8992 8993
8993 8994
8994 8995
8995 8996
8996 8997
8997 8998
8998 8999
8999 9000
9000 9001
9001 9002
9002 9003
9003 9004
9004 9005
9005 9006
9006 9007
9007 9008
9008 9009
9009 9010
9010 9011
9011 9012
9012 9013
9013 9014
9014 9015
9015 9016
9016 9017
9017 9018
9018 9019
9019 9020
9020 9021
9021 9022
9022 9023
9023 9024
9024 9025
9025 9026
9026 9411
9027 9412
9028 9413
9029 9414
9030 9415
9031 9416
9032 9417
9033 9418
9034 9419
9035 9420
9036 9421
9037 9422
9038 9423
9039 9424
9040 9425
9041 9426
9042 9427
9043 9428
9044 9429
9045 9430
9046 9431
9047 9432
9048 9433
9049 9434
9050 9435
9051 9436
9052 9437
9053 9438
9054 9439
9055 9440
9056 9441
9057 9442
9058 9443
9059 9444
9060 9445
9061 9446
9062 9447
9063 9448
9064 9449
9065 9450
9066 9451
9067 9452
9068 9453
9069 9454
9070 9455
9071 9456
9072 9457
9073 9458
9074 9459
9075 9460
9076 9461
9077 9462
9078 9463
9079 9464
9080 9465
9081 9466
9082 9467
9083 9468
9084 9469
9085 9470
9086 9471
9087 9472
9088 9473
9089 9474
9090 9475
9091 9476
9092 9477
9093 9478
9094 9479
9095 9480
9096 9481
9097 9482
9098 9483
9099 9484
9100 9485
9101 9486
9102 9487
9103 9488
9104 9489
9105 9490
9106 9491
9107 9492
9108 9493
9109 9494
9110 9495
9111 9496
9112 9497
9113 9498
9114 9499
9115 9500
9116 9501
9117 9502
9118 9503
9119 9504
9120 9505
9121 9506
9122 9121
9123 9122
9124 9123
9125 9124
9126 9125
9127 9126
9128 9127
9129 9128
9130 9129
9131 9130
9132 9131
9133 9132
9134 9133
9135 9134
9136 9135
9137 9136
9138 9137
9139 9138
9140 9139
9141 9140
9142 9141
9143 9142
9144 9143
9145 9144
9146 9145
9147 9146
9148 9147
9149 9148
9150 9149
9151 9150
9152 9151
9153 9152
9154 9153
9155 9154
9156 9155
9157 9156
9158 9157
9159 9158
9160 9159
9161 9160
9162 9161
9163 9162
9164 9163
9165 9164
9166 9165
9167 9166
9168 9167
9169 9168
9170 9169
9171 9170
9172 9171
9173 9172
9174 9173
9175 9174
9176 9175
9177 9176
9178 9177
9179 9178
9180 9179
9181 9180
9182 9181
9183 9182
9184 9183
9185 9184
9186 9185
9187 9186
9188 9187
9189 9188
9190 9189
9191 9190
9192 9191
9193 9192
9194 9193
9195 9194
9196 9195
9197 9196
9198 9197
9199 9198
9200 9199
9201 9200
9202 9201
9203 9202
9204 9203
9205 9204
9206 9205
9207 9206
9208 9207
9209 9208
9210 9209
9211 9210
9212 9211
9213 9212
9214 9213
9215 9214
9216 9215
9217 9216
9218 8837
9219 8838
9220 8839
9221 8840
9222 8841
9223 8842
9224 8843
9225 8844
9226 8845
9227 8846
9228 8847
9229 8848
9230 8849
9231 8850
9232 8851
9233 8852
9234 8853
9235 8854
9236 8855
9237 8856
9238 8857
9239 8858
9240 8859
9241 8860
9242 8861
9243 8862
9244 8863
9245 8864
9246 8865
9247 8866
9248 8867
9249 8868
9250 8869
9251 8870
9252 8871
9253 8872
9254 8873
9255 8874
9256 8875
9257 8876
9258 8877
9259 8878
9260 8879
9261 8880
9262 8881
9263 8882
9264 8883
9265 8884
9266 8885
9267 8886
9268 8887
9269 8888
9270 8889
9271 8890
9272 8891
9273 8892
9274 8893
9275 8894
9276 8895
9277 8896
9278 8897
9279 8898
9280 8899
9281 8900
9282 8901
9283 8902
9284 8903
9285 8904
9286 8905
9287 8906
9288 8907
9289 8908
9290 8909
9291 8910
9292 8911
9293 8912
9294 8913
9295 8914
9296 8915
9297 8916
9298 8917
9299 8918
9300 8919
9301 8920
9302 8921
9303 8922
9304 8923
9305 8924
9306 8925
9307 8926
9308 8927
9309 8928
9310 8929
9311 8930
9312 8931
9313 9314
9314 9315
9315 9316
9316 9317
9317 9318
9318 9319
9319 9320
9320 9321
9321 9322
9322 9323
9323 9324
9324 9325
9325 9326
9326 9327
9327 9328
9328 9329
9329 9330
9330 9331
9331 9332
9332 9333
9333 9334
9334 9335
9335 9336
9336 9337
9337 9338
9338 9339
9339 9340
9340 9341
9341 9342
9342 9343
9343 9344
9344 9345
9345 9346
9346 9347
9347 9348
9348 9349
9349 9350
9350 9351
9351 9352
9352 9353
9353 9354
9354 9355
9355 9356
9356 9357
9357 9358
9358 9359
9359 9360
9360 9361
9361 9362
9362 9363
9363 9364
9364 9365
9365 9366
9366 9367
9367 9368
9368 9369
9369 9370
9370 9371
9371 9372
9372 9373
9373 9374
9374 9375
9375 9376
9376 9377
9377 9378
9378 9379
9379 9380
9380 9381
9381 9382
9382 9383
9383 9384
9384 9385
9385 9386
9386 9387
9387 9388
9388 9389
9389 9390
9390 9391
9391 9392
9392 9393
9393 9394
9394 9395
9395 9396
9396 9397
9397 9398
9398 9399
9399 9400
9400 9401
9401 9402
9402 9403
9403 9404
9404 9405
9405 9406
9406 9407
9407 9408
9408 9409
9409 9410
9410 9803
9411 9804
9412 9805
9413 9806
9414 9807
9415 9808
9416 9809
9417 9810
9418 9811
9419 9812
9420 9813
9421 9814
9422 9815
9423 9816
9424 9817
9425 9818
9426 9819
9427 9820
9428 9821
9429 9822
9430 9823
9431 9824
9432 9825
9433 9826
9434 9827
9435 9828
9436 9829
9437 9830
9438 9831
9439 9832
9440 9833
9441 9834
9442 9835
9443 9836
9444 9837
9445 9838
9446 9839
9447 9840
9448 9841
9449 9842
9450 9843
9451 9844
9452 9845
9453 9846
9454 9847
9455 9848
9456 9849
9457 9850
9458 9851
9459 9852
9460 9853
9461 9854
9462 9855
9463 9856
9464 9857
9465 9858
9466 9859
9467 9860
9468 9861
9469 9862
9470 9863
9471 9864
9472 9865
9473 9866
9474 9867
9475 9868
9476 9869
9477 9870
9478 9871
9479 9872
9480 9873
9481 9874
9482 9875
9483 9876
9484 9877
9485 9878
9486 9879
9487 9880
9488 9881
9489 9882
9490 9883
9491 9884
9492 9885
9493 9886
9494 9887
9495 9888
9496 9889
9497 9890
9498 9891
9499 9892
9500 9893
9501 9894
9502 9895
9503 9896
9504 9897
9505 9898
9506 9899
9507 9900
9508 9507
9509 9508
9510 9509
9511 9510
9512 9511
9513 9512
9514 9513
9515 9514
9516 9515
9517 9516
9518 9517
9519 9518
9520 9519
9521 9520
9522 9521
9523 9522
9524 9523
9525 9524
9526 9525
9527 9526
9528 9527
9529 9528
9530 9529
9531 9530
9532 9531
9533 9532
9534 9533
9535 9534
9536 9535
9537 9536
9538 9537
9539 9538
9540 9539
9541 9540
9542 9541
9543 9542
9544 9543
9545 9544
9546 9545
9547 9546
9548 9547
9549 9548
9550 9549
9551 9550
9552 9551
9553 9552
9554 9553
9555 9554
9556 9555
9557 9556
9558 9557
9559 9558
9560 9559
9561 9560
9562 9561
9563 9562
9564 9563
9565 9564
9566 9565
9567 9566
9568 9567
9569 9568
9570 9569
9571 9570
9572 9571
9573 9572
9574 9573
9575 9574
9576 9575
9577 9576
9578 9577
9579 9578
9580 9579
9581 9580
9582 9581
9583 9582
9584 9583
9585 9584
9586 9585
9587 9586
9588 9587
9589 9588
9590 9589
9591 9590
9592 9591
9593 9592
9594 9593
9595 9594
9596 9595
9597 9596
9598 9597
9599 9598
9600 9599
9601 9600
9602 9601
9603 9602
9604 9603
9605 9604
9606 9217
9607 9218
9608 9219
9609 9220
9610 9221
9611 9222
9612 9223
9613 9224
9614 9225
9615 9226
9616 9227
9617 9228
9618 9229
9619 9230
9620 9231
9621 9232
9622 9233
9623 9234
9624 9235
9625 9236
9626 9237
9627 9238
9628 9239
9629 9240
9630 9241
9631 9242
9632 9243
9633 9244
9634 9245
9635 9246
9636 9247
9637 9248
9638 9249
9639 9250
9640 9251
9641 9252
9642 9253
9643 9254
9644 9255
9645 9256
9646 9257
9647 9258
9648 9259
9649 9260
9650 9261
9651 9262
9652 9263
9653 9264
9654 9265
9655 9266
9656 9267
9657 9268
9658 9269
9659 9270
9660 9271
9661 9272
9662 9273
9663 9274
9664 9275
9665 9276
9666 9277
9667 9278
9668 9279
9669 9280
9670 9281
9671 9282
9672 9283
9673 9284
9674 9285
9675 9286
9676 9287
9677 9288
9678 9289
9679 9290
9680 9291
9681 9292
9682 9293
9683 9294
9684 9295
9685 9296
9686 9297
9687 9298
9688 9299
9689 9300
9690 9301
9691 9302
9692 9303
9693 9304
9694 9305
9695 9306
9696 9307
9697 9308
9698 9309
9699 9310
9700 9311
9701 9312
9702 9313
9703 9704
9704 9705
9705 9706
9706 9707
9707 9708
9708 9709
9709 9710
9710 9711
9711 9712
9712 9713
9713 9714
9714 9715
9715 9716
9716 9717
9717 9718
9718 9719
9719 9720
9720 9721
9721 9722
9722 9723
9723 9724
9724 9725
9725 9726
9726 9727
9727 9728
9728 9729
9729 9730
9730 9731
9731 9732
9732 9733
9733 9734
9734 9735
9735 9736
9736 9737
9737 9738
9738 9739
9739 9740
9740 9741
9741 9742
9742 9743
9743 9744
9744 9745
9745 9746
9746 9747
9747 9748
9748 9749
9749 9750
9750 9751
9751 9752
9752 9753
9753 9754
9754 9755
9755 9756
9756 9757
9757 9758
9758 9759
9759 9760
9760 9761
9761 9762
9762 9763
9763 9764
9764 9765
9765 9766
9766 9767
9767 9768
9768 9769
9769 9770
9770 9771
9771 9772
9772 9773
9773 9774
9774 9775
9775 9776
9776 9777
9777 9778
9778 9779
9779 9780
9780 9781
9781 9782
9782 9783
9783 9784
9784 9785
9785 9786
9786 9787
9787 9788
9788 9789
9789 9790
9790 9791
9791 9792
9792 9793
9793 9794
9794 9795
9795 9796
9796 9797
9797 9798
9798 9799
9799 9800
9800 9801
9801 9802
9802 10203
9803 10204
9804 10205
9805 10206
9806 10207
9807 10208
9808 10209
9809 10210
9810 10211
9811 10212
9812 10213
9813 10214
9814 10215
9815 10216
9816 10217
9817 10218
9818 10219
9819 10220
9820 10221
9821 10222
9822 10223
9823 10224
9824 10225
9825 10226
9826 10227
9827 10228
9828 10229
9829 10230
9830 10231
9831 10232
9832 10233
9833 10234
9834 10235
9835 10236
9836 10237
9837 10238
9838 10239
9839 10240
9840 10241
9841 10242
9842 10243
9843 10244
9844 10245
9845 10246
9846 10247
9847 10248
9848 10249
9849 10250
9850 10251
9851 10252
9852 10253
9853 10254
9854 10255
9855 10256
9856 10257
9857 10258
9858 10259
9859 10260
9860 10261
9861 10262
9862 10263
9863 10264
9864 10265
9865 10266
9866 10267
9867 10268
9868 10269
9869 10270
9870 10271
9871 10272
9872 10273
9873 10274
9874 10275
9875 10276
9876 10277
9877 10278
9878 10279
9879 10280
9880 10281
9881 10282
9882 10283
9883 10284
9884 10285
9885 10286
9886 10287
9887 10288
9888 10289
9889 10290
9890 10291
9891 10292
9892 10293
9893 10294
9894 10295
9895 10296
9896 10297
9897 10298
9898 10299
9899 10300
9900 10301
9901 10302
9902 9901
9903 9902
9904 9903
9905 9904
9906 9905
9907 9906
9908 9907
9909 9908
9910 9909
9911 9910
9912 9911
9913 9912
9914 9913
9915 9914
9916 9915
9917 9916
9918 9917
9919 9918
9920 9919
9921 9920
9922 9921
9923 9922
9924 9923
9925 9924
9926 9925
9927 9926
9928 9927
9929 9928
9930 9929
9931 9930
9932 9931
9933 9932
9934 9933
9935 9934
9936 9935
9937 9936
9938 9937
9939 9938
9940 9939
9941 9940
9942 9941
9943 9942
9944 9943
9945 9944
9946 9945
9947 9946
9948 9947
9949 9948
9950 9949
9951 9950
9952 9951
9953 9952
9954 9953
9955 9954
9956 9955
9957 9956
9958 9957
9959 9958
9960 9959
9961 9960
9962 9961
9963 9962
9964 9963
9965 9964
9966 9965
9967 9966
9968 9967
9969 9968
9970 9969
9971 9970
9972 9971
9973 9972
9974 9973
9975 9974
9976 9975
9977 9976
9978 9977
9979 9978
9980 9979
9981 9980
9982 9981
9983 9982
9984 9983
9985 9984
9986 9985
9987 9986
9988 9987
9989 9988
9990 9989
9991 9990
9992 9991
9993 9992
9994 9993
9995 9994
9996 9995
9997 9996
9998 9997
9999 9998
10000 9999
