1 1
2 2
3 2
4 2
5 2
6 3
7 3
8 4
9 4
10 4
11 5
12 5
13 5
14 6
15 6
16 6
17 6
18 7
19 7
20 8
21 8
22 8
23 8
24 9
25 9
26 10
27 10
28 10
29 10
30 11
31 11
32 12
33 12
34 12
35 12
36 13
37 13
38 14
39 14
40 14
41 14
42 15
43 15
44 16
45 16
46 16
47 16
48 17
49 17
50 18
51 18
52 18
53 18
54 19
55 19
56 20
57 20
58 20
59 20
60 21
61 21
62 22
63 22
64 22
65 22
66 23
67 23
68 24
69 24
70 24
71 24
72 25
73 25
74 26
75 26
76 26
77 26
78 27
79 27
80 28
81 28
82 28
83 28
84 29
85 29
86 30
87 30
88 30
89 30
90 31
91 31
92 32
93 32
94 32
95 32
96 33
97 33
98 34
99 34
100 34
101 34
102 35
103 35
104 36
105 36
106 36
107 36
108 37
109 37
110 38
111 38
112 38
113 38
114 39
115 39
116 40
117 40
118 40
119 40
120 41
121 41
122 42
123 42
124 42
125 42
126 43
127 43
128 44
129 44
130 44
131 44
132 45
133 45
134 46
135 46
136 46
137 46
138 47
139 47
140 48
141 48
142 48
143 48
144 49
145 49
146 50
147 50
148 50
149 50
150 51
151 51
152 52
153 52
154 52
155 52
156 53
157 53
158 54
159 54
160 54
161 54
162 55
163 55
164 56
165 56
166 56
167 56
168 57
169 57
170 58
171 58
172 58
173 58
174 59
175 59
176 60
177 60
178 60
179 60
180 61
181 61
182 62
183 62
184 62
185 62
186 63
187 63
188 64
189 64
190 64
191 64
192 65
193 65
194 66
195 66
196 66
197 66
198 67
199 67
200 68
201 68
202 68
203 68
204 69
205 69
206 70
207 70
208 70
209 70
210 71
211 71
212 72
213 72
214 72
215 72
216 73
217 73
218 74
219 74
220 74
221 74
222 75
223 75
224 76
225 76
226 76
227 76
228 77
229 77
230 78
231 78
232 78
233 78
234 79
235 79
236 80
237 80
238 80
239 80
240 81
241 81
242 82
243 82
244 82
245 82
246 83
247 83
248 84
249 84
250 84
251 84
252 85
253 85
254 86
255 86
256 86
257 86
258 87
259 87
260 88
261 88
262 88
263 88
264 89
265 89
266 90
267 90
268 90
269 90
270 91
271 91
272 92
273 92
274 92
275 92
276 93
277 93
278 94
279 94
280 94
281 94
282 95
283 95
284 96
285 96
286 96
287 96
288 97
289 97
290 98
291 98
292 98
293 98
294 99
295 99
296 100
297 100
298 100
299 100
300 101
301 101
302 102
303 102
304 102
305 102
306 103
307 103
308 104
309 104
310 104
311 104
312 105
313 105
314 106
315 106
316 106
317 106
318 107
319 107
320 108
321 108
322 108
323 108
324 109
325 109
326 110
327 110
328 110
329 110
330 111
331 111
332 112
333 112
334 112
335 112
336 113
337 113
338 114
339 114
340 114
341 114
342 115
343 115
344 116
345 116
346 116
347 116
348 117
349 117
350 118
351 118
352 118
353 118
354 119
355 119
356 120
357 120
358 120
359 120
360 121
361 121
362 122
363 122
364 122
365 122
366 123
367 123
368 124
369 124
370 124
371 124
372 125
373 125
374 126
375 126
376 126
377 126
378 127
379 127
380 128
381 128
382 128
383 128
384 129
385 129
386 130
387 130
388 130
389 130
390 131
391 131
392 132
393 132
394 132
395 132
396 133
397 133
398 134
399 134
400 134
401 134
402 135
403 135
404 136
405 136
406 136
407 136
408 137
409 137
410 138
411 138
412 138
413 138
414 139
415 139
416 140
417 140
418 140
419 140
420 141
421 141
422 142
423 142
424 142
425 142
426 143
427 143
428 144
429 144
430 144
431 144
432 145
433 145
434 146
435 146
436 146
437 146
438 147
439 147
440 148
441 148
442 148
443 148
444 149
445 149
446 150
447 150
448 150
449 150
450 151
451 151
452 152
453 152
454 152
455 152
456 153
457 153
458 154
459 154
460 154
461 154
462 155
463 155
464 156
465 156
466 156
467 156
468 157
469 157
470 158
471 158
472 158
473 158
474 159
475 159
476 160
477 160
478 160
479 160
480 161
481 161
482 162
483 162
484 162
485 162
486 163
487 163
488 164
489 164
490 164
491 164
492 165
493 165
494 166
495 166
496 166
497 166
498 167
499 167
500 168
501 168
502 168
503 168
504 169
505 169
506 170
507 170
508 170
509 170
510 171
511 171
512 172
513 172
514 172
515 172
516 173
517 173
518 174
519 174
520 174
521 174
522 175
523 175
524 176
525 176
526 176
527 176
528 177
529 177
530 178
531 178
532 178
533 178
534 179
535 179
536 180
537 180
538 180
539 180
540 181
541 181
542 182
543 182
544 182
545 182
546 183
547 183
548 184
549 184
550 184
551 184
552 185
553 185
554 186
555 186
556 186
557 186
558 187
559 187
560 188
561 188
562 188
563 188
564 189
565 189
566 190
567 190
568 190
569 190
570 191
571 191
572 192
573 192
574 192
575 192
576 193
577 193
578 194
579 194
580 194
581 194
582 195
583 195
584 196
585 196
586 196
587 196
588 197
589 197
590 198
591 198
592 198
593 198
594 199
595 199
596 200
597 200
598 200
599 200
600 201
601 201
602 202
603 202
604 202
605 202
606 203
607 203
608 204
609 204
610 204
611 204
612 205
613 205
614 206
615 206
616 206
617 206
618 207
619 207
620 208
621 208
622 208
623 208
624 209
625 209
626 210
627 210
628 210
629 210
630 211
631 211
632 212
633 212
634 212
635 212
636 213
637 213
638 214
639 214
640 214
641 214
642 215
643 215
644 216
645 216
646 216
647 216
648 217
649 217
650 218
651 218
652 218
653 218
654 219
655 219
656 220
657 220
658 220
659 220
660 221
661 221
662 222
663 222
664 222
665 222
666 223
667 223
668 224
669 224
670 224
671 224
672 225
673 225
674 226
675 226
676 226
677 226
678 227
679 227
680 228
681 228
682 228
683 228
684 229
685 229
686 230
687 230
688 230
689 230
690 231
691 231
692 232
693 232
694 232
695 232
696 233
697 233
698 234
699 234
700 234
701 234
702 235
703 235
704 236
705 236
706 236
707 236
708 237
709 237
710 238
711 238
712 238
713 238
714 239
715 239
716 240
717 240
718 240
719 240
720 241
721 241
722 242
723 242
724 242
725 242
726 243
727 243
728 244
729 244
730 244
731 244
732 245
733 245
734 246
735 246
736 246
737 246
738 247
739 247
740 248
741 248
742 248
743 248
744 249
745 249
746 250
747 250
748 250
749 250
750 251
751 251
752 252
753 252
754 252
755 252
756 253
757 253
758 254
759 254
760 254
761 254
762 255
763 255
764 256
765 256
766 256
767 256
768 257
769 257
770 258
771 258
772 258
773 258
774 259
775 259
776 260
777 260
778 260
779 260
780 261
781 261
782 262
783 262
784 262
785 262
786 263
787 263
788 264
789 264
790 264
791 264
792 265
793 265
794 266
795 266
796 266
797 266
798 267
799 267
800 268
801 268
802 268
803 268
804 269
805 269
806 270
807 270
808 270
809 270
810 271
811 271
812 272
813 272
814 272
815 272
816 273
817 273
818 274
819 274
820 274
821 274
822 275
823 275
824 276
825 276
826 276
827 276
828 277
829 277
830 278
831 278
832 278
833 278
834 279
835 279
836 280
837 280
838 280
839 280
840 281
841 281
842 282
843 282
844 282
845 282
846 283
847 283
848 284
849 284
850 284
851 284
852 285
853 285
854 286
855 286
856 286
857 286
858 287
859 287
860 288
861 288
862 288
863 288
864 289
865 289
866 290
867 290
868 290
869 290
870 291
871 291
872 292
873 292
874 292
875 292
876 293
877 293
878 294
879 294
880 294
881 294
882 295
883 295
884 296
885 296
886 296
887 296
888 297
889 297
890 298
891 298
892 298
893 298
894 299
895 299
896 300
897 300
898 300
899 300
900 301
901 301
902 302
903 302
904 302
905 302
906 303
907 303
908 304
909 304
910 304
911 304
912 305
913 305
914 306
915 306
916 306
917 306
918 307
919 307
920 308
921 308
922 308
923 308
924 309
925 309
926 310
927 310
928 310
929 310
930 311
931 311
932 312
933 312
934 312
935 312
936 313
937 313
938 314
939 314
940 314
941 314
942 315
943 315
944 316
945 316
946 316
947 316
948 317
949 317
950 318
951 318
952 318
953 318
954 319
955 319
956 320
957 320
958 320
959 320
960 321
961 321
962 322
963 322
964 322
965 322
966 323
967 323
968 324
969 324
970 324
971 324
972 325
973 325
974 326
975 326
976 326
977 326
978 327
979 327
980 328
981 328
982 328
983 328
984 329
985 329
986 330
987 330
988 330
989 330
990 331
991 331
992 332
993 332
994 332
995 332
996 333
997 333
998 334
999 334
1000 334
1001 334
1002 335
1003 335
1004 336
1005 336
1006 336
1007 336
1008 337
1009 337
1010 338
1011 338
1012 338
1013 338
1014 339
1015 339
1016 340
1017 340
1018 340
1019 340
1020 341
1021 341
1022 342
1023 342
1024 342
1025 342
1026 343
1027 343
1028 344
1029 344
1030 344
1031 344
1032 345
1033 345
1034 346
1035 346
1036 346
1037 346
1038 347
1039 347
1040 348
1041 348
1042 348
1043 348
1044 349
1045 349
1046 350
1047 350
1048 350
1049 350
1050 351
1051 351
1052 352
1053 352
1054 352
1055 352
1056 353
1057 353
1058 354
1059 354
1060 354
1061 354
1062 355
1063 355
1064 356
1065 356
1066 356
1067 356
1068 357
1069 357
1070 358
1071 358
1072 358
1073 358
1074 359
1075 359
1076 360
1077 360
1078 360
1079 360
1080 361
1081 361
1082 362
1083 362
1084 362
1085 362
1086 363
1087 363
1088 364
1089 364
1090 364
1091 364
1092 365
1093 365
1094 366
1095 366
1096 366
1097 366
1098 367
1099 367
1100 368
1101 368
1102 368
1103 368
1104 369
1105 369
1106 370
1107 370
1108 370
1109 370
1110 371
1111 371
1112 372
1113 372
1114 372
1115 372
1116 373
1117 373
1118 374
1119 374
1120 374
1121 374
1122 375
1123 375
1124 376
1125 376
1126 376
1127 376
1128 377
1129 377
1130 378
1131 378
1132 378
1133 378
1134 379
1135 379
1136 380
1137 380
1138 380
1139 380
1140 381
1141 381
1142 382
1143 382
1144 382
1145 382
1146 383
1147 383
1148 384
1149 384
1150 384
1151 384
1152 385
1153 385
1154 386
1155 386
1156 386
1157 386
1158 387
1159 387
1160 388
1161 388
1162 388
1163 388
1164 389
1165 389
1166 390
1167 390
1168 390
1169 390
1170 391
1171 391
1172 392
1173 392
1174 392
1175 392
1176 393
1177 393
1178 394
1179 394
1180 394
1181 394
1182 395
1183 395
1184 396
1185 396
1186 396
1187 396
1188 397
1189 397
1190 398
1191 398
1192 398
1193 398
1194 399
1195 399
1196 400
1197 400
1198 400
1199 400
1200 401
1201 401
1202 402
1203 402
1204 402
1205 402
1206 403
1207 403
1208 404
1209 404
1210 404
1211 404
1212 405
1213 405
1214 406
1215 406
1216 406
1217 406
1218 407
1219 407
1220 408
1221 408
1222 408
1223 408
1224 409
1225 409
1226 410
1227 410
1228 410
1229 410
1230 411
1231 411
1232 412
1233 412
1234 412
1235 412
1236 413
1237 413
1238 414
1239 414
1240 414
1241 414
1242 415
1243 415
1244 416
1245 416
1246 416
1247 416
1248 417
1249 417
1250 418
1251 418
1252 418
1253 418
1254 419
1255 419
1256 420
1257 420
1258 420
1259 420
1260 421
1261 421
1262 422
1263 422
1264 422
1265 422
1266 423
1267 423
1268 424
1269 424
1270 424
1271 424
1272 425
1273 425
1274 426
1275 426
1276 426
1277 426
1278 427
1279 427
1280 428
1281 428
1282 428
1283 428
1284 429
1285 429
1286 430
1287 430
1288 430
1289 430
1290 431
1291 431
1292 432
1293 432
1294 432
1295 432
1296 433
1297 433
1298 434
1299 434
1300 434
1301 434
1302 435
1303 435
1304 436
1305 436
1306 436
1307 436
1308 437
1309 437
1310 438
1311 438
1312 438
1313 438
1314 439
1315 439
1316 440
1317 440
1318 440
1319 440
1320 441
1321 441
1322 442
1323 442
1324 442
1325 442
1326 443
1327 443
1328 444
1329 444
1330 444
1331 444
1332 445
1333 445
1334 446
1335 446
1336 446
1337 446
1338 447
1339 447
1340 448
1341 448
1342 448
1343 448
1344 449
1345 449
1346 450
1347 450
1348 450
1349 450
1350 451
1351 451
1352 452
1353 452
1354 452
1355 452
1356 453
1357 453
1358 454
1359 454
1360 454
1361 454
1362 455
1363 455
1364 456
1365 456
1366 456
1367 456
1368 457
1369 457
1370 458
1371 458
1372 458
1373 458
1374 459
1375 459
1376 460
1377 460
1378 460
1379 460
1380 461
1381 461
1382 462
1383 462
1384 462
1385 462
1386 463
1387 463
1388 464
1389 464
1390 464
1391 464
1392 465
1393 465
1394 466
1395 466
1396 466
1397 466
1398 467
1399 467
1400 468
1401 468
1402 468
1403 468
1404 469
1405 469
1406 470
1407 470
1408 470
1409 470
1410 471
1411 471
1412 472
1413 472
1414 472
1415 472
1416 473
1417 473
1418 474
1419 474
1420 474
1421 474
1422 475
1423 475
1424 476
1425 476
1426 476
1427 476
1428 477
1429 477
1430 478
1431 478
1432 478
1433 478
1434 479
1435 479
1436 480
1437 480
1438 480
1439 480
1440 481
1441 481
1442 482
1443 482
1444 482
1445 482
1446 483
1447 483
1448 484
1449 484
1450 484
1451 484
1452 485
1453 485
1454 486
1455 486
1456 486
1457 486
1458 487
1459 487
1460 488
1461 488
1462 488
1463 488
1464 489
1465 489
1466 490
1467 490
1468 490
1469 490
1470 491
1471 491
1472 492
1473 492
1474 492
1475 492
1476 493
1477 493
1478 494
1479 494
1480 494
1481 494
1482 495
1483 495
1484 496
1485 496
1486 496
1487 496
1488 497
1489 497
1490 498
1491 498
1492 498
1493 498
1494 499
1495 499
1496 500
1497 500
1498 500
1499 500
1500 501
1501 501
1502 502
1503 502
1504 502
1505 502
1506 503
1507 503
1508 504
1509 504
1510 504
1511 504
1512 505
1513 505
1514 506
1515 506
1516 506
1517 506
1518 507
1519 507
1520 508
1521 508
1522 508
1523 508
1524 509
1525 509
1526 510
1527 510
1528 510
1529 510
1530 511
1531 511
1532 512
1533 512
1534 512
1535 512
1536 513
1537 513
1538 514
1539 514
1540 514
1541 514
1542 515
1543 515
1544 516
1545 516
1546 516
1547 516
1548 517
1549 517
1550 518
1551 518
1552 518
1553 518
1554 519
1555 519
1556 520
1557 520
1558 520
1559 520
1560 521
1561 521
1562 522
1563 522
1564 522
1565 522
1566 523
1567 523
1568 524
1569 524
1570 524
1571 524
1572 525
1573 525
1574 526
1575 526
1576 526
1577 526
1578 527
1579 527
1580 528
1581 528
1582 528
1583 528
1584 529
1585 529
1586 530
1587 530
1588 530
1589 530
1590 531
1591 531
1592 532
1593 532
1594 532
1595 532
1596 533
1597 533
1598 534
1599 534
1600 534
1601 534
1602 535
1603 535
1604 536
1605 536
1606 536
1607 536
1608 537
1609 537
1610 538
1611 538
1612 538
1613 538
1614 539
1615 539
1616 540
1617 540
1618 540
1619 540
1620 541
1621 541
1622 542
1623 542
1624 542
1625 542
1626 543
1627 543
1628 544
1629 544
1630 544
1631 544
1632 545
1633 545
1634 546
1635 546
1636 546
1637 546
1638 547
1639 547
1640 548
1641 548
1642 548
1643 548
1644 549
1645 549
1646 550
1647 550
1648 550
1649 550
1650 551
1651 551
1652 552
1653 552
1654 552
1655 552
1656 553
1657 553
1658 554
1659 554
1660 554
1661 554
1662 555
1663 555
1664 556
1665 556
1666 556
1667 556
1668 557
1669 557
1670 558
1671 558
1672 558
1673 558
1674 559
1675 559
1676 560
1677 560
1678 560
1679 560
1680 561
1681 561
1682 562
1683 562
1684 562
1685 562
1686 563
1687 563
1688 564
1689 564
1690 564
1691 564
1692 565
1693 565
1694 566
1695 566
1696 566
1697 566
1698 567
1699 567
1700 568
1701 568
1702 568
1703 568
1704 569
1705 569
1706 570
1707 570
1708 570
1709 570
1710 571
1711 571
1712 572
1713 572
1714 572
1715 572
1716 573
1717 573
1718 574
1719 574
1720 574
1721 574
1722 575
1723 575
1724 576
1725 576
1726 576
1727 576
1728 577
1729 577
1730 578
1731 578
1732 578
1733 578
1734 579
1735 579
1736 580
1737 580
1738 580
1739 580
1740 581
1741 581
1742 582
1743 582
1744 582
1745 582
1746 583
1747 583
1748 584
1749 584
1750 584
1751 584
1752 585
1753 585
1754 586
1755 586
1756 586
1757 586
1758 587
1759 587
1760 588
1761 588
1762 588
1763 588
1764 589
1765 589
1766 590
1767 590
1768 590
1769 590
1770 591
1771 591
1772 592
1773 592
1774 592
1775 592
1776 593
1777 593
1778 594
1779 594
1780 594
1781 594
1782 595
1783 595
1784 596
1785 596
1786 596
1787 596
1788 597
1789 597
1790 598
1791 598
1792 598
1793 598
1794 599
1795 599
1796 600
1797 600
1798 600
1799 600
1800 601
1801 601
1802 602
1803 602
1804 602
1805 602
1806 603
1807 603
1808 604
1809 604
1810 604
1811 604
1812 605
1813 605
1814 606
1815 606
1816 606
1817 606
1818 607
1819 607
1820 608
1821 608
1822 608
1823 608
1824 609
1825 609
1826 610
1827 610
1828 610
1829 610
1830 611
1831 611
1832 612
1833 612
1834 612
1835 612
1836 613
1837 613
1838 614
1839 614
1840 614
1841 614
1842 615
1843 615
1844 616
1845 616
1846 616
1847 616
1848 617
1849 617
1850 618
1851 618
1852 618
1853 618
1854 619
1855 619
1856 620
1857 620
1858 620
1859 620
1860 621
1861 621
1862 622
1863 622
1864 622
1865 622
1866 623
1867 623
1868 624
1869 624
1870 624
1871 624
1872 625
1873 625
1874 626
1875 626
1876 626
1877 626
1878 627
1879 627
1880 628
1881 628
1882 628
1883 628
1884 629
1885 629
1886 630
1887 630
1888 630
1889 630
1890 631
1891 631
1892 632
1893 632
1894 632
1895 632
1896 633
1897 633
1898 634
1899 634
1900 634
1901 634
1902 635
1903 635
1904 636
1905 636
1906 636
1907 636
1908 637
1909 637
1910 638
1911 638
1912 638
1913 638
1914 639
1915 639
1916 640
1917 640
1918 640
1919 640
1920 641
1921 641
1922 642
1923 642
1924 642
1925 642
1926 643
1927 643
1928 644
1929 644
1930 644
1931 644
1932 645
1933 645
1934 646
1935 646
1936 646
1937 646
1938 647
1939 647
1940 648
1941 648
1942 648
1943 648
1944 649
1945 649
1946 650
1947 650
1948 650
1949 650
1950 651
1951 651
1952 652
1953 652
1954 652
1955 652
1956 653
1957 653
1958 654
1959 654
1960 654
1961 654
1962 655
1963 655
1964 656
1965 656
1966 656
1967 656
1968 657
1969 657
1970 658
1971 658
1972 658
1973 658
1974 659
1975 659
1976 660
1977 660
1978 660
1979 660
1980 661
1981 661
1982 662
1983 662
1984 662
1985 662
1986 663
1987 663
1988 664
1989 664
1990 664
1991 664
1992 665
1993 665
1994 666
1995 666
1996 666
1997 666
1998 667
1999 667
2000 668
2001 668
2002 668
2003 668
2004 669
2005 669
2006 670
2007 670
2008 670
2009 670
2010 671
2011 671
2012 672
2013 672
2014 672
2015 672
2016 673
2017 673
2018 674
2019 674
2020 674
2021 674
2022 675
2023 675
2024 676
2025 676
2026 676
2027 676
2028 677
2029 677
2030 678
2031 678
2032 678
2033 678
2034 679
2035 679
2036 680
2037 680
2038 680
2039 680
2040 681
2041 681
2042 682
2043 682
2044 682
2045 682
2046 683
2047 683
2048 684
2049 684
2050 684
2051 684
2052 685
2053 685
2054 686
2055 686
2056 686
2057 686
2058 687
2059 687
2060 688
2061 688
2062 688
2063 688
2064 689
2065 689
2066 690
2067 690
2068 690
2069 690
2070 691
2071 691
2072 692
2073 692
2074 692
2075 692
2076 693
2077 693
2078 694
2079 694
2080 694
2081 694
2082 695
2083 695
2084 696
2085 696
2086 696
2087 696
2088 697
2089 697
2090 698
2091 698
2092 698
2093 698
2094 699
2095 699
2096 700
2097 700
2098 700
2099 700
2100 701
2101 701
2102 702
2103 702
2104 702
2105 702
2106 703
2107 703
2108 704
2109 704
2110 704
2111 704
2112 705
2113 705
2114 706
2115 706
2116 706
2117 706
2118 707
2119 707
2120 708
2121 708
2122 708
2123 708
2124 709
2125 709
2126 710
2127 710
2128 710
2129 710
2130 711
2131 711
2132 712
2133 712
2134 712
2135 712
2136 713
2137 713
2138 714
2139 714
2140 714
2141 714
2142 715
2143 715
2144 716
2145 716
2146 716
2147 716
2148 717
2149 717
2150 718
2151 718
2152 718
2153 718
2154 719
2155 719
2156 720
2157 720
2158 720
2159 720
2160 721
2161 721
2162 722
2163 722
2164 722
2165 722
2166 723
2167 723
2168 724
2169 724
2170 724
2171 724
2172 725
2173 725
2174 726
2175 726
2176 726
2177 726
2178 727
2179 727
2180 728
2181 728
2182 728
2183 728
2184 729
2185 729
2186 730
2187 730
2188 730
2189 730
2190 731
2191 731
2192 732
2193 732
2194 732
2195 732
2196 733
2197 733
2198 734
2199 734
2200 734
2201 734
2202 735
2203 735
2204 736
2205 736
2206 736
2207 736
2208 737
2209 737
2210 738
2211 738
2212 738
2213 738
2214 739
2215 739
2216 740
2217 740
2218 740
2219 740
2220 741
2221 741
2222 742
2223 742
2224 742
2225 742
2226 743
2227 743
2228 744
2229 744
2230 744
2231 744
2232 745
2233 745
2234 746
2235 746
2236 746
2237 746
2238 747
2239 747
2240 748
2241 748
2242 748
2243 748
2244 749
2245 749
2246 750
2247 750
2248 750
2249 750
2250 751
2251 751
2252 752
2253 752
2254 752
2255 752
2256 753
2257 753
2258 754
2259 754
2260 754
2261 754
2262 755
2263 755
2264 756
2265 756
2266 756
2267 756
2268 757
2269 757
2270 758
2271 758
2272 758
2273 758
2274 759
2275 759
2276 760
2277 760
2278 760
2279 760
2280 761
2281 761
2282 762
2283 762
2284 762
2285 762
2286 763
2287 763
2288 764
2289 764
2290 764
2291 764
2292 765
2293 765
2294 766
2295 766
2296 766
2297 766
2298 767
2299 767
2300 768
2301 768
2302 768
2303 768
2304 769
2305 769
2306 770
2307 770
2308 770
2309 770
2310 771
2311 771
2312 772
2313 772
2314 772
2315 772
2316 773
2317 773
2318 774
2319 774
2320 774
2321 774
2322 775
2323 775
2324 776
2325 776
2326 776
2327 776
2328 777
2329 777
2330 778
2331 778
2332 778
2333 778
2334 779
2335 779
2336 780
2337 780
2338 780
2339 780
2340 781
2341 781
2342 782
2343 782
2344 782
2345 782
2346 783
2347 783
2348 784
2349 784
2350 784
2351 784
2352 785
2353 785
2354 786
2355 786
2356 786
2357 786
2358 787
2359 787
2360 788
2361 788
2362 788
2363 788
2364 789
2365 789
2366 790
2367 790
2368 790
2369 790
2370 791
2371 791
2372 792
2373 792
2374 792
2375 792
2376 793
2377 793
2378 794
2379 794
2380 794
2381 794
2382 795
2383 795
2384 796
2385 796
2386 796
2387 796
2388 797
2389 797
2390 798
2391 798
2392 798
2393 798
2394 799
2395 799
2396 800
2397 800
2398 800
2399 800
2400 801
2401 801
2402 802
2403 802
2404 802
2405 802
2406 803
2407 803
2408 804
2409 804
2410 804
2411 804
2412 805
2413 805
2414 806
2415 806
2416 806
2417 806
2418 807
2419 807
2420 808
2421 808
2422 808
2423 808
2424 809
2425 809
2426 810
2427 810
2428 810
2429 810
2430 811
2431 811
2432 812
2433 812
2434 812
2435 812
2436 813
2437 813
2438 814
2439 814
2440 814
2441 814
2442 815
2443 815
2444 816
2445 816
2446 816
2447 816
2448 817
2449 817
2450 818
2451 818
2452 818
2453 818
2454 819
2455 819
2456 820
2457 820
2458 820
2459 820
2460 821
2461 821
2462 822
2463 822
2464 822
2465 822
2466 823
2467 823
2468 824
2469 824
2470 824
2471 824
2472 825
2473 825
2474 826
2475 826
2476 826
2477 826
2478 827
2479 827
2480 828
2481 828
2482 828
2483 828
2484 829
2485 829
2486 830
2487 830
2488 830
2489 830
2490 831
2491 831
2492 832
2493 832
2494 832
2495 832
2496 833
2497 833
2498 834
2499 834
2500 834
2501 834
2502 835
2503 835
2504 836
2505 836
2506 836
2507 836
2508 837
2509 837
2510 838
2511 838
2512 838
2513 838
2514 839
2515 839
2516 840
2517 840
2518 840
2519 840
2520 841
2521 841
2522 842
2523 842
2524 842
2525 842
2526 843
2527 843
2528 844
2529 844
2530 844
2531 844
2532 845
2533 845
2534 846
2535 846
2536 846
2537 846
2538 847
2539 847
2540 848
2541 848
2542 848
2543 848
2544 849
2545 849
2546 850
2547 850
2548 850
2549 850
2550 851
2551 851
2552 852
2553 852
2554 852
2555 852
2556 853
2557 853
2558 854
2559 854
2560 854
2561 854
2562 855
2563 855
2564 856
2565 856
2566 856
2567 856
2568 857
2569 857
2570 858
2571 858
2572 858
2573 858
2574 859
2575 859
2576 860
2577 860
2578 860
2579 860
2580 861
2581 861
2582 862
2583 862
2584 862
2585 862
2586 863
2587 863
2588 864
2589 864
2590 864
2591 864
2592 865
2593 865
2594 866
2595 866
2596 866
2597 866
2598 867
2599 867
2600 868
2601 868
2602 868
2603 868
2604 869
2605 869
2606 870
2607 870
2608 870
2609 870
2610 871
2611 871
2612 872
2613 872
2614 872
2615 872
2616 873
2617 873
2618 874
2619 874
2620 874
2621 874
2622 875
2623 875
2624 876
2625 876
2626 876
2627 876
2628 877
2629 877
2630 878
2631 878
2632 878
2633 878
2634 879
2635 879
2636 880
2637 880
2638 880
2639 880
2640 881
2641 881
2642 882
2643 882
2644 882
2645 882
2646 883
2647 883
2648 884
2649 884
2650 884
2651 884
2652 885
2653 885
2654 886
2655 886
2656 886
2657 886
2658 887
2659 887
2660 888
2661 888
2662 888
2663 888
2664 889
2665 889
2666 890
2667 890
2668 890
2669 890
2670 891
2671 891
2672 892
2673 892
2674 892
2675 892
2676 893
2677 893
2678 894
2679 894
2680 894
2681 894
2682 895
2683 895
2684 896
2685 896
2686 896
2687 896
2688 897
2689 897
2690 898
2691 898
2692 898
2693 898
2694 899
2695 899
2696 900
2697 900
2698 900
2699 900
2700 901
2701 901
2702 902
2703 902
2704 902
2705 902
2706 903
2707 903
2708 904
2709 904
2710 904
2711 904
2712 905
2713 905
2714 906
2715 906
2716 906
2717 906
2718 907
2719 907
2720 908
2721 908
2722 908
2723 908
2724 909
2725 909
2726 910
2727 910
2728 910
2729 910
2730 911
2731 911
2732 912
2733 912
2734 912
2735 912
2736 913
2737 913
2738 914
2739 914
2740 914
2741 914
2742 915
2743 915
2744 916
2745 916
2746 916
2747 916
2748 917
2749 917
2750 918
2751 918
2752 918
2753 918
2754 919
2755 919
2756 920
2757 920
2758 920
2759 920
2760 921
2761 921
2762 922
2763 922
2764 922
2765 922
2766 923
2767 923
2768 924
2769 924
2770 924
2771 924
2772 925
2773 925
2774 926
2775 926
2776 926
2777 926
2778 927
2779 927
2780 928
2781 928
2782 928
2783 928
2784 929
2785 929
2786 930
2787 930
2788 930
2789 930
2790 931
2791 931
2792 932
2793 932
2794 932
2795 932
2796 933
2797 933
2798 934
2799 934
2800 934
2801 934
2802 935
2803 935
2804 936
2805 936
2806 936
2807 936
2808 937
2809 937
2810 938
2811 938
2812 938
2813 938
2814 939
2815 939
2816 940
2817 940
2818 940
2819 940
2820 941
2821 941
2822 942
2823 942
2824 942
2825 942
2826 943
2827 943
2828 944
2829 944
2830 944
2831 944
2832 945
2833 945
2834 946
2835 946
2836 946
2837 946
2838 947
2839 947
2840 948
2841 948
2842 948
2843 948
2844 949
2845 949
2846 950
2847 950
2848 950
2849 950
2850 951
2851 951
2852 952
2853 952
2854 952
2855 952
2856 953
2857 953
2858 954
2859 954
2860 954
2861 954
2862 955
2863 955
2864 956
2865 956
2866 956
2867 956
2868 957
2869 957
2870 958
2871 958
2872 958
2873 958
2874 959
2875 959
2876 960
2877 960
2878 960
2879 960
2880 961
2881 961
2882 962
2883 962
2884 962
2885 962
2886 963
2887 963
2888 964
2889 964
2890 964
2891 964
2892 965
2893 965
2894 966
2895 966
2896 966
2897 966
2898 967
2899 967
2900 968
2901 968
2902 968
2903 968
2904 969
2905 969
2906 970
2907 970
2908 970
2909 970
2910 971
2911 971
2912 972
2913 972
2914 972
2915 972
2916 973
2917 973
2918 974
2919 974
2920 974
2921 974
2922 975
2923 975
2924 976
2925 976
2926 976
2927 976
2928 977
2929 977
2930 978
2931 978
2932 978
2933 978
2934 979
2935 979
2936 980
2937 980
2938 980
2939 980
2940 981
2941 981
2942 982
2943 982
2944 982
2945 982
2946 983
2947 983
2948 984
2949 984
2950 984
2951 984
2952 985
2953 985
2954 986
2955 986
2956 986
2957 986
2958 987
2959 987
2960 988
2961 988
2962 988
2963 988
2964 989
2965 989
2966 990
2967 990
2968 990
2969 990
2970 991
2971 991
2972 992
2973 992
2974 992
2975 992
2976 993
2977 993
2978 994
2979 994
2980 994
2981 994
2982 995
2983 995
2984 996
2985 996
2986 996
2987 996
2988 997
2989 997
2990 998
2991 998
2992 998
2993 998
2994 999
2995 999
2996 1000
2997 1000
2998 1000
2999 1000
3000 1001
3001 1001
3002 1002
3003 1002
3004 1002
3005 1002
3006 1003
3007 1003
3008 1004
3009 1004
3010 1004
3011 1004
3012 1005
3013 1005
3014 1006
3015 1006
3016 1006
3017 1006
3018 1007
3019 1007
3020 1008
3021 1008
3022 1008
3023 1008
3024 1009
3025 1009
3026 1010
3027 1010
3028 1010
3029 1010
3030 1011
3031 1011
3032 1012
3033 1012
3034 1012
3035 1012
3036 1013
3037 1013
3038 1014
3039 1014
3040 1014
3041 1014
3042 1015
3043 1015
3044 1016
3045 1016
3046 1016
3047 1016
3048 1017
3049 1017
3050 1018
3051 1018
3052 1018
3053 1018
3054 1019
3055 1019
3056 1020
3057 1020
3058 1020
3059 1020
3060 1021
3061 1021
3062 1022
3063 1022
3064 1022
3065 1022
3066 1023
3067 1023
3068 1024
3069 1024
3070 1024
3071 1024
3072 1025
3073 1025
3074 1026
3075 1026
3076 1026
3077 1026
3078 1027
3079 1027
3080 1028
3081 1028
3082 1028
3083 1028
3084 1029
3085 1029
3086 1030
3087 1030
3088 1030
3089 1030
3090 1031
3091 1031
3092 1032
3093 1032
3094 1032
3095 1032
3096 1033
3097 1033
3098 1034
3099 1034
3100 1034
3101 1034
3102 1035
3103 1035
3104 1036
3105 1036
3106 1036
3107 1036
3108 1037
3109 1037
3110 1038
3111 1038
3112 1038
3113 1038
3114 1039
3115 1039
3116 1040
3117 1040
3118 1040
3119 1040
3120 1041
3121 1041
3122 1042
3123 1042
3124 1042
3125 1042
3126 1043
3127 1043
3128 1044
3129 1044
3130 1044
3131 1044
3132 1045
3133 1045
3134 1046
3135 1046
3136 1046
3137 1046
3138 1047
3139 1047
3140 1048
3141 1048
3142 1048
3143 1048
3144 1049
3145 1049
3146 1050
3147 1050
3148 1050
3149 1050
3150 1051
3151 1051
3152 1052
3153 1052
3154 1052
3155 1052
3156 1053
3157 1053
3158 1054
3159 1054
3160 1054
3161 1054
3162 1055
3163 1055
3164 1056
3165 1056
3166 1056
3167 1056
3168 1057
3169 1057
3170 1058
3171 1058
3172 1058
3173 1058
3174 1059
3175 1059
3176 1060
3177 1060
3178 1060
3179 1060
3180 1061
3181 1061
3182 1062
3183 1062
3184 1062
3185 1062
3186 1063
3187 1063
3188 1064
3189 1064
3190 1064
3191 1064
3192 1065
3193 1065
3194 1066
3195 1066
3196 1066
3197 1066
3198 1067
3199 1067
3200 1068
3201 1068
3202 1068
3203 1068
3204 1069
3205 1069
3206 1070
3207 1070
3208 1070
3209 1070
3210 1071
3211 1071
3212 1072
3213 1072
3214 1072
3215 1072
3216 1073
3217 1073
3218 1074
3219 1074
3220 1074
3221 1074
3222 1075
3223 1075
3224 1076
3225 1076
3226 1076
3227 1076
3228 1077
3229 1077
3230 1078
3231 1078
3232 1078
3233 1078
3234 1079
3235 1079
3236 1080
3237 1080
3238 1080
3239 1080
3240 1081
3241 1081
3242 1082
3243 1082
3244 1082
3245 1082
3246 1083
3247 1083
3248 1084
3249 1084
3250 1084
3251 1084
3252 1085
3253 1085
3254 1086
3255 1086
3256 1086
3257 1086
3258 1087
3259 1087
3260 1088
3261 1088
3262 1088
3263 1088
3264 1089
3265 1089
3266 1090
3267 1090
3268 1090
3269 1090
3270 1091
3271 1091
3272 1092
3273 1092
3274 1092
3275 1092
3276 1093
3277 1093
3278 1094
3279 1094
3280 1094
3281 1094
3282 1095
3283 1095
3284 1096
3285 1096
3286 1096
3287 1096
3288 1097
3289 1097
3290 1098
3291 1098
3292 1098
3293 1098
3294 1099
3295 1099
3296 1100
3297 1100
3298 1100
3299 1100
3300 1101
3301 1101
3302 1102
3303 1102
3304 1102
3305 1102
3306 1103
3307 1103
3308 1104
3309 1104
3310 1104
3311 1104
3312 1105
3313 1105
3314 1106
3315 1106
3316 1106
3317 1106
3318 1107
3319 1107
3320 1108
3321 1108
3322 1108
3323 1108
3324 1109
3325 1109
3326 1110
3327 1110
3328 1110
3329 1110
3330 1111
3331 1111
3332 1112
3333 1112
3334 1112
3335 1112
3336 1113
3337 1113
3338 1114
3339 1114
3340 1114
3341 1114
3342 1115
3343 1115
3344 1116
3345 1116
3346 1116
3347 1116
3348 1117
3349 1117
3350 1118
3351 1118
3352 1118
3353 1118
3354 1119
3355 1119
3356 1120
3357 1120
3358 1120
3359 1120
3360 1121
3361 1121
3362 1122
3363 1122
3364 1122
3365 1122
3366 1123
3367 1123
3368 1124
3369 1124
3370 1124
3371 1124
3372 1125
3373 1125
3374 1126
3375 1126
3376 1126
3377 1126
3378 1127
3379 1127
3380 1128
3381 1128
3382 1128
3383 1128
3384 1129
3385 1129
3386 1130
3387 1130
3388 1130
3389 1130
3390 1131
3391 1131
3392 1132
3393 1132
3394 1132
3395 1132
3396 1133
3397 1133
3398 1134
3399 1134
3400 1134
3401 1134
3402 1135
3403 1135
3404 1136
3405 1136
3406 1136
3407 1136
3408 1137
3409 1137
3410 1138
3411 1138
3412 1138
3413 1138
3414 1139
3415 1139
3416 1140
3417 1140
3418 1140
3419 1140
3420 1141
3421 1141
3422 1142
3423 1142
3424 1142
3425 1142
3426 1143
3427 1143
3428 1144
3429 1144
3430 1144
3431 1144
3432 1145
3433 1145
3434 1146
3435 1146
3436 1146
3437 1146
3438 1147
3439 1147
3440 1148
3441 1148
3442 1148
3443 1148
3444 1149
3445 1149
3446 1150
3447 1150
3448 1150
3449 1150
3450 1151
3451 1151
3452 1152
3453 1152
3454 1152
3455 1152
3456 1153
3457 1153
3458 1154
3459 1154
3460 1154
3461 1154
3462 1155
3463 1155
3464 1156
3465 1156
3466 1156
3467 1156
3468 1157
3469 1157
3470 1158
3471 1158
3472 1158
3473 1158
3474 1159
3475 1159
3476 1160
3477 1160
3478 1160
3479 1160
3480 1161
3481 1161
3482 1162
3483 1162
3484 1162
3485 1162
3486 1163
3487 1163
3488 1164
3489 1164
3490 1164
3491 1164
3492 1165
3493 1165
3494 1166
3495 1166
3496 1166
3497 1166
3498 1167
3499 1167
3500 1168
3501 1168
3502 1168
3503 1168
3504 1169
3505 1169
3506 1170
3507 1170
3508 1170
3509 1170
3510 1171
3511 1171
3512 1172
3513 1172
3514 1172
3515 1172
3516 1173
3517 1173
3518 1174
3519 1174
3520 1174
3521 1174
3522 1175
3523 1175
3524 1176
3525 1176
3526 1176
3527 1176
3528 1177
3529 1177
3530 1178
3531 1178
3532 1178
3533 1178
3534 1179
3535 1179
3536 1180
3537 1180
3538 1180
3539 1180
3540 1181
3541 1181
3542 1182
3543 1182
3544 1182
3545 1182
3546 1183
3547 1183
3548 1184
3549 1184
3550 1184
3551 1184
3552 1185
3553 1185
3554 1186
3555 1186
3556 1186
3557 1186
3558 1187
3559 1187
3560 1188
3561 1188
3562 1188
3563 1188
3564 1189
3565 1189
3566 1190
3567 1190
3568 1190
3569 1190
3570 1191
3571 1191
3572 1192
3573 1192
3574 1192
3575 1192
3576 1193
3577 1193
3578 1194
3579 1194
3580 1194
3581 1194
3582 1195
3583 1195
3584 1196
3585 1196
3586 1196
3587 1196
3588 1197
3589 1197
3590 1198
3591 1198
3592 1198
3593 1198
3594 1199
3595 1199
3596 1200
3597 1200
3598 1200
3599 1200
3600 1201
3601 1201
3602 1202
3603 1202
3604 1202
3605 1202
3606 1203
3607 1203
3608 1204
3609 1204
3610 1204
3611 1204
3612 1205
3613 1205
3614 1206
3615 1206
3616 1206
3617 1206
3618 1207
3619 1207
3620 1208
3621 1208
3622 1208
3623 1208
3624 1209
3625 1209
3626 1210
3627 1210
3628 1210
3629 1210
3630 1211
3631 1211
3632 1212
3633 1212
3634 1212
3635 1212
3636 1213
3637 1213
3638 1214
3639 1214
3640 1214
3641 1214
3642 1215
3643 1215
3644 1216
3645 1216
3646 1216
3647 1216
3648 1217
3649 1217
3650 1218
3651 1218
3652 1218
3653 1218
3654 1219
3655 1219
3656 1220
3657 1220
3658 1220
3659 1220
3660 1221
3661 1221
3662 1222
3663 1222
3664 1222
3665 1222
3666 1223
3667 1223
3668 1224
3669 1224
3670 1224
3671 1224
3672 1225
3673 1225
3674 1226
3675 1226
3676 1226
3677 1226
3678 1227
3679 1227
3680 1228
3681 1228
3682 1228
3683 1228
3684 1229
3685 1229
3686 1230
3687 1230
3688 1230
3689 1230
3690 1231
3691 1231
3692 1232
3693 1232
3694 1232
3695 1232
3696 1233
3697 1233
3698 1234
3699 1234
3700 1234
3701 1234
3702 1235
3703 1235
3704 1236
3705 1236
3706 1236
3707 1236
3708 1237
3709 1237
3710 1238
3711 1238
3712 1238
3713 1238
3714 1239
3715 1239
3716 1240
3717 1240
3718 1240
3719 1240
3720 1241
3721 1241
3722 1242
3723 1242
3724 1242
3725 1242
3726 1243
3727 1243
3728 1244
3729 1244
3730 1244
3731 1244
3732 1245
3733 1245
3734 1246
3735 1246
3736 1246
3737 1246
3738 1247
3739 1247
3740 1248
3741 1248
3742 1248
3743 1248
3744 1249
3745 1249
3746 1250
3747 1250
3748 1250
3749 1250
3750 1251
3751 1251
3752 1252
3753 1252
3754 1252
3755 1252
3756 1253
3757 1253
3758 1254
3759 1254
3760 1254
3761 1254
3762 1255
3763 1255
3764 1256
3765 1256
3766 1256
3767 1256
3768 1257
3769 1257
3770 1258
3771 1258
3772 1258
3773 1258
3774 1259
3775 1259
3776 1260
3777 1260
3778 1260
3779 1260
3780 1261
3781 1261
3782 1262
3783 1262
3784 1262
3785 1262
3786 1263
3787 1263
3788 1264
3789 1264
3790 1264
3791 1264
3792 1265
3793 1265
3794 1266
3795 1266
3796 1266
3797 1266
3798 1267
3799 1267
3800 1268
3801 1268
3802 1268
3803 1268
3804 1269
3805 1269
3806 1270
3807 1270
3808 1270
3809 1270
3810 1271
3811 1271
3812 1272
3813 1272
3814 1272
3815 1272
3816 1273
3817 1273
3818 1274
3819 1274
3820 1274
3821 1274
3822 1275
3823 1275
3824 1276
3825 1276
3826 1276
3827 1276
3828 1277
3829 1277
3830 1278
3831 1278
3832 1278
3833 1278
3834 1279
3835 1279
3836 1280
3837 1280
3838 1280
3839 1280
3840 1281
3841 1281
3842 1282
3843 1282
3844 1282
3845 1282
3846 1283
3847 1283
3848 1284
3849 1284
3850 1284
3851 1284
3852 1285
3853 1285
3854 1286
3855 1286
3856 1286
3857 1286
3858 1287
3859 1287
3860 1288
3861 1288
3862 1288
3863 1288
3864 1289
3865 1289
3866 1290
3867 1290
3868 1290
3869 1290
3870 1291
3871 1291
3872 1292
3873 1292
3874 1292
3875 1292
3876 1293
3877 1293
3878 1294
3879 1294
3880 1294
3881 1294
3882 1295
3883 1295
3884 1296
3885 1296
3886 1296
3887 1296
3888 1297
3889 1297
3890 1298
3891 1298
3892 1298
3893 1298
3894 1299
3895 1299
3896 1300
3897 1300
3898 1300
3899 1300
3900 1301
3901 1301
3902 1302
3903 1302
3904 1302
3905 1302
3906 1303
3907 1303
3908 1304
3909 1304
3910 1304
3911 1304
3912 1305
3913 1305
3914 1306
3915 1306
3916 1306
3917 1306
3918 1307
3919 1307
3920 1308
3921 1308
3922 1308
3923 1308
3924 1309
3925 1309
3926 1310
3927 1310
3928 1310
3929 1310
3930 1311
3931 1311
3932 1312
3933 1312
3934 1312
3935 1312
3936 1313
3937 1313
3938 1314
3939 1314
3940 1314
3941 1314
3942 1315
3943 1315
3944 1316
3945 1316
3946 1316
3947 1316
3948 1317
3949 1317
3950 1318
3951 1318
3952 1318
3953 1318
3954 1319
3955 1319
3956 1320
3957 1320
3958 1320
3959 1320
3960 1321
3961 1321
3962 1322
3963 1322
3964 1322
3965 1322
3966 1323
3967 1323
3968 1324
3969 1324
3970 1324
3971 1324
3972 1325
3973 1325
3974 1326
3975 1326
3976 1326
3977 1326
3978 1327
3979 1327
3980 1328
3981 1328
3982 1328
3983 1328
3984 1329
3985 1329
3986 1330
3987 1330
3988 1330
3989 1330
3990 1331
3991 1331
3992 1332
3993 1332
3994 1332
3995 1332
3996 1333
3997 1333
3998 1334
3999 1334
4000 1334
4001 1334
4002 1335
4003 1335
4004 1336
4005 1336
4006 1336
4007 1336
4008 1337
4009 1337
4010 1338
4011 1338
4012 1338
4013 1338
4014 1339
4015 1339
4016 1340
4017 1340
4018 1340
4019 1340
4020 1341
4021 1341
4022 1342
4023 1342
4024 1342
4025 1342
4026 1343
4027 1343
4028 1344
4029 1344
4030 1344
4031 1344
4032 1345
4033 1345
4034 1346
4035 1346
4036 1346
4037 1346
4038 1347
4039 1347
4040 1348
4041 1348
4042 1348
4043 1348
4044 1349
4045 1349
4046 1350
4047 1350
4048 1350
4049 1350
4050 1351
4051 1351
4052 1352
4053 1352
4054 1352
4055 1352
4056 1353
4057 1353
4058 1354
4059 1354
4060 1354
4061 1354
4062 1355
4063 1355
4064 1356
4065 1356
4066 1356
4067 1356
4068 1357
4069 1357
4070 1358
4071 1358
4072 1358
4073 1358
4074 1359
4075 1359
4076 1360
4077 1360
4078 1360
4079 1360
4080 1361
4081 1361
4082 1362
4083 1362
4084 1362
4085 1362
4086 1363
4087 1363
4088 1364
4089 1364
4090 1364
4091 1364
4092 1365
4093 1365
4094 1366
4095 1366
4096 1366
4097 1366
4098 1367
4099 1367
4100 1368
4101 1368
4102 1368
4103 1368
4104 1369
4105 1369
4106 1370
4107 1370
4108 1370
4109 1370
4110 1371
4111 1371
4112 1372
4113 1372
4114 1372
4115 1372
4116 1373
4117 1373
4118 1374
4119 1374
4120 1374
4121 1374
4122 1375
4123 1375
4124 1376
4125 1376
4126 1376
4127 1376
4128 1377
4129 1377
4130 1378
4131 1378
4132 1378
4133 1378
4134 1379
4135 1379
4136 1380
4137 1380
4138 1380
4139 1380
4140 1381
4141 1381
4142 1382
4143 1382
4144 1382
4145 1382
4146 1383
4147 1383
4148 1384
4149 1384
4150 1384
4151 1384
4152 1385
4153 1385
4154 1386
4155 1386
4156 1386
4157 1386
4158 1387
4159 1387
4160 1388
4161 1388
4162 1388
4163 1388
4164 1389
4165 1389
4166 1390
4167 1390
4168 1390
4169 1390
4170 1391
4171 1391
4172 1392
4173 1392
4174 1392
4175 1392
4176 1393
4177 1393
4178 1394
4179 1394
4180 1394
4181 1394
4182 1395
4183 1395
4184 1396
4185 1396
4186 1396
4187 1396
4188 1397
4189 1397
4190 1398
4191 1398
4192 1398
4193 1398
4194 1399
4195 1399
4196 1400
4197 1400
4198 1400
4199 1400
4200 1401
4201 1401
4202 1402
4203 1402
4204 1402
4205 1402
4206 1403
4207 1403
4208 1404
4209 1404
4210 1404
4211 1404
4212 1405
4213 1405
4214 1406
4215 1406
4216 1406
4217 1406
4218 1407
4219 1407
4220 1408
4221 1408
4222 1408
4223 1408
4224 1409
4225 1409
4226 1410
4227 1410
4228 1410
4229 1410
4230 1411
4231 1411
4232 1412
4233 1412
4234 1412
4235 1412
4236 1413
4237 1413
4238 1414
4239 1414
4240 1414
4241 1414
4242 1415
4243 1415
4244 1416
4245 1416
4246 1416
4247 1416
4248 1417
4249 1417
4250 1418
4251 1418
4252 1418
4253 1418
4254 1419
4255 1419
4256 1420
4257 1420
4258 1420
4259 1420
4260 1421
4261 1421
4262 1422
4263 1422
4264 1422
4265 1422
4266 1423
4267 1423
4268 1424
4269 1424
4270 1424
4271 1424
4272 1425
4273 1425
4274 1426
4275 1426
4276 1426
4277 1426
4278 1427
4279 1427
4280 1428
4281 1428
4282 1428
4283 1428
4284 1429
4285 1429
4286 1430
4287 1430
4288 1430
4289 1430
4290 1431
4291 1431
4292 1432
4293 1432
4294 1432
4295 1432
4296 1433
4297 1433
4298 1434
4299 1434
4300 1434
4301 1434
4302 1435
4303 1435
4304 1436
4305 1436
4306 1436
4307 1436
4308 1437
4309 1437
4310 1438
4311 1438
4312 1438
4313 1438
4314 1439
4315 1439
4316 1440
4317 1440
4318 1440
4319 1440
4320 1441
4321 1441
4322 1442
4323 1442
4324 1442
4325 1442
4326 1443
4327 1443
4328 1444
4329 1444
4330 1444
4331 1444
4332 1445
4333 1445
4334 1446
4335 1446
4336 1446
4337 1446
4338 1447
4339 1447
4340 1448
4341 1448
4342 1448
4343 1448
4344 1449
4345 1449
4346 1450
4347 1450
4348 1450
4349 1450
4350 1451
4351 1451
4352 1452
4353 1452
4354 1452
4355 1452
4356 1453
4357 1453
4358 1454
4359 1454
4360 1454
4361 1454
4362 1455
4363 1455
4364 1456
4365 1456
4366 1456
4367 1456
4368 1457
4369 1457
4370 1458
4371 1458
4372 1458
4373 1458
4374 1459
4375 1459
4376 1460
4377 1460
4378 1460
4379 1460
4380 1461
4381 1461
4382 1462
4383 1462
4384 1462
4385 1462
4386 1463
4387 1463
4388 1464
4389 1464
4390 1464
4391 1464
4392 1465
4393 1465
4394 1466
4395 1466
4396 1466
4397 1466
4398 1467
4399 1467
4400 1468
4401 1468
4402 1468
4403 1468
4404 1469
4405 1469
4406 1470
4407 1470
4408 1470
4409 1470
4410 1471
4411 1471
4412 1472
4413 1472
4414 1472
4415 1472
4416 1473
4417 1473
4418 1474
4419 1474
4420 1474
4421 1474
4422 1475
4423 1475
4424 1476
4425 1476
4426 1476
4427 1476
4428 1477
4429 1477
4430 1478
4431 1478
4432 1478
4433 1478
4434 1479
4435 1479
4436 1480
4437 1480
4438 1480
4439 1480
4440 1481
4441 1481
4442 1482
4443 1482
4444 1482
4445 1482
4446 1483
4447 1483
4448 1484
4449 1484
4450 1484
4451 1484
4452 1485
4453 1485
4454 1486
4455 1486
4456 1486
4457 1486
4458 1487
4459 1487
4460 1488
4461 1488
4462 1488
4463 1488
4464 1489
4465 1489
4466 1490
4467 1490
4468 1490
4469 1490
4470 1491
4471 1491
4472 1492
4473 1492
4474 1492
4475 1492
4476 1493
4477 1493
4478 1494
4479 1494
4480 1494
4481 1494
4482 1495
4483 1495
4484 1496
4485 1496
4486 1496
4487 1496
4488 1497
4489 1497
4490 1498
4491 1498
4492 1498
4493 1498
4494 1499
4495 1499
4496 1500
4497 1500
4498 1500
4499 1500
4500 1501
4501 1501
4502 1502
4503 1502
4504 1502
4505 1502
4506 1503
4507 1503
4508 1504
4509 1504
4510 1504
4511 1504
4512 1505
4513 1505
4514 1506
4515 1506
4516 1506
4517 1506
4518 1507
4519 1507
4520 1508
4521 1508
4522 1508
4523 1508
4524 1509
4525 1509
4526 1510
4527 1510
4528 1510
4529 1510
4530 1511
4531 1511
4532 1512
4533 1512
4534 1512
4535 1512
4536 1513
4537 1513
4538 1514
4539 1514
4540 1514
4541 1514
4542 1515
4543 1515
4544 1516
4545 1516
4546 1516
4547 1516
4548 1517
4549 1517
4550 1518
4551 1518
4552 1518
4553 1518
4554 1519
4555 1519
4556 1520
4557 1520
4558 1520
4559 1520
4560 1521
4561 1521
4562 1522
4563 1522
4564 1522
4565 1522
4566 1523
4567 1523
4568 1524
4569 1524
4570 1524
4571 1524
4572 1525
4573 1525
4574 1526
4575 1526
4576 1526
4577 1526
4578 1527
4579 1527
4580 1528
4581 1528
4582 1528
4583 1528
4584 1529
4585 1529
4586 1530
4587 1530
4588 1530
4589 1530
4590 1531
4591 1531
4592 1532
4593 1532
4594 1532
4595 1532
4596 1533
4597 1533
4598 1534
4599 1534
4600 1534
4601 1534
4602 1535
4603 1535
4604 1536
4605 1536
4606 1536
4607 1536
4608 1537
4609 1537
4610 1538
4611 1538
4612 1538
4613 1538
4614 1539
4615 1539
4616 1540
4617 1540
4618 1540
4619 1540
4620 1541
4621 1541
4622 1542
4623 1542
4624 1542
4625 1542
4626 1543
4627 1543
4628 1544
4629 1544
4630 1544
4631 1544
4632 1545
4633 1545
4634 1546
4635 1546
4636 1546
4637 1546
4638 1547
4639 1547
4640 1548
4641 1548
4642 1548
4643 1548
4644 1549
4645 1549
4646 1550
4647 1550
4648 1550
4649 1550
4650 1551
4651 1551
4652 1552
4653 1552
4654 1552
4655 1552
4656 1553
4657 1553
4658 1554
4659 1554
4660 1554
4661 1554
4662 1555
4663 1555
4664 1556
4665 1556
4666 1556
4667 1556
4668 1557
4669 1557
4670 1558
4671 1558
4672 1558
4673 1558
4674 1559
4675 1559
4676 1560
4677 1560
4678 1560
4679 1560
4680 1561
4681 1561
4682 1562
4683 1562
4684 1562
4685 1562
4686 1563
4687 1563
4688 1564
4689 1564
4690 1564
4691 1564
4692 1565
4693 1565
4694 1566
4695 1566
4696 1566
4697 1566
4698 1567
4699 1567
4700 1568
4701 1568
4702 1568
4703 1568
4704 1569
4705 1569
4706 1570
4707 1570
4708 1570
4709 1570
4710 1571
4711 1571
4712 1572
4713 1572
4714 1572
4715 1572
4716 1573
4717 1573
4718 1574
4719 1574
4720 1574
4721 1574
4722 1575
4723 1575
4724 1576
4725 1576
4726 1576
4727 1576
4728 1577
4729 1577
4730 1578
4731 1578
4732 1578
4733 1578
4734 1579
4735 1579
4736 1580
4737 1580
4738 1580
4739 1580
4740 1581
4741 1581
4742 1582
4743 1582
4744 1582
4745 1582
4746 1583
4747 1583
4748 1584
4749 1584
4750 1584
4751 1584
4752 1585
4753 1585
4754 1586
4755 1586
4756 1586
4757 1586
4758 1587
4759 1587
4760 1588
4761 1588
4762 1588
4763 1588
4764 1589
4765 1589
4766 1590
4767 1590
4768 1590
4769 1590
4770 1591
4771 1591
4772 1592
4773 1592
4774 1592
4775 1592
4776 1593
4777 1593
4778 1594
4779 1594
4780 1594
4781 1594
4782 1595
4783 1595
4784 1596
4785 1596
4786 1596
4787 1596
4788 1597
4789 1597
4790 1598
4791 1598
4792 1598
4793 1598
4794 1599
4795 1599
4796 1600
4797 1600
4798 1600
4799 1600
4800 1601
4801 1601
4802 1602
4803 1602
4804 1602
4805 1602
4806 1603
4807 1603
4808 1604
4809 1604
4810 1604
4811 1604
4812 1605
4813 1605
4814 1606
4815 1606
4816 1606
4817 1606
4818 1607
4819 1607
4820 1608
4821 1608
4822 1608
4823 1608
4824 1609
4825 1609
4826 1610
4827 1610
4828 1610
4829 1610
4830 1611
4831 1611
4832 1612
4833 1612
4834 1612
4835 1612
4836 1613
4837 1613
4838 1614
4839 1614
4840 1614
4841 1614
4842 1615
4843 1615
4844 1616
4845 1616
4846 1616
4847 1616
4848 1617
4849 1617
4850 1618
4851 1618
4852 1618
4853 1618
4854 1619
4855 1619
4856 1620
4857 1620
4858 1620
4859 1620
4860 1621
4861 1621
4862 1622
4863 1622
4864 1622
4865 1622
4866 1623
4867 1623
4868 1624
4869 1624
4870 1624
4871 1624
4872 1625
4873 1625
4874 1626
4875 1626
4876 1626
4877 1626
4878 1627
4879 1627
4880 1628
4881 1628
4882 1628
4883 1628
4884 1629
4885 1629
4886 1630
4887 1630
4888 1630
4889 1630
4890 1631
4891 1631
4892 1632
4893 1632
4894 1632
4895 1632
4896 1633
4897 1633
4898 1634
4899 1634
4900 1634
4901 1634
4902 1635
4903 1635
4904 1636
4905 1636
4906 1636
4907 1636
4908 1637
4909 1637
4910 1638
4911 1638
4912 1638
4913 1638
4914 1639
4915 1639
4916 1640
4917 1640
4918 1640
4919 1640
4920 1641
4921 1641
4922 1642
4923 1642
4924 1642
4925 1642
4926 1643
4927 1643
4928 1644
4929 1644
4930 1644
4931 1644
4932 1645
4933 1645
4934 1646
4935 1646
4936 1646
4937 1646
4938 1647
4939 1647
4940 1648
4941 1648
4942 1648
4943 1648
4944 1649
4945 1649
4946 1650
4947 1650
4948 1650
4949 1650
4950 1651
4951 1651
4952 1652
4953 1652
4954 1652
4955 1652
4956 1653
4957 1653
4958 1654
4959 1654
4960 1654
4961 1654
4962 1655
4963 1655
4964 1656
4965 1656
4966 1656
4967 1656
4968 1657
4969 1657
4970 1658
4971 1658
4972 1658
4973 1658
4974 1659
4975 1659
4976 1660
4977 1660
4978 1660
4979 1660
4980 1661
4981 1661
4982 1662
4983 1662
4984 1662
4985 1662
4986 1663
4987 1663
4988 1664
4989 1664
4990 1664
4991 1664
4992 1665
4993 1665
4994 1666
4995 1666
4996 1666
4997 1666
4998 1667
4999 1667
5000 1668
5001 1668
5002 1668
5003 1668
5004 1669
5005 1669
5006 1670
5007 1670
5008 1670
5009 1670
5010 1671
5011 1671
5012 1672
5013 1672
5014 1672
5015 1672
5016 1673
5017 1673
5018 1674
5019 1674
5020 1674
5021 1674
5022 1675
5023 1675
5024 1676
5025 1676
5026 1676
5027 1676
5028 1677
5029 1677
5030 1678
5031 1678
5032 1678
5033 1678
5034 1679
5035 1679
5036 1680
5037 1680
5038 1680
5039 1680
5040 1681
5041 1681
5042 1682
5043 1682
5044 1682
5045 1682
5046 1683
5047 1683
5048 1684
5049 1684
5050 1684
5051 1684
5052 1685
5053 1685
5054 1686
5055 1686
5056 1686
5057 1686
5058 1687
5059 1687
5060 1688
5061 1688
5062 1688
5063 1688
5064 1689
5065 1689
5066 1690
5067 1690
5068 1690
5069 1690
5070 1691
5071 1691
5072 1692
5073 1692
5074 1692
5075 1692
5076 1693
5077 1693
5078 1694
5079 1694
5080 1694
5081 1694
5082 1695
5083 1695
5084 1696
5085 1696
5086 1696
5087 1696
5088 1697
5089 1697
5090 1698
5091 1698
5092 1698
5093 1698
5094 1699
5095 1699
5096 1700
5097 1700
5098 1700
5099 1700
5100 1701
5101 1701
5102 1702
5103 1702
5104 1702
5105 1702
5106 1703
5107 1703
5108 1704
5109 1704
5110 1704
5111 1704
5112 1705
5113 1705
5114 1706
5115 1706
5116 1706
5117 1706
5118 1707
5119 1707
5120 1708
5121 1708
5122 1708
5123 1708
5124 1709
5125 1709
5126 1710
5127 1710
5128 1710
5129 1710
5130 1711
5131 1711
5132 1712
5133 1712
5134 1712
5135 1712
5136 1713
5137 1713
5138 1714
5139 1714
5140 1714
5141 1714
5142 1715
5143 1715
5144 1716
5145 1716
5146 1716
5147 1716
5148 1717
5149 1717
5150 1718
5151 1718
5152 1718
5153 1718
5154 1719
5155 1719
5156 1720
5157 1720
5158 1720
5159 1720
5160 1721
5161 1721
5162 1722
5163 1722
5164 1722
5165 1722
5166 1723
5167 1723
5168 1724
5169 1724
5170 1724
5171 1724
5172 1725
5173 1725
5174 1726
5175 1726
5176 1726
5177 1726
5178 1727
5179 1727
5180 1728
5181 1728
5182 1728
5183 1728
5184 1729
5185 1729
5186 1730
5187 1730
5188 1730
5189 1730
5190 1731
5191 1731
5192 1732
5193 1732
5194 1732
5195 1732
5196 1733
5197 1733
5198 1734
5199 1734
5200 1734
5201 1734
5202 1735
5203 1735
5204 1736
5205 1736
5206 1736
5207 1736
5208 1737
5209 1737
5210 1738
5211 1738
5212 1738
5213 1738
5214 1739
5215 1739
5216 1740
5217 1740
5218 1740
5219 1740
5220 1741
5221 1741
5222 1742
5223 1742
5224 1742
5225 1742
5226 1743
5227 1743
5228 1744
5229 1744
5230 1744
5231 1744
5232 1745
5233 1745
5234 1746
5235 1746
5236 1746
5237 1746
5238 1747
5239 1747
5240 1748
5241 1748
5242 1748
5243 1748
5244 1749
5245 1749
5246 1750
5247 1750
5248 1750
5249 1750
5250 1751
5251 1751
5252 1752
5253 1752
5254 1752
5255 1752
5256 1753
5257 1753
5258 1754
5259 1754
5260 1754
5261 1754
5262 1755
5263 1755
5264 1756
5265 1756
5266 1756
5267 1756
5268 1757
5269 1757
5270 1758
5271 1758
5272 1758
5273 1758
5274 1759
5275 1759
5276 1760
5277 1760
5278 1760
5279 1760
5280 1761
5281 1761
5282 1762
5283 1762
5284 1762
5285 1762
5286 1763
5287 1763
5288 1764
5289 1764
5290 1764
5291 1764
5292 1765
5293 1765
5294 1766
5295 1766
5296 1766
5297 1766
5298 1767
5299 1767
5300 1768
5301 1768
5302 1768
5303 1768
5304 1769
5305 1769
5306 1770
5307 1770
5308 1770
5309 1770
5310 1771
5311 1771
5312 1772
5313 1772
5314 1772
5315 1772
5316 1773
5317 1773
5318 1774
5319 1774
5320 1774
5321 1774
5322 1775
5323 1775
5324 1776
5325 1776
5326 1776
5327 1776
5328 1777
5329 1777
5330 1778
5331 1778
5332 1778
5333 1778
5334 1779
5335 1779
5336 1780
5337 1780
5338 1780
5339 1780
5340 1781
5341 1781
5342 1782
5343 1782
5344 1782
5345 1782
5346 1783
5347 1783
5348 1784
5349 1784
5350 1784
5351 1784
5352 1785
5353 1785
5354 1786
5355 1786
5356 1786
5357 1786
5358 1787
5359 1787
5360 1788
5361 1788
5362 1788
5363 1788
5364 1789
5365 1789
5366 1790
5367 1790
5368 1790
5369 1790
5370 1791
5371 1791
5372 1792
5373 1792
5374 1792
5375 1792
5376 1793
5377 1793
5378 1794
5379 1794
5380 1794
5381 1794
5382 1795
5383 1795
5384 1796
5385 1796
5386 1796
5387 1796
5388 1797
5389 1797
5390 1798
5391 1798
5392 1798
5393 1798
5394 1799
5395 1799
5396 1800
5397 1800
5398 1800
5399 1800
5400 1801
5401 1801
5402 1802
5403 1802
5404 1802
5405 1802
5406 1803
5407 1803
5408 1804
5409 1804
5410 1804
5411 1804
5412 1805
5413 1805
5414 1806
5415 1806
5416 1806
5417 1806
5418 1807
5419 1807
5420 1808
5421 1808
5422 1808
5423 1808
5424 1809
5425 1809
5426 1810
5427 1810
5428 1810
5429 1810
5430 1811
5431 1811
5432 1812
5433 1812
5434 1812
5435 1812
5436 1813
5437 1813
5438 1814
5439 1814
5440 1814
5441 1814
5442 1815
5443 1815
5444 1816
5445 1816
5446 1816
5447 1816
5448 1817
5449 1817
5450 1818
5451 1818
5452 1818
5453 1818
5454 1819
5455 1819
5456 1820
5457 1820
5458 1820
5459 1820
5460 1821
5461 1821
5462 1822
5463 1822
5464 1822
5465 1822
5466 1823
5467 1823
5468 1824
5469 1824
5470 1824
5471 1824
5472 1825
5473 1825
5474 1826
5475 1826
5476 1826
5477 1826
5478 1827
5479 1827
5480 1828
5481 1828
5482 1828
5483 1828
5484 1829
5485 1829
5486 1830
5487 1830
5488 1830
5489 1830
5490 1831
5491 1831
5492 1832
5493 1832
5494 1832
5495 1832
5496 1833
5497 1833
5498 1834
5499 1834
5500 1834
5501 1834
5502 1835
5503 1835
5504 1836
5505 1836
5506 1836
5507 1836
5508 1837
5509 1837
5510 1838
5511 1838
5512 1838
5513 1838
5514 1839
5515 1839
5516 1840
5517 1840
5518 1840
5519 1840
5520 1841
5521 1841
5522 1842
5523 1842
5524 1842
5525 1842
5526 1843
5527 1843
5528 1844
5529 1844
5530 1844
5531 1844
5532 1845
5533 1845
5534 1846
5535 1846
5536 1846
5537 1846
5538 1847
5539 1847
5540 1848
5541 1848
5542 1848
5543 1848
5544 1849
5545 1849
5546 1850
5547 1850
5548 1850
5549 1850
5550 1851
5551 1851
5552 1852
5553 1852
5554 1852
5555 1852
5556 1853
5557 1853
5558 1854
5559 1854
5560 1854
5561 1854
5562 1855
5563 1855
5564 1856
5565 1856
5566 1856
5567 1856
5568 1857
5569 1857
5570 1858
5571 1858
5572 1858
5573 1858
5574 1859
5575 1859
5576 1860
5577 1860
5578 1860
5579 1860
5580 1861
5581 1861
5582 1862
5583 1862
5584 1862
5585 1862
5586 1863
5587 1863
5588 1864
5589 1864
5590 1864
5591 1864
5592 1865
5593 1865
5594 1866
5595 1866
5596 1866
5597 1866
5598 1867
5599 1867
5600 1868
5601 1868
5602 1868
5603 1868
5604 1869
5605 1869
5606 1870
5607 1870
5608 1870
5609 1870
5610 1871
5611 1871
5612 1872
5613 1872
5614 1872
5615 1872
5616 1873
5617 1873
5618 1874
5619 1874
5620 1874
5621 1874
5622 1875
5623 1875
5624 1876
5625 1876
5626 1876
5627 1876
5628 1877
5629 1877
5630 1878
5631 1878
5632 1878
5633 1878
5634 1879
5635 1879
5636 1880
5637 1880
5638 1880
5639 1880
5640 1881
5641 1881
5642 1882
5643 1882
5644 1882
5645 1882
5646 1883
5647 1883
5648 1884
5649 1884
5650 1884
5651 1884
5652 1885
5653 1885
5654 1886
5655 1886
5656 1886
5657 1886
5658 1887
5659 1887
5660 1888
5661 1888
5662 1888
5663 1888
5664 1889
5665 1889
5666 1890
5667 1890
5668 1890
5669 1890
5670 1891
5671 1891
5672 1892
5673 1892
5674 1892
5675 1892
5676 1893
5677 1893
5678 1894
5679 1894
5680 1894
5681 1894
5682 1895
5683 1895
5684 1896
5685 1896
5686 1896
5687 1896
5688 1897
5689 1897
5690 1898
5691 1898
5692 1898
5693 1898
5694 1899
5695 1899
5696 1900
5697 1900
5698 1900
5699 1900
5700 1901
5701 1901
5702 1902
5703 1902
5704 1902
5705 1902
5706 1903
5707 1903
5708 1904
5709 1904
5710 1904
5711 1904
5712 1905
5713 1905
5714 1906
5715 1906
5716 1906
5717 1906
5718 1907
5719 1907
5720 1908
5721 1908
5722 1908
5723 1908
5724 1909
5725 1909
5726 1910
5727 1910
5728 1910
5729 1910
5730 1911
5731 1911
5732 1912
5733 1912
5734 1912
5735 1912
5736 1913
5737 1913
5738 1914
5739 1914
5740 1914
5741 1914
5742 1915
5743 1915
5744 1916
5745 1916
5746 1916
5747 1916
5748 1917
5749 1917
5750 1918
5751 1918
5752 1918
5753 1918
5754 1919
5755 1919
5756 1920
5757 1920
5758 1920
5759 1920
5760 1921
5761 1921
5762 1922
5763 1922
5764 1922
5765 1922
5766 1923
5767 1923
5768 1924
5769 1924
5770 1924
5771 1924
5772 1925
5773 1925
5774 1926
5775 1926
5776 1926
5777 1926
5778 1927
5779 1927
5780 1928
5781 1928
5782 1928
5783 1928
5784 1929
5785 1929
5786 1930
5787 1930
5788 1930
5789 1930
5790 1931
5791 1931
5792 1932
5793 1932
5794 1932
5795 1932
5796 1933
5797 1933
5798 1934
5799 1934
5800 1934
5801 1934
5802 1935
5803 1935
5804 1936
5805 1936
5806 1936
5807 1936
5808 1937
5809 1937
5810 1938
5811 1938
5812 1938
5813 1938
5814 1939
5815 1939
5816 1940
5817 1940
5818 1940
5819 1940
5820 1941
5821 1941
5822 1942
5823 1942
5824 1942
5825 1942
5826 1943
5827 1943
5828 1944
5829 1944
5830 1944
5831 1944
5832 1945
5833 1945
5834 1946
5835 1946
5836 1946
5837 1946
5838 1947
5839 1947
5840 1948
5841 1948
5842 1948
5843 1948
5844 1949
5845 1949
5846 1950
5847 1950
5848 1950
5849 1950
5850 1951
5851 1951
5852 1952
5853 1952
5854 1952
5855 1952
5856 1953
5857 1953
5858 1954
5859 1954
5860 1954
5861 1954
5862 1955
5863 1955
5864 1956
5865 1956
5866 1956
5867 1956
5868 1957
5869 1957
5870 1958
5871 1958
5872 1958
5873 1958
5874 1959
5875 1959
5876 1960
5877 1960
5878 1960
5879 1960
5880 1961
5881 1961
5882 1962
5883 1962
5884 1962
5885 1962
5886 1963
5887 1963
5888 1964
5889 1964
5890 1964
5891 1964
5892 1965
5893 1965
5894 1966
5895 1966
5896 1966
5897 1966
5898 1967
5899 1967
5900 1968
5901 1968
5902 1968
5903 1968
5904 1969
5905 1969
5906 1970
5907 1970
5908 1970
5909 1970
5910 1971
5911 1971
5912 1972
5913 1972
5914 1972
5915 1972
5916 1973
5917 1973
5918 1974
5919 1974
5920 1974
5921 1974
5922 1975
5923 1975
5924 1976
5925 1976
5926 1976
5927 1976
5928 1977
5929 1977
5930 1978
5931 1978
5932 1978
5933 1978
5934 1979
5935 1979
5936 1980
5937 1980
5938 1980
5939 1980
5940 1981
5941 1981
5942 1982
5943 1982
5944 1982
5945 1982
5946 1983
5947 1983
5948 1984
5949 1984
5950 1984
5951 1984
5952 1985
5953 1985
5954 1986
5955 1986
5956 1986
5957 1986
5958 1987
5959 1987
5960 1988
5961 1988
5962 1988
5963 1988
5964 1989
5965 1989
5966 1990
5967 1990
5968 1990
5969 1990
5970 1991
5971 1991
5972 1992
5973 1992
5974 1992
5975 1992
5976 1993
5977 1993
5978 1994
5979 1994
5980 1994
5981 1994
5982 1995
5983 1995
5984 1996
5985 1996
5986 1996
5987 1996
5988 1997
5989 1997
5990 1998
5991 1998
5992 1998
5993 1998
5994 1999
5995 1999
5996 2000
5997 2000
5998 2000
5999 2000
6000 2001
6001 2001
6002 2002
6003 2002
6004 2002
6005 2002
6006 2003
6007 2003
6008 2004
6009 2004
6010 2004
6011 2004
6012 2005
6013 2005
6014 2006
6015 2006
6016 2006
6017 2006
6018 2007
6019 2007
6020 2008
6021 2008
6022 2008
6023 2008
6024 2009
6025 2009
6026 2010
6027 2010
6028 2010
6029 2010
6030 2011
6031 2011
6032 2012
6033 2012
6034 2012
6035 2012
6036 2013
6037 2013
6038 2014
6039 2014
6040 2014
6041 2014
6042 2015
6043 2015
6044 2016
6045 2016
6046 2016
6047 2016
6048 2017
6049 2017
6050 2018
6051 2018
6052 2018
6053 2018
6054 2019
6055 2019
6056 2020
6057 2020
6058 2020
6059 2020
6060 2021
6061 2021
6062 2022
6063 2022
6064 2022
6065 2022
6066 2023
6067 2023
6068 2024
6069 2024
6070 2024
6071 2024
6072 2025
6073 2025
6074 2026
6075 2026
6076 2026
6077 2026
6078 2027
6079 2027
6080 2028
6081 2028
6082 2028
6083 2028
6084 2029
6085 2029
6086 2030
6087 2030
6088 2030
6089 2030
6090 2031
6091 2031
6092 2032
6093 2032
6094 2032
6095 2032
6096 2033
6097 2033
6098 2034
6099 2034
6100 2034
6101 2034
6102 2035
6103 2035
6104 2036
6105 2036
6106 2036
6107 2036
6108 2037
6109 2037
6110 2038
6111 2038
6112 2038
6113 2038
6114 2039
6115 2039
6116 2040
6117 2040
6118 2040
6119 2040
6120 2041
6121 2041
6122 2042
6123 2042
6124 2042
6125 2042
6126 2043
6127 2043
6128 2044
6129 2044
6130 2044
6131 2044
6132 2045
6133 2045
6134 2046
6135 2046
6136 2046
6137 2046
6138 2047
6139 2047
6140 2048
6141 2048
6142 2048
6143 2048
6144 2049
6145 2049
6146 2050
6147 2050
6148 2050
6149 2050
6150 2051
6151 2051
6152 2052
6153 2052
6154 2052
6155 2052
6156 2053
6157 2053
6158 2054
6159 2054
6160 2054
6161 2054
6162 2055
6163 2055
6164 2056
6165 2056
6166 2056
6167 2056
6168 2057
6169 2057
6170 2058
6171 2058
6172 2058
6173 2058
6174 2059
6175 2059
6176 2060
6177 2060
6178 2060
6179 2060
6180 2061
6181 2061
6182 2062
6183 2062
6184 2062
6185 2062
6186 2063
6187 2063
6188 2064
6189 2064
6190 2064
6191 2064
6192 2065
6193 2065
6194 2066
6195 2066
6196 2066
6197 2066
6198 2067
6199 2067
6200 2068
6201 2068
6202 2068
6203 2068
6204 2069
6205 2069
6206 2070
6207 2070
6208 2070
6209 2070
6210 2071
6211 2071
6212 2072
6213 2072
6214 2072
6215 2072
6216 2073
6217 2073
6218 2074
6219 2074
6220 2074
6221 2074
6222 2075
6223 2075
6224 2076
6225 2076
6226 2076
6227 2076
6228 2077
6229 2077
6230 2078
6231 2078
6232 2078
6233 2078
6234 2079
6235 2079
6236 2080
6237 2080
6238 2080
6239 2080
6240 2081
6241 2081
6242 2082
6243 2082
6244 2082
6245 2082
6246 2083
6247 2083
6248 2084
6249 2084
6250 2084
6251 2084
6252 2085
6253 2085
6254 2086
6255 2086
6256 2086
6257 2086
6258 2087
6259 2087
6260 2088
6261 2088
6262 2088
6263 2088
6264 2089
6265 2089
6266 2090
6267 2090
6268 2090
6269 2090
6270 2091
6271 2091
6272 2092
6273 2092
6274 2092
6275 2092
6276 2093
6277 2093
6278 2094
6279 2094
6280 2094
6281 2094
6282 2095
6283 2095
6284 2096
6285 2096
6286 2096
6287 2096
6288 2097
6289 2097
6290 2098
6291 2098
6292 2098
6293 2098
6294 2099
6295 2099
6296 2100
6297 2100
6298 2100
6299 2100
6300 2101
6301 2101
6302 2102
6303 2102
6304 2102
6305 2102
6306 2103
6307 2103
6308 2104
6309 2104
6310 2104
6311 2104
6312 2105
6313 2105
6314 2106
6315 2106
6316 2106
6317 2106
6318 2107
6319 2107
6320 2108
6321 2108
6322 2108
6323 2108
6324 2109
6325 2109
6326 2110
6327 2110
6328 2110
6329 2110
6330 2111
6331 2111
6332 2112
6333 2112
6334 2112
6335 2112
6336 2113
6337 2113
6338 2114
6339 2114
6340 2114
6341 2114
6342 2115
6343 2115
6344 2116
6345 2116
6346 2116
6347 2116
6348 2117
6349 2117
6350 2118
6351 2118
6352 2118
6353 2118
6354 2119
6355 2119
6356 2120
6357 2120
6358 2120
6359 2120
6360 2121
6361 2121
6362 2122
6363 2122
6364 2122
6365 2122
6366 2123
6367 2123
6368 2124
6369 2124
6370 2124
6371 2124
6372 2125
6373 2125
6374 2126
6375 2126
6376 2126
6377 2126
6378 2127
6379 2127
6380 2128
6381 2128
6382 2128
6383 2128
6384 2129
6385 2129
6386 2130
6387 2130
6388 2130
6389 2130
6390 2131
6391 2131
6392 2132
6393 2132
6394 2132
6395 2132
6396 2133
6397 2133
6398 2134
6399 2134
6400 2134
6401 2134
6402 2135
6403 2135
6404 2136
6405 2136
6406 2136
6407 2136
6408 2137
6409 2137
6410 2138
6411 2138
6412 2138
6413 2138
6414 2139
6415 2139
6416 2140
6417 2140
6418 2140
6419 2140
6420 2141
6421 2141
6422 2142
6423 2142
6424 2142
6425 2142
6426 2143
6427 2143
6428 2144
6429 2144
6430 2144
6431 2144
6432 2145
6433 2145
6434 2146
6435 2146
6436 2146
6437 2146
6438 2147
6439 2147
6440 2148
6441 2148
6442 2148
6443 2148
6444 2149
6445 2149
6446 2150
6447 2150
6448 2150
6449 2150
6450 2151
6451 2151
6452 2152
6453 2152
6454 2152
6455 2152
6456 2153
6457 2153
6458 2154
6459 2154
6460 2154
6461 2154
6462 2155
6463 2155
6464 2156
6465 2156
6466 2156
6467 2156
6468 2157
6469 2157
6470 2158
6471 2158
6472 2158
6473 2158
6474 2159
6475 2159
6476 2160
6477 2160
6478 2160
6479 2160
6480 2161
6481 2161
6482 2162
6483 2162
6484 2162
6485 2162
6486 2163
6487 2163
6488 2164
6489 2164
6490 2164
6491 2164
6492 2165
6493 2165
6494 2166
6495 2166
6496 2166
6497 2166
6498 2167
6499 2167
6500 2168
6501 2168
6502 2168
6503 2168
6504 2169
6505 2169
6506 2170
6507 2170
6508 2170
6509 2170
6510 2171
6511 2171
6512 2172
6513 2172
6514 2172
6515 2172
6516 2173
6517 2173
6518 2174
6519 2174
6520 2174
6521 2174
6522 2175
6523 2175
6524 2176
6525 2176
6526 2176
6527 2176
6528 2177
6529 2177
6530 2178
6531 2178
6532 2178
6533 2178
6534 2179
6535 2179
6536 2180
6537 2180
6538 2180
6539 2180
6540 2181
6541 2181
6542 2182
6543 2182
6544 2182
6545 2182
6546 2183
6547 2183
6548 2184
6549 2184
6550 2184
6551 2184
6552 2185
6553 2185
6554 2186
6555 2186
6556 2186
6557 2186
6558 2187
6559 2187
6560 2188
6561 2188
6562 2188
6563 2188
6564 2189
6565 2189
6566 2190
6567 2190
6568 2190
6569 2190
6570 2191
6571 2191
6572 2192
6573 2192
6574 2192
6575 2192
6576 2193
6577 2193
6578 2194
6579 2194
6580 2194
6581 2194
6582 2195
6583 2195
6584 2196
6585 2196
6586 2196
6587 2196
6588 2197
6589 2197
6590 2198
6591 2198
6592 2198
6593 2198
6594 2199
6595 2199
6596 2200
6597 2200
6598 2200
6599 2200
6600 2201
6601 2201
6602 2202
6603 2202
6604 2202
6605 2202
6606 2203
6607 2203
6608 2204
6609 2204
6610 2204
6611 2204
6612 2205
6613 2205
6614 2206
6615 2206
6616 2206
6617 2206
6618 2207
6619 2207
6620 2208
6621 2208
6622 2208
6623 2208
6624 2209
6625 2209
6626 2210
6627 2210
6628 2210
6629 2210
6630 2211
6631 2211
6632 2212
6633 2212
6634 2212
6635 2212
6636 2213
6637 2213
6638 2214
6639 2214
6640 2214
6641 2214
6642 2215
6643 2215
6644 2216
6645 2216
6646 2216
6647 2216
6648 2217
6649 2217
6650 2218
6651 2218
6652 2218
6653 2218
6654 2219
6655 2219
6656 2220
6657 2220
6658 2220
6659 2220
6660 2221
6661 2221
6662 2222
6663 2222
6664 2222
6665 2222
6666 2223
6667 2223
6668 2224
6669 2224
6670 2224
6671 2224
6672 2225
6673 2225
6674 2226
6675 2226
6676 2226
6677 2226
6678 2227
6679 2227
6680 2228
6681 2228
6682 2228
6683 2228
6684 2229
6685 2229
6686 2230
6687 2230
6688 2230
6689 2230
6690 2231
6691 2231
6692 2232
6693 2232
6694 2232
6695 2232
6696 2233
6697 2233
6698 2234
6699 2234
6700 2234
6701 2234
6702 2235
6703 2235
6704 2236
6705 2236
6706 2236
6707 2236
6708 2237
6709 2237
6710 2238
6711 2238
6712 2238
6713 2238
6714 2239
6715 2239
6716 2240
6717 2240
6718 2240
6719 2240
6720 2241
6721 2241
6722 2242
6723 2242
6724 2242
6725 2242
6726 2243
6727 2243
6728 2244
6729 2244
6730 2244
6731 2244
6732 2245
6733 2245
6734 2246
6735 2246
6736 2246
6737 2246
6738 2247
6739 2247
6740 2248
6741 2248
6742 2248
6743 2248
6744 2249
6745 2249
6746 2250
6747 2250
6748 2250
6749 2250
6750 2251
6751 2251
6752 2252
6753 2252
6754 2252
6755 2252
6756 2253
6757 2253
6758 2254
6759 2254
6760 2254
6761 2254
6762 2255
6763 2255
6764 2256
6765 2256
6766 2256
6767 2256
6768 2257
6769 2257
6770 2258
6771 2258
6772 2258
6773 2258
6774 2259
6775 2259
6776 2260
6777 2260
6778 2260
6779 2260
6780 2261
6781 2261
6782 2262
6783 2262
6784 2262
6785 2262
6786 2263
6787 2263
6788 2264
6789 2264
6790 2264
6791 2264
6792 2265
6793 2265
6794 2266
6795 2266
6796 2266
6797 2266
6798 2267
6799 2267
6800 2268
6801 2268
6802 2268
6803 2268
6804 2269
6805 2269
6806 2270
6807 2270
6808 2270
6809 2270
6810 2271
6811 2271
6812 2272
6813 2272
6814 2272
6815 2272
6816 2273
6817 2273
6818 2274
6819 2274
6820 2274
6821 2274
6822 2275
6823 2275
6824 2276
6825 2276
6826 2276
6827 2276
6828 2277
6829 2277
6830 2278
6831 2278
6832 2278
6833 2278
6834 2279
6835 2279
6836 2280
6837 2280
6838 2280
6839 2280
6840 2281
6841 2281
6842 2282
6843 2282
6844 2282
6845 2282
6846 2283
6847 2283
6848 2284
6849 2284
6850 2284
6851 2284
6852 2285
6853 2285
6854 2286
6855 2286
6856 2286
6857 2286
6858 2287
6859 2287
6860 2288
6861 2288
6862 2288
6863 2288
6864 2289
6865 2289
6866 2290
6867 2290
6868 2290
6869 2290
6870 2291
6871 2291
6872 2292
6873 2292
6874 2292
6875 2292
6876 2293
6877 2293
6878 2294
6879 2294
6880 2294
6881 2294
6882 2295
6883 2295
6884 2296
6885 2296
6886 2296
6887 2296
6888 2297
6889 2297
6890 2298
6891 2298
6892 2298
6893 2298
6894 2299
6895 2299
6896 2300
6897 2300
6898 2300
6899 2300
6900 2301
6901 2301
6902 2302
6903 2302
6904 2302
6905 2302
6906 2303
6907 2303
6908 2304
6909 2304
6910 2304
6911 2304
6912 2305
6913 2305
6914 2306
6915 2306
6916 2306
6917 2306
6918 2307
6919 2307
6920 2308
6921 2308
6922 2308
6923 2308
6924 2309
6925 2309
6926 2310
6927 2310
6928 2310
6929 2310
6930 2311
6931 2311
6932 2312
6933 2312
6934 2312
6935 2312
6936 2313
6937 2313
6938 2314
6939 2314
6940 2314
6941 2314
6942 2315
6943 2315
6944 2316
6945 2316
6946 2316
6947 2316
6948 2317
6949 2317
6950 2318
6951 2318
6952 2318
6953 2318
6954 2319
6955 2319
6956 2320
6957 2320
6958 2320
6959 2320
6960 2321
6961 2321
6962 2322
6963 2322
6964 2322
6965 2322
6966 2323
6967 2323
6968 2324
6969 2324
6970 2324
6971 2324
6972 2325
6973 2325
6974 2326
6975 2326
6976 2326
6977 2326
6978 2327
6979 2327
6980 2328
6981 2328
6982 2328
6983 2328
6984 2329
6985 2329
6986 2330
6987 2330
6988 2330
6989 2330
6990 2331
6991 2331
6992 2332
6993 2332
6994 2332
6995 2332
6996 2333
6997 2333
6998 2334
6999 2334
7000 2334
7001 2334
7002 2335
7003 2335
7004 2336
7005 2336
7006 2336
7007 2336
7008 2337
7009 2337
7010 2338
7011 2338
7012 2338
7013 2338
7014 2339
7015 2339
7016 2340
7017 2340
7018 2340
7019 2340
7020 2341
7021 2341
7022 2342
7023 2342
7024 2342
7025 2342
7026 2343
7027 2343
7028 2344
7029 2344
7030 2344
7031 2344
7032 2345
7033 2345
7034 2346
7035 2346
7036 2346
7037 2346
7038 2347
7039 2347
7040 2348
7041 2348
7042 2348
7043 2348
7044 2349
7045 2349
7046 2350
7047 2350
7048 2350
7049 2350
7050 2351
7051 2351
7052 2352
7053 2352
7054 2352
7055 2352
7056 2353
7057 2353
7058 2354
7059 2354
7060 2354
7061 2354
7062 2355
7063 2355
7064 2356
7065 2356
7066 2356
7067 2356
7068 2357
7069 2357
7070 2358
7071 2358
7072 2358
7073 2358
7074 2359
7075 2359
7076 2360
7077 2360
7078 2360
7079 2360
7080 2361
7081 2361
7082 2362
7083 2362
7084 2362
7085 2362
7086 2363
7087 2363
7088 2364
7089 2364
7090 2364
7091 2364
7092 2365
7093 2365
7094 2366
7095 2366
7096 2366
7097 2366
7098 2367
7099 2367
7100 2368
7101 2368
7102 2368
7103 2368
7104 2369
7105 2369
7106 2370
7107 2370
7108 2370
7109 2370
7110 2371
7111 2371
7112 2372
7113 2372
7114 2372
7115 2372
7116 2373
7117 2373
7118 2374
7119 2374
7120 2374
7121 2374
7122 2375
7123 2375
7124 2376
7125 2376
7126 2376
7127 2376
7128 2377
7129 2377
7130 2378
7131 2378
7132 2378
7133 2378
7134 2379
7135 2379
7136 2380
7137 2380
7138 2380
7139 2380
7140 2381
7141 2381
7142 2382
7143 2382
7144 2382
7145 2382
7146 2383
7147 2383
7148 2384
7149 2384
7150 2384
7151 2384
7152 2385
7153 2385
7154 2386
7155 2386
7156 2386
7157 2386
7158 2387
7159 2387
7160 2388
7161 2388
7162 2388
7163 2388
7164 2389
7165 2389
7166 2390
7167 2390
7168 2390
7169 2390
7170 2391
7171 2391
7172 2392
7173 2392
7174 2392
7175 2392
7176 2393
7177 2393
7178 2394
7179 2394
7180 2394
7181 2394
7182 2395
7183 2395
7184 2396
7185 2396
7186 2396
7187 2396
7188 2397
7189 2397
7190 2398
7191 2398
7192 2398
7193 2398
7194 2399
7195 2399
7196 2400
7197 2400
7198 2400
7199 2400
7200 2401
7201 2401
7202 2402
7203 2402
7204 2402
7205 2402
7206 2403
7207 2403
7208 2404
7209 2404
7210 2404
7211 2404
7212 2405
7213 2405
7214 2406
7215 2406
7216 2406
7217 2406
7218 2407
7219 2407
7220 2408
7221 2408
7222 2408
7223 2408
7224 2409
7225 2409
7226 2410
7227 2410
7228 2410
7229 2410
7230 2411
7231 2411
7232 2412
7233 2412
7234 2412
7235 2412
7236 2413
7237 2413
7238 2414
7239 2414
7240 2414
7241 2414
7242 2415
7243 2415
7244 2416
7245 2416
7246 2416
7247 2416
7248 2417
7249 2417
7250 2418
7251 2418
7252 2418
7253 2418
7254 2419
7255 2419
7256 2420
7257 2420
7258 2420
7259 2420
7260 2421
7261 2421
7262 2422
7263 2422
7264 2422
7265 2422
7266 2423
7267 2423
7268 2424
7269 2424
7270 2424
7271 2424
7272 2425
7273 2425
7274 2426
7275 2426
7276 2426
7277 2426
7278 2427
7279 2427
7280 2428
7281 2428
7282 2428
7283 2428
7284 2429
7285 2429
7286 2430
7287 2430
7288 2430
7289 2430
7290 2431
7291 2431
7292 2432
7293 2432
7294 2432
7295 2432
7296 2433
7297 2433
7298 2434
7299 2434
7300 2434
7301 2434
7302 2435
7303 2435
7304 2436
7305 2436
7306 2436
7307 2436
7308 2437
7309 2437
7310 2438
7311 2438
7312 2438
7313 2438
7314 2439
7315 2439
7316 2440
7317 2440
7318 2440
7319 2440
7320 2441
7321 2441
7322 2442
7323 2442
7324 2442
7325 2442
7326 2443
7327 2443
7328 2444
7329 2444
7330 2444
7331 2444
7332 2445
7333 2445
7334 2446
7335 2446
7336 2446
7337 2446
7338 2447
7339 2447
7340 2448
7341 2448
7342 2448
7343 2448
7344 2449
7345 2449
7346 2450
7347 2450
7348 2450
7349 2450
7350 2451
7351 2451
7352 2452
7353 2452
7354 2452
7355 2452
7356 2453
7357 2453
7358 2454
7359 2454
7360 2454
7361 2454
7362 2455
7363 2455
7364 2456
7365 2456
7366 2456
7367 2456
7368 2457
7369 2457
7370 2458
7371 2458
7372 2458
7373 2458
7374 2459
7375 2459
7376 2460
7377 2460
7378 2460
7379 2460
7380 2461
7381 2461
7382 2462
7383 2462
7384 2462
7385 2462
7386 2463
7387 2463
7388 2464
7389 2464
7390 2464
7391 2464
7392 2465
7393 2465
7394 2466
7395 2466
7396 2466
7397 2466
7398 2467
7399 2467
7400 2468
7401 2468
7402 2468
7403 2468
7404 2469
7405 2469
7406 2470
7407 2470
7408 2470
7409 2470
7410 2471
7411 2471
7412 2472
7413 2472
7414 2472
7415 2472
7416 2473
7417 2473
7418 2474
7419 2474
7420 2474
7421 2474
7422 2475
7423 2475
7424 2476
7425 2476
7426 2476
7427 2476
7428 2477
7429 2477
7430 2478
7431 2478
7432 2478
7433 2478
7434 2479
7435 2479
7436 2480
7437 2480
7438 2480
7439 2480
7440 2481
7441 2481
7442 2482
7443 2482
7444 2482
7445 2482
7446 2483
7447 2483
7448 2484
7449 2484
7450 2484
7451 2484
7452 2485
7453 2485
7454 2486
7455 2486
7456 2486
7457 2486
7458 2487
7459 2487
7460 2488
7461 2488
7462 2488
7463 2488
7464 2489
7465 2489
7466 2490
7467 2490
7468 2490
7469 2490
7470 2491
7471 2491
7472 2492
7473 2492
7474 2492
7475 2492
7476 2493
7477 2493
7478 2494
7479 2494
7480 2494
7481 2494
7482 2495
7483 2495
7484 2496
7485 2496
7486 2496
7487 2496
7488 2497
7489 2497
7490 2498
7491 2498
7492 2498
7493 2498
7494 2499
7495 2499
7496 2500
7497 2500
7498 2500
7499 2500
7500 2501
7501 2501
7502 2502
7503 2502
7504 2502
7505 2502
7506 2503
7507 2503
7508 2504
7509 2504
7510 2504
7511 2504
7512 2505
7513 2505
7514 2506
7515 2506
7516 2506
7517 2506
7518 2507
7519 2507
7520 2508
7521 2508
7522 2508
7523 2508
7524 2509
7525 2509
7526 2510
7527 2510
7528 2510
7529 2510
7530 2511
7531 2511
7532 2512
7533 2512
7534 2512
7535 2512
7536 2513
7537 2513
7538 2514
7539 2514
7540 2514
7541 2514
7542 2515
7543 2515
7544 2516
7545 2516
7546 2516
7547 2516
7548 2517
7549 2517
7550 2518
7551 2518
7552 2518
7553 2518
7554 2519
7555 2519
7556 2520
7557 2520
7558 2520
7559 2520
7560 2521
7561 2521
7562 2522
7563 2522
7564 2522
7565 2522
7566 2523
7567 2523
7568 2524
7569 2524
7570 2524
7571 2524
7572 2525
7573 2525
7574 2526
7575 2526
7576 2526
7577 2526
7578 2527
7579 2527
7580 2528
7581 2528
7582 2528
7583 2528
7584 2529
7585 2529
7586 2530
7587 2530
7588 2530
7589 2530
7590 2531
7591 2531
7592 2532
7593 2532
7594 2532
7595 2532
7596 2533
7597 2533
7598 2534
7599 2534
7600 2534
7601 2534
7602 2535
7603 2535
7604 2536
7605 2536
7606 2536
7607 2536
7608 2537
7609 2537
7610 2538
7611 2538
7612 2538
7613 2538
7614 2539
7615 2539
7616 2540
7617 2540
7618 2540
7619 2540
7620 2541
7621 2541
7622 2542
7623 2542
7624 2542
7625 2542
7626 2543
7627 2543
7628 2544
7629 2544
7630 2544
7631 2544
7632 2545
7633 2545
7634 2546
7635 2546
7636 2546
7637 2546
7638 2547
7639 2547
7640 2548
7641 2548
7642 2548
7643 2548
7644 2549
7645 2549
7646 2550
7647 2550
7648 2550
7649 2550
7650 2551
7651 2551
7652 2552
7653 2552
7654 2552
7655 2552
7656 2553
7657 2553
7658 2554
7659 2554
7660 2554
7661 2554
7662 2555
7663 2555
7664 2556
7665 2556
7666 2556
7667 2556
7668 2557
7669 2557
7670 2558
7671 2558
7672 2558
7673 2558
7674 2559
7675 2559
7676 2560
7677 2560
7678 2560
7679 2560
7680 2561
7681 2561
7682 2562
7683 2562
7684 2562
7685 2562
7686 2563
7687 2563
7688 2564
7689 2564
7690 2564
7691 2564
7692 2565
7693 2565
7694 2566
7695 2566
7696 2566
7697 2566
7698 2567
7699 2567
7700 2568
7701 2568
7702 2568
7703 2568
7704 2569
7705 2569
7706 2570
7707 2570
7708 2570
7709 2570
7710 2571
7711 2571
7712 2572
7713 2572
7714 2572
7715 2572
7716 2573
7717 2573
7718 2574
7719 2574
7720 2574
7721 2574
7722 2575
7723 2575
7724 2576
7725 2576
7726 2576
7727 2576
7728 2577
7729 2577
7730 2578
7731 2578
7732 2578
7733 2578
7734 2579
7735 2579
7736 2580
7737 2580
7738 2580
7739 2580
7740 2581
7741 2581
7742 2582
7743 2582
7744 2582
7745 2582
7746 2583
7747 2583
7748 2584
7749 2584
7750 2584
7751 2584
7752 2585
7753 2585
7754 2586
7755 2586
7756 2586
7757 2586
7758 2587
7759 2587
7760 2588
7761 2588
7762 2588
7763 2588
7764 2589
7765 2589
7766 2590
7767 2590
7768 2590
7769 2590
7770 2591
7771 2591
7772 2592
7773 2592
7774 2592
7775 2592
7776 2593
7777 2593
7778 2594
7779 2594
7780 2594
7781 2594
7782 2595
7783 2595
7784 2596
7785 2596
7786 2596
7787 2596
7788 2597
7789 2597
7790 2598
7791 2598
7792 2598
7793 2598
7794 2599
7795 2599
7796 2600
7797 2600
7798 2600
7799 2600
7800 2601
7801 2601
7802 2602
7803 2602
7804 2602
7805 2602
7806 2603
7807 2603
7808 2604
7809 2604
7810 2604
7811 2604
7812 2605
7813 2605
7814 2606
7815 2606
7816 2606
7817 2606
7818 2607
7819 2607
7820 2608
7821 2608
7822 2608
7823 2608
7824 2609
7825 2609
7826 2610
7827 2610
7828 2610
7829 2610
7830 2611
7831 2611
7832 2612
7833 2612
7834 2612
7835 2612
7836 2613
7837 2613
7838 2614
7839 2614
7840 2614
7841 2614
7842 2615
7843 2615
7844 2616
7845 2616
7846 2616
7847 2616
7848 2617
7849 2617
7850 2618
7851 2618
7852 2618
7853 2618
7854 2619
7855 2619
7856 2620
7857 2620
7858 2620
7859 2620
7860 2621
7861 2621
7862 2622
7863 2622
7864 2622
7865 2622
7866 2623
7867 2623
7868 2624
7869 2624
7870 2624
7871 2624
7872 2625
7873 2625
7874 2626
7875 2626
7876 2626
7877 2626
7878 2627
7879 2627
7880 2628
7881 2628
7882 2628
7883 2628
7884 2629
7885 2629
7886 2630
7887 2630
7888 2630
7889 2630
7890 2631
7891 2631
7892 2632
7893 2632
7894 2632
7895 2632
7896 2633
7897 2633
7898 2634
7899 2634
7900 2634
7901 2634
7902 2635
7903 2635
7904 2636
7905 2636
7906 2636
7907 2636
7908 2637
7909 2637
7910 2638
7911 2638
7912 2638
7913 2638
7914 2639
7915 2639
7916 2640
7917 2640
7918 2640
7919 2640
7920 2641
7921 2641
7922 2642
7923 2642
7924 2642
7925 2642
7926 2643
7927 2643
7928 2644
7929 2644
7930 2644
7931 2644
7932 2645
7933 2645
7934 2646
7935 2646
7936 2646
7937 2646
7938 2647
7939 2647
7940 2648
7941 2648
7942 2648
7943 2648
7944 2649
7945 2649
7946 2650
7947 2650
7948 2650
7949 2650
7950 2651
7951 2651
7952 2652
7953 2652
7954 2652
7955 2652
7956 2653
7957 2653
7958 2654
7959 2654
7960 2654
7961 2654
7962 2655
7963 2655
7964 2656
7965 2656
7966 2656
7967 2656
7968 2657
7969 2657
7970 2658
7971 2658
7972 2658
7973 2658
7974 2659
7975 2659
7976 2660
7977 2660
7978 2660
7979 2660
7980 2661
7981 2661
7982 2662
7983 2662
7984 2662
7985 2662
7986 2663
7987 2663
7988 2664
7989 2664
7990 2664
7991 2664
7992 2665
7993 2665
7994 2666
7995 2666
7996 2666
7997 2666
7998 2667
7999 2667
8000 2668
8001 2668
8002 2668
8003 2668
8004 2669
8005 2669
8006 2670
8007 2670
8008 2670
8009 2670
8010 2671
8011 2671
8012 2672
8013 2672
8014 2672
8015 2672
8016 2673
8017 2673
8018 2674
8019 2674
8020 2674
8021 2674
8022 2675
8023 2675
8024 2676
8025 2676
8026 2676
8027 2676
8028 2677
8029 2677
8030 2678
8031 2678
8032 2678
8033 2678
8034 2679
8035 2679
8036 2680
8037 2680
8038 2680
8039 2680
8040 2681
8041 2681
8042 2682
8043 2682
8044 2682
8045 2682
8046 2683
8047 2683
8048 2684
8049 2684
8050 2684
8051 2684
8052 2685
8053 2685
8054 2686
8055 2686
8056 2686
8057 2686
8058 2687
8059 2687
8060 2688
8061 2688
8062 2688
8063 2688
8064 2689
8065 2689
8066 2690
8067 2690
8068 2690
8069 2690
8070 2691
8071 2691
8072 2692
8073 2692
8074 2692
8075 2692
8076 2693
8077 2693
8078 2694
8079 2694
8080 2694
8081 2694
8082 2695
8083 2695
8084 2696
8085 2696
8086 2696
8087 2696
8088 2697
8089 2697
8090 2698
8091 2698
8092 2698
8093 2698
8094 2699
8095 2699
8096 2700
8097 2700
8098 2700
8099 2700
8100 2701
8101 2701
8102 2702
8103 2702
8104 2702
8105 2702
8106 2703
8107 2703
8108 2704
8109 2704
8110 2704
8111 2704
8112 2705
8113 2705
8114 2706
8115 2706
8116 2706
8117 2706
8118 2707
8119 2707
8120 2708
8121 2708
8122 2708
8123 2708
8124 2709
8125 2709
8126 2710
8127 2710
8128 2710
8129 2710
8130 2711
8131 2711
8132 2712
8133 2712
8134 2712
8135 2712
8136 2713
8137 2713
8138 2714
8139 2714
8140 2714
8141 2714
8142 2715
8143 2715
8144 2716
8145 2716
8146 2716
8147 2716
8148 2717
8149 2717
8150 2718
8151 2718
8152 2718
8153 2718
8154 2719
8155 2719
8156 2720
8157 2720
8158 2720
8159 2720
8160 2721
8161 2721
8162 2722
8163 2722
8164 2722
8165 2722
8166 2723
8167 2723
8168 2724
8169 2724
8170 2724
8171 2724
8172 2725
8173 2725
8174 2726
8175 2726
8176 2726
8177 2726
8178 2727
8179 2727
8180 2728
8181 2728
8182 2728
8183 2728
8184 2729
8185 2729
8186 2730
8187 2730
8188 2730
8189 2730
8190 2731
8191 2731
8192 2732
8193 2732
8194 2732
8195 2732
8196 2733
8197 2733
8198 2734
8199 2734
8200 2734
8201 2734
8202 2735
8203 2735
8204 2736
8205 2736
8206 2736
8207 2736
8208 2737
8209 2737
8210 2738
8211 2738
8212 2738
8213 2738
8214 2739
8215 2739
8216 2740
8217 2740
8218 2740
8219 2740
8220 2741
8221 2741
8222 2742
8223 2742
8224 2742
8225 2742
8226 2743
8227 2743
8228 2744
8229 2744
8230 2744
8231 2744
8232 2745
8233 2745
8234 2746
8235 2746
8236 2746
8237 2746
8238 2747
8239 2747
8240 2748
8241 2748
8242 2748
8243 2748
8244 2749
8245 2749
8246 2750
8247 2750
8248 2750
8249 2750
8250 2751
8251 2751
8252 2752
8253 2752
8254 2752
8255 2752
8256 2753
8257 2753
8258 2754
8259 2754
8260 2754
8261 2754
8262 2755
8263 2755
8264 2756
8265 2756
8266 2756
8267 2756
8268 2757
8269 2757
8270 2758
8271 2758
8272 2758
8273 2758
8274 2759
8275 2759
8276 2760
8277 2760
8278 2760
8279 2760
8280 2761
8281 2761
8282 2762
8283 2762
8284 2762
8285 2762
8286 2763
8287 2763
8288 2764
8289 2764
8290 2764
8291 2764
8292 2765
8293 2765
8294 2766
8295 2766
8296 2766
8297 2766
8298 2767
8299 2767
8300 2768
8301 2768
8302 2768
8303 2768
8304 2769
8305 2769
8306 2770
8307 2770
8308 2770
8309 2770
8310 2771
8311 2771
8312 2772
8313 2772
8314 2772
8315 2772
8316 2773
8317 2773
8318 2774
8319 2774
8320 2774
8321 2774
8322 2775
8323 2775
8324 2776
8325 2776
8326 2776
8327 2776
8328 2777
8329 2777
8330 2778
8331 2778
8332 2778
8333 2778
8334 2779
8335 2779
8336 2780
8337 2780
8338 2780
8339 2780
8340 2781
8341 2781
8342 2782
8343 2782
8344 2782
8345 2782
8346 2783
8347 2783
8348 2784
8349 2784
8350 2784
8351 2784
8352 2785
8353 2785
8354 2786
8355 2786
8356 2786
8357 2786
8358 2787
8359 2787
8360 2788
8361 2788
8362 2788
8363 2788
8364 2789
8365 2789
8366 2790
8367 2790
8368 2790
8369 2790
8370 2791
8371 2791
8372 2792
8373 2792
8374 2792
8375 2792
8376 2793
8377 2793
8378 2794
8379 2794
8380 2794
8381 2794
8382 2795
8383 2795
8384 2796
8385 2796
8386 2796
8387 2796
8388 2797
8389 2797
8390 2798
8391 2798
8392 2798
8393 2798
8394 2799
8395 2799
8396 2800
8397 2800
8398 2800
8399 2800
8400 2801
8401 2801
8402 2802
8403 2802
8404 2802
8405 2802
8406 2803
8407 2803
8408 2804
8409 2804
8410 2804
8411 2804
8412 2805
8413 2805
8414 2806
8415 2806
8416 2806
8417 2806
8418 2807
8419 2807
8420 2808
8421 2808
8422 2808
8423 2808
8424 2809
8425 2809
8426 2810
8427 2810
8428 2810
8429 2810
8430 2811
8431 2811
8432 2812
8433 2812
8434 2812
8435 2812
8436 2813
8437 2813
8438 2814
8439 2814
8440 2814
8441 2814
8442 2815
8443 2815
8444 2816
8445 2816
8446 2816
8447 2816
8448 2817
8449 2817
8450 2818
8451 2818
8452 2818
8453 2818
8454 2819
8455 2819
8456 2820
8457 2820
8458 2820
8459 2820
8460 2821
8461 2821
8462 2822
8463 2822
8464 2822
8465 2822
8466 2823
8467 2823
8468 2824
8469 2824
8470 2824
8471 2824
8472 2825
8473 2825
8474 2826
8475 2826
8476 2826
8477 2826
8478 2827
8479 2827
8480 2828
8481 2828
8482 2828
8483 2828
8484 2829
8485 2829
8486 2830
8487 2830
8488 2830
8489 2830
8490 2831
8491 2831
8492 2832
8493 2832
8494 2832
8495 2832
8496 2833
8497 2833
8498 2834
8499 2834
8500 2834
8501 2834
8502 2835
8503 2835
8504 2836
8505 2836
8506 2836
8507 2836
8508 2837
8509 2837
8510 2838
8511 2838
8512 2838
8513 2838
8514 2839
8515 2839
8516 2840
8517 2840
8518 2840
8519 2840
8520 2841
8521 2841
8522 2842
8523 2842
8524 2842
8525 2842
8526 2843
8527 2843
8528 2844
8529 2844
8530 2844
8531 2844
8532 2845
8533 2845
8534 2846
8535 2846
8536 2846
8537 2846
8538 2847
8539 2847
8540 2848
8541 2848
8542 2848
8543 2848
8544 2849
8545 2849
8546 2850
8547 2850
8548 2850
8549 2850
8550 2851
8551 2851
8552 2852
8553 2852
8554 2852
8555 2852
8556 2853
8557 2853
8558 2854
8559 2854
8560 2854
8561 2854
8562 2855
8563 2855
8564 2856
8565 2856
8566 2856
8567 2856
8568 2857
8569 2857
8570 2858
8571 2858
8572 2858
8573 2858
8574 2859
8575 2859
8576 2860
8577 2860
8578 2860
8579 2860
8580 2861
8581 2861
8582 2862
8583 2862
8584 2862
8585 2862
8586 2863
8587 2863
8588 2864
8589 2864
8590 2864
8591 2864
8592 2865
8593 2865
8594 2866
8595 2866
8596 2866
8597 2866
8598 2867
8599 2867
8600 2868
8601 2868
8602 2868
8603 2868
8604 2869
8605 2869
8606 2870
8607 2870
8608 2870
8609 2870
8610 2871
8611 2871
8612 2872
8613 2872
8614 2872
8615 2872
8616 2873
8617 2873
8618 2874
8619 2874
8620 2874
8621 2874
8622 2875
8623 2875
8624 2876
8625 2876
8626 2876
8627 2876
8628 2877
8629 2877
8630 2878
8631 2878
8632 2878
8633 2878
8634 2879
8635 2879
8636 2880
8637 2880
8638 2880
8639 2880
8640 2881
8641 2881
8642 2882
8643 2882
8644 2882
8645 2882
8646 2883
8647 2883
8648 2884
8649 2884
8650 2884
8651 2884
8652 2885
8653 2885
8654 2886
8655 2886
8656 2886
8657 2886
8658 2887
8659 2887
8660 2888
8661 2888
8662 2888
8663 2888
8664 2889
8665 2889
8666 2890
8667 2890
8668 2890
8669 2890
8670 2891
8671 2891
8672 2892
8673 2892
8674 2892
8675 2892
8676 2893
8677 2893
8678 2894
8679 2894
8680 2894
8681 2894
8682 2895
8683 2895
8684 2896
8685 2896
8686 2896
8687 2896
8688 2897
8689 2897
8690 2898
8691 2898
8692 2898
8693 2898
8694 2899
8695 2899
8696 2900
8697 2900
8698 2900
8699 2900
8700 2901
8701 2901
8702 2902
8703 2902
8704 2902
8705 2902
8706 2903
8707 2903
8708 2904
8709 2904
8710 2904
8711 2904
8712 2905
8713 2905
8714 2906
8715 2906
8716 2906
8717 2906
8718 2907
8719 2907
8720 2908
8721 2908
8722 2908
8723 2908
8724 2909
8725 2909
8726 2910
8727 2910
8728 2910
8729 2910
8730 2911
8731 2911
8732 2912
8733 2912
8734 2912
8735 2912
8736 2913
8737 2913
8738 2914
8739 2914
8740 2914
8741 2914
8742 2915
8743 2915
8744 2916
8745 2916
8746 2916
8747 2916
8748 2917
8749 2917
8750 2918
8751 2918
8752 2918
8753 2918
8754 2919
8755 2919
8756 2920
8757 2920
8758 2920
8759 2920
8760 2921
8761 2921
8762 2922
8763 2922
8764 2922
8765 2922
8766 2923
8767 2923
8768 2924
8769 2924
8770 2924
8771 2924
8772 2925
8773 2925
8774 2926
8775 2926
8776 2926
8777 2926
8778 2927
8779 2927
8780 2928
8781 2928
8782 2928
8783 2928
8784 2929
8785 2929
8786 2930
8787 2930
8788 2930
8789 2930
8790 2931
8791 2931
8792 2932
8793 2932
8794 2932
8795 2932
8796 2933
8797 2933
8798 2934
8799 2934
8800 2934
8801 2934
8802 2935
8803 2935
8804 2936
8805 2936
8806 2936
8807 2936
8808 2937
8809 2937
8810 2938
8811 2938
8812 2938
8813 2938
8814 2939
8815 2939
8816 2940
8817 2940
8818 2940
8819 2940
8820 2941
8821 2941
8822 2942
8823 2942
8824 2942
8825 2942
8826 2943
8827 2943
8828 2944
8829 2944
8830 2944
8831 2944
8832 2945
8833 2945
8834 2946
8835 2946
8836 2946
8837 2946
8838 2947
8839 2947
8840 2948
8841 2948
8842 2948
8843 2948
8844 2949
8845 2949
8846 2950
8847 2950
8848 2950
8849 2950
8850 2951
8851 2951
8852 2952
8853 2952
8854 2952
8855 2952
8856 2953
8857 2953
8858 2954
8859 2954
8860 2954
8861 2954
8862 2955
8863 2955
8864 2956
8865 2956
8866 2956
8867 2956
8868 2957
8869 2957
8870 2958
8871 2958
8872 2958
8873 2958
8874 2959
8875 2959
8876 2960
8877 2960
8878 2960
8879 2960
8880 2961
8881 2961
8882 2962
8883 2962
8884 2962
8885 2962
8886 2963
8887 2963
8888 2964
8889 2964
8890 2964
8891 2964
8892 2965
8893 2965
8894 2966
8895 2966
8896 2966
8897 2966
8898 2967
8899 2967
8900 2968
8901 2968
8902 2968
8903 2968
8904 2969
8905 2969
8906 2970
8907 2970
8908 2970
8909 2970
8910 2971
8911 2971
8912 2972
8913 2972
8914 2972
8915 2972
8916 2973
8917 2973
8918 2974
8919 2974
8920 2974
8921 2974
8922 2975
8923 2975
8924 2976
8925 2976
8926 2976
8927 2976
8928 2977
8929 2977
8930 2978
8931 2978
8932 2978
8933 2978
8934 2979
8935 2979
8936 2980
8937 2980
8938 2980
8939 2980
8940 2981
8941 2981
8942 2982
8943 2982
8944 2982
8945 2982
8946 2983
8947 2983
8948 2984
8949 2984
8950 2984
8951 2984
8952 2985
8953 2985
8954 2986
8955 2986
8956 2986
8957 2986
8958 2987
8959 2987
8960 2988
8961 2988
8962 2988
8963 2988
8964 2989
8965 2989
8966 2990
8967 2990
8968 2990
8969 2990
8970 2991
8971 2991
8972 2992
8973 2992
8974 2992
8975 2992
8976 2993
8977 2993
8978 2994
8979 2994
8980 2994
8981 2994
8982 2995
8983 2995
8984 2996
8985 2996
8986 2996
8987 2996
8988 2997
8989 2997
8990 2998
8991 2998
8992 2998
8993 2998
8994 2999
8995 2999
8996 3000
8997 3000
8998 3000
8999 3000
9000 3001
9001 3001
9002 3002
9003 3002
9004 3002
9005 3002
9006 3003
9007 3003
9008 3004
9009 3004
9010 3004
9011 3004
9012 3005
9013 3005
9014 3006
9015 3006
9016 3006
9017 3006
9018 3007
9019 3007
9020 3008
9021 3008
9022 3008
9023 3008
9024 3009
9025 3009
9026 3010
9027 3010
9028 3010
9029 3010
9030 3011
9031 3011
9032 3012
9033 3012
9034 3012
9035 3012
9036 3013
9037 3013
9038 3014
9039 3014
9040 3014
9041 3014
9042 3015
9043 3015
9044 3016
9045 3016
9046 3016
9047 3016
9048 3017
9049 3017
9050 3018
9051 3018
9052 3018
9053 3018
9054 3019
9055 3019
9056 3020
9057 3020
9058 3020
9059 3020
9060 3021
9061 3021
9062 3022
9063 3022
9064 3022
9065 3022
9066 3023
9067 3023
9068 3024
9069 3024
9070 3024
9071 3024
9072 3025
9073 3025
9074 3026
9075 3026
9076 3026
9077 3026
9078 3027
9079 3027
9080 3028
9081 3028
9082 3028
9083 3028
9084 3029
9085 3029
9086 3030
9087 3030
9088 3030
9089 3030
9090 3031
9091 3031
9092 3032
9093 3032
9094 3032
9095 3032
9096 3033
9097 3033
9098 3034
9099 3034
9100 3034
9101 3034
9102 3035
9103 3035
9104 3036
9105 3036
9106 3036
9107 3036
9108 3037
9109 3037
9110 3038
9111 3038
9112 3038
9113 3038
9114 3039
9115 3039
9116 3040
9117 3040
9118 3040
9119 3040
9120 3041
9121 3041
9122 3042
9123 3042
9124 3042
9125 3042
9126 3043
9127 3043
9128 3044
9129 3044
9130 3044
9131 3044
9132 3045
9133 3045
9134 3046
9135 3046
9136 3046
9137 3046
9138 3047
9139 3047
9140 3048
9141 3048
9142 3048
9143 3048
9144 3049
9145 3049
9146 3050
9147 3050
9148 3050
9149 3050
9150 3051
9151 3051
9152 3052
9153 3052
9154 3052
9155 3052
9156 3053
9157 3053
9158 3054
9159 3054
9160 3054
9161 3054
9162 3055
9163 3055
9164 3056
9165 3056
9166 3056
9167 3056
9168 3057
9169 3057
9170 3058
9171 3058
9172 3058
9173 3058
9174 3059
9175 3059
9176 3060
9177 3060
9178 3060
9179 3060
9180 3061
9181 3061
9182 3062
9183 3062
9184 3062
9185 3062
9186 3063
9187 3063
9188 3064
9189 3064
9190 3064
9191 3064
9192 3065
9193 3065
9194 3066
9195 3066
9196 3066
9197 3066
9198 3067
9199 3067
9200 3068
9201 3068
9202 3068
9203 3068
9204 3069
9205 3069
9206 3070
9207 3070
9208 3070
9209 3070
9210 3071
9211 3071
9212 3072
9213 3072
9214 3072
9215 3072
9216 3073
9217 3073
9218 3074
9219 3074
9220 3074
9221 3074
9222 3075
9223 3075
9224 3076
9225 3076
9226 3076
9227 3076
9228 3077
9229 3077
9230 3078
9231 3078
9232 3078
9233 3078
9234 3079
9235 3079
9236 3080
9237 3080
9238 3080
9239 3080
9240 3081
9241 3081
9242 3082
9243 3082
9244 3082
9245 3082
9246 3083
9247 3083
9248 3084
9249 3084
9250 3084
9251 3084
9252 3085
9253 3085
9254 3086
9255 3086
9256 3086
9257 3086
9258 3087
9259 3087
9260 3088
9261 3088
9262 3088
9263 3088
9264 3089
9265 3089
9266 3090
9267 3090
9268 3090
9269 3090
9270 3091
9271 3091
9272 3092
9273 3092
9274 3092
9275 3092
9276 3093
9277 3093
9278 3094
9279 3094
9280 3094
9281 3094
9282 3095
9283 3095
9284 3096
9285 3096
9286 3096
9287 3096
9288 3097
9289 3097
9290 3098
9291 3098
9292 3098
9293 3098
9294 3099
9295 3099
9296 3100
9297 3100
9298 3100
9299 3100
9300 3101
9301 3101
9302 3102
9303 3102
9304 3102
9305 3102
9306 3103
9307 3103
9308 3104
9309 3104
9310 3104
9311 3104
9312 3105
9313 3105
9314 3106
9315 3106
9316 3106
9317 3106
9318 3107
9319 3107
9320 3108
9321 3108
9322 3108
9323 3108
9324 3109
9325 3109
9326 3110
9327 3110
9328 3110
9329 3110
9330 3111
9331 3111
9332 3112
9333 3112
9334 3112
9335 3112
9336 3113
9337 3113
9338 3114
9339 3114
9340 3114
9341 3114
9342 3115
9343 3115
9344 3116
9345 3116
9346 3116
9347 3116
9348 3117
9349 3117
9350 3118
9351 3118
9352 3118
9353 3118
9354 3119
9355 3119
9356 3120
9357 3120
9358 3120
9359 3120
9360 3121
9361 3121
9362 3122
9363 3122
9364 3122
9365 3122
9366 3123
9367 3123
9368 3124
9369 3124
9370 3124
9371 3124
9372 3125
9373 3125
9374 3126
9375 3126
9376 3126
9377 3126
9378 3127
9379 3127
9380 3128
9381 3128
9382 3128
9383 3128
9384 3129
9385 3129
9386 3130
9387 3130
9388 3130
9389 3130
9390 3131
9391 3131
9392 3132
9393 3132
9394 3132
9395 3132
9396 3133
9397 3133
9398 3134
9399 3134
9400 3134
9401 3134
9402 3135
9403 3135
9404 3136
9405 3136
9406 3136
9407 3136
9408 3137
9409 3137
9410 3138
9411 3138
9412 3138
9413 3138
9414 3139
9415 3139
9416 3140
9417 3140
9418 3140
9419 3140
9420 3141
9421 3141
9422 3142
9423 3142
9424 3142
9425 3142
9426 3143
9427 3143
9428 3144
9429 3144
9430 3144
9431 3144
9432 3145
9433 3145
9434 3146
9435 3146
9436 3146
9437 3146
9438 3147
9439 3147
9440 3148
9441 3148
9442 3148
9443 3148
9444 3149
9445 3149
9446 3150
9447 3150
9448 3150
9449 3150
9450 3151
9451 3151
9452 3152
9453 3152
9454 3152
9455 3152
9456 3153
9457 3153
9458 3154
9459 3154
9460 3154
9461 3154
9462 3155
9463 3155
9464 3156
9465 3156
9466 3156
9467 3156
9468 3157
9469 3157
9470 3158
9471 3158
9472 3158
9473 3158
9474 3159
9475 3159
9476 3160
9477 3160
9478 3160
9479 3160
9480 3161
9481 3161
9482 3162
9483 3162
9484 3162
9485 3162
9486 3163
9487 3163
9488 3164
9489 3164
9490 3164
9491 3164
9492 3165
9493 3165
9494 3166
9495 3166
9496 3166
9497 3166
9498 3167
9499 3167
9500 3168
9501 3168
9502 3168
9503 3168
9504 3169
9505 3169
9506 3170
9507 3170
9508 3170
9509 3170
9510 3171
9511 3171
9512 3172
9513 3172
9514 3172
9515 3172
9516 3173
9517 3173
9518 3174
9519 3174
9520 3174
9521 3174
9522 3175
9523 3175
9524 3176
9525 3176
9526 3176
9527 3176
9528 3177
9529 3177
9530 3178
9531 3178
9532 3178
9533 3178
9534 3179
9535 3179
9536 3180
9537 3180
9538 3180
9539 3180
9540 3181
9541 3181
9542 3182
9543 3182
9544 3182
9545 3182
9546 3183
9547 3183
9548 3184
9549 3184
9550 3184
9551 3184
9552 3185
9553 3185
9554 3186
9555 3186
9556 3186
9557 3186
9558 3187
9559 3187
9560 3188
9561 3188
9562 3188
9563 3188
9564 3189
9565 3189
9566 3190
9567 3190
9568 3190
9569 3190
9570 3191
9571 3191
9572 3192
9573 3192
9574 3192
9575 3192
9576 3193
9577 3193
9578 3194
9579 3194
9580 3194
9581 3194
9582 3195
9583 3195
9584 3196
9585 3196
9586 3196
9587 3196
9588 3197
9589 3197
9590 3198
9591 3198
9592 3198
9593 3198
9594 3199
9595 3199
9596 3200
9597 3200
9598 3200
9599 3200
9600 3201
9601 3201
9602 3202
9603 3202
9604 3202
9605 3202
9606 3203
9607 3203
9608 3204
9609 3204
9610 3204
9611 3204
9612 3205
9613 3205
9614 3206
9615 3206
9616 3206
9617 3206
9618 3207
9619 3207
9620 3208
9621 3208
9622 3208
9623 3208
9624 3209
9625 3209
9626 3210
9627 3210
9628 3210
9629 3210
9630 3211
9631 3211
9632 3212
9633 3212
9634 3212
9635 3212
9636 3213
9637 3213
9638 3214
9639 3214
9640 3214
9641 3214
9642 3215
9643 3215
9644 3216
9645 3216
9646 3216
9647 3216
9648 3217
9649 3217
9650 3218
9651 3218
9652 3218
9653 3218
9654 3219
9655 3219
9656 3220
9657 3220
9658 3220
9659 3220
9660 3221
9661 3221
9662 3222
9663 3222
9664 3222
9665 3222
9666 3223
9667 3223
9668 3224
9669 3224
9670 3224
9671 3224
9672 3225
9673 3225
9674 3226
9675 3226
9676 3226
9677 3226
9678 3227
9679 3227
9680 3228
9681 3228
9682 3228
9683 3228
9684 3229
9685 3229
9686 3230
9687 3230
9688 3230
9689 3230
9690 3231
9691 3231
9692 3232
9693 3232
9694 3232
9695 3232
9696 3233
9697 3233
9698 3234
9699 3234
9700 3234
9701 3234
9702 3235
9703 3235
9704 3236
9705 3236
9706 3236
9707 3236
9708 3237
9709 3237
9710 3238
9711 3238
9712 3238
9713 3238
9714 3239
9715 3239
9716 3240
9717 3240
9718 3240
9719 3240
9720 3241
9721 3241
9722 3242
9723 3242
9724 3242
9725 3242
9726 3243
9727 3243
9728 3244
9729 3244
9730 3244
9731 3244
9732 3245
9733 3245
9734 3246
9735 3246
9736 3246
9737 3246
9738 3247
9739 3247
9740 3248
9741 3248
9742 3248
9743 3248
9744 3249
9745 3249
9746 3250
9747 3250
9748 3250
9749 3250
9750 3251
9751 3251
9752 3252
9753 3252
9754 3252
9755 3252
9756 3253
9757 3253
9758 3254
9759 3254
9760 3254
9761 3254
9762 3255
9763 3255
9764 3256
9765 3256
9766 3256
9767 3256
9768 3257
9769 3257
9770 3258
9771 3258
9772 3258
9773 3258
9774 3259
9775 3259
9776 3260
9777 3260
9778 3260
9779 3260
9780 3261
9781 3261
9782 3262
9783 3262
9784 3262
9785 3262
9786 3263
9787 3263
9788 3264
9789 3264
9790 3264
9791 3264
9792 3265
9793 3265
9794 3266
9795 3266
9796 3266
9797 3266
9798 3267
9799 3267
9800 3268
9801 3268
9802 3268
9803 3268
9804 3269
9805 3269
9806 3270
9807 3270
9808 3270
9809 3270
9810 3271
9811 3271
9812 3272
9813 3272
9814 3272
9815 3272
9816 3273
9817 3273
9818 3274
9819 3274
9820 3274
9821 3274
9822 3275
9823 3275
9824 3276
9825 3276
9826 3276
9827 3276
9828 3277
9829 3277
9830 3278
9831 3278
9832 3278
9833 3278
9834 3279
9835 3279
9836 3280
9837 3280
9838 3280
9839 3280
9840 3281
9841 3281
9842 3282
9843 3282
9844 3282
9845 3282
9846 3283
9847 3283
9848 3284
9849 3284
9850 3284
9851 3284
9852 3285
9853 3285
9854 3286
9855 3286
9856 3286
9857 3286
9858 3287
9859 3287
9860 3288
9861 3288
9862 3288
9863 3288
9864 3289
9865 3289
9866 3290
9867 3290
9868 3290
9869 3290
9870 3291
9871 3291
9872 3292
9873 3292
9874 3292
9875 3292
9876 3293
9877 3293
9878 3294
9879 3294
9880 3294
9881 3294
9882 3295
9883 3295
9884 3296
9885 3296
9886 3296
9887 3296
9888 3297
9889 3297
9890 3298
9891 3298
9892 3298
9893 3298
9894 3299
9895 3299
9896 3300
9897 3300
9898 3300
9899 3300
9900 3301
9901 3301
9902 3302
9903 3302
9904 3302
9905 3302
9906 3303
9907 3303
9908 3304
9909 3304
9910 3304
9911 3304
9912 3305
9913 3305
9914 3306
9915 3306
9916 3306
9917 3306
9918 3307
9919 3307
9920 3308
9921 3308
9922 3308
9923 3308
9924 3309
9925 3309
9926 3310
9927 3310
9928 3310
9929 3310
9930 3311
9931 3311
9932 3312
9933 3312
9934 3312
9935 3312
9936 3313
9937 3313
9938 3314
9939 3314
9940 3314
9941 3314
9942 3315
9943 3315
9944 3316
9945 3316
9946 3316
9947 3316
9948 3317
9949 3317
9950 3318
9951 3318
9952 3318
9953 3318
9954 3319
9955 3319
9956 3320
9957 3320
9958 3320
9959 3320
9960 3321
9961 3321
9962 3322
9963 3322
9964 3322
9965 3322
9966 3323
9967 3323
9968 3324
9969 3324
9970 3324
9971 3324
9972 3325
9973 3325
9974 3326
9975 3326
9976 3326
9977 3326
9978 3327
9979 3327
9980 3328
9981 3328
9982 3328
9983 3328
9984 3329
9985 3329
9986 3330
9987 3330
9988 3330
9989 3330
9990 3331
9991 3331
9992 3332
9993 3332
9994 3332
9995 3332
9996 3333
9997 3333
9998 3334
9999 3334
10000 3334
