1 0
2 2
3 1
4 0
5 4
6 3
7 2
8 1
9 0
10 6
11 5
12 4
13 3
14 2
15 1
16 0
17 8
18 7
19 6
20 5
21 4
22 3
23 2
24 1
25 0
26 9
27 8
28 8
29 7
30 6
31 5
32 4
33 3
34 2
35 1
36 0
37 12
38 11
39 10
40 9
41 8
42 7
43 6
44 5
45 4
46 3
47 2
48 1
49 0
50 13
51 13
52 12
53 11
54 10
55 9
56 8
57 7
58 6
59 5
60 4
61 3
62 2
63 1
64 0
65 13
66 14
67 14
68 13
69 12
70 11
71 10
72 9
73 8
74 7
75 6
76 5
77 4
78 3
79 2
80 1
81 0
82 17
83 16
84 15
85 14
86 13
87 12
88 11
89 11
90 10
91 9
92 8
93 7
94 6
95 5
96 4
97 3
98 2
99 1
100 0
101 18
102 17
103 17
104 16
105 16
106 15
107 14
108 13
109 12
110 11
111 10
112 9
113 8
114 7
115 6
116 5
117 4
118 3
119 2
120 1
121 0
122 18
123 17
124 16
125 15
126 17
127 16
128 15
129 15
130 14
131 13
132 12
133 11
134 10
135 9
136 8
137 7
138 6
139 5
140 4
141 3
142 2
143 1
144 0
145 17
146 16
147 15
148 20
149 19
150 18
151 17
152 16
153 15
154 14
155 14
156 13
157 12
158 11
159 10
160 9
161 8
162 7
163 6
164 5
165 4
166 3
167 2
168 1
169 0
170 20
171 21
172 20
173 19
174 18
175 17
176 20
177 19
178 18
179 17
180 16
181 15
182 14
183 13
184 12
185 11
186 10
187 9
188 8
189 7
190 6
191 5
192 4
193 3
194 2
195 1
196 0
197 24
198 23
199 22
200 21
201 24
202 23
203 22
204 21
205 20
206 19
207 18
208 17
209 16
210 15
211 14
212 13
213 12
214 11
215 10
216 9
217 8
218 7
219 6
220 5
221 4
222 3
223 2
224 1
225 0
226 19
227 18
228 17
229 16
230 15
231 14
232 13
233 12
234 11
235 10
236 9
237 8
238 7
239 6
240 5
241 9
242 8
243 13
244 12
245 11
246 10
247 9
248 8
249 7
250 6
251 5
252 4
253 3
254 2
255 1
256 0
257 23
258 22
259 21
260 20
261 25
262 24
263 23
264 22
265 23
266 22
267 21
268 20
269 19
270 18
271 18
272 17
273 16
274 15
275 14
276 13
277 12
278 11
279 10
280 9
281 8
282 7
283 6
284 5
285 4
286 3
287 2
288 1
289 0
290 29
291 29
292 28
293 27
294 26
295 25
296 24
297 23
298 24
299 23
300 24
301 23
302 22
303 21
304 20
305 19
306 18
307 17
308 16
309 15
310 14
311 13
312 12
313 11
314 10
315 9
316 8
317 7
318 6
319 5
320 4
321 3
322 2
323 1
324 0
325 25
326 24
327 23
328 22
329 21
330 20
331 19
332 18
333 17
334 16
335 15
336 14
337 13
338 12
339 22
340 21
341 20
342 19
343 18
344 17
345 16
346 15
347 14
348 13
349 12
350 11
351 10
352 9
353 8
354 7
355 6
356 5
357 4
358 3
359 2
360 1
361 0
362 28
363 27
364 27
365 26
366 25
367 24
368 23
369 27
370 26
371 25
372 24
373 23
374 22
375 21
376 23
377 22
378 21
379 20
380 19
381 19
382 18
383 17
384 16
385 15
386 14
387 13
388 12
389 11
390 10
391 9
392 8
393 7
394 6
395 5
396 4
397 3
398 2
399 1
400 0
401 33
402 32
403 31
404 31
405 30
406 29
407 30
408 29
409 32
410 31
411 30
412 29
413 28
414 27
415 26
416 25
417 24
418 23
419 22
420 21
421 20
422 19
423 18
424 17
425 16
426 15
427 14
428 13
429 12
430 11
431 10
432 9
433 8
434 7
435 6
436 5
437 4
438 3
439 2
440 1
441 0
442 33
443 33
444 32
445 31
446 30
447 29
448 28
449 31
450 30
451 32
452 31
453 30
454 29
455 28
456 27
457 27
458 26
459 25
460 24
461 23
462 22
463 21
464 20
465 19
466 18
467 17
468 16
469 15
470 14
471 13
472 12
473 11
474 10
475 9
476 8
477 7
478 6
479 5
480 4
481 3
482 2
483 1
484 0
485 22
486 21
487 25
488 24
489 23
490 22
491 29
492 28
493 27
494 26
495 30
496 29
497 28
498 27
499 26
500 25
501 24
502 23
503 22
504 21
505 24
506 23
507 22
508 21
509 20
510 19
511 18
512 17
513 16
514 15
515 14
516 13
517 12
518 11
519 10
520 9
521 8
522 7
523 6
524 5
525 4
526 3
527 2
528 1
529 0
530 37
531 36
532 35
533 34
534 33
535 32
536 31
537 30
538 29
539 28
540 27
541 31
542 30
543 29
544 28
545 31
546 30
547 29
548 28
549 27
550 26
551 25
552 24
553 23
554 22
555 21
556 20
557 19
558 18
559 17
560 16
561 15
562 14
563 13
564 12
565 11
566 10
567 9
568 8
569 7
570 6
571 5
572 4
573 3
574 2
575 1
576 0
577 23
578 22
579 33
580 32
581 35
582 34
583 33
584 32
585 31
586 30
587 29
588 28
589 31
590 34
591 33
592 32
593 31
594 30
595 30
596 29
597 28
598 27
599 26
600 25
601 24
602 23
603 22
604 21
605 20
606 19
607 18
608 17
609 16
610 15
611 14
612 13
613 12
614 11
615 10
616 9
617 8
618 7
619 6
620 5
621 4
622 3
623 2
624 1
625 0
626 24
627 23
628 22
629 21
630 20
631 19
632 18
633 17
634 16
635 15
636 14
637 13
638 29
639 33
640 32
641 35
642 34
643 33
644 32
645 31
646 30
647 29
648 28
649 27
650 26
651 25
652 24
653 23
654 22
655 21
656 20
657 19
658 18
659 17
660 16
661 15
662 14
663 13
664 12
665 11
666 10
667 9
668 8
669 7
670 6
671 5
672 4
673 3
674 2
675 1
676 0
677 27
678 26
679 25
680 24
681 23
682 22
683 21
684 20
685 19
686 18
687 17
688 16
689 15
690 14
691 13
692 12
693 11
694 31
695 30
696 29
697 29
698 28
699 27
700 26
701 25
702 24
703 26
704 25
705 24
706 23
707 22
708 21
709 20
710 19
711 18
712 17
713 16
714 15
715 14
716 13
717 12
718 11
719 10
720 9
721 8
722 7
723 6
724 5
725 4
726 3
727 2
728 1
729 0
730 35
731 34
732 33
733 32
734 31
735 30
736 29
737 38
738 37
739 36
740 35
741 34
742 33
743 32
744 31
745 37
746 36
747 35
748 34
749 33
750 32
751 31
752 30
753 29
754 28
755 27
756 26
757 27
758 26
759 25
760 24
761 23
762 22
763 21
764 20
765 19
766 18
767 17
768 16
769 15
770 14
771 13
772 12
773 11
774 10
775 9
776 8
777 7
778 6
779 5
780 4
781 3
782 2
783 1
784 0
785 47
786 46
787 45
788 44
789 43
790 42
791 41
792 40
793 39
794 38
795 37
796 36
797 35
798 34
799 33
800 32
801 36
802 35
803 34
804 33
805 32
806 34
807 33
808 32
809 31
810 30
811 30
812 29
813 28
814 27
815 26
816 25
817 24
818 23
819 22
820 21
821 20
822 19
823 18
824 17
825 16
826 15
827 14
828 13
829 12
830 11
831 10
832 9
833 8
834 7
835 6
836 5
837 4
838 3
839 2
840 1
841 0
842 33
843 32
844 31
845 30
846 36
847 35
848 34
849 33
850 32
851 31
852 30
853 29
854 28
855 27
856 26
857 25
858 24
859 23
860 22
861 21
862 20
863 19
864 18
865 31
866 30
867 29
868 28
869 27
870 26
871 25
872 24
873 23
874 22
875 21
876 24
877 23
878 22
879 21
880 20
881 19
882 18
883 17
884 16
885 15
886 14
887 13
888 12
889 11
890 10
891 9
892 8
893 7
894 6
895 5
896 4
897 3
898 2
899 1
900 0
901 42
902 41
903 42
904 41
905 40
906 39
907 38
908 37
909 36
910 35
911 39
912 38
913 44
914 43
915 42
916 41
917 40
918 39
919 38
920 37
921 36
922 35
923 34
924 33
925 32
926 31
927 30
928 29
929 32
930 31
931 30
932 29
933 28
934 27
935 26
936 25
937 24
938 23
939 22
940 21
941 20
942 19
943 18
944 17
945 16
946 15
947 14
948 13
949 12
950 11
951 10
952 9
953 8
954 7
955 6
956 5
957 4
958 3
959 2
960 1
961 0
962 37
963 37
964 36
965 35
966 34
967 33
968 32
969 39
970 38
971 37
972 36
973 41
974 40
975 39
976 44
977 43
978 42
979 41
980 40
981 39
982 38
983 37
984 36
985 35
986 34
987 36
988 35
989 34
990 33
991 33
992 32
993 31
994 30
995 29
996 28
997 27
998 26
999 25
1000 24
1001 23
1002 22
1003 21
1004 20
1005 19
1006 18
1007 17
1008 16
1009 15
1010 14
1011 13
1012 12
1013 11
1014 10
1015 9
1016 8
1017 7
1018 6
1019 5
1020 4
1021 3
1022 2
1023 1
1024 0
1025 31
1026 30
1027 31
1028 30
1029 29
1030 34
1031 33
1032 32
1033 31
1034 30
1035 29
1036 28
1037 27
1038 26
1039 25
1040 24
1041 39
1042 38
1043 37
1044 36
1045 35
1046 37
1047 36
1048 35
1049 34
1050 33
1051 32
1052 31
1053 30
1054 29
1055 28
1056 27
1057 32
1058 31
1059 30
1060 29
1061 28
1062 27
1063 26
1064 25
1065 24
1066 23
1067 22
1068 21
1069 20
1070 19
1071 18
1072 17
1073 16
1074 15
1075 14
1076 13
1077 12
1078 11
1079 10
1080 9
1081 8
1082 7
1083 6
1084 5
1085 4
1086 3
1087 2
1088 1
1089 0
1090 32
1091 31
1092 30
1093 41
1094 40
1095 39
1096 38
1097 37
1098 36
1099 35
1100 34
1101 33
1102 32
1103 31
1104 30
1105 29
1106 28
1107 27
1108 26
1109 25
1110 24
1111 23
1112 22
1113 21
1114 20
1115 19
1116 18
1117 17
1118 16
1119 15
1120 14
1121 31
1122 30
1123 29
1124 28
1125 27
1126 26
1127 25
1128 28
1129 27
1130 26
1131 25
1132 24
1133 23
1134 22
1135 21
1136 20
1137 19
1138 18
1139 17
1140 16
1141 15
1142 14
1143 13
1144 12
1145 11
1146 10
1147 9
1148 8
1149 7
1150 6
1151 5
1152 4
1153 3
1154 2
1155 1
1156 0
1157 43
1158 42
1159 41
1160 40
1161 39
1162 38
1163 37
1164 36
1165 35
1166 34
1167 33
1168 32
1169 31
1170 30
1171 39
1172 38
1173 37
1174 41
1175 40
1176 39
1177 39
1178 38
1179 37
1180 36
1181 35
1182 34
1183 33
1184 37
1185 39
1186 38
1187 37
1188 36
1189 35
1190 34
1191 34
1192 33
1193 32
1194 31
1195 30
1196 29
1197 28
1198 27
1199 26
1200 25
1201 24
1202 23
1203 22
1204 21
1205 20
1206 19
1207 18
1208 17
1209 16
1210 15
1211 14
1212 13
1213 12
1214 11
1215 10
1216 9
1217 8
1218 7
1219 6
1220 5
1221 4
1222 3
1223 2
1224 1
1225 0
1226 34
1227 33
1228 32
1229 31
1230 30
1231 29
1232 28
1233 41
1234 40
1235 39
1236 51
1237 50
1238 49
1239 48
1240 47
1241 46
1242 45
1243 45
1244 44
1245 43
1246 42
1247 41
1248 40
1249 39
1250 38
1251 37
1252 36
1253 35
1254 34
1255 33
1256 32
1257 31
1258 30
1259 29
1260 28
1261 35
1262 34
1263 33
1264 32
1265 31
1266 30
1267 29
1268 28
1269 27
1270 26
1271 25
1272 24
1273 23
1274 22
1275 21
1276 20
1277 19
1278 18
1279 17
1280 16
1281 15
1282 14
1283 13
1284 12
1285 11
1286 10
1287 9
1288 8
1289 7
1290 6
1291 5
1292 4
1293 3
1294 2
1295 1
1296 0
1297 47
1298 46
1299 45
1300 44
1301 43
1302 42
1303 41
1304 40
1305 39
1306 46
1307 45
1308 44
1309 43
1310 42
1311 41
1312 40
1313 39
1314 38
1315 37
1316 36
1317 35
1318 34
1319 33
1320 32
1321 31
1322 30
1323 29
1324 41
1325 40
1326 39
1327 42
1328 41
1329 40
1330 39
1331 38
1332 37
1333 36
1334 35
1335 34
1336 33
1337 32
1338 31
1339 30
1340 29
1341 28
1342 27
1343 26
1344 25
1345 24
1346 23
1347 22
1348 21
1349 20
1350 19
1351 18
1352 17
1353 16
1354 15
1355 14
1356 13
1357 12
1358 11
1359 10
1360 9
1361 8
1362 7
1363 6
1364 5
1365 4
1366 3
1367 2
1368 1
1369 0
1370 38
1371 37
1372 36
1373 48
1374 47
1375 46
1376 45
1377 49
1378 48
1379 47
1380 46
1381 54
1382 53
1383 52
1384 51
1385 50
1386 49
1387 53
1388 52
1389 51
1390 50
1391 49
1392 48
1393 50
1394 49
1395 48
1396 47
1397 46
1398 45
1399 44
1400 43
1401 42
1402 41
1403 40
1404 39
1405 38
1406 37
1407 37
1408 36
1409 35
1410 34
1411 33
1412 32
1413 31
1414 30
1415 29
1416 28
1417 27
1418 26
1419 25
1420 24
1421 23
1422 22
1423 21
1424 20
1425 19
1426 18
1427 17
1428 16
1429 15
1430 14
1431 13
1432 12
1433 11
1434 10
1435 9
1436 8
1437 7
1438 6
1439 5
1440 4
1441 3
1442 2
1443 1
1444 0
1445 25
1446 39
1447 38
1448 37
1449 36
1450 35
1451 34
1452 33
1453 47
1454 46
1455 45
1456 44
1457 43
1458 42
1459 49
1460 48
1461 47
1462 46
1463 45
1464 44
1465 43
1466 42
1467 41
1468 40
1469 39
1470 38
1471 47
1472 46
1473 46
1474 45
1475 44
1476 43
1477 42
1478 41
1479 40
1480 40
1481 39
1482 38
1483 38
1484 37
1485 36
1486 35
1487 34
1488 33
1489 32
1490 31
1491 30
1492 29
1493 28
1494 27
1495 26
1496 25
1497 24
1498 23
1499 22
1500 21
1501 20
1502 19
1503 18
1504 17
1505 16
1506 15
1507 14
1508 13
1509 12
1510 11
1511 10
1512 9
1513 8
1514 7
1515 6
1516 5
1517 4
1518 3
1519 2
1520 1
1521 0
1522 53
1523 52
1524 51
1525 50
1526 49
1527 48
1528 47
1529 46
1530 45
1531 50
1532 49
1533 48
1534 47
1535 46
1536 45
1537 47
1538 46
1539 45
1540 44
1541 46
1542 45
1543 44
1544 43
1545 42
1546 41
1547 40
1548 43
1549 46
1550 45
1551 44
1552 43
1553 42
1554 41
1555 40
1556 39
1557 38
1558 37
1559 36
1560 35
1561 39
1562 38
1563 37
1564 36
1565 35
1566 34
1567 33
1568 32
1569 31
1570 30
1571 29
1572 28
1573 27
1574 26
1575 25
1576 24
1577 23
1578 22
1579 21
1580 20
1581 19
1582 18
1583 17
1584 16
1585 15
1586 14
1587 13
1588 12
1589 11
1590 10
1591 9
1592 8
1593 7
1594 6
1595 5
1596 4
1597 3
1598 2
1599 1
1600 0
1601 52
1602 51
1603 50
1604 49
1605 48
1606 47
1607 46
1608 45
1609 44
1610 43
1611 42
1612 41
1613 40
1614 39
1615 38
1616 48
1617 47
1618 48
1619 47
1620 46
1621 45
1622 44
1623 43
1624 42
1625 41
1626 51
1627 50
1628 49
1629 48
1630 47
1631 46
1632 45
1633 44
1634 43
1635 46
1636 45
1637 44
1638 43
1639 42
1640 41
1641 40
1642 39
1643 38
1644 37
1645 36
1646 35
1647 34
1648 33
1649 32
1650 31
1651 30
1652 29
1653 28
1654 27
1655 26
1656 25
1657 24
1658 23
1659 22
1660 21
1661 20
1662 19
1663 18
1664 17
1665 16
1666 15
1667 14
1668 13
1669 12
1670 11
1671 10
1672 9
1673 8
1674 7
1675 6
1676 5
1677 4
1678 3
1679 2
1680 1
1681 0
1682 33
1683 32
1684 31
1685 30
1686 29
1687 28
1688 27
1689 26
1690 25
1691 43
1692 42
1693 41
1694 40
1695 41
1696 40
1697 39
1698 38
1699 37
1700 36
1701 35
1702 34
1703 33
1704 32
1705 31
1706 44
1707 43
1708 42
1709 41
1710 40
1711 39
1712 38
1713 37
1714 36
1715 35
1716 39
1717 38
1718 37
1719 36
1720 35
1721 34
1722 33
1723 32
1724 31
1725 30
1726 38
1727 37
1728 36
1729 35
1730 34
1731 33
1732 32
1733 31
1734 30
1735 29
1736 28
1737 27
1738 26
1739 25
1740 24
1741 23
1742 22
1743 21
1744 20
1745 19
1746 18
1747 17
1748 16
1749 15
1750 14
1751 13
1752 12
1753 11
1754 10
1755 9
1756 8
1757 7
1758 6
1759 5
1760 4
1761 3
1762 2
1763 1
1764 0
1765 40
1766 39
1767 38
1768 37
1769 46
1770 45
1771 44
1772 43
1773 42
1774 41
1775 40
1776 39
1777 56
1778 55
1779 54
1780 53
1781 52
1782 51
1783 50
1784 49
1785 48
1786 47
1787 53
1788 52
1789 51
1790 50
1791 49
1792 48
1793 55
1794 54
1795 54
1796 53
1797 52
1798 51
1799 50
1800 49
1801 48
1802 47
1803 46
1804 45
1805 44
1806 43
1807 42
1808 41
1809 40
1810 39
1811 38
1812 37
1813 36
1814 35
1815 34
1816 33
1817 32
1818 31
1819 30
1820 29
1821 28
1822 27
1823 26
1824 25
1825 24
1826 23
1827 22
1828 21
1829 20
1830 19
1831 18
1832 17
1833 16
1834 15
1835 14
1836 13
1837 12
1838 11
1839 10
1840 9
1841 8
1842 7
1843 6
1844 5
1845 4
1846 3
1847 2
1848 1
1849 0
1850 37
1851 49
1852 48
1853 47
1854 46
1855 45
1856 44
1857 43
1858 42
1859 41
1860 44
1861 43
1862 42
1863 41
1864 40
1865 39
1866 38
1867 37
1868 36
1869 35
1870 34
1871 40
1872 39
1873 47
1874 46
1875 45
1876 48
1877 47
1878 46
1879 45
1880 44
1881 43
1882 42
1883 41
1884 40
1885 39
1886 38
1887 37
1888 48
1889 47
1890 46
1891 45
1892 44
1893 43
1894 42
1895 41
1896 40
1897 39
1898 38
1899 37
1900 36
1901 35
1902 34
1903 33
1904 32
1905 31
1906 30
1907 29
1908 28
1909 27
1910 26
1911 25
1912 24
1913 23
1914 22
1915 21
1916 20
1917 19
1918 18
1919 17
1920 16
1921 15
1922 14
1923 13
1924 12
1925 11
1926 10
1927 9
1928 8
1929 7
1930 6
1931 5
1932 4
1933 3
1934 2
1935 1
1936 0
1937 58
1938 57
1939 61
1940 60
1941 59
1942 58
1943 57
1944 56
1945 55
1946 54
1947 53
1948 52
1949 51
1950 50
1951 51
1952 50
1953 49
1954 48
1955 47
1956 53
1957 52
1958 51
1959 50
1960 49
1961 48
1962 47
1963 46
1964 45
1965 44
1966 43
1967 42
1968 41
1969 47
1970 46
1971 45
1972 44
1973 43
1974 42
1975 41
1976 40
1977 39
1978 38
1979 37
1980 36
1981 44
1982 43
1983 42
1984 41
1985 40
1986 39
1987 38
1988 37
1989 36
1990 35
1991 34
1992 33
1993 32
1994 31
1995 30
1996 29
1997 28
1998 27
1999 26
2000 25
2001 24
2002 23
2003 22
2004 21
2005 20
2006 19
2007 18
2008 17
2009 16
2010 15
2011 14
2012 13
2013 12
2014 11
2015 10
2016 9
2017 8
2018 7
2019 6
2020 5
2021 4
2022 3
2023 2
2024 1
2025 0
2026 53
2027 52
2028 51
2029 50
2030 49
2031 48
2032 47
2033 46
2034 45
2035 44
2036 54
2037 53
2038 52
2039 51
2040 50
2041 52
2042 51
2043 50
2044 49
2045 48
2046 47
2047 46
2048 45
2049 44
2050 43
2051 55
2052 54
2053 54
2054 53
2055 52
2056 51
2057 50
2058 49
2059 48
2060 47
2061 46
2062 45
2063 44
2064 43
2065 44
2066 43
2067 42
2068 41
2069 40
2070 39
2071 38
2072 37
2073 43
2074 42
2075 41
2076 40
2077 39
2078 38
2079 37
2080 36
2081 35
2082 34
2083 33
2084 32
2085 31
2086 30
2087 29
2088 28
2089 27
2090 26
2091 25
2092 24
2093 23
2094 22
2095 21
2096 20
2097 19
2098 18
2099 17
2100 16
2101 15
2102 14
2103 13
2104 12
2105 11
2106 10
2107 9
2108 8
2109 7
2110 6
2111 5
2112 4
2113 3
2114 2
2115 1
2116 0
2117 56
2118 55
2119 54
2120 53
2121 55
2122 54
2123 53
2124 52
2125 51
2126 58
2127 57
2128 56
2129 55
2130 54
2131 53
2132 52
2133 51
2134 50
2135 49
2136 48
2137 47
2138 46
2139 45
2140 44
2141 43
2142 42
2143 44
2144 43
2145 42
2146 41
2147 40
2148 39
2149 38
2150 37
2151 36
2152 35
2153 34
2154 33
2155 32
2156 31
2157 30
2158 29
2159 28
2160 27
2161 26
2162 25
2163 24
2164 23
2165 22
2166 21
2167 41
2168 40
2169 39
2170 38
2171 37
2172 36
2173 35
2174 34
2175 33
2176 33
2177 32
2178 31
2179 30
2180 29
2181 28
2182 27
2183 26
2184 25
2185 24
2186 23
2187 22
2188 21
2189 20
2190 19
2191 18
2192 17
2193 16
2194 15
2195 14
2196 13
2197 12
2198 11
2199 10
2200 9
2201 8
2202 7
2203 6
2204 5
2205 4
2206 3
2207 2
2208 1
2209 0
2210 52
2211 57
2212 56
2213 55
2214 54
2215 53
2216 52
2217 51
2218 50
2219 49
2220 48
2221 47
2222 46
2223 45
2224 55
2225 54
2226 53
2227 53
2228 52
2229 51
2230 50
2231 49
2232 48
2233 47
2234 46
2235 45
2236 44
2237 43
2238 42
2239 41
2240 40
2241 47
2242 46
2243 45
2244 44
2245 50
2246 49
2247 48
2248 47
2249 46
2250 45
2251 44
2252 43
2253 42
2254 41
2255 45
2256 44
2257 43
2258 42
2259 41
2260 40
2261 39
2262 38
2263 37
2264 36
2265 35
2266 34
2267 33
2268 32
2269 35
2270 34
2271 33
2272 32
2273 31
2274 30
2275 29
2276 28
2277 27
2278 26
2279 25
2280 24
2281 23
2282 22
2283 21
2284 20
2285 19
2286 18
2287 17
2288 16
2289 15
2290 14
2291 13
2292 12
2293 11
2294 10
2295 9
2296 8
2297 7
2298 6
2299 5
2300 4
2301 3
2302 2
2303 1
2304 0
2305 61
2306 60
2307 59
2308 58
2309 57
2310 56
2311 57
2312 56
2313 62
2314 61
2315 60
2316 59
2317 58
2318 57
2319 56
2320 55
2321 55
2322 54
2323 55
2324 54
2325 53
2326 59
2327 58
2328 57
2329 56
2330 55
2331 54
2332 53
2333 59
2334 58
2335 57
2336 56
2337 55
2338 56
2339 55
2340 54
2341 53
2342 52
2343 51
2344 50
2345 49
2346 48
2347 47
2348 46
2349 45
2350 44
2351 43
2352 42
2353 48
2354 47
2355 46
2356 45
2357 44
2358 43
2359 42
2360 41
2361 40
2362 39
2363 38
2364 37
2365 36
2366 35
2367 34
2368 33
2369 32
2370 31
2371 30
2372 29
2373 28
2374 27
2375 26
2376 25
2377 24
2378 23
2379 22
2380 21
2381 20
2382 19
2383 18
2384 17
2385 16
2386 15
2387 14
2388 13
2389 12
2390 11
2391 10
2392 9
2393 8
2394 7
2395 6
2396 5
2397 4
2398 3
2399 2
2400 1
2401 0
2402 46
2403 45
2404 44
2405 43
2406 58
2407 57
2408 56
2409 55
2410 54
2411 53
2412 52
2413 51
2414 50
2415 49
2416 48
2417 47
2418 46
2419 45
2420 44
2421 49
2422 48
2423 47
2424 46
2425 45
2426 44
2427 43
2428 42
2429 41
2430 40
2431 39
2432 38
2433 58
2434 57
2435 56
2436 55
2437 54
2438 53
2439 55
2440 54
2441 53
2442 52
2443 51
2444 50
2445 49
2446 48
2447 47
2448 46
2449 47
2450 46
2451 49
2452 48
2453 47
2454 46
2455 45
2456 44
2457 43
2458 42
2459 41
2460 40
2461 39
2462 38
2463 37
2464 36
2465 35
2466 34
2467 33
2468 32
2469 31
2470 30
2471 29
2472 28
2473 27
2474 26
2475 25
2476 24
2477 23
2478 22
2479 21
2480 20
2481 19
2482 18
2483 17
2484 16
2485 15
2486 14
2487 13
2488 12
2489 11
2490 10
2491 9
2492 8
2493 7
2494 6
2495 5
2496 4
2497 3
2498 2
2499 1
2500 0
2501 40
2502 39
2503 38
2504 37
2505 36
2506 35
2507 34
2508 33
2509 32
2510 31
2511 30
2512 29
2513 28
2514 27
2515 26
2516 25
2517 24
2518 23
2519 22
2520 21
2521 20
2522 19
2523 18
2524 52
2525 51
2526 50
2527 49
2528 48
2529 47
2530 46
2531 54
2532 53
2533 52
2534 51
2535 50
2536 54
2537 53
2538 52
2539 53
2540 52
2541 51
2542 50
2543 49
2544 48
2545 47
2546 46
2547 45
2548 44
2549 43
2550 42
2551 50
2552 49
2553 48
2554 47
2555 46
2556 45
2557 44
2558 43
2559 42
2560 41
2561 40
2562 39
2563 38
2564 37
2565 36
2566 35
2567 34
2568 33
2569 32
2570 31
2571 30
2572 29
2573 28
2574 27
2575 26
2576 25
2577 24
2578 23
2579 22
2580 21
2581 20
2582 19
2583 18
2584 17
2585 16
2586 15
2587 14
2588 13
2589 12
2590 11
2591 10
2592 9
2593 8
2594 7
2595 6
2596 5
2597 4
2598 3
2599 2
2600 1
2601 0
2602 50
2603 49
2604 48
2605 47
2606 46
2607 45
2608 44
2609 43
2610 42
2611 51
2612 50
2613 49
2614 48
2615 47
2616 46
2617 45
2618 44
2619 43
2620 42
2621 41
2622 40
2623 39
2624 38
2625 37
2626 36
2627 35
2628 34
2629 33
2630 32
2631 31
2632 30
2633 29
2634 28
2635 27
2636 26
2637 25
2638 24
2639 23
2640 22
2641 32
2642 31
2643 30
2644 29
2645 28
2646 27
2647 57
2648 56
2649 55
2650 54
2651 53
2652 52
2653 51
2654 50
2655 49
2656 48
2657 47
2658 46
2659 45
2660 44
2661 43
2662 42
2663 41
2664 40
2665 39
2666 38
2667 37
2668 36
2669 35
2670 34
2671 33
2672 32
2673 31
2674 30
2675 29
2676 28
2677 27
2678 26
2679 25
2680 24
2681 23
2682 22
2683 21
2684 20
2685 19
2686 18
2687 17
2688 16
2689 15
2690 14
2691 13
2692 12
2693 11
2694 10
2695 9
2696 8
2697 7
2698 6
2699 5
2700 4
2701 3
2702 2
2703 1
2704 0
2705 47
2706 46
2707 45
2708 44
2709 43
2710 50
2711 49
2712 48
2713 47
2714 46
2715 45
2716 44
2717 43
2718 54
2719 53
2720 52
2721 62
2722 61
2723 60
2724 59
2725 58
2726 57
2727 56
2728 55
2729 54
2730 53
2731 52
2732 51
2733 50
2734 49
2735 48
2736 47
2737 46
2738 55
2739 61
2740 60
2741 59
2742 58
2743 57
2744 56
2745 55
2746 54
2747 53
2748 52
2749 51
2750 50
2751 54
2752 53
2753 52
2754 51
2755 54
2756 53
2757 52
2758 51
2759 50
2760 49
2761 48
2762 47
2763 46
2764 45
2765 44
2766 43
2767 42
2768 41
2769 40
2770 39
2771 38
2772 37
2773 36
2774 35
2775 34
2776 33
2777 32
2778 31
2779 30
2780 29
2781 28
2782 27
2783 26
2784 25
2785 24
2786 23
2787 22
2788 21
2789 20
2790 19
2791 18
2792 17
2793 16
2794 15
2795 14
2796 13
2797 12
2798 11
2799 10
2800 9
2801 8
2802 7
2803 6
2804 5
2805 4
2806 3
2807 2
2808 1
2809 0
2810 63
2811 62
2812 61
2813 62
2814 61
2815 60
2816 59
2817 58
2818 57
2819 56
2820 55
2821 54
2822 53
2823 52
2824 51
2825 50
2826 49
2827 48
2828 47
2829 46
2830 56
2831 55
2832 54
2833 53
2834 52
2835 51
2836 50
2837 49
2838 48
2839 47
2840 46
2841 45
2842 44
2843 43
2844 42
2845 41
2846 40
2847 39
2848 38
2849 37
2850 40
2851 39
2852 38
2853 37
2854 36
2855 35
2856 34
2857 33
2858 32
2859 31
2860 30
2861 29
2862 28
2863 27
2864 26
2865 25
2866 24
2867 23
2868 22
2869 21
2870 20
2871 19
2872 18
2873 17
2874 16
2875 15
2876 14
2877 13
2878 12
2879 11
2880 10
2881 23
2882 22
2883 21
2884 32
2885 31
2886 30
2887 29
2888 28
2889 27
2890 26
2891 25
2892 24
2893 23
2894 22
2895 21
2896 20
2897 19
2898 18
2899 17
2900 16
2901 15
2902 14
2903 13
2904 12
2905 11
2906 10
2907 9
2908 8
2909 7
2910 6
2911 5
2912 4
2913 3
2914 2
2915 1
2916 0
2917 72
2918 71
2919 70
2920 69
2921 68
2922 67
2923 66
2924 65
2925 65
2926 66
2927 70
2928 69
2929 71
2930 70
2931 69
2932 68
2933 67
2934 66
2935 65
2936 64
2937 63
2938 62
2939 61
2940 60
2941 62
2942 61
2943 60
2944 59
2945 58
2946 62
2947 61
2948 60
2949 59
2950 58
2951 57
2952 56
2953 55
2954 54
2955 53
2956 52
2957 51
2958 50
2959 49
2960 48
2961 47
2962 48
2963 47
2964 46
2965 45
2966 44
2967 43
2968 57
2969 56
2970 55
2971 54
2972 53
2973 52
2974 51
2975 50
2976 49
2977 48
2978 47
2979 46
2980 45
2981 44
2982 43
2983 42
2984 41
2985 40
2986 39
2987 38
2988 37
2989 36
2990 35
2991 34
2992 33
2993 32
2994 31
2995 30
2996 29
2997 28
2998 27
2999 26
3000 25
3001 24
3002 23
3003 22
3004 21
3005 20
3006 19
3007 18
3008 17
3009 16
3010 15
3011 14
3012 13
3013 12
3014 11
3015 10
3016 9
3017 8
3018 7
3019 6
3020 5
3021 4
3022 3
3023 2
3024 1
3025 0
3026 54
3027 53
3028 52
3029 51
3030 50
3031 49
3032 48
3033 47
3034 46
3035 45
3036 44
3037 50
3038 49
3039 61
3040 60
3041 61
3042 60
3043 59
3044 58
3045 57
3046 56
3047 55
3048 54
3049 53
3050 52
3051 51
3052 50
3053 49
3054 48
3055 47
3056 49
3057 48
3058 47
3059 46
3060 60
3061 64
3062 63
3063 62
3064 61
3065 60
3066 59
3067 58
3068 57
3069 56
3070 58
3071 57
3072 56
3073 55
3074 54
3075 53
3076 52
3077 51
3078 50
3079 49
3080 48
3081 47
3082 46
3083 45
3084 44
3085 43
3086 42
3087 41
3088 48
3089 47
3090 46
3091 45
3092 44
3093 43
3094 42
3095 41
3096 40
3097 39
3098 38
3099 37
3100 36
3101 35
3102 34
3103 33
3104 32
3105 31
3106 30
3107 29
3108 28
3109 27
3110 26
3111 25
3112 24
3113 23
3114 22
3115 21
3116 20
3117 19
3118 18
3119 17
3120 16
3121 15
3122 14
3123 13
3124 12
3125 11
3126 10
3127 9
3128 8
3129 7
3130 6
3131 5
3132 4
3133 3
3134 2
3135 1
3136 0
3137 37
3138 36
3139 35
3140 34
3141 33
3142 32
3143 31
3144 30
3145 29
3146 28
3147 51
3148 50
3149 49
3150 48
3151 49
3152 48
3153 47
3154 46
3155 45
3156 44
3157 43
3158 42
3159 41
3160 40
3161 39
3162 38
3163 37
3164 36
3165 35
3166 34
3167 33
3168 32
3169 61
3170 60
3171 59
3172 58
3173 57
3174 56
3175 55
3176 54
3177 53
3178 52
3179 51
3180 60
3181 59
3182 58
3183 57
3184 56
3185 55
3186 54
3187 53
3188 52
3189 51
3190 50
3191 49
3192 48
3193 50
3194 49
3195 48
3196 47
3197 52
3198 51
3199 50
3200 49
3201 48
3202 47
3203 46
3204 45
3205 44
3206 43
3207 42
3208 41
3209 40
3210 39
3211 38
3212 37
3213 36
3214 35
3215 34
3216 33
3217 32
3218 31
3219 30
3220 29
3221 28
3222 27
3223 26
3224 25
3225 24
3226 23
3227 22
3228 21
3229 20
3230 19
3231 18
3232 17
3233 16
3234 15
3235 14
3236 13
3237 12
3238 11
3239 10
3240 9
3241 8
3242 7
3243 6
3244 5
3245 4
3246 3
3247 2
3248 1
3249 0
3250 71
3251 70
3252 69
3253 68
3254 67
3255 66
3256 65
3257 64
3258 63
3259 62
3260 61
3261 60
3262 59
3263 58
3264 57
3265 60
3266 59
3267 58
3268 60
3269 63
3270 62
3271 61
3272 60
3273 59
3274 58
3275 57
3276 56
3277 55
3278 54
3279 53
3280 52
3281 67
3282 66
3283 65
3284 64
3285 63
3286 62
3287 67
3288 66
3289 65
3290 64
3291 63
3292 62
3293 61
3294 60
3295 59
3296 58
3297 57
3298 56
3299 55
3300 54
3301 59
3302 58
3303 57
3304 56
3305 55
3306 54
3307 57
3308 56
3309 55
3310 54
3311 53
3312 52
3313 51
3314 50
3315 49
3316 48
3317 47
3318 46
3319 45
3320 44
3321 43
3322 42
3323 41
3324 40
3325 39
3326 38
3327 37
3328 36
3329 35
3330 34
3331 33
3332 32
3333 31
3334 30
3335 29
3336 28
3337 27
3338 26
3339 25
3340 24
3341 23
3342 22
3343 21
3344 20
3345 19
3346 18
3347 17
3348 16
3349 15
3350 14
3351 13
3352 12
3353 11
3354 10
3355 9
3356 8
3357 7
3358 6
3359 5
3360 4
3361 3
3362 2
3363 1
3364 0
3365 65
3366 64
3367 63
3368 62
3369 61
3370 60
3371 59
3372 58
3373 57
3374 56
3375 55
3376 69
3377 68
3378 67
3379 66
3380 65
3381 69
3382 68
3383 67
3384 66
3385 65
3386 64
3387 63
3388 62
3389 62
3390 61
3391 60
3392 59
3393 63
3394 71
3395 70
3396 69
3397 68
3398 67
3399 66
3400 65
3401 64
3402 63
3403 65
3404 64
3405 63
3406 62
3407 61
3408 60
3409 59
3410 58
3411 57
3412 56
3413 55
3414 54
3415 53
3416 52
3417 51
3418 50
3419 49
3420 48
3421 60
3422 59
3423 58
3424 57
3425 56
3426 55
3427 54
3428 53
3429 52
3430 51
3431 50
3432 49
3433 48
3434 47
3435 46
3436 45
3437 44
3438 43
3439 42
3440 41
3441 40
3442 39
3443 38
3444 37
3445 36
3446 35
3447 34
3448 33
3449 32
3450 31
3451 30
3452 29
3453 28
3454 27
3455 26
3456 25
3457 24
3458 23
3459 22
3460 21
3461 20
3462 19
3463 18
3464 17
3465 16
3466 15
3467 14
3468 13
3469 12
3470 11
3471 10
3472 9
3473 8
3474 7
3475 6
3476 5
3477 4
3478 3
3479 2
3480 1
3481 0
3482 67
3483 66
3484 65
3485 64
3486 63
3487 62
3488 61
3489 60
3490 59
3491 58
3492 57
3493 56
3494 55
3495 54
3496 53
3497 52
3498 51
3499 50
3500 49
3501 48
3502 47
3503 46
3504 45
3505 44
3506 43
3507 42
3508 41
3509 40
3510 39
3511 53
3512 52
3513 51
3514 50
3515 49
3516 54
3517 53
3518 52
3519 51
3520 50
3521 49
3522 48
3523 47
3524 46
3525 45
3526 44
3527 43
3528 42
3529 59
3530 58
3531 57
3532 56
3533 55
3534 54
3535 56
3536 55
3537 62
3538 61
3539 61
3540 60
3541 59
3542 58
3543 57
3544 56
3545 55
3546 54
3547 53
3548 52
3549 51
3550 50
3551 49
3552 48
3553 47
3554 46
3555 45
3556 44
3557 43
3558 42
3559 41
3560 40
3561 39
3562 38
3563 37
3564 36
3565 35
3566 34
3567 33
3568 32
3569 31
3570 30
3571 29
3572 28
3573 27
3574 26
3575 25
3576 24
3577 23
3578 22
3579 21
3580 20
3581 19
3582 18
3583 17
3584 16
3585 15
3586 14
3587 13
3588 12
3589 11
3590 10
3591 9
3592 8
3593 7
3594 6
3595 5
3596 4
3597 3
3598 2
3599 1
3600 0
3601 65
3602 64
3603 63
3604 62
3605 61
3606 60
3607 59
3608 58
3609 57
3610 56
3611 55
3612 54
3613 53
3614 52
3615 51
3616 50
3617 49
3618 48
3619 47
3620 69
3621 68
3622 67
3623 66
3624 65
3625 64
3626 63
3627 62
3628 70
3629 69
3630 68
3631 72
3632 71
3633 70
3634 69
3635 68
3636 67
3637 66
3638 65
3639 64
3640 63
3641 62
3642 61
3643 60
3644 59
3645 58
3646 57
3647 56
3648 55
3649 54
3650 53
3651 52
3652 51
3653 50
3654 49
3655 48
3656 47
3657 46
3658 45
3659 44
3660 43
3661 42
3662 41
3663 40
3664 54
3665 53
3666 52
3667 51
3668 50
3669 49
3670 48
3671 47
3672 46
3673 45
3674 44
3675 43
3676 45
3677 44
3678 43
3679 42
3680 41
3681 40
3682 39
3683 38
3684 37
3685 36
3686 35
3687 34
3688 33
3689 32
3690 31
3691 30
3692 29
3693 28
3694 27
3695 26
3696 25
3697 24
3698 23
3699 22
3700 21
3701 20
3702 19
3703 18
3704 17
3705 16
3706 15
3707 14
3708 13
3709 12
3710 11
3711 10
3712 9
3713 8
3714 7
3715 6
3716 5
3717 4
3718 3
3719 2
3720 1
3721 0
3722 51
3723 50
3724 49
3725 59
3726 58
3727 57
3728 56
3729 55
3730 54
3731 53
3732 52
3733 51
3734 50
3735 49
3736 48
3737 47
3738 46
3739 45
3740 44
3741 43
3742 65
3743 64
3744 63
3745 68
3746 67
3747 66
3748 65
3749 64
3750 63
3751 62
3752 67
3753 72
3754 71
3755 70
3756 69
3757 68
3758 70
3759 69
3760 68
3761 73
3762 72
3763 71
3764 71
3765 70
3766 69
3767 68
3768 67
3769 66
3770 65
3771 64
3772 63
3773 62
3774 61
3775 60
3776 59
3777 67
3778 66
3779 65
3780 64
3781 63
3782 62
3783 61
3784 60
3785 59
3786 58
3787 57
3788 56
3789 55
3790 54
3791 53
3792 52
3793 51
3794 50
3795 49
3796 48
3797 47
3798 46
3799 45
3800 44
3801 43
3802 42
3803 41
3804 40
3805 39
3806 38
3807 37
3808 36
3809 35
3810 34
3811 33
3812 32
3813 31
3814 30
3815 29
3816 28
3817 27
3818 26
3819 25
3820 24
3821 23
3822 22
3823 21
3824 20
3825 19
3826 18
3827 17
3828 16
3829 15
3830 14
3831 13
3832 12
3833 11
3834 10
3835 9
3836 8
3837 7
3838 6
3839 5
3840 4
3841 3
3842 2
3843 1
3844 0
3845 55
3846 54
3847 53
3848 52
3849 51
3850 50
3851 62
3852 61
3853 60
3854 59
3855 58
3856 57
3857 56
3858 55
3859 54
3860 53
3861 52
3862 51
3863 50
3864 49
3865 48
3866 47
3867 46
3868 45
3869 44
3870 43
3871 62
3872 61
3873 63
3874 62
3875 61
3876 60
3877 67
3878 66
3879 65
3880 64
3881 63
3882 62
3883 61
3884 60
3885 59
3886 58
3887 57
3888 64
3889 63
3890 62
3891 61
3892 60
3893 59
3894 58
3895 57
3896 56
3897 55
3898 54
3899 53
3900 52
3901 59
3902 58
3903 57
3904 56
3905 55
3906 54
3907 53
3908 52
3909 51
3910 50
3911 49
3912 48
3913 47
3914 55
3915 54
3916 53
3917 52
3918 51
3919 50
3920 49
3921 48
3922 47
3923 46
3924 45
3925 44
3926 43
3927 42
3928 41
3929 40
3930 39
3931 38
3932 37
3933 36
3934 35
3935 34
3936 33
3937 32
3938 31
3939 30
3940 29
3941 28
3942 27
3943 26
3944 25
3945 24
3946 23
3947 22
3948 21
3949 20
3950 19
3951 18
3952 17
3953 16
3954 15
3955 14
3956 13
3957 12
3958 11
3959 10
3960 9
3961 8
3962 7
3963 6
3964 5
3965 4
3966 3
3967 2
3968 1
3969 0
3970 62
3971 61
3972 60
3973 59
3974 58
3975 57
3976 71
3977 71
3978 70
3979 71
3980 70
3981 69
3982 68
3983 67
3984 66
3985 65
3986 64
3987 63
3988 62
3989 61
3990 60
3991 59
3992 58
3993 57
3994 56
3995 55
3996 54
3997 53
3998 52
3999 51
4000 50
4001 49
4002 48
4003 47
4004 46
4005 45
4006 44
4007 43
4008 42
4009 41
4010 40
4011 39
4012 38
4013 37
4014 36
4015 35
4016 34
4017 33
4018 32
4019 31
4020 30
4021 29
4022 28
4023 27
4024 26
4025 25
4026 24
4027 23
4028 22
4029 21
4030 20
4031 19
4032 18
4033 63
4034 62
4035 61
4036 60
4037 59
4038 58
4039 57
4040 56
4041 55
4042 54
4043 53
4044 52
4045 51
4046 50
4047 49
4048 48
4049 47
4050 46
4051 45
4052 44
4053 43
4054 42
4055 41
4056 40
4057 39
4058 38
4059 37
4060 36
4061 35
4062 34
4063 33
4064 32
4065 31
4066 30
4067 29
4068 28
4069 27
4070 26
4071 25
4072 24
4073 23
4074 22
4075 21
4076 20
4077 19
4078 18
4079 17
4080 16
4081 15
4082 14
4083 13
4084 12
4085 11
4086 10
4087 9
4088 8
4089 7
4090 6
4091 5
4092 4
4093 3
4094 2
4095 1
4096 0
4097 68
4098 67
4099 66
4100 65
4101 64
4102 63
4103 62
4104 61
4105 60
4106 59
4107 58
4108 68
4109 67
4110 66
4111 65
4112 64
4113 63
4114 62
4115 70
4116 69
4117 69
4118 68
4119 67
4120 66
4121 65
4122 64
4123 63
4124 62
4125 61
4126 60
4127 59
4128 58
4129 57
4130 56
4131 55
4132 67
4133 66
4134 65
4135 64
4136 63
4137 62
4138 61
4139 60
4140 59
4141 58
4142 57
4143 56
4144 55
4145 54
4146 53
4147 52
4148 57
4149 56
4150 55
4151 54
4152 53
4153 52
4154 51
4155 50
4156 49
4157 48
4158 47
4159 53
4160 52
4161 63
4162 62
4163 61
4164 60
4165 59
4166 58
4167 57
4168 56
4169 55
4170 54
4171 53
4172 52
4173 51
4174 50
4175 49
4176 48
4177 47
4178 46
4179 45
4180 44
4181 44
4182 43
4183 42
4184 41
4185 40
4186 39
4187 38
4188 37
4189 36
4190 35
4191 34
4192 33
4193 32
4194 31
4195 30
4196 29
4197 28
4198 27
4199 26
4200 25
4201 24
4202 23
4203 22
4204 21
4205 20
4206 19
4207 18
4208 17
4209 16
4210 15
4211 14
4212 13
4213 12
4214 11
4215 10
4216 9
4217 8
4218 7
4219 6
4220 5
4221 4
4222 3
4223 2
4224 1
4225 0
4226 58
4227 57
4228 56
4229 55
4230 54
4231 53
4232 52
4233 60
4234 59
4235 58
4236 57
4237 56
4238 55
4239 54
4240 53
4241 71
4242 70
4243 69
4244 68
4245 67
4246 66
4247 65
4248 64
4249 63
4250 62
4251 61
4252 60
4253 59
4254 58
4255 57
4256 56
4257 67
4258 66
4259 65
4260 64
4261 63
4262 62
4263 61
4264 60
4265 59
4266 58
4267 57
4268 56
4269 55
4270 54
4271 53
4272 52
4273 51
4274 50
4275 49
4276 48
4277 47
4278 62
4279 68
4280 67
4281 66
4282 65
4283 64
4284 63
4285 65
4286 64
4287 63
4288 62
4289 61
4290 60
4291 61
4292 60
4293 59
4294 62
4295 61
4296 60
4297 59
4298 58
4299 57
4300 56
4301 55
4302 54
4303 53
4304 52
4305 51
4306 50
4307 49
4308 48
4309 47
4310 46
4311 45
4312 44
4313 43
4314 42
4315 41
4316 40
4317 39
4318 38
4319 37
4320 36
4321 35
4322 34
4323 33
4324 32
4325 31
4326 30
4327 29
4328 28
4329 27
4330 26
4331 25
4332 24
4333 23
4334 22
4335 21
4336 20
4337 19
4338 18
4339 17
4340 16
4341 15
4342 14
4343 13
4344 12
4345 11
4346 10
4347 9
4348 8
4349 7
4350 6
4351 5
4352 4
4353 3
4354 2
4355 1
4356 0
4357 37
4358 36
4359 35
4360 34
4361 33
4362 32
4363 31
4364 30
4365 29
4366 28
4367 27
4368 26
4369 47
4370 46
4371 66
4372 65
4373 64
4374 63
4375 65
4376 64
4377 63
4378 62
4379 61
4380 60
4381 59
4382 58
4383 57
4384 56
4385 55
4386 54
4387 53
4388 52
4389 51
4390 56
4391 55
4392 54
4393 53
4394 52
4395 51
4396 50
4397 49
4398 48
4399 47
4400 46
4401 45
4402 44
4403 43
4404 42
4405 41
4406 40
4407 39
4408 38
4409 57
4410 56
4411 55
4412 54
4413 53
4414 52
4415 51
4416 50
4417 49
4418 48
4419 61
4420 60
4421 63
4422 62
4423 61
4424 60
4425 59
4426 62
4427 61
4428 60
4429 59
4430 58
4431 57
4432 56
4433 55
4434 54
4435 53
4436 52
4437 51
4438 51
4439 50
4440 49
4441 48
4442 47
4443 46
4444 45
4445 44
4446 43
4447 42
4448 41
4449 40
4450 39
4451 38
4452 37
4453 36
4454 35
4455 34
4456 33
4457 32
4458 31
4459 30
4460 29
4461 28
4462 27
4463 26
4464 25
4465 24
4466 23
4467 22
4468 21
4469 20
4470 19
4471 18
4472 17
4473 16
4474 15
4475 14
4476 13
4477 12
4478 11
4479 10
4480 9
4481 8
4482 7
4483 6
4484 5
4485 4
4486 3
4487 2
4488 1
4489 0
4490 67
4491 66
4492 65
4493 64
4494 63
4495 62
4496 64
4497 63
4498 62
4499 61
4500 60
4501 75
4502 74
4503 73
4504 72
4505 71
4506 70
4507 69
4508 68
4509 81
4510 80
4511 79
4512 78
4513 77
4514 76
4515 77
4516 76
4517 75
4518 74
4519 73
4520 72
4521 71
4522 70
4523 76
4524 75
4525 74
4526 73
4527 73
4528 72
4529 71
4530 70
4531 69
4532 68
4533 67
4534 66
4535 65
4536 64
4537 63
4538 62
4539 61
4540 60
4541 59
4542 58
4543 57
4544 56
4545 55
4546 54
4547 53
4548 52
4549 51
4550 50
4551 66
4552 65
4553 64
4554 63
4555 62
4556 61
4557 60
4558 59
4559 58
4560 57
4561 56
4562 55
4563 54
4564 60
4565 59
4566 58
4567 57
4568 56
4569 55
4570 54
4571 53
4572 52
4573 51
4574 50
4575 49
4576 48
4577 47
4578 46
4579 45
4580 44
4581 43
4582 42
4583 41
4584 40
4585 39
4586 38
4587 37
4588 36
4589 35
4590 34
4591 33
4592 32
4593 31
4594 30
4595 29
4596 28
4597 27
4598 26
4599 25
4600 24
4601 23
4602 22
4603 21
4604 20
4605 19
4606 18
4607 17
4608 16
4609 15
4610 14
4611 13
4612 12
4613 11
4614 10
4615 9
4616 8
4617 7
4618 6
4619 5
4620 4
4621 3
4622 2
4623 1
4624 0
4625 67
4626 66
4627 65
4628 64
4629 63
4630 62
4631 61
4632 60
4633 59
4634 58
4635 57
4636 56
4637 55
4638 54
4639 53
4640 52
4641 71
4642 70
4643 69
4644 68
4645 67
4646 66
4647 65
4648 64
4649 63
4650 62
4651 68
4652 67
4653 66
4654 71
4655 70
4656 76
4657 75
4658 74
4659 73
4660 72
4661 71
4662 70
4663 69
4664 68
4665 67
4666 66
4667 65
4668 64
4669 63
4670 62
4671 61
4672 60
4673 59
4674 58
4675 57
4676 56
4677 55
4678 54
4679 53
4680 52
4681 51
4682 50
4683 49
4684 48
4685 47
4686 46
4687 45
4688 44
4689 43
4690 42
4691 41
4692 40
4693 39
4694 64
4695 63
4696 62
4697 61
4698 62
4699 61
4700 60
4701 59
4702 58
4703 57
4704 56
4705 56
4706 55
4707 54
4708 53
4709 52
4710 51
4711 50
4712 49
4713 48
4714 47
4715 46
4716 45
4717 44
4718 43
4719 42
4720 41
4721 40
4722 39
4723 38
4724 37
4725 36
4726 35
4727 34
4728 33
4729 32
4730 31
4731 30
4732 29
4733 28
4734 27
4735 26
4736 25
4737 24
4738 23
4739 22
4740 21
4741 20
4742 19
4743 18
4744 17
4745 16
4746 15
4747 14
4748 13
4749 12
4750 11
4751 10
4752 9
4753 8
4754 7
4755 6
4756 5
4757 4
4758 3
4759 2
4760 1
4761 0
4762 61
4763 60
4764 59
4765 58
4766 57
4767 56
4768 55
4769 54
4770 53
4771 59
4772 58
4773 57
4774 62
4775 65
4776 64
4777 63
4778 62
4779 61
4780 60
4781 59
4782 58
4783 57
4784 56
4785 55
4786 54
4787 53
4788 52
4789 51
4790 50
4791 49
4792 48
4793 47
4794 46
4795 45
4796 44
4797 43
4798 42
4799 41
4800 40
4801 39
4802 38
4803 72
4804 71
4805 70
4806 70
4807 69
4808 68
4809 67
4810 66
4811 65
4812 64
4813 63
4814 62
4815 61
4816 60
4817 59
4818 58
4819 57
4820 56
4821 55
4822 54
4823 53
4824 72
4825 71
4826 70
4827 69
4828 68
4829 67
4830 66
4831 65
4832 64
4833 63
4834 62
4835 61
4836 60
4837 59
4838 58
4839 57
4840 56
4841 55
4842 54
4843 53
4844 52
4845 51
4846 50
4847 49
4848 48
4849 47
4850 46
4851 45
4852 48
4853 47
4854 46
4855 45
4856 44
4857 43
4858 42
4859 41
4860 40
4861 39
4862 38
4863 37
4864 36
4865 35
4866 34
4867 33
4868 32
4869 31
4870 30
4871 29
4872 28
4873 27
4874 26
4875 25
4876 24
4877 23
4878 22
4879 21
4880 20
4881 19
4882 18
4883 17
4884 16
4885 15
4886 14
4887 13
4888 12
4889 11
4890 10
4891 9
4892 8
4893 7
4894 6
4895 5
4896 4
4897 3
4898 2
4899 1
4900 0
4901 67
4902 80
4903 85
4904 84
4905 83
4906 82
4907 81
4908 80
4909 79
4910 78
4911 77
4912 76
4913 75
4914 74
4915 76
4916 75
4917 74
4918 73
4919 72
4920 71
4921 71
4922 70
4923 69
4924 68
4925 67
4926 66
4927 65
4928 64
4929 63
4930 62
4931 61
4932 60
4933 59
4934 58
4935 57
4936 56
4937 55
4938 54
4939 53
4940 52
4941 61
4942 63
4943 62
4944 61
4945 60
4946 59
4947 58
4948 57
4949 56
4950 55
4951 74
4952 73
4953 72
4954 71
4955 70
4956 69
4957 68
4958 67
4959 72
4960 72
4961 79
4962 78
4963 77
4964 76
4965 76
4966 75
4967 74
4968 73
4969 72
4970 71
4971 70
4972 69
4973 68
4974 67
4975 66
4976 65
4977 64
4978 63
4979 62
4980 61
4981 60
4982 59
4983 58
4984 57
4985 56
4986 55
4987 54
4988 53
4989 52
4990 51
4991 50
4992 49
4993 48
4994 47
4995 46
4996 45
4997 44
4998 43
4999 42
5000 41
5001 40
5002 39
5003 38
5004 37
5005 36
5006 35
5007 34
5008 33
5009 32
5010 31
5011 30
5012 29
5013 28
5014 27
5015 26
5016 25
5017 24
5018 23
5019 22
5020 21
5021 20
5022 19
5023 18
5024 17
5025 16
5026 15
5027 14
5028 13
5029 12
5030 11
5031 10
5032 9
5033 8
5034 7
5035 6
5036 5
5037 4
5038 3
5039 2
5040 1
5041 0
5042 40
5043 39
5044 52
5045 51
5046 50
5047 49
5048 48
5049 47
5050 54
5051 53
5052 52
5053 51
5054 50
5055 49
5056 48
5057 47
5058 46
5059 45
5060 44
5061 59
5062 58
5063 57
5064 56
5065 55
5066 54
5067 53
5068 52
5069 51
5070 50
5071 62
5072 61
5073 60
5074 59
5075 70
5076 72
5077 71
5078 70
5079 69
5080 68
5081 67
5082 66
5083 69
5084 75
5085 74
5086 73
5087 72
5088 71
5089 70
5090 69
5091 68
5092 67
5093 73
5094 72
5095 71
5096 70
5097 69
5098 68
5099 67
5100 66
5101 67
5102 66
5103 65
5104 71
5105 70
5106 69
5107 68
5108 67
5109 66
5110 65
5111 64
5112 63
5113 62
5114 61
5115 60
5116 59
5117 58
5118 57
5119 56
5120 55
5121 63
5122 62
5123 61
5124 60
5125 59
5126 58
5127 57
5128 56
5129 55
5130 54
5131 53
5132 52
5133 51
5134 50
5135 49
5136 48
5137 47
5138 46
5139 45
5140 44
5141 43
5142 42
5143 41
5144 40
5145 39
5146 38
5147 37
5148 36
5149 35
5150 34
5151 33
5152 32
5153 31
5154 30
5155 29
5156 28
5157 27
5158 26
5159 25
5160 24
5161 23
5162 22
5163 21
5164 20
5165 19
5166 18
5167 17
5168 16
5169 15
5170 14
5171 13
5172 12
5173 11
5174 10
5175 9
5176 8
5177 7
5178 6
5179 5
5180 4
5181 3
5182 2
5183 1
5184 0
5185 62
5186 61
5187 60
5188 77
5189 76
5190 75
5191 74
5192 73
5193 72
5194 71
5195 70
5196 69
5197 68
5198 67
5199 66
5200 65
5201 79
5202 78
5203 86
5204 86
5205 85
5206 84
5207 83
5208 82
5209 81
5210 80
5211 79
5212 78
5213 77
5214 76
5215 75
5216 74
5217 73
5218 72
5219 71
5220 70
5221 69
5222 68
5223 67
5224 66
5225 65
5226 64
5227 63
5228 62
5229 61
5230 60
5231 59
5232 58
5233 57
5234 56
5235 55
5236 54
5237 63
5238 62
5239 61
5240 60
5241 59
5242 58
5243 57
5244 56
5245 55
5246 54
5247 53
5248 72
5249 71
5250 70
5251 73
5252 72
5253 71
5254 70
5255 69
5256 68
5257 67
5258 66
5259 65
5260 64
5261 63
5262 62
5263 61
5264 60
5265 59
5266 58
5267 57
5268 56
5269 55
5270 54
5271 53
5272 52
5273 51
5274 50
5275 49
5276 48
5277 47
5278 46
5279 45
5280 44
5281 48
5282 47
5283 46
5284 45
5285 44
5286 43
5287 42
5288 41
5289 40
5290 39
5291 38
5292 37
5293 36
5294 35
5295 34
5296 33
5297 32
5298 31
5299 30
5300 29
5301 28
5302 27
5303 26
5304 25
5305 24
5306 23
5307 22
5308 21
5309 20
5310 19
5311 18
5312 17
5313 16
5314 15
5315 14
5316 13
5317 12
5318 11
5319 10
5320 9
5321 8
5322 7
5323 6
5324 5
5325 4
5326 3
5327 2
5328 1
5329 0
5330 82
5331 84
5332 83
5333 82
5334 81
5335 80
5336 79
5337 78
5338 77
5339 76
5340 75
5341 74
5342 73
5343 72
5344 71
5345 70
5346 69
5347 71
5348 70
5349 69
5350 68
5351 67
5352 66
5353 65
5354 64
5355 63
5356 62
5357 61
5358 60
5359 59
5360 58
5361 57
5362 56
5363 55
5364 54
5365 53
5366 52
5367 51
5368 50
5369 49
5370 48
5371 47
5372 46
5373 45
5374 44
5375 43
5376 64
5377 68
5378 67
5379 66
5380 65
5381 64
5382 63
5383 62
5384 61
5385 60
5386 59
5387 58
5388 57
5389 56
5390 55
5391 54
5392 53
5393 52
5394 51
5395 50
5396 49
5397 48
5398 47
5399 46
5400 45
5401 59
5402 58
5403 57
5404 56
5405 55
5406 54
5407 53
5408 52
5409 63
5410 62
5411 61
5412 60
5413 59
5414 58
5415 57
5416 60
5417 59
5418 58
5419 57
5420 56
5421 55
5422 54
5423 53
5424 52
5425 51
5426 50
5427 49
5428 48
5429 47
5430 46
5431 45
5432 44
5433 43
5434 42
5435 41
5436 40
5437 39
5438 38
5439 37
5440 36
5441 35
5442 34
5443 33
5444 32
5445 31
5446 30
5447 29
5448 28
5449 27
5450 26
5451 25
5452 24
5453 23
5454 22
5455 21
5456 20
5457 19
5458 18
5459 17
5460 16
5461 15
5462 14
5463 13
5464 12
5465 11
5466 10
5467 9
5468 8
5469 7
5470 6
5471 5
5472 4
5473 3
5474 2
5475 1
5476 0
5477 70
5478 69
5479 68
5480 67
5481 66
5482 69
5483 68
5484 67
5485 66
5486 65
5487 64
5488 63
5489 62
5490 61
5491 74
5492 73
5493 72
5494 71
5495 70
5496 69
5497 68
5498 67
5499 66
5500 65
5501 75
5502 74
5503 73
5504 72
5505 71
5506 70
5507 69
5508 68
5509 77
5510 76
5511 78
5512 77
5513 87
5514 86
5515 85
5516 84
5517 83
5518 82
5519 81
5520 80
5521 79
5522 78
5523 77
5524 76
5525 75
5526 74
5527 73
5528 72
5529 71
5530 70
5531 69
5532 68
5533 67
5534 66
5535 65
5536 64
5537 63
5538 62
5539 61
5540 60
5541 59
5542 58
5543 57
5544 56
5545 65
5546 64
5547 69
5548 70
5549 69
5550 68
5551 67
5552 73
5553 72
5554 71
5555 70
5556 69
5557 68
5558 67
5559 66
5560 65
5561 64
5562 63
5563 62
5564 61
5565 60
5566 59
5567 58
5568 57
5569 56
5570 55
5571 54
5572 53
5573 52
5574 51
5575 50
5576 49
5577 48
5578 47
5579 46
5580 45
5581 44
5582 43
5583 42
5584 41
5585 40
5586 39
5587 38
5588 37
5589 36
5590 35
5591 34
5592 33
5593 32
5594 31
5595 30
5596 29
5597 28
5598 27
5599 26
5600 25
5601 24
5602 23
5603 22
5604 21
5605 20
5606 19
5607 18
5608 17
5609 16
5610 15
5611 14
5612 13
5613 12
5614 11
5615 10
5616 9
5617 8
5618 7
5619 6
5620 5
5621 4
5622 3
5623 2
5624 1
5625 0
5626 72
5627 71
5628 70
5629 71
5630 70
5631 69
5632 68
5633 67
5634 66
5635 65
5636 68
5637 67
5638 66
5639 65
5640 64
5641 79
5642 78
5643 77
5644 76
5645 75
5646 74
5647 73
5648 72
5649 71
5650 70
5651 69
5652 68
5653 67
5654 66
5655 65
5656 77
5657 76
5658 75
5659 74
5660 73
5661 72
5662 71
5663 70
5664 69
5665 68
5666 67
5667 66
5668 65
5669 64
5670 63
5671 63
5672 62
5673 61
5674 72
5675 71
5676 70
5677 69
5678 68
5679 67
5680 66
5681 65
5682 80
5683 79
5684 78
5685 77
5686 76
5687 75
5688 74
5689 73
5690 72
5691 71
5692 70
5693 69
5694 68
5695 67
5696 76
5697 75
5698 74
5699 76
5700 75
5701 74
5702 73
5703 72
5704 71
5705 71
5706 70
5707 69
5708 68
5709 67
5710 66
5711 65
5712 64
5713 63
5714 62
5715 61
5716 60
5717 59
5718 58
5719 57
5720 56
5721 55
5722 54
5723 53
5724 52
5725 51
5726 50
5727 49
5728 48
5729 47
5730 46
5731 45
5732 44
5733 43
5734 42
5735 41
5736 40
5737 39
5738 38
5739 37
5740 36
5741 35
5742 34
5743 33
5744 32
5745 31
5746 30
5747 29
5748 28
5749 27
5750 26
5751 25
5752 24
5753 23
5754 22
5755 21
5756 20
5757 19
5758 18
5759 17
5760 16
5761 15
5762 14
5763 13
5764 12
5765 11
5766 10
5767 9
5768 8
5769 7
5770 6
5771 5
5772 4
5773 3
5774 2
5775 1
5776 0
5777 64
5778 63
5779 62
5780 61
5781 60
5782 59
5783 69
5784 68
5785 67
5786 66
5787 65
5788 64
5789 63
5790 62
5791 61
5792 60
5793 59
5794 58
5795 57
5796 56
5797 55
5798 54
5799 53
5800 52
5801 51
5802 50
5803 49
5804 48
5805 47
5806 46
5807 45
5808 44
5809 43
5810 42
5811 41
5812 40
5813 39
5814 38
5815 65
5816 64
5817 63
5818 62
5819 61
5820 60
5821 59
5822 58
5823 57
5824 56
5825 62
5826 61
5827 60
5828 59
5829 59
5830 58
5831 57
5832 68
5833 67
5834 66
5835 65
5836 64
5837 63
5838 62
5839 61
5840 60
5841 59
5842 80
5843 79
5844 78
5845 77
5846 76
5847 75
5848 74
5849 73
5850 72
5851 77
5852 76
5853 76
5854 75
5855 74
5856 73
5857 72
5858 71
5859 70
5860 69
5861 68
5862 67
5863 66
5864 65
5865 64
5866 63
5867 62
5868 61
5869 60
5870 59
5871 58
5872 57
5873 56
5874 55
5875 54
5876 53
5877 52
5878 51
5879 50
5880 49
5881 48
5882 47
5883 46
5884 45
5885 44
5886 43
5887 42
5888 41
5889 40
5890 39
5891 38
5892 37
5893 36
5894 35
5895 34
5896 33
5897 32
5898 31
5899 30
5900 29
5901 28
5902 27
5903 26
5904 25
5905 24
5906 23
5907 22
5908 21
5909 20
5910 19
5911 18
5912 17
5913 16
5914 15
5915 14
5916 13
5917 12
5918 11
5919 10
5920 9
5921 8
5922 7
5923 6
5924 5
5925 4
5926 3
5927 2
5928 1
5929 0
5930 70
5931 69
5932 68
5933 67
5934 66
5935 65
5936 64
5937 63
5938 62
5939 61
5940 60
5941 59
5942 58
5943 57
5944 56
5945 55
5946 54
5947 53
5948 52
5949 51
5950 50
5951 88
5952 87
5953 86
5954 85
5955 84
5956 83
5957 82
5958 81
5959 80
5960 79
5961 78
5962 77
5963 76
5964 75
5965 85
5966 84
5967 83
5968 91
5969 90
5970 89
5971 88
5972 87
5973 86
5974 85
5975 84
5976 83
5977 84
5978 83
5979 82
5980 81
5981 80
5982 79
5983 78
5984 77
5985 76
5986 82
5987 81
5988 80
5989 79
5990 78
5991 77
5992 76
5993 75
5994 74
5995 74
5996 73
5997 72
5998 71
5999 70
6000 69
6001 68
6002 67
6003 66
6004 65
6005 64
6006 63
6007 62
6008 61
6009 60
6010 59
6011 58
6012 57
6013 56
6014 55
6015 54
6016 53
6017 52
6018 51
6019 50
6020 49
6021 48
6022 47
6023 46
6024 45
6025 44
6026 43
6027 42
6028 41
6029 40
6030 39
6031 38
6032 37
6033 36
6034 35
6035 34
6036 33
6037 32
6038 31
6039 30
6040 29
6041 28
6042 27
6043 26
6044 25
6045 24
6046 23
6047 22
6048 21
6049 35
6050 34
6051 33
6052 32
6053 31
6054 30
6055 29
6056 28
6057 27
6058 26
6059 25
6060 24
6061 23
6062 22
6063 21
6064 20
6065 19
6066 18
6067 17
6068 16
6069 15
6070 14
6071 13
6072 12
6073 11
6074 10
6075 9
6076 8
6077 7
6078 6
6079 5
6080 4
6081 3
6082 2
6083 1
6084 0
6085 71
6086 70
6087 69
6088 68
6089 67
6090 66
6091 80
6092 79
6093 78
6094 77
6095 76
6096 75
6097 74
6098 73
6099 72
6100 71
6101 70
6102 69
6103 68
6104 67
6105 66
6106 65
6107 64
6108 63
6109 62
6110 61
6111 60
6112 59
6113 58
6114 57
6115 56
6116 55
6117 54
6118 53
6119 52
6120 51
6121 67
6122 66
6123 65
6124 64
6125 63
6126 62
6127 61
6128 60
6129 59
6130 58
6131 57
6132 56
6133 55
6134 54
6135 53
6136 52
6137 51
6138 50
6139 49
6140 48
6141 47
6142 46
6143 45
6144 44
6145 87
6146 86
6147 85
6148 84
6149 83
6150 87
6151 86
6152 85
6153 84
6154 83
6155 82
6156 81
6157 80
6158 79
6159 78
6160 77
6161 79
6162 78
6163 77
6164 76
6165 76
6166 75
6167 74
6168 73
6169 72
6170 71
6171 70
6172 69
6173 68
6174 67
6175 66
6176 65
6177 64
6178 63
6179 62
6180 61
6181 60
6182 59
6183 58
6184 57
6185 56
6186 55
6187 54
6188 53
6189 52
6190 51
6191 50
6192 49
6193 48
6194 47
6195 46
6196 45
6197 44
6198 43
6199 42
6200 41
6201 40
6202 39
6203 38
6204 37
6205 36
6206 35
6207 34
6208 33
6209 32
6210 31
6211 30
6212 29
6213 28
6214 27
6215 26
6216 25
6217 24
6218 23
6219 22
6220 21
6221 20
6222 19
6223 18
6224 17
6225 16
6226 15
6227 14
6228 13
6229 12
6230 11
6231 10
6232 9
6233 8
6234 7
6235 6
6236 5
6237 4
6238 3
6239 2
6240 1
6241 0
6242 76
6243 75
6244 74
6245 73
6246 72
6247 71
6248 70
6249 69
6250 68
6251 73
6252 72
6253 71
6254 70
6255 69
6256 68
6257 68
6258 67
6259 66
6260 65
6261 64
6262 63
6263 62
6264 61
6265 62
6266 61
6267 60
6268 59
6269 58
6270 57
6271 65
6272 64
6273 75
6274 74
6275 73
6276 72
6277 71
6278 70
6279 69
6280 78
6281 77
6282 76
6283 75
6284 74
6285 73
6286 72
6287 71
6288 70
6289 69
6290 68
6291 67
6292 66
6293 67
6294 66
6295 65
6296 64
6297 63
6298 62
6299 61
6300 60
6301 59
6302 58
6303 57
6304 56
6305 55
6306 54
6307 53
6308 76
6309 75
6310 74
6311 73
6312 72
6313 71
6314 70
6315 77
6316 76
6317 75
6318 74
6319 73
6320 72
6321 71
6322 70
6323 69
6324 68
6325 67
6326 66
6327 65
6328 64
6329 63
6330 62
6331 61
6332 60
6333 59
6334 58
6335 57
6336 56
6337 63
6338 62
6339 61
6340 60
6341 59
6342 58
6343 57
6344 56
6345 55
6346 54
6347 53
6348 52
6349 51
6350 50
6351 49
6352 48
6353 47
6354 46
6355 45
6356 44
6357 43
6358 42
6359 41
6360 40
6361 39
6362 38
6363 37
6364 36
6365 35
6366 34
6367 33
6368 32
6369 31
6370 30
6371 29
6372 28
6373 27
6374 26
6375 25
6376 24
6377 23
6378 22
6379 21
6380 20
6381 19
6382 18
6383 17
6384 16
6385 15
6386 14
6387 13
6388 12
6389 11
6390 10
6391 9
6392 8
6393 7
6394 6
6395 5
6396 4
6397 3
6398 2
6399 1
6400 0
6401 78
6402 77
6403 76
6404 75
6405 74
6406 73
6407 72
6408 71
6409 70
6410 69
6411 68
6412 67
6413 66
6414 65
6415 64
6416 63
6417 62
6418 80
6419 79
6420 78
6421 77
6422 76
6423 77
6424 76
6425 75
6426 74
6427 73
6428 72
6429 71
6430 70
6431 69
6432 68
6433 67
6434 66
6435 65
6436 76
6437 75
6438 74
6439 73
6440 72
6441 71
6442 70
6443 69
6444 68
6445 67
6446 66
6447 65
6448 64
6449 68
6450 67
6451 66
6452 65
6453 64
6454 63
6455 62
6456 61
6457 60
6458 59
6459 58
6460 57
6461 56
6462 55
6463 54
6464 53
6465 52
6466 51
6467 50
6468 49
6469 65
6470 64
6471 63
6472 62
6473 61
6474 60
6475 59
6476 69
6477 68
6478 67
6479 66
6480 69
6481 71
6482 70
6483 69
6484 68
6485 67
6486 66
6487 65
6488 64
6489 63
6490 62
6491 70
6492 69
6493 68
6494 67
6495 66
6496 65
6497 64
6498 63
6499 62
6500 61
6501 60
6502 59
6503 58
6504 57
6505 56
6506 55
6507 54
6508 53
6509 52
6510 51
6511 50
6512 49
6513 48
6514 47
6515 46
6516 45
6517 44
6518 43
6519 42
6520 41
6521 40
6522 39
6523 38
6524 37
6525 36
6526 35
6527 34
6528 33
6529 32
6530 31
6531 30
6532 29
6533 28
6534 27
6535 26
6536 25
6537 24
6538 23
6539 22
6540 21
6541 20
6542 19
6543 18
6544 17
6545 16
6546 15
6547 14
6548 13
6549 12
6550 11
6551 10
6552 9
6553 8
6554 7
6555 6
6556 5
6557 4
6558 3
6559 2
6560 1
6561 0
6562 71
6563 70
6564 69
6565 68
6566 67
6567 75
6568 74
6569 73
6570 72
6571 71
6572 70
6573 69
6574 68
6575 67
6576 66
6577 65
6578 64
6579 68
6580 75
6581 74
6582 73
6583 72
6584 71
6585 70
6586 69
6587 68
6588 67
6589 66
6590 65
6591 64
6592 63
6593 62
6594 61
6595 60
6596 59
6597 58
6598 57
6599 56
6600 55
6601 63
6602 62
6603 61
6604 60
6605 59
6606 58
6607 57
6608 56
6609 55
6610 54
6611 53
6612 52
6613 51
6614 50
6615 49
6616 62
6617 61
6618 60
6619 59
6620 58
6621 57
6622 56
6623 55
6624 54
6625 53
6626 73
6627 72
6628 71
6629 70
6630 69
6631 77
6632 76
6633 75
6634 81
6635 80
6636 79
6637 79
6638 78
6639 77
6640 76
6641 75
6642 74
6643 73
6644 76
6645 75
6646 74
6647 73
6648 72
6649 71
6650 70
6651 73
6652 72
6653 71
6654 70
6655 69
6656 68
6657 67
6658 66
6659 65
6660 64
6661 63
6662 62
6663 61
6664 60
6665 59
6666 58
6667 57
6668 56
6669 55
6670 54
6671 53
6672 52
6673 51
6674 50
6675 49
6676 48
6677 47
6678 46
6679 45
6680 44
6681 43
6682 42
6683 41
6684 40
6685 39
6686 38
6687 37
6688 36
6689 35
6690 34
6691 33
6692 32
6693 31
6694 30
6695 29
6696 28
6697 27
6698 26
6699 25
6700 24
6701 23
6702 22
6703 21
6704 20
6705 19
6706 18
6707 17
6708 16
6709 15
6710 14
6711 13
6712 12
6713 11
6714 10
6715 9
6716 8
6717 7
6718 6
6719 5
6720 4
6721 3
6722 2
6723 1
6724 0
6725 51
6726 50
6727 49
6728 76
6729 86
6730 85
6731 84
6732 83
6733 82
6734 81
6735 81
6736 80
6737 79
6738 78
6739 77
6740 76
6741 75
6742 74
6743 73
6744 72
6745 71
6746 79
6747 78
6748 77
6749 76
6750 75
6751 74
6752 73
6753 72
6754 71
6755 70
6756 69
6757 68
6758 67
6759 66
6760 65
6761 79
6762 78
6763 77
6764 76
6765 75
6766 74
6767 73
6768 72
6769 76
6770 75
6771 74
6772 79
6773 78
6774 77
6775 76
6776 75
6777 82
6778 81
6779 80
6780 79
6781 78
6782 77
6783 76
6784 76
6785 75
6786 76
6787 77
6788 76
6789 75
6790 74
6791 73
6792 72
6793 71
6794 70
6795 69
6796 68
6797 67
6798 66
6799 65
6800 64
6801 74
6802 73
6803 72
6804 71
6805 70
6806 69
6807 68
6808 67
6809 66
6810 65
6811 64
6812 63
6813 62
6814 61
6815 60
6816 59
6817 58
6818 57
6819 56
6820 55
6821 54
6822 53
6823 52
6824 51
6825 50
6826 63
6827 62
6828 61
6829 60
6830 59
6831 58
6832 57
6833 56
6834 55
6835 54
6836 53
6837 52
6838 51
6839 50
6840 49
6841 48
6842 47
6843 46
6844 45
6845 44
6846 43
6847 42
6848 41
6849 40
6850 39
6851 38
6852 37
6853 36
6854 35
6855 34
6856 33
6857 32
6858 31
6859 30
6860 29
6861 28
6862 27
6863 26
6864 25
6865 24
6866 23
6867 22
6868 21
6869 20
6870 19
6871 18
6872 17
6873 16
6874 15
6875 14
6876 13
6877 12
6878 11
6879 10
6880 9
6881 8
6882 7
6883 6
6884 5
6885 4
6886 3
6887 2
6888 1
6889 0
6890 70
6891 69
6892 68
6893 67
6894 66
6895 65
6896 64
6897 63
6898 62
6899 61
6900 60
6901 59
6902 58
6903 59
6904 58
6905 57
6906 56
6907 55
6908 54
6909 53
6910 52
6911 51
6912 50
6913 80
6914 79
6915 78
6916 77
6917 76
6918 75
6919 74
6920 88
6921 87
6922 86
6923 85
6924 87
6925 86
6926 85
6927 84
6928 83
6929 82
6930 85
6931 84
6932 83
6933 82
6934 81
6935 80
6936 79
6937 81
6938 80
6939 79
6940 78
6941 77
6942 76
6943 75
6944 74
6945 73
6946 72
6947 71
6948 70
6949 69
6950 68
6951 67
6952 66
6953 65
6954 64
6955 74
6956 73
6957 72
6958 71
6959 79
6960 78
6961 77
6962 76
6963 75
6964 74
6965 73
6966 72
6967 71
6968 70
6969 78
6970 77
6971 76
6972 75
6973 74
6974 73
6975 72
6976 71
6977 70
6978 69
6979 68
6980 67
6981 66
6982 65
6983 64
6984 63
6985 62
6986 61
6987 60
6988 59
6989 58
6990 57
6991 56
6992 55
6993 54
6994 53
6995 52
6996 51
6997 50
6998 49
6999 48
7000 47
7001 46
7002 45
7003 44
7004 43
7005 42
7006 41
7007 40
7008 48
7009 47
7010 46
7011 45
7012 44
7013 43
7014 42
7015 41
7016 40
7017 39
7018 38
7019 37
7020 36
7021 35
7022 34
7023 33
7024 32
7025 31
7026 30
7027 29
7028 28
7029 27
7030 26
7031 25
7032 24
7033 23
7034 22
7035 21
7036 20
7037 19
7038 18
7039 17
7040 16
7041 15
7042 14
7043 13
7044 12
7045 11
7046 10
7047 9
7048 8
7049 7
7050 6
7051 5
7052 4
7053 3
7054 2
7055 1
7056 0
7057 80
7058 79
7059 78
7060 77
7061 76
7062 75
7063 74
7064 73
7065 72
7066 71
7067 70
7068 69
7069 71
7070 70
7071 69
7072 68
7073 77
7074 76
7075 75
7076 74
7077 84
7078 83
7079 82
7080 81
7081 87
7082 86
7083 85
7084 84
7085 83
7086 82
7087 81
7088 80
7089 79
7090 78
7091 77
7092 76
7093 75
7094 74
7095 73
7096 72
7097 71
7098 70
7099 69
7100 68
7101 67
7102 66
7103 65
7104 64
7105 63
7106 62
7107 69
7108 68
7109 67
7110 66
7111 65
7112 64
7113 63
7114 62
7115 61
7116 60
7117 59
7118 58
7119 57
7120 56
7121 55
7122 54
7123 53
7124 52
7125 51
7126 56
7127 55
7128 54
7129 63
7130 62
7131 67
7132 66
7133 65
7134 64
7135 65
7136 64
7137 63
7138 62
7139 61
7140 60
7141 59
7142 58
7143 57
7144 56
7145 55
7146 54
7147 53
7148 52
7149 51
7150 50
7151 74
7152 73
7153 72
7154 71
7155 70
7156 69
7157 68
7158 67
7159 66
7160 65
7161 64
7162 63
7163 62
7164 61
7165 60
7166 59
7167 58
7168 57
7169 56
7170 55
7171 54
7172 53
7173 52
7174 51
7175 50
7176 49
7177 48
7178 47
7179 46
7180 45
7181 44
7182 43
7183 42
7184 41
7185 40
7186 39
7187 38
7188 37
7189 36
7190 35
7191 34
7192 33
7193 32
7194 31
7195 30
7196 29
7197 28
7198 27
7199 26
7200 25
7201 24
7202 23
7203 22
7204 21
7205 20
7206 19
7207 18
7208 17
7209 16
7210 15
7211 14
7212 13
7213 12
7214 11
7215 10
7216 9
7217 8
7218 7
7219 6
7220 5
7221 4
7222 3
7223 2
7224 1
7225 0
7226 74
7227 73
7228 82
7229 81
7230 80
7231 79
7232 78
7233 77
7234 76
7235 75
7236 74
7237 73
7238 72
7239 81
7240 80
7241 79
7242 78
7243 77
7244 76
7245 75
7246 74
7247 73
7248 72
7249 71
7250 70
7251 75
7252 74
7253 79
7254 78
7255 89
7256 88
7257 87
7258 86
7259 85
7260 84
7261 89
7262 88
7263 87
7264 86
7265 85
7266 84
7267 83
7268 82
7269 81
7270 80
7271 79
7272 78
7273 77
7274 76
7275 75
7276 74
7277 73
7278 72
7279 71
7280 70
7281 79
7282 78
7283 77
7284 76
7285 75
7286 74
7287 73
7288 72
7289 71
7290 70
7291 69
7292 68
7293 67
7294 66
7295 65
7296 64
7297 84
7298 83
7299 82
7300 81
7301 80
7302 79
7303 78
7304 77
7305 76
7306 75
7307 74
7308 73
7309 83
7310 82
7311 84
7312 83
7313 82
7314 81
7315 80
7316 79
7317 79
7318 78
7319 77
7320 76
7321 75
7322 74
7323 73
7324 72
7325 71
7326 70
7327 69
7328 68
7329 67
7330 66
7331 65
7332 64
7333 63
7334 62
7335 61
7336 60
7337 59
7338 58
7339 57
7340 56
7341 55
7342 54
7343 53
7344 52
7345 51
7346 50
7347 49
7348 48
7349 47
7350 46
7351 45
7352 44
7353 43
7354 42
7355 41
7356 40
7357 39
7358 38
7359 37
7360 36
7361 35
7362 34
7363 33
7364 32
7365 31
7366 30
7367 29
7368 28
7369 27
7370 26
7371 25
7372 24
7373 23
7374 22
7375 21
7376 20
7377 19
7378 18
7379 17
7380 16
7381 15
7382 14
7383 13
7384 12
7385 11
7386 10
7387 9
7388 8
7389 7
7390 6
7391 5
7392 4
7393 3
7394 2
7395 1
7396 0
7397 83
7398 82
7399 81
7400 80
7401 79
7402 78
7403 77
7404 76
7405 75
7406 74
7407 73
7408 72
7409 71
7410 70
7411 77
7412 76
7413 75
7414 74
7415 73
7416 72
7417 71
7418 70
7419 69
7420 68
7421 67
7422 66
7423 65
7424 64
7425 63
7426 62
7427 61
7428 60
7429 59
7430 58
7431 57
7432 56
7433 55
7434 54
7435 53
7436 52
7437 51
7438 50
7439 49
7440 48
7441 47
7442 46
7443 45
7444 44
7445 43
7446 42
7447 41
7448 40
7449 39
7450 38
7451 37
7452 36
7453 80
7454 79
7455 78
7456 77
7457 76
7458 75
7459 74
7460 73
7461 72
7462 71
7463 70
7464 69
7465 68
7466 67
7467 66
7468 65
7469 64
7470 63
7471 62
7472 61
7473 60
7474 59
7475 58
7476 57
7477 56
7478 55
7479 54
7480 53
7481 52
7482 51
7483 50
7484 49
7485 48
7486 47
7487 46
7488 45
7489 71
7490 70
7491 69
7492 68
7493 67
7494 66
7495 65
7496 64
7497 63
7498 69
7499 68
7500 67
7501 66
7502 65
7503 66
7504 65
7505 64
7506 63
7507 62
7508 61
7509 60
7510 59
7511 58
7512 57
7513 56
7514 55
7515 54
7516 53
7517 52
7518 51
7519 50
7520 49
7521 48
7522 47
7523 46
7524 45
7525 44
7526 43
7527 42
7528 41
7529 40
7530 39
7531 38
7532 37
7533 36
7534 35
7535 34
7536 33
7537 32
7538 31
7539 30
7540 29
7541 28
7542 27
7543 26
7544 25
7545 24
7546 23
7547 22
7548 21
7549 20
7550 19
7551 18
7552 17
7553 16
7554 15
7555 14
7556 13
7557 12
7558 11
7559 10
7560 9
7561 8
7562 7
7563 6
7564 5
7565 4
7566 3
7567 2
7568 1
7569 0
7570 87
7571 86
7572 85
7573 84
7574 83
7575 82
7576 81
7577 80
7578 79
7579 78
7580 77
7581 76
7582 83
7583 82
7584 81
7585 80
7586 79
7587 78
7588 77
7589 76
7590 75
7591 74
7592 73
7593 87
7594 86
7595 85
7596 89
7597 88
7598 87
7599 86
7600 85
7601 85
7602 84
7603 83
7604 82
7605 81
7606 82
7607 81
7608 80
7609 79
7610 78
7611 77
7612 76
7613 75
7614 74
7615 73
7616 72
7617 78
7618 77
7619 76
7620 75
7621 74
7622 73
7623 72
7624 76
7625 75
7626 79
7627 78
7628 77
7629 76
7630 75
7631 74
7632 73
7633 72
7634 71
7635 70
7636 69
7637 68
7638 67
7639 75
7640 74
7641 73
7642 72
7643 71
7644 70
7645 69
7646 68
7647 67
7648 66
7649 65
7650 64
7651 63
7652 62
7653 61
7654 60
7655 59
7656 58
7657 71
7658 70
7659 69
7660 73
7661 72
7662 71
7663 70
7664 69
7665 68
7666 67
7667 66
7668 65
7669 64
7670 63
7671 62
7672 61
7673 60
7674 59
7675 58
7676 57
7677 56
7678 55
7679 54
7680 53
7681 63
7682 62
7683 61
7684 60
7685 59
7686 58
7687 57
7688 56
7689 55
7690 54
7691 53
7692 52
7693 51
7694 50
7695 49
7696 48
7697 47
7698 46
7699 45
7700 44
7701 43
7702 42
7703 41
7704 40
7705 39
7706 38
7707 37
7708 36
7709 35
7710 34
7711 33
7712 32
7713 31
7714 30
7715 29
7716 28
7717 27
7718 26
7719 25
7720 24
7721 23
7722 22
7723 21
7724 20
7725 19
7726 18
7727 17
7728 16
7729 15
7730 14
7731 13
7732 12
7733 11
7734 10
7735 9
7736 8
7737 7
7738 6
7739 5
7740 4
7741 3
7742 2
7743 1
7744 0
7745 94
7746 93
7747 92
7748 91
7749 90
7750 90
7751 89
7752 88
7753 87
7754 86
7755 85
7756 84
7757 83
7758 82
7759 81
7760 80
7761 79
7762 78
7763 77
7764 76
7765 75
7766 74
7767 73
7768 72
7769 71
7770 70
7771 69
7772 68
7773 81
7774 80
7775 79
7776 78
7777 77
7778 76
7779 75
7780 74
7781 73
7782 72
7783 71
7784 70
7785 69
7786 68
7787 67
7788 66
7789 65
7790 64
7791 63
7792 62
7793 61
7794 60
7795 59
7796 58
7797 57
7798 56
7799 55
7800 54
7801 53
7802 52
7803 51
7804 71
7805 70
7806 69
7807 68
7808 67
7809 80
7810 79
7811 78
7812 77
7813 87
7814 86
7815 85
7816 84
7817 83
7818 82
7819 81
7820 80
7821 79
7822 82
7823 81
7824 80
7825 79
7826 78
7827 77
7828 76
7829 75
7830 74
7831 73
7832 72
7833 71
7834 70
7835 69
7836 68
7837 67
7838 66
7839 65
7840 64
7841 63
7842 62
7843 61
7844 60
7845 59
7846 58
7847 57
7848 56
7849 55
7850 54
7851 53
7852 52
7853 51
7854 50
7855 49
7856 48
7857 47
7858 46
7859 45
7860 44
7861 43
7862 42
7863 41
7864 40
7865 39
7866 55
7867 54
7868 53
7869 52
7870 51
7871 50
7872 49
7873 48
7874 47
7875 46
7876 45
7877 44
7878 43
7879 42
7880 41
7881 40
7882 39
7883 38
7884 37
7885 36
7886 35
7887 34
7888 33
7889 32
7890 31
7891 30
7892 29
7893 28
7894 27
7895 26
7896 25
7897 24
7898 23
7899 22
7900 21
7901 20
7902 19
7903 18
7904 17
7905 16
7906 15
7907 14
7908 13
7909 12
7910 11
7911 10
7912 9
7913 8
7914 7
7915 6
7916 5
7917 4
7918 3
7919 2
7920 1
7921 0
7922 76
7923 75
7924 74
7925 73
7926 72
7927 71
7928 70
7929 69
7930 68
7931 67
7932 66
7933 65
7934 64
7935 63
7936 64
7937 82
7938 81
7939 85
7940 84
7941 83
7942 82
7943 86
7944 92
7945 91
7946 90
7947 89
7948 88
7949 87
7950 86
7951 85
7952 84
7953 83
7954 82
7955 81
7956 81
7957 80
7958 79
7959 78
7960 77
7961 76
7962 75
7963 74
7964 73
7965 72
7966 74
7967 73
7968 72
7969 71
7970 70
7971 69
7972 68
7973 67
7974 67
7975 66
7976 65
7977 64
7978 63
7979 62
7980 61
7981 83
7982 82
7983 81
7984 80
7985 79
7986 78
7987 77
7988 76
7989 75
7990 74
7991 73
7992 72
7993 80
7994 79
7995 78
7996 88
7997 87
7998 86
7999 85
8000 84
8001 83
8002 82
8003 81
8004 80
8005 79
8006 78
8007 77
8008 76
8009 75
8010 74
8011 73
8012 72
8013 71
8014 70
8015 69
8016 68
8017 67
8018 66
8019 65
8020 76
8021 75
8022 74
8023 73
8024 72
8025 71
8026 70
8027 69
8028 68
8029 67
8030 66
8031 65
8032 64
8033 63
8034 62
8035 61
8036 60
8037 59
8038 62
8039 61
8040 60
8041 59
8042 58
8043 57
8044 56
8045 55
8046 54
8047 53
8048 52
8049 51
8050 50
8051 49
8052 48
8053 47
8054 46
8055 45
8056 44
8057 43
8058 42
8059 41
8060 40
8061 39
8062 38
8063 37
8064 36
8065 35
8066 34
8067 33
8068 32
8069 31
8070 30
8071 29
8072 28
8073 27
8074 26
8075 25
8076 24
8077 23
8078 22
8079 21
8080 20
8081 19
8082 18
8083 17
8084 16
8085 15
8086 14
8087 13
8088 12
8089 11
8090 10
8091 9
8092 8
8093 7
8094 6
8095 5
8096 4
8097 3
8098 2
8099 1
8100 0
8101 75
8102 74
8103 73
8104 86
8105 85
8106 84
8107 83
8108 82
8109 81
8110 82
8111 81
8112 80
8113 87
8114 86
8115 85
8116 84
8117 83
8118 82
8119 89
8120 88
8121 87
8122 86
8123 85
8124 84
8125 83
8126 88
8127 87
8128 86
8129 85
8130 84
8131 83
8132 82
8133 81
8134 80
8135 79
8136 78
8137 77
8138 76
8139 75
8140 74
8141 91
8142 90
8143 89
8144 88
8145 87
8146 86
8147 85
8148 84
8149 83
8150 82
8151 81
8152 80
8153 79
8154 78
8155 77
8156 76
8157 75
8158 74
8159 73
8160 72
8161 75
8162 74
8163 78
8164 77
8165 76
8166 84
8167 83
8168 82
8169 81
8170 80
8171 79
8172 78
8173 77
8174 76
8175 87
8176 86
8177 85
8178 84
8179 83
8180 82
8181 81
8182 80
8183 79
8184 78
8185 77
8186 76
8187 75
8188 74
8189 73
8190 72
8191 71
8192 70
8193 69
8194 68
8195 67
8196 66
8197 65
8198 64
8199 63
8200 62
8201 61
8202 60
8203 59
8204 58
8205 57
8206 56
8207 55
8208 54
8209 53
8210 52
8211 51
8212 50
8213 49
8214 48
8215 66
8216 65
8217 64
8218 63
8219 62
8220 61
8221 60
8222 59
8223 58
8224 57
8225 56
8226 55
8227 54
8228 53
8229 52
8230 51
8231 50
8232 49
8233 48
8234 47
8235 46
8236 45
8237 44
8238 43
8239 42
8240 41
8241 40
8242 39
8243 38
8244 37
8245 36
8246 35
8247 34
8248 33
8249 32
8250 31
8251 30
8252 29
8253 28
8254 27
8255 26
8256 25
8257 24
8258 23
8259 22
8260 21
8261 20
8262 19
8263 18
8264 17
8265 16
8266 15
8267 14
8268 13
8269 12
8270 11
8271 10
8272 9
8273 8
8274 7
8275 6
8276 5
8277 4
8278 3
8279 2
8280 1
8281 0
8282 90
8283 89
8284 88
8285 87
8286 86
8287 85
8288 84
8289 83
8290 82
8291 81
8292 80
8293 79
8294 78
8295 80
8296 79
8297 78
8298 77
8299 76
8300 75
8301 74
8302 73
8303 72
8304 75
8305 74
8306 73
8307 72
8308 71
8309 70
8310 69
8311 68
8312 67
8313 66
8314 65
8315 64
8316 63
8317 64
8318 63
8319 62
8320 61
8321 77
8322 76
8323 75
8324 81
8325 80
8326 79
8327 78
8328 77
8329 76
8330 75
8331 79
8332 78
8333 77
8334 76
8335 75
8336 74
8337 73
8338 72
8339 71
8340 70
8341 69
8342 68
8343 67
8344 66
8345 65
8346 64
8347 63
8348 62
8349 61
8350 60
8351 59
8352 58
8353 71
8354 70
8355 69
8356 68
8357 67
8358 66
8359 65
8360 64
8361 67
8362 66
8363 65
8364 64
8365 63
8366 62
8367 61
8368 60
8369 59
8370 58
8371 57
8372 56
8373 55
8374 54
8375 53
8376 52
8377 51
8378 50
8379 49
8380 48
8381 47
8382 46
8383 45
8384 44
8385 43
8386 64
8387 63
8388 62
8389 61
8390 60
8391 59
8392 58
8393 57
8394 56
8395 55
8396 54
8397 53
8398 52
8399 51
8400 50
8401 49
8402 48
8403 47
8404 46
8405 45
8406 58
8407 57
8408 56
8409 55
8410 54
8411 53
8412 52
8413 51
8414 50
8415 49
8416 48
8417 47
8418 46
8419 45
8420 44
8421 43
8422 42
8423 41
8424 40
8425 39
8426 38
8427 37
8428 36
8429 35
8430 34
8431 33
8432 32
8433 31
8434 30
8435 29
8436 28
8437 27
8438 26
8439 25
8440 24
8441 23
8442 22
8443 21
8444 20
8445 19
8446 18
8447 17
8448 16
8449 15
8450 14
8451 13
8452 12
8453 11
8454 10
8455 9
8456 8
8457 7
8458 6
8459 5
8460 4
8461 3
8462 2
8463 1
8464 0
8465 76
8466 75
8467 74
8468 73
8469 86
8470 85
8471 84
8472 83
8473 82
8474 81
8475 80
8476 79
8477 78
8478 77
8479 76
8480 75
8481 74
8482 73
8483 72
8484 71
8485 70
8486 69
8487 68
8488 67
8489 66
8490 65
8491 64
8492 63
8493 62
8494 61
8495 60
8496 59
8497 71
8498 70
8499 69
8500 68
8501 79
8502 78
8503 77
8504 76
8505 75
8506 80
8507 79
8508 78
8509 77
8510 76
8511 80
8512 79
8513 78
8514 77
8515 76
8516 75
8517 74
8518 73
8519 72
8520 71
8521 81
8522 80
8523 79
8524 78
8525 77
8526 76
8527 75
8528 74
8529 73
8530 72
8531 71
8532 70
8533 69
8534 80
8535 79
8536 78
8537 77
8538 76
8539 75
8540 74
8541 73
8542 83
8543 82
8544 81
8545 80
8546 79
8547 78
8548 77
8549 76
8550 75
8551 89
8552 88
8553 87
8554 86
8555 85
8556 84
8557 83
8558 82
8559 81
8560 80
8561 79
8562 78
8563 77
8564 76
8565 75
8566 74
8567 73
8568 72
8569 76
8570 79
8571 78
8572 77
8573 76
8574 75
8575 74
8576 73
8577 72
8578 71
8579 70
8580 69
8581 68
8582 67
8583 66
8584 65
8585 64
8586 63
8587 62
8588 61
8589 60
8590 59
8591 58
8592 57
8593 56
8594 55
8595 54
8596 53
8597 52
8598 51
8599 50
8600 49
8601 48
8602 47
8603 46
8604 45
8605 44
8606 43
8607 42
8608 41
8609 40
8610 39
8611 38
8612 37
8613 36
8614 35
8615 34
8616 33
8617 32
8618 31
8619 30
8620 29
8621 28
8622 27
8623 26
8624 25
8625 24
8626 23
8627 22
8628 21
8629 20
8630 19
8631 18
8632 17
8633 16
8634 15
8635 14
8636 13
8637 12
8638 11
8639 10
8640 9
8641 8
8642 7
8643 6
8644 5
8645 4
8646 3
8647 2
8648 1
8649 0
8650 86
8651 85
8652 84
8653 83
8654 82
8655 81
8656 80
8657 79
8658 78
8659 77
8660 76
8661 75
8662 74
8663 73
8664 72
8665 77
8666 76
8667 75
8668 74
8669 73
8670 72
8671 77
8672 78
8673 77
8674 86
8675 85
8676 84
8677 83
8678 82
8679 81
8680 80
8681 79
8682 78
8683 77
8684 76
8685 75
8686 74
8687 73
8688 84
8689 83
8690 82
8691 81
8692 80
8693 79
8694 78
8695 77
8696 76
8697 75
8698 74
8699 73
8700 72
8701 74
8702 73
8703 72
8704 71
8705 70
8706 69
8707 68
8708 67
8709 66
8710 65
8711 64
8712 63
8713 62
8714 61
8715 60
8716 59
8717 58
8718 57
8719 56
8720 55
8721 54
8722 53
8723 52
8724 51
8725 50
8726 49
8727 48
8728 47
8729 46
8730 45
8731 44
8732 43
8733 42
8734 41
8735 40
8736 39
8737 51
8738 50
8739 49
8740 48
8741 47
8742 46
8743 45
8744 44
8745 43
8746 42
8747 41
8748 40
8749 87
8750 86
8751 85
8752 84
8753 83
8754 82
8755 81
8756 80
8757 79
8758 78
8759 77
8760 76
8761 75
8762 74
8763 73
8764 72
8765 71
8766 70
8767 69
8768 68
8769 67
8770 66
8771 65
8772 64
8773 63
8774 62
8775 61
8776 60
8777 59
8778 58
8779 57
8780 56
8781 55
8782 54
8783 53
8784 52
8785 51
8786 50
8787 49
8788 48
8789 47
8790 46
8791 45
8792 44
8793 43
8794 42
8795 41
8796 40
8797 39
8798 38
8799 37
8800 36
8801 35
8802 34
8803 33
8804 32
8805 31
8806 30
8807 29
8808 28
8809 27
8810 26
8811 25
8812 24
8813 23
8814 22
8815 21
8816 20
8817 19
8818 18
8819 17
8820 16
8821 15
8822 14
8823 13
8824 12
8825 11
8826 10
8827 9
8828 8
8829 7
8830 6
8831 5
8832 4
8833 3
8834 2
8835 1
8836 0
8837 74
8838 73
8839 72
8840 71
8841 70
8842 69
8843 68
8844 67
8845 85
8846 84
8847 83
8848 82
8849 81
8850 80
8851 79
8852 78
8853 77
8854 76
8855 75
8856 74
8857 75
8858 74
8859 73
8860 72
8861 71
8862 70
8863 69
8864 68
8865 67
8866 66
8867 65
8868 64
8869 63
8870 62
8871 61
8872 60
8873 59
8874 58
8875 82
8876 83
8877 82
8878 81
8879 80
8880 79
8881 79
8882 78
8883 77
8884 86
8885 85
8886 84
8887 83
8888 82
8889 81
8890 80
8891 79
8892 78
8893 77
8894 76
8895 75
8896 74
8897 73
8898 72
8899 71
8900 70
8901 69
8902 74
8903 73
8904 72
8905 71
8906 70
8907 69
8908 68
8909 67
8910 66
8911 67
8912 66
8913 65
8914 64
8915 63
8916 62
8917 61
8918 60
8919 59
8920 58
8921 57
8922 56
8923 55
8924 54
8925 53
8926 52
8927 51
8928 50
8929 64
8930 63
8931 62
8932 61
8933 77
8934 76
8935 75
8936 74
8937 73
8938 72
8939 71
8940 70
8941 69
8942 68
8943 67
8944 66
8945 65
8946 64
8947 63
8948 62
8949 61
8950 60
8951 59
8952 58
8953 57
8954 56
8955 55
8956 54
8957 53
8958 58
8959 57
8960 56
8961 64
8962 63
8963 62
8964 61
8965 60
8966 59
8967 58
8968 57
8969 56
8970 55
8971 54
8972 53
8973 52
8974 51
8975 50
8976 49
8977 48
8978 47
8979 46
8980 45
8981 44
8982 43
8983 42
8984 41
8985 40
8986 39
8987 38
8988 37
8989 36
8990 35
8991 34
8992 33
8993 32
8994 31
8995 30
8996 29
8997 28
8998 27
8999 26
9000 25
9001 24
9002 23
9003 22
9004 21
9005 20
9006 19
9007 18
9008 17
9009 16
9010 15
9011 14
9012 13
9013 12
9014 11
9015 10
9016 9
9017 8
9018 7
9019 6
9020 5
9021 4
9022 3
9023 2
9024 1
9025 0
9026 86
9027 85
9028 84
9029 83
9030 82
9031 81
9032 80
9033 79
9034 78
9035 77
9036 76
9037 75
9038 74
9039 73
9040 72
9041 71
9042 70
9043 69
9044 68
9045 67
9046 89
9047 88
9048 87
9049 90
9050 89
9051 88
9052 87
9053 86
9054 85
9055 84
9056 83
9057 82
9058 81
9059 80
9060 79
9061 78
9062 77
9063 76
9064 75
9065 74
9066 98
9067 97
9068 96
9069 95
9070 94
9071 93
9072 92
9073 91
9074 90
9075 89
9076 88
9077 87
9078 86
9079 85
9080 84
9081 83
9082 82
9083 81
9084 80
9085 79
9086 91
9087 93
9088 92
9089 91
9090 90
9091 89
9092 88
9093 87
9094 86
9095 85
9096 84
9097 83
9098 82
9099 81
9100 80
9101 79
9102 78
9103 77
9104 76
9105 75
9106 74
9107 73
9108 72
9109 71
9110 70
9111 69
9112 68
9113 67
9114 66
9115 85
9116 84
9117 83
9118 82
9119 81
9120 80
9121 83
9122 82
9123 81
9124 80
9125 79
9126 81
9127 85
9128 84
9129 83
9130 82
9131 81
9132 80
9133 79
9134 78
9135 77
9136 76
9137 75
9138 74
9139 73
9140 72
9141 71
9142 70
9143 69
9144 68
9145 67
9146 66
9147 65
9148 64
9149 63
9150 62
9151 61
9152 60
9153 63
9154 62
9155 61
9156 60
9157 59
9158 58
9159 57
9160 56
9161 55
9162 54
9163 53
9164 52
9165 51
9166 50
9167 49
9168 48
9169 47
9170 46
9171 45
9172 44
9173 43
9174 42
9175 41
9176 40
9177 39
9178 38
9179 37
9180 36
9181 35
9182 34
9183 33
9184 32
9185 31
9186 30
9187 29
9188 28
9189 27
9190 26
9191 25
9192 24
9193 23
9194 22
9195 21
9196 20
9197 19
9198 18
9199 17
9200 16
9201 15
9202 14
9203 13
9204 12
9205 11
9206 10
9207 9
9208 8
9209 7
9210 6
9211 5
9212 4
9213 3
9214 2
9215 1
9216 0
9217 44
9218 43
9219 42
9220 41
9221 40
9222 39
9223 38
9224 37
9225 36
9226 35
9227 34
9228 33
9229 32
9230 31
9231 30
9232 29
9233 28
9234 27
9235 26
9236 25
9237 24
9238 23
9239 22
9240 21
9241 54
9242 53
9243 52
9244 51
9245 50
9246 78
9247 77
9248 76
9249 79
9250 78
9251 77
9252 76
9253 75
9254 74
9255 73
9256 72
9257 71
9258 70
9259 69
9260 68
9261 67
9262 66
9263 65
9264 64
9265 63
9266 62
9267 61
9268 60
9269 59
9270 58
9271 57
9272 56
9273 55
9274 54
9275 53
9276 62
9277 61
9278 60
9279 59
9280 58
9281 86
9282 85
9283 84
9284 83
9285 82
9286 81
9287 80
9288 79
9289 95
9290 94
9291 93
9292 92
9293 91
9294 90
9295 89
9296 90
9297 89
9298 88
9299 87
9300 86
9301 85
9302 84
9303 83
9304 82
9305 81
9306 80
9307 79
9308 78
9309 77
9310 76
9311 83
9312 82
9313 81
9314 80
9315 79
9316 80
9317 79
9318 83
9319 82
9320 81
9321 80
9322 79
9323 82
9324 81
9325 80
9326 79
9327 78
9328 77
9329 76
9330 75
9331 74
9332 73
9333 72
9334 71
9335 70
9336 69
9337 68
9338 67
9339 66
9340 65
9341 64
9342 63
9343 62
9344 61
9345 60
9346 59
9347 58
9348 57
9349 56
9350 55
9351 58
9352 57
9353 56
9354 55
9355 54
9356 53
9357 52
9358 51
9359 50
9360 49
9361 48
9362 47
9363 46
9364 45
9365 44
9366 43
9367 42
9368 41
9369 40
9370 39
9371 38
9372 37
9373 36
9374 35
9375 34
9376 33
9377 32
9378 31
9379 30
9380 29
9381 28
9382 27
9383 26
9384 25
9385 24
9386 23
9387 22
9388 21
9389 20
9390 19
9391 18
9392 17
9393 16
9394 15
9395 14
9396 13
9397 12
9398 11
9399 10
9400 9
9401 8
9402 7
9403 6
9404 5
9405 4
9406 3
9407 2
9408 1
9409 0
9410 89
9411 88
9412 87
9413 86
9414 85
9415 84
9416 83
9417 82
9418 82
9419 81
9420 80
9421 79
9422 78
9423 77
9424 76
9425 78
9426 77
9427 76
9428 75
9429 74
9430 73
9431 73
9432 72
9433 71
9434 70
9435 69
9436 80
9437 79
9438 78
9439 77
9440 76
9441 75
9442 74
9443 73
9444 72
9445 71
9446 70
9447 69
9448 68
9449 67
9450 66
9451 65
9452 64
9453 63
9454 62
9455 61
9456 81
9457 80
9458 79
9459 78
9460 77
9461 76
9462 75
9463 74
9464 73
9465 72
9466 71
9467 70
9468 69
9469 68
9470 67
9471 66
9472 65
9473 64
9474 63
9475 62
9476 61
9477 60
9478 59
9479 58
9480 57
9481 56
9482 55
9483 54
9484 53
9485 52
9486 51
9487 50
9488 49
9489 48
9490 47
9491 46
9492 45
9493 44
9494 43
9495 42
9496 41
9497 40
9498 39
9499 38
9500 37
9501 36
9502 35
9503 34
9504 33
9505 83
9506 82
9507 81
9508 80
9509 79
9510 78
9511 77
9512 76
9513 75
9514 74
9515 85
9516 84
9517 83
9518 82
9519 81
9520 80
9521 83
9522 82
9523 81
9524 80
9525 79
9526 78
9527 77
9528 76
9529 75
9530 74
9531 73
9532 72
9533 71
9534 70
9535 69
9536 68
9537 67
9538 66
9539 65
9540 64
9541 63
9542 62
9543 61
9544 60
9545 59
9546 58
9547 57
9548 56
9549 55
9550 54
9551 53
9552 52
9553 51
9554 50
9555 49
9556 48
9557 47
9558 46
9559 45
9560 44
9561 43
9562 42
9563 41
9564 40
9565 39
9566 38
9567 37
9568 36
9569 35
9570 34
9571 33
9572 32
9573 31
9574 30
9575 29
9576 28
9577 27
9578 26
9579 25
9580 24
9581 23
9582 22
9583 21
9584 20
9585 19
9586 18
9587 17
9588 16
9589 15
9590 14
9591 13
9592 12
9593 11
9594 10
9595 9
9596 8
9597 7
9598 6
9599 5
9600 4
9601 3
9602 2
9603 1
9604 0
9605 75
9606 74
9607 73
9608 72
9609 71
9610 70
9611 79
9612 78
9613 77
9614 76
9615 75
9616 74
9617 73
9618 72
9619 71
9620 70
9621 69
9622 68
9623 67
9624 66
9625 65
9626 64
9627 63
9628 62
9629 61
9630 60
9631 59
9632 58
9633 76
9634 75
9635 74
9636 73
9637 107
9638 106
9639 105
9640 110
9641 109
9642 108
9643 107
9644 106
9645 105
9646 104
9647 103
9648 102
9649 101
9650 100
9651 99
9652 98
9653 97
9654 96
9655 95
9656 94
9657 93
9658 92
9659 91
9660 90
9661 89
9662 88
9663 87
9664 86
9665 85
9666 84
9667 83
9668 82
9669 81
9670 80
9671 79
9672 78
9673 77
9674 76
9675 75
9676 74
9677 73
9678 72
9679 71
9680 70
9681 69
9682 68
9683 67
9684 66
9685 65
9686 64
9687 63
9688 62
9689 61
9690 60
9691 84
9692 83
9693 82
9694 81
9695 80
9696 79
9697 78
9698 77
9699 76
9700 82
9701 81
9702 80
9703 89
9704 88
9705 87
9706 86
9707 85
9708 84
9709 83
9710 82
9711 81
9712 80
9713 79
9714 78
9715 77
9716 76
9717 75
9718 74
9719 73
9720 72
9721 80
9722 79
9723 78
9724 77
9725 76
9726 75
9727 74
9728 73
9729 72
9730 71
9731 70
9732 69
9733 68
9734 67
9735 66
9736 65
9737 64
9738 63
9739 62
9740 61
9741 60
9742 59
9743 58
9744 57
9745 56
9746 55
9747 54
9748 53
9749 52
9750 51
9751 50
9752 49
9753 48
9754 47
9755 46
9756 45
9757 44
9758 43
9759 42
9760 41
9761 40
9762 39
9763 38
9764 37
9765 36
9766 35
9767 34
9768 33
9769 32
9770 31
9771 30
9772 29
9773 28
9774 27
9775 26
9776 25
9777 24
9778 23
9779 22
9780 21
9781 20
9782 19
9783 18
9784 17
9785 16
9786 15
9787 14
9788 13
9789 12
9790 11
9791 10
9792 9
9793 8
9794 7
9795 6
9796 5
9797 4
9798 3
9799 2
9800 1
9801 0
9802 87
9803 87
9804 86
9805 95
9806 94
9807 93
9808 92
9809 91
9810 90
9811 89
9812 88
9813 87
9814 86
9815 85
9816 84
9817 83
9818 82
9819 81
9820 80
9821 79
9822 78
9823 77
9824 96
9825 95
9826 94
9827 93
9828 92
9829 91
9830 90
9831 89
9832 88
9833 87
9834 86
9835 85
9836 84
9837 83
9838 82
9839 81
9840 80
9841 79
9842 78
9843 85
9844 84
9845 83
9846 82
9847 81
9848 80
9849 79
9850 78
9851 77
9852 76
9853 75
9854 74
9855 73
9856 80
9857 79
9858 78
9859 77
9860 76
9861 75
9862 74
9863 73
9864 72
9865 71
9866 70
9867 69
9868 86
9869 85
9870 84
9871 83
9872 82
9873 81
9874 80
9875 79
9876 95
9877 94
9878 97
9879 96
9880 95
9881 94
9882 93
9883 92
9884 91
9885 90
9886 89
9887 88
9888 87
9889 86
9890 85
9891 84
9892 83
9893 82
9894 81
9895 80
9896 79
9897 78
9898 77
9899 76
9900 75
9901 74
9902 73
9903 72
9904 71
9905 70
9906 69
9907 68
9908 67
9909 66
9910 65
9911 64
9912 63
9913 62
9914 61
9915 60
9916 59
9917 58
9918 57
9919 81
9920 80
9921 79
9922 78
9923 77
9924 76
9925 75
9926 74
9927 73
9928 72
9929 71
9930 70
9931 69
9932 68
9933 67
9934 66
9935 65
9936 64
9937 63
9938 62
9939 61
9940 60
9941 59
9942 58
9943 57
9944 56
9945 55
9946 54
9947 53
9948 52
9949 51
9950 50
9951 49
9952 48
9953 47
9954 46
9955 45
9956 44
9957 43
9958 42
9959 41
9960 40
9961 39
9962 38
9963 37
9964 36
9965 35
9966 34
9967 33
9968 32
9969 31
9970 30
9971 29
9972 28
9973 27
9974 26
9975 25
9976 24
9977 23
9978 22
9979 21
9980 20
9981 19
9982 18
9983 17
9984 16
9985 15
9986 14
9987 13
9988 12
9989 11
9990 10
9991 9
9992 8
9993 7
9994 6
9995 5
9996 4
9997 3
9998 2
9999 1
10000 0
