# Table of n, A116417(n) for n = 0..10000.
0 1
1 1
2 2
3 2
4 3
5 3
6 6
7 6
8 4
9 4
10 4
11 4
12 12
13 12
14 12
15 12
16 5
17 5
18 10
19 10
20 15
21 15
22 30
23 30
24 20
25 20
26 20
27 20
28 60
29 60
30 60
31 60
32 6
33 6
34 3
35 3
36 2
37 2
38 1
39 1
40 12
41 12
42 12
43 12
44 4
45 4
46 4
47 4
48 30
49 30
50 15
51 15
52 10
53 10
54 5
55 5
56 60
57 60
58 60
59 60
60 20
61 20
62 20
63 20
64 7
65 7
66 14
67 14
68 21
69 21
70 42
71 42
72 28
73 28
74 28
75 28
76 84
77 84
78 84
79 84
80 35
81 35
82 70
83 70
84 105
85 105
86 210
87 210
88 140
89 140
90 140
91 140
92 420
93 420
94 420
95 420
96 42
97 42
98 21
99 21
100 14
101 14
102 7
103 7
104 84
105 84
106 84
107 84
108 28
109 28
110 28
111 28
112 210
113 210
114 105
115 105
116 70
117 70
118 35
119 35
120 420
121 420
122 420
123 420
124 140
125 140
126 140
127 140
128 8
129 8
130 8
131 8
132 24
133 24
134 24
135 24
136 8
137 8
138 8
139 8
140 24
141 24
142 24
143 24
144 40
145 40
146 40
147 40
148 120
149 120
150 120
151 120
152 40
153 40
154 40
155 40
156 120
157 120
158 120
159 120
160 24
161 24
162 24
163 24
164 8
165 8
166 8
167 8
168 24
169 24
170 24
171 24
172 8
173 8
174 8
175 8
176 120
177 120
178 120
179 120
180 40
181 40
182 40
183 40
184 120
185 120
186 120
187 120
188 40
189 40
190 40
191 40
192 56
193 56
194 56
195 56
196 168
197 168
198 168
199 168
200 56
201 56
202 56
203 56
204 168
205 168
206 168
207 168
208 280
209 280
210 280
211 280
212 840
213 840
214 840
215 840
216 280
217 280
218 280
219 280
220 840
221 840
222 840
223 840
224 168
225 168
226 168
227 168
228 56
229 56
230 56
231 56
232 168
233 168
234 168
235 168
236 56
237 56
238 56
239 56
240 840
241 840
242 840
243 840
244 280
245 280
246 280
247 280
248 840
249 840
250 840
251 840
252 280
253 280
254 280
255 280
256 9
257 9
258 18
259 18
260 9
261 9
262 18
263 18
264 36
265 36
266 36
267 36
268 36
269 36
270 36
271 36
272 45
273 45
274 90
275 90
276 45
277 45
278 90
279 90
280 180
281 180
282 180
283 180
284 180
285 180
286 180
287 180
288 18
289 18
290 9
291 9
292 18
293 18
294 9
295 9
296 36
297 36
298 36
299 36
300 36
301 36
302 36
303 36
304 90
305 90
306 45
307 45
308 90
309 90
310 45
311 45
312 180
313 180
314 180
315 180
316 180
317 180
318 180
319 180
320 63
321 63
322 126
323 126
324 63
325 63
326 126
327 126
328 252
329 252
330 252
331 252
332 252
333 252
334 252
335 252
336 315
337 315
338 630
339 630
340 315
341 315
342 630
343 630
344 1260
345 1260
346 1260
347 1260
348 1260
349 1260
350 1260
351 1260
352 126
353 126
354 63
355 63
356 126
357 126
358 63
359 63
360 252
361 252
362 252
363 252
364 252
365 252
366 252
367 252
368 630
369 630
370 315
371 315
372 630
373 630
374 315
375 315
376 1260
377 1260
378 1260
379 1260
380 1260
381 1260
382 1260
383 1260
384 72
385 72
386 72
387 72
388 72
389 72
390 72
391 72
392 72
393 72
394 72
395 72
396 72
397 72
398 72
399 72
400 360
401 360
402 360
403 360
404 360
405 360
406 360
407 360
408 360
409 360
410 360
411 360
412 360
413 360
414 360
415 360
416 72
417 72
418 72
419 72
420 72
421 72
422 72
423 72
424 72
425 72
426 72
427 72
428 72
429 72
430 72
431 72
432 360
433 360
434 360
435 360
436 360
437 360
438 360
439 360
440 360
441 360
442 360
443 360
444 360
445 360
446 360
447 360
448 504
449 504
450 504
451 504
452 504
453 504
454 504
455 504
456 504
457 504
458 504
459 504
460 504
461 504
462 504
463 504
464 2520
465 2520
466 2520
467 2520
468 2520
469 2520
470 2520
471 2520
472 2520
473 2520
474 2520
475 2520
476 2520
477 2520
478 2520
479 2520
480 504
481 504
482 504
483 504
484 504
485 504
486 504
487 504
488 504
489 504
490 504
491 504
492 504
493 504
494 504
495 504
496 2520
497 2520
498 2520
499 2520
500 2520
501 2520
502 2520
503 2520
504 2520
505 2520
506 2520
507 2520
508 2520
509 2520
510 2520
511 2520
512 10
513 10
514 5
515 5
516 30
517 30
518 15
519 15
520 20
521 20
522 20
523 20
524 60
525 60
526 60
527 60
528 10
529 10
530 5
531 5
532 30
533 30
534 15
535 15
536 20
537 20
538 20
539 20
540 60
541 60
542 60
543 60
544 15
545 15
546 30
547 30
548 5
549 5
550 10
551 10
552 60
553 60
554 60
555 60
556 20
557 20
558 20
559 20
560 15
561 15
562 30
563 30
564 5
565 5
566 10
567 10
568 60
569 60
570 60
571 60
572 20
573 20
574 20
575 20
576 70
577 70
578 35
579 35
580 210
581 210
582 105
583 105
584 140
585 140
586 140
587 140
588 420
589 420
590 420
591 420
592 70
593 70
594 35
595 35
596 210
597 210
598 105
599 105
600 140
601 140
602 140
603 140
604 420
605 420
606 420
607 420
608 105
609 105
610 210
611 210
612 35
613 35
614 70
615 70
616 420
617 420
618 420
619 420
620 140
621 140
622 140
623 140
624 105
625 105
626 210
627 210
628 35
629 35
630 70
631 70
632 420
633 420
634 420
635 420
636 140
637 140
638 140
639 140
640 40
641 40
642 40
643 40
644 120
645 120
646 120
647 120
648 40
649 40
650 40
651 40
652 120
653 120
654 120
655 120
656 40
657 40
658 40
659 40
660 120
661 120
662 120
663 120
664 40
665 40
666 40
667 40
668 120
669 120
670 120
671 120
672 120
673 120
674 120
675 120
676 40
677 40
678 40
679 40
680 120
681 120
682 120
683 120
684 40
685 40
686 40
687 40
688 120
689 120
690 120
691 120
692 40
693 40
694 40
695 40
696 120
697 120
698 120
699 120
700 40
701 40
702 40
703 40
704 280
705 280
706 280
707 280
708 840
709 840
710 840
711 840
712 280
713 280
714 280
715 280
716 840
717 840
718 840
719 840
720 280
721 280
722 280
723 280
724 840
725 840
726 840
727 840
728 280
729 280
730 280
731 280
732 840
733 840
734 840
735 840
736 840
737 840
738 840
739 840
740 280
741 280
742 280
743 280
744 840
745 840
746 840
747 840
748 280
749 280
750 280
751 280
752 840
753 840
754 840
755 840
756 280
757 280
758 280
759 280
760 840
761 840
762 840
763 840
764 280
765 280
766 280
767 280
768 90
769 90
770 45
771 45
772 90
773 90
774 45
775 45
776 180
777 180
778 180
779 180
780 180
781 180
782 180
783 180
784 90
785 90
786 45
787 45
788 90
789 90
790 45
791 45
792 180
793 180
794 180
795 180
796 180
797 180
798 180
799 180
800 45
801 45
802 90
803 90
804 45
805 45
806 90
807 90
808 180
809 180
810 180
811 180
812 180
813 180
814 180
815 180
816 45
817 45
818 90
819 90
820 45
821 45
822 90
823 90
824 180
825 180
826 180
827 180
828 180
829 180
830 180
831 180
832 630
833 630
834 315
835 315
836 630
837 630
838 315
839 315
840 1260
841 1260
842 1260
843 1260
844 1260
845 1260
846 1260
847 1260
848 630
849 630
850 315
851 315
852 630
853 630
854 315
855 315
856 1260
857 1260
858 1260
859 1260
860 1260
861 1260
862 1260
863 1260
864 315
865 315
866 630
867 630
868 315
869 315
870 630
871 630
872 1260
873 1260
874 1260
875 1260
876 1260
877 1260
878 1260
879 1260
880 315
881 315
882 630
883 630
884 315
885 315
886 630
887 630
888 1260
889 1260
890 1260
891 1260
892 1260
893 1260
894 1260
895 1260
896 360
897 360
898 360
899 360
900 360
901 360
902 360
903 360
904 360
905 360
906 360
907 360
908 360
909 360
910 360
911 360
912 360
913 360
914 360
915 360
916 360
917 360
918 360
919 360
920 360
921 360
922 360
923 360
924 360
925 360
926 360
927 360
928 360
929 360
930 360
931 360
932 360
933 360
934 360
935 360
936 360
937 360
938 360
939 360
940 360
941 360
942 360
943 360
944 360
945 360
946 360
947 360
948 360
949 360
950 360
951 360
952 360
953 360
954 360
955 360
956 360
957 360
958 360
959 360
960 2520
961 2520
962 2520
963 2520
964 2520
965 2520
966 2520
967 2520
968 2520
969 2520
970 2520
971 2520
972 2520
973 2520
974 2520
975 2520
976 2520
977 2520
978 2520
979 2520
980 2520
981 2520
982 2520
983 2520
984 2520
985 2520
986 2520
987 2520
988 2520
989 2520
990 2520
991 2520
992 2520
993 2520
994 2520
995 2520
996 2520
997 2520
998 2520
999 2520
1000 2520
1001 2520
1002 2520
1003 2520
1004 2520
1005 2520
1006 2520
1007 2520
1008 2520
1009 2520
1010 2520
1011 2520
1012 2520
1013 2520
1014 2520
1015 2520
1016 2520
1017 2520
1018 2520
1019 2520
1020 2520
1021 2520
1022 2520
1023 2520
1024 11
1025 11
1026 22
1027 22
1028 33
1029 33
1030 66
1031 66
1032 44
1033 44
1034 44
1035 44
1036 132
1037 132
1038 132
1039 132
1040 55
1041 55
1042 110
1043 110
1044 165
1045 165
1046 330
1047 330
1048 220
1049 220
1050 220
1051 220
1052 660
1053 660
1054 660
1055 660
1056 66
1057 66
1058 33
1059 33
1060 22
1061 22
1062 11
1063 11
1064 132
1065 132
1066 132
1067 132
1068 44
1069 44
1070 44
1071 44
1072 330
1073 330
1074 165
1075 165
1076 110
1077 110
1078 55
1079 55
1080 660
1081 660
1082 660
1083 660
1084 220
1085 220
1086 220
1087 220
1088 77
1089 77
1090 154
1091 154
1092 231
1093 231
1094 462
1095 462
1096 308
1097 308
1098 308
1099 308
1100 924
1101 924
1102 924
1103 924
1104 385
1105 385
1106 770
1107 770
1108 1155
1109 1155
1110 2310
1111 2310
1112 1540
1113 1540
1114 1540
1115 1540
1116 4620
1117 4620
1118 4620
1119 4620
1120 462
1121 462
1122 231
1123 231
1124 154
1125 154
1126 77
1127 77
1128 924
1129 924
1130 924
1131 924
1132 308
1133 308
1134 308
1135 308
1136 2310
1137 2310
1138 1155
1139 1155
1140 770
1141 770
1142 385
1143 385
1144 4620
1145 4620
1146 4620
1147 4620
1148 1540
1149 1540
1150 1540
1151 1540
1152 88
1153 88
1154 88
1155 88
1156 264
1157 264
1158 264
1159 264
1160 88
1161 88
1162 88
1163 88
1164 264
1165 264
1166 264
1167 264
1168 440
1169 440
1170 440
1171 440
1172 1320
1173 1320
1174 1320
1175 1320
1176 440
1177 440
1178 440
1179 440
1180 1320
1181 1320
1182 1320
1183 1320
1184 264
1185 264
1186 264
1187 264
1188 88
1189 88
1190 88
1191 88
1192 264
1193 264
1194 264
1195 264
1196 88
1197 88
1198 88
1199 88
1200 1320
1201 1320
1202 1320
1203 1320
1204 440
1205 440
1206 440
1207 440
1208 1320
1209 1320
1210 1320
1211 1320
1212 440
1213 440
1214 440
1215 440
1216 616
1217 616
1218 616
1219 616
1220 1848
1221 1848
1222 1848
1223 1848
1224 616
1225 616
1226 616
1227 616
1228 1848
1229 1848
1230 1848
1231 1848
1232 3080
1233 3080
1234 3080
1235 3080
1236 9240
1237 9240
1238 9240
1239 9240
1240 3080
1241 3080
1242 3080
1243 3080
1244 9240
1245 9240
1246 9240
1247 9240
1248 1848
1249 1848
1250 1848
1251 1848
1252 616
1253 616
1254 616
1255 616
1256 1848
1257 1848
1258 1848
1259 1848
1260 616
1261 616
1262 616
1263 616
1264 9240
1265 9240
1266 9240
1267 9240
1268 3080
1269 3080
1270 3080
1271 3080
1272 9240
1273 9240
1274 9240
1275 9240
1276 3080
1277 3080
1278 3080
1279 3080
1280 99
1281 99
1282 198
1283 198
1284 99
1285 99
1286 198
1287 198
1288 396
1289 396
1290 396
1291 396
1292 396
1293 396
1294 396
1295 396
1296 495
1297 495
1298 990
1299 990
1300 495
1301 495
1302 990
1303 990
1304 1980
1305 1980
1306 1980
1307 1980
1308 1980
1309 1980
1310 1980
1311 1980
1312 198
1313 198
1314 99
1315 99
1316 198
1317 198
1318 99
1319 99
1320 396
1321 396
1322 396
1323 396
1324 396
1325 396
1326 396
1327 396
1328 990
1329 990
1330 495
1331 495
1332 990
1333 990
1334 495
1335 495
1336 1980
1337 1980
1338 1980
1339 1980
1340 1980
1341 1980
1342 1980
1343 1980
1344 693
1345 693
1346 1386
1347 1386
1348 693
1349 693
1350 1386
1351 1386
1352 2772
1353 2772
1354 2772
1355 2772
1356 2772
1357 2772
1358 2772
1359 2772
1360 3465
1361 3465
1362 6930
1363 6930
1364 3465
1365 3465
1366 6930
1367 6930
1368 13860
1369 13860
1370 13860
1371 13860
1372 13860
1373 13860
1374 13860
1375 13860
1376 1386
1377 1386
1378 693
1379 693
1380 1386
1381 1386
1382 693
1383 693
1384 2772
1385 2772
1386 2772
1387 2772
1388 2772
1389 2772
1390 2772
1391 2772
1392 6930
1393 6930
1394 3465
1395 3465
1396 6930
1397 6930
1398 3465
1399 3465
1400 13860
1401 13860
1402 13860
1403 13860
1404 13860
1405 13860
1406 13860
1407 13860
1408 792
1409 792
1410 792
1411 792
1412 792
1413 792
1414 792
1415 792
1416 792
1417 792
1418 792
1419 792
1420 792
1421 792
1422 792
1423 792
1424 3960
1425 3960
1426 3960
1427 3960
1428 3960
1429 3960
1430 3960
1431 3960
1432 3960
1433 3960
1434 3960
1435 3960
1436 3960
1437 3960
1438 3960
1439 3960
1440 792
1441 792
1442 792
1443 792
1444 792
1445 792
1446 792
1447 792
1448 792
1449 792
1450 792
1451 792
1452 792
1453 792
1454 792
1455 792
1456 3960
1457 3960
1458 3960
1459 3960
1460 3960
1461 3960
1462 3960
1463 3960
1464 3960
1465 3960
1466 3960
1467 3960
1468 3960
1469 3960
1470 3960
1471 3960
1472 5544
1473 5544
1474 5544
1475 5544
1476 5544
1477 5544
1478 5544
1479 5544
1480 5544
1481 5544
1482 5544
1483 5544
1484 5544
1485 5544
1486 5544
1487 5544
1488 27720
1489 27720
1490 27720
1491 27720
1492 27720
1493 27720
1494 27720
1495 27720
1496 27720
1497 27720
1498 27720
1499 27720
1500 27720
1501 27720
1502 27720
1503 27720
1504 5544
1505 5544
1506 5544
1507 5544
1508 5544
1509 5544
1510 5544
1511 5544
1512 5544
1513 5544
1514 5544
1515 5544
1516 5544
1517 5544
1518 5544
1519 5544
1520 27720
1521 27720
1522 27720
1523 27720
1524 27720
1525 27720
1526 27720
1527 27720
1528 27720
1529 27720
1530 27720
1531 27720
1532 27720
1533 27720
1534 27720
1535 27720
1536 110
1537 110
1538 55
1539 55
1540 330
1541 330
1542 165
1543 165
1544 220
1545 220
1546 220
1547 220
1548 660
1549 660
1550 660
1551 660
1552 110
1553 110
1554 55
1555 55
1556 330
1557 330
1558 165
1559 165
1560 220
1561 220
1562 220
1563 220
1564 660
1565 660
1566 660
1567 660
1568 165
1569 165
1570 330
1571 330
1572 55
1573 55
1574 110
1575 110
1576 660
1577 660
1578 660
1579 660
1580 220
1581 220
1582 220
1583 220
1584 165
1585 165
1586 330
1587 330
1588 55
1589 55
1590 110
1591 110
1592 660
1593 660
1594 660
1595 660
1596 220
1597 220
1598 220
1599 220
1600 770
1601 770
1602 385
1603 385
1604 2310
1605 2310
1606 1155
1607 1155
1608 1540
1609 1540
1610 1540
1611 1540
1612 4620
1613 4620
1614 4620
1615 4620
1616 770
1617 770
1618 385
1619 385
1620 2310
1621 2310
1622 1155
1623 1155
1624 1540
1625 1540
1626 1540
1627 1540
1628 4620
1629 4620
1630 4620
1631 4620
1632 1155
1633 1155
1634 2310
1635 2310
1636 385
1637 385
1638 770
1639 770
1640 4620
1641 4620
1642 4620
1643 4620
1644 1540
1645 1540
1646 1540
1647 1540
1648 1155
1649 1155
1650 2310
1651 2310
1652 385
1653 385
1654 770
1655 770
1656 4620
1657 4620
1658 4620
1659 4620
1660 1540
1661 1540
1662 1540
1663 1540
1664 440
1665 440
1666 440
1667 440
1668 1320
1669 1320
1670 1320
1671 1320
1672 440
1673 440
1674 440
1675 440
1676 1320
1677 1320
1678 1320
1679 1320
1680 440
1681 440
1682 440
1683 440
1684 1320
1685 1320
1686 1320
1687 1320
1688 440
1689 440
1690 440
1691 440
1692 1320
1693 1320
1694 1320
1695 1320
1696 1320
1697 1320
1698 1320
1699 1320
1700 440
1701 440
1702 440
1703 440
1704 1320
1705 1320
1706 1320
1707 1320
1708 440
1709 440
1710 440
1711 440
1712 1320
1713 1320
1714 1320
1715 1320
1716 440
1717 440
1718 440
1719 440
1720 1320
1721 1320
1722 1320
1723 1320
1724 440
1725 440
1726 440
1727 440
1728 3080
1729 3080
1730 3080
1731 3080
1732 9240
1733 9240
1734 9240
1735 9240
1736 3080
1737 3080
1738 3080
1739 3080
1740 9240
1741 9240
1742 9240
1743 9240
1744 3080
1745 3080
1746 3080
1747 3080
1748 9240
1749 9240
1750 9240
1751 9240
1752 3080
1753 3080
1754 3080
1755 3080
1756 9240
1757 9240
1758 9240
1759 9240
1760 9240
1761 9240
1762 9240
1763 9240
1764 3080
1765 3080
1766 3080
1767 3080
1768 9240
1769 9240
1770 9240
1771 9240
1772 3080
1773 3080
1774 3080
1775 3080
1776 9240
1777 9240
1778 9240
1779 9240
1780 3080
1781 3080
1782 3080
1783 3080
1784 9240
1785 9240
1786 9240
1787 9240
1788 3080
1789 3080
1790 3080
1791 3080
1792 990
1793 990
1794 495
1795 495
1796 990
1797 990
1798 495
1799 495
1800 1980
1801 1980
1802 1980
1803 1980
1804 1980
1805 1980
1806 1980
1807 1980
1808 990
1809 990
1810 495
1811 495
1812 990
1813 990
1814 495
1815 495
1816 1980
1817 1980
1818 1980
1819 1980
1820 1980
1821 1980
1822 1980
1823 1980
1824 495
1825 495
1826 990
1827 990
1828 495
1829 495
1830 990
1831 990
1832 1980
1833 1980
1834 1980
1835 1980
1836 1980
1837 1980
1838 1980
1839 1980
1840 495
1841 495
1842 990
1843 990
1844 495
1845 495
1846 990
1847 990
1848 1980
1849 1980
1850 1980
1851 1980
1852 1980
1853 1980
1854 1980
1855 1980
1856 6930
1857 6930
1858 3465
1859 3465
1860 6930
1861 6930
1862 3465
1863 3465
1864 13860
1865 13860
1866 13860
1867 13860
1868 13860
1869 13860
1870 13860
1871 13860
1872 6930
1873 6930
1874 3465
1875 3465
1876 6930
1877 6930
1878 3465
1879 3465
1880 13860
1881 13860
1882 13860
1883 13860
1884 13860
1885 13860
1886 13860
1887 13860
1888 3465
1889 3465
1890 6930
1891 6930
1892 3465
1893 3465
1894 6930
1895 6930
1896 13860
1897 13860
1898 13860
1899 13860
1900 13860
1901 13860
1902 13860
1903 13860
1904 3465
1905 3465
1906 6930
1907 6930
1908 3465
1909 3465
1910 6930
1911 6930
1912 13860
1913 13860
1914 13860
1915 13860
1916 13860
1917 13860
1918 13860
1919 13860
1920 3960
1921 3960
1922 3960
1923 3960
1924 3960
1925 3960
1926 3960
1927 3960
1928 3960
1929 3960
1930 3960
1931 3960
1932 3960
1933 3960
1934 3960
1935 3960
1936 3960
1937 3960
1938 3960
1939 3960
1940 3960
1941 3960
1942 3960
1943 3960
1944 3960
1945 3960
1946 3960
1947 3960
1948 3960
1949 3960
1950 3960
1951 3960
1952 3960
1953 3960
1954 3960
1955 3960
1956 3960
1957 3960
1958 3960
1959 3960
1960 3960
1961 3960
1962 3960
1963 3960
1964 3960
1965 3960
1966 3960
1967 3960
1968 3960
1969 3960
1970 3960
1971 3960
1972 3960
1973 3960
1974 3960
1975 3960
1976 3960
1977 3960
1978 3960
1979 3960
1980 3960
1981 3960
1982 3960
1983 3960
1984 27720
1985 27720
1986 27720
1987 27720
1988 27720
1989 27720
1990 27720
1991 27720
1992 27720
1993 27720
1994 27720
1995 27720
1996 27720
1997 27720
1998 27720
1999 27720
2000 27720
2001 27720
2002 27720
2003 27720
2004 27720
2005 27720
2006 27720
2007 27720
2008 27720
2009 27720
2010 27720
2011 27720
2012 27720
2013 27720
2014 27720
2015 27720
2016 27720
2017 27720
2018 27720
2019 27720
2020 27720
2021 27720
2022 27720
2023 27720
2024 27720
2025 27720
2026 27720
2027 27720
2028 27720
2029 27720
2030 27720
2031 27720
2032 27720
2033 27720
2034 27720
2035 27720
2036 27720
2037 27720
2038 27720
2039 27720
2040 27720
2041 27720
2042 27720
2043 27720
2044 27720
2045 27720
2046 27720
2047 27720
2048 12
2049 12
2050 12
2051 12
2052 12
2053 12
2054 12
2055 12
2056 3
2057 3
2058 6
2059 6
2060 3
2061 3
2062 6
2063 6
2064 60
2065 60
2066 60
2067 60
2068 60
2069 60
2070 60
2071 60
2072 15
2073 15
2074 30
2075 30
2076 15
2077 15
2078 30
2079 30
2080 4
2081 4
2082 4
2083 4
2084 12
2085 12
2086 12
2087 12
2088 2
2089 2
2090 1
2091 1
2092 6
2093 6
2094 3
2095 3
2096 20
2097 20
2098 20
2099 20
2100 60
2101 60
2102 60
2103 60
2104 10
2105 10
2106 5
2107 5
2108 30
2109 30
2110 15
2111 15
2112 84
2113 84
2114 84
2115 84
2116 84
2117 84
2118 84
2119 84
2120 21
2121 21
2122 42
2123 42
2124 21
2125 21
2126 42
2127 42
2128 420
2129 420
2130 420
2131 420
2132 420
2133 420
2134 420
2135 420
2136 105
2137 105
2138 210
2139 210
2140 105
2141 105
2142 210
2143 210
2144 28
2145 28
2146 28
2147 28
2148 84
2149 84
2150 84
2151 84
2152 14
2153 14
2154 7
2155 7
2156 42
2157 42
2158 21
2159 21
2160 140
2161 140
2162 140
2163 140
2164 420
2165 420
2166 420
2167 420
2168 70
2169 70
2170 35
2171 35
2172 210
2173 210
2174 105
2175 105
2176 24
2177 24
2178 24
2179 24
2180 24
2181 24
2182 24
2183 24
2184 24
2185 24
2186 24
2187 24
2188 24
2189 24
2190 24
2191 24
2192 120
2193 120
2194 120
2195 120
2196 120
2197 120
2198 120
2199 120
2200 120
2201 120
2202 120
2203 120
2204 120
2205 120
2206 120
2207 120
2208 8
2209 8
2210 8
2211 8
2212 24
2213 24
2214 24
2215 24
2216 8
2217 8
2218 8
2219 8
2220 24
2221 24
2222 24
2223 24
2224 40
2225 40
2226 40
2227 40
2228 120
2229 120
2230 120
2231 120
2232 40
2233 40
2234 40
2235 40
2236 120
2237 120
2238 120
2239 120
2240 168
2241 168
2242 168
2243 168
2244 168
2245 168
2246 168
2247 168
2248 168
2249 168
2250 168
2251 168
2252 168
2253 168
2254 168
2255 168
2256 840
2257 840
2258 840
2259 840
2260 840
2261 840
2262 840
2263 840
2264 840
2265 840
2266 840
2267 840
2268 840
2269 840
2270 840
2271 840
2272 56
2273 56
2274 56
2275 56
2276 168
2277 168
2278 168
2279 168
2280 56
2281 56
2282 56
2283 56
2284 168
2285 168
2286 168
2287 168
2288 280
2289 280
2290 280
2291 280
2292 840
2293 840
2294 840
2295 840
2296 280
2297 280
2298 280
2299 280
2300 840
2301 840
2302 840
2303 840
2304 36
2305 36
2306 36
2307 36
2308 36
2309 36
2310 36
2311 36
2312 9
2313 9
2314 18
2315 18
2316 9
2317 9
2318 18
2319 18
2320 180
2321 180
2322 180
2323 180
2324 180
2325 180
2326 180
2327 180
2328 45
2329 45
2330 90
2331 90
2332 45
2333 45
2334 90
2335 90
2336 36
2337 36
2338 36
2339 36
2340 36
2341 36
2342 36
2343 36
2344 18
2345 18
2346 9
2347 9
2348 18
2349 18
2350 9
2351 9
2352 180
2353 180
2354 180
2355 180
2356 180
2357 180
2358 180
2359 180
2360 90
2361 90
2362 45
2363 45
2364 90
2365 90
2366 45
2367 45
2368 252
2369 252
2370 252
2371 252
2372 252
2373 252
2374 252
2375 252
2376 63
2377 63
2378 126
2379 126
2380 63
2381 63
2382 126
2383 126
2384 1260
2385 1260
2386 1260
2387 1260
2388 1260
2389 1260
2390 1260
2391 1260
2392 315
2393 315
2394 630
2395 630
2396 315
2397 315
2398 630
2399 630
2400 252
2401 252
2402 252
2403 252
2404 252
2405 252
2406 252
2407 252
2408 126
2409 126
2410 63
2411 63
2412 126
2413 126
2414 63
2415 63
2416 1260
2417 1260
2418 1260
2419 1260
2420 1260
2421 1260
2422 1260
2423 1260
2424 630
2425 630
2426 315
2427 315
2428 630
2429 630
2430 315
2431 315
2432 72
2433 72
2434 72
2435 72
2436 72
2437 72
2438 72
2439 72
2440 72
2441 72
2442 72
2443 72
2444 72
2445 72
2446 72
2447 72
2448 360
2449 360
2450 360
2451 360
2452 360
2453 360
2454 360
2455 360
2456 360
2457 360
2458 360
2459 360
2460 360
2461 360
2462 360
2463 360
2464 72
2465 72
2466 72
2467 72
2468 72
2469 72
2470 72
2471 72
2472 72
2473 72
2474 72
2475 72
2476 72
2477 72
2478 72
2479 72
2480 360
2481 360
2482 360
2483 360
2484 360
2485 360
2486 360
2487 360
2488 360
2489 360
2490 360
2491 360
2492 360
2493 360
2494 360
2495 360
2496 504
2497 504
2498 504
2499 504
2500 504
2501 504
2502 504
2503 504
2504 504
2505 504
2506 504
2507 504
2508 504
2509 504
2510 504
2511 504
2512 2520
2513 2520
2514 2520
2515 2520
2516 2520
2517 2520
2518 2520
2519 2520
2520 2520
2521 2520
2522 2520
2523 2520
2524 2520
2525 2520
2526 2520
2527 2520
2528 504
2529 504
2530 504
2531 504
2532 504
2533 504
2534 504
2535 504
2536 504
2537 504
2538 504
2539 504
2540 504
2541 504
2542 504
2543 504
2544 2520
2545 2520
2546 2520
2547 2520
2548 2520
2549 2520
2550 2520
2551 2520
2552 2520
2553 2520
2554 2520
2555 2520
2556 2520
2557 2520
2558 2520
2559 2520
2560 60
2561 60
2562 60
2563 60
2564 60
2565 60
2566 60
2567 60
2568 30
2569 30
2570 15
2571 15
2572 30
2573 30
2574 15
2575 15
2576 60
2577 60
2578 60
2579 60
2580 60
2581 60
2582 60
2583 60
2584 30
2585 30
2586 15
2587 15
2588 30
2589 30
2590 15
2591 15
2592 20
2593 20
2594 20
2595 20
2596 60
2597 60
2598 60
2599 60
2600 5
2601 5
2602 10
2603 10
2604 15
2605 15
2606 30
2607 30
2608 20
2609 20
2610 20
2611 20
2612 60
2613 60
2614 60
2615 60
2616 5
2617 5
2618 10
2619 10
2620 15
2621 15
2622 30
2623 30
2624 420
2625 420
2626 420
2627 420
2628 420
2629 420
2630 420
2631 420
2632 210
2633 210
2634 105
2635 105
2636 210
2637 210
2638 105
2639 105
2640 420
2641 420
2642 420
2643 420
2644 420
2645 420
2646 420
2647 420
2648 210
2649 210
2650 105
2651 105
2652 210
2653 210
2654 105
2655 105
2656 140
2657 140
2658 140
2659 140
2660 420
2661 420
2662 420
2663 420
2664 35
2665 35
2666 70
2667 70
2668 105
2669 105
2670 210
2671 210
2672 140
2673 140
2674 140
2675 140
2676 420
2677 420
2678 420
2679 420
2680 35
2681 35
2682 70
2683 70
2684 105
2685 105
2686 210
2687 210
2688 120
2689 120
2690 120
2691 120
2692 120
2693 120
2694 120
2695 120
2696 120
2697 120
2698 120
2699 120
2700 120
2701 120
2702 120
2703 120
2704 120
2705 120
2706 120
2707 120
2708 120
2709 120
2710 120
2711 120
2712 120
2713 120
2714 120
2715 120
2716 120
2717 120
2718 120
2719 120
2720 40
2721 40
2722 40
2723 40
2724 120
2725 120
2726 120
2727 120
2728 40
2729 40
2730 40
2731 40
2732 120
2733 120
2734 120
2735 120
2736 40
2737 40
2738 40
2739 40
2740 120
2741 120
2742 120
2743 120
2744 40
2745 40
2746 40
2747 40
2748 120
2749 120
2750 120
2751 120
2752 840
2753 840
2754 840
2755 840
2756 840
2757 840
2758 840
2759 840
2760 840
2761 840
2762 840
2763 840
2764 840
2765 840
2766 840
2767 840
2768 840
2769 840
2770 840
2771 840
2772 840
2773 840
2774 840
2775 840
2776 840
2777 840
2778 840
2779 840
2780 840
2781 840
2782 840
2783 840
2784 280
2785 280
2786 280
2787 280
2788 840
2789 840
2790 840
2791 840
2792 280
2793 280
2794 280
2795 280
2796 840
2797 840
2798 840
2799 840
2800 280
2801 280
2802 280
2803 280
2804 840
2805 840
2806 840
2807 840
2808 280
2809 280
2810 280
2811 280
2812 840
2813 840
2814 840
2815 840
2816 180
2817 180
2818 180
2819 180
2820 180
2821 180
2822 180
2823 180
2824 90
2825 90
2826 45
2827 45
2828 90
2829 90
2830 45
2831 45
2832 180
2833 180
2834 180
2835 180
2836 180
2837 180
2838 180
2839 180
2840 90
2841 90
2842 45
2843 45
2844 90
2845 90
2846 45
2847 45
2848 180
2849 180
2850 180
2851 180
2852 180
2853 180
2854 180
2855 180
2856 45
2857 45
2858 90
2859 90
2860 45
2861 45
2862 90
2863 90
2864 180
2865 180
2866 180
2867 180
2868 180
2869 180
2870 180
2871 180
2872 45
2873 45
2874 90
2875 90
2876 45
2877 45
2878 90
2879 90
2880 1260
2881 1260
2882 1260
2883 1260
2884 1260
2885 1260
2886 1260
2887 1260
2888 630
2889 630
2890 315
2891 315
2892 630
2893 630
2894 315
2895 315
2896 1260
2897 1260
2898 1260
2899 1260
2900 1260
2901 1260
2902 1260
2903 1260
2904 630
2905 630
2906 315
2907 315
2908 630
2909 630
2910 315
2911 315
2912 1260
2913 1260
2914 1260
2915 1260
2916 1260
2917 1260
2918 1260
2919 1260
2920 315
2921 315
2922 630
2923 630
2924 315
2925 315
2926 630
2927 630
2928 1260
2929 1260
2930 1260
2931 1260
2932 1260
2933 1260
2934 1260
2935 1260
2936 315
2937 315
2938 630
2939 630
2940 315
2941 315
2942 630
2943 630
2944 360
2945 360
2946 360
2947 360
2948 360
2949 360
2950 360
2951 360
2952 360
2953 360
2954 360
2955 360
2956 360
2957 360
2958 360
2959 360
2960 360
2961 360
2962 360
2963 360
2964 360
2965 360
2966 360
2967 360
2968 360
2969 360
2970 360
2971 360
2972 360
2973 360
2974 360
2975 360
2976 360
2977 360
2978 360
2979 360
2980 360
2981 360
2982 360
2983 360
2984 360
2985 360
2986 360
2987 360
2988 360
2989 360
2990 360
2991 360
2992 360
2993 360
2994 360
2995 360
2996 360
2997 360
2998 360
2999 360
3000 360
3001 360
3002 360
3003 360
3004 360
3005 360
3006 360
3007 360
3008 2520
3009 2520
3010 2520
3011 2520
3012 2520
3013 2520
3014 2520
3015 2520
3016 2520
3017 2520
3018 2520
3019 2520
3020 2520
3021 2520
3022 2520
3023 2520
3024 2520
3025 2520
3026 2520
3027 2520
3028 2520
3029 2520
3030 2520
3031 2520
3032 2520
3033 2520
3034 2520
3035 2520
3036 2520
3037 2520
3038 2520
3039 2520
3040 2520
3041 2520
3042 2520
3043 2520
3044 2520
3045 2520
3046 2520
3047 2520
3048 2520
3049 2520
3050 2520
3051 2520
3052 2520
3053 2520
3054 2520
3055 2520
3056 2520
3057 2520
3058 2520
3059 2520
3060 2520
3061 2520
3062 2520
3063 2520
3064 2520
3065 2520
3066 2520
3067 2520
3068 2520
3069 2520
3070 2520
3071 2520
3072 132
3073 132
3074 132
3075 132
3076 132
3077 132
3078 132
3079 132
3080 33
3081 33
3082 66
3083 66
3084 33
3085 33
3086 66
3087 66
3088 660
3089 660
3090 660
3091 660
3092 660
3093 660
3094 660
3095 660
3096 165
3097 165
3098 330
3099 330
3100 165
3101 165
3102 330
3103 330
3104 44
3105 44
3106 44
3107 44
3108 132
3109 132
3110 132
3111 132
3112 22
3113 22
3114 11
3115 11
3116 66
3117 66
3118 33
3119 33
3120 220
3121 220
3122 220
3123 220
3124 660
3125 660
3126 660
3127 660
3128 110
3129 110
3130 55
3131 55
3132 330
3133 330
3134 165
3135 165
3136 924
3137 924
3138 924
3139 924
3140 924
3141 924
3142 924
3143 924
3144 231
3145 231
3146 462
3147 462
3148 231
3149 231
3150 462
3151 462
3152 4620
3153 4620
3154 4620
3155 4620
3156 4620
3157 4620
3158 4620
3159 4620
3160 1155
3161 1155
3162 2310
3163 2310
3164 1155
3165 1155
3166 2310
3167 2310
3168 308
3169 308
3170 308
3171 308
3172 924
3173 924
3174 924
3175 924
3176 154
3177 154
3178 77
3179 77
3180 462
3181 462
3182 231
3183 231
3184 1540
3185 1540
3186 1540
3187 1540
3188 4620
3189 4620
3190 4620
3191 4620
3192 770
3193 770
3194 385
3195 385
3196 2310
3197 2310
3198 1155
3199 1155
3200 264
3201 264
3202 264
3203 264
3204 264
3205 264
3206 264
3207 264
3208 264
3209 264
3210 264
3211 264
3212 264
3213 264
3214 264
3215 264
3216 1320
3217 1320
3218 1320
3219 1320
3220 1320
3221 1320
3222 1320
3223 1320
3224 1320
3225 1320
3226 1320
3227 1320
3228 1320
3229 1320
3230 1320
3231 1320
3232 88
3233 88
3234 88
3235 88
3236 264
3237 264
3238 264
3239 264
3240 88
3241 88
3242 88
3243 88
3244 264
3245 264
3246 264
3247 264
3248 440
3249 440
3250 440
3251 440
3252 1320
3253 1320
3254 1320
3255 1320
3256 440
3257 440
3258 440
3259 440
3260 1320
3261 1320
3262 1320
3263 1320
3264 1848
3265 1848
3266 1848
3267 1848
3268 1848
3269 1848
3270 1848
3271 1848
3272 1848
3273 1848
3274 1848
3275 1848
3276 1848
3277 1848
3278 1848
3279 1848
3280 9240
3281 9240
3282 9240
3283 9240
3284 9240
3285 9240
3286 9240
3287 9240
3288 9240
3289 9240
3290 9240
3291 9240
3292 9240
3293 9240
3294 9240
3295 9240
3296 616
3297 616
3298 616
3299 616
3300 1848
3301 1848
3302 1848
3303 1848
3304 616
3305 616
3306 616
3307 616
3308 1848
3309 1848
3310 1848
3311 1848
3312 3080
3313 3080
3314 3080
3315 3080
3316 9240
3317 9240
3318 9240
3319 9240
3320 3080
3321 3080
3322 3080
3323 3080
3324 9240
3325 9240
3326 9240
3327 9240
3328 396
3329 396
3330 396
3331 396
3332 396
3333 396
3334 396
3335 396
3336 99
3337 99
3338 198
3339 198
3340 99
3341 99
3342 198
3343 198
3344 1980
3345 1980
3346 1980
3347 1980
3348 1980
3349 1980
3350 1980
3351 1980
3352 495
3353 495
3354 990
3355 990
3356 495
3357 495
3358 990
3359 990
3360 396
3361 396
3362 396
3363 396
3364 396
3365 396
3366 396
3367 396
3368 198
3369 198
3370 99
3371 99
3372 198
3373 198
3374 99
3375 99
3376 1980
3377 1980
3378 1980
3379 1980
3380 1980
3381 1980
3382 1980
3383 1980
3384 990
3385 990
3386 495
3387 495
3388 990
3389 990
3390 495
3391 495
3392 2772
3393 2772
3394 2772
3395 2772
3396 2772
3397 2772
3398 2772
3399 2772
3400 693
3401 693
3402 1386
3403 1386
3404 693
3405 693
3406 1386
3407 1386
3408 13860
3409 13860
3410 13860
3411 13860
3412 13860
3413 13860
3414 13860
3415 13860
3416 3465
3417 3465
3418 6930
3419 6930
3420 3465
3421 3465
3422 6930
3423 6930
3424 2772
3425 2772
3426 2772
3427 2772
3428 2772
3429 2772
3430 2772
3431 2772
3432 1386
3433 1386
3434 693
3435 693
3436 1386
3437 1386
3438 693
3439 693
3440 13860
3441 13860
3442 13860
3443 13860
3444 13860
3445 13860
3446 13860
3447 13860
3448 6930
3449 6930
3450 3465
3451 3465
3452 6930
3453 6930
3454 3465
3455 3465
3456 792
3457 792
3458 792
3459 792
3460 792
3461 792
3462 792
3463 792
3464 792
3465 792
3466 792
3467 792
3468 792
3469 792
3470 792
3471 792
3472 3960
3473 3960
3474 3960
3475 3960
3476 3960
3477 3960
3478 3960
3479 3960
3480 3960
3481 3960
3482 3960
3483 3960
3484 3960
3485 3960
3486 3960
3487 3960
3488 792
3489 792
3490 792
3491 792
3492 792
3493 792
3494 792
3495 792
3496 792
3497 792
3498 792
3499 792
3500 792
3501 792
3502 792
3503 792
3504 3960
3505 3960
3506 3960
3507 3960
3508 3960
3509 3960
3510 3960
3511 3960
3512 3960
3513 3960
3514 3960
3515 3960
3516 3960
3517 3960
3518 3960
3519 3960
3520 5544
3521 5544
3522 5544
3523 5544
3524 5544
3525 5544
3526 5544
3527 5544
3528 5544
3529 5544
3530 5544
3531 5544
3532 5544
3533 5544
3534 5544
3535 5544
3536 27720
3537 27720
3538 27720
3539 27720
3540 27720
3541 27720
3542 27720
3543 27720
3544 27720
3545 27720
3546 27720
3547 27720
3548 27720
3549 27720
3550 27720
3551 27720
3552 5544
3553 5544
3554 5544
3555 5544
3556 5544
3557 5544
3558 5544
3559 5544
3560 5544
3561 5544
3562 5544
3563 5544
3564 5544
3565 5544
3566 5544
3567 5544
3568 27720
3569 27720
3570 27720
3571 27720
3572 27720
3573 27720
3574 27720
3575 27720
3576 27720
3577 27720
3578 27720
3579 27720
3580 27720
3581 27720
3582 27720
3583 27720
3584 660
3585 660
3586 660
3587 660
3588 660
3589 660
3590 660
3591 660
3592 330
3593 330
3594 165
3595 165
3596 330
3597 330
3598 165
3599 165
3600 660
3601 660
3602 660
3603 660
3604 660
3605 660
3606 660
3607 660
3608 330
3609 330
3610 165
3611 165
3612 330
3613 330
3614 165
3615 165
3616 220
3617 220
3618 220
3619 220
3620 660
3621 660
3622 660
3623 660
3624 55
3625 55
3626 110
3627 110
3628 165
3629 165
3630 330
3631 330
3632 220
3633 220
3634 220
3635 220
3636 660
3637 660
3638 660
3639 660
3640 55
3641 55
3642 110
3643 110
3644 165
3645 165
3646 330
3647 330
3648 4620
3649 4620
3650 4620
3651 4620
3652 4620
3653 4620
3654 4620
3655 4620
3656 2310
3657 2310
3658 1155
3659 1155
3660 2310
3661 2310
3662 1155
3663 1155
3664 4620
3665 4620
3666 4620
3667 4620
3668 4620
3669 4620
3670 4620
3671 4620
3672 2310
3673 2310
3674 1155
3675 1155
3676 2310
3677 2310
3678 1155
3679 1155
3680 1540
3681 1540
3682 1540
3683 1540
3684 4620
3685 4620
3686 4620
3687 4620
3688 385
3689 385
3690 770
3691 770
3692 1155
3693 1155
3694 2310
3695 2310
3696 1540
3697 1540
3698 1540
3699 1540
3700 4620
3701 4620
3702 4620
3703 4620
3704 385
3705 385
3706 770
3707 770
3708 1155
3709 1155
3710 2310
3711 2310
3712 1320
3713 1320
3714 1320
3715 1320
3716 1320
3717 1320
3718 1320
3719 1320
3720 1320
3721 1320
3722 1320
3723 1320
3724 1320
3725 1320
3726 1320
3727 1320
3728 1320
3729 1320
3730 1320
3731 1320
3732 1320
3733 1320
3734 1320
3735 1320
3736 1320
3737 1320
3738 1320
3739 1320
3740 1320
3741 1320
3742 1320
3743 1320
3744 440
3745 440
3746 440
3747 440
3748 1320
3749 1320
3750 1320
3751 1320
3752 440
3753 440
3754 440
3755 440
3756 1320
3757 1320
3758 1320
3759 1320
3760 440
3761 440
3762 440
3763 440
3764 1320
3765 1320
3766 1320
3767 1320
3768 440
3769 440
3770 440
3771 440
3772 1320
3773 1320
3774 1320
3775 1320
3776 9240
3777 9240
3778 9240
3779 9240
3780 9240
3781 9240
3782 9240
3783 9240
3784 9240
3785 9240
3786 9240
3787 9240
3788 9240
3789 9240
3790 9240
3791 9240
3792 9240
3793 9240
3794 9240
3795 9240
3796 9240
3797 9240
3798 9240
3799 9240
3800 9240
3801 9240
3802 9240
3803 9240
3804 9240
3805 9240
3806 9240
3807 9240
3808 3080
3809 3080
3810 3080
3811 3080
3812 9240
3813 9240
3814 9240
3815 9240
3816 3080
3817 3080
3818 3080
3819 3080
3820 9240
3821 9240
3822 9240
3823 9240
3824 3080
3825 3080
3826 3080
3827 3080
3828 9240
3829 9240
3830 9240
3831 9240
3832 3080
3833 3080
3834 3080
3835 3080
3836 9240
3837 9240
3838 9240
3839 9240
3840 1980
3841 1980
3842 1980
3843 1980
3844 1980
3845 1980
3846 1980
3847 1980
3848 990
3849 990
3850 495
3851 495
3852 990
3853 990
3854 495
3855 495
3856 1980
3857 1980
3858 1980
3859 1980
3860 1980
3861 1980
3862 1980
3863 1980
3864 990
3865 990
3866 495
3867 495
3868 990
3869 990
3870 495
3871 495
3872 1980
3873 1980
3874 1980
3875 1980
3876 1980
3877 1980
3878 1980
3879 1980
3880 495
3881 495
3882 990
3883 990
3884 495
3885 495
3886 990
3887 990
3888 1980
3889 1980
3890 1980
3891 1980
3892 1980
3893 1980
3894 1980
3895 1980
3896 495
3897 495
3898 990
3899 990
3900 495
3901 495
3902 990
3903 990
3904 13860
3905 13860
3906 13860
3907 13860
3908 13860
3909 13860
3910 13860
3911 13860
3912 6930
3913 6930
3914 3465
3915 3465
3916 6930
3917 6930
3918 3465
3919 3465
3920 13860
3921 13860
3922 13860
3923 13860
3924 13860
3925 13860
3926 13860
3927 13860
3928 6930
3929 6930
3930 3465
3931 3465
3932 6930
3933 6930
3934 3465
3935 3465
3936 13860
3937 13860
3938 13860
3939 13860
3940 13860
3941 13860
3942 13860
3943 13860
3944 3465
3945 3465
3946 6930
3947 6930
3948 3465
3949 3465
3950 6930
3951 6930
3952 13860
3953 13860
3954 13860
3955 13860
3956 13860
3957 13860
3958 13860
3959 13860
3960 3465
3961 3465
3962 6930
3963 6930
3964 3465
3965 3465
3966 6930
3967 6930
3968 3960
3969 3960
3970 3960
3971 3960
3972 3960
3973 3960
3974 3960
3975 3960
3976 3960
3977 3960
3978 3960
3979 3960
3980 3960
3981 3960
3982 3960
3983 3960
3984 3960
3985 3960
3986 3960
3987 3960
3988 3960
3989 3960
3990 3960
3991 3960
3992 3960
3993 3960
3994 3960
3995 3960
3996 3960
3997 3960
3998 3960
3999 3960
4000 3960
4001 3960
4002 3960
4003 3960
4004 3960
4005 3960
4006 3960
4007 3960
4008 3960
4009 3960
4010 3960
4011 3960
4012 3960
4013 3960
4014 3960
4015 3960
4016 3960
4017 3960
4018 3960
4019 3960
4020 3960
4021 3960
4022 3960
4023 3960
4024 3960
4025 3960
4026 3960
4027 3960
4028 3960
4029 3960
4030 3960
4031 3960
4032 27720
4033 27720
4034 27720
4035 27720
4036 27720
4037 27720
4038 27720
4039 27720
4040 27720
4041 27720
4042 27720
4043 27720
4044 27720
4045 27720
4046 27720
4047 27720
4048 27720
4049 27720
4050 27720
4051 27720
4052 27720
4053 27720
4054 27720
4055 27720
4056 27720
4057 27720
4058 27720
4059 27720
4060 27720
4061 27720
4062 27720
4063 27720
4064 27720
4065 27720
4066 27720
4067 27720
4068 27720
4069 27720
4070 27720
4071 27720
4072 27720
4073 27720
4074 27720
4075 27720
4076 27720
4077 27720
4078 27720
4079 27720
4080 27720
4081 27720
4082 27720
4083 27720
4084 27720
4085 27720
4086 27720
4087 27720
4088 27720
4089 27720
4090 27720
4091 27720
4092 27720
4093 27720
4094 27720
4095 27720
4096 13
4097 13
4098 26
4099 26
4100 39
4101 39
4102 78
4103 78
4104 52
4105 52
4106 52
4107 52
4108 156
4109 156
4110 156
4111 156
4112 65
4113 65
4114 130
4115 130
4116 195
4117 195
4118 390
4119 390
4120 260
4121 260
4122 260
4123 260
4124 780
4125 780
4126 780
4127 780
4128 78
4129 78
4130 39
4131 39
4132 26
4133 26
4134 13
4135 13
4136 156
4137 156
4138 156
4139 156
4140 52
4141 52
4142 52
4143 52
4144 390
4145 390
4146 195
4147 195
4148 130
4149 130
4150 65
4151 65
4152 780
4153 780
4154 780
4155 780
4156 260
4157 260
4158 260
4159 260
4160 91
4161 91
4162 182
4163 182
4164 273
4165 273
4166 546
4167 546
4168 364
4169 364
4170 364
4171 364
4172 1092
4173 1092
4174 1092
4175 1092
4176 455
4177 455
4178 910
4179 910
4180 1365
4181 1365
4182 2730
4183 2730
4184 1820
4185 1820
4186 1820
4187 1820
4188 5460
4189 5460
4190 5460
4191 5460
4192 546
4193 546
4194 273
4195 273
4196 182
4197 182
4198 91
4199 91
4200 1092
4201 1092
4202 1092
4203 1092
4204 364
4205 364
4206 364
4207 364
4208 2730
4209 2730
4210 1365
4211 1365
4212 910
4213 910
4214 455
4215 455
4216 5460
4217 5460
4218 5460
4219 5460
4220 1820
4221 1820
4222 1820
4223 1820
4224 104
4225 104
4226 104
4227 104
4228 312
4229 312
4230 312
4231 312
4232 104
4233 104
4234 104
4235 104
4236 312
4237 312
4238 312
4239 312
4240 520
4241 520
4242 520
4243 520
4244 1560
4245 1560
4246 1560
4247 1560
4248 520
4249 520
4250 520
4251 520
4252 1560
4253 1560
4254 1560
4255 1560
4256 312
4257 312
4258 312
4259 312
4260 104
4261 104
4262 104
4263 104
4264 312
4265 312
4266 312
4267 312
4268 104
4269 104
4270 104
4271 104
4272 1560
4273 1560
4274 1560
4275 1560
4276 520
4277 520
4278 520
4279 520
4280 1560
4281 1560
4282 1560
4283 1560
4284 520
4285 520
4286 520
4287 520
4288 728
4289 728
4290 728
4291 728
4292 2184
4293 2184
4294 2184
4295 2184
4296 728
4297 728
4298 728
4299 728
4300 2184
4301 2184
4302 2184
4303 2184
4304 3640
4305 3640
4306 3640
4307 3640
4308 10920
4309 10920
4310 10920
4311 10920
4312 3640
4313 3640
4314 3640
4315 3640
4316 10920
4317 10920
4318 10920
4319 10920
4320 2184
4321 2184
4322 2184
4323 2184
4324 728
4325 728
4326 728
4327 728
4328 2184
4329 2184
4330 2184
4331 2184
4332 728
4333 728
4334 728
4335 728
4336 10920
4337 10920
4338 10920
4339 10920
4340 3640
4341 3640
4342 3640
4343 3640
4344 10920
4345 10920
4346 10920
4347 10920
4348 3640
4349 3640
4350 3640
4351 3640
4352 117
4353 117
4354 234
4355 234
4356 117
4357 117
4358 234
4359 234
4360 468
4361 468
4362 468
4363 468
4364 468
4365 468
4366 468
4367 468
4368 585
4369 585
4370 1170
4371 1170
4372 585
4373 585
4374 1170
4375 1170
4376 2340
4377 2340
4378 2340
4379 2340
4380 2340
4381 2340
4382 2340
4383 2340
4384 234
4385 234
4386 117
4387 117
4388 234
4389 234
4390 117
4391 117
4392 468
4393 468
4394 468
4395 468
4396 468
4397 468
4398 468
4399 468
4400 1170
4401 1170
4402 585
4403 585
4404 1170
4405 1170
4406 585
4407 585
4408 2340
4409 2340
4410 2340
4411 2340
4412 2340
4413 2340
4414 2340
4415 2340
4416 819
4417 819
4418 1638
4419 1638
4420 819
4421 819
4422 1638
4423 1638
4424 3276
4425 3276
4426 3276
4427 3276
4428 3276
4429 3276
4430 3276
4431 3276
4432 4095
4433 4095
4434 8190
4435 8190
4436 4095
4437 4095
4438 8190
4439 8190
4440 16380
4441 16380
4442 16380
4443 16380
4444 16380
4445 16380
4446 16380
4447 16380
4448 1638
4449 1638
4450 819
4451 819
4452 1638
4453 1638
4454 819
4455 819
4456 3276
4457 3276
4458 3276
4459 3276
4460 3276
4461 3276
4462 3276
4463 3276
4464 8190
4465 8190
4466 4095
4467 4095
4468 8190
4469 8190
4470 4095
4471 4095
4472 16380
4473 16380
4474 16380
4475 16380
4476 16380
4477 16380
4478 16380
4479 16380
4480 936
4481 936
4482 936
4483 936
4484 936
4485 936
4486 936
4487 936
4488 936
4489 936
4490 936
4491 936
4492 936
4493 936
4494 936
4495 936
4496 4680
4497 4680
4498 4680
4499 4680
4500 4680
4501 4680
4502 4680
4503 4680
4504 4680
4505 4680
4506 4680
4507 4680
4508 4680
4509 4680
4510 4680
4511 4680
4512 936
4513 936
4514 936
4515 936
4516 936
4517 936
4518 936
4519 936
4520 936
4521 936
4522 936
4523 936
4524 936
4525 936
4526 936
4527 936
4528 4680
4529 4680
4530 4680
4531 4680
4532 4680
4533 4680
4534 4680
4535 4680
4536 4680
4537 4680
4538 4680
4539 4680
4540 4680
4541 4680
4542 4680
4543 4680
4544 6552
4545 6552
4546 6552
4547 6552
4548 6552
4549 6552
4550 6552
4551 6552
4552 6552
4553 6552
4554 6552
4555 6552
4556 6552
4557 6552
4558 6552
4559 6552
4560 32760
4561 32760
4562 32760
4563 32760
4564 32760
4565 32760
4566 32760
4567 32760
4568 32760
4569 32760
4570 32760
4571 32760
4572 32760
4573 32760
4574 32760
4575 32760
4576 6552
4577 6552
4578 6552
4579 6552
4580 6552
4581 6552
4582 6552
4583 6552
4584 6552
4585 6552
4586 6552
4587 6552
4588 6552
4589 6552
4590 6552
4591 6552
4592 32760
4593 32760
4594 32760
4595 32760
4596 32760
4597 32760
4598 32760
4599 32760
4600 32760
4601 32760
4602 32760
4603 32760
4604 32760
4605 32760
4606 32760
4607 32760
4608 130
4609 130
4610 65
4611 65
4612 390
4613 390
4614 195
4615 195
4616 260
4617 260
4618 260
4619 260
4620 780
4621 780
4622 780
4623 780
4624 130
4625 130
4626 65
4627 65
4628 390
4629 390
4630 195
4631 195
4632 260
4633 260
4634 260
4635 260
4636 780
4637 780
4638 780
4639 780
4640 195
4641 195
4642 390
4643 390
4644 65
4645 65
4646 130
4647 130
4648 780
4649 780
4650 780
4651 780
4652 260
4653 260
4654 260
4655 260
4656 195
4657 195
4658 390
4659 390
4660 65
4661 65
4662 130
4663 130
4664 780
4665 780
4666 780
4667 780
4668 260
4669 260
4670 260
4671 260
4672 910
4673 910
4674 455
4675 455
4676 2730
4677 2730
4678 1365
4679 1365
4680 1820
4681 1820
4682 1820
4683 1820
4684 5460
4685 5460
4686 5460
4687 5460
4688 910
4689 910
4690 455
4691 455
4692 2730
4693 2730
4694 1365
4695 1365
4696 1820
4697 1820
4698 1820
4699 1820
4700 5460
4701 5460
4702 5460
4703 5460
4704 1365
4705 1365
4706 2730
4707 2730
4708 455
4709 455
4710 910
4711 910
4712 5460
4713 5460
4714 5460
4715 5460
4716 1820
4717 1820
4718 1820
4719 1820
4720 1365
4721 1365
4722 2730
4723 2730
4724 455
4725 455
4726 910
4727 910
4728 5460
4729 5460
4730 5460
4731 5460
4732 1820
4733 1820
4734 1820
4735 1820
4736 520
4737 520
4738 520
4739 520
4740 1560
4741 1560
4742 1560
4743 1560
4744 520
4745 520
4746 520
4747 520
4748 1560
4749 1560
4750 1560
4751 1560
4752 520
4753 520
4754 520
4755 520
4756 1560
4757 1560
4758 1560
4759 1560
4760 520
4761 520
4762 520
4763 520
4764 1560
4765 1560
4766 1560
4767 1560
4768 1560
4769 1560
4770 1560
4771 1560
4772 520
4773 520
4774 520
4775 520
4776 1560
4777 1560
4778 1560
4779 1560
4780 520
4781 520
4782 520
4783 520
4784 1560
4785 1560
4786 1560
4787 1560
4788 520
4789 520
4790 520
4791 520
4792 1560
4793 1560
4794 1560
4795 1560
4796 520
4797 520
4798 520
4799 520
4800 3640
4801 3640
4802 3640
4803 3640
4804 10920
4805 10920
4806 10920
4807 10920
4808 3640
4809 3640
4810 3640
4811 3640
4812 10920
4813 10920
4814 10920
4815 10920
4816 3640
4817 3640
4818 3640
4819 3640
4820 10920
4821 10920
4822 10920
4823 10920
4824 3640
4825 3640
4826 3640
4827 3640
4828 10920
4829 10920
4830 10920
4831 10920
4832 10920
4833 10920
4834 10920
4835 10920
4836 3640
4837 3640
4838 3640
4839 3640
4840 10920
4841 10920
4842 10920
4843 10920
4844 3640
4845 3640
4846 3640
4847 3640
4848 10920
4849 10920
4850 10920
4851 10920
4852 3640
4853 3640
4854 3640
4855 3640
4856 10920
4857 10920
4858 10920
4859 10920
4860 3640
4861 3640
4862 3640
4863 3640
4864 1170
4865 1170
4866 585
4867 585
4868 1170
4869 1170
4870 585
4871 585
4872 2340
4873 2340
4874 2340
4875 2340
4876 2340
4877 2340
4878 2340
4879 2340
4880 1170
4881 1170
4882 585
4883 585
4884 1170
4885 1170
4886 585
4887 585
4888 2340
4889 2340
4890 2340
4891 2340
4892 2340
4893 2340
4894 2340
4895 2340
4896 585
4897 585
4898 1170
4899 1170
4900 585
4901 585
4902 1170
4903 1170
4904 2340
4905 2340
4906 2340
4907 2340
4908 2340
4909 2340
4910 2340
4911 2340
4912 585
4913 585
4914 1170
4915 1170
4916 585
4917 585
4918 1170
4919 1170
4920 2340
4921 2340
4922 2340
4923 2340
4924 2340
4925 2340
4926 2340
4927 2340
4928 8190
4929 8190
4930 4095
4931 4095
4932 8190
4933 8190
4934 4095
4935 4095
4936 16380
4937 16380
4938 16380
4939 16380
4940 16380
4941 16380
4942 16380
4943 16380
4944 8190
4945 8190
4946 4095
4947 4095
4948 8190
4949 8190
4950 4095
4951 4095
4952 16380
4953 16380
4954 16380
4955 16380
4956 16380
4957 16380
4958 16380
4959 16380
4960 4095
4961 4095
4962 8190
4963 8190
4964 4095
4965 4095
4966 8190
4967 8190
4968 16380
4969 16380
4970 16380
4971 16380
4972 16380
4973 16380
4974 16380
4975 16380
4976 4095
4977 4095
4978 8190
4979 8190
4980 4095
4981 4095
4982 8190
4983 8190
4984 16380
4985 16380
4986 16380
4987 16380
4988 16380
4989 16380
4990 16380
4991 16380
4992 4680
4993 4680
4994 4680
4995 4680
4996 4680
4997 4680
4998 4680
4999 4680
5000 4680
5001 4680
5002 4680
5003 4680
5004 4680
5005 4680
5006 4680
5007 4680
5008 4680
5009 4680
5010 4680
5011 4680
5012 4680
5013 4680
5014 4680
5015 4680
5016 4680
5017 4680
5018 4680
5019 4680
5020 4680
5021 4680
5022 4680
5023 4680
5024 4680
5025 4680
5026 4680
5027 4680
5028 4680
5029 4680
5030 4680
5031 4680
5032 4680
5033 4680
5034 4680
5035 4680
5036 4680
5037 4680
5038 4680
5039 4680
5040 4680
5041 4680
5042 4680
5043 4680
5044 4680
5045 4680
5046 4680
5047 4680
5048 4680
5049 4680
5050 4680
5051 4680
5052 4680
5053 4680
5054 4680
5055 4680
5056 32760
5057 32760
5058 32760
5059 32760
5060 32760
5061 32760
5062 32760
5063 32760
5064 32760
5065 32760
5066 32760
5067 32760
5068 32760
5069 32760
5070 32760
5071 32760
5072 32760
5073 32760
5074 32760
5075 32760
5076 32760
5077 32760
5078 32760
5079 32760
5080 32760
5081 32760
5082 32760
5083 32760
5084 32760
5085 32760
5086 32760
5087 32760
5088 32760
5089 32760
5090 32760
5091 32760
5092 32760
5093 32760
5094 32760
5095 32760
5096 32760
5097 32760
5098 32760
5099 32760
5100 32760
5101 32760
5102 32760
5103 32760
5104 32760
5105 32760
5106 32760
5107 32760
5108 32760
5109 32760
5110 32760
5111 32760
5112 32760
5113 32760
5114 32760
5115 32760
5116 32760
5117 32760
5118 32760
5119 32760
5120 143
5121 143
5122 286
5123 286
5124 429
5125 429
5126 858
5127 858
5128 572
5129 572
5130 572
5131 572
5132 1716
5133 1716
5134 1716
5135 1716
5136 715
5137 715
5138 1430
5139 1430
5140 2145
5141 2145
5142 4290
5143 4290
5144 2860
5145 2860
5146 2860
5147 2860
5148 8580
5149 8580
5150 8580
5151 8580
5152 858
5153 858
5154 429
5155 429
5156 286
5157 286
5158 143
5159 143
5160 1716
5161 1716
5162 1716
5163 1716
5164 572
5165 572
5166 572
5167 572
5168 4290
5169 4290
5170 2145
5171 2145
5172 1430
5173 1430
5174 715
5175 715
5176 8580
5177 8580
5178 8580
5179 8580
5180 2860
5181 2860
5182 2860
5183 2860
5184 1001
5185 1001
5186 2002
5187 2002
5188 3003
5189 3003
5190 6006
5191 6006
5192 4004
5193 4004
5194 4004
5195 4004
5196 12012
5197 12012
5198 12012
5199 12012
5200 5005
5201 5005
5202 10010
5203 10010
5204 15015
5205 15015
5206 30030
5207 30030
5208 20020
5209 20020
5210 20020
5211 20020
5212 60060
5213 60060
5214 60060
5215 60060
5216 6006
5217 6006
5218 3003
5219 3003
5220 2002
5221 2002
5222 1001
5223 1001
5224 12012
5225 12012
5226 12012
5227 12012
5228 4004
5229 4004
5230 4004
5231 4004
5232 30030
5233 30030
5234 15015
5235 15015
5236 10010
5237 10010
5238 5005
5239 5005
5240 60060
5241 60060
5242 60060
5243 60060
5244 20020
5245 20020
5246 20020
5247 20020
5248 1144
5249 1144
5250 1144
5251 1144
5252 3432
5253 3432
5254 3432
5255 3432
5256 1144
5257 1144
5258 1144
5259 1144
5260 3432
5261 3432
5262 3432
5263 3432
5264 5720
5265 5720
5266 5720
5267 5720
5268 17160
5269 17160
5270 17160
5271 17160
5272 5720
5273 5720
5274 5720
5275 5720
5276 17160
5277 17160
5278 17160
5279 17160
5280 3432
5281 3432
5282 3432
5283 3432
5284 1144
5285 1144
5286 1144
5287 1144
5288 3432
5289 3432
5290 3432
5291 3432
5292 1144
5293 1144
5294 1144
5295 1144
5296 17160
5297 17160
5298 17160
5299 17160
5300 5720
5301 5720
5302 5720
5303 5720
5304 17160
5305 17160
5306 17160
5307 17160
5308 5720
5309 5720
5310 5720
5311 5720
5312 8008
5313 8008
5314 8008
5315 8008
5316 24024
5317 24024
5318 24024
5319 24024
5320 8008
5321 8008
5322 8008
5323 8008
5324 24024
5325 24024
5326 24024
5327 24024
5328 40040
5329 40040
5330 40040
5331 40040
5332 120120
5333 120120
5334 120120
5335 120120
5336 40040
5337 40040
5338 40040
5339 40040
5340 120120
5341 120120
5342 120120
5343 120120
5344 24024
5345 24024
5346 24024
5347 24024
5348 8008
5349 8008
5350 8008
5351 8008
5352 24024
5353 24024
5354 24024
5355 24024
5356 8008
5357 8008
5358 8008
5359 8008
5360 120120
5361 120120
5362 120120
5363 120120
5364 40040
5365 40040
5366 40040
5367 40040
5368 120120
5369 120120
5370 120120
5371 120120
5372 40040
5373 40040
5374 40040
5375 40040
5376 1287
5377 1287
5378 2574
5379 2574
5380 1287
5381 1287
5382 2574
5383 2574
5384 5148
5385 5148
5386 5148
5387 5148
5388 5148
5389 5148
5390 5148
5391 5148
5392 6435
5393 6435
5394 12870
5395 12870
5396 6435
5397 6435
5398 12870
5399 12870
5400 25740
5401 25740
5402 25740
5403 25740
5404 25740
5405 25740
5406 25740
5407 25740
5408 2574
5409 2574
5410 1287
5411 1287
5412 2574
5413 2574
5414 1287
5415 1287
5416 5148
5417 5148
5418 5148
5419 5148
5420 5148
5421 5148
5422 5148
5423 5148
5424 12870
5425 12870
5426 6435
5427 6435
5428 12870
5429 12870
5430 6435
5431 6435
5432 25740
5433 25740
5434 25740
5435 25740
5436 25740
5437 25740
5438 25740
5439 25740
5440 9009
5441 9009
5442 18018
5443 18018
5444 9009
5445 9009
5446 18018
5447 18018
5448 36036
5449 36036
5450 36036
5451 36036
5452 36036
5453 36036
5454 36036
5455 36036
5456 45045
5457 45045
5458 90090
5459 90090
5460 45045
5461 45045
5462 90090
5463 90090
5464 180180
5465 180180
5466 180180
5467 180180
5468 180180
5469 180180
5470 180180
5471 180180
5472 18018
5473 18018
5474 9009
5475 9009
5476 18018
5477 18018
5478 9009
5479 9009
5480 36036
5481 36036
5482 36036
5483 36036
5484 36036
5485 36036
5486 36036
5487 36036
5488 90090
5489 90090
5490 45045
5491 45045
5492 90090
5493 90090
5494 45045
5495 45045
5496 180180
5497 180180
5498 180180
5499 180180
5500 180180
5501 180180
5502 180180
5503 180180
5504 10296
5505 10296
5506 10296
5507 10296
5508 10296
5509 10296
5510 10296
5511 10296
5512 10296
5513 10296
5514 10296
5515 10296
5516 10296
5517 10296
5518 10296
5519 10296
5520 51480
5521 51480
5522 51480
5523 51480
5524 51480
5525 51480
5526 51480
5527 51480
5528 51480
5529 51480
5530 51480
5531 51480
5532 51480
5533 51480
5534 51480
5535 51480
5536 10296
5537 10296
5538 10296
5539 10296
5540 10296
5541 10296
5542 10296
5543 10296
5544 10296
5545 10296
5546 10296
5547 10296
5548 10296
5549 10296
5550 10296
5551 10296
5552 51480
5553 51480
5554 51480
5555 51480
5556 51480
5557 51480
5558 51480
5559 51480
5560 51480
5561 51480
5562 51480
5563 51480
5564 51480
5565 51480
5566 51480
5567 51480
5568 72072
5569 72072
5570 72072
5571 72072
5572 72072
5573 72072
5574 72072
5575 72072
5576 72072
5577 72072
5578 72072
5579 72072
5580 72072
5581 72072
5582 72072
5583 72072
5584 360360
5585 360360
5586 360360
5587 360360
5588 360360
5589 360360
5590 360360
5591 360360
5592 360360
5593 360360
5594 360360
5595 360360
5596 360360
5597 360360
5598 360360
5599 360360
5600 72072
5601 72072
5602 72072
5603 72072
5604 72072
5605 72072
5606 72072
5607 72072
5608 72072
5609 72072
5610 72072
5611 72072
5612 72072
5613 72072
5614 72072
5615 72072
5616 360360
5617 360360
5618 360360
5619 360360
5620 360360
5621 360360
5622 360360
5623 360360
5624 360360
5625 360360
5626 360360
5627 360360
5628 360360
5629 360360
5630 360360
5631 360360
5632 1430
5633 1430
5634 715
5635 715
5636 4290
5637 4290
5638 2145
5639 2145
5640 2860
5641 2860
5642 2860
5643 2860
5644 8580
5645 8580
5646 8580
5647 8580
5648 1430
5649 1430
5650 715
5651 715
5652 4290
5653 4290
5654 2145
5655 2145
5656 2860
5657 2860
5658 2860
5659 2860
5660 8580
5661 8580
5662 8580
5663 8580
5664 2145
5665 2145
5666 4290
5667 4290
5668 715
5669 715
5670 1430
5671 1430
5672 8580
5673 8580
5674 8580
5675 8580
5676 2860
5677 2860
5678 2860
5679 2860
5680 2145
5681 2145
5682 4290
5683 4290
5684 715
5685 715
5686 1430
5687 1430
5688 8580
5689 8580
5690 8580
5691 8580
5692 2860
5693 2860
5694 2860
5695 2860
5696 10010
5697 10010
5698 5005
5699 5005
5700 30030
5701 30030
5702 15015
5703 15015
5704 20020
5705 20020
5706 20020
5707 20020
5708 60060
5709 60060
5710 60060
5711 60060
5712 10010
5713 10010
5714 5005
5715 5005
5716 30030
5717 30030
5718 15015
5719 15015
5720 20020
5721 20020
5722 20020
5723 20020
5724 60060
5725 60060
5726 60060
5727 60060
5728 15015
5729 15015
5730 30030
5731 30030
5732 5005
5733 5005
5734 10010
5735 10010
5736 60060
5737 60060
5738 60060
5739 60060
5740 20020
5741 20020
5742 20020
5743 20020
5744 15015
5745 15015
5746 30030
5747 30030
5748 5005
5749 5005
5750 10010
5751 10010
5752 60060
5753 60060
5754 60060
5755 60060
5756 20020
5757 20020
5758 20020
5759 20020
5760 5720
5761 5720
5762 5720
5763 5720
5764 17160
5765 17160
5766 17160
5767 17160
5768 5720
5769 5720
5770 5720
5771 5720
5772 17160
5773 17160
5774 17160
5775 17160
5776 5720
5777 5720
5778 5720
5779 5720
5780 17160
5781 17160
5782 17160
5783 17160
5784 5720
5785 5720
5786 5720
5787 5720
5788 17160
5789 17160
5790 17160
5791 17160
5792 17160
5793 17160
5794 17160
5795 17160
5796 5720
5797 5720
5798 5720
5799 5720
5800 17160
5801 17160
5802 17160
5803 17160
5804 5720
5805 5720
5806 5720
5807 5720
5808 17160
5809 17160
5810 17160
5811 17160
5812 5720
5813 5720
5814 5720
5815 5720
5816 17160
5817 17160
5818 17160
5819 17160
5820 5720
5821 5720
5822 5720
5823 5720
5824 40040
5825 40040
5826 40040
5827 40040
5828 120120
5829 120120
5830 120120
5831 120120
5832 40040
5833 40040
5834 40040
5835 40040
5836 120120
5837 120120
5838 120120
5839 120120
5840 40040
5841 40040
5842 40040
5843 40040
5844 120120
5845 120120
5846 120120
5847 120120
5848 40040
5849 40040
5850 40040
5851 40040
5852 120120
5853 120120
5854 120120
5855 120120
5856 120120
5857 120120
5858 120120
5859 120120
5860 40040
5861 40040
5862 40040
5863 40040
5864 120120
5865 120120
5866 120120
5867 120120
5868 40040
5869 40040
5870 40040
5871 40040
5872 120120
5873 120120
5874 120120
5875 120120
5876 40040
5877 40040
5878 40040
5879 40040
5880 120120
5881 120120
5882 120120
5883 120120
5884 40040
5885 40040
5886 40040
5887 40040
5888 12870
5889 12870
5890 6435
5891 6435
5892 12870
5893 12870
5894 6435
5895 6435
5896 25740
5897 25740
5898 25740
5899 25740
5900 25740
5901 25740
5902 25740
5903 25740
5904 12870
5905 12870
5906 6435
5907 6435
5908 12870
5909 12870
5910 6435
5911 6435
5912 25740
5913 25740
5914 25740
5915 25740
5916 25740
5917 25740
5918 25740
5919 25740
5920 6435
5921 6435
5922 12870
5923 12870
5924 6435
5925 6435
5926 12870
5927 12870
5928 25740
5929 25740
5930 25740
5931 25740
5932 25740
5933 25740
5934 25740
5935 25740
5936 6435
5937 6435
5938 12870
5939 12870
5940 6435
5941 6435
5942 12870
5943 12870
5944 25740
5945 25740
5946 25740
5947 25740
5948 25740
5949 25740
5950 25740
5951 25740
5952 90090
5953 90090
5954 45045
5955 45045
5956 90090
5957 90090
5958 45045
5959 45045
5960 180180
5961 180180
5962 180180
5963 180180
5964 180180
5965 180180
5966 180180
5967 180180
5968 90090
5969 90090
5970 45045
5971 45045
5972 90090
5973 90090
5974 45045
5975 45045
5976 180180
5977 180180
5978 180180
5979 180180
5980 180180
5981 180180
5982 180180
5983 180180
5984 45045
5985 45045
5986 90090
5987 90090
5988 45045
5989 45045
5990 90090
5991 90090
5992 180180
5993 180180
5994 180180
5995 180180
5996 180180
5997 180180
5998 180180
5999 180180
6000 45045
6001 45045
6002 90090
6003 90090
6004 45045
6005 45045
6006 90090
6007 90090
6008 180180
6009 180180
6010 180180
6011 180180
6012 180180
6013 180180
6014 180180
6015 180180
6016 51480
6017 51480
6018 51480
6019 51480
6020 51480
6021 51480
6022 51480
6023 51480
6024 51480
6025 51480
6026 51480
6027 51480
6028 51480
6029 51480
6030 51480
6031 51480
6032 51480
6033 51480
6034 51480
6035 51480
6036 51480
6037 51480
6038 51480
6039 51480
6040 51480
6041 51480
6042 51480
6043 51480
6044 51480
6045 51480
6046 51480
6047 51480
6048 51480
6049 51480
6050 51480
6051 51480
6052 51480
6053 51480
6054 51480
6055 51480
6056 51480
6057 51480
6058 51480
6059 51480
6060 51480
6061 51480
6062 51480
6063 51480
6064 51480
6065 51480
6066 51480
6067 51480
6068 51480
6069 51480
6070 51480
6071 51480
6072 51480
6073 51480
6074 51480
6075 51480
6076 51480
6077 51480
6078 51480
6079 51480
6080 360360
6081 360360
6082 360360
6083 360360
6084 360360
6085 360360
6086 360360
6087 360360
6088 360360
6089 360360
6090 360360
6091 360360
6092 360360
6093 360360
6094 360360
6095 360360
6096 360360
6097 360360
6098 360360
6099 360360
6100 360360
6101 360360
6102 360360
6103 360360
6104 360360
6105 360360
6106 360360
6107 360360
6108 360360
6109 360360
6110 360360
6111 360360
6112 360360
6113 360360
6114 360360
6115 360360
6116 360360
6117 360360
6118 360360
6119 360360
6120 360360
6121 360360
6122 360360
6123 360360
6124 360360
6125 360360
6126 360360
6127 360360
6128 360360
6129 360360
6130 360360
6131 360360
6132 360360
6133 360360
6134 360360
6135 360360
6136 360360
6137 360360
6138 360360
6139 360360
6140 360360
6141 360360
6142 360360
6143 360360
6144 156
6145 156
6146 156
6147 156
6148 156
6149 156
6150 156
6151 156
6152 39
6153 39
6154 78
6155 78
6156 39
6157 39
6158 78
6159 78
6160 780
6161 780
6162 780
6163 780
6164 780
6165 780
6166 780
6167 780
6168 195
6169 195
6170 390
6171 390
6172 195
6173 195
6174 390
6175 390
6176 52
6177 52
6178 52
6179 52
6180 156
6181 156
6182 156
6183 156
6184 26
6185 26
6186 13
6187 13
6188 78
6189 78
6190 39
6191 39
6192 260
6193 260
6194 260
6195 260
6196 780
6197 780
6198 780
6199 780
6200 130
6201 130
6202 65
6203 65
6204 390
6205 390
6206 195
6207 195
6208 1092
6209 1092
6210 1092
6211 1092
6212 1092
6213 1092
6214 1092
6215 1092
6216 273
6217 273
6218 546
6219 546
6220 273
6221 273
6222 546
6223 546
6224 5460
6225 5460
6226 5460
6227 5460
6228 5460
6229 5460
6230 5460
6231 5460
6232 1365
6233 1365
6234 2730
6235 2730
6236 1365
6237 1365
6238 2730
6239 2730
6240 364
6241 364
6242 364
6243 364
6244 1092
6245 1092
6246 1092
6247 1092
6248 182
6249 182
6250 91
6251 91
6252 546
6253 546
6254 273
6255 273
6256 1820
6257 1820
6258 1820
6259 1820
6260 5460
6261 5460
6262 5460
6263 5460
6264 910
6265 910
6266 455
6267 455
6268 2730
6269 2730
6270 1365
6271 1365
6272 312
6273 312
6274 312
6275 312
6276 312
6277 312
6278 312
6279 312
6280 312
6281 312
6282 312
6283 312
6284 312
6285 312
6286 312
6287 312
6288 1560
6289 1560
6290 1560
6291 1560
6292 1560
6293 1560
6294 1560
6295 1560
6296 1560
6297 1560
6298 1560
6299 1560
6300 1560
6301 1560
6302 1560
6303 1560
6304 104
6305 104
6306 104
6307 104
6308 312
6309 312
6310 312
6311 312
6312 104
6313 104
6314 104
6315 104
6316 312
6317 312
6318 312
6319 312
6320 520
6321 520
6322 520
6323 520
6324 1560
6325 1560
6326 1560
6327 1560
6328 520
6329 520
6330 520
6331 520
6332 1560
6333 1560
6334 1560
6335 1560
6336 2184
6337 2184
6338 2184
6339 2184
6340 2184
6341 2184
6342 2184
6343 2184
6344 2184
6345 2184
6346 2184
6347 2184
6348 2184
6349 2184
6350 2184
6351 2184
6352 10920
6353 10920
6354 10920
6355 10920
6356 10920
6357 10920
6358 10920
6359 10920
6360 10920
6361 10920
6362 10920
6363 10920
6364 10920
6365 10920
6366 10920
6367 10920
6368 728
6369 728
6370 728
6371 728
6372 2184
6373 2184
6374 2184
6375 2184
6376 728
6377 728
6378 728
6379 728
6380 2184
6381 2184
6382 2184
6383 2184
6384 3640
6385 3640
6386 3640
6387 3640
6388 10920
6389 10920
6390 10920
6391 10920
6392 3640
6393 3640
6394 3640
6395 3640
6396 10920
6397 10920
6398 10920
6399 10920
6400 468
6401 468
6402 468
6403 468
6404 468
6405 468
6406 468
6407 468
6408 117
6409 117
6410 234
6411 234
6412 117
6413 117
6414 234
6415 234
6416 2340
6417 2340
6418 2340
6419 2340
6420 2340
6421 2340
6422 2340
6423 2340
6424 585
6425 585
6426 1170
6427 1170
6428 585
6429 585
6430 1170
6431 1170
6432 468
6433 468
6434 468
6435 468
6436 468
6437 468
6438 468
6439 468
6440 234
6441 234
6442 117
6443 117
6444 234
6445 234
6446 117
6447 117
6448 2340
6449 2340
6450 2340
6451 2340
6452 2340
6453 2340
6454 2340
6455 2340
6456 1170
6457 1170
6458 585
6459 585
6460 1170
6461 1170
6462 585
6463 585
6464 3276
6465 3276
6466 3276
6467 3276
6468 3276
6469 3276
6470 3276
6471 3276
6472 819
6473 819
6474 1638
6475 1638
6476 819
6477 819
6478 1638
6479 1638
6480 16380
6481 16380
6482 16380
6483 16380
6484 16380
6485 16380
6486 16380
6487 16380
6488 4095
6489 4095
6490 8190
6491 8190
6492 4095
6493 4095
6494 8190
6495 8190
6496 3276
6497 3276
6498 3276
6499 3276
6500 3276
6501 3276
6502 3276
6503 3276
6504 1638
6505 1638
6506 819
6507 819
6508 1638
6509 1638
6510 819
6511 819
6512 16380
6513 16380
6514 16380
6515 16380
6516 16380
6517 16380
6518 16380
6519 16380
6520 8190
6521 8190
6522 4095
6523 4095
6524 8190
6525 8190
6526 4095
6527 4095
6528 936
6529 936
6530 936
6531 936
6532 936
6533 936
6534 936
6535 936
6536 936
6537 936
6538 936
6539 936
6540 936
6541 936
6542 936
6543 936
6544 4680
6545 4680
6546 4680
6547 4680
6548 4680
6549 4680
6550 4680
6551 4680
6552 4680
6553 4680
6554 4680
6555 4680
6556 4680
6557 4680
6558 4680
6559 4680
6560 936
6561 936
6562 936
6563 936
6564 936
6565 936
6566 936
6567 936
6568 936
6569 936
6570 936
6571 936
6572 936
6573 936
6574 936
6575 936
6576 4680
6577 4680
6578 4680
6579 4680
6580 4680
6581 4680
6582 4680
6583 4680
6584 4680
6585 4680
6586 4680
6587 4680
6588 4680
6589 4680
6590 4680
6591 4680
6592 6552
6593 6552
6594 6552
6595 6552
6596 6552
6597 6552
6598 6552
6599 6552
6600 6552
6601 6552
6602 6552
6603 6552
6604 6552
6605 6552
6606 6552
6607 6552
6608 32760
6609 32760
6610 32760
6611 32760
6612 32760
6613 32760
6614 32760
6615 32760
6616 32760
6617 32760
6618 32760
6619 32760
6620 32760
6621 32760
6622 32760
6623 32760
6624 6552
6625 6552
6626 6552
6627 6552
6628 6552
6629 6552
6630 6552
6631 6552
6632 6552
6633 6552
6634 6552
6635 6552
6636 6552
6637 6552
6638 6552
6639 6552
6640 32760
6641 32760
6642 32760
6643 32760
6644 32760
6645 32760
6646 32760
6647 32760
6648 32760
6649 32760
6650 32760
6651 32760
6652 32760
6653 32760
6654 32760
6655 32760
6656 780
6657 780
6658 780
6659 780
6660 780
6661 780
6662 780
6663 780
6664 390
6665 390
6666 195
6667 195
6668 390
6669 390
6670 195
6671 195
6672 780
6673 780
6674 780
6675 780
6676 780
6677 780
6678 780
6679 780
6680 390
6681 390
6682 195
6683 195
6684 390
6685 390
6686 195
6687 195
6688 260
6689 260
6690 260
6691 260
6692 780
6693 780
6694 780
6695 780
6696 65
6697 65
6698 130
6699 130
6700 195
6701 195
6702 390
6703 390
6704 260
6705 260
6706 260
6707 260
6708 780
6709 780
6710 780
6711 780
6712 65
6713 65
6714 130
6715 130
6716 195
6717 195
6718 390
6719 390
6720 5460
6721 5460
6722 5460
6723 5460
6724 5460
6725 5460
6726 5460
6727 5460
6728 2730
6729 2730
6730 1365
6731 1365
6732 2730
6733 2730
6734 1365
6735 1365
6736 5460
6737 5460
6738 5460
6739 5460
6740 5460
6741 5460
6742 5460
6743 5460
6744 2730
6745 2730
6746 1365
6747 1365
6748 2730
6749 2730
6750 1365
6751 1365
6752 1820
6753 1820
6754 1820
6755 1820
6756 5460
6757 5460
6758 5460
6759 5460
6760 455
6761 455
6762 910
6763 910
6764 1365
6765 1365
6766 2730
6767 2730
6768 1820
6769 1820
6770 1820
6771 1820
6772 5460
6773 5460
6774 5460
6775 5460
6776 455
6777 455
6778 910
6779 910
6780 1365
6781 1365
6782 2730
6783 2730
6784 1560
6785 1560
6786 1560
6787 1560
6788 1560
6789 1560
6790 1560
6791 1560
6792 1560
6793 1560
6794 1560
6795 1560
6796 1560
6797 1560
6798 1560
6799 1560
6800 1560
6801 1560
6802 1560
6803 1560
6804 1560
6805 1560
6806 1560
6807 1560
6808 1560
6809 1560
6810 1560
6811 1560
6812 1560
6813 1560
6814 1560
6815 1560
6816 520
6817 520
6818 520
6819 520
6820 1560
6821 1560
6822 1560
6823 1560
6824 520
6825 520
6826 520
6827 520
6828 1560
6829 1560
6830 1560
6831 1560
6832 520
6833 520
6834 520
6835 520
6836 1560
6837 1560
6838 1560
6839 1560
6840 520
6841 520
6842 520
6843 520
6844 1560
6845 1560
6846 1560
6847 1560
6848 10920
6849 10920
6850 10920
6851 10920
6852 10920
6853 10920
6854 10920
6855 10920
6856 10920
6857 10920
6858 10920
6859 10920
6860 10920
6861 10920
6862 10920
6863 10920
6864 10920
6865 10920
6866 10920
6867 10920
6868 10920
6869 10920
6870 10920
6871 10920
6872 10920
6873 10920
6874 10920
6875 10920
6876 10920
6877 10920
6878 10920
6879 10920
6880 3640
6881 3640
6882 3640
6883 3640
6884 10920
6885 10920
6886 10920
6887 10920
6888 3640
6889 3640
6890 3640
6891 3640
6892 10920
6893 10920
6894 10920
6895 10920
6896 3640
6897 3640
6898 3640
6899 3640
6900 10920
6901 10920
6902 10920
6903 10920
6904 3640
6905 3640
6906 3640
6907 3640
6908 10920
6909 10920
6910 10920
6911 10920
6912 2340
6913 2340
6914 2340
6915 2340
6916 2340
6917 2340
6918 2340
6919 2340
6920 1170
6921 1170
6922 585
6923 585
6924 1170
6925 1170
6926 585
6927 585
6928 2340
6929 2340
6930 2340
6931 2340
6932 2340
6933 2340
6934 2340
6935 2340
6936 1170
6937 1170
6938 585
6939 585
6940 1170
6941 1170
6942 585
6943 585
6944 2340
6945 2340
6946 2340
6947 2340
6948 2340
6949 2340
6950 2340
6951 2340
6952 585
6953 585
6954 1170
6955 1170
6956 585
6957 585
6958 1170
6959 1170
6960 2340
6961 2340
6962 2340
6963 2340
6964 2340
6965 2340
6966 2340
6967 2340
6968 585
6969 585
6970 1170
6971 1170
6972 585
6973 585
6974 1170
6975 1170
6976 16380
6977 16380
6978 16380
6979 16380
6980 16380
6981 16380
6982 16380
6983 16380
6984 8190
6985 8190
6986 4095
6987 4095
6988 8190
6989 8190
6990 4095
6991 4095
6992 16380
6993 16380
6994 16380
6995 16380
6996 16380
6997 16380
6998 16380
6999 16380
7000 8190
7001 8190
7002 4095
7003 4095
7004 8190
7005 8190
7006 4095
7007 4095
7008 16380
7009 16380
7010 16380
7011 16380
7012 16380
7013 16380
7014 16380
7015 16380
7016 4095
7017 4095
7018 8190
7019 8190
7020 4095
7021 4095
7022 8190
7023 8190
7024 16380
7025 16380
7026 16380
7027 16380
7028 16380
7029 16380
7030 16380
7031 16380
7032 4095
7033 4095
7034 8190
7035 8190
7036 4095
7037 4095
7038 8190
7039 8190
7040 4680
7041 4680
7042 4680
7043 4680
7044 4680
7045 4680
7046 4680
7047 4680
7048 4680
7049 4680
7050 4680
7051 4680
7052 4680
7053 4680
7054 4680
7055 4680
7056 4680
7057 4680
7058 4680
7059 4680
7060 4680
7061 4680
7062 4680
7063 4680
7064 4680
7065 4680
7066 4680
7067 4680
7068 4680
7069 4680
7070 4680
7071 4680
7072 4680
7073 4680
7074 4680
7075 4680
7076 4680
7077 4680
7078 4680
7079 4680
7080 4680
7081 4680
7082 4680
7083 4680
7084 4680
7085 4680
7086 4680
7087 4680
7088 4680
7089 4680
7090 4680
7091 4680
7092 4680
7093 4680
7094 4680
7095 4680
7096 4680
7097 4680
7098 4680
7099 4680
7100 4680
7101 4680
7102 4680
7103 4680
7104 32760
7105 32760
7106 32760
7107 32760
7108 32760
7109 32760
7110 32760
7111 32760
7112 32760
7113 32760
7114 32760
7115 32760
7116 32760
7117 32760
7118 32760
7119 32760
7120 32760
7121 32760
7122 32760
7123 32760
7124 32760
7125 32760
7126 32760
7127 32760
7128 32760
7129 32760
7130 32760
7131 32760
7132 32760
7133 32760
7134 32760
7135 32760
7136 32760
7137 32760
7138 32760
7139 32760
7140 32760
7141 32760
7142 32760
7143 32760
7144 32760
7145 32760
7146 32760
7147 32760
7148 32760
7149 32760
7150 32760
7151 32760
7152 32760
7153 32760
7154 32760
7155 32760
7156 32760
7157 32760
7158 32760
7159 32760
7160 32760
7161 32760
7162 32760
7163 32760
7164 32760
7165 32760
7166 32760
7167 32760
7168 1716
7169 1716
7170 1716
7171 1716
7172 1716
7173 1716
7174 1716
7175 1716
7176 429
7177 429
7178 858
7179 858
7180 429
7181 429
7182 858
7183 858
7184 8580
7185 8580
7186 8580
7187 8580
7188 8580
7189 8580
7190 8580
7191 8580
7192 2145
7193 2145
7194 4290
7195 4290
7196 2145
7197 2145
7198 4290
7199 4290
7200 572
7201 572
7202 572
7203 572
7204 1716
7205 1716
7206 1716
7207 1716
7208 286
7209 286
7210 143
7211 143
7212 858
7213 858
7214 429
7215 429
7216 2860
7217 2860
7218 2860
7219 2860
7220 8580
7221 8580
7222 8580
7223 8580
7224 1430
7225 1430
7226 715
7227 715
7228 4290
7229 4290
7230 2145
7231 2145
7232 12012
7233 12012
7234 12012
7235 12012
7236 12012
7237 12012
7238 12012
7239 12012
7240 3003
7241 3003
7242 6006
7243 6006
7244 3003
7245 3003
7246 6006
7247 6006
7248 60060
7249 60060
7250 60060
7251 60060
7252 60060
7253 60060
7254 60060
7255 60060
7256 15015
7257 15015
7258 30030
7259 30030
7260 15015
7261 15015
7262 30030
7263 30030
7264 4004
7265 4004
7266 4004
7267 4004
7268 12012
7269 12012
7270 12012
7271 12012
7272 2002
7273 2002
7274 1001
7275 1001
7276 6006
7277 6006
7278 3003
7279 3003
7280 20020
7281 20020
7282 20020
7283 20020
7284 60060
7285 60060
7286 60060
7287 60060
7288 10010
7289 10010
7290 5005
7291 5005
7292 30030
7293 30030
7294 15015
7295 15015
7296 3432
7297 3432
7298 3432
7299 3432
7300 3432
7301 3432
7302 3432
7303 3432
7304 3432
7305 3432
7306 3432
7307 3432
7308 3432
7309 3432
7310 3432
7311 3432
7312 17160
7313 17160
7314 17160
7315 17160
7316 17160
7317 17160
7318 17160
7319 17160
7320 17160
7321 17160
7322 17160
7323 17160
7324 17160
7325 17160
7326 17160
7327 17160
7328 1144
7329 1144
7330 1144
7331 1144
7332 3432
7333 3432
7334 3432
7335 3432
7336 1144
7337 1144
7338 1144
7339 1144
7340 3432
7341 3432
7342 3432
7343 3432
7344 5720
7345 5720
7346 5720
7347 5720
7348 17160
7349 17160
7350 17160
7351 17160
7352 5720
7353 5720
7354 5720
7355 5720
7356 17160
7357 17160
7358 17160
7359 17160
7360 24024
7361 24024
7362 24024
7363 24024
7364 24024
7365 24024
7366 24024
7367 24024
7368 24024
7369 24024
7370 24024
7371 24024
7372 24024
7373 24024
7374 24024
7375 24024
7376 120120
7377 120120
7378 120120
7379 120120
7380 120120
7381 120120
7382 120120
7383 120120
7384 120120
7385 120120
7386 120120
7387 120120
7388 120120
7389 120120
7390 120120
7391 120120
7392 8008
7393 8008
7394 8008
7395 8008
7396 24024
7397 24024
7398 24024
7399 24024
7400 8008
7401 8008
7402 8008
7403 8008
7404 24024
7405 24024
7406 24024
7407 24024
7408 40040
7409 40040
7410 40040
7411 40040
7412 120120
7413 120120
7414 120120
7415 120120
7416 40040
7417 40040
7418 40040
7419 40040
7420 120120
7421 120120
7422 120120
7423 120120
7424 5148
7425 5148
7426 5148
7427 5148
7428 5148
7429 5148
7430 5148
7431 5148
7432 1287
7433 1287
7434 2574
7435 2574
7436 1287
7437 1287
7438 2574
7439 2574
7440 25740
7441 25740
7442 25740
7443 25740
7444 25740
7445 25740
7446 25740
7447 25740
7448 6435
7449 6435
7450 12870
7451 12870
7452 6435
7453 6435
7454 12870
7455 12870
7456 5148
7457 5148
7458 5148
7459 5148
7460 5148
7461 5148
7462 5148
7463 5148
7464 2574
7465 2574
7466 1287
7467 1287
7468 2574
7469 2574
7470 1287
7471 1287
7472 25740
7473 25740
7474 25740
7475 25740
7476 25740
7477 25740
7478 25740
7479 25740
7480 12870
7481 12870
7482 6435
7483 6435
7484 12870
7485 12870
7486 6435
7487 6435
7488 36036
7489 36036
7490 36036
7491 36036
7492 36036
7493 36036
7494 36036
7495 36036
7496 9009
7497 9009
7498 18018
7499 18018
7500 9009
7501 9009
7502 18018
7503 18018
7504 180180
7505 180180
7506 180180
7507 180180
7508 180180
7509 180180
7510 180180
7511 180180
7512 45045
7513 45045
7514 90090
7515 90090
7516 45045
7517 45045
7518 90090
7519 90090
7520 36036
7521 36036
7522 36036
7523 36036
7524 36036
7525 36036
7526 36036
7527 36036
7528 18018
7529 18018
7530 9009
7531 9009
7532 18018
7533 18018
7534 9009
7535 9009
7536 180180
7537 180180
7538 180180
7539 180180
7540 180180
7541 180180
7542 180180
7543 180180
7544 90090
7545 90090
7546 45045
7547 45045
7548 90090
7549 90090
7550 45045
7551 45045
7552 10296
7553 10296
7554 10296
7555 10296
7556 10296
7557 10296
7558 10296
7559 10296
7560 10296
7561 10296
7562 10296
7563 10296
7564 10296
7565 10296
7566 10296
7567 10296
7568 51480
7569 51480
7570 51480
7571 51480
7572 51480
7573 51480
7574 51480
7575 51480
7576 51480
7577 51480
7578 51480
7579 51480
7580 51480
7581 51480
7582 51480
7583 51480
7584 10296
7585 10296
7586 10296
7587 10296
7588 10296
7589 10296
7590 10296
7591 10296
7592 10296
7593 10296
7594 10296
7595 10296
7596 10296
7597 10296
7598 10296
7599 10296
7600 51480
7601 51480
7602 51480
7603 51480
7604 51480
7605 51480
7606 51480
7607 51480
7608 51480
7609 51480
7610 51480
7611 51480
7612 51480
7613 51480
7614 51480
7615 51480
7616 72072
7617 72072
7618 72072
7619 72072
7620 72072
7621 72072
7622 72072
7623 72072
7624 72072
7625 72072
7626 72072
7627 72072
7628 72072
7629 72072
7630 72072
7631 72072
7632 360360
7633 360360
7634 360360
7635 360360
7636 360360
7637 360360
7638 360360
7639 360360
7640 360360
7641 360360
7642 360360
7643 360360
7644 360360
7645 360360
7646 360360
7647 360360
7648 72072
7649 72072
7650 72072
7651 72072
7652 72072
7653 72072
7654 72072
7655 72072
7656 72072
7657 72072
7658 72072
7659 72072
7660 72072
7661 72072
7662 72072
7663 72072
7664 360360
7665 360360
7666 360360
7667 360360
7668 360360
7669 360360
7670 360360
7671 360360
7672 360360
7673 360360
7674 360360
7675 360360
7676 360360
7677 360360
7678 360360
7679 360360
7680 8580
7681 8580
7682 8580
7683 8580
7684 8580
7685 8580
7686 8580
7687 8580
7688 4290
7689 4290
7690 2145
7691 2145
7692 4290
7693 4290
7694 2145
7695 2145
7696 8580
7697 8580
7698 8580
7699 8580
7700 8580
7701 8580
7702 8580
7703 8580
7704 4290
7705 4290
7706 2145
7707 2145
7708 4290
7709 4290
7710 2145
7711 2145
7712 2860
7713 2860
7714 2860
7715 2860
7716 8580
7717 8580
7718 8580
7719 8580
7720 715
7721 715
7722 1430
7723 1430
7724 2145
7725 2145
7726 4290
7727 4290
7728 2860
7729 2860
7730 2860
7731 2860
7732 8580
7733 8580
7734 8580
7735 8580
7736 715
7737 715
7738 1430
7739 1430
7740 2145
7741 2145
7742 4290
7743 4290
7744 60060
7745 60060
7746 60060
7747 60060
7748 60060
7749 60060
7750 60060
7751 60060
7752 30030
7753 30030
7754 15015
7755 15015
7756 30030
7757 30030
7758 15015
7759 15015
7760 60060
7761 60060
7762 60060
7763 60060
7764 60060
7765 60060
7766 60060
7767 60060
7768 30030
7769 30030
7770 15015
7771 15015
7772 30030
7773 30030
7774 15015
7775 15015
7776 20020
7777 20020
7778 20020
7779 20020
7780 60060
7781 60060
7782 60060
7783 60060
7784 5005
7785 5005
7786 10010
7787 10010
7788 15015
7789 15015
7790 30030
7791 30030
7792 20020
7793 20020
7794 20020
7795 20020
7796 60060
7797 60060
7798 60060
7799 60060
7800 5005
7801 5005
7802 10010
7803 10010
7804 15015
7805 15015
7806 30030
7807 30030
7808 17160
7809 17160
7810 17160
7811 17160
7812 17160
7813 17160
7814 17160
7815 17160
7816 17160
7817 17160
7818 17160
7819 17160
7820 17160
7821 17160
7822 17160
7823 17160
7824 17160
7825 17160
7826 17160
7827 17160
7828 17160
7829 17160
7830 17160
7831 17160
7832 17160
7833 17160
7834 17160
7835 17160
7836 17160
7837 17160
7838 17160
7839 17160
7840 5720
7841 5720
7842 5720
7843 5720
7844 17160
7845 17160
7846 17160
7847 17160
7848 5720
7849 5720
7850 5720
7851 5720
7852 17160
7853 17160
7854 17160
7855 17160
7856 5720
7857 5720
7858 5720
7859 5720
7860 17160
7861 17160
7862 17160
7863 17160
7864 5720
7865 5720
7866 5720
7867 5720
7868 17160
7869 17160
7870 17160
7871 17160
7872 120120
7873 120120
7874 120120
7875 120120
7876 120120
7877 120120
7878 120120
7879 120120
7880 120120
7881 120120
7882 120120
7883 120120
7884 120120
7885 120120
7886 120120
7887 120120
7888 120120
7889 120120
7890 120120
7891 120120
7892 120120
7893 120120
7894 120120
7895 120120
7896 120120
7897 120120
7898 120120
7899 120120
7900 120120
7901 120120
7902 120120
7903 120120
7904 40040
7905 40040
7906 40040
7907 40040
7908 120120
7909 120120
7910 120120
7911 120120
7912 40040
7913 40040
7914 40040
7915 40040
7916 120120
7917 120120
7918 120120
7919 120120
7920 40040
7921 40040
7922 40040
7923 40040
7924 120120
7925 120120
7926 120120
7927 120120
7928 40040
7929 40040
7930 40040
7931 40040
7932 120120
7933 120120
7934 120120
7935 120120
7936 25740
7937 25740
7938 25740
7939 25740
7940 25740
7941 25740
7942 25740
7943 25740
7944 12870
7945 12870
7946 6435
7947 6435
7948 12870
7949 12870
7950 6435
7951 6435
7952 25740
7953 25740
7954 25740
7955 25740
7956 25740
7957 25740
7958 25740
7959 25740
7960 12870
7961 12870
7962 6435
7963 6435
7964 12870
7965 12870
7966 6435
7967 6435
7968 25740
7969 25740
7970 25740
7971 25740
7972 25740
7973 25740
7974 25740
7975 25740
7976 6435
7977 6435
7978 12870
7979 12870
7980 6435
7981 6435
7982 12870
7983 12870
7984 25740
7985 25740
7986 25740
7987 25740
7988 25740
7989 25740
7990 25740
7991 25740
7992 6435
7993 6435
7994 12870
7995 12870
7996 6435
7997 6435
7998 12870
7999 12870
8000 180180
8001 180180
8002 180180
8003 180180
8004 180180
8005 180180
8006 180180
8007 180180
8008 90090
8009 90090
8010 45045
8011 45045
8012 90090
8013 90090
8014 45045
8015 45045
8016 180180
8017 180180
8018 180180
8019 180180
8020 180180
8021 180180
8022 180180
8023 180180
8024 90090
8025 90090
8026 45045
8027 45045
8028 90090
8029 90090
8030 45045
8031 45045
8032 180180
8033 180180
8034 180180
8035 180180
8036 180180
8037 180180
8038 180180
8039 180180
8040 45045
8041 45045
8042 90090
8043 90090
8044 45045
8045 45045
8046 90090
8047 90090
8048 180180
8049 180180
8050 180180
8051 180180
8052 180180
8053 180180
8054 180180
8055 180180
8056 45045
8057 45045
8058 90090
8059 90090
8060 45045
8061 45045
8062 90090
8063 90090
8064 51480
8065 51480
8066 51480
8067 51480
8068 51480
8069 51480
8070 51480
8071 51480
8072 51480
8073 51480
8074 51480
8075 51480
8076 51480
8077 51480
8078 51480
8079 51480
8080 51480
8081 51480
8082 51480
8083 51480
8084 51480
8085 51480
8086 51480
8087 51480
8088 51480
8089 51480
8090 51480
8091 51480
8092 51480
8093 51480
8094 51480
8095 51480
8096 51480
8097 51480
8098 51480
8099 51480
8100 51480
8101 51480
8102 51480
8103 51480
8104 51480
8105 51480
8106 51480
8107 51480
8108 51480
8109 51480
8110 51480
8111 51480
8112 51480
8113 51480
8114 51480
8115 51480
8116 51480
8117 51480
8118 51480
8119 51480
8120 51480
8121 51480
8122 51480
8123 51480
8124 51480
8125 51480
8126 51480
8127 51480
8128 360360
8129 360360
8130 360360
8131 360360
8132 360360
8133 360360
8134 360360
8135 360360
8136 360360
8137 360360
8138 360360
8139 360360
8140 360360
8141 360360
8142 360360
8143 360360
8144 360360
8145 360360
8146 360360
8147 360360
8148 360360
8149 360360
8150 360360
8151 360360
8152 360360
8153 360360
8154 360360
8155 360360
8156 360360
8157 360360
8158 360360
8159 360360
8160 360360
8161 360360
8162 360360
8163 360360
8164 360360
8165 360360
8166 360360
8167 360360
8168 360360
8169 360360
8170 360360
8171 360360
8172 360360
8173 360360
8174 360360
8175 360360
8176 360360
8177 360360
8178 360360
8179 360360
8180 360360
8181 360360
8182 360360
8183 360360
8184 360360
8185 360360
8186 360360
8187 360360
8188 360360
8189 360360
8190 360360
8191 360360
8192 14
8193 14
8194 7
8195 7
8196 42
8197 42
8198 21
8199 21
8200 28
8201 28
8202 28
8203 28
8204 84
8205 84
8206 84
8207 84
8208 70
8209 70
8210 35
8211 35
8212 210
8213 210
8214 105
8215 105
8216 140
8217 140
8218 140
8219 140
8220 420
8221 420
8222 420
8223 420
8224 21
8225 21
8226 42
8227 42
8228 7
8229 7
8230 14
8231 14
8232 84
8233 84
8234 84
8235 84
8236 28
8237 28
8238 28
8239 28
8240 105
8241 105
8242 210
8243 210
8244 35
8245 35
8246 70
8247 70
8248 420
8249 420
8250 420
8251 420
8252 140
8253 140
8254 140
8255 140
8256 14
8257 14
8258 7
8259 7
8260 42
8261 42
8262 21
8263 21
8264 28
8265 28
8266 28
8267 28
8268 84
8269 84
8270 84
8271 84
8272 70
8273 70
8274 35
8275 35
8276 210
8277 210
8278 105
8279 105
8280 140
8281 140
8282 140
8283 140
8284 420
8285 420
8286 420
8287 420
8288 21
8289 21
8290 42
8291 42
8292 7
8293 7
8294 14
8295 14
8296 84
8297 84
8298 84
8299 84
8300 28
8301 28
8302 28
8303 28
8304 105
8305 105
8306 210
8307 210
8308 35
8309 35
8310 70
8311 70
8312 420
8313 420
8314 420
8315 420
8316 140
8317 140
8318 140
8319 140
8320 56
8321 56
8322 56
8323 56
8324 168
8325 168
8326 168
8327 168
8328 56
8329 56
8330 56
8331 56
8332 168
8333 168
8334 168
8335 168
8336 280
8337 280
8338 280
8339 280
8340 840
8341 840
8342 840
8343 840
8344 280
8345 280
8346 280
8347 280
8348 840
8349 840
8350 840
8351 840
8352 168
8353 168
8354 168
8355 168
8356 56
8357 56
8358 56
8359 56
8360 168
8361 168
8362 168
8363 168
8364 56
8365 56
8366 56
8367 56
8368 840
8369 840
8370 840
8371 840
8372 280
8373 280
8374 280
8375 280
8376 840
8377 840
8378 840
8379 840
8380 280
8381 280
8382 280
8383 280
8384 56
8385 56
8386 56
8387 56
8388 168
8389 168
8390 168
8391 168
8392 56
8393 56
8394 56
8395 56
8396 168
8397 168
8398 168
8399 168
8400 280
8401 280
8402 280
8403 280
8404 840
8405 840
8406 840
8407 840
8408 280
8409 280
8410 280
8411 280
8412 840
8413 840
8414 840
8415 840
8416 168
8417 168
8418 168
8419 168
8420 56
8421 56
8422 56
8423 56
8424 168
8425 168
8426 168
8427 168
8428 56
8429 56
8430 56
8431 56
8432 840
8433 840
8434 840
8435 840
8436 280
8437 280
8438 280
8439 280
8440 840
8441 840
8442 840
8443 840
8444 280
8445 280
8446 280
8447 280
8448 126
8449 126
8450 63
8451 63
8452 126
8453 126
8454 63
8455 63
8456 252
8457 252
8458 252
8459 252
8460 252
8461 252
8462 252
8463 252
8464 630
8465 630
8466 315
8467 315
8468 630
8469 630
8470 315
8471 315
8472 1260
8473 1260
8474 1260
8475 1260
8476 1260
8477 1260
8478 1260
8479 1260
8480 63
8481 63
8482 126
8483 126
8484 63
8485 63
8486 126
8487 126
8488 252
8489 252
8490 252
8491 252
8492 252
8493 252
8494 252
8495 252
8496 315
8497 315
8498 630
8499 630
8500 315
8501 315
8502 630
8503 630
8504 1260
8505 1260
8506 1260
8507 1260
8508 1260
8509 1260
8510 1260
8511 1260
8512 126
8513 126
8514 63
8515 63
8516 126
8517 126
8518 63
8519 63
8520 252
8521 252
8522 252
8523 252
8524 252
8525 252
8526 252
8527 252
8528 630
8529 630
8530 315
8531 315
8532 630
8533 630
8534 315
8535 315
8536 1260
8537 1260
8538 1260
8539 1260
8540 1260
8541 1260
8542 1260
8543 1260
8544 63
8545 63
8546 126
8547 126
8548 63
8549 63
8550 126
8551 126
8552 252
8553 252
8554 252
8555 252
8556 252
8557 252
8558 252
8559 252
8560 315
8561 315
8562 630
8563 630
8564 315
8565 315
8566 630
8567 630
8568 1260
8569 1260
8570 1260
8571 1260
8572 1260
8573 1260
8574 1260
8575 1260
8576 504
8577 504
8578 504
8579 504
8580 504
8581 504
8582 504
8583 504
8584 504
8585 504
8586 504
8587 504
8588 504
8589 504
8590 504
8591 504
8592 2520
8593 2520
8594 2520
8595 2520
8596 2520
8597 2520
8598 2520
8599 2520
8600 2520
8601 2520
8602 2520
8603 2520
8604 2520
8605 2520
8606 2520
8607 2520
8608 504
8609 504
8610 504
8611 504
8612 504
8613 504
8614 504
8615 504
8616 504
8617 504
8618 504
8619 504
8620 504
8621 504
8622 504
8623 504
8624 2520
8625 2520
8626 2520
8627 2520
8628 2520
8629 2520
8630 2520
8631 2520
8632 2520
8633 2520
8634 2520
8635 2520
8636 2520
8637 2520
8638 2520
8639 2520
8640 504
8641 504
8642 504
8643 504
8644 504
8645 504
8646 504
8647 504
8648 504
8649 504
8650 504
8651 504
8652 504
8653 504
8654 504
8655 504
8656 2520
8657 2520
8658 2520
8659 2520
8660 2520
8661 2520
8662 2520
8663 2520
8664 2520
8665 2520
8666 2520
8667 2520
8668 2520
8669 2520
8670 2520
8671 2520
8672 504
8673 504
8674 504
8675 504
8676 504
8677 504
8678 504
8679 504
8680 504
8681 504
8682 504
8683 504
8684 504
8685 504
8686 504
8687 504
8688 2520
8689 2520
8690 2520
8691 2520
8692 2520
8693 2520
8694 2520
8695 2520
8696 2520
8697 2520
8698 2520
8699 2520
8700 2520
8701 2520
8702 2520
8703 2520
8704 35
8705 35
8706 70
8707 70
8708 105
8709 105
8710 210
8711 210
8712 140
8713 140
8714 140
8715 140
8716 420
8717 420
8718 420
8719 420
8720 35
8721 35
8722 70
8723 70
8724 105
8725 105
8726 210
8727 210
8728 140
8729 140
8730 140
8731 140
8732 420
8733 420
8734 420
8735 420
8736 210
8737 210
8738 105
8739 105
8740 70
8741 70
8742 35
8743 35
8744 420
8745 420
8746 420
8747 420
8748 140
8749 140
8750 140
8751 140
8752 210
8753 210
8754 105
8755 105
8756 70
8757 70
8758 35
8759 35
8760 420
8761 420
8762 420
8763 420
8764 140
8765 140
8766 140
8767 140
8768 35
8769 35
8770 70
8771 70
8772 105
8773 105
8774 210
8775 210
8776 140
8777 140
8778 140
8779 140
8780 420
8781 420
8782 420
8783 420
8784 35
8785 35
8786 70
8787 70
8788 105
8789 105
8790 210
8791 210
8792 140
8793 140
8794 140
8795 140
8796 420
8797 420
8798 420
8799 420
8800 210
8801 210
8802 105
8803 105
8804 70
8805 70
8806 35
8807 35
8808 420
8809 420
8810 420
8811 420
8812 140
8813 140
8814 140
8815 140
8816 210
8817 210
8818 105
8819 105
8820 70
8821 70
8822 35
8823 35
8824 420
8825 420
8826 420
8827 420
8828 140
8829 140
8830 140
8831 140
8832 280
8833 280
8834 280
8835 280
8836 840
8837 840
8838 840
8839 840
8840 280
8841 280
8842 280
8843 280
8844 840
8845 840
8846 840
8847 840
8848 280
8849 280
8850 280
8851 280
8852 840
8853 840
8854 840
8855 840
8856 280
8857 280
8858 280
8859 280
8860 840
8861 840
8862 840
8863 840
8864 840
8865 840
8866 840
8867 840
8868 280
8869 280
8870 280
8871 280
8872 840
8873 840
8874 840
8875 840
8876 280
8877 280
8878 280
8879 280
8880 840
8881 840
8882 840
8883 840
8884 280
8885 280
8886 280
8887 280
8888 840
8889 840
8890 840
8891 840
8892 280
8893 280
8894 280
8895 280
8896 280
8897 280
8898 280
8899 280
8900 840
8901 840
8902 840
8903 840
8904 280
8905 280
8906 280
8907 280
8908 840
8909 840
8910 840
8911 840
8912 280
8913 280
8914 280
8915 280
8916 840
8917 840
8918 840
8919 840
8920 280
8921 280
8922 280
8923 280
8924 840
8925 840
8926 840
8927 840
8928 840
8929 840
8930 840
8931 840
8932 280
8933 280
8934 280
8935 280
8936 840
8937 840
8938 840
8939 840
8940 280
8941 280
8942 280
8943 280
8944 840
8945 840
8946 840
8947 840
8948 280
8949 280
8950 280
8951 280
8952 840
8953 840
8954 840
8955 840
8956 280
8957 280
8958 280
8959 280
8960 315
8961 315
8962 630
8963 630
8964 315
8965 315
8966 630
8967 630
8968 1260
8969 1260
8970 1260
8971 1260
8972 1260
8973 1260
8974 1260
8975 1260
8976 315
8977 315
8978 630
8979 630
8980 315
8981 315
8982 630
8983 630
8984 1260
8985 1260
8986 1260
8987 1260
8988 1260
8989 1260
8990 1260
8991 1260
8992 630
8993 630
8994 315
8995 315
8996 630
8997 630
8998 315
8999 315
9000 1260
9001 1260
9002 1260
9003 1260
9004 1260
9005 1260
9006 1260
9007 1260
9008 630
9009 630
9010 315
9011 315
9012 630
9013 630
9014 315
9015 315
9016 1260
9017 1260
9018 1260
9019 1260
9020 1260
9021 1260
9022 1260
9023 1260
9024 315
9025 315
9026 630
9027 630
9028 315
9029 315
9030 630
9031 630
9032 1260
9033 1260
9034 1260
9035 1260
9036 1260
9037 1260
9038 1260
9039 1260
9040 315
9041 315
9042 630
9043 630
9044 315
9045 315
9046 630
9047 630
9048 1260
9049 1260
9050 1260
9051 1260
9052 1260
9053 1260
9054 1260
9055 1260
9056 630
9057 630
9058 315
9059 315
9060 630
9061 630
9062 315
9063 315
9064 1260
9065 1260
9066 1260
9067 1260
9068 1260
9069 1260
9070 1260
9071 1260
9072 630
9073 630
9074 315
9075 315
9076 630
9077 630
9078 315
9079 315
9080 1260
9081 1260
9082 1260
9083 1260
9084 1260
9085 1260
9086 1260
9087 1260
9088 2520
9089 2520
9090 2520
9091 2520
9092 2520
9093 2520
9094 2520
9095 2520
9096 2520
9097 2520
9098 2520
9099 2520
9100 2520
9101 2520
9102 2520
9103 2520
9104 2520
9105 2520
9106 2520
9107 2520
9108 2520
9109 2520
9110 2520
9111 2520
9112 2520
9113 2520
9114 2520
9115 2520
9116 2520
9117 2520
9118 2520
9119 2520
9120 2520
9121 2520
9122 2520
9123 2520
9124 2520
9125 2520
9126 2520
9127 2520
9128 2520
9129 2520
9130 2520
9131 2520
9132 2520
9133 2520
9134 2520
9135 2520
9136 2520
9137 2520
9138 2520
9139 2520
9140 2520
9141 2520
9142 2520
9143 2520
9144 2520
9145 2520
9146 2520
9147 2520
9148 2520
9149 2520
9150 2520
9151 2520
9152 2520
9153 2520
9154 2520
9155 2520
9156 2520
9157 2520
9158 2520
9159 2520
9160 2520
9161 2520
9162 2520
9163 2520
9164 2520
9165 2520
9166 2520
9167 2520
9168 2520
9169 2520
9170 2520
9171 2520
9172 2520
9173 2520
9174 2520
9175 2520
9176 2520
9177 2520
9178 2520
9179 2520
9180 2520
9181 2520
9182 2520
9183 2520
9184 2520
9185 2520
9186 2520
9187 2520
9188 2520
9189 2520
9190 2520
9191 2520
9192 2520
9193 2520
9194 2520
9195 2520
9196 2520
9197 2520
9198 2520
9199 2520
9200 2520
9201 2520
9202 2520
9203 2520
9204 2520
9205 2520
9206 2520
9207 2520
9208 2520
9209 2520
9210 2520
9211 2520
9212 2520
9213 2520
9214 2520
9215 2520
9216 154
9217 154
9218 77
9219 77
9220 462
9221 462
9222 231
9223 231
9224 308
9225 308
9226 308
9227 308
9228 924
9229 924
9230 924
9231 924
9232 770
9233 770
9234 385
9235 385
9236 2310
9237 2310
9238 1155
9239 1155
9240 1540
9241 1540
9242 1540
9243 1540
9244 4620
9245 4620
9246 4620
9247 4620
9248 231
9249 231
9250 462
9251 462
9252 77
9253 77
9254 154
9255 154
9256 924
9257 924
9258 924
9259 924
9260 308
9261 308
9262 308
9263 308
9264 1155
9265 1155
9266 2310
9267 2310
9268 385
9269 385
9270 770
9271 770
9272 4620
9273 4620
9274 4620
9275 4620
9276 1540
9277 1540
9278 1540
9279 1540
9280 154
9281 154
9282 77
9283 77
9284 462
9285 462
9286 231
9287 231
9288 308
9289 308
9290 308
9291 308
9292 924
9293 924
9294 924
9295 924
9296 770
9297 770
9298 385
9299 385
9300 2310
9301 2310
9302 1155
9303 1155
9304 1540
9305 1540
9306 1540
9307 1540
9308 4620
9309 4620
9310 4620
9311 4620
9312 231
9313 231
9314 462
9315 462
9316 77
9317 77
9318 154
9319 154
9320 924
9321 924
9322 924
9323 924
9324 308
9325 308
9326 308
9327 308
9328 1155
9329 1155
9330 2310
9331 2310
9332 385
9333 385
9334 770
9335 770
9336 4620
9337 4620
9338 4620
9339 4620
9340 1540
9341 1540
9342 1540
9343 1540
9344 616
9345 616
9346 616
9347 616
9348 1848
9349 1848
9350 1848
9351 1848
9352 616
9353 616
9354 616
9355 616
9356 1848
9357 1848
9358 1848
9359 1848
9360 3080
9361 3080
9362 3080
9363 3080
9364 9240
9365 9240
9366 9240
9367 9240
9368 3080
9369 3080
9370 3080
9371 3080
9372 9240
9373 9240
9374 9240
9375 9240
9376 1848
9377 1848
9378 1848
9379 1848
9380 616
9381 616
9382 616
9383 616
9384 1848
9385 1848
9386 1848
9387 1848
9388 616
9389 616
9390 616
9391 616
9392 9240
9393 9240
9394 9240
9395 9240
9396 3080
9397 3080
9398 3080
9399 3080
9400 9240
9401 9240
9402 9240
9403 9240
9404 3080
9405 3080
9406 3080
9407 3080
9408 616
9409 616
9410 616
9411 616
9412 1848
9413 1848
9414 1848
9415 1848
9416 616
9417 616
9418 616
9419 616
9420 1848
9421 1848
9422 1848
9423 1848
9424 3080
9425 3080
9426 3080
9427 3080
9428 9240
9429 9240
9430 9240
9431 9240
9432 3080
9433 3080
9434 3080
9435 3080
9436 9240
9437 9240
9438 9240
9439 9240
9440 1848
9441 1848
9442 1848
9443 1848
9444 616
9445 616
9446 616
9447 616
9448 1848
9449 1848
9450 1848
9451 1848
9452 616
9453 616
9454 616
9455 616
9456 9240
9457 9240
9458 9240
9459 9240
9460 3080
9461 3080
9462 3080
9463 3080
9464 9240
9465 9240
9466 9240
9467 9240
9468 3080
9469 3080
9470 3080
9471 3080
9472 1386
9473 1386
9474 693
9475 693
9476 1386
9477 1386
9478 693
9479 693
9480 2772
9481 2772
9482 2772
9483 2772
9484 2772
9485 2772
9486 2772
9487 2772
9488 6930
9489 6930
9490 3465
9491 3465
9492 6930
9493 6930
9494 3465
9495 3465
9496 13860
9497 13860
9498 13860
9499 13860
9500 13860
9501 13860
9502 13860
9503 13860
9504 693
9505 693
9506 1386
9507 1386
9508 693
9509 693
9510 1386
9511 1386
9512 2772
9513 2772
9514 2772
9515 2772
9516 2772
9517 2772
9518 2772
9519 2772
9520 3465
9521 3465
9522 6930
9523 6930
9524 3465
9525 3465
9526 6930
9527 6930
9528 13860
9529 13860
9530 13860
9531 13860
9532 13860
9533 13860
9534 13860
9535 13860
9536 1386
9537 1386
9538 693
9539 693
9540 1386
9541 1386
9542 693
9543 693
9544 2772
9545 2772
9546 2772
9547 2772
9548 2772
9549 2772
9550 2772
9551 2772
9552 6930
9553 6930
9554 3465
9555 3465
9556 6930
9557 6930
9558 3465
9559 3465
9560 13860
9561 13860
9562 13860
9563 13860
9564 13860
9565 13860
9566 13860
9567 13860
9568 693
9569 693
9570 1386
9571 1386
9572 693
9573 693
9574 1386
9575 1386
9576 2772
9577 2772
9578 2772
9579 2772
9580 2772
9581 2772
9582 2772
9583 2772
9584 3465
9585 3465
9586 6930
9587 6930
9588 3465
9589 3465
9590 6930
9591 6930
9592 13860
9593 13860
9594 13860
9595 13860
9596 13860
9597 13860
9598 13860
9599 13860
9600 5544
9601 5544
9602 5544
9603 5544
9604 5544
9605 5544
9606 5544
9607 5544
9608 5544
9609 5544
9610 5544
9611 5544
9612 5544
9613 5544
9614 5544
9615 5544
9616 27720
9617 27720
9618 27720
9619 27720
9620 27720
9621 27720
9622 27720
9623 27720
9624 27720
9625 27720
9626 27720
9627 27720
9628 27720
9629 27720
9630 27720
9631 27720
9632 5544
9633 5544
9634 5544
9635 5544
9636 5544
9637 5544
9638 5544
9639 5544
9640 5544
9641 5544
9642 5544
9643 5544
9644 5544
9645 5544
9646 5544
9647 5544
9648 27720
9649 27720
9650 27720
9651 27720
9652 27720
9653 27720
9654 27720
9655 27720
9656 27720
9657 27720
9658 27720
9659 27720
9660 27720
9661 27720
9662 27720
9663 27720
9664 5544
9665 5544
9666 5544
9667 5544
9668 5544
9669 5544
9670 5544
9671 5544
9672 5544
9673 5544
9674 5544
9675 5544
9676 5544
9677 5544
9678 5544
9679 5544
9680 27720
9681 27720
9682 27720
9683 27720
9684 27720
9685 27720
9686 27720
9687 27720
9688 27720
9689 27720
9690 27720
9691 27720
9692 27720
9693 27720
9694 27720
9695 27720
9696 5544
9697 5544
9698 5544
9699 5544
9700 5544
9701 5544
9702 5544
9703 5544
9704 5544
9705 5544
9706 5544
9707 5544
9708 5544
9709 5544
9710 5544
9711 5544
9712 27720
9713 27720
9714 27720
9715 27720
9716 27720
9717 27720
9718 27720
9719 27720
9720 27720
9721 27720
9722 27720
9723 27720
9724 27720
9725 27720
9726 27720
9727 27720
9728 385
9729 385
9730 770
9731 770
9732 1155
9733 1155
9734 2310
9735 2310
9736 1540
9737 1540
9738 1540
9739 1540
9740 4620
9741 4620
9742 4620
9743 4620
9744 385
9745 385
9746 770
9747 770
9748 1155
9749 1155
9750 2310
9751 2310
9752 1540
9753 1540
9754 1540
9755 1540
9756 4620
9757 4620
9758 4620
9759 4620
9760 2310
9761 2310
9762 1155
9763 1155
9764 770
9765 770
9766 385
9767 385
9768 4620
9769 4620
9770 4620
9771 4620
9772 1540
9773 1540
9774 1540
9775 1540
9776 2310
9777 2310
9778 1155
9779 1155
9780 770
9781 770
9782 385
9783 385
9784 4620
9785 4620
9786 4620
9787 4620
9788 1540
9789 1540
9790 1540
9791 1540
9792 385
9793 385
9794 770
9795 770
9796 1155
9797 1155
9798 2310
9799 2310
9800 1540
9801 1540
9802 1540
9803 1540
9804 4620
9805 4620
9806 4620
9807 4620
9808 385
9809 385
9810 770
9811 770
9812 1155
9813 1155
9814 2310
9815 2310
9816 1540
9817 1540
9818 1540
9819 1540
9820 4620
9821 4620
9822 4620
9823 4620
9824 2310
9825 2310
9826 1155
9827 1155
9828 770
9829 770
9830 385
9831 385
9832 4620
9833 4620
9834 4620
9835 4620
9836 1540
9837 1540
9838 1540
9839 1540
9840 2310
9841 2310
9842 1155
9843 1155
9844 770
9845 770
9846 385
9847 385
9848 4620
9849 4620
9850 4620
9851 4620
9852 1540
9853 1540
9854 1540
9855 1540
9856 3080
9857 3080
9858 3080
9859 3080
9860 9240
9861 9240
9862 9240
9863 9240
9864 3080
9865 3080
9866 3080
9867 3080
9868 9240
9869 9240
9870 9240
9871 9240
9872 3080
9873 3080
9874 3080
9875 3080
9876 9240
9877 9240
9878 9240
9879 9240
9880 3080
9881 3080
9882 3080
9883 3080
9884 9240
9885 9240
9886 9240
9887 9240
9888 9240
9889 9240
9890 9240
9891 9240
9892 3080
9893 3080
9894 3080
9895 3080
9896 9240
9897 9240
9898 9240
9899 9240
9900 3080
9901 3080
9902 3080
9903 3080
9904 9240
9905 9240
9906 9240
9907 9240
9908 3080
9909 3080
9910 3080
9911 3080
9912 9240
9913 9240
9914 9240
9915 9240
9916 3080
9917 3080
9918 3080
9919 3080
9920 3080
9921 3080
9922 3080
9923 3080
9924 9240
9925 9240
9926 9240
9927 9240
9928 3080
9929 3080
9930 3080
9931 3080
9932 9240
9933 9240
9934 9240
9935 9240
9936 3080
9937 3080
9938 3080
9939 3080
9940 9240
9941 9240
9942 9240
9943 9240
9944 3080
9945 3080
9946 3080
9947 3080
9948 9240
9949 9240
9950 9240
9951 9240
9952 9240
9953 9240
9954 9240
9955 9240
9956 3080
9957 3080
9958 3080
9959 3080
9960 9240
9961 9240
9962 9240
9963 9240
9964 3080
9965 3080
9966 3080
9967 3080
9968 9240
9969 9240
9970 9240
9971 9240
9972 3080
9973 3080
9974 3080
9975 3080
9976 9240
9977 9240
9978 9240
9979 9240
9980 3080
9981 3080
9982 3080
9983 3080
9984 3465
9985 3465
9986 6930
9987 6930
9988 3465
9989 3465
9990 6930
9991 6930
9992 13860
9993 13860
9994 13860
9995 13860
9996 13860
9997 13860
9998 13860
9999 13860
10000 3465
