1 1
2 2
3 3
4 2
5 2
6 5
7 3
8 2
9 7
10 2
11 2
12 2
13 3
14 3
15 5
16 2
17 11
18 3
19 2
20 2
21 13
22 7
23 2
24 5
25 3
26 2
27 2
28 2
29 2
30 17
31 3
32 3
33 2
34 19
35 5
36 2
37 2
38 7
39 3
40 11
41 2
42 23
43 3
44 2
45 2
46 2
47 5
48 5
49 13
50 2
51 3
52 3
53 3
54 7
55 2
56 2
57 29
58 5
59 3
60 2
61 31
62 2
63 2
64 2
65 2
66 2
67 11
68 3
69 17
70 2
71 7
72 5
73 3
74 3
75 2
76 2
77 37
78 19
79 2
80 13
81 3
82 5
83 2
84 2
85 2
86 41
87 7
88 3
89 2
90 43
91 11
92 2
93 2
94 5
95 3
96 3
97 23
98 2
99 47
100 3
101 2
102 2
103 2
104 2
105 7
106 7
107 5
108 5
109 2
110 17
111 3
112 13
113 2
114 2
115 53
116 3
117 3
118 3
119 2
120 11
121 5
122 7
123 2
124 2
125 2
126 19
127 3
128 29
129 2
130 59
131 5
132 3
133 2
134 2
135 61
136 31
137 2
138 7
139 3
140 3
141 2
142 2
143 2
144 2
145 2
146 2
147 13
148 5
149 11
150 3
151 2
152 67
153 17
154 2
155 2
156 23
157 3
158 7
159 5
160 2
161 71
162 3
163 3
164 2
165 2
166 2
167 73
168 37
169 2
170 5
171 5
172 3
173 19
174 2
175 2
176 11
177 7
178 13
179 3
180 2
181 79
182 5
183 2
184 2
185 2
186 2
187 3
188 3
189 3
190 3
191 41
192 2
193 83
194 7
195 3
196 2
197 2
198 17
199 5
200 43
201 2
202 29
203 3
204 11
205 2
206 2
207 2
208 89
209 5
210 3
211 3
212 2
213 13
214 7
215 23
216 2
217 2
218 31
219 3
220 47
221 2
222 19
223 5
224 3
225 2
226 2
227 2
228 2
229 2
230 97
231 7
232 7
233 2
234 11
235 3
236 3
237 5
238 5
239 2
240 2
241 101
242 17
243 3
244 2
245 103
246 13
247 2
248 2
249 2
250 7
251 5
252 3
253 53
254 2
255 107
256 3
257 3
258 3
259 2
260 2
261 109
262 11
263 5
264 2
265 37
266 3
267 7
268 2
269 2
270 2
271 2
272 113
273 19
274 3
275 2
276 23
277 5
278 29
279 2
280 2
281 13
282 3
283 3
284 59
285 2
286 17
287 7
288 5
289 3
290 2
291 2
292 2
293 11
294 11
295 61
296 2
297 41
298 3
299 31
300 2
301 2
302 5
303 5
304 5
305 7
306 3
307 3
308 2
309 127
310 2
311 2
312 2
313 2
314 2
315 2
316 2
317 43
318 3
319 13
320 5
321 2
322 131
323 11
324 3
325 2
326 2
327 19
328 7
329 67
330 2
331 5
332 3
333 3
334 3
335 17
336 2
337 2
338 2
339 137
340 23
341 3
342 2
343 139
344 7
345 5
346 2
347 2
348 47
349 3
350 71
351 2
352 13
353 11
354 3
355 3
356 2
357 2
358 2
359 2
360 29
361 5
362 73
363 2
364 7
365 7
366 3
367 37
368 2
369 2
370 149
371 5
372 5
373 3
374 2
375 151
376 19
377 2
378 2
379 2
380 17
381 3
382 3
383 11
384 7
385 2
386 31
387 5
388 13
389 3
390 2
391 2
392 157
393 79
394 2
395 53
396 3
397 5
398 2
399 2
400 2
401 2
402 2
403 23
404 7
405 3
406 3
407 3
408 3
409 2
410 163
411 41
412 2
413 2
414 11
415 5
416 3
417 83
418 2
419 167
420 7
421 3
422 2
423 2
424 2
425 13
426 13
427 17
428 5
429 2
430 19
431 3
432 3
433 43
434 2
435 2
436 173
437 29
438 3
439 2
440 7
441 5
442 5
443 11
444 2
445 2
446 2
447 2
448 59
449 3
450 89
451 2
452 179
453 5
454 3
455 3
456 2
457 2
458 181
459 13
460 7
461 2
462 61
463 3
464 23
465 2
466 2
467 2
468 37
469 5
470 31
471 3
472 2
473 17
474 11
475 47
476 2
477 2
478 7
479 3
480 3
481 3
482 19
483 5
484 2
485 191
486 3
487 2
488 2
489 2
490 2
491 2
492 2
493 193
494 97
495 2
496 13
497 5
498 3
499 7
500 7
501 2
502 2
503 197
504 11
505 3
506 3
507 2
508 199
509 5
510 5
511 2
512 2
513 2
514 67
515 3
516 101
517 2
518 29
519 7
520 17
521 3
522 2
523 2
524 41
525 5
526 103
527 2
528 23
529 3
530 3
531 13
532 2
533 2
534 2
535 2
536 19
537 11
538 7
539 5
540 3
541 2
542 211
543 53
544 2
545 2
546 71
547 3
548 107
549 2
550 43
551 5
552 3
553 3
554 3
555 2
556 2
557 2
558 31
559 7
560 109
561 2
562 73
563 3
564 11
565 5
566 2
567 2
568 17
569 13
570 37
571 3
572 2
573 223
574 7
575 2
576 2
577 2
578 2
579 2
580 5
581 5
582 3
583 3
584 113
585 2
586 227
587 19
588 3
589 2
590 2
591 229
592 23
593 5
594 2
595 11
596 7
597 3
598 29
599 2
600 2
601 2
602 233
603 13
604 3
605 3
606 2
607 47
608 5
609 59
610 2
611 2
612 79
613 3
614 17
615 7
616 2
617 239
618 5
619 3
620 2
621 2
622 2
623 2
624 241
625 11
626 11
627 2
628 3
629 3
630 3
631 3
632 3
633 61
634 2
635 2
636 7
637 7
638 5
639 41
640 3
641 2
642 19
643 13
644 31
645 2
646 2
647 2
648 83
649 3
650 5
651 5
652 5
653 2
654 251
655 7
656 3
657 3
658 2
659 2
660 23
661 11
662 127
663 2
664 17
665 5
666 3
667 2
668 2
669 2
670 2
671 2
672 2
673 2
674 2
675 257
676 43
677 3
678 2
679 37
680 7
681 13
682 5
683 2
684 2
685 29
686 3
687 3
688 131
689 2
690 263
691 11
692 3
693 2
694 2
695 2
696 53
697 5
698 19
699 7
700 2
701 89
702 3
703 67
704 2
705 2
706 269
707 5
708 3
709 3
710 3
711 2
712 271
713 17
714 2
715 2
716 2
717 2
718 13
719 7
720 3
721 137
722 2
723 11
724 5
725 5
726 23
727 3
728 2
729 2
730 277
731 139
732 2
733 31
734 3
735 3
736 7
737 5
738 2
739 2
740 2
741 281
742 47
743 3
744 2
745 283
746 71
747 2
748 2
749 19
750 5
751 3
752 13
753 11
754 2
755 41
756 7
757 3
758 3
759 2
760 2
761 2
762 2
763 2
764 17
765 17
766 29
767 5
768 2
769 97
770 3
771 73
772 2
773 2
774 293
775 7
776 7
777 3
778 2
779 59
780 5
781 37
782 2
783 2
784 2
785 11
786 3
787 3
788 3
789 149
790 2
791 23
792 13
793 5
794 5
795 3
796 2
797 2
798 43
799 7
800 151
801 2
802 101
803 3
804 19
805 2
806 2
807 2
808 2
809 61
810 5
811 17
812 3
813 3
814 2
815 307
816 11
817 7
818 2
819 2
820 103
821 3
822 31
823 5
824 2
825 311
826 13
827 3
828 2
829 2
830 2
831 313
832 157
833 2
834 7
835 5
836 3
837 3
838 79
839 2
840 2
841 317
842 53
843 3
844 2
845 29
846 11
847 5
848 2
849 2
850 2
851 2
852 2
853 2
854 107
855 3
856 23
857 7
858 2
859 19
860 17
861 3
862 3
863 3
864 3
865 2
866 2
867 13
868 5
869 5
870 163
871 2
872 109
873 3
874 41
875 2
876 2
877 2
878 47
879 7
880 11
881 5
882 3
883 2
884 331
885 83
886 2
887 2
888 37
889 3
890 3
891 167
892 2
893 67
894 5
895 7
896 3
897 2
898 2
899 2
900 2
901 337
902 13
903 13
904 2
905 113
906 3
907 17
908 5
909 2
910 2
911 31
912 11
913 19
914 3
915 3
916 2
917 7
918 7
919 7
920 43
921 2
922 2
923 2
924 23
925 5
926 3
927 173
928 2
929 347
930 29
931 3
932 2
933 2
934 349
935 7
936 5
937 5
938 2
939 13
940 3
941 3
942 3
943 11
944 2
945 2
946 2
947 2
948 2
949 353
950 59
951 3
952 2
953 71
954 5
955 89
956 2
957 2
958 17
959 7
960 3
961 179
962 2
963 359
964 5
965 3
966 3
967 2
968 2
969 2
970 19
971 19
972 181
973 2
974 11
975 11
976 3
977 13
978 7
979 2
980 2
981 73
982 5
983 61
984 3
985 2
986 367
987 23
988 2
989 2
990 2
991 2
992 41
993 3
994 3
995 37
996 5
997 2
998 53
999 7
1000 31
1001 3
1002 2
1003 2
1004 373
1005 17
1006 11
1007 2
1008 5
1009 5
1010 5
1011 3
1012 47
1013 2
1014 2
1015 2
1016 29
1017 13
1018 7
1019 3
1020 3
1021 3
1022 2
1023 379
1024 19
1025 5
1026 2
1027 2
1028 127
1029 3
1030 191
1031 2
1032 383
1033 3
1034 2
1035 2
1036 2
1037 2
1038 2
1039 2
1040 2
1041 11
1042 7
1043 5
1044 193
1045 2
1046 43
1047 3
1048 3
1049 97
1050 2
1051 2
1052 389
1053 13
1054 5
1055 3
1056 2
1057 23
1058 17
1059 7
1060 7
1061 2
1062 2
1063 2
1064 131
1065 3
1066 197
1067 2
1068 79
1069 5
1070 11
1071 3
1072 3
1073 2
1074 2
1075 397
1076 199
1077 2
1078 19
1079 7
1080 3
1081 5
1082 5
1083 2
1084 2
1085 2
1086 2
1087 401
1088 67
1089 3
1090 2
1091 31
1092 13
1093 101
1094 2
1095 2
1096 5
1097 3
1098 3
1099 3
1100 3
1101 29
1102 7
1103 2
1104 37
1105 11
1106 17
1107 3
1108 2
1109 2
1110 2
1111 409
1112 41
1113 5
1114 2
1115 137
1116 3
1117 103
1118 2
1119 2
1120 59
1121 7
1122 23
1123 3
1124 3
1125 2
1126 83
1127 5
1128 13
1129 2
1130 2
1131 2
1132 2
1133 2
1134 139
1135 3
1136 19
1137 11
1138 2
1139 419
1140 7
1141 5
1142 3
1143 2
1144 2
1145 421
1146 211
1147 2
1148 47
1149 3
1150 3
1151 53
1152 2
1153 2
1154 2
1155 17
1156 5
1157 5
1158 71
1159 3
1160 2
1161 61
1162 7
1163 107
1164 2
1165 2
1166 13
1167 11
1168 3
1169 43
1170 5
1171 2
1172 431
1173 3
1174 3
1175 3
1176 2
1177 2
1178 2
1179 2
1180 433
1181 31
1182 7
1183 2
1184 29
1185 5
1186 3
1187 109
1188 2
1189 2
1190 23
1191 19
1192 73
1193 3
1194 2
1195 439
1196 11
1197 5
1198 2
1199 2
1200 2
1201 7
1202 7
1203 3
1204 3
1205 17
1206 13
1207 2
1208 443
1209 37
1210 3
1211 2
1212 2
1213 89
1214 5
1215 223
1216 2
1217 149
1218 3
1219 7
1220 2
1221 2
1222 2
1223 2
1224 2
1225 2
1226 449
1227 5
1228 5
1229 3
1230 3
1231 2
1232 41
1233 11
1234 113
1235 2
1236 2
1237 151
1238 3
1239 227
1240 2
1241 13
1242 7
1243 5
1244 19
1245 3
1246 2
1247 2
1248 2
1249 457
1250 229
1251 2
1252 17
1253 3
1254 3
1255 3
1256 23
1257 5
1258 2
1259 2
1260 461
1261 11
1262 7
1263 3
1264 2
1265 463
1266 29
1267 2
1268 2
1269 2
1270 2
1271 31
1272 5
1273 3
1274 233
1275 2
1276 467
1277 13
1278 3
1279 3
1280 2
1281 2
1282 67
1283 7
1284 47
1285 5
1286 2
1287 157
1288 3
1289 59
1290 2
1291 2
1292 2
1293 43
1294 11
1295 79
1296 3
1297 2
1298 19
1299 5
1300 5
1301 17
1302 7
1303 2
1304 2
1305 53
1306 3
1307 3
1308 239
1309 2
1310 479
1311 5
1312 3
1313 2
1314 2
1315 2
1316 2
1317 2
1318 37
1319 13
1320 241
1321 2
1322 23
1323 7
1324 3
1325 11
1326 11
1327 2
1328 2
1329 97
1330 5
1331 3
1332 3
1333 3
1334 3
1335 3
1336 2
1337 487
1338 61
1339 2
1340 2
1341 2
1342 163
1343 3
1344 7
1345 7
1346 5
1347 2
1348 491
1349 41
1350 3
1351 2
1352 2
1353 29
1354 17
1355 19
1356 13
1357 2
1358 11
1359 5
1360 3
1361 3
1362 31
1363 2
1364 2
1365 2
1366 2
1367 71
1368 7
1369 83
1370 3
1371 2
1372 499
1373 5
1374 5
1375 5
1376 2
1377 2
1378 167
1379 3
1380 251
1381 2
1382 503
1383 7
1384 3
1385 3
1386 2
1387 2
1388 2
1389 101
1390 5
1391 23
1392 11
1393 2
1394 13
1395 13
1396 3
1397 127
1398 2
1399 2
1400 509
1401 17
1402 5
1403 3
1404 2
1405 73
1406 7
1407 2
1408 2
1409 2
1410 2
1411 2
1412 2
1413 2
1414 2
1415 2
1416 19
1417 3
1418 3
1419 3
1420 257
1421 2
1422 103
1423 5
1424 43
1425 3
1426 2
1427 2
1428 47
1429 11
1430 37
1431 7
1432 2
1433 173
1434 3
1435 13
1436 5
1437 2
1438 2
1439 2
1440 521
1441 29
1442 3
1443 3
1444 2
1445 523
1446 131
1447 2
1448 2
1449 7
1450 5
1451 5
1452 3
1453 263
1454 2
1455 31
1456 17
1457 11
1458 3
1459 2
1460 2
1461 2
1462 2
1463 23
1464 23
1465 53
1466 5
1467 2
1468 59
1469 3
1470 3
1471 19
1472 7
1473 2
1474 2
1475 41
1476 13
1477 89
1478 3
1479 2
1480 107
1481 5
1482 67
1483 2
1484 2
1485 2
1486 179
1487 3
1488 269
1489 2
1490 11
1491 7
1492 7
1493 5
1494 3
1495 3
1496 3
1497 2
1498 2
1499 541
1500 271
1501 2
1502 181
1503 3
1504 17
1505 2
1506 2
1507 2
1508 2
1509 2
1510 109
1511 5
1512 13
1513 7
1514 3
1515 2
1516 547
1517 137
1518 2
1519 2
1520 61
1521 3
1522 3
1523 11
1524 5
1525 5
1526 2
1527 29
1528 19
1529 23
1530 3
1531 2
1532 2
1533 2
1534 79
1535 7
1536 277
1537 2
1538 37
1539 5
1540 3
1541 139
1542 2
1543 2
1544 557
1545 31
1546 3
1547 3
1548 2
1549 43
1550 13
1551 7
1552 5
1553 2
1554 2
1555 2
1556 2
1557 17
1558 11
1559 3
1560 281
1561 2
1562 563
1563 47
1564 3
1565 2
1566 2
1567 113
1568 5
1569 283
1570 2
1571 7
1572 3
1573 3
1574 3
1575 3
1576 71
1577 2
1578 2
1579 2
1580 569
1581 19
1582 5
1583 3
1584 2
1585 571
1586 13
1587 11
1588 2
1589 2
1590 191
1591 3
1592 41
1593 7
1594 2
1595 23
1596 5
1597 5
1598 3
1599 3
1600 2
1601 2
1602 2
1603 2
1604 2
1605 2
1606 577
1607 17
1608 17
1609 2
1610 193
1611 3
1612 29
1613 5
1614 2
1615 2
1616 83
1617 7
1618 97
1619 3
1620 2
1621 53
1622 11
1623 73
1624 2
1625 2
1626 2
1627 13
1628 5
1629 3
1630 3
1631 293
1632 2
1633 587
1634 7
1635 7
1636 3
1637 2
1638 2
1639 31
1640 19
1641 59
1642 5
1643 2
1644 197
1645 3
1646 37
1647 2
1648 2
1649 2
1650 2
1651 593
1652 11
1653 3
1654 3
1655 3
1656 2
1657 17
1658 7
1659 5
1660 149
1661 2
1662 2
1663 199
1664 3
1665 23
1666 13
1667 2
1668 599
1669 5
1670 5
1671 3
1672 2
1673 2
1674 2
1675 601
1676 43
1677 7
1678 2
1679 67
1680 3
1681 3
1682 151
1683 2
1684 2
1685 11
1686 11
1687 5
1688 101
1689 3
1690 2
1691 607
1692 19
1693 2
1694 2
1695 2
1696 2
1697 2
1698 29
1699 7
1700 3
1701 61
1702 5
1703 2
1704 47
1705 13
1706 17
1707 3
1708 3
1709 2
1710 2
1711 613
1712 307
1713 2
1714 41
1715 5
1716 3
1717 11
1718 7
1719 2
1720 2
1721 2
1722 617
1723 103
1724 3
1725 2
1726 619
1727 31
1728 5
1729 2
1730 2
1731 23
1732 3
1733 3
1734 3
1735 311
1736 2
1737 89
1738 7
1739 13
1740 3
1741 2
1742 2
1743 2
1744 2
1745 5
1746 5
1747 5
1748 5
1749 313
1750 2
1751 19
1752 11
1753 3
1754 157
1755 2
1756 2
1757 37
1758 17
1759 7
1760 5
1761 3
1762 3
1763 2
1764 631
1765 79
1766 2
1767 2
1768 2
1769 211
1770 3
1771 317
1772 2
1773 127
1774 5
1775 53
1776 3
1777 2
1778 2
1779 13
1780 7
1781 7
1782 29
1783 11
1784 2
1785 71
1786 3
1787 3
1788 5
1789 2
1790 2
1791 2
1792 2
1793 2
1794 2
1795 2
1796 641
1797 107
1798 3
1799 2
1800 643
1801 23
1802 7
1803 2
1804 2
1805 43
1806 5
1807 3
1808 19
1809 17
1810 2
1811 647
1812 3
1813 3
1814 3
1815 3
1816 2
1817 2
1818 2
1819 59
1820 11
1821 13
1822 5
1823 5
1824 2
1825 31
1826 7
1827 3
1828 163
1829 2
1830 2
1831 653
1832 109
1833 3
1834 2
1835 131
1836 5
1837 41
1838 2
1839 2
1840 2
1841 2
1842 73
1843 3
1844 3
1845 47
1846 7
1847 2
1848 659
1849 11
1850 5
1851 3
1852 2
1853 2
1854 661
1855 331
1856 2
1857 17
1858 13
1859 3
1860 83
1861 2
1862 2
1863 2
1864 19
1865 7
1866 5
1867 37
1868 3
1869 3
1870 2
1871 29
1872 23
1873 167
1874 2
1875 2
1876 223
1877 3
1878 67
1879 5
1880 2
1881 61
1882 11
1883 7
1884 3
1885 2
1886 2
1887 2
1888 2
1889 2
1890 673
1891 337
1892 2
1893 5
1894 5
1895 3
1896 3
1897 3
1898 13
1899 13
1900 2
1901 2
1902 677
1903 113
1904 3
1905 2
1906 97
1907 7
1908 17
1909 5
1910 2
1911 2
1912 2
1913 227
1914 3
1915 31
1916 11
1917 2
1918 683
1919 19
1920 3
1921 3
1922 2
1923 2
1924 137
1925 5
1926 7
1927 7
1928 7
1929 2
1930 229
1931 3
1932 43
1933 2
1934 2
1935 2
1936 2
1937 53
1938 13
1939 23
1940 5
1941 3
1942 2
1943 691
1944 173
1945 2
1946 2
1947 11
1948 7
1949 3
1950 3
1951 347
1952 2
1953 139
1954 5
1955 29
1956 3
1957 2
1958 2
1959 2
1960 41
1961 17
1962 349
1963 2
1964 233
1965 3
1966 7
1967 5
1968 5
1969 2
1970 2
1971 701
1972 13
1973 3
1974 3
1975 3
1976 2
1977 37
1978 19
1979 11
1980 2
1981 2
1982 2
1983 2
1984 2
1985 2
1986 47
1987 5
1988 3
1989 353
1990 2
1991 101
1992 7
1993 59
1994 3
1995 2
1996 2
1997 709
1998 71
1999 5
2000 2
2001 79
2002 3
2003 3
2004 89
2005 2
2006 2
2007 2
2008 31
2009 23
2010 17
2011 7
2012 3
2013 2
2014 13
2015 11
2016 5
2017 179
2018 2
2019 2
2020 239
2021 3
2022 359
2023 2
2024 719
2025 5
2026 3
2027 3
2028 2
2029 2
2030 2
2031 2
2032 103
2033 7
2034 19
2035 19
2036 2
2037 241
2038 3
2039 181
2040 2
2041 2
2042 29
2043 5
2044 5
2045 11
2046 11
2047 3
2048 2
2049 727
2050 13
2051 7
2052 2
2053 2
2054 2
2055 3
2056 3
2057 3
2058 3
2059 3
2060 3
2061 73
2062 5
2063 2
2064 43
2065 17
2066 61
2067 3
2068 2
2069 2
2070 733
2071 367
2072 2
2073 7
2074 7
2075 5
2076 3
2077 23
2078 2
2079 2
2080 2
2081 2
2082 2
2083 67
2084 11
2085 41
2086 3
2087 3
2088 2
2089 739
2090 37
2091 5
2092 2
2093 2
2094 19
2095 13
2096 3
2097 53
2098 7
2099 2
2100 743
2101 31
2102 3
2103 2
2104 2
2105 2
2106 149
2107 5
2108 373
2109 2
2110 83
2111 3
2112 3
2113 17
2114 11
2115 2
2116 2
2117 107
2118 7
2119 5
2120 5
2121 5
2122 3
2123 2
2124 751
2125 47
2126 2
2127 2
2128 2
2129 2
2130 251
2131 3
2132 29
2133 13
2134 2
2135 151
2136 5
2137 7
2138 3
2139 3
2140 3
2141 2
2142 2
2143 757
2144 379
2145 2
2146 23
2147 11
2148 3
2149 19
2150 5
2151 2
2152 2
2153 2
2154 761
2155 127
2156 3
2157 2
2158 109
2159 7
2160 191
2161 2
2162 2
2163 17
2164 5
2165 3
2166 3
2167 383
2168 2
2169 59
2170 13
2171 3
2172 2
2173 2
2174 2
2175 2
2176 2
2177 2
2178 2
2179 2
2180 769
2181 11
2182 7
2183 5
2184 2
2185 257
2186 3
2187 193
2188 2
2189 2
2190 773
2191 43
2192 3
2193 3
2194 2
2195 31
2196 5
2197 5
2198 97
2199 2
2200 2
2201 2
2202 37
2203 7
2204 3
2205 389
2206 2
2207 41
2208 19
2209 13
2210 5
2211 3
2212 2
2213 2
2214 71
2215 11
2216 23
2217 17
2218 2
2219 29
2220 3
2221 3
2222 3
2223 7
2224 7
2225 2
2226 2
2227 2
2228 2
2229 157
2230 5
2231 131
2232 3
2233 2
2234 787
2235 197
2236 2
2237 2
2238 263
2239 3
2240 79
2241 5
2242 2
2243 113
2244 7
2245 11
2246 3
2247 3
2248 2
2249 2
2250 2
2251 61
2252 13
2253 397
2254 2
2255 53
2256 5
2257 3
2258 199
2259 2
2260 2
2261 797
2262 19
2263 7
2264 3
2265 2
2266 47
2267 17
2268 5
2269 5
2270 2
2271 2
2272 2
2273 2
2274 2
2275 89
2276 3
2277 3
2278 401
2279 2
2280 73
2281 11
2282 67
2283 3
2284 2
2285 2
2286 23
2287 7
2288 5
2289 31
2290 13
2291 2
2292 269
2293 3
2294 101
2295 2
2296 2
2297 2
2298 809
2299 5
2300 3
2301 3
2302 3
2303 3
2304 2
2305 811
2306 29
2307 7
2308 2
2309 2
2310 271
2311 3
2312 37
2313 11
2314 2
2315 163
2316 5
2317 17
2318 3
2319 2
2320 2
2321 2
2322 2
2323 43
2324 19
2325 409
2326 2
2327 13
2328 7
2329 3
2330 3
2331 41
2332 5
2333 2
2334 2
2335 821
2336 137
2337 3
2338 2
2339 823
2340 103
2341 2
2342 2
2343 2
2344 11
2345 5
2346 5
2347 3
2348 59
2349 7
2350 2
2351 827
2352 23
2353 3
2354 3
2355 2
2356 2
2357 829
2358 83
2359 5
2360 2
2361 277
2362 3
2363 13
2364 2
2365 2
2366 2
2367 2
2368 2
2369 2
2370 17
2371 7
2372 7
2373 139
2374 3
2375 2
2376 167
2377 5
2378 19
2379 11
2380 2
2381 2
2382 31
2383 3
2384 3
2385 3
2386 419
2387 2
2388 839
2389 7
2390 5
2391 3
2392 2
2393 2
2394 2
2395 29
2396 29
2397 421
2398 2
2399 281
2400 3
2401 211
2402 2
2403 2
2404 13
2405 13
2406 5
2407 47
2408 3
2409 3
2410 2
2411 11
2412 11
2413 7
2414 53
2415 2
2416 2
2417 2
2418 2
2419 283
2420 3
2421 17
2422 5
2423 5
2424 2
2425 37
2426 23
2427 71
2428 3
2429 2
2430 2
2431 853
2432 61
2433 7
2434 2
2435 19
2436 5
2437 3
2438 3
2439 107
2440 2
2441 2
2442 2
2443 857
2444 13
2445 11
2446 3
2447 2
2448 859
2449 43
2450 5
2451 2
2452 2
2453 41
2454 7
2455 3
2456 431
2457 2
2458 863
2459 3
2460 3
2461 3
2462 2
2463 2
2464 2
2465 2
2466 2
2467 173
2468 5
2469 433
2470 2
2471 17
2472 17
2473 3
2474 31
2475 7
2476 2
2477 2
2478 79
2479 11
2480 29
2481 5
2482 3
2483 2
2484 67
2485 13
2486 109
2487 2
2488 2
2489 2
2490 97
2491 3
2492 3
2493 23
2494 19
2495 2
2496 7
2497 5
2498 5
2499 5
2500 73
2501 3
2502 2
2503 2
2504 877
2505 439
2506 2
2507 293
2508 3
2509 11
2510 5
2511 2
2512 2
2513 2
2514 2
2515 881
2516 7
2517 7
2518 3
2519 3
2520 2
2521 883
2522 17
2523 13
2524 2
2525 2
2526 59
2527 5
2528 3
2529 443
2530 2
2531 887
2532 37
2533 3
2534 2
2535 2
2536 2
2537 127
2538 7
2539 89
2540 5
2541 2
2542 11
2543 3
2544 3
2545 3
2546 3
2547 223
2548 2
2549 2
2550 47
2551 19
2552 149
2553 3
2554 2
2555 179
2556 5
2557 7
2558 2
2559 2
2560 2
2561 2
2562 2
2563 2
2564 2
2565 23
2566 13
2567 3
2568 449
2569 2
2570 31
2571 29
2572 5
2573 5
2574 3
2575 3
2576 2
2577 2
2578 53
2579 17
2580 41
2581 11
2582 2
2583 43
2584 7
2585 3
2586 113
2587 2
2588 2
2589 2
2590 181
2591 5
2592 151
2593 3
2594 2
2595 907
2596 227
2597 2
2598 2
2599 101
2600 3
2601 3
2602 13
2603 7
2604 5
2605 2
2606 911
2607 19
2608 3
2609 2
2610 2
2611 2
2612 2
2613 83
2614 11
2615 457
2616 2
2617 61
2618 5
2619 3
2620 229
2621 2
2622 2
2623 131
2624 7
2625 17
2626 3
2627 3
2628 3
2629 2
2630 919
2631 23
2632 5
2633 2
2634 2
2635 2
2636 307
2637 3
2638 461
2639 2
2640 71
2641 13
2642 11
2643 7
2644 3
2645 2
2646 2
2647 37
2648 5
2649 5
2650 463
2651 2
2652 103
2653 3
2654 3
2655 29
2656 2
2657 2
2658 2
2659 2
2660 2
2661 929
2662 31
2663 5
2664 3
2665 2
2666 19
2667 7
2668 7
2669 233
2670 2
2671 2
2672 311
2673 3
2674 467
2675 2
2676 17
2677 11
2678 5
2679 13
2680 3
2681 3
2682 2
2683 2
2684 2
2685 937
2686 67
2687 7
2688 2
2689 313
2690 3
2691 47
2692 5
2693 2
2694 2
2695 941
2696 157
2697 3
2698 2
2699 41
2700 23
2701 59
2702 2
2703 2
2704 2
2705 2
2706 7
2707 5
2708 3
2709 3
2710 3
2711 43
2712 11
2713 2
2714 947
2715 79
2716 3
2717 2
2718 2
2719 73
2720 13
2721 19
2722 5
2723 5
2724 2
2725 317
2726 3
2727 17
2728 7
2729 2
2730 2
2731 2
2732 953
2733 53
2734 3
2735 3
2736 2
2737 191
2738 5
2739 239
2740 2
2741 2
2742 29
2743 11
2744 3
2745 479
2746 2
2747 137
2748 7
2749 5
2750 3
2751 2
2752 2
2753 2
2754 2
2755 2
2756 2
2757 31
2758 31
2759 37
2760 13
2761 2
2762 107
2763 3
2764 3
2765 241
2766 2
2767 2
2768 193
2769 5
2770 23
2771 7
2772 3
2773 2
2774 967
2775 11
2776 11
2777 2
2778 2
2779 2
2780 19
2781 17
2782 3
2783 97
2784 5
2785 2
2786 971
2787 3
2788 3
2789 3
2790 3
2791 3
2792 2
2793 2
2794 139
2795 7
2796 487
2797 2
2798 13
2799 5
2800 5
2801 3
2802 61
2803 2
2804 2
2805 2
2806 2
2807 977
2808 163
2809 3
2810 2
2811 89
2812 11
2813 7
2814 7
2815 5
2816 2
2817 2
2818 109
2819 3
2820 3
2821 491
2822 2
2823 983
2824 41
2825 3
2826 2
2827 2
2828 2
2829 197
2830 5
2831 29
2832 17
2833 2
2834 47
2835 7
2836 3
2837 19
2838 13
2839 2
2840 2
2841 43
2842 23
2843 11
2844 5
2845 3
2846 3
2847 2
2848 991
2849 31
2850 2
2851 2
2852 2
2853 2
2854 2
2855 331
2856 3
2857 71
2858 7
2859 2
2860 199
2861 5
2862 83
2863 3
2864 2
2865 2
2866 997
2867 499
2868 2
2869 37
2870 3
2871 3
2872 3
2873 5
2874 5
2875 5
2876 2
2877 2
2878 2
2879 13
2880 11
2881 7
2882 167
2883 3
2884 2
2885 59
2886 17
2887 251
2888 2
2889 2
2890 67
2891 5
2892 3
2893 503
2894 2
2895 53
2896 19
2897 7
2898 3
2899 3
2900 2
2901 2
2902 2
2903 2
2904 1009
2905 101
2906 5
2907 2
2908 337
2909 3
2910 23
2911 11
2912 2
2913 2
2914 1013
2915 13
2916 13
2917 3
2918 2
2919 29
2920 7
2921 5
2922 127
2923 2
2924 2
2925 2
2926 113
2927 3
2928 3
2929 509
2930 2
2931 1019
2932 17
2933 5
2934 3
2935 2
2936 2
2937 1021
2938 73
2939 7
2940 2
2941 31
2942 11
2943 3
2944 2
2945 2
2946 2
2947 2
2948 2
2949 2
2950 2
2951 2
2952 2
2953 2
2954 41
2955 5
2956 5
2957 19
2958 3
2959 3
2960 3
2961 2
2962 79
2963 13
2964 257
2965 2
2966 2
2967 7
2968 7
2969 7
2970 3
2971 103
2972 5
2973 2
2974 1031
2975 43
2976 3
2977 2
2978 2
2979 2
2980 1033
2981 47
2982 11
2983 2
2984 23
2985 5
2986 3
2987 3
2988 37
2989 7
2990 2
2991 2
2992 61
2993 17
2994 173
2995 3
2996 2
2997 1039
2998 13
2999 5
3000 2
3001 2
3002 2
3003 2
3004 347
3005 3
3006 521
3007 2
3008 149
3009 7
3010 29
3011 3
3012 3
3013 2
3014 2
3015 19
3016 11
3017 5
3018 523
3019 2
3020 349
3021 3
3022 131
3023 2
3024 2
3025 2
3026 1049
3027 7
3028 5
3029 5
3030 3
3031 2
3032 1051
3033 263
3034 2
3035 2
3036 13
3037 3
3038 3
3039 3
3040 3
3041 31
3042 17
3043 2
3044 211
3045 5
3046 11
3047 3
3048 2
3049 2
3050 2
3051 2
3052 2
3053 151
3054 7
3055 23
3056 23
3057 2
3058 353
3059 3
3060 53
3061 5
3062 2
3063 2
3064 1061
3065 59
3066 3
3067 3
3068 2
3069 1063
3070 19
3071 7
3072 2
3073 2
3074 2
3075 71
3076 5
3077 3
3078 41
3079 13
3080 2
3081 97
3082 11
3083 89
3084 3
3085 2
3086 2
3087 1069
3088 107
3089 5
3090 2
3091 17
3092 7
3093 3
3094 3
3095 67
3096 2
3097 2
3098 2
3099 2
3100 37
3101 29
3102 179
3103 3
3104 2
3105 43
3106 5
3107 5
3108 269
3109 2
3110 2
3111 359
3112 3
3113 11
3114 7
3115 7
3116 2
3117 83
3118 13
3119 5
3120 3
3121 3
3122 3
3123 2
3124 2
3125 2
3126 47
3127 23
3128 541
3129 2
3130 19
3131 19
3132 3
3133 271
3134 2
3135 2
3136 31
3137 7
3138 5
3139 181
3140 3
3141 2
3142 1087
3143 17
3144 2
3145 2
3146 2
3147 2
3148 2
3149 2
3150 11
3151 11
3152 3
3153 3
3154 109
3155 5
3156 2
3157 1091
3158 13
3159 7
3160 3
3161 2
3162 2
3163 1093
3164 547
3165 2
3166 73
3167 5
3168 3
3169 137
3170 2
3171 2
3172 2
3173 1097
3174 61
3175 3
3176 3
3177 2
3178 157
3179 7
3180 11
3181 5
3182 5
3183 2
3184 2
3185 367
3186 3
3187 29
3188 19
3189 2
3190 1103
3191 23
3192 3
3193 2
3194 2
3195 2
3196 2
3197 17
3198 13
3199 5
3200 79
3201 7
3202 2
3203 41
3204 3
3205 3
3206 3
3207 277
3208 2
3209 2
3210 1109
3211 37
3212 5
3213 3
3214 2
3215 101
3216 11
3217 139
3218 2
3219 2
3220 2
3221 53
3222 7
3223 3
3224 557
3225 2
3226 223
3227 5
3228 31
3229 3
3230 3
3231 2
3232 2
3233 1117
3234 43
3235 13
3236 2
3237 373
3238 3
3239 7
3240 5
3241 2
3242 2
3243 2
3244 2
3245 2
3246 59
3247 19
3248 17
3249 11
3250 3
3251 2
3252 1123
3253 281
3254 2
3255 2
3256 5
3257 5
3258 5
3259 3
3260 3
3261 563
3262 2
3263 23
3264 7
3265 7
3266 47
3267 3
3268 2
3269 2
3270 2
3271 1129
3272 113
3273 5
3274 2
3275 29
3276 13
3277 3
3278 283
3279 2
3280 2
3281 103
3282 11
3283 7
3284 3
3285 3
3286 3
3287 3
3288 2
3289 227
3290 5
3291 71
3292 2
3293 2
3294 2
3295 2
3296 379
3297 3
3298 569
3299 2
3300 67
3301 17
3302 19
3303 5
3304 3
3305 2
3306 2
3307 163
3308 7
3309 571
3310 2
3311 127
3312 3
3313 3
3314 13
3315 11
3316 2
3317 2
3318 2
3319 229
3320 5
3321 191
3322 3
3323 2
3324 37
3325 31
3326 41
3327 7
3328 2
3329 2
3330 383
3331 3
3332 23
3333 5
3334 5
3335 2
3336 1151
3337 3
3338 3
3339 2
3340 2
3341 2
3342 2
3343 2
3344 2
3345 2
3346 1153
3347 577
3348 2
3349 11
3350 7
3351 5
3352 3
3353 17
3354 17
3355 2
3356 2
3357 89
3358 13
3359 193
3360 3
3361 2
3362 61
3363 19
3364 29
3365 5
3366 2
3367 2
3368 2
3369 43
3370 3
3371 3
3372 3
3373 83
3374 7
3375 2
3376 1163
3377 97
3378 3
3379 2
3380 2
3381 233
3382 5
3383 53
3384 11
3385 2
3386 389
3387 3
3388 73
3389 2
3390 2
3391 2
3392 2
3393 167
3394 7
3395 13
3396 5
3397 3
3398 3
3399 2
3400 1171
3401 293
3402 2
3403 2
3404 23
3405 17
3406 3
3407 587
3408 2
3409 47
3410 5
3411 5
3412 7
3413 7
3414 3
3415 2
3416 2
3417 2
3418 107
3419 11
3420 31
3421 19
3422 2
3423 131
3424 3
3425 3
3426 59
3427 5
3428 2
3429 2
3430 1181
3431 197
3432 3
3433 2
3434 13
3435 13
3436 7
3437 37
3438 2
3439 2
3440 2
3441 2
3442 2
3443 79
3444 5
3445 3
3446 593
3447 2
3448 1187
3449 11
3450 3
3451 3
3452 3
3453 2
3454 2
3455 41
3456 29
3457 17
3458 7
3459 5
3460 2
3461 397
3462 3
3463 149
3464 2
3465 2
3466 2
3467 1193
3468 199
3469 3
3470 2
3471 239
3472 5
3473 23
3474 13
3475 2
3476 2
3477 19
3478 7
3479 3
3480 3
3481 599
3482 2
3483 109
3484 11
3485 5
3486 5
3487 3
3488 2
3489 2
3490 2
3491 2
3492 1201
3493 601
3494 2
3495 401
3496 3
3497 43
3498 7
3499 2
3500 2
3501 241
3502 5
3503 67
3504 3
3505 3
3506 2
3507 71
3508 17
3509 151
3510 2
3511 2
3512 2
3513 31
3514 13
3515 3
3516 11
3517 11
3518 5
3519 2
3520 173
3521 7
3522 101
3523 3
3524 2
3525 2
3526 1213
3527 607
3528 2
3529 5
3530 3
3531 3
3532 3
3533 3
3534 3
3535 19
3536 2
3537 2
3538 2
3539 2
3540 2
3541 2
3542 1217
3543 29
3544 7
3545 3
3546 2
3547 53
3548 23
3549 61
3550 5
3551 2
3552 2
3553 37
3554 11
3555 3
3556 47
3557 13
3558 2
3559 1223
3560 17
3561 3
3562 3
3563 2
3564 2
3565 2
3566 7
3567 7
3568 5
3569 5
3570 613
3571 2
3572 409
3573 3
3574 307
3575 2
3576 2
3577 1229
3578 41
3579 5
3580 3
3581 2
3582 1231
3583 11
3584 7
3585 2
3586 2
3587 2
3588 2
3589 137
3590 3
3591 3
3592 617
3593 2
3594 19
3595 13
3596 5
3597 103
3598 3
3599 2
3600 2
3601 1237
3602 619
3603 2
3604 59
3605 7
3606 3
3607 31
3608 5
3609 2
3610 2
3611 2
3612 73
3613 17
3614 23
3615 3
3616 3
3617 3
3618 2
3619 113
3620 11
3621 311
3622 2
3623 2
3624 83
3625 5
3626 3
3627 89
3628 7
3629 2
3630 43
3631 29
3632 13
3633 3
3634 2
3635 2
3636 2
3637 2
3638 2
3639 1249
3640 5
3641 5
3642 5
3643 5
3644 2
3645 139
3646 3
3647 3
3648 313
3649 2
3650 2
3651 179
3652 7
3653 19
3654 11
3655 3
3656 2
3657 251
3658 5
3659 157
3660 2
3661 2
3662 2
3663 419
3664 3
3665 37
3666 17
3667 2
3668 1259
3669 7
3670 5
3671 3
3672 3
3673 2
3674 2
3675 97
3676 13
3677 631
3678 2
3679 421
3680 3
3681 79
3682 2
3683 2
3684 2
3685 2
3686 23
3687 11
3688 5
3689 211
3690 3
3691 2
3692 181
3693 7
3694 317
3695 2
3696 2
3697 47
3698 3
3699 3
3700 3
3701 127
3702 5
3703 2
3704 41
3705 31
3706 53
3707 3
3708 2
3709 2
3710 2
3711 67
3712 19
3713 13
3714 7
3715 7
3716 2
3717 17
3718 5
3719 5
3720 3
3721 29
3722 11
3723 2
3724 2
3725 1277
3726 71
3727 3
3728 3
3729 2
3730 1279
3731 5
3732 2
3733 2
3734 2
3735 2
3736 2
3737 2
3738 2
3739 2
3740 61
3741 7
3742 3
3743 641
3744 2
3745 1283
3746 107
3747 3
3748 2
3749 2
3750 257
3751 5
3752 643
3753 2
3754 13
3755 11
3756 3
3757 3
3758 23
3759 7
3760 2
3761 2
3762 2
3763 1289
3764 43
3765 5
3766 3
3767 2
3768 1291
3769 19
3770 17
3771 2
3772 2
3773 431
3774 3
3775 647
3776 2
3777 37
3778 7
3779 5
3780 3
3781 3
3782 3
3783 3
3784 2
3785 2
3786 2
3787 2
3788 1297
3789 59
3790 11
3791 2
3792 433
3793 3
3794 13
3795 5
3796 5
3797 2
3798 2
3799 1301
3800 31
3801 7
3802 3
3803 2
3804 1303
3805 163
3806 2
3807 2
3808 2
3809 29
3810 5
3811 3
3812 3
3813 653
3814 2
3815 1307
3816 109
3817 3
3818 2
3819 2
3820 17
3821 11
3822 7
3823 131
3824 5
3825 2
3826 23
3827 19
3828 3
3829 41
3830 2
3831 2
3832 2
3833 2
3834 2
3835 101
3836 13
3837 73
3838 3
3839 3
3840 2
3841 263
3842 5
3843 47
3844 7
3845 2
3846 2
3847 439
3848 3
3849 659
3850 2
3851 1319
3852 11
3853 5
3854 3
3855 2
3856 2
3857 2
3858 1321
3859 661
3860 2
3861 7
3862 7
3863 3
3864 3
3865 3
3866 331
3867 2
3868 2
3869 53
3870 5
3871 5
3872 17
3873 13
3874 3
3875 2
3876 1327
3877 83
3878 2
3879 2
3880 2
3881 2
3882 443
3883 3
3884 19
3885 7
3886 5
3887 2
3888 11
3889 11
3890 11
3891 37
3892 3
3893 3
3894 2
3895 2
3896 43
3897 31
3898 29
3899 23
3900 2
3901 89
3902 5
3903 3
3904 167
3905 2
3906 2
3907 2
3908 191
3909 7
3910 223
3911 3
3912 2
3913 103
3914 13
3915 67
3916 5
3917 2
3918 2
3919 149
3920 3
3921 3
3922 61
3923 11
3924 2
3925 79
3926 17
3927 7
3928 3
3929 2
3930 2
3931 2
3932 2
3933 2
3934 2
3935 269
3936 5
3937 673
3938 2
3939 449
3940 3
3941 337
3942 2
3943 2
3944 71
3945 19
3946 5
3947 5
3948 3
3949 3
3950 3
3951 2
3952 193
3953 7
3954 13
3955 13
3956 2
3957 2
3958 2
3959 41
3960 11
3961 3
3962 677
3963 2
3964 271
3965 5
3966 113
3967 3
3968 2
3969 2
3970 59
3971 23
3972 97
3973 7
3974 2
3975 151
3976 3
3977 3
3978 17
3979 5
3980 2
3981 2
3982 2
3983 2
3984 1361
3985 227
3986 3
3987 2
3988 47
3989 29
3990 31
3991 11
3992 2
3993 2
3994 13
3995 7
3996 5
3997 3
3998 683
3999 2
4000 1367
4001 19
4002 3
4003 3
4004 2
4005 2
4006 2
4007 37
4008 37
4009 137
4010 5
4011 2
4012 457
4013 3
4014 7
4015 7
4016 7
4017 2
4018 2
4019 1373
4020 229
4021 3
4022 2
4023 11
4024 5
4025 5
4026 5
4027 43
4028 2
4029 2
4030 2
4031 2
4032 2
4033 17
4034 3
4035 3
4036 3
4037 3
4038 53
4039 13
4040 2
4041 197
4042 7
4043 23
4044 5
4045 3
4046 2
4047 2
4048 1381
4049 691
4050 2
4051 461
4052 3
4053 173
4054 2
4055 2
4056 2
4057 277
4058 5
4059 11
4060 7
4061 3
4062 3
4063 2
4064 73
4065 19
4066 347
4067 2
4068 2
4069 463
4070 3
4071 139
4072 5
4073 2
4074 107
4075 13
4076 29
4077 3
4078 2
4079 2
4080 2
4081 2
4082 199
4083 7
4084 41
4085 17
4086 2
4087 31
4088 5
4089 3
4090 3
4091 349
4092 2
4093 2
4094 127
4095 11
4096 233
4097 3
4098 2
4099 1399
4100 7
4101 5
4102 5
4103 2
4104 2
4105 2
4106 467
4107 3
4108 701
4109 2
4110 61
4111 23
4112 13
4113 3
4114 3
4115 3
4116 2
4117 2
4118 281
4119 5
4120 37
4121 19
4122 2
4123 67
4124 7
4125 3
4126 11
4127 2
4128 2
4129 2
4130 2
4131 2
4132 2
4133 2
4134 1409
4135 47
4136 5
4137 3
4138 2
4139 83
4140 17
4141 353
4142 2
4143 2
4144 157
4145 3
4146 3
4147 101
4148 7
4149 2
4150 283
4151 5
4152 59
4153 3
4154 2
4155 2
4156 2
4157 109
4158 13
4159 709
4160 2
4161 43
4162 11
4163 3
4164 71
4165 5
4166 2
4167 2
4168 29
4169 7
4170 7
4171 79
4172 3
4173 3
4174 2
4175 1423
4176 89
4177 2
4178 2
4179 2
4180 2
4181 19
4182 5
4183 5
4184 3
4185 31
4186 23
4187 2
4188 1427
4189 17
4190 7
4191 3
4192 2
4193 2
4194 1429
4195 13
4196 11
4197 5
4198 2
4199 53
4200 3
4201 3
4202 3
4203 179
4204 2
4205 2
4206 2
4207 1433
4208 239
4209 3
4210 2
4211 41
4212 7
4213 5
4214 359
4215 2
4216 2
4217 479
4218 3
4219 719
4220 2
4221 1439
4222 5
4223 3
4224 3
4225 2
4226 2
4227 2
4228 2
4229 2
4230 131
4231 11
4232 103
4233 7
4234 2
4235 37
4236 13
4237 3
4238 19
4239 19
4240 2
4241 2
4242 17
4243 17
4244 5
4245 241
4246 3
4247 2
4248 1447
4249 181
4250 2
4251 2
4252 2
4253 23
4254 7
4255 3
4256 3
4257 29
4258 5
4259 5
4260 2
4261 1451
4262 11
4263 11
4264 3
4265 2
4266 2
4267 1453
4268 727
4269 2
4270 97
4271 5
4272 3
4273 13
4274 7
4275 2
4276 2
4277 2
4278 2
4279 47
4280 31
4281 3
4282 3
4283 3
4284 3
4285 3
4286 3
4287 2
4288 1459
4289 73
4290 5
4291 2
4292 2
4293 487
4294 3
4295 43
4296 17
4297 2
4298 19
4299 11
4300 7
4301 61
4302 3
4303 2
4304 2
4305 2
4306 293
4307 5
4308 733
4309 2
4310 163
4311 3
4312 3
4313 367
4314 2
4315 2
4316 113
4317 13
4318 7
4319 7
4320 5
4321 3
4322 2
4323 1471
4324 23
4325 2
4326 2
4327 2
4328 2
4329 2
4330 2
4331 491
4332 3
4333 67
4334 11
4335 2
4336 59
4337 5
4338 5
4339 41
4340 3
4341 3
4342 2
4343 2
4344 211
4345 7
4346 739
4347 2
4348 29
4349 17
4350 3
4351 37
4352 5
4353 2
4354 2
4355 2
4356 1481
4357 19
4358 13
4359 3
4360 2
4361 1483
4362 53
4363 7
4364 2
4365 2
4366 11
4367 5
4368 3
4369 3
4370 3
4371 743
4372 2
4373 1487
4374 31
4375 3
4376 2
4377 2
4378 2
4379 2
4380 1489
4381 149
4382 5
4383 2
4384 71
4385 7
4386 3
4387 373
4388 2
4389 2
4390 1493
4391 83
4392 3
4393 3
4394 2
4395 23
4396 13
4397 5
4398 17
4399 11
4400 2
4401 2
4402 2
4403 499
4404 3
4405 107
4406 7
4407 2
4408 1499
4409 5
4410 5
4411 5
4412 3
4413 2
4414 2
4415 79
4416 19
4417 751
4418 2
4419 167
4420 3
4421 3
4422 47
4423 2
4424 2
4425 2
4426 2
4427 2
4428 43
4429 7
4430 5
4431 251
4432 3
4433 2
4434 137
4435 11
4436 29
4437 13
4438 2
4439 2
4440 503
4441 3
4442 151
4443 5
4444 2
4445 1511
4446 7
4447 3
4448 3
4449 3
4450 2
4451 2
4452 2
4453 89
4454 17
4455 757
4456 2
4457 101
4458 5
4459 3
4460 379
4461 2
4462 2
4463 41
4464 37
4465 23
4466 11
4467 3
4468 2
4469 31
4470 7
4471 7
4472 19
4473 5
4474 2
4475 2
4476 2
4477 2
4478 13
4479 13
4480 3
4481 3
4482 761
4483 2
4484 1523
4485 127
4486 3
4487 2
4488 2
4489 61
4490 5
4491 5
4492 109
4493 7
4494 2
4495 509
4496 3
4497 191
4498 2
4499 2
4500 2
4501 139
4502 11
4503 17
4504 5
4505 3
4506 3
4507 2
4508 1531
4509 383
4510 2
4511 2
4512 73
4513 7
4514 3
4515 59
4516 13
4517 2
4518 307
4519 5
4520 3
4521 2
4522 2
4523 2
4524 2
4525 2
4526 2
4527 2
4528 2
4529 2
4530 53
4531 29
4532 769
4533 2
4534 19
4535 3
4536 3
4537 3
4538 3
4539 11
4540 7
4541 5
4542 2
4543 2
4544 67
4545 23
4546 257
4547 3
4548 2
4549 1543
4550 193
4551 2
4552 2
4553 2
4554 103
4555 5
4556 3
4557 773
4558 2
4559 17
4560 13
4561 7
4562 43
4563 3
4564 3
4565 2
4566 2
4567 1549
4568 31
4569 5
4570 5
4571 2
4572 47
4573 11
4574 3
4575 97
4576 2
4577 2
4578 2
4579 2
4580 1553
4581 37
4582 7
4583 3
4584 2
4585 311
4586 5
4587 389
4588 2
4589 2
4590 173
4591 3
4592 3
4593 41
4594 19
4595 2
4596 1559
4597 13
4598 5
4599 3
4600 2
4601 2
4602 2
4603 223
4604 7
4605 71
4606 11
4607 2
4608 521
4609 3
4610 23
4611 17
4612 2
4613 2
4614 313
4615 5
4616 29
4617 3
4618 3
4619 3
4620 2
4621 1567
4622 7
4623 7
4624 2
4625 2
4626 2
4627 2
4628 2
4629 523
4630 3
4631 157
4632 5
4633 2
4634 1571
4635 131
4636 3
4637 2
4638 2
4639 13
4640 11
4641 11
4642 787
4643 2
4644 7
4645 5
4646 5
4647 3
4648 3
4649 197
4650 2
4651 2
4652 2
4653 83
4654 19
4655 263
4656 3
4657 2
4658 1579
4659 79
4660 5
4661 2
4662 2
4663 31
4664 17
4665 3
4666 113
4667 7
4668 2
4669 1583
4670 11
4671 3
4672 3
4673 2
4674 2
4675 2
4676 2
4677 317
4678 5
4679 61
4680 13
4681 2
4682 23
4683 23
4684 3
4685 397
4686 2
4687 2
4688 227
4689 7
4690 53
4691 5
4692 3
4693 2
4694 43
4695 37
4696 199
4697 2
4698 2
4699 2
4700 59
4701 3
4702 3
4703 3
4704 797
4705 2
4706 29
4707 11
4708 5
4709 19
4710 7
4711 3
4712 2
4713 2
4714 1597
4715 47
4716 17
4717 2
4718 41
4719 13
4720 3
4721 5
4722 5
4723 2
4724 2
4725 2
4726 2
4727 2
4728 2
4729 1601
4730 89
4731 3
4732 3
4733 2
4734 229
4735 7
4736 401
4737 2
4738 2
4739 107
4740 5
4741 3
4742 73
4743 11
4744 2
4745 1607
4746 67
4747 3
4748 2
4749 2
4750 2
4751 1609
4752 23
4753 7
4754 5
4755 2
4756 179
4757 3
4758 3
4759 31
4760 13
4761 2
4762 2
4763 1613
4764 269
4765 3
4766 2
4767 19
4768 17
4769 5
4770 101
4771 2
4772 2
4773 2
4774 2
4775 11
4776 7
4777 7
4778 3
4779 809
4780 2
4781 1619
4782 5
4783 3
4784 3
4785 3
4786 3
4787 2
4788 2
4789 1621
4790 811
4791 2
4792 541
4793 3
4794 29
4795 7
4796 2
4797 2
4798 2
4799 13
4800 5
4801 5
4802 5
4803 271
4804 3
4805 2
4806 1627
4807 37
4808 11
4809 2
4810 2
4811 181
4812 3
4813 3
4814 163
4815 5
4816 2
4817 233
4818 7
4819 17
4820 3
4821 2
4822 2
4823 2
4824 2
4825 2
4826 71
4827 23
4828 43
4829 19
4830 2
4831 109
4832 5
4833 3
4834 409
4835 2
4836 2
4837 1637
4838 13
4839 7
4840 3
4841 3
4842 2
4843 149
4844 11
4845 41
4846 5
4847 2
4848 2
4849 2
4850 547
4851 3
4852 821
4853 2
4854 53
4855 31
4856 137
4857 3
4858 2
4859 2
4860 47
4861 7
4862 5
4863 823
4864 2
4865 61
4866 3
4867 3
4868 3
4869 103
4870 2
4871 2
4872 2
4873 2
4874 97
4875 17
4876 11
4877 5
4878 5
4879 3
4880 2
4881 127
4882 13
4883 59
4884 7
4885 2
4886 2
4887 29
4888 19
4889 3
4890 827
4891 2
4892 331
4893 5
4894 23
4895 3
4896 3
4897 2
4898 2
4899 2
4900 1657
4901 829
4902 2
4903 79
4904 7
4905 3
4906 83
4907 5
4908 2
4909 2
4910 151
4911 11
4912 277
4913 3
4914 2
4915 1663
4916 13
4917 2
4918 2
4919 2
4920 2
4921 2
4922 2
4923 2
4924 37
4925 5
4926 3
4927 3
4928 17
4929 7
4930 7
4931 2
4932 1667
4933 139
4934 3
4935 2
4936 2
4937 1669
4938 167
4939 5
4940 2
4941 557
4942 3
4943 19
4944 11
4945 2
4946 2
4947 2
4948 239
4949 7
4950 31
4951 3
4952 3
4953 3
4954 2
4955 67
4956 5
4957 5
4958 419
4959 2
4960 2
4961 43
4962 13
4963 3
4964 839
4965 2
4966 73
4967 23
4968 7
4969 5
4970 3
4971 2
4972 2
4973 2
4974 2
4975 41
4976 41
4977 29
4978 29
4979 2
4980 17
4981 11
4982 3
4983 3
4984 421
4985 2
4986 2
4987 337
4988 5
4989 281
4990 3
4991 2
4992 241
4993 7
4994 211
4995 2
4996 2
4997 2
4998 563
4999 3
5000 13
5001 13
5002 5
5003 2
5004 89
5005 19
5006 47
5007 3
5008 3
5009 2
5010 2
5011 1693
5012 11
5013 11
5014 7
5015 2
5016 113
5017 5
5018 3
5019 53
5020 2
5021 2
5022 2
5023 2
5024 2
5025 1697
5026 283
5027 3
5028 2
5029 1699
5030 17
5031 5
5032 5
5033 2
5034 2
5035 7
5036 3
5037 3
5038 3
5039 3
5040 3
5041 37
5042 23
5043 2
5044 131
5045 13
5046 71
5047 3
5048 2
5049 2
5050 2
5051 31
5052 11
5053 5
5054 853
5055 2
5056 569
5057 3
5058 61
5059 7
5060 2
5061 2
5062 1709
5063 19
5064 5
5065 3
5066 3
5067 2
5068 59
5069 29
5070 107
5071 2
5072 2
5073 2
5074 2
5075 571
5076 3
5077 857
5078 2
5079 7
5080 7
5081 7
5082 5
5083 13
5084 11
5085 3
5086 2
5087 2
5088 101
5089 17
5090 859
5091 2
5092 191
5093 3
5094 3
5095 43
5096 5
5097 2
5098 2
5099 2
5100 1721
5101 41
5102 7
5103 3
5104 2
5105 1723
5106 431
5107 2
5108 2
5109 23
5110 5
5111 5
5112 3
5113 863
5114 2
5115 157
5116 11
5117 3
5118 3
5119 3
5120 2
5121 2
5122 2
5123 2
5124 2
5125 2
5126 19
5127 13
5128 7
5129 173
5130 5
5131 2
5132 577
5133 3
5134 433
5135 2
5136 2
5137 1733
5138 17
5139 17
5140 3
5141 2
5142 347
5143 5
5144 31
5145 7
5146 2
5147 2
5148 2
5149 193
5150 3
5151 3
5152 79
5153 11
5154 2
5155 47
5156 37
5157 29
5158 5
5159 3
5160 2
5161 2
5162 1741
5163 67
5164 13
5165 2
5166 83
5167 7
5168 3
5169 109
5170 2
5171 2
5172 2
5173 2
5174 349
5175 5
5176 97
5177 3
5178 3
5179 2
5180 1747
5181 23
5182 19
5183 2
5184 2
5185 53
5186 11
5187 3
5188 7
5189 5
5190 5
5191 5
5192 2
5193 103
5194 17
5195 73
5196 3
5197 2
5198 2
5199 2
5200 1753
5201 877
5202 2
5203 13
5204 5
5205 3
5206 3
5207 3
5208 439
5209 2
5210 2
5211 251
5212 7
5213 293
5214 3
5215 2
5216 1759
5217 11
5218 5
5219 2
5220 2
5221 2
5222 2
5223 2
5224 587
5225 3
5226 881
5227 2
5228 43
5229 41
5230 7
5231 7
5232 3
5233 3
5234 2
5235 2
5236 353
5237 5
5238 883
5239 2
5240 31
5241 19
5242 3
5243 17
5244 13
5245 2
5246 2
5247 2
5248 61
5249 29
5250 59
5251 5
5252 3
5253 2
5254 23
5255 11
5256 7
5257 443
5258 2
5259 2
5260 197
5261 3
5262 3
5263 887
5264 2
5265 71
5266 5
5267 5
5268 37
5269 3
5270 2
5271 2
5272 2
5273 2
5274 1777
5275 127
5276 7
5277 2
5278 593
5279 3
5280 89
5281 5
5282 2
5283 2
5284 137
5285 13
5286 11
5287 3
5288 3
5289 3
5290 3
5291 2
5292 1783
5293 223
5294 2
5295 2
5296 2
5297 17
5298 7
5299 5
5300 3
5301 47
5302 19
5303 2
5304 1787
5305 149
5306 3
5307 2
5308 2
5309 1789
5310 179
5311 5
5312 2
5313 199
5314 3
5315 3
5316 7
5317 2
5318 2
5319 2
5320 2
5321 2
5322 2
5323 2
5324 2
5325 163
5326 11
5327 23
5328 13
5329 3
5330 2
5331 359
5332 5
5333 449
5334 2
5335 2
5336 599
5337 3
5338 31
5339 29
5340 2
5341 257
5342 7
5343 5
5344 5
5345 3
5346 3
5347 2
5348 2
5349 2
5350 1801
5351 53
5352 17
5353 2
5354 601
5355 3
5356 41
5357 11
5358 2
5359 2
5360 19
5361 19
5362 5
5363 43
5364 7
5365 3
5366 2
5367 139
5368 13
5369 113
5370 2
5371 2
5372 2
5373 2
5374 67
5375 3
5376 3
5377 3
5378 181
5379 5
5380 2
5381 1811
5382 151
5383 3
5384 2
5385 2
5386 37
5387 7
5388 7
5389 907
5390 2
5391 11
5392 11
5393 5
5394 3
5395 227
5396 2
5397 2
5398 2
5399 79
5400 23
5401 101
5402 3
5403 3
5404 2
5405 107
5406 17
5407 13
5408 7
5409 5
5410 2
5411 2
5412 607
5413 3
5414 911
5415 2
5416 1823
5417 19
5418 3
5419 2
5420 2
5421 2
5422 2
5423 2
5424 73
5425 5
5426 5
5427 83
5428 11
5429 2
5430 29
5431 7
5432 3
5433 3
5434 457
5435 2
5436 2
5437 59
5438 31
5439 61
5440 5
5441 3
5442 2
5443 1831
5444 229
5445 2
5446 2
5447 2
5448 47
5449 13
5450 3
5451 131
5452 7
5453 2
5454 367
5455 5
5456 17
5457 3
5458 3
5459 3
5460 2
5461 2
5462 167
5463 11
5464 919
5465 2
5466 613
5467 3
5468 23
5469 5
5470 2
5471 2
5472 2
5473 2
5474 263
5475 7
5476 307
5477 3
5478 2
5479 97
5480 19
5481 461
5482 2
5483 2
5484 41
5485 5
5486 3
5487 3
5488 71
5489 13
5490 2
5491 1847
5492 11
5493 7
5494 3
5495 2
5496 2
5497 2
5498 43
5499 43
5500 37
5501 5
5502 5
5503 2
5504 617
5505 3
5506 463
5507 2
5508 2
5509 109
5510 17
5511 103
5512 3
5513 3
5514 2
5515 53
5516 7
5517 5
5518 29
5519 2
5520 2
5521 2
5522 2
5523 2
5524 2
5525 619
5526 3
5527 929
5528 2
5529 13
5530 13
5531 11
5532 31
5533 5
5534 3
5535 2
5536 2
5537 1861
5538 19
5539 7
5540 7
5541 2
5542 23
5543 3
5544 3
5545 3
5546 3
5547 233
5548 2
5549 2
5550 2
5551 373
5552 5
5553 311
5554 3
5555 2
5556 1867
5557 467
5558 2
5559 2
5560 89
5561 7
5562 3
5563 17
5564 11
5565 5
5566 2
5567 1871
5568 13
5569 3
5570 3
5571 2
5572 2
5573 2
5574 2
5575 1873
5576 937
5577 2
5578 5
5579 5
5580 5
5581 5
5582 3
5583 67
5584 7
5585 2
5586 2
5587 1877
5588 313
5589 3
5590 2
5591 1879
5592 47
5593 5
5594 2
5595 2
5596 2
5597 19
5598 11
5599 3
5600 3
5601 941
5602 2
5603 269
5604 7
5605 157
5606 3
5607 2
5608 2
5609 29
5610 13
5611 5
5612 41
5613 23
5614 2
5615 37
5616 17
5617 3
5618 59
5619 2
5620 2
5621 2
5622 2
5623 2
5624 1889
5625 7
5626 5
5627 3
5628 3
5629 3
5630 2
5631 61
5632 31
5633 43
5634 11
5635 2
5636 2
5637 631
5638 3
5639 947
5640 2
5641 379
5642 5
5643 79
5644 3
5645 2
5646 2
5647 2
5648 271
5649 7
5650 73
5651 13
5652 2
5653 211
5654 3
5655 3
5656 19
5657 5
5658 5
5659 2
5660 2
5661 1901
5662 317
5663 3
5664 2
5665 173
5666 11
5667 17
5668 7
5669 2
5670 2
5671 2
5672 2
5673 127
5674 5
5675 3
5676 953
5677 2
5678 1907
5679 53
5680 3
5681 3
5682 2
5683 2
5684 83
5685 23
5686 191
5687 5
5688 2
5689 13
5690 7
5691 7
5692 3
5693 239
5694 2
5695 2
5696 2
5697 1913
5698 29
5699 11
5700 3
5701 2
5702 383
5703 5
5704 479
5705 2
5706 2
5707 71
5708 3
5709 3
5710 3
5711 137
5712 7
5713 2
5714 101
5715 19
5716 5
5717 3
5718 2
5719 2
5720 2
5721 2
5722 2
5723 2
5724 2
5725 113
5726 17
5727 31
5728 31
5729 2
5730 641
5731 3
5732 37
5733 13
5734 2
5735 2
5736 11
5737 7
5738 5
5739 5
5740 107
5741 3
5742 3
5743 2
5744 47
5745 41
5746 241
5747 2
5748 2
5749 2
5750 643
5751 3
5752 193
5753 5
5754 2
5755 1931
5756 23
5757 7
5758 3
5759 2
5760 2
5761 1933
5762 967
5763 2
5764 43
5765 5
5766 3
5767 3
5768 11
5769 11
5770 2
5771 2
5772 2
5773 2
5774 149
5775 13
5776 19
5777 17
5778 3
5779 2
5780 277
5781 7
5782 97
5783 5
5784 2
5785 2
5786 647
5787 3
5788 971
5789 2
5790 67
5791 29
5792 3
5793 3
5794 3
5795 3
5796 3
5797 2
5798 2
5799 2
5800 389
5801 5
5802 139
5803 7
5804 2
5805 59
5806 11
5807 3
5808 487
5809 2
5810 2
5811 1949
5812 13
5813 5
5814 5
5815 3
5816 2
5817 1951
5818 61
5819 2
5820 2
5821 2
5822 2
5823 2
5824 31
5825 7
5826 3
5827 3
5828 977
5829 2
5830 23
5831 17
5832 5
5833 163
5834 3
5835 2
5836 2
5837 103
5838 19
5839 89
5840 11
5841 2
5842 653
5843 3
5844 7
5845 7
5846 5
5847 2
5848 2
5849 2
5850 53
5851 37
5852 109
5853 3
5854 3
5855 2
5856 151
5857 13
5858 491
5859 2
5860 2
5861 131
5862 5
5863 3
5864 983
5865 2
5866 281
5867 7
5868 41
5869 3
5870 2
5871 2
5872 2
5873 2
5874 179
5875 11
5876 197
5877 5
5878 2
5879 73
5880 3
5881 3
5882 3
5883 29
5884 17
5885 2
5886 2
5887 1973
5888 47
5889 7
5890 3
5891 2
5892 79
5893 5
5894 5
5895 19
5896 13
5897 2
5898 2
5899 2
5900 659
5901 3
5902 43
5903 23
5904 2
5905 1979
5906 11
5907 5
5908 3
5909 3
5910 2
5911 2
5912 283
5913 7
5914 991
5915 2
5916 661
5917 3
5918 31
5919 2
5920 2
5921 2
5922 2
5923 2
5924 2
5925 397
5926 5
5927 331
5928 3
5929 2
5930 1987
5931 71
5932 7
5933 2
5934 2
5935 17
5936 13
5937 3
5938 3
5939 199
5940 5
5941 2
5942 181
5943 11
5944 83
5945 3
5946 2
5947 2
5948 2
5949 1993
5950 997
5951 2
5952 19
5953 7
5954 5
5955 3
5956 499
5957 2
5958 2
5959 1997
5960 37
5961 3
5962 3
5963 3
5964 2
5965 1999
5966 5
5967 5
5968 5
5969 2
5970 2
5971 2
5972 2
5973 29
5974 23
5975 3
5976 13
5977 11
5978 7
5979 2
5980 2003
5981 167
5982 3
5983 2
5984 2
5985 401
5986 5
5987 59
5988 17
5989 2
5990 223
5991 3
5992 3
5993 251
5994 2
5995 2
5996 2
5997 41
5998 7
5999 7
6000 67
6001 5
6002 3
6003 2
6004 2011
6005 503
6006 2
6007 2
6008 61
6009 11
6010 3
6011 53
6012 19
6013 2
6014 31
6015 13
6016 5
6017 7
6018 3
6019 3
6020 2
6021 2
6022 2
6023 2
6024 2
6025 2017
6026 1009
6027 2
6028 673
6029 3
6030 101
6031 5
6032 2
6033 2
6034 47
6035 43
6036 337
6037 3
6038 2
6039 17
6040 17
6041 7
6042 23
6043 11
6044 2
6045 2
6046 2
6047 5
6048 5
6049 3
6050 3
6051 3
6052 3
6053 1013
6054 2
6055 2027
6056 13
6057 13
6058 3
6059 2
6060 2
6061 2029
6062 29
6063 7
6064 5
6065 2
6066 677
6067 3
6068 127
6069 2
6070 2
6071 2
6072 2
6073 107
6074 19
6075 113
6076 3
6077 3
6078 2
6079 37
6080 11
6081 5
6082 509
6083 2
6084 2
6085 97
6086 7
6087 3
6088 1019
6089 2
6090 2039
6091 17
6092 5
6093 3
6094 2
6095 2
6096 2
6097 157
6098 13
6099 1021
6100 2
6101 227
6102 3
6103 3
6104 73
6105 7
6106 2
6107 2
6108 409
6109 5
6110 31
6111 11
6112 3
6113 2
6114 89
6115 23
6116 2
6117 2
6118 2
6119 2
6120 2
6121 2
6122 2
6123 2
6124 2
6125 2
6126 2
6127 683
6128 3
6129 41
6130 5
6131 5
6132 2
6133 293
6134 7
6135 19
6136 3
6137 3
6138 3
6139 2
6140 2
6141 2053
6142 79
6143 13
6144 2
6145 137
6146 5
6147 3
6148 257
6149 2
6150 2
6151 2
6152 17
6153 11
6154 11
6155 7
6156 7
6157 7
6158 3
6159 2
6160 71
6161 29
6162 103
6163 5
6164 2
6165 2
6166 229
6167 3
6168 3
6169 1031
6170 2
6171 2063
6172 43
6173 3
6174 2
6175 2
6176 2
6177 2
6178 59
6179 7
6180 5
6181 1033
6182 2
6183 53
6184 13
6185 3
6186 47
6187 11
6188 2
6189 2
6190 2069
6191 23
6192 5
6193 3
6194 3
6195 2
6196 109
6197 19
6198 37
6199 7
6200 2
6201 2
6202 2
6203 691
6204 3
6205 61
6206 17
6207 2
6208 83
6209 5
6210 5
6211 173
6212 3
6213 2
6214 2
6215 67
6216 31
6217 1039
6218 2
6219 11
6220 7
6221 3
6222 3
6223 3
6224 13
6225 5
6226 2
6227 2
6228 2
6229 2
6230 2
6231 2081
6232 347
6233 3
6234 2
6235 2083
6236 521
6237 2
6238 2
6239 139
6240 5
6241 3
6242 149
6243 7
6244 2
6245 2087
6246 29
6247 3
6248 3
6249 2
6250 2
6251 2
6252 2089
6253 19
6254 11
6255 5
6256 2
6257 41
6258 17
6259 3
6260 523
6261 2
6262 2
6263 23
6264 13
6265 7
6266 349
6267 3
6268 2
6269 419
6270 5
6271 131
6272 2
6273 2
6274 2
6275 2
6276 233
6277 3
6278 3
6279 1049
6280 2
6281 2099
6282 7
6283 5
6284 5
6285 3
6286 2
6287 2
6288 191
6289 11
6290 1051
6291 2
6292 701
6293 3
6294 263
6295 2
6296 2
6297 2
6298 421
6299 5
6300 13
6301 3
6302 3
6303 3
6304 3
6305 2
6306 43
6307 7
6308 7
6309 31
6310 17
6311 2
6312 2
6313 37
6314 19
6315 3
6316 211
6317 5
6318 2
6319 2111
6320 11
6321 3
6322 2
6323 2
6324 2
6325 2
6326 2
6327 2
6328 2113
6329 151
6330 7
6331 2
6332 47
6333 5
6334 3
6335 3
6336 23
6337 23
6338 2
6339 2
6340 73
6341 29
6342 353
6343 3
6344 2
6345 163
6346 13
6347 53
6348 5
6349 2
6350 2
6351 2
6352 101
6353 7
6354 3
6355 1061
6356 2
6357 193
6358 11
6359 59
6360 3
6361 3
6362 2
6363 2
6364 17
6365 5
6366 5
6367 5
6368 1063
6369 2
6370 709
6371 3
6372 19
6373 7
6374 2
6375 2
6376 2
6377 2
6378 2129
6379 71
6380 5
6381 3
6382 2
6383 2131
6384 41
6385 13
6386 2
6387 2
6388 79
6389 3
6390 3
6391 3
6392 97
6393 11
6394 2
6395 61
6396 7
6397 5
6398 89
6399 3
6400 2
6401 2
6402 2
6403 2137
6404 1069
6405 2
6406 31
6407 23
6408 3
6409 107
6410 5
6411 2
6412 2
6413 2141
6414 17
6415 7
6416 3
6417 3
6418 2
6419 2143
6420 67
6421 2
6422 2
6423 2
6424 2
6425 2
6426 13
6427 11
6428 5
6429 3
6430 37
6431 29
6432 2
6433 113
6434 19
6435 179
6436 3
6437 2
6438 2
6439 307
6440 7
6441 43
6442 5
6443 5
6444 2
6445 239
6446 3
6447 3
6448 269
6449 2
6450 2
6451 2
6452 2153
6453 359
6454 3
6455 2
6456 431
6457 5
6458 11
6459 7
6460 7
6461 2
6462 2
6463 719
6464 3
6465 83
6466 13
6467 2
6468 127
6469 17
6470 5
6471 3
6472 3
6473 3
6474 2
6475 2
6476 2
6477 2
6478 2161
6479 47
6480 23
6481 2
6482 103
6483 7
6484 3
6485 541
6486 2
6487 2
6488 433
6489 5
6490 19
6491 19
6492 3
6493 2
6494 197
6495 11
6496 271
6497 2
6498 2
6499 2
6500 241
6501 3
6502 3
6503 31
6504 7
6505 5
6506 2
6507 167
6508 13
6509 181
6510 3
6511 2
6512 2
6513 53
6514 41
6515 1087
6516 2
6517 29
6518 5
6519 5
6520 3
6521 17
6522 2
6523 2
6524 2
6525 2
6526 2
6527 2
6528 2
6529 311
6530 7
6531 11
6532 11
6533 3
6534 3
6535 2
6536 2179
6537 109
6538 5
6539 2
6540 2
6541 727
6542 3
6543 1091
6544 2
6545 59
6546 37
6547 13
6548 7
6549 3
6550 2
6551 2
6552 2
6553 23
6554 19
6555 5
6556 1093
6557 2
6558 3
6559 3
6560 3
6561 3
6562 3
6563 3
6564 3
6565 547
6566 2
6567 2
6568 199
6569 11
6570 73
6571 5
6572 3
6573 2
6574 313
6575 7
6576 137
6577 2
6578 2
6579 2
6580 2
6581 43
6582 17
6583 3
6584 1097
6585 2
6586 439
6587 5
6588 61
6589 3
6590 3
6591 2
6592 2
6593 13
6594 13
6595 13
6596 157
6597 7
6598 2
6599 733
6600 3
6601 11
6602 5
6603 5
6604 2
6605 2
6606 2
6607 71
6608 31
6609 367
6610 3
6611 2
6612 2203
6613 29
6614 19
6615 2
6616 2
6617 7
6618 7
6619 5
6620 3
6621 3
6622 1103
6623 2
6624 2207
6625 23
6626 3
6627 2
6628 2
6629 2
6630 2
6631 2
6632 47
6633 47
6634 17
6635 13
6636 5
6637 2
6638 67
6639 11
6640 3
6641 79
6642 7
6643 2
6644 2
6645 2213
6646 41
6647 3
6648 3
6649 3
6650 2
6651 443
6652 5
6653 277
6654 2
6655 2
6656 2
6657 739
6658 3
6659 1109
6660 2
6661 317
6662 7
6663 37
6664 5
6665 3
6666 2
6667 2
6668 2221
6669 101
6670 11
6671 2
6672 19
6673 13
6674 3
6675 3
6676 139
6677 2
6678 2
6679 2
6680 2
6681 89
6682 5
6683 5
6684 53
6685 7
6686 3
6687 2
6688 131
6689 17
6690 557
6691 2
6692 2
6693 743
6694 3
6695 223
6696 5
6697 2
6698 97
6699 23
6700 31
6701 3
6702 3
6703 2
6704 2
6705 2
6706 29
6707 11
6708 7
6709 1117
6710 2
6711 149
6712 5
6713 3
6714 43
6715 13
6716 2
6717 2
6718 2237
6719 373
6720 3
6721 2
6722 2239
6723 7
6724 5
6725 2
6726 2
6727 2
6728 2
6729 2
6730 2
6731 83
6732 3
6733 3
6734 3
6735 59
6736 19
6737 2
6738 2243
6739 17
6740 11
6741 3
6742 2
6743 2
6744 449
6745 5
6746 1123
6747 2
6748 107
6749 7
6750 3
6751 281
6752 2
6753 2
6754 2
6755 173
6756 13
6757 5
6758 5
6759 5
6760 3
6761 3
6762 2
6763 2251
6764 563
6765 2
6766 2
6767 751
6768 3
6769 23
6770 7
6771 7
6772 2
6773 41
6774 11
6775 5
6776 47
6777 3
6778 2
6779 2
6780 2
6781 2
6782 61
6783 37
6784 1129
6785 2
6786 251
6787 3
6788 3
6789 113
6790 5
6791 2
6792 2
6793 19
6794 17
6795 7
6796 29
6797 13
6798 3
6799 2
6800 73
6801 31
6802 283
6803 2
6804 2
6805 2
6806 151
6807 5
6808 3
6809 103
6810 11
6811 2
6812 2267
6813 7
6814 3
6815 3
6816 3
6817 3
6818 2
6819 2
6820 2269
6821 227
6822 5
6823 2
6824 757
6825 3
6826 71
6827 2
6828 2
6829 2
6830 2
6831 2
6832 2273
6833 379
6834 3
6835 2
6836 13
6837 7
6838 5
6839 5
6840 569
6841 2
6842 2
6843 23
6844 11
6845 3
6846 3
6847 67
6848 17
6849 2
6850 53
6851 43
6852 19
6853 5
6854 3
6855 2
6856 2
6857 2
6858 2281
6859 163
6860 7
6861 2
6862 761
6863 3
6864 571
6865 2
6866 2
6867 457
6868 5
6869 127
6870 3
6871 3
6872 2
6873 2287
6874 13
6875 11
6876 2
6877 2
6878 2
6879 2
6880 109
6881 7
6882 3
6883 229
6884 5
6885 2
6886 79
6887 29
6888 191
6889 3
6890 2
6891 2
6892 2293
6893 37
6894 31
6895 2
6896 17
6897 5
6898 3
6899 3
6900 3
6901 41
6902 7
6903 2
6904 2
6905 2
6906 2297
6907 383
6908 3
6909 2
6910 19
6911 11
6912 11
6913 23
6914 5
6915 5
6916 2
6917 2
6918 59
6919 13
6920 3
6921 1151
6922 2
6923 47
6924 7
6925 7
6926 3
6927 3
6928 2
6929 2
6930 2
6931 2
6932 2
6933 2
6934 2
6935 2
6936 461
6937 5
6938 1153
6939 2
6940 769
6941 3
6942 577
6943 2
6944 2
6945 2309
6946 11
6947 7
6948 5
6949 3
6950 2
6951 2311
6952 17
6953 17
6954 2
6955 2
6956 2
6957 257
6958 3
6959 3
6960 89
6961 13
6962 2
6963 463
6964 5
6965 193
6966 3
6967 2
6968 2
6969 331
6970 7
6971 61
6972 19
6973 2
6974 773
6975 3
6976 29
6977 5
6978 2
6979 2
6980 2
6981 2
6982 211
6983 11
6984 43
6985 3
6986 3
6987 3
6988 2
6989 101
6990 23
6991 83
6992 7
6993 2
6994 2
6995 31
6996 5
6997 5
6998 3
6999 1163
7000 2
7001 179
7002 13
7003 97
7004 3
7005 2
7006 2
7007 2
7008 137
7009 17
7010 233
7011 5
7012 2
7013 37
7014 7
7015 3
7016 3
7017 53
7018 11
7019 2
7020 2
7021 2333
7022 389
7023 3
7024 2
7025 467
7026 5
7027 73
7028 2
7029 2
7030 2
7031 2
7032 2
7033 41
7034 19
7035 3
7036 167
7037 7
7038 2
7039 2339
7040 13
7041 5
7042 3
7043 3
7044 2
7045 2
7046 2341
7047 1171
7048 2
7049 71
7050 11
7051 3
7052 293
7053 2
7054 2
7055 2
7056 67
7057 7
7058 5
7059 23
7060 17
7061 3
7062 2
7063 2347
7064 587
7065 2
7066 2
7067 29
7068 3
7069 3
7070 3
7071 3
7072 47
7073 5
7074 5
7075 2
7076 2351
7077 7
7078 7
7079 3
7080 2
7081 2
7082 2
7083 2
7084 181
7085 13
7086 107
7087 11
7088 2
7089 157
7090 5
7091 3
7092 31
7093 19
7094 2
7095 2
7096 2357
7097 131
7098 3
7099 3
7100 2
7101 337
7102 7
7103 59
7104 5
7105 2
7106 2
7107 2
7108 787
7109 3
7110 1181
7111 2
7112 139
7113 17
7114 197
7115 3
7116 2
7117 2
7118 43
7119 11
7120 5
7121 13
7122 13
7123 7
7124 2
7125 263
7126 3
7127 3
7128 37
7129 2
7130 2
7131 2
7132 2
7133 2
7134 2
7135 103
7136 23
7137 79
7138 5
7139 3
7140 2
7141 2371
7142 593
7143 2
7144 2
7145 113
7146 7
7147 3
7148 1187
7149 2
7150 19
7151 5
7152 5
7153 5
7154 11
7155 3
7156 3
7157 3
7158 2
7159 2
7160 2
7161 2377
7162 41
7163 29
7164 2
7165 61
7166 13
7167 3
7168 17
7169 7
7170 5
7171 2
7172 2
7173 2381
7174 397
7175 3
7176 2
7177 2383
7178 149
7179 2
7180 2
7181 2
7182 2
7183 53
7184 5
7185 3
7186 3
7187 1193
7188 2
7189 31
7190 11
7191 7
7192 199
7193 3
7194 2
7195 2
7196 2389
7197 239
7198 5
7199 2
7200 797
7201 3
7202 23
7203 13
7204 2
7205 2
7206 2
7207 2393
7208 19
7209 7
7210 3
7211 3
7212 2
7213 479
7214 5
7215 599
7216 2
7217 2
7218 47
7219 17
7220 3
7221 109
7222 11
7223 2
7224 2399
7225 5
7226 5
7227 3
7228 2
7229 2
7230 2
7231 2
7232 2
7233 7
7234 7
7235 7
7236 7
7237 1201
7238 2
7239 89
7240 3
7241 3
7242 3
7243 601
7244 2
7245 2
7246 37
7247 13
7248 5
7249 401
7250 3
7251 2
7252 83
7253 29
7254 43
7255 7
7256 2
7257 2
7258 2
7259 73
7260 11
7261 3
7262 241
7263 5
7264 2
7265 2411
7266 67
7267 3
7268 3
7269 2
7270 2
7271 127
7272 19
7273 71
7274 17
7275 2
7276 23
7277 7
7278 5
7279 3
7280 151
7281 2
7282 2
7283 2
7284 2
7285 2417
7286 31
7287 13
7288 3
7289 2
7290 59
7291 41
7292 11
7293 11
7294 5
7295 2
7296 2
7297 269
7298 3
7299 3
7300 173
7301 7
7302 2
7303 2423
7304 101
7305 3
7306 2
7307 2
7308 2
7309 97
7310 5
7311 5
7312 1213
7313 2
7314 809
7315 3
7316 607
7317 2
7318 2
7319 347
7320 7
7321 5
7322 3
7323 3
7324 3
7325 3
7326 3
7327 2
7328 17
7329 13
7330 11
7331 19
7332 2
7333 2
7334 2
7335 2
7336 2
7337 2
7338 2
7339 811
7340 3
7341 1217
7342 2
7343 487
7344 5
7345 29
7346 7
7347 3
7348 2
7349 2
7350 2437
7351 53
7352 23
7353 2
7354 271
7355 3
7356 3
7357 61
7358 5
7359 2
7360 2
7361 2
7362 2441
7363 37
7364 11
7365 3
7366 2
7367 349
7368 7
7369 47
7370 13
7371 2
7372 2
7373 163
7374 5
7375 3
7376 1223
7377 2
7378 2447
7379 17
7380 3
7381 3
7382 2
7383 2
7384 2
7385 2
7386 79
7387 31
7388 7
7389 7
7390 5
7391 5
7392 2
7393 43
7394 19
7395 3
7396 613
7397 2
7398 2
7399 223
7400 11
7401 409
7402 3
7403 2
7404 491
7405 5
7406 307
7407 2
7408 2
7409 2
7410 13
7411 7
7412 3
7413 3
7414 3
7415 1229
7416 2
7417 2459
7418 41
7419 5
7420 3
7421 2
7422 2
7423 107
7424 23
7425 1231
7426 2
7427 821
7428 3
7429 11
7430 7
7431 2
7432 2
7433 2
7434 2
7435 2
7436 29
7437 17
7438 5
7439 137
7440 3
7441 3
7442 2
7443 2467
7444 617
7445 2
7446 2
7447 823
7448 3
7449 19
7450 13
7451 5
7452 2
7453 353
7454 7
7455 103
7456 3
7457 2
7458 2
7459 2
7460 2473
7461 1237
7462 2
7463 11
7464 5
7465 5
7466 3
7467 3
7468 619
7469 2
7470 2
7471 2477
7472 59
7473 7
7474 3
7475 2
7476 67
7477 37
7478 31
7479 5
7480 2
7481 2
7482 2
7483 2
7484 827
7485 3
7486 73
7487 17
7488 2
7489 191
7490 13
7491 23
7492 3
7493 3
7494 3
7495 2
7496 2
7497 71
7498 7
7499 5
7500 113
7501 11
7502 2
7503 829
7504 3
7505 311
7506 2
7507 2
7508 2
7509 131
7510 19
7511 83
7512 5
7513 3
7514 2
7515 53
7516 47
7517 89
7518 7
7519 2
7520 2
7521 277
7522 3
7523 3
7524 43
7525 29
7526 2
7527 499
7528 5
7529 13
7530 3
7531 2
7532 2
7533 2
7534 2
7535 2
7536 2
7537 227
7538 11
7539 1249
7540 2
7541 17
7542 7
7543 7
7544 3
7545 5
7546 5
7547 5
7548 5
7549 2
7550 2
7551 61
7552 41
7553 139
7554 3
7555 3
7556 2
7557 2503
7558 313
7559 2
7560 2
7561 2
7562 167
7563 5
7564 3
7565 179
7566 7
7567 2
7568 109
7569 23
7570 19
7571 11
7572 3
7573 2
7574 2
7575 193
7576 13
7577 251
7578 5
7579 2
7580 31
7581 3
7582 3
7583 3
7584 3
7585 157
7586 2
7587 2
7588 2
7589 2
7590 359
7591 7
7592 419
7593 3
7594 2
7595 503
7596 5
7597 37
7598 17
7599 2
7600 2
7601 839
7602 3
7603 1259
7604 2
7605 229
7606 11
7607 7
7608 5
7609 3
7610 3
7611 2
7612 2
7613 2
7614 2521
7615 97
7616 13
7617 2
7618 29
7619 29
7620 3
7621 631
7622 2
7623 2
7624 101
7625 5
7626 5
7627 421
7628 3
7629 2
7630 19
7631 19
7632 7
7633 79
7634 2
7635 2
7636 2
7637 2
7638 2
7639 281
7640 3
7641 3
7642 23
7643 11
7644 5
7645 2
7646 2531
7647 211
7648 3
7649 2
7650 2
7651 149
7652 17
7653 181
7654 7
7655 2
7656 13
7657 13
7658 5
7659 3
7660 317
7661 2
7662 2
7663 2
7664 59
7665 43
7666 47
7667 3
7668 3
7669 3
7670 2
7671 2539
7672 127
7673 5
7674 2
7675 2
7676 11
7677 11
7678 7
7679 3
7680 41
7681 31
7682 2
7683 2543
7684 53
7685 3
7686 2
7687 2
7688 2
7689 2
7690 509
7691 5
7692 67
7693 19
7694 2
7695 283
7696 3
7697 3
7698 13
7699 7
7700 7
7701 2
7702 2
7703 2549
7704 17
7705 5
7706 5
7707 3
7708 2
7709 2551
7710 29
7711 11
7712 2
7713 2
7714 2
7715 37
7716 23
7717 3
7718 1277
7719 2
7720 73
7721 7
7722 5
7723 71
7724 3
7725 3
7726 2
7727 2
7728 2557
7729 1279
7730 2
7731 853
7732 3
7733 5
7734 2
7735 2
7736 2
7737 2
7738 2
7739 2
7740 2
7741 2
7742 2
7743 197
7744 13
7745 61
7746 7
7747 3
7748 2
7749 233
7750 11
7751 641
7752 2
7753 2
7754 19
7755 5
7756 3
7757 3
7758 3
7759 1283
7760 2
7761 151
7762 17
7763 107
7764 3
7765 2
7766 2
7767 2
7768 367
7769 7
7770 257
7771 5
7772 2
7773 857
7774 3
7775 643
7776 2
7777 2
7778 83
7779 31
7780 13
7781 11
7782 3
7783 3
7784 2
7785 103
7786 5
7787 5
7788 23
7789 7
7790 2
7791 2
7792 2
7793 2
7794 859
7795 3
7796 1289
7797 2
7798 2579
7799 43
7800 5
7801 3
7802 2
7803 2
7804 89
7805 29
7806 1291
7807 2
7808 41
7809 7
7810 3
7811 3
7812 19
7813 17
7814 2
7815 2
7816 2
7817 47
7818 11
7819 5
7820 431
7821 3
7822 2
7823 199
7824 13
7825 647
7826 2
7827 2
7828 863
7829 3
7830 37
7831 7
7832 5
7833 2
7834 2591
7835 3
7836 3
7837 3
7838 3
7839 2
7840 2
7841 2
7842 2
7843 2
7844 2593
7845 1297
7846 2
7847 173
7848 5
7849 3
7850 59
7851 11
7852 2
7853 2
7854 53
7855 7
7856 7
7857 433
7858 3
7859 2
7860 113
7861 23
7862 13
7863 5
7864 5
7865 2
7866 2
7867 2
7868 17
7869 17
7870 3
7871 3
7872 1301
7873 2
7874 137
7875 19
7876 31
7877 7
7878 3
7879 2
7880 2
7881 521
7882 5
7883 1303
7884 2
7885 79
7886 11
7887 3
7888 163
7889 2
7890 2
7891 2
7892 2
7893 2609
7894 29
7895 5
7896 3
7897 3
7898 2
7899 373
7900 7
7901 653
7902 2
7903 2
7904 67
7905 13
7906 3
7907 1307
7908 2
7909 523
7910 5
7911 109
7912 3
7913 2
7914 2
7915 2
7916 2617
7917 17
7918 11
7919 7
7920 2
7921 97
7922 3
7923 3
7924 3
7925 131
7926 5
7927 2
7928 2
7929 2621
7930 23
7931 19
7932 3
7933 2
7934 61
7935 43
7936 41
7937 2
7938 2
7939 2
7940 2
7941 2
7942 2
7943 7
7944 5
7945 5
7946 5
7947 3
7948 101
7949 13
7950 2
7951 71
7952 37
7953 73
7954 3
7955 3
7956 2
7957 2
7958 239
7959 11
7960 263
7961 5
7962 2
7963 877
7964 3
7965 47
7966 7
7967 2
7968 2
7969 2
7970 2633
7971 439
7972 3
7973 2
7974 31
7975 17
7976 5
7977 659
7978 2
7979 2
7980 293
7981 3
7982 3
7983 1319
7984 2
7985 29
7986 13
7987 7
7988 11
7989 5
7990 3
7991 2
7992 2
7993 2
7994 2
7995 139
7996 19
7997 1321
7998 2
7999 881
8000 3
8001 661
8002 2
8003 2
8004 23
8005 23
8006 5
8007 7
8008 7
8009 3
8010 3
8011 3
8012 2
8013 2647
8014 331
8015 2
8016 2
8017 2
8018 883
8019 3
8020 53
8021 5
8022 5
8023 2
8024 241
8025 11
8026 17
8027 13
8028 3
8029 2
8030 2
8031 379
8032 7
8033 1327
8034 2
8035 59
8036 5
8037 3
8038 3
8039 83
8040 2
8041 2
8042 2
8043 2
8044 2
8045 2657
8046 443
8047 3
8048 2
8049 2659
8050 19
8051 7
8052 5
8053 2
8054 2
8055 887
8056 3
8057 11
8058 11
8059 11
8060 2
8061 2663
8062 37
8063 3
8064 3
8065 2
8066 2
8067 2
8068 41
8069 13
8070 5
8071 43
8072 31
8073 2
8074 127
8075 7
8076 3
8077 29
8078 23
8079 2
8080 2
8081 157
8082 17
8083 89
8084 5
8085 3
8086 2
8087 2671
8088 167
8089 2
8090 2
8091 2
8092 2
8093 11
8094 3
8095 3
8096 3
8097 3
8098 3
8099 191
8100 7
8101 2
8102 107
8103 5
8104 5
8105 223
8106 3
8107 2
8108 2
8109 2677
8110 103
8111 13
8112 2
8113 47
8114 19
8115 3
8116 67
8117 5
8118 2
8119 2
8120 2
8121 383
8122 7
8123 149
8124 3
8125 3
8126 2
8127 2683
8128 61
8129 11
8130 2
8131 2
8132 179
8133 5
8134 3
8135 79
8136 17
8137 2
8138 2687
8139 7
8140 3
8141 2
8142 2
8143 2
8144 2
8145 2
8146 2
8147 2
8148 2689
8149 269
8150 5
8151 2
8152 23
8153 13
8154 3
8155 3
8156 673
8157 2
8158 2
8159 2693
8160 449
8161 3
8162 2
8163 11
8164 7
8165 7
8166 5
8167 337
8168 2
8169 2
8170 2
8171 31
8172 29
8173 3
8174 71
8175 19
8176 2
8177 2699
8178 5
8179 5
8180 3
8181 3
8182 3
8183 2
8184 2
8185 73
8186 37
8187 193
8188 7
8189 2
8190 53
8191 17
8192 3
8193 13
8194 13
8195 2
8196 2
8197 2
8198 2
8199 541
8200 5
8201 41
8202 11
8203 3
8204 2
8205 2707
8206 677
8207 2
8208 2
8209 43
8210 7
8211 3
8212 3
8213 271
8214 5
8215 2
8216 2711
8217 113
8218 3
8219 2
8220 2
8221 2
8222 2713
8223 59
8224 23
8225 2
8226 181
8227 5
8228 3
8229 97
8230 7
8231 2
8232 2
8233 19
8234 13
8235 11
8236 151
8237 3
8238 3
8239 2
8240 2719
8241 17
8242 5
8243 2
8244 2
8245 2
8246 2
8247 2
8248 907
8249 3
8250 1361
8251 2
8252 389
8253 7
8254 227
8255 3
8256 2
8257 2
8258 109
8259 5
8260 5
8261 47
8262 29
8263 2
8264 101
8265 3
8266 3
8267 3
8268 31
8269 11
8270 2
8271 2
8272 2
8273 2729
8274 13
8275 7
8276 5
8277 3
8278 2
8279 2731
8280 683
8281 2
8282 2
8283 911
8284 3
8285 1367
8286 2
8287 547
8288 5
8289 19
8290 3
8291 3
8292 2
8293 2
8294 2
8295 2
8296 23
8297 17
8298 7
8299 37
8300 37
8301 2
8302 83
8303 11
8304 3
8305 137
8306 5
8307 2
8308 2
8309 2741
8310 457
8311 3
8312 2
8313 211
8314 13
8315 7
8316 7
8317 7
8318 2
8319 2
8320 2
8321 61
8322 5
8323 3
8324 3
8325 1373
8326 2
8327 67
8328 41
8329 229
8330 3
8331 2
8332 2
8333 2749
8334 11
8335 5
8336 5
8337 5
8338 2
8339 131
8340 7
8341 3
8342 43
8343 2
8344 2
8345 2
8346 2
8347 2
8348 2
8349 2753
8350 17
8351 3
8352 3
8353 3
8354 3
8355 2
8356 29
8357 19
8358 5
8359 53
8360 13
8361 2
8362 2
8363 919
8364 3
8365 197
8366 7
8367 2
8368 89
8369 31
8370 23
8371 5
8372 3
8373 2
8374 2
8375 2
8376 251
8377 11
8378 1381
8379 2
8380 307
8381 3
8382 3
8383 691
8384 2
8385 2
8386 79
8387 7
8388 5
8389 461
8390 3
8391 2
8392 2767
8393 173
8394 2
8395 2
8396 2
8397 2
8398 71
8399 13
8400 3
8401 277
8402 5
8403 2
8404 163
8405 17
8406 11
8407 7
8408 3
8409 3
8410 2
8411 2
8412 59
8413 47
8414 73
8415 19
8416 2
8417 37
8418 5
8419 5
8420 3
8421 347
8422 2
8423 2
8424 2
8425 2777
8426 463
8427 3
8428 2
8429 397
8430 7
8431 139
8432 5
8433 2
8434 2
8435 103
8436 3
8437 3
8438 3
8439 107
8440 13
8441 2
8442 23
8443 11
8444 11
8445 29
8446 3
8447 2
8448 2
8449 2
8450 2
8451 2
8452 557
8453 5
8454 199
8455 7
8456 2
8457 929
8458 3
8459 41
8460 17
8461 2
8462 2
8463 2789
8464 31
8465 5
8466 3
8467 3
8468 2
8469 2791
8470 349
8471 2
8472 2
8473 2
8474 19
8475 7
8476 7
8477 3
8478 127
8479 11
8480 2
8481 43
8482 13
8483 5
8484 233
8485 3
8486 2
8487 2
8488 2797
8489 1399
8490 2
8491 311
8492 3
8493 3
8494 7
8495 5
8496 5
8497 2
8498 2
8499 2
8500 2
8501 2801
8502 467
8503 3
8504 2
8505 2803
8506 701
8507 2
8508 2
8509 17
8510 11
8511 5
8512 3
8513 61
8514 23
8515 2
8516 401
8517 7
8518 13
8519 3
8520 3
8521 3
8522 2
8523 2
8524 2
8525 53
8526 53
8527 281
8528 5
8529 2
8530 937
8531 3
8532 37
8533 19
8534 2
8535 2
8536 97
8537 29
8538 67
8539 7
8540 3
8541 2
8542 563
8543 5
8544 11
8545 2
8546 2
8547 2
8548 2
8549 2
8550 2
8551 2
8552 2
8553 313
8554 3
8555 3
8556 1409
8557 2
8558 2819
8559 47
8560 5
8561 3
8562 2
8563 2
8564 31
8565 13
8566 7
8567 83
8568 17
8569 2
8570 941
8571 3
8572 353
8573 2
8574 2
8575 2
8576 113
8577 5
8578 5
8579 157
8580 3
8581 3
8582 2
8583 257
8584 11
8585 101
8586 7
8587 2
8588 2
8589 41
8590 23
8591 3
8592 283
8593 5
8594 2
8595 149
8596 19
8597 59
8598 3
8599 2
8600 2
8601 2
8602 2
8603 2833
8604 109
8605 13
8606 2
8607 7
8608 5
8609 3
8610 3
8611 3
8612 3
8613 709
8614 2
8615 2
8616 2837
8617 43
8618 11
8619 3
8620 2
8621 167
8622 17
8623 71
8624 5
8625 2
8626 2
8627 2
8628 947
8629 3
8630 29
8631 7
8632 7
8633 2
8634 2843
8635 79
8636 3
8637 3
8638 2
8639 2
8640 569
8641 5
8642 1423
8643 2
8644 73
8645 13
8646 3
8647 89
8648 2
8649 2
8650 2
8651 2
8652 2
8653 37
8654 11
8655 7
8656 19
8657 5
8658 5
8659 3
8660 2
8661 2851
8662 31
8663 23
8664 2
8665 2
8666 317
8667 3
8668 3
8669 1427
8670 2
8671 571
8672 5
8673 17
8674 7
8675 3
8676 2
8677 2
8678 2
8679 2857
8680 1429
8681 2
8682 953
8683 3
8684 13
8685 11
8686 5
8687 2
8688 2
8689 2861
8690 53
8691 3
8692 3
8693 3
8694 2
8695 409
8696 7
8697 179
8698 2
8699 2
8700 2
8701 2
8702 191
8703 5
8704 3
8705 1433
8706 2
8707 61
8708 47
8709 239
8710 3
8711 2
8712 2
8713 151
8714 19
8715 41
8716 7
8717 5
8718 2
8719 29
8720 11
8721 3
8722 3
8723 359
8724 2
8725 2
8726 2
8727 17
8728 13
8729 13
8730 479
8731 3
8732 2
8733 23
8734 5
8735 5
8736 5
8737 719
8738 2
8739 2
8740 137
8741 7
8742 3
8743 1439
8744 2
8745 2879
8746 5
8747 3
8748 3
8749 2
8750 2
8751 2
8752 2
8753 2
8754 2
8755 67
8756 43
8757 131
8758 11
8759 2
8760 31
8761 31
8762 3
8763 103
8764 7
8765 2
8766 2
8767 577
8768 5
8769 37
8770 13
8771 3
8772 2
8773 2887
8774 19
8775 19
8776 2
8777 2
8778 2
8779 107
8780 3
8781 3
8782 3
8783 17
8784 17
8785 5
8786 2
8787 59
8788 7
8789 7
8790 241
8791 3
8792 2
8793 2
8794 263
8795 11
8796 1447
8797 2
8798 193
8799 5
8800 3
8801 181
8802 2
8803 2
8804 2
8805 2
8806 2897
8807 23
8808 7
8809 3
8810 3
8811 2
8812 223
8813 13
8814 29
8815 5
8816 5
8817 2
8818 2
8819 967
8820 3
8821 1451
8822 2
8823 2903
8824 11
8825 11
8826 3
8827 2
8828 2
8829 2
8830 83
8831 7
8832 5
8833 1453
8834 2
8835 19
8836 17
8837 3
8838 3
8839 727
8840 2
8841 2
8842 2909
8843 97
8844 5
8845 3
8846 2
8847 71
8848 41
8849 13
8850 7
8851 2
8852 2
8853 2
8854 2
8855 2
8856 971
8857 3
8858 47
8859 31
8860 2
8861 53
8862 11
8863 5
8864 3
8865 3
8866 3
8867 3
8868 3
8869 3
8870 2
8871 2
8872 2917
8873 1459
8874 2
8875 139
8876 7
8877 3
8878 73
8879 5
8880 2
8881 2
8882 2
8883 127
8884 23
8885 487
8886 3
8887 2
8888 79
8889 37
8890 43
8891 17
8892 2
8893 2
8894 13
8895 5
8896 5
8897 3
8898 3
8899 19
8900 11
8901 7
8902 2
8903 2927
8904 61
8905 3
8906 2
8907 2
8908 2
8909 2
8910 101
8911 29
8912 293
8913 5
8914 2
8915 977
8916 3
8917 733
8918 2
8919 2
8920 419
8921 7
8922 163
8923 3
8924 3
8925 2
8926 587
8927 5
8928 367
8929 2
8930 2
8931 2
8932 89
8933 11
8934 3
8935 113
8936 13
8937 2
8938 2939
8939 7
8940 7
8941 5
8942 3
8943 2
8944 2
8945 173
8946 17
8947 1471
8948 2
8949 109
8950 3
8951 3
8952 3
8953 23
8954 2
8955 2
8956 2
8957 2
8958 2
8959 2
8960 2
8961 31
8962 19
8963 5
8964 491
8965 3
8966 2
8967 421
8968 7
8969 67
8970 11
8971 2
8972 2
8973 983
8974 3
8975 59
8976 5
8977 5
8978 2
8979 227
8980 13
8981 41
8982 3
8983 3
8984 2
8985 2
8986 2
8987 2953
8988 211
8989 7
8990 2
8991 197
8992 5
8993 3
8994 739
8995 2
8996 2
8997 2957
8998 29
8999 17
9000 3
9001 2
9002 269
9003 11
9004 37
9005 5
9006 2
9007 2
9008 2
9009 2
9010 47
9011 7
9012 3
9013 3
9014 1481
9015 2
9016 2963
9017 19
9018 13
9019 3
9020 2
9021 2
9022 593
9023 5
9024 1483
9025 2
9026 43
9027 23
9028 3
9029 53
9030 7
9031 2
9032 2
9033 2
9034 2969
9035 11
9036 5
9037 3
9038 3
9039 3
9040 2
9041 2971
9042 743
9043 2
9044 2
9045 991
9046 3
9047 1487
9048 2
9049 17
9050 7
9051 5
9052 5
9053 31
9054 3
9055 2
9056 2
9057 2
9058 2
9059 2
9060 229
9061 13
9062 1489
9063 2
9064 331
9065 3
9066 3
9067 149
9068 5
9069 2
9070 2
9071 271
9072 11
9073 71
9074 7
9075 3
9076 2
9077 157
9078 19
9079 373
9080 2
9081 2
9082 2
9083 199
9084 5
9085 3
9086 1493
9087 2
9088 103
9089 29
9090 83
9091 3
9092 3
9093 2
9094 2
9095 61
9096 7
9097 7
9098 23
9099 13
9100 5
9101 2
9102 997
9103 3
9104 17
9105 11
9106 2
9107 2
9108 2
9109 2
9110 73
9111 41
9112 499
9113 3
9114 2
9115 599
9116 5
9117 107
9118 7
9119 2
9120 2
9121 37
9122 3
9123 3
9124 3
9125 3
9126 1499
9127 2
9128 2999
9129 5
9130 5
9131 5
9132 3
9133 2
9134 2
9135 2
9136 3001
9137 79
9138 19
9139 2
9140 13
9141 11
9142 7
9143 3
9144 751
9145 2
9146 2
9147 601
9148 5
9149 167
9150 3
9151 3
9152 2
9153 97
9154 31
9155 47
9156 2
9157 2
9158 2
9159 2
9160 2
9161 2
9162 59
9163 17
9164 3
9165 43
9166 7
9167 5
9168 2
9169 3011
9170 251
9171 3
9172 2
9173 2
9174 131
9175 23
9176 137
9177 11
9178 2
9179 67
9180 5
9181 3
9182 3
9183 29
9184 13
9185 2
9186 2
9187 2
9188 431
9189 7
9190 503
9191 3
9192 2
9193 3019
9194 151
9195 5
9196 2
9197 2
9198 53
9199 19
9200 3
9201 1511
9202 2
9203 3023
9204 7
9205 3
9206 3
9207 3
9208 2
9209 2
9210 2
9211 2
9212 11
9213 11
9214 5
9215 5
9216 89
9217 17
9218 2
9219 1009
9220 3
9221 757
9222 2
9223 2
9224 233
9225 13
9226 101
9227 5
9228 3
9229 2
9230 433
9231 7
9232 379
9233 2
9234 2
9235 2
9236 337
9237 3
9238 3
9239 41
9240 37
9241 2
9242 607
9243 5
9244 23
9245 11
9246 3
9247 2
9248 2
9249 3037
9250 31
9251 7
9252 7
9253 2
9254 1013
9255 3
9256 19
9257 5
9258 2
9259 2
9260 2
9261 2
9262 2
9263 3041
9264 13
9265 13
9266 3
9267 3
9268 2
9269 179
9270 17
9271 761
9272 2
9273 2
9274 29
9275 7
9276 5
9277 3
9278 1523
9279 2
9280 277
9281 11
9282 127
9283 3
9284 2
9285 2
9286 2
9287 3049
9288 61
9289 5
9290 5
9291 2
9292 113
9293 3
9294 3
9295 3
9296 109
9297 7
9298 2
9299 2
9300 71
9301 43
9302 509
9303 3
9304 2
9305 47
9306 13
9307 5
9308 191
9309 2
9310 2
9311 2
9312 2
9313 1019
9314 3
9315 139
9316 11
9317 2
9318 23
9319 19
9320 7
9321 17
9322 5
9323 3
9324 3
9325 2
9326 2
9327 3061
9328 1531
9329 2
9330 1021
9331 3
9332 383
9333 2
9334 2
9335 2
9336 613
9337 5
9338 73
9339 7
9340 3
9341 2
9342 3067
9343 59
9344 13
9345 2
9346 2
9347 31
9348 11
9349 3
9350 3
9351 307
9352 5
9353 2
9354 83
9355 37
9356 3
9357 2
9358 2
9359 2
9360 2
9361 2
9362 2
9363 2
9364 2
9365 2
9366 2
9367 439
9368 7
9369 53
9370 29
9371 2
9372 41
9373 5
9374 5
9375 3
9376 769
9377 2
9378 2
9379 181
9380 17
9381 19
9382 3
9383 3
9384 3
9385 3
9386 2
9387 3079
9388 11
9389 7
9390 5
9391 2
9392 2
9393 2
9394 79
9395 13
9396 3
9397 67
9398 23
9399 2
9400 3083
9401 257
9402 3
9403 2
9404 2
9405 617
9406 5
9407 1543
9408 2
9409 7
9410 7
9411 7
9412 3
9413 3
9414 193
9415 2
9416 2
9417 2
9418 2
9419 3089
9420 103
9421 5
9422 3
9423 2
9424 281
9425 11
9426 773
9427 2
9428 2
9429 1031
9430 3
9431 17
9432 13
9433 7
9434 2
9435 619
9436 5
9437 43
9438 3
9439 3
9440 2
9441 2
9442 2
9443 163
9444 19
9445 1549
9446 2
9447 1033
9448 3
9449 31
9450 5
9451 5
9452 2
9453 2
9454 443
9455 7
9456 47
9457 11
9458 3
9459 2
9460 107
9461 29
9462 97
9463 2
9464 2
9465 2
9466 2
9467 2
9468 23
9469 5
9470 3
9471 3
9472 3
9473 1553
9474 2
9475 239
9476 13
9477 37
9478 7
9479 3
9480 2
9481 2
9482 3109
9483 311
9484 5
9485 2
9486 61
9487 17
9488 3
9489 389
9490 2
9491 2
9492 2
9493 283
9494 11
9495 173
9496 3
9497 3
9498 2
9499 89
9500 7
9501 5
9502 41
9503 19
9504 2
9505 2
9506 1039
9507 3
9508 1559
9509 2
9510 3119
9511 13
9512 5
9513 3
9514 2
9515 2
9516 2
9517 2
9518 3121
9519 223
9520 7
9521 2
9522 347
9523 3
9524 3
9525 71
9526 11
9527 2
9528 2
9529 5
9530 5
9531 5
9532 5
9533 5
9534 521
9535 3
9536 2
9537 59
9538 53
9539 23
9540 17
9541 2
9542 2
9543 2
9544 149
9545 7
9546 3
9547 313
9548 5
9549 2
9550 101
9551 31
9552 29
9553 3
9554 3
9555 3
9556 2
9557 2
9558 241
9559 13
9560 1567
9561 2
9562 19
9563 11
9564 5
9565 3
9566 7
9567 7
9568 2
9569 2
9570 2
9571 2
9572 2
9573 2
9574 3137
9575 523
9576 3
9577 2
9578 73
9579 43
9580 157
9581 5
9582 2
9583 2
9584 349
9585 3
9586 3
9587 1571
9588 2
9589 449
9590 7
9591 131
9592 3
9593 2
9594 2
9595 2
9596 37
9597 17
9598 5
9599 13
9600 11
9601 11
9602 2
9603 1049
9604 3
9605 787
9606 2
9607 2
9608 67
9609 47
9610 7
9611 5
9612 5
9613 3
9614 3
9615 2
9616 137
9617 23
9618 197
9619 2
9620 2
9621 2
9622 2
9623 1051
9624 3
9625 83
9626 19
9627 2
9628 631
9629 5
9630 263
9631 3
9632 2
9633 2
9634 41
9635 11
9636 7
9637 1579
9638 2
9639 13
9640 3
9641 3
9642 3
9643 3
9644 3
9645 79
9646 5
9647 2
9648 2
9649 2
9650 109
9651 29
9652 31
9653 17
9654 3
9655 2
9656 3163
9657 113
9658 7
9659 2
9660 2
9661 211
9662 5
9663 3
9664 1583
9665 2
9666 3167
9667 11
9668 3
9669 3
9670 2
9671 2
9672 2
9673 2
9674 2
9675 3169
9676 317
9677 5
9678 2
9679 151
9680 7
9681 3
9682 61
9683 13
9684 2
9685 2
9686 167
9687 19
9688 23
9689 23
9690 3
9691 2
9692 127
9693 5
9694 5
9695 397
9696 2
9697 2
9698 2
9699 353
9700 3
9701 3
9702 227
9703 7
9704 2
9705 17
9706 17
9707 11
9708 53
9709 5
9710 3
9711 2
9712 2
9713 3181
9714 43
9715 37
9716 2
9717 1061
9718 3
9719 199
9720 2
9721 2
9722 2
9723 2
9724 13
9725 7
9726 7
9727 5
9728 59
9729 3
9730 3
9731 3
9732 2
9733 3187
9734 797
9735 2
9736 2
9737 1063
9738 3
9739 29
9740 11
9741 5
9742 2
9743 3191
9744 19
9745 7
9746 3
9747 2
9748 2
9749 2
9750 103
9751 31
9752 1597
9753 2
9754 71
9755 5
9756 3
9757 3
9758 47
9759 17
9760 2
9761 2
9762 139
9763 23
9764 41
9765 13
9766 3
9767 2
9768 457
9769 7
9770 5
9771 5
9772 2
9773 2
9774 2
9775 2
9776 2
9777 2
9778 2
9779 97
9780 11
9781 3
9782 1601
9783 2
9784 3203
9785 89
9786 3
9787 3
9788 2
9789 2
9790 641
9791 5
9792 229
9793 7
9794 2
9795 1069
9796 3
9797 401
9798 2
9799 2
9800 2
9801 3209
9802 107
9803 5
9804 3
9805 2
9806 19
9807 13
9808 13
9809 73
9810 11
9811 2
9812 2
9813 17
9814 7
9815 3
9816 3
9817 3
9818 1607
9819 2
9820 643
9821 5
9822 67
9823 3
9824 2
9825 2
9826 2
9827 2
9828 3217
9829 1609
9830 2
9831 37
9832 29
9833 3
9834 23
9835 7
9836 5
9837 2
9838 2
9839 3221
9840 179
9841 3
9842 3
9843 2
9844 293
9845 11
9846 31
9847 13
9848 2
9849 2
9850 2
9851 43
9852 5
9853 5
9854 3
9855 1613
9856 2
9857 461
9858 7
9859 269
9860 3
9861 2
9862 2
9863 3229
9864 19
9865 17
9866 5
9867 2
9868 359
9869 3
9870 3
9871 101
9872 2
9873 2
9874 2
9875 2
9876 2
9877 61
9878 53
9879 11
9880 7
9881 7
9882 3
9883 2
9884 647
9885 5
9886 809
9887 2
9888 2
9889 83
9890 13
9891 3
9892 1619
9893 2
9894 79
9895 41
9896 5
9897 3
9898 3
9899 3
9900 3
9901 2
9902 2
9903 2
9904 463
9905 7
9906 1621
9907 2
9908 47
9909 23
9910 3
9911 811
9912 2
9913 2
9914 59
9915 11
9916 5
9917 541
9918 3
9919 2
9920 191
9921 17
9922 29
9923 7
9924 2
9925 2
9926 2
9927 2
9928 19
9929 19
9930 3
9931 3
9932 13
9933 5
9934 5
9935 5
9936 2
9937 3251
9938 271
9939 3
9940 2
9941 2
9942 3253
9943 1627
9944 2
9945 31
9946 7
9947 5
9948 3
9949 37
9950 11
9951 2
9952 2
9953 2
9954 3257
9955 181
9956 3
9957 3
9958 2
9959 3259
9960 163
9961 5
9962 2
9963 2
9964 1087
9965 3
9966 233
9967 7
9968 2
9969 251
9970 13
9971 17
9972 3
9973 2
9974 2
9975 2
9976 2
9977 2
9978 2
9979 653
9980 5
9981 71
9982 23
9983 2
9984 11
9985 11
9986 3
9987 3
9988 3
9989 43
9990 19
9991 2
9992 2
9993 467
9994 7
9995 109
9996 5
9997 3
9998 2
9999 3271
10000 409
