# Table of n, A262436(n) for n = 1..10000
1 0
2 0
3 0
4 0
5 0
6 1
7 1
8 2
9 0
10 1
11 2
12 1
13 2
14 1
15 1
16 3
17 0
18 1
19 3
20 2
21 2
22 0
23 2
24 2
25 2
26 2
27 2
28 4
29 2
30 1
31 4
32 3
33 3
34 2
35 3
36 3
37 1
38 3
39 4
40 4
41 5
42 0
43 2
44 5
45 2
46 4
47 3
48 2
49 4
50 1
51 4
52 3
53 5
54 2
55 3
56 5
57 1
58 4
59 6
60 2
61 5
62 2
63 2
64 4
65 3
66 3
67 3
68 5
69 3
70 3
71 5
72 2
73 4
74 6
75 3
76 3
77 4
78 2
79 6
80 6
81 3
82 3
83 5
84 3
85 3
86 6
87 3
88 6
89 6
90 0
91 7
92 6
93 4
94 6
95 7
96 4
97 2
98 3
99 6
100 7
101 9
102 1
103 5
104 9
105 4
106 5
107 7
108 4
109 5
110 4
111 3
112 5
113 8
114 2
115 6
116 10
117 2
118 5
119 9
120 3
121 7
122 4
123 4
124 9
125 9
126 3
127 5
128 7
129 5
130 6
131 8
132 1
133 6
134 6
135 3
136 6
137 7
138 3
139 7
140 8
141 4
142 5
143 8
144 4
145 6
146 8
147 2
148 7
149 10
150 2
151 10
152 8
153 3
154 6
155 9
156 4
157 5
158 8
159 4
160 7
161 12
162 1
163 9
164 12
165 5
166 9
167 5
168 4
169 6
170 6
171 7
172 10
173 12
174 1
175 8
176 12
177 1
178 9
179 13
180 3
181 9
182 4
183 4
184 12
185 12
186 6
187 6
188 11
189 4
190 6
191 14
192 2
193 8
194 11
195 4
196 11
197 9
198 2
199 11
200 11
201 6
202 6
203 11
204 7
205 10
206 12
207 5
208 9
209 16
210 2
211 10
212 12
213 2
214 13
215 12
216 3
217 8
218 8
219 5
220 12
221 15
222 3
223 7
224 16
225 4
226 12
227 11
228 4
229 11
230 7
231 5
232 9
233 11
234 5
235 11
236 14
237 2
238 10
239 15
240 5
241 11
242 12
243 3
244 12
245 14
246 4
247 9
248 14
249 6
250 11
251 11
252 1
253 10
254 11
255 5
256 12
257 12
258 2
259 13
260 14
261 5
262 8
263 12
264 5
265 11
266 12
267 3
268 10
269 17
270 3
271 13
272 10
273 3
274 9
275 17
276 4
277 10
278 11
279 5
280 12
281 18
282 2
283 13
284 18
285 4
286 12
287 10
288 5
289 14
290 13
291 8
292 12
293 12
294 3
295 14
296 17
297 2
298 14
299 17
300 4
301 14
302 9
303 5
304 15
305 19
306 6
307 8
308 14
309 4
310 12
311 22
312 0
313 11
314 15
315 3
316 12
317 11
318 6
319 16
320 16
321 4
322 10
323 13
324 4
325 16
326 21
327 5
328 12
329 16
330 2
331 18
332 10
333 6
334 16
335 15
336 4
337 11
338 12
339 8
340 13
341 21
342 1
343 11
344 20
345 2
346 18
347 16
348 4
349 12
350 10
351 7
352 13
353 13
354 4
355 15
356 16
357 0
358 10
359 24
360 6
361 15
362 13
363 3
364 17
365 15
366 4
367 13
368 17
369 5
370 14
371 18
372 3
373 12
374 16
375 5
376 17
377 12
378 2
379 17
380 21
381 5
382 12
383 15
384 4
385 16
386 15
387 2
388 11
389 22
390 4
391 14
392 10
393 4
394 13
395 20
396 6
397 12
398 14
399 3
400 13
401 18
402 3
403 15
404 19
405 4
406 15
407 12
408 3
409 15
410 17
411 6
412 10
413 13
414 3
415 18
416 21
417 1
418 14
419 17
420 4
421 16
422 10
423 5
424 21
425 17
426 2
427 8
428 17
429 5
430 14
431 25
432 3
433 8
434 12
435 8
436 19
437 14
438 3
439 16
440 19
441 4
442 9
443 19
444 6
445 19
446 19
447 5
448 17
449 19
450 3
451 18
452 16
453 4
454 16
455 18
456 7
457 16
458 15
459 8
460 16
461 20
462 1
463 12
464 23
465 4
466 19
467 19
468 3
469 18
470 14
471 5
472 11
473 16
474 5
475 12
476 21
477 3
478 15
479 25
480 5
481 18
482 14
483 4
484 17
485 18
486 5
487 15
488 17
489 5
490 20
491 22
492 3
493 14
494 22
495 8
496 18
497 14
498 3
499 18
500 25
501 7
502 18
503 18
504 5
505 16
506 16
507 6
508 18
509 29
510 0
511 16
512 18
513 4
514 19
515 31
516 7
517 17
518 9
519 6
520 21
521 24
522 4
523 14
524 24
525 6
526 19
527 19
528 4
529 24
530 18
531 5
532 14
533 17
534 6
535 22
536 28
537 3
538 13
539 22
540 6
541 22
542 18
543 5
544 18
545 24
546 2
547 13
548 20
549 6
550 25
551 26
552 2
553 12
554 19
555 6
556 22
557 19
558 3
559 18
560 24
561 8
562 17
563 21
564 8
565 20
566 17
567 4
568 17
569 26
570 3
571 23
572 22
573 3
574 23
575 25
576 6
577 18
578 17
579 5
580 23
581 29
582 4
583 15
584 26
585 5
586 24
587 17
588 3
589 19
590 17
591 8
592 18
593 18
594 4
595 16
596 25
597 3
598 15
599 30
600 7
601 22
602 15
603 4
604 18
605 26
606 5
607 16
608 17
609 4
610 22
611 29
612 3
613 17
614 21
615 5
616 20
617 20
618 3
619 22
620 32
621 3
622 19
623 16
624 8
625 22
626 20
627 4
628 19
629 21
630 3
631 17
632 22
633 4
634 25
635 27
636 5
637 17
638 14
639 4
640 22
641 28
642 4
643 13
644 26
645 5
646 23
647 21
648 5
649 23
650 19
651 4
652 15
653 17
654 8
655 23
656 30
657 2
658 16
659 21
660 3
661 25
662 24
663 4
664 19
665 27
666 4
667 17
668 19
669 7
670 24
671 26
672 2
673 12
674 22
675 6
676 24
677 22
678 2
679 20
680 28
681 6
682 18
683 20
684 5
685 24
686 15
687 2
688 20
689 23
690 6
691 22
692 19
693 4
694 19
695 28
696 8
697 22
698 20
699 4
700 24
701 28
702 2
703 16
704 33
705 5
706 22
707 18
708 5
709 18
710 24
711 7
712 20
713 19
714 6
715 20
716 32
717 4
718 21
719 26
720 3
721 28
722 18
723 3
724 20
725 28
726 5
727 16
728 17
729 10
730 25
731 30
732 3
733 18
734 27
735 5
736 22
737 26
738 3
739 25
740 29
741 5
742 19
743 17
744 4
745 23
746 26
747 6
748 16
749 30
750 4
751 27
752 21
753 6
754 29
755 28
756 6
757 21
758 16
759 5
760 29
761 27
762 3
763 16
764 27
765 6
766 28
767 26
768 3
769 17
770 21
771 7
772 18
773 23
774 4
775 27
776 32
777 1
778 15
779 27
780 5
781 32
782 21
783 1
784 21
785 30
786 5
787 22
788 21
789 9
790 25
791 24
792 5
793 17
794 28
795 8
796 26
797 21
798 1
799 25
800 26
801 11
802 23
803 21
804 6
805 24
806 20
807 3
808 13
809 40
810 6
811 22
812 22
813 5
814 27
815 33
816 5
817 22
818 18
819 4
820 24
821 33
822 2
823 22
824 28
825 3
826 24
827 20
828 5
829 18
830 26
831 9
832 22
833 19
834 4
835 28
836 33
837 3
838 22
839 24
840 5
841 25
842 16
843 4
844 28
845 32
846 4
847 18
848 23
849 6
850 23
851 37
852 4
853 22
854 20
855 8
856 27
857 27
858 3
859 26
860 29
861 5
862 17
863 19
864 10
865 30
866 32
867 5
868 14
869 33
870 4
871 27
872 32
873 3
874 27
875 31
876 8
877 25
878 16
879 9
880 26
881 31
882 1
883 21
884 36
885 5
886 35
887 28
888 4
889 23
890 25
891 4
892 24
893 23
894 8
895 21
896 33
897 5
898 20
899 31
900 7
901 27
902 22
903 5
904 25
905 35
906 3
907 25
908 24
909 7
910 30
911 34
912 4
913 16
914 28
915 7
916 29
917 24
918 5
919 31
920 34
921 9
922 26
923 22
924 6
925 29
926 22
927 5
928 20
929 37
930 4
931 26
932 31
933 6
934 21
935 42
936 5
937 25
938 18
939 7
940 27
941 43
942 3
943 24
944 33
945 7
946 29
947 22
948 4
949 30
950 31
951 9
952 25
953 27
954 5
955 33
956 37
957 5
958 22
959 29
960 11
961 33
962 20
963 7
964 25
965 35
966 6
967 20
968 30
969 7
970 39
971 42
972 1
973 19
974 29
975 3
976 32
977 37
978 4
979 31
980 37
981 7
982 24
983 26
984 10
985 33
986 27
987 4
988 21
989 36
990 5
991 37
992 29
993 4
994 29
995 31
996 8
997 27
998 26
999 8
1000 27
1001 38
1002 4
1003 26
1004 38
1005 7
1006 36
1007 31
1008 2
1009 25
1010 27
1011 10
1012 29
1013 31
1014 4
1015 30
1016 42
1017 3
1018 21
1019 42
1020 7
1021 31
1022 23
1023 6
1024 31
1025 36
1026 7
1027 25
1028 23
1029 7
1030 32
1031 38
1032 6
1033 23
1034 28
1035 6
1036 35
1037 29
1038 2
1039 36
1040 50
1041 6
1042 27
1043 23
1044 10
1045 29
1046 29
1047 2
1048 24
1049 36
1050 6
1051 30
1052 34
1053 3
1054 28
1055 38
1056 5
1057 27
1058 23
1059 6
1060 28
1061 44
1062 5
1063 22
1064 36
1065 9
1066 30
1067 28
1068 3
1069 28
1070 36
1071 6
1072 27
1073 30
1074 9
1075 44
1076 39
1077 3
1078 22
1079 30
1080 5
1081 36
1082 27
1083 6
1084 27
1085 40
1086 9
1087 26
1088 26
1089 5
1090 31
1091 41
1092 2
1093 24
1094 30
1095 5
1096 40
1097 29
1098 5
1099 28
1100 40
1101 5
1102 21
1103 28
1104 5
1105 29
1106 37
1107 6
1108 28
1109 33
1110 3
1111 36
1112 27
1113 3
1114 25
1115 35
1116 10
1117 35
1118 23
1119 9
1120 30
1121 39
1122 2
1123 26
1124 47
1125 5
1126 38
1127 30
1128 5
1129 28
1130 37
1131 10
1132 30
1133 24
1134 5
1135 32
1136 45
1137 4
1138 25
1139 46
1140 5
1141 36
1142 28
1143 6
1144 33
1145 44
1146 9
1147 27
1148 22
1149 9
1150 39
1151 41
1152 4
1153 28
1154 37
1155 6
1156 37
1157 29
1158 8
1159 42
1160 40
1161 8
1162 29
1163 28
1164 6
1165 27
1166 41
1167 5
1168 22
1169 42
1170 4
1171 35
1172 37
1173 5
1174 32
1175 43
1176 6
1177 25
1178 27
1179 5
1180 40
1181 41
1182 2
1183 30
1184 38
1185 8
1186 35
1187 34
1188 4
1189 31
1190 28
1191 11
1192 34
1193 30
1194 3
1195 44
1196 42
1197 2
1198 19
1199 38
1200 12
1201 43
1202 28
1203 4
1204 32
1205 49
1206 7
1207 26
1208 35
1209 10
1210 36
1211 43
1212 5
1213 26
1214 32
1215 10
1216 39
1217 36
1218 4
1219 35
1220 46
1221 8
1222 30
1223 35
1224 6
1225 38
1226 42
1227 2
1228 27
1229 43
1230 9
1231 35
1232 28
1233 4
1234 36
1235 37
1236 7
1237 27
1238 34
1239 6
1240 35
1241 46
1242 1
1243 35
1244 39
1245 4
1246 42
1247 30
1248 4
1249 30
1250 30
1251 10
1252 33
1253 24
1254 5
1255 37
1256 48
1257 5
1258 22
1259 40
1260 7
1261 38
1262 27
1263 5
1264 40
1265 44
1266 6
1267 20
1268 31
1269 4
1270 34
1271 53
1272 2
1273 27
1274 27
1275 11
1276 38
1277 31
1278 4
1279 40
1280 45
1281 3
1282 31
1283 32
1284 9
1285 41
1286 42
1287 5
1288 27
1289 38
1290 4
1291 35
1292 39
1293 4
1294 30
1295 48
1296 9
1297 31
1298 21
1299 8
1300 38
1301 39
1302 2
1303 23
1304 46
1305 8
1306 46
1307 33
1308 5
1309 33
1310 35
1311 2
1312 35
1313 31
1314 9
1315 39
1316 41
1317 3
1318 24
1319 35
1320 6
1321 41
1322 30
1323 4
1324 31
1325 42
1326 9
1327 32
1328 31
1329 4
1330 32
1331 43
1332 2
1333 21
1334 44
1335 6
1336 36
1337 30
1338 6
1339 40
1340 48
1341 12
1342 33
1343 29
1344 4
1345 41
1346 37
1347 3
1348 38
1349 42
1350 4
1351 34
1352 30
1353 5
1354 29
1355 49
1356 7
1357 33
1358 27
1359 10
1360 40
1361 50
1362 5
1363 25
1364 39
1365 6
1366 40
1367 29
1368 4
1369 37
1370 40
1371 9
1372 28
1373 31
1374 6
1375 39
1376 55
1377 4
1378 27
1379 43
1380 7
1381 44
1382 27
1383 5
1384 37
1385 41
1386 5
1387 24
1388 32
1389 6
1390 46
1391 47
1392 3
1393 28
1394 38
1395 4
1396 40
1397 40
1398 4
1399 40
1400 44
1401 6
1402 32
1403 29
1404 7
1405 38
1406 45
1407 3
1408 28
1409 40
1410 6
1411 42
1412 31
1413 8
1414 39
1415 45
1416 6
1417 32
1418 35
1419 12
1420 37
1421 49
1422 5
1423 26
1424 38
1425 11
1426 47
1427 40
1428 6
1429 35
1430 34
1431 10
1432 36
1433 41
1434 5
1435 40
1436 52
1437 1
1438 29
1439 51
1440 7
1441 38
1442 31
1443 4
1444 41
1445 46
1446 9
1447 33
1448 32
1449 5
1450 36
1451 45
1452 3
1453 32
1454 36
1455 7
1456 39
1457 26
1458 5
1459 44
1460 58
1461 10
1462 31
1463 26
1464 10
1465 38
1466 44
1467 3
1468 35
1469 45
1470 2
1471 33
1472 36
1473 8
1474 40
1475 50
1476 3
1477 34
1478 30
1479 6
1480 42
1481 64
1482 4
1483 28
1484 41
1485 6
1486 46
1487 30
1488 9
1489 36
1490 42
1491 10
1492 35
1493 34
1494 11
1495 53
1496 47
1497 2
1498 31
1499 45
1500 3
1501 43
1502 40
1503 5
1504 40
1505 44
1506 8
1507 27
1508 34
1509 6
1510 42
1511 49
1512 1
1513 29
1514 38
1515 9
1516 56
1517 36
1518 3
1519 36
1520 43
1521 6
1522 26
1523 32
1524 6
1525 38
1526 39
1527 6
1528 29
1529 42
1530 7
1531 40
1532 32
1533 2
1534 33
1535 52
1536 6
1537 41
1538 33
1539 5
1540 41
1541 42
1542 4
1543 27
1544 53
1545 7
1546 52
1547 34
1548 8
1549 43
1550 43
1551 11
1552 36
1553 33
1554 4
1555 40
1556 44
1557 3
1558 32
1559 51
1560 5
1561 45
1562 34
1563 4
1564 39
1565 51
1566 8
1567 26
1568 36
1569 8
1570 47
1571 45
1572 3
1573 24
1574 46
1575 7
1576 40
1577 31
1578 8
1579 49
1580 41
1581 5
1582 34
1583 29
1584 5
1585 39
1586 50
1587 5
1588 29
1589 43
1590 6
1591 41
1592 31
1593 6
1594 44
1595 50
1596 4
1597 32
1598 34
1599 6
1600 52
1601 58
1602 2
1603 28
1604 42
1605 6
1606 42
1607 40
1608 6
1609 42
1610 31
1611 9
1612 32
1613 34
1614 8
1615 49
1616 45
1617 2
1618 30
1619 43
1620 11
1621 55
1622 40
1623 4
1624 35
1625 51
1626 8
1627 28
1628 40
1629 9
1630 44
1631 56
1632 2
1633 31
1634 51
1635 5
1636 43
1637 40
1638 3
1639 38
1640 51
1641 4
1642 42
1643 29
1644 9
1645 42
1646 43
1647 2
1648 29
1649 50
1650 4
1651 45
1652 28
1653 5
1654 46
1655 46
1656 7
1657 35
1658 27
1659 9
1660 41
1661 44
1662 2
1663 36
1664 51
1665 4
1666 43
1667 38
1668 4
1669 40
1670 42
1671 10
1672 36
1673 31
1674 9
1675 45
1676 51
1677 4
1678 32
1679 46
1680 7
1681 47
1682 36
1683 8
1684 41
1685 52
1686 6
1687 26
1688 33
1689 5
1690 43
1691 68
1692 2
1693 26
1694 36
1695 11
1696 40
1697 29
1698 5
1699 51
1700 54
1701 4
1702 37
1703 36
1704 9
1705 50
1706 50
1707 1
1708 28
1709 41
1710 5
1711 49
1712 38
1713 5
1714 42
1715 52
1716 9
1717 35
1718 29
1719 7
1720 47
1721 47
1722 4
1723 24
1724 52
1725 7
1726 47
1727 32
1728 3
1729 36
1730 42
1731 4
1732 27
1733 41
1734 8
1735 48
1736 45
1737 3
1738 31
1739 43
1740 7
1741 45
1742 34
1743 4
1744 38
1745 41
1746 10
1747 39
1748 35
1749 5
1750 42
1751 57
1752 3
1753 26
1754 57
1755 10
1756 43
1757 34
1758 5
1759 46
1760 50
1761 10
1762 31
1763 35
1764 7
1765 46
1766 44
1767 6
1768 35
1769 49
1770 6
1771 46
1772 35
1773 4
1774 39
1775 58
1776 9
1777 42
1778 30
1779 11
1780 43
1781 50
1782 6
1783 30
1784 49
1785 7
1786 38
1787 34
1788 5
1789 48
1790 50
1791 5
1792 27
1793 31
1794 7
1795 49
1796 66
1797 3
1798 32
1799 47
1800 11
1801 45
1802 39
1803 7
1804 45
1805 43
1806 4
1807 32
1808 37
1809 10
1810 60
1811 49
1812 2
1813 26
1814 45
1815 8
1816 50
1817 42
1818 3
1819 43
1820 52
1821 14
1822 33
1823 37
1824 11
1825 37
1826 42
1827 5
1828 30
1829 58
1830 6
1831 56
1832 41
1833 4
1834 44
1835 66
1836 9
1837 34
1838 40
1839 9
1840 45
1841 57
1842 5
1843 35
1844 48
1845 12
1846 46
1847 41
1848 4
1849 42
1850 44
1851 11
1852 41
1853 42
1854 6
1855 52
1856 58
1857 3
1858 28
1859 54
1860 8
1861 44
1862 36
1863 6
1864 39
1865 57
1866 6
1867 39
1868 36
1869 8
1870 44
1871 57
1872 5
1873 39
1874 45
1875 6
1876 53
1877 42
1878 5
1879 43
1880 74
1881 10
1882 37
1883 29
1884 11
1885 49
1886 51
1887 9
1888 36
1889 60
1890 2
1891 50
1892 42
1893 5
1894 58
1895 62
1896 5
1897 39
1898 33
1899 7
1900 51
1901 73
1902 8
1903 37
1904 56
1905 6
1906 49
1907 42
1908 6
1909 50
1910 49
1911 7
1912 39
1913 33
1914 11
1915 63
1916 57
1917 3
1918 29
1919 57
1920 9
1921 50
1922 50
1923 7
1924 47
1925 50
1926 9
1927 37
1928 38
1929 9
1930 49
1931 59
1932 2
1933 34
1934 48
1935 12
1936 66
1937 46
1938 3
1939 44
1940 61
1941 10
1942 34
1943 44
1944 10
1945 47
1946 40
1947 4
1948 35
1949 54
1950 7
1951 53
1952 41
1953 4
1954 42
1955 66
1956 13
1957 44
1958 36
1959 5
1960 51
1961 58
1962 5
1963 37
1964 73
1965 9
1966 57
1967 41
1968 5
1969 47
1970 52
1971 10
1972 46
1973 33
1974 6
1975 59
1976 63
1977 5
1978 34
1979 53
1980 4
1981 49
1982 46
1983 4
1984 44
1985 68
1986 11
1987 34
1988 33
1989 7
1990 48
1991 59
1992 3
1993 30
1994 56
1995 6
1996 45
1997 48
1998 5
1999 57
2000 56
2001 9
2002 35
2003 33
2004 8
2005 55
2006 59
2007 6
2008 40
2009 45
2010 7
2011 56
2012 42
2013 5
2014 50
2015 55
2016 8
2017 39
2018 39
2019 12
2020 61
2021 69
2022 2
2023 33
2024 57
2025 6
2026 43
2027 54
2028 5
2029 47
2030 41
2031 10
2032 37
2033 38
2034 11
2035 53
2036 63
2037 2
2038 30
2039 58
2040 9
2041 66
2042 52
2043 7
2044 43
2045 57
2046 7
2047 37
2048 40
2049 11
2050 61
2051 57
2052 4
2053 37
2054 58
2055 11
2056 62
2057 45
2058 2
2059 49
2060 65
2061 6
2062 49
2063 42
2064 5
2065 45
2066 52
2067 4
2068 33
2069 59
2070 5
2071 55
2072 34
2073 8
2074 54
2075 64
2076 11
2077 41
2078 31
2079 6
2080 51
2081 60
2082 6
2083 38
2084 59
2085 7
2086 51
2087 44
2088 4
2089 40
2090 58
2091 7
2092 40
2093 40
2094 6
2095 61
2096 72
2097 5
2098 33
2099 53
2100 5
2101 50
2102 43
2103 4
2104 52
2105 67
2106 7
2107 43
2108 33
2109 7
2110 50
2111 74
2112 5
2113 35
2114 43
2115 12
2116 54
2117 38
2118 8
2119 55
2120 62
2121 8
2122 37
2123 37
2124 8
2125 63
2126 56
2127 3
2128 33
2129 58
2130 5
2131 57
2132 54
2133 5
2134 46
2135 62
2136 7
2137 42
2138 36
2139 10
2140 64
2141 61
2142 4
2143 31
2144 55
2145 7
2146 61
2147 43
2148 3
2149 38
2150 53
2151 9
2152 37
2153 45
2154 10
2155 58
2156 52
2157 4
2158 36
2159 59
2160 4
2161 53
2162 49
2163 3
2164 47
2165 52
2166 10
2167 54
2168 34
2169 4
2170 57
2171 64
2172 3
2173 41
2174 64
2175 9
2176 59
2177 43
2178 5
2179 59
2180 55
2181 10
2182 36
2183 34
2184 5
2185 49
2186 58
2187 6
2188 37
2189 55
2190 6
2191 45
2192 44
2193 3
2194 41
2195 83
2196 8
2197 43
2198 35
2199 12
2200 50
2201 57
2202 4
2203 33
2204 49
2205 7
2206 58
2207 45
2208 6
2209 56
2210 55
2211 8
2212 42
2213 35
2214 9
2215 58
2216 73
2217 2
2218 32
2219 52
2220 8
2221 46
2222 45
2223 4
2224 56
2225 58
2226 3
2227 40
2228 42
2229 10
2230 70
2231 65
2232 3
2233 32
2234 46
2235 7
2236 58
2237 52
2238 6
2239 51
2240 49
2241 11
2242 42
2243 36
2244 9
2245 56
2246 57
2247 4
2248 34
2249 55
2250 9
2251 62
2252 50
2253 6
2254 44
2255 66
2256 6
2257 37
2258 56
2259 9
2260 49
2261 72
2262 4
2263 37
2264 57
2265 7
2266 62
2267 42
2268 4
2269 42
2270 53
2271 16
2272 60
2273 37
2274 6
2275 53
2276 63
2277 5
2278 36
2279 68
2280 9
2281 52
2282 33
2283 9
2284 59
2285 65
2286 7
2287 38
2288 40
2289 9
2290 59
2291 73
2292 5
2293 44
2294 58
2295 6
2296 64
2297 54
2298 7
2299 51
2300 79
2301 8
2302 43
2303 38
2304 10
2305 56
2306 54
2307 6
2308 39
2309 62
2310 5
2311 57
2312 43
2313 6
2314 61
2315 68
2316 4
2317 41
2318 42
2319 7
2320 53
2321 66
2322 6
2323 35
2324 54
2325 8
2326 66
2327 55
2328 7
2329 51
2330 59
2331 11
2332 51
2333 47
2334 5
2335 73
2336 63
2337 2
2338 36
2339 61
2340 6
2341 59
2342 47
2343 6
2344 55
2345 61
2346 12
2347 38
2348 42
2349 13
2350 60
2351 72
2352 3
2353 33
2354 52
2355 8
2356 74
2357 53
2358 3
2359 47
2360 65
2361 9
2362 43
2363 46
2364 8
2365 59
2366 53
2367 2
2368 39
2369 57
2370 12
2371 68
2372 43
2373 3
2374 50
2375 67
2376 6
2377 48
2378 52
2379 5
2380 51
2381 65
2382 3
2383 38
2384 71
2385 12
2386 57
2387 43
2388 4
2389 44
2390 58
2391 10
2392 47
2393 42
2394 3
2395 64
2396 60
2397 7
2398 46
2399 55
2400 4
2401 57
2402 44
2403 4
2404 63
2405 74
2406 11
2407 38
2408 36
2409 11
2410 61
2411 73
2412 3
2413 40
2414 56
2415 4
2416 62
2417 54
2418 8
2419 59
2420 58
2421 3
2422 36
2423 35
2424 8
2425 50
2426 79
2427 7
2428 38
2429 54
2430 7
2431 60
2432 47
2433 5
2434 58
2435 59
2436 6
2437 50
2438 39
2439 9
2440 64
2441 71
2442 2
2443 35
2444 55
2445 9
2446 56
2447 57
2448 8
2449 53
2450 58
2451 8
2452 44
2453 40
2454 9
2455 58
2456 62
2457 3
2458 33
2459 62
2460 9
2461 70
2462 54
2463 3
2464 47
2465 73
2466 6
2467 46
2468 45
2469 11
2470 72
2471 62
2472 6
2473 38
2474 53
2475 8
2476 65
2477 42
2478 4
2479 48
2480 67
2481 14
2482 52
2483 41
2484 7
2485 47
2486 56
2487 3
2488 41
2489 74
2490 7
2491 57
2492 44
2493 6
2494 56
2495 64
2496 9
2497 46
2498 44
2499 4
2500 48
2501 71
2502 3
2503 44
2504 61
2505 8
2506 58
2507 43
2508 3
2509 49
2510 66
2511 16
2512 44
2513 41
2514 9
2515 66
2516 60
2517 6
2518 41
2519 57
2520 7
2521 61
2522 46
2523 5
2524 56
2525 79
2526 7
2527 43
2528 46
2529 9
2530 65
2531 89
2532 4
2533 39
2534 49
2535 11
2536 66
2537 55
2538 4
2539 57
2540 65
2541 8
2542 42
2543 43
2544 9
2545 66
2546 66
2547 6
2548 37
2549 69
2550 9
2551 65
2552 55
2553 6
2554 61
2555 58
2556 11
2557 48
2558 48
2559 8
2560 69
2561 70
2562 5
2563 38
2564 63
2565 11
2566 74
2567 52
2568 5
2569 56
2570 54
2571 4
2572 44
2573 54
2574 8
2575 66
2576 56
2577 7
2578 36
2579 55
2580 11
2581 62
2582 52
2583 7
2584 49
2585 68
2586 9
2587 57
2588 51
2589 7
2590 60
2591 77
2592 3
2593 38
2594 66
2595 14
2596 54
2597 46
2598 2
2599 63
2600 70
2601 12
2602 49
2603 47
2604 8
2605 61
2606 62
2607 7
2608 53
2609 70
2610 4
2611 61
2612 53
2613 3
2614 51
2615 92
2616 11
2617 46
2618 35
2619 7
2620 55
2621 79
2622 5
2623 42
2624 63
2625 8
2626 66
2627 41
2628 8
2629 63
2630 69
2631 5
2632 51
2633 41
2634 9
2635 75
2636 77
2637 6
2638 43
2639 46
2640 7
2641 60
2642 46
2643 7
2644 53
2645 76
2646 9
2647 44
2648 45
2649 11
2650 71
2651 77
2652 2
2653 30
2654 54
2655 6
2656 55
2657 75
2658 3
2659 50
2660 63
2661 11
2662 45
2663 44
2664 11
2665 64
2666 67
2667 7
2668 50
2669 63
2670 7
2671 82
2672 52
2673 3
2674 56
2675 71
2676 6
2677 50
2678 46
2679 14
2680 64
2681 71
2682 6
2683 36
2684 66
2685 8
2686 65
2687 64
2688 6
2689 60
2690 61
2691 10
2692 62
2693 47
2694 6
2695 53
2696 76
2697 3
2698 37
2699 75
2700 11
2701 75
2702 44
2703 11
2704 55
2705 76
2706 8
2707 50
2708 51
2709 9
2710 67
2711 64
2712 4
2713 51
2714 65
2715 6
2716 62
2717 57
2718 6
2719 58
2720 91
2721 6
2722 53
2723 48
2724 7
2725 64
2726 71
2727 7
2728 49
2729 67
2730 4
2731 65
2732 47
2733 7
2734 78
2735 79
2736 10
2737 45
2738 44
2739 12
2740 71
2741 83
2742 7
2743 38
2744 66
2745 15
2746 70
2747 58
2748 8
2749 58
2750 54
2751 9
2752 58
2753 54
2754 10
2755 83
2756 85
2757 5
2758 39
2759 73
2760 7
2761 66
2762 60
2763 6
2764 60
2765 85
2766 10
2767 51
2768 50
2769 14
2770 66
2771 79
2772 3
2773 44
2774 59
2775 10
2776 66
2777 65
2778 3
2779 54
2780 74
2781 9
2782 45
2783 54
2784 8
2785 69
2786 65
2787 7
2788 47
2789 70
2790 10
2791 82
2792 50
2793 5
2794 59
2795 72
2796 9
2797 62
2798 49
2799 9
2800 71
2801 82
2802 4
2803 42
2804 75
2805 11
2806 70
2807 54
2808 7
2809 57
2810 62
2811 13
2812 59
2813 53
2814 7
2815 70
2816 73
2817 5
2818 50
2819 75
2820 4
2821 68
2822 68
2823 3
2824 64
2825 92
2826 12
2827 49
2828 44
2829 7
2830 70
2831 69
2832 3
2833 55
2834 64
2835 6
2836 67
2837 53
2838 6
2839 77
2840 75
2841 8
2842 48
2843 46
2844 5
2845 64
2846 83
2847 9
2848 43
2849 63
2850 5
2851 69
2852 51
2853 8
2854 58
2855 89
2856 11
2857 54
2858 40
2859 10
2860 86
2861 83
2862 3
2863 39
2864 70
2865 7
2866 74
2867 65
2868 11
2869 61
2870 56
2871 8
2872 59
2873 48
2874 10
2875 78
2876 81
2877 3
2878 42
2879 71
2880 10
2881 76
2882 62
2883 3
2884 59
2885 85
2886 7
2887 49
2888 63
2889 10
2890 67
2891 70
2892 9
2893 40
2894 73
2895 8
2896 75
2897 53
2898 3
2899 62
2900 72
2901 15
2902 62
2903 44
2904 4
2905 71
2906 64
2907 4
2908 49
2909 82
2910 13
2911 68
2912 52
2913 9
2914 56
2915 73
2916 6
2917 54
2918 46
2919 7
2920 70
2921 96
2922 3
2923 48
2924 70
2925 5
2926 60
2927 55
2928 4
2929 59
2930 77
2931 15
2932 56
2933 46
2934 8
2935 70
2936 76
2937 8
2938 48
2939 70
2940 12
2941 78
2942 52
2943 9
2944 82
2945 85
2946 6
2947 47
2948 58
2949 6
2950 67
2951 98
2952 3
2953 45
2954 60
2955 9
2956 78
2957 61
2958 7
2959 58
2960 72
2961 7
2962 52
2963 51
2964 11
2965 84
2966 77
2967 5
2968 43
2969 74
2970 7
2971 67
2972 62
2973 7
2974 70
2975 71
2976 11
2977 59
2978 47
2979 14
2980 76
2981 74
2982 4
2983 40
2984 60
2985 11
2986 86
2987 70
2988 2
2989 60
2990 65
2991 10
2992 51
2993 67
2994 10
2995 75
2996 72
2997 3
2998 49
2999 71
3000 8
3001 72
3002 61
3003 4
3004 59
3005 70
3006 8
3007 59
3008 51
3009 9
3010 64
3011 88
3012 2
3013 38
3014 68
3015 10
3016 72
3017 55
3018 5
3019 70
3020 79
3021 9
3022 53
3023 51
3024 11
3025 83
3026 66
3027 3
3028 65
3029 76
3030 6
3031 75
3032 64
3033 6
3034 53
3035 89
3036 9
3037 54
3038 42
3039 9
3040 66
3041 92
3042 5
3043 44
3044 73
3045 6
3046 62
3047 45
3048 5
3049 71
3050 79
3051 8
3052 48
3053 48
3054 10
3055 76
3056 85
3057 5
3058 42
3059 63
3060 9
3061 71
3062 54
3063 7
3064 74
3065 79
3066 7
3067 52
3068 44
3069 10
3070 88
3071 92
3072 1
3073 39
3074 61
3075 9
3076 81
3077 75
3078 4
3079 56
3080 70
3081 9
3082 49
3083 50
3084 10
3085 69
3086 75
3087 7
3088 49
3089 66
3090 8
3091 86
3092 51
3093 5
3094 59
3095 79
3096 8
3097 64
3098 53
3099 12
3100 70
3101 68
3102 6
3103 36
3104 72
3105 7
3106 74
3107 66
3108 4
3109 63
3110 67
3111 13
3112 69
3113 54
3114 2
3115 64
3116 88
3117 2
3118 37
3119 90
3120 8
3121 73
3122 47
3123 5
3124 60
3125 74
3126 11
3127 49
3128 47
3129 8
3130 77
3131 74
3132 5
3133 50
3134 74
3135 7
3136 77
3137 51
3138 7
3139 61
3140 92
3141 14
3142 59
3143 46
3144 12
3145 74
3146 66
3147 10
3148 57
3149 78
3150 5
3151 68
3152 60
3153 6
3154 76
3155 96
3156 6
3157 53
3158 49
3159 6
3160 79
3161 101
3162 4
3163 47
3164 69
3165 14
3166 58
3167 62
3168 7
3169 65
3170 66
3171 9
3172 60
3173 57
3174 11
3175 86
3176 82
3177 4
3178 43
3179 68
3180 7
3181 83
3182 69
3183 7
3184 72
3185 84
3186 10
3187 52
3188 46
3189 19
3190 78
3191 88
3192 1
3193 50
3194 68
3195 9
3196 104
3197 75
3198 5
3199 55
3200 84
3201 9
3202 56
3203 56
3204 13
3205 61
3206 68
3207 9
3208 48
3209 81
3210 9
3211 81
3212 57
3213 5
3214 74
3215 85
3216 10
3217 68
3218 54
3219 5
3220 79
3221 97
3222 4
3223 49
3224 90
3225 12
3226 70
3227 59
3228 7
3229 71
3230 73
3231 11
3232 72
3233 55
3234 3
3235 76
3236 76
3237 6
3238 46
3239 77
3240 9
3241 73
3242 65
3243 4
3244 57
3245 103
3246 14
3247 55
3248 41
3249 9
3250 77
3251 87
3252 6
3253 55
3254 64
3255 11
3256 78
3257 56
3258 7
3259 77
3260 79
3261 7
3262 56
3263 52
3264 9
3265 73
3266 86
3267 8
3268 52
3269 76
3270 8
3271 73
3272 61
3273 6
3274 74
3275 85
3276 9
3277 58
3278 47
3279 7
3280 89
3281 93
3282 3
3283 37
3284 88
3285 5
3286 73
3287 71
3288 6
3289 56
3290 63
3291 11
3292 63
3293 45
3294 12
3295 91
3296 75
3297 4
3298 44
3299 59
3300 10
3301 93
3302 71
3303 6
3304 62
3305 87
3306 9
3307 51
3308 63
3309 9
3310 76
3311 79
3312 3
3313 46
3314 78
3315 9
3316 88
3317 75
3318 4
3319 62
3320 78
3321 10
3322 59
3323 53
3324 7
3325 74
3326 80
3327 3
3328 54
3329 91
3330 14
3331 79
3332 47
3333 5
3334 74
3335 78
3336 12
3337 68
3338 48
3339 9
3340 76
3341 81
3342 4
3343 45
3344 83
3345 5
3346 68
3347 71
3348 4
3349 64
3350 89
3351 10
3352 64
3353 48
3354 11
3355 72
3356 92
3357 6
3358 47
3359 69
3360 10
3361 86
3362 59
3363 7
3364 82
3365 86
3366 6
3367 54
3368 52
3369 11
3370 78
3371 97
3372 4
3373 46
3374 59
3375 14
3376 83
3377 65
3378 3
3379 61
3380 86
3381 6
3382 57
3383 55
3384 12
3385 96
3386 87
3387 4
3388 47
3389 77
3390 5
3391 74
3392 68
3393 7
3394 77
3395 84
3396 13
3397 62
3398 51
3399 12
3400 79
3401 84
3402 5
3403 40
3404 74
3405 13
3406 91
3407 69
3408 6
3409 48
3410 74
3411 11
3412 53
3413 62
3414 8
3415 78
3416 89
3417 3
3418 49
3419 76
3420 11
3421 76
3422 59
3423 5
3424 62
3425 88
3426 11
3427 79
3428 50
3429 8
3430 74
3431 101
3432 4
3433 47
3434 79
3435 9
3436 77
3437 56
3438 7
3439 72
3440 91
3441 12
3442 56
3443 49
3444 7
3445 85
3446 79
3447 6
3448 56
3449 98
3450 6
3451 80
3452 63
3453 6
3454 69
3455 98
3456 8
3457 68
3458 45
3459 14
3460 72
3461 90
3462 8
3463 43
3464 72
3465 6
3466 82
3467 66
3468 8
3469 76
3470 93
3471 10
3472 57
3473 53
3474 7
3475 78
3476 101
3477 2
3478 50
3479 76
3480 11
3481 77
3482 63
3483 8
3484 73
3485 89
3486 9
3487 70
3488 50
3489 9
3490 95
3491 87
3492 5
3493 48
3494 58
3495 7
3496 87
3497 72
3498 5
3499 70
3500 89
3501 15
3502 49
3503 50
3504 11
3505 90
3506 85
3507 6
3508 49
3509 75
3510 10
3511 91
3512 68
3513 5
3514 61
3515 103
3516 9
3517 59
3518 63
3519 14
3520 71
3521 76
3522 4
3523 49
3524 80
3525 12
3526 89
3527 70
3528 4
3529 67
3530 68
3531 16
3532 84
3533 54
3534 5
3535 76
3536 97
3537 5
3538 47
3539 97
3540 11
3541 68
3542 54
3543 6
3544 71
3545 94
3546 11
3547 59
3548 61
3549 8
3550 85
3551 90
3552 8
3553 53
3554 76
3555 4
3556 82
3557 68
3558 6
3559 80
3560 99
3561 12
3562 57
3563 47
3564 13
3565 85
3566 81
3567 6
3568 47
3569 80
3570 8
3571 82
3572 71
3573 5
3574 80
3575 92
3576 3
3577 58
3578 57
3579 6
3580 77
3581 122
3582 5
3583 44
3584 70
3585 12
3586 75
3587 67
3588 6
3589 82
3590 81
3591 10
3592 74
3593 57
3594 10
3595 93
3596 85
3597 6
3598 50
3599 81
3600 8
3601 96
3602 74
3603 11
3604 76
3605 93
3606 11
3607 56
3608 53
3609 12
3610 92
3611 94
3612 2
3613 55
3614 75
3615 10
3616 101
3617 77
3618 4
3619 63
3620 100
3621 8
3622 58
3623 70
3624 13
3625 89
3626 73
3627 6
3628 55
3629 80
3630 8
3631 88
3632 63
3633 7
3634 69
3635 86
3636 13
3637 79
3638 58
3639 8
3640 74
3641 97
3642 2
3643 54
3644 97
3645 8
3646 88
3647 63
3648 6
3649 72
3650 79
3651 12
3652 82
3653 61
3654 5
3655 86
3656 91
3657 5
3658 68
3659 91
3660 7
3661 79
3662 70
3663 5
3664 67
3665 112
3666 13
3667 60
3668 50
3669 15
3670 83
3671 105
3672 8
3673 43
3674 70
3675 6
3676 91
3677 76
3678 7
3679 91
3680 102
3681 6
3682 54
3683 58
3684 13
3685 85
3686 91
3687 4
3688 58
3689 82
3690 8
3691 97
3692 77
3693 8
3694 70
3695 86
3696 6
3697 60
3698 50
3699 8
3700 94
3701 103
3702 4
3703 46
3704 91
3705 5
3706 72
3707 76
3708 6
3709 73
3710 71
3711 14
3712 60
3713 57
3714 12
3715 95
3716 86
3717 3
3718 48
3719 72
3720 9
3721 111
3722 75
3723 6
3724 74
3725 91
3726 10
3727 61
3728 70
3729 6
3730 88
3731 89
3732 3
3733 54
3734 79
3735 10
3736 96
3737 67
3738 7
3739 69
3740 84
3741 6
3742 65
3743 64
3744 5
3745 78
3746 102
3747 2
3748 53
3749 86
3750 14
3751 80
3752 52
3753 5
3754 71
3755 83
3756 9
3757 78
3758 57
3759 11
3760 80
3761 79
3762 6
3763 66
3764 79
3765 8
3766 80
3767 71
3768 5
3769 68
3770 99
3771 16
3772 71
3773 57
3774 12
3775 84
3776 96
3777 4
3778 54
3779 90
3780 7
3781 86
3782 66
3783 5
3784 91
3785 88
3786 6
3787 56
3788 54
3789 10
3790 88
3791 118
3792 5
3793 47
3794 60
3795 9
3796 90
3797 60
3798 8
3799 74
3800 89
3801 5
3802 64
3803 53
3804 16
3805 96
3806 96
3807 4
3808 51
3809 85
3810 8
3811 88
3812 90
3813 6
3814 71
3815 82
3816 9
3817 62
3818 66
3819 7
3820 80
3821 89
3822 5
3823 55
3824 80
3825 12
3826 91
3827 69
3828 5
3829 71
3830 87
3831 6
3832 64
3833 63
3834 11
3835 88
3836 77
3837 5
3838 50
3839 69
3840 11
3841 94
3842 68
3843 5
3844 70
3845 102
3846 6
3847 77
3848 60
3849 8
3850 78
3851 100
3852 5
3853 53
3854 87
3855 8
3856 97
3857 65
3858 8
3859 71
3860 104
3861 13
3862 63
3863 56
3864 9
3865 86
3866 81
3867 10
3868 57
3869 98
3870 8
3871 84
3872 63
3873 5
3874 72
3875 109
3876 11
3877 69
3878 59
3879 11
3880 83
3881 90
3882 5
3883 52
3884 84
3885 6
3886 96
3887 71
3888 10
3889 90
3890 93
3891 11
3892 65
3893 53
3894 7
3895 95
3896 102
3897 3
3898 53
3899 80
3900 10
3901 88
3902 63
3903 6
3904 65
3905 86
3906 10
3907 58
3908 55
3909 10
3910 95
3911 105
3912 3
3913 50
3914 75
3915 8
3916 76
3917 77
3918 4
3919 71
3920 82
3921 10
3922 73
3923 55
3924 12
3925 90
3926 91
3927 7
3928 55
3929 82
3930 11
3931 110
3932 69
3933 4
3934 71
3935 107
3936 7
3937 59
3938 66
3939 8
3940 82
3941 84
3942 3
3943 63
3944 95
3945 9
3946 86
3947 78
3948 6
3949 72
3950 73
3951 8
3952 88
3953 53
3954 11
3955 91
3956 96
3957 3
3958 50
3959 75
3960 12
3961 88
3962 64
3963 6
3964 79
3965 90
3966 13
3967 60
3968 65
3969 12
3970 73
3971 84
3972 3
3973 57
3974 94
3975 8
3976 78
3977 79
3978 6
3979 68
3980 117
3981 9
3982 64
3983 54
3984 11
3985 85
3986 91
3987 7
3988 63
3989 79
3990 3
3991 94
3992 61
3993 7
3994 96
3995 96
3996 8
3997 66
3998 50
3999 13
4000 103
4001 113
4002 6
4003 50
4004 77
4005 12
4006 89
4007 79
4008 7
4009 82
4010 98
4011 6
4012 80
4013 61
4014 13
4015 104
4016 94
4017 3
4018 49
4019 86
4020 9
4021 95
4022 79
4023 8
4024 69
4025 91
4026 13
4027 61
4028 60
4029 15
4030 97
4031 98
4032 3
4033 53
4034 83
4035 13
4036 102
4037 78
4038 4
4039 61
4040 105
4041 6
4042 64
4043 70
4044 15
4045 84
4046 82
4047 9
4048 63
4049 87
4050 7
4051 95
4052 65
4053 5
4054 84
4055 91
4056 13
4057 83
4058 59
4059 4
4060 89
4061 98
4062 5
4063 46
4064 111
4065 13
4066 92
4067 70
4068 6
4069 77
4070 76
4071 13
4072 73
4073 60
4074 6
4075 85
4076 95
4077 3
4078 65
4079 90
4080 9
4081 83
4082 80
4083 3
4084 73
4085 122
4086 11
4087 74
4088 58
4089 5
4090 90
4091 96
4092 4
4093 58
4094 85
4095 7
4096 90
4097 60
4098 6
4099 89
4100 109
4101 7
4102 58
4103 55
4104 5
4105 85
4106 100
4107 8
4108 59
4109 91
4110 10
4111 96
4112 63
4113 10
4114 87
4115 84
4116 7
4117 74
4118 54
4119 13
4120 128
4121 99
4122 7
4123 43
4124 87
4125 9
4126 91
4127 91
4128 7
4129 74
4130 77
4131 11
4132 73
4133 66
4134 11
4135 92
4136 98
4137 1
4138 52
4139 86
4140 11
4141 105
4142 87
4143 4
4144 70
4145 100
4146 11
4147 74
4148 74
4149 10
4150 91
4151 92
4152 7
4153 61
4154 86
4155 10
4156 97
4157 59
4158 2
4159 81
4160 100
4161 11
4162 76
4163 57
4164 10
4165 87
4166 99
4167 3
4168 56
4169 94
4170 11
4171 94
4172 61
4173 7
4174 71
4175 108
4176 12
4177 70
4178 54
4179 6
4180 85
4181 98
4182 8
4183 67
4184 89
4185 9
4186 85
4187 76
4188 5
4189 72
4190 108
4191 10
4192 66
4193 55
4194 16
4195 86
4196 100
4197 7
4198 62
4199 79
4200 8
4201 82
4202 80
4203 6
4204 95
4205 108
4206 8
4207 70
4208 57
4209 7
4210 87
4211 120
4212 7
4213 51
4214 76
4215 8
4216 85
4217 62
4218 4
4219 82
4220 101
4221 9
4222 69
4223 45
4224 10
4225 99
4226 103
4227 8
4228 48
4229 82
4230 8
4231 93
4232 83
4233 10
4234 83
4235 83
4236 8
4237 75
4238 62
4239 9
4240 95
4241 110
4242 4
4243 50
4244 80
4245 9
4246 102
4247 85
4248 5
4249 70
4250 90
4251 9
4252 69
4253 70
4254 10
4255 94
4256 89
4257 4
4258 51
4259 85
4260 16
4261 100
4262 74
4263 5
4264 74
4265 97
4266 12
4267 98
4268 67
4269 6
4270 90
4271 91
4272 4
4273 55
4274 104
4275 9
4276 95
4277 66
4278 10
4279 76
4280 103
4281 15
4282 68
4283 61
4284 9
4285 107
4286 97
4287 7
4288 63
4289 104
4290 4
4291 88
4292 70
4293 4
4294 82
4295 112
4296 18
4297 70
4298 53
4299 15
4300 85
4301 94
4302 4
4303 56
4304 104
4305 9
4306 87
4307 73
4308 5
4309 86
4310 86
4311 8
4312 69
4313 59
4314 5
4315 96
4316 127
4317 5
4318 56
4319 77
4320 15
4321 86
4322 69
4323 6
4324 83
4325 100
4326 8
4327 63
4328 63
4329 13
4330 107
4331 108
4332 5
4333 43
4334 76
4335 7
4336 86
4337 99
4338 6
4339 81
4340 105
4341 11
4342 72
4343 61
4344 16
4345 96
4346 96
4347 3
4348 50
4349 79
4350 15
4351 130
4352 88
4353 3
4354 80
4355 98
4356 6
4357 64
4358 70
4359 11
4360 84
4361 97
4362 8
4363 55
4364 91
4365 12
4366 85
4367 80
4368 1
4369 78
4370 91
4371 10
4372 77
4373 70
4374 8
4375 80
4376 98
4377 5
4378 50
4379 96
4380 12
4381 92
4382 74
4383 9
4384 83
4385 99
4386 13
4387 77
4388 58
4389 6
4390 93
4391 97
4392 3
4393 71
4394 86
4395 8
4396 89
4397 71
4398 6
4399 78
4400 122
4401 7
4402 70
4403 60
4404 8
4405 94
4406 102
4407 6
4408 65
4409 77
4410 7
4411 94
4412 62
4413 8
4414 85
4415 102
4416 4
4417 76
4418 61
4419 14
4420 96
4421 113
4422 6
4423 56
4424 82
4425 10
4426 87
4427 63
4428 10
4429 76
4430 103
4431 6
4432 67
4433 58
4434 10
4435 112
4436 119
4437 2
4438 47
4439 100
4440 5
4441 90
4442 92
4443 8
4444 80
4445 97
4446 7
4447 66
4448 50
4449 17
4450 104
4451 108
4452 5
4453 46
4454 84
4455 12
4456 125
4457 83
4458 5
4459 68
4460 108
4461 10
4462 75
4463 67
4464 13
4465 91
4466 75
4467 6
4468 60
4469 95
4470 11
4471 104
4472 87
4473 4
4474 83
4475 102
4476 11
4477 78
4478 61
4479 6
4480 90
4481 111
4482 5
4483 56
4484 109
4485 11
4486 79
4487 68
4488 3
4489 80
4490 97
4491 15
4492 74
4493 64
4494 7
4495 90
4496 90
4497 5
4498 67
4499 91
4500 9
4501 90
4502 80
4503 4
4504 81
4505 124
4506 10
4507 81
4508 56
4509 14
4510 92
4511 104
4512 4
4513 65
4514 76
4515 8
4516 108
4517 73
4518 6
4519 89
4520 115
4521 7
4522 62
4523 65
4524 11
4525 91
4526 108
4527 8
4528 60
4529 86
4530 15
4531 78
4532 72
4533 8
4534 92
4535 98
4536 9
4537 78
4538 75
4539 11
4540 120
4541 113
4542 6
4543 52
4544 88
4545 4
4546 90
4547 93
4548 4
4549 82
4550 87
4551 17
4552 66
4553 56
4554 7
4555 107
4556 104
4557 2
4558 49
4559 94
4560 8
4561 107
4562 83
4563 3
4564 74
4565 90
4566 7
4567 67
4568 67
4569 12
4570 89
4571 108
4572 7
4573 60
4574 76
4575 10
4576 116
4577 63
4578 4
4579 86
4580 95
4581 12
4582 88
4583 64
4584 12
4585 81
4586 98
4587 4
4588 57
4589 120
4590 15
4591 102
4592 74
4593 9
4594 79
4595 106
4596 12
4597 70
4598 68
4599 3
4600 83
4601 108
4602 4
4603 69
4604 114
4605 8
4606 81
4607 75
4608 6
4609 67
4610 122
4611 8
4612 86
4613 53
4614 12
4615 107
4616 95
4617 7
4618 58
4619 73
4620 10
4621 97
4622 72
4623 9
4624 104
4625 114
4626 8
4627 80
4628 62
4629 12
4630 85
4631 120
4632 4
4633 49
4634 70
4635 11
4636 93
4637 81
4638 6
4639 78
4640 104
4641 10
4642 58
4643 59
4644 9
4645 105
4646 118
4647 6
4648 52
4649 95
4650 10
4651 94
4652 78
4653 4
4654 84
4655 86
4656 15
4657 80
4658 66
4659 7
4660 104
4661 95
4662 2
4663 52
4664 89
4665 9
4666 119
4667 82
4668 4
4669 68
4670 109
4671 8
4672 70
4673 72
4674 7
4675 99
4676 97
4677 3
4678 60
4679 86
4680 10
4681 102
4682 70
4683 6
4684 71
4685 95
4686 11
4687 81
4688 63
4689 11
4690 94
4691 102
4692 4
4693 52
4694 101
4695 11
4696 99
4697 74
4698 7
4699 77
4700 98
4701 7
4702 77
4703 71
4704 7
4705 101
4706 93
4707 10
4708 67
4709 104
4710 7
4711 96
4712 81
4713 6
4714 82
4715 123
4716 15
4717 69
4718 56
4719 12
4720 93
4721 99
4722 2
4723 58
4724 102
4725 11
4726 90
4727 82
4728 10
4729 89
4730 93
4731 9
4732 69
4733 59
4734 8
4735 88
4736 135
4737 7
4738 63
4739 67
4740 15
4741 102
4742 68
4743 4
4744 90
4745 110
4746 10
4747 75
4748 64
4749 16
4750 115
4751 104
4752 2
4753 52
4754 84
4755 8
4756 89
4757 94
4758 6
4759 82
4760 110
4761 9
4762 61
4763 62
4764 10
4765 96
4766 106
4767 6
4768 60
4769 97
4770 9
4771 119
4772 80
4773 6
4774 85
4775 105
4776 10
4777 71
4778 65
4779 15
4780 117
4781 94
4782 6
4783 61
4784 86
4785 17
4786 95
4787 87
4788 6
4789 71
4790 99
4791 14
4792 98
4793 78
4794 7
4795 84
4796 122
4797 4
4798 55
4799 110
4800 11
4801 88
4802 73
4803 6
4804 70
4805 112
4806 16
4807 86
4808 60
4809 9
4810 107
4811 110
4812 4
4813 75
4814 88
4815 6
4816 94
4817 70
4818 4
4819 93
4820 117
4821 12
4822 71
4823 57
4824 12
4825 95
4826 105
4827 8
4828 60
4829 90
4830 4
4831 101
4832 76
4833 6
4834 94
4835 118
4836 6
4837 60
4838 62
4839 8
4840 87
4841 115
4842 6
4843 56
4844 85
4845 14
4846 104
4847 77
4848 10
4849 84
4850 98
4851 12
4852 82
4853 61
4854 12
4855 121
4856 111
4857 6
4858 61
4859 92
4860 7
4861 87
4862 90
4863 8
4864 90
4865 120
4866 10
4867 70
4868 71
4869 8
4870 107
4871 111
4872 3
4873 53
4874 92
4875 6
4876 129
4877 80
4878 6
4879 86
4880 112
4881 8
4882 58
4883 72
4884 10
4885 92
4886 97
4887 9
4888 62
4889 100
4890 12
4891 106
4892 74
4893 6
4894 82
4895 95
4896 13
4897 93
4898 67
4899 7
4900 102
4901 123
4902 4
4903 53
4904 110
4905 14
4906 101
4907 77
4908 5
4909 87
4910 94
4911 13
4912 106
4913 70
4914 5
4915 98
4916 103
4917 5
4918 73
4919 98
4920 6
4921 86
4922 77
4923 7
4924 93
4925 132
4926 12
4927 83
4928 55
4929 12
4930 113
4931 109
4932 9
4933 60
4934 89
4935 7
4936 105
4937 75
4938 7
4939 101
4940 118
4941 8
4942 65
4943 69
4944 7
4945 107
4946 115
4947 5
4948 66
4949 93
4950 10
4951 90
4952 78
4953 7
4954 84
4955 104
4956 9
4957 80
4958 73
4959 15
4960 106
4961 118
4962 3
4963 60
4964 91
4965 7
4966 90
4967 107
4968 6
4969 93
4970 79
4971 18
4972 77
4973 58
4974 11
4975 109
4976 107
4977 3
4978 71
4979 89
4980 19
4981 114
4982 86
4983 6
4984 87
4985 120
4986 5
4987 67
4988 92
4989 13
4990 93
4991 114
4992 8
4993 57
4994 77
4995 7
4996 109
4997 85
4998 5
4999 78
5000 120
5001 11
5002 78
5003 66
5004 10
5005 84
5006 109
5007 4
5008 58
5009 110
5010 13
5011 117
5012 72
5013 7
5014 87
5015 90
5016 8
5017 87
5018 69
5019 10
5020 93
5021 103
5022 6
5023 69
5024 92
5025 7
5026 95
5027 88
5028 4
5029 80
5030 129
5031 11
5032 78
5033 68
5034 12
5035 101
5036 108
5037 6
5038 61
5039 97
5040 10
5041 105
5042 74
5043 8
5044 112
5045 120
5046 8
5047 83
5048 61
5049 10
5050 101
5051 120
5052 6
5053 59
5054 79
5055 11
5056 98
5057 79
5058 4
5059 83
5060 116
5061 6
5062 64
5063 66
5064 15
5065 116
5066 122
5067 5
5068 60
5069 99
5070 8
5071 101
5072 99
5073 6
5074 82
5075 89
5076 18
5077 81
5078 61
5079 14
5080 101
5081 99
5082 2
5083 68
5084 98
5085 17
5086 114
5087 83
5088 3
5089 75
5090 88
5091 11
5092 75
5093 80
5094 9
5095 108
5096 107
5097 4
5098 56
5099 101
5100 14
5101 104
5102 84
5103 3
5104 76
5105 112
5106 10
5107 83
5108 77
5109 10
5110 102
5111 117
5112 4
5113 45
5114 109
5115 12
5116 101
5117 77
5118 6
5119 76
5120 113
5121 11
5122 77
5123 72
5124 10
5125 97
5126 89
5127 9
5128 72
5129 100
5130 4
5131 111
5132 102
5133 3
5134 86
5135 123
5136 17
5137 74
5138 53
5139 15
5140 105
5141 113
5142 5
5143 64
5144 101
5145 11
5146 90
5147 90
5148 3
5149 103
5150 106
5151 9
5152 72
5153 69
5154 14
5155 90
5156 140
5157 6
5158 62
5159 87
5160 13
5161 119
5162 83
5163 8
5164 92
5165 126
5166 7
5167 82
5168 56
5169 10
5170 125
5171 125
5172 2
5173 69
5174 91
5175 8
5176 105
5177 89
5178 8
5179 83
5180 115
5181 9
5182 84
5183 65
5184 11
5185 106
5186 108
5187 9
5188 70
5189 93
5190 9
5191 120
5192 89
5193 4
5194 88
5195 124
5196 8
5197 75
5198 74
5199 12
5200 109
5201 109
5202 8
5203 72
5204 98
5205 13
5206 100
5207 83
5208 4
5209 100
5210 99
5211 9
5212 101
5213 72
5214 7
5215 100
5216 132
5217 6
5218 52
5219 117
5220 12
5221 115
5222 84
5223 6
5224 76
5225 119
5226 13
5227 82
5228 56
5229 9
5230 89
5231 117
5232 6
5233 72
5234 97
5235 10
5236 103
5237 75
5238 2
5239 89
5240 136
5241 15
5242 88
5243 61
5244 13
5245 97
5246 91
5247 8
5248 72
5249 100
5250 6
5251 121
5252 88
5253 10
5254 115
5255 131
5256 13
5257 60
5258 60
5259 7
5260 101
5261 153
5262 4
5263 61
5264 110
5265 9
5266 98
5267 85
5268 11
5269 85
5270 103
5271 6
5272 86
5273 64
5274 14
5275 145
5276 120
5277 3
5278 56
5279 88
5280 7
5281 119
5282 102
5283 7
5284 82
5285 111
5286 13
5287 77
5288 64
5289 12
5290 110
5291 104
5292 5
5293 66
5294 98
5295 11
5296 111
5297 100
5298 3
5299 76
5300 120
5301 5
5302 77
5303 85
5304 11
5305 111
5306 100
5307 8
5308 66
5309 92
5310 14
5311 110
5312 84
5313 4
5314 94
5315 111
5316 15
5317 106
5318 67
5319 11
5320 115
5321 120
5322 4
5323 63
5324 115
5325 10
5326 109
5327 89
5328 6
5329 95
5330 108
5331 13
5332 97
5333 70
5334 7
5335 111
5336 115
5337 5
5338 73
5339 103
5340 8
5341 116
5342 84
5343 7
5344 85
5345 125
5346 11
5347 75
5348 70
5349 18
5350 95
5351 108
5352 5
5353 67
5354 93
5355 10
5356 113
5357 79
5358 6
5359 106
5360 124
5361 10
5362 74
5363 73
5364 10
5365 106
5366 127
5367 11
5368 75
5369 113
5370 6
5371 112
5372 87
5373 11
5374 114
5375 121
5376 10
5377 98
5378 68
5379 13
5380 128
5381 124
5382 3
5383 53
5384 103
5385 10
5386 104
5387 114
5388 7
5389 75
5390 82
5391 16
5392 88
5393 70
5394 12
5395 120
5396 137
5397 3
5398 61
5399 106
5400 16
5401 133
5402 85
5403 4
5404 95
5405 134
5406 9
5407 97
5408 91
5409 14
5410 102
5411 103
5412 6
5413 73
5414 100
5415 11
5416 122
5417 96
5418 3
5419 87
5420 125
5421 16
5422 85
5423 72
5424 8
5425 105
5426 115
5427 4
5428 57
5429 144
5430 10
5431 118
5432 68
5433 10
5434 98
5435 113
5436 13
5437 105
5438 61
5439 7
5440 124
5441 105
5442 5
5443 75
5444 115
5445 10
5446 107
5447 98
5448 8
5449 81
5450 129
5451 17
5452 96
5453 70
5454 12
5455 106
5456 130
5457 1
5458 65
5459 108
5460 10
5461 114
5462 86
5463 9
5464 105
5465 131
5466 6
5467 76
5468 66
5469 8
5470 99
5471 134
5472 5
5473 71
5474 78
5475 14
5476 105
5477 75
5478 5
5479 104
5480 116
5481 8
5482 79
5483 70
5484 15
5485 135
5486 131
5487 6
5488 58
5489 101
5490 10
5491 114
5492 103
5493 6
5494 97
5495 118
5496 11
5497 82
5498 59
5499 15
5500 104
5501 126
5502 1
5503 72
5504 98
5505 12
5506 130
5507 106
5508 6
5509 81
5510 96
5511 9
5512 91
5513 84
5514 14
5515 106
5516 116
5517 5
5518 62
5519 101
5520 17
5521 105
5522 83
5523 7
5524 99
5525 123
5526 11
5527 102
5528 89
5529 7
5530 99
5531 120
5532 5
5533 57
5534 117
5535 7
5536 115
5537 68
5538 7
5539 107
5540 131
5541 13
5542 74
5543 69
5544 10
5545 115
5546 101
5547 9
5548 74
5549 111
5550 6
5551 104
5552 98
5553 8
5554 83
5555 131
5556 10
5557 93
5558 55
5559 14
5560 105
5561 129
5562 6
5563 67
5564 104
5565 10
5566 98
5567 90
5568 7
5569 105
5570 130
5571 10
5572 95
5573 71
5574 8
5575 104
5576 149
5577 4
5578 63
5579 93
5580 12
5581 117
5582 78
5583 9
5584 100
5585 119
5586 9
5587 83
5588 62
5589 10
5590 152
5591 130
5592 5
5593 61
5594 100
5595 13
5596 124
5597 95
5598 10
5599 102
5600 116
5601 12
5602 76
5603 80
5604 15
5605 127
5606 104
5607 4
5608 61
5609 104
5610 9
5611 139
5612 96
5613 5
5614 93
5615 130
5616 10
5617 82
5618 81
5619 12
5620 100
5621 114
5622 6
5623 67
5624 105
5625 14
5626 108
5627 106
5628 4
5629 95
5630 107
5631 18
5632 104
5633 81
5634 4
5635 107
5636 124
5637 6
5638 69
5639 126
5640 14
5641 110
5642 75
5643 7
5644 82
5645 118
5646 15
5647 97
5648 71
5649 7
5650 110
5651 134
5652 7
5653 71
5654 101
5655 10
5656 115
5657 86
5658 1
5659 97
5660 164
5661 9
5662 81
5663 68
5664 13
5665 108
5666 102
5667 4
5668 82
5669 105
5670 8
5671 133
5672 86
5673 9
5674 109
5675 112
5676 11
5677 86
5678 71
5679 7
5680 105
5681 145
5682 7
5683 60
5684 109
5685 15
5686 95
5687 80
5688 6
5689 98
5690 117
5691 9
5692 87
5693 83
5694 9
5695 128
5696 133
5697 2
5698 61
5699 103
5700 6
5701 101
5702 102
5703 9
5704 100
5705 119
5706 10
5707 86
5708 68
5709 17
5710 133
5711 126
5712 5
5713 65
5714 86
5715 15
5716 155
5717 91
5718 2
5719 89
5720 131
5721 10
5722 76
5723 96
5724 16
5725 110
5726 104
5727 4
5728 72
5729 111
5730 12
5731 122
5732 101
5733 6
5734 90
5735 120
5736 13
5737 111
5738 70
5739 13
5740 96
5741 129
5742 6
5743 71
5744 134
5745 13
5746 106
5747 81
5748 10
5749 96
5750 113
5751 19
5752 93
5753 67
5754 9
5755 104
5756 122
5757 4
5758 84
5759 119
5760 8
5761 102
5762 94
5763 7
5764 89
5765 151
5766 10
5767 94
5768 68
5769 16
5770 117
5771 140
5772 3
5773 68
5774 88
5775 8
5776 122
5777 90
5778 12
5779 107
5780 135
5781 10
5782 72
5783 74
5784 9
5785 115
5786 136
5787 9
5788 77
5789 105
5790 6
5791 106
5792 94
5793 7
5794 115
5795 116
5796 4
5797 99
5798 70
5799 13
5800 135
5801 130
5802 4
5803 69
5804 104
5805 11
5806 98
5807 115
5808 7
5809 104
5810 97
5811 18
5812 84
5813 78
5814 11
5815 109
5816 135
5817 3
5818 64
5819 111
5820 12
5821 141
5822 89
5823 5
5824 100
5825 150
5826 10
5827 92
5828 84
5829 18
5830 123
5831 116
5832 5
5833 85
5834 96
5835 12
5836 161
5837 91
5838 6
5839 90
5840 112
5841 17
5842 100
5843 82
5844 10
5845 117
5846 117
5847 4
5848 63
5849 149
5850 14
5851 120
5852 80
5853 6
5854 114
5855 131
5856 12
5857 81
5858 89
5859 6
5860 109
5861 125
5862 8
5863 87
5864 120
5865 9
5866 109
5867 91
5868 10
5869 100
5870 128
5871 12
5872 107
5873 63
5874 6
5875 129
5876 132
5877 8
5878 65
5879 102
5880 12
5881 132
5882 85
5883 8
5884 103
5885 154
5886 4
5887 72
5888 79
5889 8
5890 102
5891 165
5892 5
5893 68
5894 72
5895 13
5896 114
5897 94
5898 7
5899 108
5900 142
5901 8
5902 82
5903 68
5904 16
5905 137
5906 129
5907 5
5908 61
5909 118
5910 12
5911 122
5912 116
5913 6
5914 100
5915 121
5916 16
5917 81
5918 75
5919 10
5920 123
5921 140
5922 3
5923 70
5924 124
5925 10
5926 132
5927 105
5928 8
5929 84
5930 116
5931 7
5932 96
5933 81
5934 15
5935 119
5936 120
5937 8
5938 76
5939 94
5940 9
5941 136
5942 91
5943 8
5944 88
5945 112
5946 12
5947 106
5948 82
5949 14
5950 108
5951 127
5952 3
5953 61
5954 118
5955 16
5956 115
5957 92
5958 7
5959 93
5960 123
5961 16
5962 88
5963 81
5964 5
5965 127
5966 109
5967 10
5968 93
5969 125
5970 5
5971 109
5972 91
5973 7
5974 90
5975 155
5976 11
5977 97
5978 62
5979 19
5980 123
5981 127
5982 8
5983 79
5984 118
5985 7
5986 116
5987 93
5988 9
5989 121
5990 145
5991 7
5992 100
5993 72
5994 10
5995 131
5996 160
5997 7
5998 75
5999 102
6000 17
6001 135
6002 91
6003 11
6004 104
6005 133
6006 10
6007 93
6008 87
6009 15
6010 133
6011 133
6012 4
6013 59
6014 110
6015 13
6016 116
6017 120
6018 7
6019 99
6020 124
6021 14
6022 83
6023 85
6024 10
6025 123
6026 116
6027 6
6028 71
6029 130
6030 8
6031 150
6032 96
6033 8
6034 114
6035 142
6036 11
6037 87
6038 88
6039 10
6040 126
6041 133
6042 7
6043 66
6044 109
6045 19
6046 122
6047 98
6048 4
6049 96
6050 98
6051 17
6052 111
6053 96
6054 11
6055 115
6056 147
6057 3
6058 75
6059 133
6060 14
6061 131
6062 88
6063 7
6064 91
6065 128
6066 17
6067 110
6068 79
6069 9
6070 129
6071 134
6072 4
6073 90
6074 116
6075 11
6076 106
6077 94
6078 3
6079 107
6080 163
6081 11
6082 83
6083 75
6084 16
6085 131
6086 122
6087 6
6088 81
6089 126
6090 9
6091 122
6092 96
6093 7
6094 124
6095 128
6096 8
6097 91
6098 77
6099 9
6100 124
6101 158
6102 9
6103 73
6104 99
6105 10
6106 125
6107 100
6108 11
6109 123
6110 121
6111 16
6112 96
6113 79
6114 13
6115 141
6116 131
6117 2
6118 73
6119 120
6120 9
6121 118
6122 120
6123 8
6124 99
6125 126
6126 7
6127 84
6128 85
6129 15
6130 126
6131 140
6132 3
6133 78
6134 88
6135 13
6136 159
6137 95
6138 4
6139 102
6140 149
6141 7
6142 79
6143 91
6144 18
6145 132
6146 113
6147 11
6148 73
6149 116
6150 6
6151 130
6152 102
6153 4
6154 100
6155 145
6156 11
6157 114
6158 74
6159 10
6160 119
6161 132
6162 6
6163 65
6164 138
6165 10
6166 134
6167 93
6168 10
6169 103
6170 118
6171 12
6172 112
6173 74
6174 9
6175 129
6176 140
6177 8
6178 97
6179 126
6180 7
6181 118
6182 86
6183 8
6184 105
6185 169
6186 13
6187 100
6188 79
6189 15
6190 128
6191 141
6192 4
6193 71
6194 117
6195 5
6196 128
6197 97
6198 6
6199 137
6200 147
6201 8
6202 74
6203 76
6204 8
6205 126
6206 136
6207 13
6208 77
6209 117
6210 12
6211 115
6212 86
6213 7
6214 110
6215 132
6216 9
6217 107
6218 75
6219 9
6220 146
6221 140
6222 7
6223 72
6224 116
6225 10
6226 121
6227 134
6228 8
6229 109
6230 106
6231 16
6232 114
6233 73
6234 15
6235 127
6236 133
6237 2
6238 72
6239 119
6240 13
6241 157
6242 113
6243 6
6244 102
6245 143
6246 14
6247 88
6248 86
6249 15
6250 135
6251 122
6252 4
6253 76
6254 122
6255 12
6256 144
6257 102
6258 6
6259 100
6260 133
6261 14
6262 111
6263 89
6264 9
6265 123
6266 129
6267 5
6268 74
6269 137
6270 10
6271 137
6272 76
6273 8
6274 109
6275 135
6276 19
6277 100
6278 86
6279 11
6280 126
6281 128
6282 3
6283 97
6284 136
6285 7
6286 107
6287 118
6288 8
6289 112
6290 116
6291 15
6292 122
6293 73
6294 18
6295 132
6296 141
6297 7
6298 86
6299 108
6300 12
6301 137
6302 93
6303 4
6304 121
6305 164
6306 10
6307 80
6308 79
6309 9
6310 120
6311 161
6312 7
6313 71
6314 102
6315 11
6316 120
6317 96
6318 10
6319 115
6320 157
6321 7
6322 94
6323 77
6324 18
6325 136
6326 154
6327 4
6328 73
6329 112
6330 10
6331 142
6332 119
6333 4
6334 115
6335 111
6336 17
6337 105
6338 69
6339 16
6340 143
6341 130
6342 4
6343 77
6344 124
6345 16
6346 126
6347 103
6348 7
6349 92
6350 124
6351 7
6352 96
6353 103
6354 8
6355 129
6356 136
6357 7
6358 66
6359 110
6360 13
6361 135
6362 94
6363 6
6364 104
6365 130
6366 17
6367 108
6368 83
6369 8
6370 121
6371 143
6372 5
6373 68
6374 141
6375 17
6376 125
6377 84
6378 8
6379 105
6380 138
6381 13
6382 96
6383 91
6384 10
6385 126
6386 129
6387 7
6388 83
6389 117
6390 10
6391 111
6392 106
6393 6
6394 104
6395 157
6396 12
6397 107
6398 74
6399 12
6400 118
6401 121
6402 7
6403 81
6404 130
6405 11
6406 132
6407 91
6408 11
6409 119
6410 135
6411 13
6412 84
6413 79
6414 11
6415 131
6416 164
6417 6
6418 80
6419 119
6420 12
6421 135
6422 101
6423 7
6424 98
6425 141
6426 8
6427 93
6428 82
6429 14
6430 165
6431 154
6432 4
6433 76
6434 123
6435 6
6436 130
6437 120
6438 9
6439 102
6440 129
6441 15
6442 91
6443 82
6444 20
6445 139
6446 129
6447 7
6448 70
6449 127
6450 9
6451 166
6452 114
6453 7
6454 112
6455 130
6456 15
6457 92
6458 88
6459 15
6460 140
6461 133
6462 10
6463 85
6464 131
6465 22
6466 119
6467 109
6468 6
6469 106
6470 126
6471 17
6472 114
6473 100
6474 8
6475 118
6476 158
6477 7
6478 69
6479 131
6480 15
6481 129
6482 98
6483 7
6484 105
6485 158
6486 10
6487 108
6488 82
6489 14
6490 137
6491 140
6492 5
6493 95
6494 109
6495 11
6496 154
6497 95
6498 5
6499 112
6500 173
6501 12
6502 99
6503 70
6504 16
6505 125
6506 128
6507 9
6508 86
6509 133
6510 12
6511 119
6512 109
6513 7
6514 144
6515 153
6516 7
6517 81
6518 93
6519 9
6520 107
6521 191
6522 8
6523 81
6524 119
6525 8
6526 140
6527 107
6528 11
6529 125
6530 122
6531 14
6532 100
6533 75
6534 11
6535 164
6536 161
6537 4
6538 75
6539 123
6540 10
6541 134
6542 119
6543 7
6544 108
6545 140
6546 12
6547 98
6548 89
6549 11
6550 128
6551 165
6552 5
6553 83
6554 99
6555 11
6556 164
6557 103
6558 6
6559 95
6560 161
6561 14
6562 103
6563 91
6564 19
6565 145
6566 116
6567 12
6568 81
6569 115
6570 12
6571 125
6572 103
6573 7
6574 121
6575 128
6576 13
6577 121
6578 90
6579 13
6580 122
6581 144
6582 4
6583 70
6584 176
6585 8
6586 140
6587 112
6588 8
6589 106
6590 137
6591 8
6592 119
6593 74
6594 10
6595 144
6596 137
6597 7
6598 84
6599 126
6600 6
6601 138
6602 99
6603 9
6604 110
6605 165
6606 19
6607 106
6608 72
6609 13
6610 123
6611 122
6612 5
6613 92
6614 123
6615 7
6616 142
6617 107
6618 8
6619 141
6620 151
6621 14
6622 82
6623 86
6624 6
6625 133
6626 151
6627 4
6628 87
6629 126
6630 11
6631 123
6632 92
6633 8
6634 134
6635 149
6636 12
6637 105
6638 85
6639 19
6640 156
6641 165
6642 4
6643 72
6644 128
6645 9
6646 141
6647 125
6648 6
6649 110
6650 116
6651 15
6652 113
6653 90
6654 9
6655 148
6656 137
6657 4
6658 69
6659 131
6660 12
6661 173
6662 117
6663 9
6664 100
6665 149
6666 11
6667 90
6668 104
6669 13
6670 132
6671 129
6672 7
6673 81
6674 118
6675 19
6676 131
6677 104
6678 6
6679 110
6680 133
6681 14
6682 125
6683 97
6684 9
6685 126
6686 142
6687 7
6688 67
6689 140
6690 14
6691 150
6692 91
6693 9
6694 137
6695 140
6696 13
6697 116
6698 92
6699 9
6700 128
6701 142
6702 4
6703 85
6704 142
6705 8
6706 119
6707 113
6708 6
6709 95
6710 144
6711 11
6712 107
6713 87
6714 13
6715 116
6716 151
6717 6
6718 87
6719 126
6720 12
6721 153
6722 98
6723 9
6724 124
6725 155
6726 10
6727 97
6728 80
6729 12
6730 141
6731 166
6732 6
6733 87
6734 103
6735 21
6736 139
6737 99
6738 13
6739 126
6740 156
6741 6
6742 88
6743 91
6744 10
6745 153
6746 156
6747 3
6748 80
6749 135
6750 7
6751 138
6752 116
6753 10
6754 114
6755 147
6756 14
6757 106
6758 70
6759 16
6760 160
6761 140
6762 3
6763 77
6764 122
6765 10
6766 160
6767 104
6768 7
6769 110
6770 137
6771 10
6772 93
6773 104
6774 18
6775 130
6776 134
6777 7
6778 77
6779 121
6780 9
6781 139
6782 120
6783 4
6784 94
6785 132
6786 18
6787 122
6788 94
6789 7
6790 118
6791 151
6792 6
6793 76
6794 136
6795 18
6796 135
6797 89
6798 6
6799 117
6800 139
6801 13
6802 97
6803 86
6804 9
6805 138
6806 121
6807 7
6808 97
6809 128
6810 8
6811 128
6812 119
6813 5
6814 109
6815 187
6816 15
6817 107
6818 75
6819 11
6820 131
6821 140
6822 5
6823 75
6824 135
6825 10
6826 124
6827 99
6828 9
6829 126
6830 137
6831 11
6832 83
6833 88
6834 13
6835 126
6836 173
6837 6
6838 82
6839 115
6840 16
6841 128
6842 102
6843 9
6844 118
6845 136
6846 10
6847 104
6848 97
6849 13
6850 189
6851 158
6852 3
6853 74
6854 129
6855 11
6856 124
6857 121
6858 9
6859 129
6860 130
6861 11
6862 87
6863 90
6864 14
6865 141
6866 151
6867 5
6868 69
6869 127
6870 13
6871 158
6872 107
6873 8
6874 108
6875 149
6876 8
6877 97
6878 107
6879 14
6880 127
6881 150
6882 6
6883 73
6884 108
6885 17
6886 149
6887 112
6888 7
6889 131
6890 131
6891 13
6892 135
6893 96
6894 10
6895 124
6896 160
6897 4
6898 79
6899 146
6900 13
6901 136
6902 94
6903 8
6904 111
6905 144
6906 14
6907 115
6908 85
6909 8
6910 137
6911 144
6912 9
6913 88
6914 129
6915 8
6916 141
6917 93
6918 7
6919 126
6920 189
6921 10
6922 102
6923 76
6924 13
6925 152
6926 136
6927 7
6928 83
6929 131
6930 9
6931 134
6932 104
6933 12
6934 135
6935 163
6936 6
6937 99
6938 97
6939 7
6940 114
6941 179
6942 5
6943 75
6944 121
6945 15
6946 124
6947 110
6948 9
6949 117
6950 132
6951 12
6952 116
6953 87
6954 9
6955 168
6956 158
6957 3
6958 101
6959 122
6960 12
6961 122
6962 101
6963 8
6964 133
6965 149
6966 13
6967 97
6968 93
6969 18
6970 140
6971 157
6972 7
6973 76
6974 107
6975 11
6976 175
6977 117
6978 5
6979 102
6980 176
6981 9
6982 97
6983 101
6984 14
6985 132
6986 131
6987 6
6988 73
6989 124
6990 15
6991 163
6992 108
6993 5
6994 120
6995 146
6996 10
6997 140
6998 96
6999 8
7000 120
7001 130
7002 9
7003 85
7004 154
7005 11
7006 141
7007 98
7008 9
7009 123
7010 148
7011 9
7012 113
7013 85
7014 7
7015 147
7016 140
7017 8
7018 95
7019 128
7020 4
7021 136
7022 113
7023 4
7024 115
7025 171
7026 13
7027 105
7028 77
7029 13
7030 132
7031 135
7032 9
7033 82
7034 118
7035 11
7036 137
7037 101
7038 10
7039 137
7040 149
7041 9
7042 92
7043 85
7044 6
7045 126
7046 177
7047 7
7048 91
7049 118
7050 13
7051 134
7052 103
7053 9
7054 126
7055 151
7056 6
7057 119
7058 85
7059 14
7060 161
7061 146
7062 2
7063 75
7064 120
7065 16
7066 127
7067 119
7068 7
7069 119
7070 117
7071 20
7072 109
7073 89
7074 11
7075 145
7076 133
7077 4
7078 87
7079 129
7080 14
7081 156
7082 122
7083 5
7084 109
7085 156
7086 7
7087 99
7088 106
7089 21
7090 161
7091 134
7092 5
7093 83
7094 117
7095 7
7096 156
7097 121
7098 3
7099 113
7100 138
7101 17
7102 120
7103 91
7104 13
7105 105
7106 133
7107 4
7108 78
7109 168
7110 8
7111 156
7112 105
7113 7
7114 128
7115 136
7116 19
7117 108
7118 77
7119 9
7120 137
7121 145
7122 5
7123 111
7124 141
7125 11
7126 123
7127 106
7128 6
7129 115
7130 154
7131 18
7132 104
7133 87
7134 16
7135 132
7136 153
7137 5
7138 83
7139 124
7140 10
7141 142
7142 113
7143 5
7144 124
7145 191
7146 10
7147 91
7148 88
7149 6
7150 146
7151 186
7152 6
7153 89
7154 111
7155 15
7156 155
7157 93
7158 8
7159 123
7160 148
7161 7
7162 106
7163 81
7164 17
7165 154
7166 150
7167 3
7168 75
7169 138
7170 5
7171 127
7172 132
7173 9
7174 125
7175 134
7176 11
7177 106
7178 84
7179 10
7180 150
7181 150
7182 3
7183 70
7184 128
7185 11
7186 167
7187 106
7188 8
7189 117
7190 130
7191 13
7192 94
7193 101
7194 13
7195 152
7196 128
7197 5
7198 88
7199 117
7200 9
7201 154
7202 113
7203 10
7204 102
7205 128
7206 14
7207 117
7208 96
7209 5
7210 134
7211 200
7212 2
7213 74
7214 145
7215 12
7216 140
7217 84
7218 5
7219 115
7220 144
7221 17
7222 109
7223 84
7224 13
7225 148
7226 121
7227 9
7228 103
7229 145
7230 10
7231 133
7232 109
7233 6
7234 105
7235 164
7236 17
7237 99
7238 69
7239 11
7240 136
7241 152
7242 10
7243 84
7244 156
7245 5
7246 137
7247 106
7248 10
7249 143
7250 160
7251 6
7252 93
7253 81
7254 11
7255 150
7256 175
7257 5
7258 82
7259 102
7260 16
7261 130
7262 114
7263 7
7264 111
7265 142
7266 5
7267 105
7268 93
7269 21
7270 176
7271 137
7272 4
7273 79
7274 117
7275 10
7276 129
7277 136
7278 4
7279 111
7280 139
7281 16
7282 97
7283 88
7284 16
7285 136
7286 137
7287 4
7288 77
7289 128
7290 13
7291 165
7292 121
7293 5
7294 119
7295 156
7296 9
7297 87
7298 97
7299 14
7300 127
7301 159
7302 5
7303 79
7304 126
7305 13
7306 157
7307 114
7308 6
7309 119
7310 144
7311 14
7312 128
7313 88
7314 7
7315 136
7316 162
7317 4
7318 87
7319 130
7320 18
7321 159
7322 90
7323 9
7324 100
7325 147
7326 12
7327 109
7328 96
7329 13
7330 143
7331 155
7332 8
7333 97
7334 123
7335 7
7336 105
7337 103
7338 7
7339 98
7340 182
7341 11
7342 104
7343 88
7344 14
7345 131
7346 141
7347 11
7348 83
7349 148
7350 6
7351 134
7352 91
7353 4
7354 174
7355 148
7356 11
7357 97
7358 78
7359 10
7360 132
7361 173
7362 7
7363 87
7364 137
7365 12
7366 142
7367 124
7368 6
7369 113
7370 123
7371 10
7372 116
7373 84
7374 7
7375 171
7376 180
7377 3
7378 74
7379 139
7380 13
7381 131
7382 118
7383 9
7384 129
7385 134
7386 18
7387 108
7388 94
7389 17
7390 144
7391 138
7392 4
7393 95
7394 130
7395 13
7396 167
7397 120
7398 5
7399 98
7400 176
7401 13
7402 92
7403 102
7404 7
7405 147
7406 130
7407 8
7408 77
7409 146
7410 9
7411 154
7412 101
7413 5
7414 135
7415 155
7416 16
7417 118
7418 100
7419 8
7420 149
7421 139
7422 5
7423 84
7424 151
7425 14
7426 155
7427 95
7428 8
7429 125
7430 118
7431 18
7432 124
7433 83
7434 9
7435 152
7436 144
7437 6
7438 98
7439 143
7440 8
7441 137
7442 117
7443 5
7444 108
7445 187
7446 14
7447 109
7448 89
7449 6
7450 144
7451 152
7452 4
7453 99
7454 122
7455 9
7456 123
7457 108
7458 9
7459 149
7460 149
7461 10
7462 90
7463 82
7464 13
7465 139
7466 187
7467 7
7468 78
7469 113
7470 9
7471 151
7472 97
7473 6
7474 133
7475 160
7476 8
7477 117
7478 80
7479 20
7480 161
7481 164
7482 3
7483 76
7484 129
7485 11
7486 148
7487 147
7488 10
7489 112
7490 111
7491 17
7492 93
7493 84
7494 12
7495 133
7496 164
7497 3
7498 83
7499 125
7500 18
7501 158
7502 117
7503 5
7504 114
7505 153
7506 6
7507 98
7508 115
7509 12
7510 166
7511 139
7512 4
7513 91
7514 126
7515 10
7516 149
7517 100
7518 4
7519 118
7520 145
7521 11
7522 122
7523 87
7524 7
7525 138
7526 136
7527 5
7528 71
7529 143
7530 13
7531 138
7532 83
7533 10
7534 122
7535 142
7536 15
7537 106
7538 85
7539 9
7540 123
7541 162
7542 3
7543 103
7544 136
7545 10
7546 128
7547 115
7548 7
7549 124
7550 147
7551 11
7552 127
7553 80
7554 14
7555 136
7556 159
7557 5
7558 97
7559 134
7560 12
7561 155
7562 103
7563 10
7564 131
7565 185
7566 7
7567 97
7568 91
7569 7
7570 149
7571 182
7572 8
7573 81
7574 103
7575 12
7576 157
7577 102
7578 8
7579 123
7580 165
7581 10
7582 93
7583 86
7584 18
7585 184
7586 141
7587 6
7588 75
7589 136
7590 6
7591 151
7592 141
7593 8
7594 129
7595 138
7596 15
7597 108
7598 80
7599 12
7600 148
7601 154
7602 4
7603 76
7604 131
7605 12
7606 154
7607 134
7608 3
7609 108
7610 142
7611 15
7612 82
7613 103
7614 11
7615 146
7616 134
7617 5
7618 96
7619 124
7620 9
7621 149
7622 105
7623 7
7624 112
7625 135
7626 18
7627 132
7628 91
7629 10
7630 139
7631 171
7632 4
7633 70
7634 139
7635 12
7636 151
7637 96
7638 8
7639 123
7640 177
7641 12
7642 100
7643 90
7644 8
7645 144
7646 138
7647 5
7648 109
7649 137
7650 10
7651 145
7652 114
7653 6
7654 117
7655 166
7656 10
7657 115
7658 86
7659 16
7660 124
7661 147
7662 9
7663 90
7664 129
7665 10
7666 134
7667 110
7668 7
7669 153
7670 154
7671 7
7672 88
7673 91
7674 10
7675 139
7676 170
7677 7
7678 78
7679 125
7680 9
7681 132
7682 104
7683 10
7684 131
7685 152
7686 11
7687 121
7688 78
7689 13
7690 169
7691 160
7692 6
7693 70
7694 129
7695 12
7696 136
7697 126
7698 7
7699 122
7700 136
7701 13
7702 93
7703 87
7704 17
7705 154
7706 163
7707 3
7708 80
7709 116
7710 15
7711 172
7712 114
7713 7
7714 121
7715 154
7716 11
7717 112
7718 112
7719 13
7720 135
7721 144
7722 5
7723 78
7724 141
7725 15
7726 153
7727 95
7728 6
7729 110
7730 136
7731 13
7732 119
7733 90
7734 5
7735 132
7736 172
7737 4
7738 85
7739 168
7740 10
7741 146
7742 86
7743 13
7744 106
7745 164
7746 12
7747 112
7748 86
7749 10
7750 145
7751 156
7752 6
7753 92
7754 124
7755 9
7756 134
7757 113
7758 6
7759 114
7760 188
7761 10
7762 113
7763 88
7764 13
7765 130
7766 142
7767 8
7768 84
7769 135
7770 7
7771 146
7772 111
7773 7
7774 168
7775 150
7776 11
7777 100
7778 82
7779 9
7780 131
7781 175
7782 8
7783 91
7784 127
7785 17
7786 142
7787 107
7788 7
7789 126
7790 134
7791 11
7792 98
7793 90
7794 11
7795 151
7796 168
7797 4
7798 79
7799 139
7800 11
7801 144
7802 130
7803 6
7804 124
7805 166
7806 11
7807 92
7808 87
7809 18
7810 155
7811 148
7812 5
7813 92
7814 120
7815 15
7816 183
7817 110
7818 6
7819 115
7820 152
7821 9
7822 114
7823 108
7824 13
7825 151
7826 136
7827 10
7828 87
7829 122
7830 14
7831 158
7832 116
7833 5
7834 135
7835 162
7836 11
7837 126
7838 111
7839 9
7840 147
7841 151
7842 7
7843 77
7844 161
7845 14
7846 135
7847 102
7848 7
7849 136
7850 126
7851 13
7852 118
7853 99
7854 5
7855 160
7856 146
7857 6
7858 100
7859 136
7860 11
7861 141
7862 114
7863 6
7864 109
7865 191
7866 10
7867 117
7868 86
7869 17
7870 148
7871 166
7872 3
7873 99
7874 119
7875 6
7876 165
7877 112
7878 6
7879 155
7880 147
7881 9
7882 104
7883 90
7884 9
7885 132
7886 165
7887 7
7888 89
7889 132
7890 14
7891 154
7892 105
7893 11
7894 143
7895 161
7896 12
7897 98
7898 79
7899 19
7900 164
7901 174
7902 3
7903 75
7904 137
7905 10
7906 150
7907 143
7908 10
7909 118
7910 131
7911 11
7912 114
7913 86
7914 10
7915 164
7916 160
7917 5
7918 81
7919 119
7920 11
7921 177
7922 125
7923 8
7924 101
7925 159
7926 9
7927 102
7928 97
7929 12
7930 155
7931 129
7932 8
7933 94
7934 115
7935 9
7936 144
7937 111
7938 1
7939 120
7940 142
7941 12
7942 130
7943 92
7944 8
7945 131
7946 132
7947 7
7948 82
7949 160
7950 13
7951 139
7952 110
7953 7
7954 132
7955 158
7956 15
7957 106
7958 88
7959 8
7960 139
7961 154
7962 4
7963 84
7964 155
7965 6
7966 136
7967 118
7968 5
7969 109
7970 182
7971 20
7972 120
7973 81
7974 13
7975 132
7976 149
7977 6
7978 104
7979 137
7980 5
7981 169
7982 98
7983 13
7984 138
7985 159
7986 10
7987 93
7988 88
7989 10
7990 148
7991 186
7992 6
7993 88
7994 104
7995 15
7996 148
7997 99
7998 7
7999 115
8000 160
8001 10
8002 89
8003 108
8004 11
8005 183
8006 145
8007 2
8008 77
8009 151
8010 8
8011 146
8012 126
8013 10
8014 153
8015 124
8016 17
8017 117
8018 80
8019 14
8020 164
8021 149
8022 6
8023 72
8024 127
8025 14
8026 177
8027 125
8028 6
8029 107
8030 136
8031 7
8032 102
8033 108
8034 11
8035 147
8036 152
8037 2
8038 93
8039 137
8040 12
8041 141
8042 110
8043 7
8044 114
8045 142
8046 17
8047 142
8048 93
8049 13
8050 129
8051 156
8052 5
8053 83
8054 139
8055 18
8056 146
8057 100
8058 8
8059 127
8060 159
8061 18
8062 99
8063 99
8064 7
8065 152
8066 148
8067 4
8068 98
8069 162
8070 10
8071 140
8072 118
8073 8
8074 127
8075 194
8076 11
8077 106
8078 85
8079 11
8080 134
8081 159
8082 8
8083 86
8084 124
8085 9
8086 148
8087 106
8088 8
8089 145
8090 156
8091 13
8092 89
8093 88
8094 11
8095 145
8096 173
8097 5
8098 91
8099 113
8100 16
8101 126
8102 116
8103 7
8104 125
8105 159
8106 10
8107 118
8108 98
8109 15
8110 185
8111 169
8112 6
8113 85
8114 115
8115 9
8116 127
8117 126
8118 7
8119 116
8120 145
8121 17
8122 98
8123 93
8124 21
8125 155
8126 159
8127 6
8128 77
8129 131
8130 9
8131 184
8132 117
8133 7
8134 123
8135 161
8136 9
8137 106
8138 108
8139 12
8140 134
8141 150
8142 7
8143 86
8144 128
8145 17
8146 170
8147 119
8148 6
8149 132
8150 143
8151 13
8152 125
8153 107
8154 10
8155 130
8156 168
8157 4
8158 79
8159 160
8160 16
8161 150
8162 100
8163 8
8164 105
8165 159
8166 12
8167 115
8168 112
8169 8
8170 154
8171 143
8172 8
8173 98
8174 133
8175 6
8176 149
8177 107
8178 4
8179 130
8180 195
8181 20
8182 98
8183 83
8184 11
8185 138
8186 141
8187 6
8188 82
8189 154
8190 6
8191 141
8192 124
8193 6
8194 161
8195 157
8196 9
8197 89
8198 87
8199 10
8200 144
8201 210
8202 6
8203 83
8204 122
8205 18
8206 130
8207 112
8208 9
8209 133
8210 130
8211 10
8212 131
8213 94
8214 9
8215 170
8216 173
8217 4
8218 102
8219 137
8220 11
8221 140
8222 123
8223 11
8224 128
8225 166
8226 16
8227 94
8228 94
8229 13
8230 182
8231 177
8232 3
8233 88
8234 127
8235 16
8236 168
8237 128
8238 6
8239 106
8240 171
8241 7
8242 108
8243 116
8244 14
8245 166
8246 137
8247 11
8248 81
8249 127
8250 10
8251 168
8252 120
8253 6
8254 130
8255 153
8256 21
8257 134
8258 100
8259 10
8260 129
8261 172
8262 2
8263 86
8264 173
8265 9
8266 145
8267 118
8268 5
8269 154
8270 125
8271 11
8272 130
8273 90
8274 13
8275 144
8276 156
8277 10
8278 125
8279 130
8280 9
8281 144
8282 117
8283 5
8284 111
8285 198
8286 15
8287 121
8288 80
8289 15
8290 162
8291 152
8292 6
8293 96
8294 132
8295 7
8296 155
8297 113
8298 10
8299 139
8300 181
8301 6
8302 98
8303 100
8304 9
8305 126
8306 189
8307 3
8308 99
8309 125
8310 11
8311 162
8312 104
8313 13
8314 129
8315 169
8316 8
8317 119
8318 80
8319 20
8320 173
8321 182
8322 3
8323 90
8324 133
8325 13
8326 135
8327 125
8328 10
8329 145
8330 130
8331 10
8332 120
8333 105
8334 13
8335 169
8336 170
8337 4
8338 87
8339 121
8340 10
8341 183
8342 127
8343 8
8344 118
8345 165
8346 12
8347 102
8348 102
8349 9
8350 168
8351 146
8352 7
8353 84
8354 123
8355 17
8356 144
8357 112
8358 5
8359 115
8360 141
8361 8
8362 135
8363 102
8364 9
8365 129
8366 161
8367 5
8368 77
8369 164
8370 14
8371 154
8372 107
8373 5
8374 137
8375 162
8376 17
8377 133
8378 87
8379 7
8380 141
8381 146
8382 7
8383 107
8384 169
8385 10
8386 140
8387 109
8388 5
8389 129
8390 158
8391 20
8392 110
8393 86
8394 11
8395 142
8396 151
8397 6
8398 97
8399 160
8400 7
8401 169
8402 104
8403 9
8404 130
8405 157
8406 6
8407 101
8408 96
8409 10
8410 169
8411 189
8412 6
8413 91
8414 113
8415 17
8416 151
8417 104
8418 5
8419 112
8420 169
8421 6
8422 105
8423 105
8424 11
8425 158
8426 159
8427 2
8428 81
8429 139
8430 5
8431 140
8432 143
8433 7
8434 140
8435 134
8436 17
8437 119
8438 86
8439 15
8440 157
8441 140
8442 6
8443 93
8444 115
8445 21
8446 193
8447 122
8448 4
8449 124
8450 145
8451 13
8452 92
8453 112
8454 15
8455 143
8456 141
8457 7
8458 81
8459 141
8460 9
8461 153
8462 124
8463 6
8464 118
8465 185
8466 10
8467 135
8468 95
8469 12
8470 139
8471 181
8472 4
8473 91
8474 141
8475 10
8476 186
8477 105
8478 10
8479 129
8480 146
8481 13
8482 115
8483 88
8484 7
8485 157
8486 146
8487 7
8488 104
8489 169
8490 11
8491 147
8492 114
8493 7
8494 125
8495 201
8496 11
8497 112
8498 96
8499 14
8500 140
8501 157
8502 8
8503 96
8504 138
8505 9
8506 148
8507 110
8508 9
8509 149
8510 150
8511 14
8512 86
8513 86
8514 9
8515 168
8516 196
8517 5
8518 93
8519 131
8520 20
8521 137
8522 117
8523 10
8524 125
8525 169
8526 8
8527 120
8528 96
8529 16
8530 179
8531 197
8532 4
8533 83
8534 129
8535 8
8536 136
8537 142
8538 6
8539 126
8540 150
8541 12
8542 118
8543 84
8544 11
8545 165
8546 155
8547 5
8548 78
8549 129
8550 13
8551 181
8552 118
8553 9
8554 137
8555 151
8556 14
8557 93
8558 107
8559 17
8560 149
8561 154
8562 5
8563 94
8564 137
8565 7
8566 175
8567 125
8568 7
8569 131
8570 141
8571 15
8572 131
8573 94
8574 7
8575 158
8576 182
8577 2
8578 77
8579 178
8580 12
8581 159
8582 102
8583 9
8584 106
8585 161
8586 15
8587 117
8588 104
8589 10
8590 145
8591 158
8592 5
8593 108
8594 141
8595 9
8596 128
8597 117
8598 6
8599 123
8600 181
8601 17
8602 124
8603 85
8604 14
8605 149
8606 144
8607 9
8608 100
8609 139
8610 10
8611 149
8612 115
8613 10
8614 174
8615 171
8616 9
8617 104
8618 89
8619 13
8620 150
8621 199
8622 5
8623 77
8624 127
8625 12
8626 143
8627 122
8628 7
8629 136
8630 159
8631 9
8632 123
8633 93
8634 12
8635 188
8636 175
8637 5
8638 95
8639 137
8640 13
8641 166
8642 129
8643 9
8644 135
8645 146
8646 12
8647 97
8648 99
8649 21
8650 158
8651 167
8652 4
8653 94
8654 130
8655 13
8656 178
8657 124
8658 4
8659 117
8660 177
8661 10
8662 95
8663 128
8664 13
8665 161
8666 133
8667 11
8668 83
8669 149
8670 13
8671 168
8672 116
8673 6
8674 172
8675 162
8676 18
8677 132
8678 90
8679 6
8680 148
8681 172
8682 6
8683 91
8684 170
8685 18
8686 162
8687 106
8688 8
8689 123
8690 129
8691 12
8692 138
8693 111
8694 7
8695 148
8696 184
8697 6
8698 100
8699 154
8700 9
8701 147
8702 123
8703 4
8704 97
8705 214
8706 17
8707 139
8708 83
8709 16
8710 149
8711 163
8712 11
8713 100
8714 136
8715 8
8716 153
8717 99
8718 11
8719 154
8720 171
8721 11
8722 105
8723 91
8724 12
8725 151
8726 190
8727 8
8728 94
8729 161
8730 9
8731 167
8732 123
8733 9
8734 145
8735 172
8736 7
8737 116
8738 88
8739 11
8740 193
8741 178
8742 4
8743 80
8744 147
8745 11
8746 163
8747 132
8748 6
8749 136
8750 144
8751 19
8752 120
8753 98
8754 16
8755 166
8756 152
8757 3
8758 101
8759 130
8760 11
8761 185
8762 147
8763 9
8764 116
8765 164
8766 11
8767 107
8768 110
8769 16
8770 161
8771 159
8772 7
8773 94
8774 121
8775 14
8776 167
8777 112
8778 5
8779 137
8780 162
8781 14
8782 123
8783 105
8784 12
8785 153
8786 155
8787 7
8788 85
8789 180
8790 17
8791 174
8792 109
8793 8
8794 137
8795 156
8796 16
8797 125
8798 89
8799 14
8800 164
8801 169
8802 8
8803 111
8804 157
8805 16
8806 154
8807 138
8808 7
8809 126
8810 173
8811 7
8812 114
8813 100
8814 17
8815 138
8816 164
8817 7
8818 99
8819 147
8820 10
8821 156
8822 114
8823 9
8824 137
8825 184
8826 6
8827 113
8828 103
8829 8
8830 154
8831 188
8832 7
8833 92
8834 114
8835 15
8836 166
8837 106
8838 8
8839 161
8840 159
8841 12
8842 109
8843 95
8844 15
8845 190
8846 176
8847 7
8848 79
8849 145
8850 6
8851 154
8852 151
8853 5
8854 147
8855 146
8856 12
8857 124
8858 95
8859 15
8860 144
8861 195
8862 1
8863 83
8864 138
8865 15
8866 173
8867 135
8868 6
8869 124
8870 149
8871 12
8872 113
8873 107
8874 22
8875 150
8876 145
8877 6
8878 100
8879 137
8880 14
8881 169
8882 124
8883 9
8884 120
8885 171
8886 13
8887 147
8888 101
8889 10
8890 163
8891 184
8892 4
8893 88
8894 171
8895 11
8896 169
8897 108
8898 12
8899 117
8900 160
8901 16
8902 132
8903 100
8904 8
8905 189
8906 143
8907 13
8908 89
8909 162
8910 4
8911 156
8912 107
8913 8
8914 132
8915 194
8916 14
8917 119
8918 83
8919 18
8920 133
8921 167
8922 5
8923 95
8924 147
8925 9
8926 149
8927 143
8928 8
8929 159
8930 170
8931 10
8932 98
8933 96
8934 5
8935 151
8936 207
8937 5
8938 96
8939 136
8940 20
8941 148
8942 93
8943 10
8944 138
8945 179
8946 13
8947 121
8948 97
8949 16
8950 183
8951 150
8952 5
8953 81
8954 141
8955 9
8956 150
8957 148
8958 8
8959 142
8960 180
8961 12
8962 110
8963 98
8964 15
8965 155
8966 166
8967 3
8968 75
8969 144
8970 19
8971 205
8972 138
8973 7
8974 133
8975 173
8976 10
8977 103
8978 129
8979 17
8980 136
8981 160
8982 5
8983 95
8984 149
8985 15
8986 157
8987 126
8988 4
8989 136
8990 141
8991 13
8992 142
8993 106
8994 6
8995 146
8996 183
8997 6
8998 88
8999 168
9000 8
9001 160
9002 94
9003 11
9004 129
9005 169
9006 14
9007 116
9008 95
9009 9
9010 165
9011 165
9012 9
9013 98
9014 138
9015 13
9016 140
9017 124
9018 10
9019 116
9020 194
9021 10
9022 115
9023 100
9024 10
9025 150
9026 175
9027 9
9028 92
9029 137
9030 12
9031 161
9032 119
9033 4
9034 166
9035 181
9036 8
9037 125
9038 92
9039 15
9040 136
9041 177
9042 6
9043 92
9044 142
9045 14
9046 151
9047 125
9048 10
9049 139
9050 168
9051 8
9052 116
9053 88
9054 18
9055 162
9056 178
9057 2
9058 95
9059 158
9060 11
9061 144
9062 142
9063 13
9064 139
9065 167
9066 10
9067 108
9068 91
9069 19
9070 187
9071 172
9072 6
9073 103
9074 136
9075 11
9076 187
9077 137
9078 8
9079 117
9080 176
9081 12
9082 106
9083 129
9084 14
9085 146
9086 136
9087 6
9088 89
9089 145
9090 11
9091 165
9092 137
9093 4
9094 129
9095 174
9096 17
9097 147
9098 98
9099 8
9100 154
9101 161
9102 6
9103 104
9104 165
9105 17
9106 156
9107 92
9108 3
9109 143
9110 159
9111 17
9112 130
9113 101
9114 16
9115 149
9116 174
9117 8
9118 114
9119 161
9120 8
9121 140
9122 133
9123 4
9124 115
9125 239
9126 13
9127 119
9128 88
9129 16
9130 168
9131 161
9132 9
9133 93
9134 146
9135 12
9136 182
9137 119
9138 8
9139 161
9140 169
9141 11
9142 112
9143 106
9144 16
9145 160
9146 174
9147 6
9148 107
9149 152
9150 15
9151 159
9152 128
9153 10
9154 152
9155 171
9156 12
9157 132
9158 104
9159 7
9160 181
9161 194
9162 5
9163 83
9164 139
9165 10
9166 165
9167 143
9168 5
9169 156
9170 144
9171 20
9172 91
9173 97
9174 15
9175 164
9176 169
9177 2
9178 95
9179 141
9180 21
9181 191
9182 142
9183 5
9184 112
9185 161
9186 10
9187 120
9188 122
9189 10
9190 182
9191 183
9192 6
9193 102
9194 136
9195 13
9196 167
9197 110
9198 3
9199 139
9200 179
9201 13
9202 146
9203 107
9204 9
9205 140
9206 164
9207 6
9208 80
9209 171
9210 20
9211 153
9212 114
9213 10
9214 128
9215 156
9216 18
9217 127
9218 109
9219 9
9220 155
9221 167
9222 5
9223 103
9224 168
9225 9
9226 149
9227 125
9228 3
9229 125
9230 194
9231 15
9232 127
9233 90
9234 14
9235 176
9236 166
9237 5
9238 100
9239 151
9240 8
9241 162
9242 110
9243 12
9244 151
9245 180
9246 11
9247 116
9248 92
9249 15
9250 152
9251 199
9252 4
9253 102
9254 120
9255 13
9256 169
9257 111
9258 11
9259 141
9260 164
9261 10
9262 104
9263 97
9264 15
9265 198
9266 176
9267 4
9268 93
9269 149
9270 6
9271 154
9272 155
9273 5
9274 145
9275 157
9276 16
9277 125
9278 94
9279 12
9280 164
9281 186
9282 6
9283 89
9284 134
9285 12
9286 203
9287 127
9288 6
9289 113
9290 194
9291 12
9292 113
9293 112
9294 15
9295 158
9296 154
9297 7
9298 101
9299 141
9300 14
9301 188
9302 118
9303 10
9304 132
9305 167
9306 10
9307 148
9308 99
9309 13
9310 151
9311 180
9312 5
9313 93
9314 152
9315 11
9316 168
9317 118
9318 10
9319 131
9320 177
9321 11
9322 116
9323 116
9324 5
9325 151
9326 141
9327 8
9328 85
9329 161
9330 10
9331 151
9332 118
9333 5
9334 152
9335 192
9336 14
9337 104
9338 86
9339 16
9340 146
9341 159
9342 9
9343 100
9344 148
9345 5
9346 159
9347 137
9348 11
9349 152
9350 170
9351 10
9352 111
9353 85
9354 6
9355 151
9356 237
9357 6
9358 99
9359 129
9360 16
9361 150
9362 114
9363 4
9364 128
9365 177
9366 14
9367 112
9368 86
9369 17
9370 201
9371 170
9372 3
9373 93
9374 148
9375 10
9376 120
9377 143
9378 8
9379 131
9380 146
9381 15
9382 106
9383 97
9384 12
9385 163
9386 174
9387 5
9388 83
9389 157
9390 12
9391 195
9392 137
9393 7
9394 130
9395 188
9396 15
9397 101
9398 119
9399 13
9400 193
9401 152
9402 4
9403 95
9404 143
9405 14
9406 165
9407 122
9408 9
9409 142
9410 137
9411 21
9412 144
9413 110
9414 11
9415 163
9416 179
9417 5
9418 87
9419 174
9420 17
9421 178
9422 118
9423 9
9424 127
9425 162
9426 21
9427 114
9428 112
9429 11
9430 151
9431 169
9432 5
9433 120
9434 160
9435 12
9436 143
9437 119
9438 6
9439 136
9440 214
9441 10
9442 116
9443 100
9444 14
9445 132
9446 184
9447 7
9448 95
9449 143
9450 7
9451 174
9452 122
9453 9
9454 173
9455 194
9456 7
9457 111
9458 86
9459 15
9460 158
9461 193
9462 7
9463 107
9464 127
9465 18
9466 174
9467 123
9468 12
9469 120
9470 163
9471 9
9472 122
9473 106
9474 15
9475 199
9476 195
9477 5
9478 86
9479 160
9480 9
9481 146
9482 149
9483 8
9484 129
9485 175
9486 14
9487 117
9488 107
9489 11
9490 177
9491 181
9492 5
9493 99
9494 145
9495 11
9496 184
9497 116
9498 7
9499 139
9500 173
9501 8
9502 118
9503 115
9504 12
9505 169
9506 165
9507 8
9508 86
9509 150
9510 10
9511 179
9512 113
9513 4
9514 134
9515 169
9516 15
9517 138
9518 110
9519 7
9520 155
9521 188
9522 5
9523 82
9524 186
9525 23
9526 164
9527 101
9528 8
9529 145
9530 148
9531 17
9532 144
9533 106
9534 9
9535 162
9536 157
9537 5
9538 123
9539 146
9540 11
9541 159
9542 123
9543 6
9544 128
9545 222
9546 15
9547 126
9548 111
9549 11
9550 173
9551 176
9552 10
9553 101
9554 161
9555 8
9556 177
9557 117
9558 6
9559 157
9560 197
9561 8
9562 107
9563 103
9564 9
9565 162
9566 180
9567 6
9568 102
9569 146
9570 17
9571 156
9572 126
9573 7
9574 142
9575 154
9576 12
9577 139
9578 104
9579 19
9580 190
9581 196
9582 3
9583 89
9584 139
9585 8
9586 167
9587 176
9588 9
9589 158
9590 139
9591 13
9592 123
9593 92
9594 11
9595 184
9596 186
9597 2
9598 107
9599 144
9600 19
9601 177
9602 133
9603 5
9604 132
9605 193
9606 9
9607 115
9608 131
9609 16
9610 169
9611 164
9612 8
9613 92
9614 106
9615 15
9616 176
9617 115
9618 5
9619 139
9620 195
9621 12
9622 146
9623 107
9624 12
9625 140
9626 195
9627 4
9628 87
9629 182
9630 15
9631 179
9632 130
9633 8
9634 135
9635 163
9636 12
9637 131
9638 105
9639 12
9640 146
9641 168
9642 8
9643 113
9644 148
9645 9
9646 142
9647 129
9648 6
9649 139
9650 193
9651 13
9652 120
9653 90
9654 14
9655 173
9656 173
9657 8
9658 102
9659 146
9660 8
9661 176
9662 115
9663 11
9664 172
9665 170
9666 10
9667 118
9668 104
9669 11
9670 164
9671 206
9672 8
9673 86
9674 138
9675 21
9676 158
9677 115
9678 8
9679 120
9680 188
9681 4
9682 112
9683 103
9684 17
9685 187
9686 192
9687 10
9688 88
9689 149
9690 9
9691 159
9692 146
9693 10
9694 161
9695 163
9696 16
9697 140
9698 98
9699 19
9700 194
9701 163
9702 6
9703 97
9704 143
9705 16
9706 216
9707 146
9708 4
9709 134
9710 177
9711 15
9712 112
9713 121
9714 13
9715 169
9716 155
9717 4
9718 84
9719 199
9720 17
9721 169
9722 123
9723 8
9724 126
9725 181
9726 17
9727 158
9728 110
9729 14
9730 159
9731 167
9732 7
9733 88
9734 180
9735 9
9736 172
9737 117
9738 8
9739 134
9740 182
9741 18
9742 133
9743 104
9744 13
9745 157
9746 152
9747 5
9748 109
9749 176
9750 6
9751 165
9752 141
9753 6
9754 139
9755 209
9756 24
9757 118
9758 91
9759 16
9760 160
9761 158
9762 5
9763 114
9764 172
9765 12
9766 165
9767 122
9768 7
9769 168
9770 153
9771 10
9772 98
9773 91
9774 15
9775 158
9776 238
9777 10
9778 95
9779 142
9780 19
9781 170
9782 124
9783 7
9784 138
9785 219
9786 10
9787 109
9788 98
9789 11
9790 198
9791 196
9792 2
9793 83
9794 153
9795 12
9796 153
9797 145
9798 8
9799 144
9800 168
9801 16
9802 126
9803 103
9804 20
9805 172
9806 187
9807 10
9808 103
9809 144
9810 15
9811 204
9812 147
9813 4
9814 163
9815 187
9816 14
9817 111
9818 111
9819 13
9820 168
9821 161
9822 9
9823 90
9824 166
9825 14
9826 178
9827 135
9828 5
9829 164
9830 147
9831 17
9832 135
9833 113
9834 11
9835 138
9836 200
9837 5
9838 83
9839 178
9840 15
9841 174
9842 130
9843 13
9844 120
9845 179
9846 6
9847 134
9848 101
9849 7
9850 168
9851 200
9852 5
9853 125
9854 155
9855 9
9856 167
9857 112
9858 6
9859 144
9860 218
9861 15
9862 146
9863 104
9864 13
9865 157
9866 163
9867 5
9868 109
9869 150
9870 13
9871 180
9872 131
9873 12
9874 163
9875 187
9876 11
9877 106
9878 99
9879 13
9880 176
9881 221
9882 10
9883 114
9884 163
9885 16
9886 156
9887 120
9888 13
9889 138
9890 191
9891 7
9892 111
9893 103
9894 19
9895 225
9896 206
9897 5
9898 85
9899 161
9900 8
9901 161
9902 169
9903 9
9904 142
9905 190
9906 14
9907 116
9908 98
9909 21
9910 174
9911 174
9912 5
9913 96
9914 152
9915 15
9916 199
9917 157
9918 7
9919 136
9920 180
9921 10
9922 126
9923 121
9924 15
9925 184
9926 141
9927 10
9928 102
9929 155
9930 13
9931 190
9932 139
9933 5
9934 160
9935 181
9936 20
9937 140
9938 109
9939 13
9940 170
9941 201
9942 6
9943 82
9944 188
9945 9
9946 185
9947 127
9948 9
9949 133
9950 179
9951 20
9952 128
9953 103
9954 13
9955 165
9956 183
9957 3
9958 116
9959 164
9960 12
9961 178
9962 139
9963 7
9964 118
9965 190
9966 14
9967 142
9968 103
9969 12
9970 179
9971 183
9972 8
9973 109
9974 161
9975 9
9976 171
9977 112
9978 8
9979 172
9980 204
9981 10
9982 116
9983 117
9984 9
9985 184
9986 191
9987 8
9988 88
9989 155
9990 17
9991 144
9992 135
9993 9
9994 182
9995 173
9996 15
9997 146
9998 110
9999 12
10000 202
