# Table of n, A268681(n) for n = 1..250.
1 1
2 1
3 3
4 6
5 12
6 27
7 42
8 105
9 175
10 175
11 385
12 1408
13 1474
14 2566
15 8677
16 15607
17 15607
18 39934
19 39934
20 133300
21 264305
22 559565
23 1288392
24 5482695
25 5493321
26 5546451
27 11088442
28 11088442
29 24211552
30 88854292
31 88854757
32 133243378
33 133243378
34 133243411
35 2337205436
36 2337212576
37 2337212576
38 2337286428
39 35918624217
40 98281040749
41 98281132139
42 98727874658
43 100650568060
44 982464446474
45 3183967911173
46 3213614110243
47 7169925502873
48 34029210557338
49 34029210557338
50 34029210557338
51 34029210557338
52 34029210557389
53 44392405060830
54 474150657723492
55 571077006302097
56 571106254951527
57 571106254951527
58 2703485923680894
59 8325214141665965
60 36900524683531392
61 140620470209655312
62 650861804266008073
63 2281380259601471899
64 2281380283337146946
65 2281380283337146946
66 2281380283337147011
67 2281380283337149156
68 2281380283337199339
69 27618136263671291480
70 127844615694485841243
71 127844615694629979552
72 349100885834535530113
73 349100885834535530113
74 349100885931618640081
75 1243848396500173015762
76 1243848397329104122117
77 7456043675246916404857
78 7456043719774895718220
79 29122968975344272382185
80 115191464899468102291965
81 115191464899468102291965
82 115191464899468102291965
83 115191464899468102292047
84 115191464899468102295533
85 115191464899468102299019
86 115191464899468104426229
87 514043287038613861722517
88 1565561727223634941438381
89 1565561727223634943770271
90 5787447795334991071090671
91 5787447795335697946233931
92 5885301549954832647097257
93 53235320544970331059909704
94 130161190357016952119050053
95 835718595569615457335949522
96 4927605572401790610425247021
97 4927605572401790610425247021
98 5014910710588270546867579871
99 5014910710588270546867579871
100 5014910710588270546867579871
101 5014910710588270546867579871
102 8087182447520365523169318457
103 12835238765762113695022405375
104 33352071039384597270394295667
105 144634365281026147184742998168
106 144634365281026147184844339044
107 170359090458463421875404905781
108 1361344569064115176582143107958
109 1361344569064115176582143107958
110 1361426259534355776787702935014
111 1361535844311507790083201049840
112 1363297200395378856118189398994
113 1363297200395378856118189398994
114 1363297200395378862088243856397
115 1363297200395378862088243862952
116 1363297200395378943660751003035
117 1402205482103399784719232353546
118 3381076527575646466295996205520
119 16005600381621354775498540535731130
120 79889872093262676924813294918472629
121 79895298030000262117304650354542319
122 79895298030000262117304650354542319
123 335045619920380116395673771538035810
124 885633156629168385065556353899633476
125 2062773167261671348384295920530404631
126 2062773167391726189922776112986317136
127 2062773167391726189922776112986317136
128 2062773170356309629094798961532630518
129 2062773170356309629094798961532630518
130 2062773170356309629094798961532630647
131 2062773170356309629094798961532639162
132 2062773170356309629094798961533013953
133 2062773170356309629094798961545105384
134 2062773170356309629094798961879357127
135 2062773170356309629094798969404046258
136 2062773170356309629094798969404046258
137 2062773170356309629094798969404046258
138 2062773170356309629094834792650421740
139 2062773170356309629094873115193065421
140 2062773170356309629095446774192758144
141 2062773170356309629168901199613709572
142 2062773170356309629248608349158177991
143 2062773170356309630206472543312299114
144 2062773170356309716591100176476206185
145 2062773170356309716591100176476206185
146 2062773170356309716591160787754787040
147 2062773170356357308785313237854868832
148 2062773170356357308785313237854868832
149 2062773170356357308785313237854868832
150 2062773170375690259629864668436123756
151 2062773170375690259631034222734346066
152 2062773170401803560877868639317293637
153 2062773170401805273757532248429227132
154 2062773170401805273757532248429227132
155 2062773170401805273757532265238939282
156 2062773170401805273757532265961216993
157 2062779524903187372692677824308443428
158 2062821660694692278526474845733354056
159 2063054380089055171844925585361015614
160 87582835765810187505329511521107757565992079530
161 87582835765814833988837893249593129189536545175
162 87582835765814833988837893249593129189536545336
163 87582835765814833988837893249593129189536545336
164 87582835765814833988837893249593129189536545499
165 87582835765814833988837893249593129189536558865
166 87582835765814833988837893249593129189537307525
167 87582835765814833988837893249593129189567829281
168 87582835765836073120111728323271575870314360525
169 87582835765836073120111728323271575870346379435
170 87582835765836073120111728323271575870346379435
171 87582835765836073120111728323271575870346379605
172 87582835765836073120111728323271575870346379605
173 87582835765836199259219436651083594891356507095
174 87582835765837102241245652128799979331452117903
175 8998640463317764134217836255190175069836907992272
176 8998640463317764134217836255190175069836907992272
177 8998640463317764134217836255190175069836907992272
178 8998640463317764134217836255190175069836907992449
179 8998640584600832080013471580082183867954985691725
180 8998641247961303424090193136638867319090401137164
181 8998641247961303424090193136638867319090401137164
182 67218953486621764530032360692295734110409694070548990
183 67218953486621764530032360692295736022670734488562821
184 67218953486621764530032360692295738211157827169674681
185 67218953486621764530032360692295738211157827215892307
186 67218953486621764530032360692295738211761063309453294
187 67219250529106021553082265110262276949827966421705648
188 67226215361706589022785614800875015442077590457141869
189 67247431352467426550820050499951324524517839864150114
190 67247431352467426551200551951683373940910079854308283
191 67248577404440268948684022941108534848196386542454266
192 166683945512816759387683019072808041262978490859620166464
193 166683945512816759387683019072808041262978490859620166464
194 166683945512816759387683019072808041262978490859620166657
195 166683945512816759391790869202692916289557973053994976198
196 166683945512816759391790869202692916289557973053996212173
197 166683945512816759391790869202692916289557973053996212173
198 166683945512816759391790869202692916289557973053996212370
199 166683945512816759391790869202692916289557973053996212370
200 166683945512816759391790869202692916289557975257957353357
201 166683945512816759391790869202692916289557975257957353357
202 166683945512816759391790869202692916289557975257957353558
203 168291606149197745215858030320798953823221715571577731541
204 168291606149197745215858030320798953823221718203317464178
205 168291606149197745215858030320798953823221718203387543635
206 168291606149197745215858030320798953823221718206332841406
207 307275191666743068765119139768486489042679296793274967604
208 1010880694647184360235366556811864269749504494308025111096
209 1010880694647184360235366556811864594367812993468830791101
210 1021888914407528129828127931510595481030743449291921476515
211 1021888914407528129828127931510595481030780426229659724946
212 1021888914407528129828127931510595481031530449325845505539
213 1021888914407528194128452039358139437388374321729637070577
214 1129127771552528370198762432161771488890261350086048345893
215 13095261137507470894824390748004558323958650922553317466785372
216 70308272057576569139517452807715881801539554527698645469065106
217 70308272057576569139517452807715881801539554527698645469065106
218 70308272057576569139517452807715881801539554530183873171034258
219 70308272111793743175343754561055836691045811945033239423015145
220 186730069346698221911855831180154864996259245408355092785206394
221 375059446869603489453455842892919709149984387266493864102553150
222 6147925454619930203032204950131460877782679040294756745516651324
223 6147925454619930207002366449842520013757117920330362624343487269
224 56077774965082750406265142739108211543967837426276515684639717368
225 56077774965082750406265142739108211543968946935824080290060164274
226 56077774965082750406265142739108211543968946935824080290060164274
227 56077774965082750406265142739108211543968946935824080290060164500
228 56077781335341908261870916349160735989982141612807787208342555168
229 56077803341691726308509550399694886850876746388037261407842490791
230 5681882963530443272377672683850998539299395983800134504448668920281
231 18537290268309179115407544593899006103607772743210827647888933210868
232 18542701489516733980998778518453521312399148576939358019570939440059
233 58384650792559902578786147813464692514609056556508472915803467255754
234 641532568395043331557963125521178038047390962243830995770697291799971
235 641532568395043331558008580482470370205301520701663288308880668058332
236 641532568395043331558008580615465044940021485537572446146518593278668
237 641532568713300412841241121670351119579649679603067769218127863510253
238 671368269872423337877233827661814191844268049098361970836029549162583
239 8950378520205521696381790448196521900072243622401746303671375133845949
240 48452985029544298555376648741119552658440504263450730830173145255467782
241 59247557396295900963748040965725993680650030161263346823783309063907596
242 103013022067965404927234329501007974699058062816785772579809668267267197
243 103013022070167693902187087116845019644155232121957958107476867056819244
244 103013022070167693902187087116845019644155232121957958107476867056819244
245 103013022070167693902187087116845019644155232121957958107476867056819244
246 103013022070167693902187087116845019644155232121957958107476867056819244
247 103013022070167693902187087116845019644155232121957958107476867056819490
248 103013022070167693902187087116845019644155232121957958107476867056850118
249 103013022070167693902187087116845019644155232121957958107476867056850118
250 103013022070167693902187087116845019644155232121957958107476867213190993
