# Table of n, A268059(n) for n = 1..10000.
1 1
2 2
3 1
4 1
5 1
6 2
7 2
8 1
9 2
10 2
11 1
12 1
13 1
14 1
15 4
16 4
17 2
18 1
19 1
20 1
21 1
22 1
23 2
24 5
25 1
26 4
27 2
28 3
29 5
30 2
31 1
32 3
33 2
34 1
35 1
36 2
37 5
38 1
39 4
40 3
41 1
42 5
43 2
44 1
45 1
46 1
47 1
48 3
49 1
50 2
51 1
52 3
53 2
54 4
55 1
56 1
57 2
58 3
59 2
60 6
61 2
62 3
63 1
64 2
65 1
66 2
67 1
68 1
69 1
70 1
71 6
72 7
73 5
74 2
75 7
76 1
77 5
78 1
79 2
80 3
81 10
82 3
83 2
84 2
85 2
86 4
87 2
88 6
89 3
90 1
91 1
92 1
93 1
94 1
95 1
96 1
97 1
98 1
99 12
100 1
101 2
102 3
103 1
104 2
105 2
106 1
107 3
108 2
109 3
110 6
111 1
112 1
113 1
114 2
115 8
116 1
117 3
118 2
119 1
120 2
121 2
122 1
123 7
124 1
125 2
126 1
127 2
128 1
129 1
130 1
131 3
132 6
133 1
134 2
135 1
136 1
137 3
138 2
139 2
140 1
141 1
142 3
143 1
144 3
145 3
146 10
147 2
148 1
149 2
150 1
151 2
152 1
153 4
154 2
155 1
156 3
157 1
158 4
159 2
160 2
161 1
162 4
163 2
164 3
165 3
166 1
167 5
168 1
169 3
170 1
171 1
172 3
173 2
174 2
175 8
176 3
177 1
178 1
179 1
180 5
181 1
182 1
183 3
184 2
185 9
186 1
187 1
188 1
189 5
190 1
191 1
192 11
193 1
194 1
195 3
196 2
197 1
198 2
199 1
200 3
201 3
202 1
203 1
204 1
205 1
206 1
207 1
208 1
209 1
210 2
211 1
212 1
213 2
214 1
215 4
216 3
217 1
218 1
219 2
220 1
221 3
222 1
223 4
224 1
225 1
226 1
227 1
228 1
229 1
230 3
231 1
232 1
233 3
234 7
235 1
236 1
237 5
238 1
239 1
240 8
241 1
242 1
243 3
244 1
245 5
246 4
247 1
248 7
249 2
250 4
251 1
252 2
253 3
254 3
255 2
256 1
257 2
258 4
259 1
260 3
261 1
262 1
263 3
264 5
265 2
266 2
267 11
268 1
269 1
270 2
271 2
272 4
273 4
274 1
275 2
276 3
277 1
278 1
279 2
280 2
281 3
282 1
283 1
284 2
285 2
286 2
287 4
288 1
289 1
290 1
291 3
292 6
293 4
294 5
295 4
296 1
297 1
298 11
299 1
300 4
301 1
302 4
303 2
304 1
305 1
306 1
307 1
308 2
309 1
310 2
311 1
312 1
313 2
314 1
315 5
316 2
317 2
318 1
319 3
320 1
321 1
322 3
323 3
324 2
325 4
326 1
327 2
328 1
329 5
330 3
331 1
332 1
333 9
334 1
335 2
336 4
337 2
338 2
339 3
340 6
341 2
342 1
343 1
344 2
345 3
346 5
347 2
348 5
349 1
350 3
351 8
352 2
353 2
354 1
355 3
356 1
357 1
358 1
359 1
360 1
361 3
362 4
363 3
364 1
365 3
366 1
367 1
368 1
369 2
370 1
371 2
372 5
373 2
374 1
375 1
376 3
377 1
378 1
379 1
380 2
381 6
382 2
383 1
384 2
385 1
386 1
387 6
388 1
389 1
390 4
391 3
392 7
393 1
394 2
395 2
396 8
397 1
398 1
399 1
400 1
401 2
402 5
403 1
404 1
405 3
406 1
407 3
408 5
409 5
410 2
411 2
412 1
413 1
414 1
415 4
416 1
417 6
418 1
419 1
420 4
421 9
422 1
423 2
424 1
425 3
426 1
427 1
428 2
429 1
430 1
431 1
432 2
433 1
434 2
435 10
436 2
437 3
438 1
439 7
440 3
441 2
442 1
443 1
444 2
445 2
446 2
447 3
448 4
449 1
450 1
451 5
452 1
453 2
454 3
455 1
456 1
457 4
458 1
459 1
460 4
461 1
462 1
463 1
464 1
465 1
466 1
467 1
468 2
469 1
470 1
471 3
472 3
473 1
474 1
475 1
476 1
477 4
478 2
479 1
480 6
481 4
482 2
483 1
484 1
485 1
486 1
487 1
488 5
489 1
490 3
491 4
492 2
493 3
494 2
495 8
496 4
497 2
498 1
499 2
500 2
501 1
502 1
503 3
504 8
505 4
506 8
507 1
508 3
509 1
510 4
511 1
512 3
513 4
514 2
515 1
516 1
517 1
518 1
519 2
520 7
521 3
522 2
523 4
524 2
525 1
526 1
527 2
528 3
529 1
530 1
531 1
532 3
533 7
534 4
535 3
536 4
537 1
538 3
539 1
540 1
541 2
542 2
543 3
544 4
545 1
546 7
547 3
548 1
549 1
550 5
551 3
552 1
553 3
554 1
555 6
556 4
557 1
558 5
559 1
560 3
561 2
562 5
563 5
564 1
565 4
566 3
567 1
568 9
569 1
570 5
571 4
572 8
573 5
574 2
575 1
576 10
577 2
578 3
579 1
580 1
581 4
582 1
583 4
584 5
585 6
586 1
587 1
588 1
589 2
590 1
591 1
592 2
593 7
594 4
595 2
596 1
597 1
598 1
599 3
600 11
601 1
602 2
603 9
604 1
605 1
606 2
607 7
608 3
609 4
610 1
611 1
612 6
613 1
614 1
615 2
616 5
617 5
618 1
619 4
620 1
621 9
622 1
623 1
624 6
625 2
626 1
627 7
628 2
629 2
630 6
631 3
632 1
633 3
634 1
635 1
636 1
637 1
638 1
639 1
640 1
641 2
642 1
643 1
644 2
645 1
646 6
647 3
648 7
649 3
650 1
651 2
652 3
653 2
654 5
655 1
656 5
657 1
658 1
659 3
660 8
661 1
662 6
663 10
664 4
665 2
666 3
667 2
668 1
669 1
670 4
671 2
672 3
673 2
674 6
675 2
676 3
677 2
678 1
679 1
680 2
681 7
682 7
683 1
684 2
685 2
686 2
687 3
688 1
689 1
690 3
691 5
692 2
693 3
694 1
695 2
696 13
697 3
698 4
699 1
700 6
701 1
702 1
703 1
704 2
705 3
706 1
707 2
708 3
709 2
710 1
711 2
712 4
713 2
714 2
715 1
716 1
717 3
718 2
719 1
720 4
721 1
722 8
723 6
724 1
725 3
726 1
727 7
728 1
729 1
730 6
731 1
732 4
733 5
734 3
735 2
736 2
737 1
738 8
739 4
740 12
741 2
742 4
743 1
744 4
745 5
746 1
747 3
748 1
749 1
750 3
751 6
752 6
753 1
754 3
755 4
756 6
757 2
758 3
759 3
760 1
761 1
762 1
763 3
764 3
765 6
766 1
767 5
768 2
769 2
770 2
771 1
772 1
773 2
774 4
775 3
776 1
777 2
778 3
779 2
780 1
781 16
782 1
783 2
784 2
785 9
786 1
787 1
788 4
789 1
790 7
791 1
792 3
793 5
794 3
795 10
796 3
797 1
798 4
799 1
800 7
801 1
802 5
803 1
804 2
805 2
806 1
807 3
808 3
809 1
810 9
811 8
812 4
813 2
814 1
815 3
816 1
817 1
818 2
819 9
820 6
821 1
822 4
823 2
824 2
825 1
826 1
827 3
828 1
829 3
830 1
831 1
832 8
833 2
834 2
835 5
836 1
837 2
838 2
839 4
840 1
841 1
842 1
843 15
844 2
845 8
846 1
847 1
848 1
849 5
850 5
851 3
852 1
853 4
854 1
855 2
856 4
857 1
858 1
859 2
860 2
861 1
862 1
863 3
864 2
865 1
866 1
867 1
868 2
869 2
870 2
871 4
872 4
873 4
874 5
875 2
876 3
877 4
878 3
879 1
880 9
881 1
882 5
883 1
884 1
885 1
886 1
887 3
888 2
889 7
890 4
891 1
892 1
893 2
894 7
895 3
896 2
897 1
898 2
899 3
900 4
901 1
902 1
903 2
904 2
905 9
906 3
907 3
908 2
909 1
910 2
911 8
912 3
913 4
914 1
915 2
916 2
917 2
918 1
919 1
920 2
921 2
922 7
923 3
924 1
925 1
926 2
927 1
928 3
929 1
930 2
931 1
932 1
933 2
934 3
935 2
936 1
937 1
938 1
939 8
940 1
941 1
942 5
943 1
944 3
945 1
946 5
947 1
948 1
949 1
950 5
951 2
952 3
953 10
954 1
955 1
956 3
957 1
958 1
959 8
960 4
961 1
962 6
963 1
964 1
965 1
966 1
967 1
968 2
969 8
970 1
971 8
972 4
973 6
974 2
975 1
976 1
977 2
978 1
979 2
980 1
981 2
982 1
983 3
984 5
985 1
986 8
987 13
988 2
989 1
990 1
991 2
992 2
993 1
994 1
995 1
996 1
997 6
998 1
999 2
1000 1
1001 1
1002 1
1003 2
1004 2
1005 1
1006 1
1007 5
1008 2
1009 2
1010 7
1011 3
1012 2
1013 4
1014 1
1015 1
1016 8
1017 1
1018 2
1019 3
1020 17
1021 2
1022 1
1023 3
1024 1
1025 1
1026 1
1027 1
1028 4
1029 1
1030 2
1031 1
1032 5
1033 2
1034 2
1035 1
1036 1
1037 1
1038 1
1039 1
1040 2
1041 3
1042 5
1043 2
1044 1
1045 3
1046 9
1047 1
1048 11
1049 4
1050 1
1051 2
1052 2
1053 3
1054 1
1055 2
1056 13
1057 1
1058 1
1059 1
1060 1
1061 2
1062 1
1063 1
1064 9
1065 1
1066 2
1067 5
1068 4
1069 1
1070 9
1071 2
1072 1
1073 4
1074 2
1075 2
1076 4
1077 1
1078 2
1079 1
1080 1
1081 1
1082 1
1083 1
1084 2
1085 1
1086 2
1087 2
1088 2
1089 3
1090 2
1091 8
1092 3
1093 3
1094 1
1095 4
1096 6
1097 4
1098 1
1099 1
1100 18
1101 1
1102 1
1103 4
1104 2
1105 1
1106 5
1107 2
1108 1
1109 1
1110 1
1111 3
1112 5
1113 2
1114 3
1115 2
1116 2
1117 2
1118 2
1119 2
1120 6
1121 2
1122 2
1123 2
1124 1
1125 4
1126 1
1127 3
1128 1
1129 1
1130 1
1131 3
1132 1
1133 3
1134 1
1135 1
1136 4
1137 4
1138 2
1139 1
1140 10
1141 3
1142 1
1143 3
1144 2
1145 3
1146 2
1147 1
1148 4
1149 1
1150 1
1151 1
1152 1
1153 2
1154 11
1155 2
1156 6
1157 3
1158 1
1159 2
1160 9
1161 1
1162 3
1163 1
1164 6
1165 3
1166 2
1167 2
1168 3
1169 3
1170 1
1171 1
1172 4
1173 1
1174 1
1175 2
1176 4
1177 1
1178 3
1179 3
1180 3
1181 2
1182 3
1183 3
1184 11
1185 8
1186 1
1187 2
1188 1
1189 2
1190 4
1191 2
1192 1
1193 2
1194 1
1195 1
1196 1
1197 7
1198 1
1199 1
1200 6
1201 2
1202 2
1203 1
1204 6
1205 1
1206 2
1207 1
1208 1
1209 1
1210 1
1211 3
1212 3
1213 2
1214 1
1215 1
1216 1
1217 4
1218 1
1219 4
1220 2
1221 6
1222 2
1223 1
1224 4
1225 2
1226 2
1227 1
1228 4
1229 10
1230 2
1231 1
1232 1
1233 1
1234 2
1235 1
1236 1
1237 5
1238 1
1239 1
1240 2
1241 2
1242 2
1243 3
1244 1
1245 1
1246 1
1247 3
1248 4
1249 1
1250 1
1251 1
1252 1
1253 2
1254 3
1255 2
1256 2
1257 2
1258 3
1259 4
1260 1
1261 2
1262 1
1263 4
1264 1
1265 1
1266 6
1267 1
1268 1
1269 5
1270 4
1271 1
1272 1
1273 6
1274 7
1275 1
1276 1
1277 2
1278 1
1279 1
1280 7
1281 6
1282 1
1283 1
1284 1
1285 1
1286 1
1287 2
1288 4
1289 3
1290 1
1291 6
1292 4
1293 7
1294 10
1295 3
1296 3
1297 1
1298 1
1299 2
1300 2
1301 2
1302 1
1303 1
1304 2
1305 1
1306 5
1307 1
1308 2
1309 1
1310 1
1311 7
1312 1
1313 7
1314 1
1315 1
1316 2
1317 2
1318 1
1319 1
1320 2
1321 3
1322 2
1323 3
1324 4
1325 1
1326 1
1327 4
1328 2
1329 1
1330 4
1331 6
1332 7
1333 2
1334 2
1335 6
1336 3
1337 2
1338 1
1339 2
1340 1
1341 3
1342 4
1343 1
1344 11
1345 1
1346 1
1347 1
1348 1
1349 4
1350 4
1351 1
1352 1
1353 2
1354 2
1355 1
1356 1
1357 2
1358 1
1359 4
1360 5
1361 1
1362 1
1363 4
1364 1
1365 3
1366 4
1367 1
1368 7
1369 2
1370 1
1371 1
1372 11
1373 2
1374 1
1375 1
1376 2
1377 4
1378 3
1379 5
1380 11
1381 4
1382 3
1383 3
1384 4
1385 4
1386 1
1387 1
1388 1
1389 2
1390 1
1391 2
1392 5
1393 3
1394 4
1395 2
1396 1
1397 2
1398 1
1399 1
1400 1
1401 3
1402 1
1403 3
1404 6
1405 1
1406 1
1407 1
1408 6
1409 1
1410 3
1411 4
1412 1
1413 1
1414 4
1415 1
1416 1
1417 3
1418 1
1419 3
1420 1
1421 4
1422 6
1423 2
1424 3
1425 2
1426 3
1427 5
1428 3
1429 1
1430 4
1431 1
1432 2
1433 2
1434 1
1435 1
1436 1
1437 1
1438 2
1439 1
1440 1
1441 1
1442 1
1443 11
1444 2
1445 1
1446 2
1447 1
1448 6
1449 4
1450 5
1451 1
1452 1
1453 2
1454 2
1455 1
1456 2
1457 1
1458 2
1459 5
1460 2
1461 1
1462 1
1463 5
1464 1
1465 1
1466 1
1467 9
1468 6
1469 2
1470 2
1471 1
1472 1
1473 1
1474 1
1475 2
1476 1
1477 7
1478 2
1479 3
1480 1
1481 1
1482 1
1483 2
1484 8
1485 7
1486 2
1487 11
1488 3
1489 2
1490 1
1491 1
1492 10
1493 4
1494 13
1495 1
1496 3
1497 3
1498 1
1499 1
1500 1
1501 2
1502 2
1503 2
1504 21
1505 1
1506 3
1507 1
1508 4
1509 5
1510 1
1511 4
1512 1
1513 12
1514 1
1515 1
1516 1
1517 2
1518 12
1519 2
1520 1
1521 1
1522 2
1523 2
1524 1
1525 1
1526 1
1527 1
1528 5
1529 1
1530 10
1531 1
1532 1
1533 1
1534 1
1535 7
1536 6
1537 1
1538 4
1539 1
1540 3
1541 1
1542 3
1543 1
1544 1
1545 5
1546 1
1547 3
1548 1
1549 7
1550 1
1551 3
1552 11
1553 1
1554 7
1555 9
1556 4
1557 1
1558 1
1559 1
1560 4
1561 1
1562 10
1563 7
1564 5
1565 3
1566 6
1567 1
1568 2
1569 1
1570 1
1571 3
1572 2
1573 1
1574 1
1575 5
1576 7
1577 4
1578 1
1579 1
1580 3
1581 1
1582 1
1583 1
1584 3
1585 3
1586 17
1587 3
1588 2
1589 3
1590 3
1591 3
1592 6
1593 1
1594 3
1595 1
1596 2
1597 2
1598 1
1599 1
1600 3
1601 1
1602 2
1603 3
1604 1
1605 2
1606 1
1607 1
1608 1
1609 2
1610 2
1611 1
1612 2
1613 1
1614 1
1615 2
1616 1
1617 3
1618 6
1619 3
1620 3
1621 6
1622 5
1623 1
1624 2
1625 3
1626 1
1627 5
1628 5
1629 6
1630 1
1631 2
1632 1
1633 1
1634 1
1635 4
1636 1
1637 1
1638 2
1639 2
1640 1
1641 4
1642 2
1643 1
1644 11
1645 4
1646 4
1647 2
1648 3
1649 5
1650 2
1651 1
1652 1
1653 1
1654 1
1655 4
1656 9
1657 1
1658 3
1659 9
1660 5
1661 1
1662 3
1663 5
1664 1
1665 1
1666 1
1667 2
1668 1
1669 1
1670 1
1671 2
1672 1
1673 1
1674 2
1675 3
1676 4
1677 3
1678 2
1679 3
1680 2
1681 1
1682 1
1683 2
1684 1
1685 1
1686 2
1687 4
1688 1
1689 1
1690 5
1691 2
1692 1
1693 1
1694 1
1695 9
1696 2
1697 3
1698 2
1699 5
1700 1
1701 1
1702 4
1703 1
1704 3
1705 4
1706 4
1707 1
1708 3
1709 8
1710 2
1711 5
1712 6
1713 1
1714 2
1715 1
1716 3
1717 4
1718 2
1719 1
1720 5
1721 1
1722 3
1723 1
1724 4
1725 2
1726 1
1727 1
1728 1
1729 5
1730 1
1731 3
1732 1
1733 4
1734 1
1735 1
1736 2
1737 1
1738 8
1739 10
1740 5
1741 4
1742 2
1743 1
1744 1
1745 1
1746 2
1747 3
1748 1
1749 1
1750 1
1751 9
1752 1
1753 1
1754 1
1755 1
1756 2
1757 2
1758 1
1759 2
1760 3
1761 2
1762 1
1763 2
1764 1
1765 2
1766 1
1767 2
1768 2
1769 8
1770 4
1771 1
1772 1
1773 3
1774 8
1775 3
1776 1
1777 1
1778 4
1779 1
1780 13
1781 1
1782 3
1783 1
1784 2
1785 9
1786 6
1787 1
1788 2
1789 6
1790 1
1791 5
1792 3
1793 2
1794 1
1795 5
1796 1
1797 6
1798 8
1799 2
1800 12
1801 3
1802 6
1803 2
1804 1
1805 4
1806 8
1807 1
1808 3
1809 2
1810 1
1811 2
1812 1
1813 2
1814 1
1815 1
1816 3
1817 2
1818 1
1819 4
1820 1
1821 2
1822 1
1823 2
1824 1
1825 5
1826 1
1827 5
1828 4
1829 1
1830 2
1831 3
1832 1
1833 2
1834 2
1835 2
1836 6
1837 2
1838 3
1839 1
1840 1
1841 6
1842 5
1843 1
1844 2
1845 7
1846 12
1847 4
1848 1
1849 2
1850 1
1851 11
1852 2
1853 3
1854 1
1855 2
1856 1
1857 2
1858 2
1859 15
1860 1
1861 3
1862 3
1863 2
1864 2
1865 2
1866 4
1867 1
1868 1
1869 1
1870 3
1871 1
1872 2
1873 6
1874 1
1875 2
1876 3
1877 1
1878 3
1879 1
1880 4
1881 1
1882 1
1883 5
1884 2
1885 4
1886 2
1887 6
1888 6
1889 2
1890 1
1891 2
1892 2
1893 2
1894 1
1895 2
1896 2
1897 2
1898 4
1899 1
1900 1
1901 1
1902 1
1903 3
1904 1
1905 2
1906 4
1907 1
1908 3
1909 4
1910 1
1911 2
1912 4
1913 1
1914 1
1915 2
1916 2
1917 1
1918 4
1919 3
1920 2
1921 6
1922 2
1923 6
1924 1
1925 4
1926 1
1927 1
1928 1
1929 3
1930 1
1931 1
1932 13
1933 1
1934 6
1935 1
1936 4
1937 2
1938 1
1939 5
1940 4
1941 1
1942 2
1943 1
1944 1
1945 6
1946 1
1947 1
1948 3
1949 3
1950 4
1951 4
1952 1
1953 3
1954 1
1955 4
1956 1
1957 5
1958 5
1959 3
1960 1
1961 2
1962 2
1963 3
1964 4
1965 7
1966 2
1967 1
1968 1
1969 2
1970 2
1971 1
1972 3
1973 1
1974 4
1975 9
1976 3
1977 3
1978 1
1979 1
1980 4
1981 1
1982 1
1983 7
1984 2
1985 3
1986 3
1987 2
1988 6
1989 1
1990 1
1991 3
1992 2
1993 5
1994 4
1995 1
1996 1
1997 2
1998 4
1999 4
2000 4
2001 1
2002 1
2003 1
2004 1
2005 10
2006 1
2007 1
2008 5
2009 1
2010 3
2011 3
2012 2
2013 5
2014 1
2015 1
2016 1
2017 1
2018 6
2019 3
2020 4
2021 8
2022 3
2023 1
2024 1
2025 5
2026 1
2027 3
2028 1
2029 1
2030 1
2031 3
2032 2
2033 7
2034 1
2035 7
2036 4
2037 2
2038 1
2039 3
2040 5
2041 2
2042 1
2043 1
2044 1
2045 5
2046 4
2047 1
2048 7
2049 4
2050 5
2051 3
2052 3
2053 1
2054 3
2055 1
2056 1
2057 1
2058 2
2059 1
2060 4
2061 4
2062 2
2063 2
2064 2
2065 1
2066 4
2067 2
2068 1
2069 4
2070 4
2071 4
2072 5
2073 1
2074 1
2075 1
2076 2
2077 1
2078 3
2079 1
2080 2
2081 1
2082 7
2083 1
2084 1
2085 3
2086 1
2087 1
2088 1
2089 1
2090 5
2091 1
2092 3
2093 2
2094 1
2095 1
2096 2
2097 2
2098 1
2099 1
2100 2
2101 1
2102 1
2103 4
2104 1
2105 1
2106 1
2107 1
2108 2
2109 7
2110 3
2111 1
2112 8
2113 3
2114 1
2115 1
2116 4
2117 3
2118 2
2119 3
2120 1
2121 6
2122 6
2123 2
2124 4
2125 1
2126 1
2127 3
2128 7
2129 2
2130 1
2131 1
2132 8
2133 5
2134 1
2135 4
2136 1
2137 1
2138 1
2139 1
2140 2
2141 2
2142 3
2143 11
2144 1
2145 1
2146 1
2147 2
2148 3
2149 1
2150 2
2151 1
2152 8
2153 3
2154 4
2155 1
2156 1
2157 3
2158 4
2159 5
2160 2
2161 2
2162 3
2163 1
2164 1
2165 2
2166 3
2167 2
2168 4
2169 2
2170 2
2171 4
2172 3
2173 1
2174 3
2175 4
2176 12
2177 1
2178 8
2179 1
2180 2
2181 1
2182 1
2183 1
2184 2
2185 3
2186 7
2187 2
2188 2
2189 1
2190 1
2191 2
2192 2
2193 2
2194 1
2195 4
2196 2
2197 2
2198 7
2199 1
2200 8
2201 1
2202 1
2203 1
2204 2
2205 4
2206 2
2207 2
2208 4
2209 4
2210 4
2211 4
2212 1
2213 4
2214 2
2215 1
2216 5
2217 1
2218 3
2219 2
2220 5
2221 2
2222 1
2223 2
2224 1
2225 1
2226 2
2227 11
2228 1
2229 2
2230 4
2231 2
2232 4
2233 3
2234 3
2235 1
2236 5
2237 2
2238 7
2239 3
2240 3
2241 1
2242 5
2243 1
2244 3
2245 6
2246 2
2247 4
2248 8
2249 1
2250 7
2251 4
2252 1
2253 1
2254 2
2255 1
2256 1
2257 1
2258 4
2259 2
2260 1
2261 1
2262 11
2263 5
2264 4
2265 1
2266 1
2267 3
2268 3
2269 1
2270 2
2271 4
2272 5
2273 2
2274 1
2275 11
2276 3
2277 2
2278 4
2279 1
2280 3
2281 1
2282 6
2283 1
2284 1
2285 1
2286 1
2287 4
2288 2
2289 5
2290 1
2291 2
2292 5
2293 2
2294 1
2295 2
2296 14
2297 3
2298 2
2299 1
2300 1
2301 1
2302 1
2303 1
2304 1
2305 2
2306 3
2307 1
2308 1
2309 1
2310 3
2311 1
2312 3
2313 2
2314 1
2315 1
2316 1
2317 1
2318 3
2319 1
2320 5
2321 1
2322 1
2323 2
2324 1
2325 1
2326 1
2327 7
2328 6
2329 7
2330 5
2331 4
2332 2
2333 1
2334 1
2335 3
2336 4
2337 5
2338 1
2339 3
2340 4
2341 1
2342 3
2343 10
2344 2
2345 1
2346 1
2347 2
2348 1
2349 1
2350 1
2351 2
2352 10
2353 1
2354 2
2355 5
2356 7
2357 2
2358 1
2359 11
2360 7
2361 5
2362 6
2363 6
2364 1
2365 4
2366 1
2367 4
2368 8
2369 4
2370 3
2371 4
2372 2
2373 4
2374 5
2375 1
2376 7
2377 1
2378 5
2379 9
2380 1
2381 1
2382 2
2383 1
2384 2
2385 2
2386 2
2387 2
2388 1
2389 1
2390 3
2391 3
2392 1
2393 2
2394 3
2395 3
2396 1
2397 2
2398 1
2399 3
2400 3
2401 6
2402 1
2403 1
2404 6
2405 2
2406 2
2407 1
2408 1
2409 1
2410 3
2411 1
2412 8
2413 1
2414 1
2415 2
2416 2
2417 2
2418 1
2419 1
2420 2
2421 1
2422 1
2423 2
2424 1
2425 1
2426 1
2427 1
2428 3
2429 1
2430 1
2431 7
2432 1
2433 3
2434 1
2435 1
2436 1
2437 2
2438 1
2439 2
2440 1
2441 4
2442 8
2443 2
2444 4
2445 1
2446 7
2447 1
2448 1
2449 3
2450 1
2451 5
2452 10
2453 1
2454 1
2455 1
2456 12
2457 2
2458 4
2459 1
2460 5
2461 1
2462 1
2463 3
2464 2
2465 1
2466 3
2467 1
2468 1
2469 1
2470 1
2471 3
2472 2
2473 5
2474 1
2475 9
2476 1
2477 4
2478 1
2479 2
2480 1
2481 1
2482 8
2483 3
2484 6
2485 1
2486 1
2487 1
2488 3
2489 1
2490 1
2491 3
2492 6
2493 2
2494 3
2495 4
2496 1
2497 1
2498 1
2499 3
2500 2
2501 1
2502 1
2503 1
2504 1
2505 1
2506 1
2507 1
2508 1
2509 2
2510 1
2511 8
2512 2
2513 1
2514 5
2515 1
2516 4
2517 6
2518 1
2519 6
2520 4
2521 10
2522 2
2523 3
2524 1
2525 3
2526 1
2527 2
2528 1
2529 1
2530 5
2531 1
2532 2
2533 1
2534 2
2535 2
2536 1
2537 1
2538 1
2539 2
2540 16
2541 8
2542 2
2543 2
2544 2
2545 8
2546 1
2547 3
2548 4
2549 5
2550 1
2551 3
2552 2
2553 4
2554 3
2555 2
2556 2
2557 1
2558 1
2559 1
2560 5
2561 2
2562 1
2563 2
2564 1
2565 3
2566 3
2567 4
2568 1
2569 2
2570 2
2571 2
2572 1
2573 1
2574 1
2575 2
2576 4
2577 5
2578 7
2579 2
2580 1
2581 3
2582 2
2583 3
2584 2
2585 1
2586 14
2587 1
2588 5
2589 10
2590 1
2591 2
2592 3
2593 2
2594 1
2595 1
2596 4
2597 1
2598 2
2599 1
2600 7
2601 1
2602 8
2603 3
2604 1
2605 3
2606 3
2607 2
2608 2
2609 5
2610 1
2611 1
2612 1
2613 2
2614 1
2615 7
2616 4
2617 3
2618 1
2619 3
2620 1
2621 5
2622 2
2623 1
2624 3
2625 2
2626 12
2627 2
2628 4
2629 5
2630 1
2631 2
2632 1
2633 2
2634 1
2635 2
2636 3
2637 2
2638 1
2639 1
2640 7
2641 3
2642 6
2643 1
2644 1
2645 4
2646 7
2647 1
2648 5
2649 3
2650 1
2651 1
2652 3
2653 3
2654 1
2655 4
2656 3
2657 6
2658 1
2659 1
2660 2
2661 1
2662 3
2663 2
2664 1
2665 2
2666 1
2667 1
2668 1
2669 2
2670 16
2671 1
2672 1
2673 3
2674 4
2675 1
2676 3
2677 1
2678 1
2679 1
2680 6
2681 2
2682 6
2683 1
2684 1
2685 2
2686 1
2687 2
2688 10
2689 1
2690 6
2691 1
2692 3
2693 3
2694 1
2695 6
2696 2
2697 2
2698 2
2699 3
2700 11
2701 10
2702 2
2703 5
2704 1
2705 2
2706 2
2707 1
2708 1
2709 8
2710 1
2711 2
2712 2
2713 2
2714 3
2715 2
2716 10
2717 1
2718 2
2719 1
2720 3
2721 1
2722 1
2723 3
2724 4
2725 1
2726 2
2727 3
2728 8
2729 2
2730 6
2731 2
2732 10
2733 5
2734 2
2735 5
2736 1
2737 4
2738 1
2739 1
2740 1
2741 1
2742 5
2743 4
2744 6
2745 2
2746 5
2747 1
2748 1
2749 1
2750 1
2751 4
2752 2
2753 1
2754 2
2755 3
2756 3
2757 4
2758 1
2759 1
2760 4
2761 4
2762 1
2763 1
2764 3
2765 1
2766 6
2767 1
2768 1
2769 1
2770 1
2771 1
2772 3
2773 2
2774 6
2775 1
2776 1
2777 4
2778 1
2779 4
2780 2
2781 6
2782 1
2783 2
2784 4
2785 1
2786 1
2787 1
2788 8
2789 1
2790 1
2791 2
2792 2
2793 1
2794 1
2795 3
2796 1
2797 1
2798 1
2799 1
2800 1
2801 1
2802 10
2803 3
2804 1
2805 10
2806 1
2807 1
2808 1
2809 4
2810 2
2811 1
2812 1
2813 2
2814 1
2815 9
2816 1
2817 2
2818 5
2819 1
2820 6
2821 1
2822 10
2823 2
2824 3
2825 2
2826 3
2827 1
2828 2
2829 1
2830 1
2831 2
2832 1
2833 2
2834 10
2835 1
2836 3
2837 1
2838 5
2839 1
2840 2
2841 3
2842 1
2843 2
2844 1
2845 4
2846 8
2847 4
2848 1
2849 9
2850 3
2851 1
2852 3
2853 2
2854 2
2855 1
2856 1
2857 4
2858 1
2859 2
2860 1
2861 1
2862 4
2863 1
2864 3
2865 1
2866 1
2867 6
2868 2
2869 1
2870 1
2871 1
2872 3
2873 1
2874 2
2875 1
2876 1
2877 11
2878 2
2879 2
2880 27
2881 2
2882 1
2883 7
2884 3
2885 1
2886 2
2887 1
2888 1
2889 1
2890 1
2891 1
2892 7
2893 2
2894 3
2895 3
2896 1
2897 3
2898 1
2899 3
2900 1
2901 2
2902 3
2903 1
2904 6
2905 3
2906 7
2907 2
2908 5
2909 2
2910 2
2911 1
2912 9
2913 1
2914 3
2915 1
2916 3
2917 4
2918 2
2919 6
2920 2
2921 1
2922 4
2923 5
2924 1
2925 2
2926 2
2927 1
2928 3
2929 1
2930 1
2931 1
2932 1
2933 2
2934 2
2935 1
2936 1
2937 2
2938 1
2939 1
2940 4
2941 1
2942 5
2943 1
2944 5
2945 1
2946 4
2947 2
2948 2
2949 8
2950 4
2951 2
2952 1
2953 3
2954 1
2955 4
2956 1
2957 3
2958 5
2959 2
2960 1
2961 1
2962 1
2963 1
2964 1
2965 1
2966 4
2967 2
2968 4
2969 4
2970 15
2971 3
2972 2
2973 4
2974 1
2975 1
2976 1
2977 1
2978 8
2979 10
2980 4
2981 6
2982 1
2983 7
2984 4
2985 1
2986 8
2987 3
2988 5
2989 6
2990 1
2991 2
2992 4
2993 2
2994 1
2995 1
2996 1
2997 2
2998 2
2999 4
3000 3
3001 1
3002 7
3003 3
3004 3
3005 4
3006 1
3007 1
3008 1
3009 1
3010 2
3011 2
3012 1
3013 7
3014 3
3015 1
3016 3
3017 2
3018 2
3019 2
3020 2
3021 1
3022 2
3023 1
3024 6
3025 1
3026 5
3027 1
3028 1
3029 1
3030 1
3031 3
3032 1
3033 2
3034 1
3035 2
3036 33
3037 1
3038 6
3039 7
3040 1
3041 1
3042 1
3043 2
3044 1
3045 1
3046 6
3047 2
3048 5
3049 1
3050 3
3051 1
3052 1
3053 5
3054 2
3055 1
3056 2
3057 6
3058 1
3059 2
3060 1
3061 1
3062 1
3063 2
3064 2
3065 2
3066 2
3067 1
3068 1
3069 1
3070 2
3071 1
3072 4
3073 1
3074 1
3075 1
3076 5
3077 1
3078 1
3079 2
3080 4
3081 2
3082 2
3083 1
3084 6
3085 3
3086 2
3087 5
3088 1
3089 1
3090 7
3091 5
3092 1
3093 1
3094 4
3095 1
3096 4
3097 1
3098 2
3099 3
3100 1
3101 1
3102 6
3103 6
3104 5
3105 2
3106 1
3107 1
3108 2
3109 1
3110 4
3111 2
3112 13
3113 7
3114 3
3115 8
3116 3
3117 1
3118 1
3119 2
3120 1
3121 2
3122 4
3123 3
3124 6
3125 2
3126 3
3127 1
3128 2
3129 5
3130 1
3131 4
3132 2
3133 2
3134 2
3135 10
3136 1
3137 6
3138 5
3139 1
3140 4
3141 1
3142 6
3143 3
3144 4
3145 6
3146 1
3147 3
3148 4
3149 4
3150 9
3151 1
3152 1
3153 1
3154 1
3155 3
3156 3
3157 1
3158 1
3159 1
3160 1
3161 1
3162 1
3163 1
3164 1
3165 1
3166 2
3167 7
3168 1
3169 2
3170 1
3171 3
3172 6
3173 7
3174 7
3175 1
3176 4
3177 2
3178 1
3179 1
3180 4
3181 2
3182 1
3183 2
3184 5
3185 1
3186 2
3187 2
3188 1
3189 2
3190 1
3191 3
3192 3
3193 1
3194 1
3195 7
3196 2
3197 1
3198 1
3199 2
3200 27
3201 3
3202 1
3203 1
3204 1
3205 4
3206 7
3207 2
3208 5
3209 1
3210 4
3211 3
3212 5
3213 1
3214 2
3215 1
3216 6
3217 3
3218 1
3219 6
3220 2
3221 1
3222 2
3223 4
3224 2
3225 2
3226 3
3227 2
3228 3
3229 1
3230 4
3231 1
3232 2
3233 1
3234 6
3235 2
3236 3
3237 1
3238 6
3239 1
3240 4
3241 2
3242 2
3243 10
3244 3
3245 5
3246 2
3247 2
3248 2
3249 1
3250 6
3251 1
3252 3
3253 1
3254 3
3255 3
3256 3
3257 5
3258 10
3259 2
3260 1
3261 4
3262 7
3263 2
3264 1
3265 2
3266 7
3267 1
3268 5
3269 1
3270 1
3271 1
3272 8
3273 3
3274 1
3275 3
3276 6
3277 1
3278 1
3279 1
3280 2
3281 1
3282 2
3283 2
3284 8
3285 2
3286 1
3287 1
3288 3
3289 1
3290 2
3291 9
3292 2
3293 1
3294 4
3295 2
3296 7
3297 2
3298 1
3299 11
3300 9
3301 4
3302 3
3303 1
3304 5
3305 1
3306 2
3307 3
3308 1
3309 2
3310 2
3311 3
3312 2
3313 8
3314 2
3315 1
3316 1
3317 6
3318 2
3319 2
3320 4
3321 4
3322 1
3323 3
3324 4
3325 1
3326 1
3327 1
3328 1
3329 1
3330 1
3331 1
3332 1
3333 1
3334 4
3335 1
3336 1
3337 2
3338 2
3339 5
3340 2
3341 1
3342 1
3343 2
3344 2
3345 1
3346 1
3347 2
3348 7
3349 2
3350 7
3351 2
3352 2
3353 1
3354 1
3355 1
3356 1
3357 6
3358 2
3359 1
3360 3
3361 1
3362 3
3363 1
3364 1
3365 3
3366 2
3367 1
3368 9
3369 3
3370 1
3371 2
3372 10
3373 2
3374 2
3375 1
3376 1
3377 1
3378 1
3379 8
3380 2
3381 1
3382 9
3383 9
3384 1
3385 1
3386 1
3387 1
3388 5
3389 2
3390 2
3391 1
3392 4
3393 4
3394 4
3395 2
3396 1
3397 1
3398 1
3399 2
3400 5
3401 2
3402 4
3403 2
3404 2
3405 1
3406 2
3407 1
3408 1
3409 5
3410 13
3411 1
3412 3
3413 3
3414 1
3415 1
3416 1
3417 6
3418 3
3419 2
3420 5
3421 1
3422 3
3423 1
3424 1
3425 1
3426 1
3427 1
3428 4
3429 5
3430 3
3431 1
3432 7
3433 4
3434 1
3435 1
3436 5
3437 3
3438 1
3439 5
3440 13
3441 1
3442 1
3443 3
3444 10
3445 7
3446 3
3447 4
3448 2
3449 1
3450 3
3451 3
3452 1
3453 2
3454 4
3455 1
3456 6
3457 2
3458 1
3459 2
3460 2
3461 1
3462 5
3463 1
3464 2
3465 7
3466 3
3467 1
3468 2
3469 2
3470 2
3471 5
3472 5
3473 6
3474 2
3475 2
3476 3
3477 2
3478 3
3479 1
3480 1
3481 6
3482 1
3483 3
3484 4
3485 2
3486 1
3487 5
3488 2
3489 1
3490 1
3491 2
3492 3
3493 7
3494 9
3495 3
3496 1
3497 2
3498 1
3499 1
3500 2
3501 2
3502 2
3503 1
3504 1
3505 5
3506 6
3507 10
3508 2
3509 1
3510 2
3511 1
3512 2
3513 5
3514 1
3515 3
3516 4
3517 4
3518 7
3519 5
3520 1
3521 8
3522 2
3523 4
3524 1
3525 2
3526 5
3527 2
3528 2
3529 1
3530 1
3531 3
3532 3
3533 1
3534 1
3535 1
3536 17
3537 1
3538 1
3539 1
3540 1
3541 6
3542 1
3543 3
3544 4
3545 2
3546 2
3547 1
3548 2
3549 3
3550 5
3551 3
3552 4
3553 1
3554 1
3555 4
3556 2
3557 2
3558 3
3559 2
3560 8
3561 1
3562 1
3563 3
3564 1
3565 4
3566 2
3567 6
3568 5
3569 1
3570 3
3571 5
3572 1
3573 5
3574 1
3575 2
3576 1
3577 1
3578 2
3579 1
3580 1
3581 1
3582 12
3583 1
3584 2
3585 1
3586 4
3587 1
3588 1
3589 2
3590 1
3591 3
3592 3
3593 3
3594 1
3595 1
3596 3
3597 3
3598 2
3599 2
3600 5
3601 3
3602 1
3603 8
3604 5
3605 2
3606 2
3607 1
3608 3
3609 14
3610 1
3611 2
3612 2
3613 1
3614 1
3615 1
3616 13
3617 1
3618 6
3619 1
3620 7
3621 1
3622 2
3623 2
3624 3
3625 1
3626 5
3627 3
3628 1
3629 4
3630 1
3631 8
3632 1
3633 3
3634 2
3635 1
3636 2
3637 2
3638 1
3639 1
3640 1
3641 4
3642 1
3643 1
3644 1
3645 1
3646 1
3647 3
3648 1
3649 1
3650 1
3651 1
3652 3
3653 7
3654 1
3655 1
3656 7
3657 1
3658 2
3659 1
3660 7
3661 3
3662 1
3663 5
3664 1
3665 1
3666 1
3667 1
3668 7
3669 1
3670 4
3671 1
3672 3
3673 1
3674 3
3675 1
3676 5
3677 1
3678 4
3679 3
3680 2
3681 2
3682 1
3683 1
3684 1
3685 1
3686 2
3687 2
3688 1
3689 5
3690 1
3691 4
3692 4
3693 1
3694 1
3695 1
3696 3
3697 2
3698 6
3699 3
3700 1
3701 3
3702 5
3703 4
3704 2
3705 5
3706 1
3707 2
3708 1
3709 2
3710 5
3711 3
3712 1
3713 1
3714 6
3715 1
3716 1
3717 1
3718 5
3719 1
3720 1
3721 1
3722 4
3723 3
3724 1
3725 1
3726 5
3727 3
3728 8
3729 5
3730 4
3731 12
3732 1
3733 3
3734 5
3735 2
3736 2
3737 2
3738 3
3739 9
3740 1
3741 9
3742 1
3743 4
3744 1
3745 2
3746 2
3747 4
3748 1
3749 1
3750 2
3751 5
3752 16
3753 7
3754 1
3755 3
3756 1
3757 2
3758 3
3759 10
3760 8
3761 2
3762 1
3763 9
3764 1
3765 8
3766 1
3767 2
3768 1
3769 1
3770 10
3771 2
3772 3
3773 2
3774 1
3775 3
3776 2
3777 2
3778 1
3779 5
3780 1
3781 2
3782 2
3783 3
3784 2
3785 1
3786 9
3787 4
3788 3
3789 2
3790 1
3791 1
3792 1
3793 10
3794 1
3795 9
3796 9
3797 4
3798 1
3799 2
3800 2
3801 1
3802 1
3803 2
3804 1
3805 4
3806 1
3807 8
3808 1
3809 1
3810 2
3811 1
3812 4
3813 4
3814 2
3815 9
3816 9
3817 2
3818 8
3819 1
3820 2
3821 1
3822 5
3823 4
3824 3
3825 11
3826 1
3827 1
3828 1
3829 7
3830 2
3831 6
3832 3
3833 1
3834 2
3835 1
3836 5
3837 1
3838 1
3839 2
3840 1
3841 14
3842 1
3843 1
3844 1
3845 4
3846 1
3847 4
3848 4
3849 1
3850 1
3851 1
3852 1
3853 2
3854 1
3855 1
3856 1
3857 1
3858 1
3859 3
3860 1
3861 1
3862 1
3863 3
3864 1
3865 6
3866 1
3867 1
3868 5
3869 2
3870 3
3871 1
3872 3
3873 1
3874 1
3875 4
3876 1
3877 1
3878 1
3879 10
3880 2
3881 7
3882 4
3883 6
3884 1
3885 1
3886 2
3887 3
3888 8
3889 2
3890 18
3891 1
3892 1
3893 2
3894 3
3895 5
3896 2
3897 1
3898 8
3899 1
3900 6
3901 4
3902 2
3903 6
3904 3
3905 4
3906 1
3907 1
3908 5
3909 2
3910 3
3911 5
3912 1
3913 1
3914 1
3915 4
3916 2
3917 1
3918 6
3919 2
3920 1
3921 4
3922 1
3923 3
3924 7
3925 2
3926 1
3927 1
3928 2
3929 4
3930 11
3931 8
3932 1
3933 1
3934 3
3935 3
3936 3
3937 5
3938 6
3939 3
3940 4
3941 1
3942 1
3943 4
3944 1
3945 2
3946 1
3947 1
3948 3
3949 4
3950 1
3951 1
3952 10
3953 1
3954 5
3955 6
3956 1
3957 2
3958 1
3959 2
3960 17
3961 6
3962 3
3963 9
3964 3
3965 2
3966 1
3967 7
3968 8
3969 1
3970 1
3971 1
3972 2
3973 2
3974 1
3975 5
3976 1
3977 1
3978 1
3979 2
3980 1
3981 11
3982 1
3983 4
3984 1
3985 2
3986 1
3987 4
3988 1
3989 2
3990 2
3991 5
3992 2
3993 1
3994 6
3995 1
3996 1
3997 3
3998 1
3999 2
4000 1
4001 3
4002 1
4003 1
4004 6
4005 5
4006 1
4007 10
4008 1
4009 5
4010 2
4011 1
4012 3
4013 2
4014 1
4015 3
4016 2
4017 1
4018 3
4019 2
4020 7
4021 3
4022 5
4023 2
4024 1
4025 1
4026 2
4027 1
4028 5
4029 1
4030 1
4031 3
4032 4
4033 11
4034 2
4035 1
4036 9
4037 2
4038 2
4039 1
4040 2
4041 17
4042 2
4043 1
4044 1
4045 7
4046 1
4047 1
4048 1
4049 2
4050 1
4051 1
4052 6
4053 2
4054 2
4055 3
4056 2
4057 1
4058 4
4059 2
4060 3
4061 3
4062 9
4063 2
4064 5
4065 1
4066 2
4067 1
4068 1
4069 1
4070 2
4071 3
4072 1
4073 1
4074 3
4075 1
4076 1
4077 1
4078 3
4079 2
4080 1
4081 10
4082 5
4083 1
4084 1
4085 6
4086 1
4087 3
4088 1
4089 1
4090 8
4091 2
4092 10
4093 2
4094 3
4095 1
4096 3
4097 4
4098 1
4099 1
4100 14
4101 1
4102 4
4103 1
4104 3
4105 1
4106 1
4107 1
4108 2
4109 1
4110 1
4111 2
4112 2
4113 3
4114 5
4115 2
4116 9
4117 2
4118 2
4119 2
4120 1
4121 2
4122 2
4123 1
4124 6
4125 1
4126 1
4127 2
4128 2
4129 4
4130 2
4131 2
4132 1
4133 4
4134 1
4135 1
4136 3
4137 1
4138 2
4139 1
4140 7
4141 1
4142 1
4143 1
4144 2
4145 3
4146 12
4147 2
4148 1
4149 1
4150 3
4151 2
4152 2
4153 1
4154 4
4155 1
4156 3
4157 2
4158 1
4159 1
4160 1
4161 4
4162 1
4163 1
4164 1
4165 3
4166 5
4167 2
4168 2
4169 3
4170 2
4171 3
4172 1
4173 2
4174 1
4175 4
4176 2
4177 1
4178 2
4179 11
4180 1
4181 2
4182 4
4183 1
4184 1
4185 1
4186 5
4187 1
4188 3
4189 1
4190 3
4191 4
4192 2
4193 1
4194 1
4195 3
4196 3
4197 1
4198 2
4199 4
4200 6
4201 7
4202 1
4203 3
4204 2
4205 1
4206 4
4207 1
4208 1
4209 2
4210 1
4211 4
4212 2
4213 5
4214 5
4215 10
4216 3
4217 3
4218 1
4219 1
4220 3
4221 4
4222 1
4223 2
4224 4
4225 1
4226 1
4227 6
4228 1
4229 1
4230 3
4231 1
4232 2
4233 2
4234 1
4235 3
4236 1
4237 1
4238 3
4239 1
4240 2
4241 3
4242 1
4243 1
4244 2
4245 2
4246 4
4247 1
4248 1
4249 1
4250 2
4251 5
4252 2
4253 4
4254 2
4255 1
4256 5
4257 4
4258 1
4259 1
4260 1
4261 5
4262 1
4263 1
4264 2
4265 4
4266 1
4267 2
4268 2
4269 3
4270 1
4271 1
4272 10
4273 1
4274 3
4275 4
4276 2
4277 5
4278 1
4279 20
4280 12
4281 1
4282 5
4283 1
4284 13
4285 2
4286 7
4287 2
4288 4
4289 1
4290 2
4291 1
4292 6
4293 1
4294 10
4295 1
4296 1
4297 9
4298 1
4299 1
4300 3
4301 5
4302 4
4303 1
4304 2
4305 1
4306 1
4307 6
4308 1
4309 1
4310 4
4311 1
4312 2
4313 2
4314 1
4315 1
4316 6
4317 3
4318 1
4319 2
4320 7
4321 1
4322 2
4323 2
4324 2
4325 2
4326 1
4327 1
4328 2
4329 1
4330 1
4331 6
4332 9
4333 2
4334 1
4335 1
4336 2
4337 2
4338 4
4339 2
4340 4
4341 2
4342 2
4343 4
4344 1
4345 12
4346 1
4347 3
4348 2
4349 1
4350 8
4351 2
4352 8
4353 2
4354 1
4355 7
4356 17
4357 1
4358 1
4359 2
4360 4
4361 2
4362 3
4363 1
4364 1
4365 1
4366 1
4367 1
4368 1
4369 4
4370 1
4371 2
4372 2
4373 2
4374 4
4375 2
4376 2
4377 2
4378 1
4379 6
4380 1
4381 4
4382 2
4383 7
4384 1
4385 1
4386 3
4387 1
4388 2
4389 2
4390 1
4391 1
4392 1
4393 1
4394 6
4395 1
4396 2
4397 2
4398 2
4399 1
4400 4
4401 4
4402 1
4403 6
4404 2
4405 1
4406 5
4407 2
4408 8
4409 10
4410 1
4411 1
4412 2
4413 3
4414 4
4415 2
4416 3
4417 3
4418 9
4419 6
4420 5
4421 1
4422 8
4423 2
4424 2
4425 6
4426 1
4427 3
4428 7
4429 2
4430 4
4431 3
4432 3
4433 1
4434 1
4435 1
4436 7
4437 3
4438 1
4439 4
4440 3
4441 2
4442 1
4443 2
4444 4
4445 1
4446 1
4447 2
4448 1
4449 1
4450 4
4451 7
4452 4
4453 5
4454 4
4455 1
4456 1
4457 1
4458 4
4459 1
4460 1
4461 2
4462 4
4463 1
4464 2
4465 1
4466 1
4467 3
4468 3
4469 4
4470 7
4471 1
4472 2
4473 2
4474 7
4475 2
4476 2
4477 1
4478 1
4479 1
4480 2
4481 4
4482 3
4483 3
4484 1
4485 1
4486 1
4487 1
4488 1
4489 2
4490 13
4491 3
4492 1
4493 2
4494 6
4495 4
4496 6
4497 6
4498 1
4499 4
4500 2
4501 1
4502 1
4503 2
4504 12
4505 4
4506 1
4507 4
4508 3
4509 7
4510 2
4511 2
4512 1
4513 8
4514 4
4515 1
4516 5
4517 7
4518 6
4519 6
4520 1
4521 4
4522 4
4523 1
4524 8
4525 5
4526 1
4527 10
4528 2
4529 3
4530 4
4531 4
4532 1
4533 1
4534 4
4535 1
4536 1
4537 8
4538 1
4539 6
4540 1
4541 5
4542 1
4543 3
4544 6
4545 5
4546 4
4547 6
4548 3
4549 3
4550 1
4551 1
4552 5
4553 1
4554 2
4555 3
4556 2
4557 8
4558 1
4559 1
4560 5
4561 6
4562 3
4563 1
4564 2
4565 1
4566 5
4567 2
4568 3
4569 1
4570 1
4571 2
4572 2
4573 1
4574 1
4575 5
4576 7
4577 11
4578 2
4579 3
4580 9
4581 8
4582 2
4583 1
4584 1
4585 1
4586 1
4587 3
4588 2
4589 2
4590 4
4591 1
4592 6
4593 1
4594 11
4595 4
4596 5
4597 1
4598 1
4599 2
4600 9
4601 1
4602 4
4603 2
4604 4
4605 1
4606 10
4607 7
4608 4
4609 2
4610 2
4611 2
4612 1
4613 2
4614 3
4615 1
4616 2
4617 1
4618 1
4619 5
4620 7
4621 2
4622 2
4623 2
4624 2
4625 4
4626 4
4627 3
4628 3
4629 1
4630 3
4631 3
4632 1
4633 3
4634 3
4635 9
4636 2
4637 1
4638 5
4639 1
4640 3
4641 1
4642 1
4643 1
4644 3
4645 1
4646 2
4647 1
4648 1
4649 1
4650 4
4651 3
4652 2
4653 5
4654 2
4655 1
4656 4
4657 4
4658 2
4659 2
4660 1
4661 4
4662 9
4663 1
4664 3
4665 1
4666 2
4667 2
4668 1
4669 1
4670 2
4671 2
4672 11
4673 8
4674 2
4675 3
4676 1
4677 1
4678 1
4679 1
4680 1
4681 2
4682 4
4683 2
4684 1
4685 1
4686 1
4687 2
4688 2
4689 7
4690 1
4691 1
4692 2
4693 4
4694 2
4695 3
4696 1
4697 1
4698 3
4699 1
4700 1
4701 6
4702 1
4703 2
4704 4
4705 2
4706 2
4707 1
4708 4
4709 4
4710 11
4711 1
4712 3
4713 2
4714 6
4715 6
4716 3
4717 3
4718 3
4719 1
4720 1
4721 5
4722 1
4723 2
4724 2
4725 1
4726 2
4727 1
4728 1
4729 1
4730 2
4731 1
4732 1
4733 1
4734 1
4735 3
4736 6
4737 1
4738 1
4739 1
4740 2
4741 6
4742 1
4743 2
4744 1
4745 6
4746 13
4747 4
4748 2
4749 1
4750 2
4751 1
4752 3
4753 3
4754 1
4755 1
4756 2
4757 10
4758 14
4759 1
4760 2
4761 1
4762 1
4763 3
4764 6
4765 4
4766 2
4767 5
4768 4
4769 1
4770 2
4771 1
4772 6
4773 7
4774 6
4775 4
4776 5
4777 2
4778 3
4779 2
4780 9
4781 5
4782 2
4783 1
4784 2
4785 2
4786 4
4787 1
4788 2
4789 1
4790 1
4791 2
4792 5
4793 2
4794 4
4795 1
4796 1
4797 8
4798 1
4799 1
4800 22
4801 1
4802 2
4803 4
4804 2
4805 2
4806 1
4807 8
4808 4
4809 1
4810 3
4811 4
4812 9
4813 3
4814 2
4815 7
4816 1
4817 1
4818 1
4819 3
4820 5
4821 2
4822 1
4823 10
4824 3
4825 1
4826 1
4827 2
4828 7
4829 1
4830 4
4831 2
4832 5
4833 3
4834 1
4835 3
4836 3
4837 1
4838 3
4839 1
4840 2
4841 3
4842 5
4843 1
4844 1
4845 1
4846 1
4847 1
4848 8
4849 1
4850 3
4851 2
4852 1
4853 1
4854 5
4855 3
4856 11
4857 2
4858 1
4859 2
4860 4
4861 1
4862 1
4863 3
4864 3
4865 4
4866 3
4867 6
4868 1
4869 5
4870 1
4871 1
4872 3
4873 1
4874 6
4875 8
4876 1
4877 1
4878 2
4879 4
4880 1
4881 2
4882 1
4883 6
4884 18
4885 1
4886 1
4887 1
4888 1
4889 1
4890 1
4891 1
4892 5
4893 3
4894 1
4895 5
4896 7
4897 1
4898 1
4899 1
4900 3
4901 3
4902 1
4903 1
4904 3
4905 1
4906 1
4907 1
4908 5
4909 1
4910 5
4911 1
4912 4
4913 2
4914 6
4915 2
4916 1
4917 2
4918 1
4919 2
4920 1
4921 1
4922 2
4923 1
4924 6
4925 1
4926 1
4927 4
4928 8
4929 2
4930 1
4931 2
4932 10
4933 3
4934 1
4935 1
4936 1
4937 6
4938 3
4939 1
4940 5
4941 1
4942 8
4943 2
4944 7
4945 1
4946 2
4947 1
4948 5
4949 1
4950 17
4951 1
4952 6
4953 8
4954 6
4955 5
4956 4
4957 1
4958 1
4959 1
4960 5
4961 1
4962 4
4963 1
4964 3
4965 2
4966 1
4967 3
4968 3
4969 1
4970 6
4971 3
4972 2
4973 2
4974 2
4975 1
4976 1
4977 5
4978 1
4979 2
4980 3
4981 1
4982 5
4983 2
4984 29
4985 1
4986 3
4987 2
4988 8
4989 6
4990 5
4991 2
4992 3
4993 3
4994 1
4995 1
4996 3
4997 4
4998 1
4999 3
5000 2
5001 1
5002 6
5003 8
5004 14
5005 4
5006 5
5007 1
5008 2
5009 2
5010 1
5011 2
5012 2
5013 1
5014 4
5015 9
5016 2
5017 1
5018 6
5019 4
5020 1
5021 4
5022 3
5023 3
5024 1
5025 1
5026 1
5027 1
5028 2
5029 1
5030 4
5031 1
5032 1
5033 1
5034 4
5035 2
5036 2
5037 1
5038 10
5039 1
5040 1
5041 4
5042 5
5043 1
5044 3
5045 4
5046 5
5047 1
5048 3
5049 4
5050 10
5051 1
5052 8
5053 2
5054 2
5055 2
5056 1
5057 3
5058 4
5059 1
5060 2
5061 1
5062 2
5063 13
5064 2
5065 5
5066 4
5067 4
5068 1
5069 1
5070 2
5071 1
5072 1
5073 3
5074 2
5075 1
5076 6
5077 2
5078 3
5079 2
5080 3
5081 1
5082 1
5083 2
5084 4
5085 3
5086 2
5087 2
5088 10
5089 1
5090 1
5091 6
5092 13
5093 1
5094 1
5095 1
5096 2
5097 1
5098 1
5099 6
5100 4
5101 2
5102 1
5103 5
5104 2
5105 2
5106 1
5107 5
5108 6
5109 3
5110 4
5111 3
5112 3
5113 1
5114 6
5115 1
5116 1
5117 1
5118 1
5119 2
5120 4
5121 5
5122 8
5123 1
5124 1
5125 2
5126 9
5127 4
5128 2
5129 1
5130 5
5131 3
5132 6
5133 1
5134 1
5135 1
5136 4
5137 2
5138 1
5139 1
5140 2
5141 3
5142 1
5143 1
5144 3
5145 4
5146 4
5147 1
5148 2
5149 1
5150 1
5151 1
5152 2
5153 2
5154 10
5155 3
5156 3
5157 2
5158 4
5159 2
5160 1
5161 1
5162 1
5163 1
5164 2
5165 2
5166 1
5167 3
5168 1
5169 3
5170 2
5171 2
5172 2
5173 1
5174 2
5175 1
5176 3
5177 2
5178 2
5179 2
5180 2
5181 1
5182 1
5183 6
5184 1
5185 1
5186 1
5187 1
5188 1
5189 3
5190 1
5191 2
5192 1
5193 1
5194 1
5195 1
5196 3
5197 1
5198 2
5199 5
5200 2
5201 3
5202 2
5203 4
5204 1
5205 2
5206 1
5207 1
5208 1
5209 5
5210 7
5211 1
5212 5
5213 1
5214 3
5215 1
5216 2
5217 2
5218 12
5219 5
5220 10
5221 1
5222 3
5223 8
5224 5
5225 1
5226 5
5227 9
5228 3
5229 1
5230 3
5231 1
5232 1
5233 4
5234 1
5235 1
5236 1
5237 3
5238 1
5239 2
5240 1
5241 2
5242 2
5243 1
5244 4
5245 1
5246 3
5247 1
5248 2
5249 4
5250 4
5251 3
5252 3
5253 4
5254 1
5255 4
5256 6
5257 4
5258 1
5259 4
5260 3
5261 1
5262 4
5263 1
5264 1
5265 5
5266 5
5267 3
5268 3
5269 2
5270 1
5271 6
5272 1
5273 3
5274 2
5275 1
5276 1
5277 2
5278 6
5279 1
5280 1
5281 5
5282 5
5283 4
5284 7
5285 1
5286 1
5287 6
5288 1
5289 1
5290 8
5291 2
5292 2
5293 3
5294 1
5295 1
5296 3
5297 2
5298 5
5299 3
5300 7
5301 1
5302 3
5303 1
5304 16
5305 4
5306 1
5307 2
5308 5
5309 2
5310 12
5311 1
5312 3
5313 1
5314 11
5315 3
5316 3
5317 3
5318 2
5319 1
5320 4
5321 3
5322 1
5323 2
5324 2
5325 5
5326 1
5327 3
5328 1
5329 2
5330 14
5331 4
5332 2
5333 1
5334 3
5335 2
5336 1
5337 7
5338 1
5339 1
5340 4
5341 1
5342 1
5343 8
5344 3
5345 1
5346 1
5347 9
5348 1
5349 2
5350 2
5351 1
5352 1
5353 2
5354 2
5355 1
5356 2
5357 1
5358 1
5359 2
5360 2
5361 2
5362 5
5363 1
5364 14
5365 5
5366 1
5367 1
5368 1
5369 1
5370 1
5371 9
5372 2
5373 1
5374 3
5375 1
5376 1
5377 1
5378 2
5379 2
5380 2
5381 2
5382 1
5383 1
5384 3
5385 1
5386 1
5387 1
5388 6
5389 1
5390 1
5391 7
5392 3
5393 3
5394 5
5395 2
5396 4
5397 4
5398 1
5399 4
5400 3
5401 1
5402 4
5403 1
5404 3
5405 1
5406 4
5407 2
5408 4
5409 2
5410 7
5411 3
5412 5
5413 5
5414 1
5415 1
5416 1
5417 2
5418 18
5419 2
5420 1
5421 1
5422 1
5423 1
5424 2
5425 2
5426 9
5427 1
5428 1
5429 1
5430 3
5431 4
5432 1
5433 1
5434 2
5435 3
5436 1
5437 2
5438 2
5439 9
5440 4
5441 1
5442 1
5443 5
5444 1
5445 1
5446 6
5447 1
5448 11
5449 1
5450 7
5451 2
5452 2
5453 1
5454 8
5455 2
5456 3
5457 1
5458 1
5459 2
5460 2
5461 1
5462 5
5463 1
5464 24
5465 2
5466 1
5467 3
5468 2
5469 2
5470 1
5471 1
5472 6
5473 2
5474 1
5475 1
5476 2
5477 2
5478 4
5479 3
5480 5
5481 1
5482 1
5483 3
5484 2
5485 1
5486 1
5487 8
5488 4
5489 1
5490 5
5491 1
5492 1
5493 1
5494 2
5495 3
5496 1
5497 3
5498 1
5499 3
5500 3
5501 1
5502 1
5503 1
5504 2
5505 1
5506 6
5507 1
5508 2
5509 1
5510 5
5511 4
5512 2
5513 1
5514 1
5515 2
5516 7
5517 3
5518 1
5519 1
5520 3
5521 1
5522 1
5523 6
5524 1
5525 1
5526 1
5527 1
5528 1
5529 2
5530 1
5531 1
5532 2
5533 2
5534 2
5535 6
5536 2
5537 3
5538 1
5539 1
5540 1
5541 3
5542 1
5543 2
5544 1
5545 3
5546 5
5547 2
5548 3
5549 1
5550 4
5551 1
5552 5
5553 3
5554 1
5555 1
5556 1
5557 4
5558 2
5559 3
5560 2
5561 1
5562 9
5563 1
5564 1
5565 1
5566 2
5567 1
5568 1
5569 2
5570 3
5571 1
5572 6
5573 1
5574 1
5575 1
5576 6
5577 6
5578 1
5579 4
5580 2
5581 1
5582 3
5583 10
5584 3
5585 1
5586 2
5587 2
5588 2
5589 1
5590 7
5591 2
5592 1
5593 12
5594 1
5595 8
5596 1
5597 1
5598 1
5599 2
5600 3
5601 1
5602 3
5603 8
5604 2
5605 4
5606 4
5607 3
5608 4
5609 1
5610 17
5611 1
5612 6
5613 1
5614 2
5615 10
5616 4
5617 1
5618 1
5619 1
5620 1
5621 7
5622 1
5623 1
5624 9
5625 2
5626 1
5627 1
5628 1
5629 1
5630 1
5631 3
5632 2
5633 2
5634 2
5635 28
5636 5
5637 1
5638 1
5639 2
5640 14
5641 5
5642 1
5643 5
5644 2
5645 1
5646 2
5647 7
5648 1
5649 3
5650 4
5651 6
5652 7
5653 1
5654 8
5655 3
5656 5
5657 2
5658 1
5659 1
5660 3
5661 1
5662 2
5663 2
5664 1
5665 2
5666 4
5667 3
5668 7
5669 6
5670 2
5671 1
5672 4
5673 1
5674 5
5675 2
5676 1
5677 3
5678 1
5679 1
5680 1
5681 3
5682 5
5683 1
5684 3
5685 3
5686 1
5687 6
5688 7
5689 2
5690 11
5691 4
5692 5
5693 3
5694 1
5695 1
5696 4
5697 1
5698 1
5699 9
5700 4
5701 1
5702 2
5703 1
5704 8
5705 3
5706 1
5707 9
5708 3
5709 4
5710 2
5711 1
5712 3
5713 1
5714 1
5715 5
5716 1
5717 1
5718 3
5719 1
5720 3
5721 9
5722 4
5723 1
5724 1
5725 1
5726 1
5727 1
5728 4
5729 3
5730 3
5731 1
5732 1
5733 3
5734 1
5735 5
5736 1
5737 1
5738 2
5739 1
5740 1
5741 1
5742 1
5743 2
5744 2
5745 6
5746 1
5747 3
5748 4
5749 4
5750 5
5751 2
5752 4
5753 3
5754 6
5755 6
5756 8
5757 3
5758 3
5759 5
5760 14
5761 1
5762 2
5763 1
5764 3
5765 6
5766 1
5767 9
5768 1
5769 1
5770 3
5771 1
5772 4
5773 1
5774 3
5775 9
5776 5
5777 1
5778 4
5779 1
5780 9
5781 1
5782 1
5783 1
5784 4
5785 6
5786 1
5787 1
5788 9
5789 1
5790 3
5791 1
5792 3
5793 2
5794 5
5795 1
5796 1
5797 1
5798 1
5799 4
5800 2
5801 1
5802 2
5803 1
5804 3
5805 2
5806 3
5807 2
5808 1
5809 4
5810 1
5811 1
5812 3
5813 3
5814 9
5815 6
5816 1
5817 1
5818 1
5819 1
5820 1
5821 4
5822 9
5823 2
5824 1
5825 1
5826 2
5827 1
5828 9
5829 1
5830 4
5831 1
5832 1
5833 1
5834 1
5835 15
5836 4
5837 1
5838 1
5839 4
5840 7
5841 6
5842 8
5843 1
5844 1
5845 1
5846 13
5847 1
5848 2
5849 2
5850 4
5851 6
5852 1
5853 1
5854 1
5855 1
5856 3
5857 1
5858 1
5859 5
5860 4
5861 1
5862 4
5863 2
5864 1
5865 1
5866 1
5867 1
5868 1
5869 2
5870 1
5871 1
5872 6
5873 2
5874 4
5875 2
5876 1
5877 2
5878 1
5879 1
5880 1
5881 1
5882 1
5883 3
5884 11
5885 3
5886 6
5887 3
5888 1
5889 2
5890 4
5891 6
5892 1
5893 1
5894 4
5895 1
5896 4
5897 1
5898 2
5899 1
5900 1
5901 1
5902 2
5903 1
5904 2
5905 2
5906 1
5907 2
5908 2
5909 4
5910 1
5911 1
5912 3
5913 3
5914 1
5915 12
5916 17
5917 8
5918 4
5919 2
5920 2
5921 2
5922 2
5923 2
5924 1
5925 1
5926 2
5927 3
5928 1
5929 2
5930 3
5931 1
5932 1
5933 1
5934 1
5935 1
5936 2
5937 1
5938 2
5939 1
5940 1
5941 2
5942 6
5943 5
5944 3
5945 1
5946 8
5947 9
5948 1
5949 1
5950 1
5951 1
5952 5
5953 2
5954 1
5955 1
5956 3
5957 4
5958 3
5959 3
5960 1
5961 1
5962 1
5963 1
5964 3
5965 2
5966 1
5967 18
5968 1
5969 1
5970 1
5971 3
5972 3
5973 2
5974 1
5975 1
5976 2
5977 1
5978 2
5979 1
5980 2
5981 2
5982 2
5983 2
5984 8
5985 1
5986 1
5987 1
5988 1
5989 3
5990 1
5991 2
5992 7
5993 2
5994 3
5995 2
5996 9
5997 3
5998 2
5999 1
6000 1
6001 2
6002 1
6003 4
6004 11
6005 1
6006 9
6007 1
6008 3
6009 4
6010 7
6011 1
6012 1
6013 1
6014 1
6015 2
6016 1
6017 5
6018 4
6019 1
6020 1
6021 10
6022 2
6023 1
6024 3
6025 3
6026 2
6027 6
6028 1
6029 1
6030 2
6031 1
6032 1
6033 3
6034 7
6035 1
6036 1
6037 1
6038 6
6039 1
6040 4
6041 1
6042 5
6043 1
6044 1
6045 2
6046 4
6047 1
6048 1
6049 2
6050 2
6051 1
6052 10
6053 6
6054 3
6055 4
6056 1
6057 2
6058 4
6059 1
6060 1
6061 1
6062 8
6063 2
6064 1
6065 4
6066 1
6067 3
6068 1
6069 3
6070 7
6071 1
6072 12
6073 5
6074 4
6075 1
6076 1
6077 1
6078 2
6079 2
6080 2
6081 1
6082 1
6083 1
6084 1
6085 1
6086 10
6087 1
6088 1
6089 2
6090 5
6091 3
6092 1
6093 5
6094 1
6095 6
6096 1
6097 4
6098 1
6099 3
6100 8
6101 1
6102 1
6103 1
6104 3
6105 1
6106 1
6107 1
6108 13
6109 4
6110 2
6111 3
6112 1
6113 2
6114 2
6115 2
6116 1
6117 5
6118 5
6119 1
6120 4
6121 3
6122 1
6123 1
6124 1
6125 3
6126 1
6127 1
6128 3
6129 3
6130 2
6131 2
6132 1
6133 5
6134 8
6135 1
6136 1
6137 1
6138 2
6139 2
6140 1
6141 1
6142 1
6143 3
6144 2
6145 4
6146 3
6147 1
6148 4
6149 10
6150 1
6151 1
6152 10
6153 6
6154 2
6155 5
6156 1
6157 1
6158 1
6159 3
6160 1
6161 1
6162 2
6163 5
6164 2
6165 2
6166 2
6167 1
6168 2
6169 1
6170 11
6171 2
6172 3
6173 1
6174 9
6175 6
6176 1
6177 3
6178 2
6179 2
6180 1
6181 2
6182 2
6183 4
6184 1
6185 1
6186 2
6187 1
6188 13
6189 1
6190 1
6191 12
6192 1
6193 1
6194 1
6195 3
6196 5
6197 1
6198 1
6199 8
6200 1
6201 6
6202 1
6203 5
6204 2
6205 3
6206 2
6207 3
6208 2
6209 2
6210 1
6211 3
6212 3
6213 1
6214 2
6215 1
6216 1
6217 4
6218 2
6219 4
6220 1
6221 4
6222 2
6223 5
6224 5
6225 5
6226 4
6227 1
6228 4
6229 1
6230 12
6231 1
6232 4
6233 1
6234 1
6235 2
6236 1
6237 1
6238 1
6239 3
6240 9
6241 1
6242 1
6243 2
6244 1
6245 1
6246 4
6247 5
6248 5
6249 3
6250 4
6251 2
6252 1
6253 1
6254 2
6255 8
6256 1
6257 1
6258 1
6259 9
6260 1
6261 1
6262 5
6263 3
6264 1
6265 1
6266 7
6267 1
6268 4
6269 1
6270 2
6271 1
6272 5
6273 2
6274 16
6275 1
6276 1
6277 1
6278 1
6279 1
6280 3
6281 3
6282 3
6283 1
6284 17
6285 3
6286 1
6287 2
6288 3
6289 1
6290 1
6291 2
6292 2
6293 1
6294 5
6295 1
6296 1
6297 8
6298 2
6299 1
6300 2
6301 1
6302 5
6303 1
6304 12
6305 1
6306 3
6307 1
6308 1
6309 2
6310 7
6311 1
6312 1
6313 4
6314 1
6315 4
6316 1
6317 2
6318 3
6319 3
6320 1
6321 10
6322 1
6323 1
6324 1
6325 1
6326 1
6327 1
6328 1
6329 1
6330 2
6331 4
6332 4
6333 2
6334 1
6335 3
6336 9
6337 1
6338 1
6339 8
6340 2
6341 6
6342 3
6343 1
6344 4
6345 7
6346 4
6347 2
6348 3
6349 4
6350 2
6351 11
6352 2
6353 5
6354 1
6355 6
6356 1
6357 3
6358 1
6359 3
6360 6
6361 4
6362 1
6363 5
6364 2
6365 3
6366 3
6367 3
6368 2
6369 1
6370 2
6371 3
6372 4
6373 2
6374 4
6375 2
6376 2
6377 1
6378 1
6379 1
6380 2
6381 1
6382 1
6383 7
6384 1
6385 7
6386 4
6387 1
6388 1
6389 5
6390 2
6391 3
6392 5
6393 4
6394 2
6395 1
6396 7
6397 4
6398 9
6399 1
6400 22
6401 3
6402 5
6403 1
6404 4
6405 9
6406 1
6407 1
6408 1
6409 2
6410 2
6411 2
6412 3
6413 3
6414 3
6415 4
6416 4
6417 1
6418 3
6419 9
6420 8
6421 2
6422 2
6423 2
6424 3
6425 1
6426 1
6427 1
6428 2
6429 2
6430 3
6431 2
6432 4
6433 1
6434 3
6435 2
6436 1
6437 1
6438 12
6439 2
6440 3
6441 3
6442 2
6443 3
6444 4
6445 2
6446 2
6447 3
6448 4
6449 4
6450 3
6451 1
6452 2
6453 1
6454 6
6455 3
6456 3
6457 5
6458 4
6459 4
6460 15
6461 1
6462 1
6463 3
6464 1
6465 1
6466 4
6467 2
6468 2
6469 4
6470 1
6471 3
6472 2
6473 1
6474 2
6475 1
6476 27
6477 1
6478 1
6479 1
6480 1
6481 4
6482 6
6483 6
6484 1
6485 1
6486 2
6487 1
6488 2
6489 6
6490 13
6491 4
6492 1
6493 2
6494 3
6495 2
6496 5
6497 3
6498 1
6499 1
6500 16
6501 4
6502 3
6503 1
6504 1
6505 3
6506 1
6507 1
6508 7
6509 6
6510 1
6511 2
6512 12
6513 1
6514 3
6515 1
6516 1
6517 1
6518 4
6519 10
6520 1
6521 1
6522 8
6523 7
6524 14
6525 1
6526 5
6527 1
6528 8
6529 1
6530 2
6531 1
6532 1
6533 1
6534 1
6535 1
6536 3
6537 1
6538 1
6539 3
6540 1
6541 4
6542 3
6543 2
6544 2
6545 1
6546 1
6547 2
6548 2
6549 2
6550 3
6551 2
6552 14
6553 1
6554 1
6555 4
6556 1
6557 1
6558 3
6559 6
6560 3
6561 8
6562 2
6563 1
6564 1
6565 3
6566 5
6567 1
6568 3
6569 2
6570 8
6571 2
6572 3
6573 5
6574 4
6575 1
6576 15
6577 3
6578 3
6579 9
6580 3
6581 8
6582 2
6583 8
6584 1
6585 3
6586 1
6587 6
6588 8
6589 1
6590 5
6591 2
6592 5
6593 1
6594 2
6595 2
6596 4
6597 1
6598 4
6599 6
6600 2
6601 5
6602 2
6603 2
6604 2
6605 3
6606 1
6607 2
6608 1
6609 1
6610 1
6611 1
6612 6
6613 2
6614 10
6615 1
6616 2
6617 4
6618 2
6619 1
6620 2
6621 4
6622 4
6623 5
6624 2
6625 7
6626 2
6627 11
6628 2
6629 1
6630 1
6631 1
6632 1
6633 2
6634 2
6635 1
6636 4
6637 5
6638 1
6639 11
6640 2
6641 2
6642 1
6643 2
6644 2
6645 1
6646 1
6647 2
6648 1
6649 1
6650 2
6651 9
6652 1
6653 1
6654 1
6655 1
6656 1
6657 4
6658 7
6659 2
6660 3
6661 3
6662 1
6663 4
6664 1
6665 1
6666 4
6667 3
6668 1
6669 2
6670 2
6671 3
6672 1
6673 1
6674 6
6675 2
6676 1
6677 2
6678 1
6679 5
6680 4
6681 2
6682 1
6683 2
6684 2
6685 3
6686 2
6687 5
6688 6
6689 7
6690 2
6691 1
6692 4
6693 1
6694 1
6695 4
6696 1
6697 11
6698 4
6699 3
6700 3
6701 1
6702 2
6703 2
6704 3
6705 1
6706 4
6707 1
6708 2
6709 2
6710 1
6711 11
6712 1
6713 4
6714 1
6715 1
6716 2
6717 1
6718 3
6719 1
6720 16
6721 3
6722 2
6723 2
6724 1
6725 4
6726 4
6727 1
6728 3
6729 2
6730 1
6731 2
6732 6
6733 4
6734 1
6735 2
6736 5
6737 2
6738 7
6739 9
6740 1
6741 3
6742 7
6743 1
6744 2
6745 6
6746 4
6747 2
6748 1
6749 1
6750 1
6751 2
6752 1
6753 11
6754 2
6755 9
6756 1
6757 1
6758 4
6759 2
6760 1
6761 2
6762 1
6763 2
6764 2
6765 1
6766 6
6767 8
6768 1
6769 2
6770 2
6771 1
6772 3
6773 1
6774 2
6775 1
6776 2
6777 1
6778 2
6779 1
6780 4
6781 1
6782 3
6783 1
6784 5
6785 3
6786 2
6787 1
6788 1
6789 3
6790 3
6791 1
6792 2
6793 2
6794 3
6795 2
6796 4
6797 1
6798 9
6799 1
6800 1
6801 12
6802 1
6803 6
6804 1
6805 1
6806 7
6807 1
6808 1
6809 1
6810 1
6811 1
6812 1
6813 4
6814 4
6815 1
6816 10
6817 1
6818 1
6819 9
6820 7
6821 3
6822 3
6823 1
6824 1
6825 1
6826 11
6827 1
6828 1
6829 2
6830 1
6831 1
6832 4
6833 2
6834 1
6835 1
6836 3
6837 7
6838 3
6839 1
6840 1
6841 1
6842 4
6843 4
6844 1
6845 2
6846 1
6847 1
6848 1
6849 1
6850 2
6851 2
6852 2
6853 1
6854 1
6855 2
6856 7
6857 3
6858 3
6859 5
6860 1
6861 6
6862 3
6863 2
6864 1
6865 4
6866 1
6867 1
6868 3
6869 7
6870 1
6871 3
6872 1
6873 5
6874 1
6875 2
6876 3
6877 2
6878 14
6879 2
6880 9
6881 3
6882 3
6883 1
6884 1
6885 2
6886 1
6887 1
6888 4
6889 6
6890 2
6891 6
6892 1
6893 2
6894 9
6895 1
6896 1
6897 4
6898 3
6899 1
6900 8
6901 5
6902 8
6903 6
6904 1
6905 1
6906 2
6907 5
6908 2
6909 1
6910 3
6911 5
6912 3
6913 1
6914 1
6915 1
6916 3
6917 1
6918 4
6919 3
6920 4
6921 2
6922 1
6923 4
6924 2
6925 4
6926 1
6927 2
6928 1
6929 2
6930 1
6931 1
6932 1
6933 1
6934 2
6935 1
6936 12
6937 6
6938 1
6939 5
6940 5
6941 1
6942 1
6943 1
6944 3
6945 1
6946 1
6947 2
6948 4
6949 2
6950 2
6951 2
6952 2
6953 1
6954 2
6955 5
6956 9
6957 3
6958 2
6959 1
6960 14
6961 1
6962 1
6963 2
6964 1
6965 4
6966 1
6967 2
6968 1
6969 5
6970 2
6971 1
6972 3
6973 2
6974 1
6975 2
6976 19
6977 1
6978 2
6979 2
6980 1
6981 4
6982 5
6983 1
6984 1
6985 1
6986 2
6987 2
6988 8
6989 3
6990 4
6991 8
6992 5
6993 1
6994 3
6995 1
6996 1
6997 2
6998 2
6999 4
7000 1
7001 2
7002 1
7003 2
7004 1
7005 1
7006 1
7007 1
7008 1
7009 1
7010 15
7011 7
7012 1
7013 2
7014 2
7015 3
7016 3
7017 7
7018 1
7019 2
7020 9
7021 1
7022 5
7023 1
7024 1
7025 1
7026 2
7027 1
7028 1
7029 1
7030 4
7031 13
7032 1
7033 4
7034 1
7035 1
7036 2
7037 1
7038 11
7039 8
7040 1
7041 3
7042 3
7043 2
7044 1
7045 3
7046 6
7047 3
7048 1
7049 3
7050 1
7051 1
7052 2
7053 1
7054 3
7055 1
7056 4
7057 3
7058 1
7059 2
7060 1
7061 1
7062 1
7063 1
7064 1
7065 2
7066 2
7067 1
7068 1
7069 1
7070 2
7071 2
7072 6
7073 1
7074 1
7075 1
7076 4
7077 3
7078 4
7079 1
7080 2
7081 4
7082 13
7083 4
7084 4
7085 2
7086 6
7087 1
7088 2
7089 1
7090 3
7091 3
7092 1
7093 1
7094 3
7095 1
7096 16
7097 3
7098 4
7099 4
7100 3
7101 5
7102 1
7103 1
7104 3
7105 1
7106 6
7107 1
7108 6
7109 1
7110 1
7111 1
7112 6
7113 8
7114 4
7115 3
7116 4
7117 2
7118 4
7119 8
7120 6
7121 3
7122 1
7123 1
7124 4
7125 6
7126 1
7127 1
7128 2
7129 1
7130 10
7131 4
7132 2
7133 3
7134 21
7135 1
7136 6
7137 3
7138 2
7139 1
7140 1
7141 4
7142 1
7143 1
7144 3
7145 6
7146 2
7147 3
7148 1
7149 1
7150 3
7151 1
7152 5
7153 1
7154 1
7155 6
7156 4
7157 2
7158 2
7159 2
7160 1
7161 4
7162 1
7163 3
7164 2
7165 2
7166 2
7167 3
7168 1
7169 3
7170 2
7171 4
7172 12
7173 4
7174 2
7175 5
7176 2
7177 1
7178 5
7179 11
7180 3
7181 2
7182 4
7183 2
7184 24
7185 1
7186 4
7187 3
7188 3
7189 4
7190 3
7191 7
7192 1
7193 1
7194 4
7195 1
7196 5
7197 10
7198 2
7199 4
7200 2
7201 6
7202 7
7203 4
7204 2
7205 3
7206 2
7207 1
7208 2
7209 6
7210 1
7211 2
7212 2
7213 1
7214 1
7215 6
7216 6
7217 5
7218 1
7219 1
7220 3
7221 4
7222 1
7223 2
7224 6
7225 1
7226 1
7227 2
7228 2
7229 1
7230 4
7231 5
7232 8
7233 2
7234 4
7235 1
7236 13
7237 1
7238 1
7239 2
7240 3
7241 1
7242 1
7243 2
7244 13
7245 3
7246 4
7247 1
7248 1
7249 2
7250 2
7251 1
7252 4
7253 1
7254 7
7255 1
7256 2
7257 8
7258 1
7259 6
7260 2
7261 1
7262 2
7263 2
7264 4
7265 2
7266 1
7267 6
7268 1
7269 7
7270 2
7271 4
7272 6
7273 7
7274 3
7275 1
7276 4
7277 1
7278 2
7279 2
7280 3
7281 1
7282 1
7283 1
7284 2
7285 5
7286 2
7287 1
7288 1
7289 1
7290 1
7291 1
7292 1
7293 1
7294 4
7295 1
7296 2
7297 1
7298 2
7299 10
7300 5
7301 2
7302 4
7303 2
7304 2
7305 1
7306 2
7307 1
7308 1
7309 5
7310 1
7311 2
7312 19
7313 1
7314 1
7315 1
7316 9
7317 4
7318 1
7319 2
7320 1
7321 2
7322 1
7323 2
7324 3
7325 10
7326 8
7327 1
7328 1
7329 5
7330 2
7331 1
7332 2
7333 2
7334 2
7335 2
7336 1
7337 2
7338 3
7339 2
7340 4
7341 4
7342 2
7343 6
7344 1
7345 5
7346 1
7347 1
7348 3
7349 1
7350 1
7351 4
7352 1
7353 1
7354 1
7355 2
7356 1
7357 5
7358 5
7359 1
7360 1
7361 2
7362 3
7363 2
7364 8
7365 1
7366 1
7367 3
7368 6
7369 6
7370 3
7371 3
7372 5
7373 1
7374 2
7375 1
7376 1
7377 1
7378 2
7379 1
7380 4
7381 1
7382 2
7383 5
7384 1
7385 2
7386 1
7387 1
7388 3
7389 3
7390 5
7391 2
7392 6
7393 4
7394 2
7395 4
7396 10
7397 4
7398 3
7399 3
7400 1
7401 3
7402 1
7403 1
7404 1
7405 5
7406 1
7407 1
7408 2
7409 1
7410 6
7411 5
7412 1
7413 11
7414 3
7415 4
7416 1
7417 1
7418 2
7419 1
7420 10
7421 1
7422 1
7423 2
7424 3
7425 8
7426 2
7427 1
7428 2
7429 1
7430 4
7431 1
7432 3
7433 2
7434 5
7435 1
7436 1
7437 4
7438 1
7439 1
7440 3
7441 1
7442 1
7443 2
7444 7
7445 4
7446 6
7447 6
7448 4
7449 1
7450 2
7451 1
7452 2
7453 1
7454 8
7455 2
7456 3
7457 2
7458 3
7459 2
7460 1
7461 1
7462 3
7463 7
7464 3
7465 3
7466 3
7467 3
7468 10
7469 5
7470 3
7471 3
7472 2
7473 5
7474 1
7475 1
7476 1
7477 2
7478 5
7479 10
7480 2
7481 4
7482 12
7483 2
7484 1
7485 1
7486 7
7487 5
7488 2
7489 1
7490 1
7491 5
7492 2
7493 4
7494 1
7495 2
7496 3
7497 3
7498 1
7499 1
7500 1
7501 2
7502 1
7503 2
7504 7
7505 1
7506 2
7507 5
7508 2
7509 5
7510 1
7511 9
7512 3
7513 1
7514 6
7515 2
7516 5
7517 1
7518 3
7519 2
7520 2
7521 1
7522 4
7523 3
7524 2
7525 2
7526 4
7527 6
7528 6
7529 1
7530 3
7531 1
7532 1
7533 1
7534 2
7535 2
7536 1
7537 1
7538 2
7539 4
7540 1
7541 1
7542 4
7543 4
7544 1
7545 1
7546 2
7547 1
7548 2
7549 2
7550 1
7551 2
7552 4
7553 1
7554 6
7555 3
7556 2
7557 3
7558 3
7559 2
7560 1
7561 4
7562 2
7563 3
7564 2
7565 1
7566 4
7567 1
7568 2
7569 1
7570 5
7571 5
7572 2
7573 4
7574 2
7575 2
7576 1
7577 2
7578 3
7579 1
7580 1
7581 1
7582 1
7583 3
7584 1
7585 7
7586 2
7587 1
7588 1
7589 1
7590 1
7591 3
7592 1
7593 1
7594 2
7595 1
7596 1
7597 2
7598 3
7599 2
7600 3
7601 1
7602 4
7603 6
7604 1
7605 11
7606 1
7607 1
7608 1
7609 3
7610 1
7611 1
7612 2
7613 1
7614 2
7615 2
7616 2
7617 4
7618 1
7619 1
7620 8
7621 1
7622 1
7623 2
7624 4
7625 3
7626 1
7627 5
7628 1
7629 3
7630 4
7631 5
7632 3
7633 1
7634 1
7635 1
7636 3
7637 1
7638 2
7639 3
7640 5
7641 1
7642 3
7643 1
7644 14
7645 1
7646 10
7647 4
7648 1
7649 2
7650 3
7651 1
7652 1
7653 6
7654 2
7655 2
7656 1
7657 1
7658 2
7659 1
7660 2
7661 1
7662 1
7663 1
7664 1
7665 8
7666 2
7667 1
7668 1
7669 1
7670 5
7671 6
7672 3
7673 3
7674 2
7675 2
7676 2
7677 1
7678 2
7679 1
7680 16
7681 3
7682 5
7683 4
7684 2
7685 2
7686 1
7687 1
7688 5
7689 3
7690 1
7691 1
7692 2
7693 1
7694 1
7695 3
7696 1
7697 2
7698 1
7699 5
7700 2
7701 1
7702 3
7703 2
7704 4
7705 7
7706 4
7707 5
7708 1
7709 1
7710 1
7711 2
7712 2
7713 4
7714 3
7715 5
7716 1
7717 1
7718 6
7719 1
7720 1
7721 2
7722 1
7723 1
7724 2
7725 2
7726 1
7727 1
7728 1
7729 1
7730 1
7731 3
7732 7
7733 2
7734 3
7735 2
7736 2
7737 1
7738 6
7739 1
7740 2
7741 1
7742 9
7743 2
7744 13
7745 2
7746 1
7747 1
7748 1
7749 3
7750 1
7751 3
7752 1
7753 2
7754 2
7755 4
7756 1
7757 1
7758 1
7759 1
7760 2
7761 2
7762 2
7763 14
7764 2
7765 1
7766 2
7767 1
7768 1
7769 1
7770 3
7771 1
7772 1
7773 5
7774 4
7775 2
7776 4
7777 1
7778 2
7779 2
7780 1
7781 3
7782 1
7783 1
7784 6
7785 2
7786 6
7787 2
7788 5
7789 2
7790 1
7791 7
7792 1
7793 3
7794 2
7795 1
7796 2
7797 3
7798 2
7799 3
7800 1
7801 1
7802 1
7803 1
7804 4
7805 3
7806 1
7807 2
7808 3
7809 1
7810 6
7811 1
7812 1
7813 4
7814 1
7815 1
7816 2
7817 1
7818 4
7819 4
7820 3
7821 8
7822 1
7823 3
7824 4
7825 11
7826 1
7827 2
7828 1
7829 2
7830 1
7831 1
7832 1
7833 1
7834 1
7835 1
7836 11
7837 1
7838 3
7839 2
7840 2
7841 5
7842 6
7843 1
7844 1
7845 2
7846 4
7847 1
7848 2
7849 10
7850 11
7851 11
7852 1
7853 1
7854 2
7855 4
7856 4
7857 4
7858 1
7859 4
7860 3
7861 1
7862 1
7863 1
7864 1
7865 1
7866 1
7867 2
7868 1
7869 1
7870 4
7871 3
7872 1
7873 1
7874 18
7875 7
7876 1
7877 2
7878 10
7879 1
7880 11
7881 2
7882 1
7883 3
7884 2
7885 2
7886 1
7887 2
7888 8
7889 2
7890 4
7891 2
7892 1
7893 1
7894 2
7895 2
7896 2
7897 4
7898 1
7899 2
7900 1
7901 2
7902 2
7903 3
7904 2
7905 7
7906 1
7907 2
7908 9
7909 1
7910 11
7911 4
7912 2
7913 1
7914 2
7915 1
7916 2
7917 5
7918 4
7919 1
7920 4
7921 1
7922 2
7923 1
7924 1
7925 5
7926 1
7927 4
7928 1
7929 4
7930 1
7931 1
7932 5
7933 3
7934 1
7935 2
7936 6
7937 1
7938 2
7939 1
7940 1
7941 3
7942 2
7943 2
7944 1
7945 1
7946 4
7947 1
7948 1
7949 2
7950 1
7951 5
7952 9
7953 2
7954 1
7955 5
7956 3
7957 1
7958 2
7959 1
7960 3
7961 1
7962 2
7963 6
7964 2
7965 9
7966 1
7967 2
7968 1
7969 2
7970 6
7971 1
7972 1
7973 4
7974 6
7975 1
7976 3
7977 1
7978 1
7979 1
7980 1
7981 1
7982 1
7983 7
7984 3
7985 6
7986 1
7987 1
7988 2
7989 2
7990 1
7991 4
7992 4
7993 5
7994 4
7995 5
7996 9
7997 1
7998 1
7999 4
8000 10
8001 9
8002 3
8003 2
8004 3
8005 1
8006 3
8007 3
8008 2
8009 2
8010 9
8011 1
8012 1
8013 2
8014 20
8015 4
8016 3
8017 2
8018 2
8019 1
8020 4
8021 2
8022 2
8023 2
8024 1
8025 2
8026 5
8027 5
8028 4
8029 10
8030 1
8031 2
8032 2
8033 8
8034 3
8035 1
8036 4
8037 4
8038 3
8039 2
8040 1
8041 5
8042 3
8043 8
8044 1
8045 6
8046 9
8047 4
8048 1
8049 1
8050 6
8051 3
8052 1
8053 5
8054 2
8055 1
8056 1
8057 4
8058 2
8059 1
8060 1
8061 6
8062 1
8063 1
8064 3
8065 2
8066 3
8067 5
8068 1
8069 3
8070 3
8071 1
8072 1
8073 1
8074 1
8075 1
8076 1
8077 6
8078 1
8079 5
8080 1
8081 1
8082 2
8083 1
8084 6
8085 2
8086 1
8087 4
8088 4
8089 5
8090 1
8091 4
8092 1
8093 2
8094 1
8095 2
8096 5
8097 1
8098 4
8099 1
8100 2
8101 1
8102 1
8103 4
8104 2
8105 7
8106 6
8107 1
8108 2
8109 1
8110 3
8111 1
8112 3
8113 1
8114 2
8115 1
8116 2
8117 1
8118 5
8119 1
8120 8
8121 5
8122 1
8123 1
8124 2
8125 1
8126 4
8127 1
8128 4
8129 2
8130 1
8131 2
8132 6
8133 2
8134 1
8135 1
8136 1
8137 1
8138 4
8139 4
8140 6
8141 2
8142 4
8143 4
8144 5
8145 4
8146 3
8147 2
8148 6
8149 1
8150 1
8151 1
8152 3
8153 4
8154 2
8155 8
8156 3
8157 4
8158 3
8159 3
8160 18
8161 1
8162 2
8163 1
8164 1
8165 1
8166 1
8167 5
8168 1
8169 1
8170 9
8171 1
8172 2
8173 1
8174 1
8175 1
8176 1
8177 1
8178 3
8179 2
8180 2
8181 1
8182 2
8183 5
8184 2
8185 1
8186 6
8187 1
8188 7
8189 2
8190 5
8191 1
8192 2
8193 1
8194 11
8195 1
8196 4
8197 2
8198 1
8199 2
8200 4
8201 1
8202 1
8203 1
8204 1
8205 1
8206 1
8207 1
8208 5
8209 3
8210 1
8211 3
8212 4
8213 6
8214 3
8215 1
8216 1
8217 3
8218 2
8219 2
8220 1
8221 6
8222 5
8223 1
8224 14
8225 6
8226 1
8227 2
8228 2
8229 3
8230 6
8231 3
8232 1
8233 6
8234 6
8235 9
8236 4
8237 2
8238 2
8239 1
8240 2
8241 1
8242 1
8243 3
8244 1
8245 3
8246 2
8247 2
8248 3
8249 2
8250 1
8251 1
8252 1
8253 1
8254 6
8255 1
8256 2
8257 3
8258 2
8259 4
8260 2
8261 2
8262 4
8263 2
8264 1
8265 1
8266 2
8267 1
8268 1
8269 5
8270 3
8271 1
8272 1
8273 1
8274 1
8275 2
8276 1
8277 4
8278 2
8279 1
8280 18
8281 6
8282 4
8283 1
8284 4
8285 2
8286 1
8287 1
8288 24
8289 4
8290 1
8291 2
8292 1
8293 7
8294 1
8295 1
8296 2
8297 2
8298 3
8299 1
8300 1
8301 1
8302 1
8303 4
8304 2
8305 1
8306 1
8307 3
8308 1
8309 1
8310 1
8311 1
8312 2
8313 2
8314 3
8315 5
8316 4
8317 6
8318 1
8319 4
8320 9
8321 1
8322 7
8323 1
8324 1
8325 3
8326 4
8327 1
8328 4
8329 1
8330 1
8331 2
8332 3
8333 2
8334 1
8335 2
8336 3
8337 1
8338 3
8339 8
8340 1
8341 6
8342 1
8343 1
8344 1
8345 1
8346 1
8347 4
8348 2
8349 4
8350 9
8351 1
8352 1
8353 1
8354 1
8355 4
8356 3
8357 1
8358 4
8359 1
8360 4
8361 2
8362 2
8363 1
8364 8
8365 4
8366 2
8367 2
8368 2
8369 2
8370 2
8371 2
8372 7
8373 3
8374 1
8375 4
8376 7
8377 1
8378 1
8379 4
8380 7
8381 9
8382 2
8383 1
8384 4
8385 11
8386 2
8387 5
8388 1
8389 10
8390 1
8391 2
8392 1
8393 2
8394 1
8395 1
8396 7
8397 1
8398 2
8399 4
8400 3
8401 1
8402 3
8403 3
8404 1
8405 1
8406 5
8407 4
8408 3
8409 1
8410 1
8411 1
8412 14
8413 1
8414 2
8415 10
8416 4
8417 1
8418 4
8419 1
8420 7
8421 1
8422 17
8423 4
8424 6
8425 2
8426 1
8427 2
8428 2
8429 2
8430 17
8431 1
8432 12
8433 3
8434 5
8435 4
8436 2
8437 1
8438 2
8439 2
8440 1
8441 2
8442 1
8443 1
8444 3
8445 2
8446 4
8447 1
8448 1
8449 4
8450 4
8451 8
8452 2
8453 4
8454 2
8455 1
8456 6
8457 1
8458 1
8459 1
8460 6
8461 3
8462 2
8463 5
8464 1
8465 1
8466 3
8467 8
8468 1
8469 1
8470 1
8471 2
8472 2
8473 1
8474 1
8475 1
8476 5
8477 1
8478 1
8479 1
8480 1
8481 2
8482 1
8483 1
8484 3
8485 1
8486 2
8487 4
8488 3
8489 2
8490 5
8491 8
8492 2
8493 2
8494 7
8495 1
8496 2
8497 1
8498 2
8499 4
8500 4
8501 1
8502 1
8503 2
8504 3
8505 3
8506 9
8507 2
8508 1
8509 3
8510 1
8511 4
8512 1
8513 1
8514 1
8515 2
8516 3
8517 1
8518 1
8519 1
8520 5
8521 2
8522 1
8523 4
8524 5
8525 3
8526 4
8527 2
8528 2
8529 3
8530 14
8531 3
8532 4
8533 1
8534 2
8535 2
8536 1
8537 7
8538 5
8539 1
8540 1
8541 2
8542 5
8543 3
8544 7
8545 1
8546 1
8547 2
8548 1
8549 1
8550 1
8551 1
8552 2
8553 1
8554 2
8555 2
8556 1
8557 3
8558 7
8559 2
8560 5
8561 1
8562 1
8563 5
8564 10
8565 4
8566 4
8567 3
8568 5
8569 7
8570 7
8571 6
8572 4
8573 3
8574 4
8575 1
8576 5
8577 1
8578 1
8579 5
8580 3
8581 3
8582 1
8583 1
8584 2
8585 1
8586 2
8587 4
8588 2
8589 1
8590 4
8591 4
8592 1
8593 1
8594 2
8595 2
8596 2
8597 11
8598 3
8599 1
8600 5
8601 11
8602 1
8603 3
8604 1
8605 3
8606 3
8607 3
8608 1
8609 2
8610 1
8611 4
8612 2
8613 3
8614 2
8615 2
8616 2
8617 1
8618 1
8619 1
8620 7
8621 1
8622 1
8623 1
8624 1
8625 3
8626 3
8627 3
8628 3
8629 4
8630 1
8631 7
8632 3
8633 1
8634 8
8635 1
8636 1
8637 5
8638 1
8639 8
8640 3
8641 1
8642 1
8643 3
8644 12
8645 3
8646 5
8647 1
8648 5
8649 1
8650 5
8651 2
8652 3
8653 4
8654 1
8655 2
8656 5
8657 2
8658 1
8659 3
8660 1
8661 2
8662 3
8663 1
8664 1
8665 1
8666 4
8667 1
8668 1
8669 1
8670 2
8671 3
8672 3
8673 4
8674 11
8675 1
8676 2
8677 1
8678 4
8679 13
8680 12
8681 4
8682 5
8683 1
8684 2
8685 1
8686 8
8687 2
8688 1
8689 1
8690 5
8691 2
8692 5
8693 1
8694 1
8695 1
8696 1
8697 1
8698 1
8699 4
8700 3
8701 4
8702 1
8703 1
8704 4
8705 4
8706 6
8707 2
8708 1
8709 1
8710 2
8711 1
8712 4
8713 2
8714 5
8715 1
8716 1
8717 1
8718 3
8719 3
8720 2
8721 4
8722 4
8723 1
8724 4
8725 2
8726 1
8727 1
8728 1
8729 1
8730 1
8731 6
8732 1
8733 3
8734 3
8735 8
8736 4
8737 1
8738 2
8739 1
8740 1
8741 3
8742 4
8743 1
8744 10
8745 1
8746 1
8747 2
8748 1
8749 1
8750 3
8751 3
8752 2
8753 5
8754 3
8755 2
8756 2
8757 1
8758 1
8759 2
8760 10
8761 1
8762 6
8763 3
8764 7
8765 1
8766 21
8767 1
8768 1
8769 5
8770 2
8771 18
8772 11
8773 1
8774 1
8775 33
8776 4
8777 2
8778 3
8779 1
8780 5
8781 1
8782 1
8783 11
8784 1
8785 8
8786 3
8787 1
8788 1
8789 1
8790 1
8791 6
8792 2
8793 1
8794 4
8795 1
8796 2
8797 1
8798 1
8799 5
8800 4
8801 1
8802 10
8803 3
8804 4
8805 1
8806 2
8807 2
8808 6
8809 2
8810 1
8811 6
8812 1
8813 1
8814 1
8815 5
8816 6
8817 2
8818 6
8819 2
8820 2
8821 1
8822 1
8823 4
8824 3
8825 2
8826 4
8827 1
8828 2
8829 8
8830 3
8831 4
8832 2
8833 1
8834 1
8835 3
8836 5
8837 3
8838 3
8839 2
8840 1
8841 10
8842 4
8843 1
8844 2
8845 1
8846 4
8847 6
8848 4
8849 1
8850 12
8851 1
8852 5
8853 1
8854 1
8855 10
8856 1
8857 1
8858 3
8859 4
8860 1
8861 7
8862 4
8863 16
8864 1
8865 1
8866 1
8867 1
8868 8
8869 1
8870 2
8871 4
8872 1
8873 1
8874 6
8875 5
8876 1
8877 1
8878 1
8879 1
8880 1
8881 2
8882 3
8883 1
8884 1
8885 3
8886 8
8887 1
8888 7
8889 3
8890 2
8891 2
8892 1
8893 2
8894 3
8895 1
8896 3
8897 1
8898 4
8899 2
8900 1
8901 3
8902 4
8903 1
8904 2
8905 5
8906 1
8907 5
8908 2
8909 1
8910 1
8911 2
8912 1
8913 4
8914 5
8915 1
8916 1
8917 3
8918 2
8919 4
8920 1
8921 2
8922 3
8923 2
8924 8
8925 3
8926 4
8927 1
8928 1
8929 10
8930 6
8931 2
8932 1
8933 5
8934 6
8935 8
8936 1
8937 2
8938 2
8939 1
8940 2
8941 1
8942 1
8943 25
8944 1
8945 2
8946 3
8947 1
8948 3
8949 3
8950 8
8951 3
8952 1
8953 1
8954 1
8955 9
8956 1
8957 1
8958 5
8959 2
8960 22
8961 4
8962 2
8963 2
8964 14
8965 8
8966 1
8967 2
8968 4
8969 2
8970 1
8971 1
8972 1
8973 5
8974 6
8975 8
8976 1
8977 2
8978 3
8979 1
8980 4
8981 4
8982 5
8983 1
8984 1
8985 2
8986 1
8987 3
8988 1
8989 1
8990 1
8991 3
8992 2
8993 1
8994 1
8995 2
8996 1
8997 6
8998 2
8999 2
9000 2
9001 1
9002 2
9003 2
9004 4
9005 2
9006 4
9007 1
9008 5
9009 2
9010 1
9011 6
9012 1
9013 2
9014 3
9015 2
9016 5
9017 3
9018 1
9019 1
9020 4
9021 3
9022 2
9023 4
9024 1
9025 10
9026 14
9027 4
9028 1
9029 2
9030 1
9031 2
9032 10
9033 3
9034 1
9035 1
9036 2
9037 2
9038 2
9039 1
9040 7
9041 1
9042 1
9043 15
9044 8
9045 18
9046 2
9047 2
9048 5
9049 3
9050 1
9051 2
9052 2
9053 5
9054 3
9055 4
9056 1
9057 4
9058 5
9059 1
9060 11
9061 2
9062 1
9063 10
9064 1
9065 1
9066 2
9067 1
9068 6
9069 6
9070 3
9071 4
9072 3
9073 10
9074 2
9075 2
9076 1
9077 2
9078 1
9079 2
9080 7
9081 2
9082 1
9083 1
9084 1
9085 3
9086 7
9087 2
9088 2
9089 1
9090 1
9091 1
9092 2
9093 1
9094 3
9095 1
9096 1
9097 8
9098 1
9099 1
9100 1
9101 1
9102 3
9103 1
9104 1
9105 2
9106 2
9107 1
9108 5
9109 4
9110 1
9111 1
9112 10
9113 2
9114 22
9115 4
9116 3
9117 2
9118 2
9119 1
9120 5
9121 2
9122 1
9123 1
9124 1
9125 2
9126 1
9127 3
9128 1
9129 5
9130 3
9131 1
9132 1
9133 12
9134 5
9135 1
9136 1
9137 1
9138 2
9139 3
9140 1
9141 4
9142 3
9143 2
9144 6
9145 2
9146 6
9147 2
9148 4
9149 2
9150 9
9151 2
9152 2
9153 1
9154 2
9155 16
9156 3
9157 6
9158 1
9159 5
9160 1
9161 1
9162 1
9163 1
9164 4
9165 4
9166 1
9167 3
9168 1
9169 6
9170 1
9171 6
9172 1
9173 4
9174 3
9175 1
9176 5
9177 8
9178 2
9179 1
9180 1
9181 9
9182 1
9183 1
9184 6
9185 2
9186 3
9187 2
9188 2
9189 1
9190 22
9191 1
9192 1
9193 1
9194 2
9195 4
9196 2
9197 1
9198 5
9199 1
9200 3
9201 16
9202 1
9203 1
9204 1
9205 2
9206 9
9207 3
9208 1
9209 6
9210 1
9211 1
9212 4
9213 1
9214 1
9215 4
9216 4
9217 6
9218 1
9219 1
9220 6
9221 3
9222 3
9223 2
9224 1
9225 2
9226 1
9227 4
9228 3
9229 7
9230 3
9231 2
9232 1
9233 1
9234 2
9235 6
9236 1
9237 1
9238 1
9239 1
9240 12
9241 6
9242 1
9243 3
9244 1
9245 1
9246 1
9247 1
9248 1
9249 2
9250 3
9251 1
9252 1
9253 1
9254 1
9255 1
9256 1
9257 3
9258 1
9259 1
9260 1
9261 1
9262 1
9263 6
9264 1
9265 5
9266 2
9267 4
9268 1
9269 4
9270 18
9271 2
9272 1
9273 14
9274 1
9275 1
9276 3
9277 3
9278 1
9279 1
9280 3
9281 5
9282 3
9283 1
9284 1
9285 2
9286 1
9287 8
9288 8
9289 1
9290 1
9291 2
9292 2
9293 2
9294 1
9295 1
9296 4
9297 1
9298 2
9299 4
9300 2
9301 7
9302 1
9303 5
9304 6
9305 1
9306 12
9307 2
9308 2
9309 1
9310 3
9311 1
9312 1
9313 1
9314 6
9315 3
9316 1
9317 5
9318 4
9319 2
9320 1
9321 2
9322 2
9323 6
9324 3
9325 3
9326 2
9327 3
9328 1
9329 1
9330 1
9331 1
9332 1
9333 2
9334 1
9335 4
9336 2
9337 4
9338 4
9339 4
9340 3
9341 3
9342 2
9343 1
9344 10
9345 7
9346 3
9347 1
9348 1
9349 5
9350 1
9351 1
9352 1
9353 1
9354 1
9355 2
9356 1
9357 8
9358 1
9359 1
9360 1
9361 1
9362 1
9363 2
9364 1
9365 1
9366 3
9367 4
9368 1
9369 8
9370 2
9371 1
9372 7
9373 4
9374 1
9375 1
9376 2
9377 2
9378 3
9379 1
9380 1
9381 8
9382 1
9383 1
9384 7
9385 3
9386 2
9387 1
9388 4
9389 3
9390 1
9391 1
9392 3
9393 10
9394 1
9395 2
9396 5
9397 1
9398 1
9399 2
9400 1
9401 3
9402 1
9403 6
9404 2
9405 4
9406 1
9407 1
9408 1
9409 1
9410 4
9411 3
9412 7
9413 6
9414 2
9415 1
9416 12
9417 1
9418 1
9419 1
9420 2
9421 2
9422 1
9423 3
9424 1
9425 1
9426 2
9427 2
9428 4
9429 5
9430 1
9431 1
9432 1
9433 1
9434 1
9435 1
9436 9
9437 1
9438 1
9439 5
9440 3
9441 11
9442 2
9443 1
9444 3
9445 1
9446 7
9447 12
9448 1
9449 4
9450 1
9451 2
9452 7
9453 1
9454 1
9455 2
9456 1
9457 1
9458 1
9459 3
9460 3
9461 2
9462 3
9463 1
9464 3
9465 1
9466 2
9467 1
9468 1
9469 1
9470 1
9471 1
9472 5
9473 4
9474 1
9475 1
9476 2
9477 5
9478 2
9479 3
9480 6
9481 1
9482 2
9483 3
9484 3
9485 1
9486 3
9487 11
9488 1
9489 1
9490 8
9491 1
9492 1
9493 2
9494 1
9495 1
9496 1
9497 6
9498 4
9499 6
9500 1
9501 2
9502 2
9503 1
9504 1
9505 1
9506 1
9507 1
9508 3
9509 1
9510 3
9511 2
9512 1
9513 1
9514 1
9515 1
9516 2
9517 1
9518 2
9519 1
9520 7
9521 1
9522 4
9523 1
9524 3
9525 2
9526 1
9527 4
9528 10
9529 3
9530 7
9531 1
9532 3
9533 1
9534 2
9535 1
9536 3
9537 4
9538 2
9539 1
9540 2
9541 1
9542 1
9543 2
9544 2
9545 3
9546 2
9547 2
9548 1
9549 3
9550 8
9551 3
9552 4
9553 4
9554 3
9555 6
9556 3
9557 1
9558 10
9559 2
9560 7
9561 5
9562 1
9563 3
9564 1
9565 3
9566 1
9567 1
9568 2
9569 4
9570 2
9571 2
9572 3
9573 1
9574 1
9575 1
9576 3
9577 4
9578 1
9579 3
9580 1
9581 2
9582 1
9583 1
9584 1
9585 6
9586 1
9587 6
9588 1
9589 3
9590 2
9591 3
9592 1
9593 3
9594 1
9595 12
9596 4
9597 1
9598 1
9599 1
9600 1
9601 3
9602 2
9603 1
9604 1
9605 1
9606 9
9607 1
9608 6
9609 3
9610 2
9611 1
9612 1
9613 3
9614 3
9615 1
9616 1
9617 1
9618 3
9619 2
9620 6
9621 1
9622 2
9623 9
9624 5
9625 1
9626 9
9627 5
9628 4
9629 1
9630 10
9631 1
9632 2
9633 6
9634 2
9635 1
9636 2
9637 5
9638 4
9639 1
9640 1
9641 1
9642 1
9643 3
9644 1
9645 3
9646 2
9647 4
9648 2
9649 1
9650 1
9651 10
9652 2
9653 3
9654 1
9655 2
9656 2
9657 5
9658 2
9659 1
9660 7
9661 1
9662 1
9663 2
9664 2
9665 1
9666 5
9667 4
9668 2
9669 1
9670 1
9671 6
9672 6
9673 1
9674 1
9675 3
9676 4
9677 1
9678 2
9679 4
9680 3
9681 2
9682 10
9683 1
9684 1
9685 1
9686 1
9687 2
9688 2
9689 2
9690 2
9691 2
9692 1
9693 2
9694 1
9695 1
9696 4
9697 4
9698 5
9699 1
9700 1
9701 2
9702 2
9703 5
9704 2
9705 2
9706 2
9707 2
9708 1
9709 2
9710 5
9711 4
9712 4
9713 2
9714 4
9715 1
9716 1
9717 8
9718 1
9719 1
9720 6
9721 3
9722 1
9723 1
9724 3
9725 1
9726 6
9727 1
9728 1
9729 6
9730 1
9731 5
9732 6
9733 2
9734 4
9735 8
9736 1
9737 2
9738 4
9739 1
9740 1
9741 2
9742 1
9743 2
9744 7
9745 2
9746 2
9747 3
9748 1
9749 2
9750 18
9751 4
9752 1
9753 1
9754 3
9755 1
9756 4
9757 1
9758 8
9759 2
9760 1
9761 2
9762 2
9763 5
9764 1
9765 5
9766 3
9767 4
9768 8
9769 7
9770 2
9771 1
9772 1
9773 2
9774 1
9775 3
9776 1
9777 6
9778 2
9779 1
9780 1
9781 2
9782 6
9783 8
9784 2
9785 1
9786 5
9787 2
9788 3
9789 2
9790 7
9791 1
9792 8
9793 1
9794 1
9795 5
9796 3
9797 2
9798 6
9799 2
9800 1
9801 13
9802 6
9803 1
9804 2
9805 1
9806 3
9807 2
9808 8
9809 2
9810 1
9811 1
9812 6
9813 1
9814 1
9815 5
9816 1
9817 2
9818 6
9819 1
9820 1
9821 2
9822 2
9823 3
9824 3
9825 7
9826 8
9827 2
9828 13
9829 2
9830 6
9831 2
9832 1
9833 2
9834 5
9835 12
9836 1
9837 3
9838 4
9839 2
9840 2
9841 1
9842 1
9843 2
9844 7
9845 1
9846 4
9847 2
9848 2
9849 2
9850 1
9851 1
9852 2
9853 1
9854 4
9855 1
9856 2
9857 3
9858 3
9859 1
9860 1
9861 1
9862 1
9863 1
9864 2
9865 2
9866 1
9867 5
9868 4
9869 1
9870 1
9871 1
9872 1
9873 4
9874 1
9875 3
9876 6
9877 1
9878 3
9879 1
9880 4
9881 1
9882 2
9883 3
9884 1
9885 1
9886 1
9887 3
9888 3
9889 3
9890 1
9891 9
9892 2
9893 2
9894 1
9895 4
9896 4
9897 2
9898 2
9899 1
9900 2
9901 1
9902 1
9903 1
9904 2
9905 1
9906 1
9907 1
9908 2
9909 7
9910 1
9911 5
9912 2
9913 3
9914 1
9915 1
9916 2
9917 3
9918 5
9919 1
9920 2
9921 15
9922 1
9923 1
9924 1
9925 1
9926 1
9927 1
9928 2
9929 1
9930 8
9931 1
9932 4
9933 4
9934 1
9935 2
9936 3
9937 1
9938 1
9939 3
9940 2
9941 4
9942 1
9943 2
9944 2
9945 5
9946 6
9947 1
9948 12
9949 1
9950 2
9951 2
9952 1
9953 3
9954 10
9955 1
9956 1
9957 4
9958 3
9959 6
9960 1
9961 2
9962 1
9963 1
9964 2
9965 1
9966 6
9967 5
9968 11
9969 4
9970 6
9971 2
9972 4
9973 1
9974 5
9975 7
9976 3
9977 1
9978 14
9979 1
9980 1
9981 1
9982 1
9983 3
9984 5
9985 4
9986 1
9987 4
9988 3
9989 1
9990 4
9991 1
9992 6
9993 2
9994 1
9995 4
9996 1
9997 1
9998 1
9999 1
10000 6
