# Table of n, A268060(n) for n = 1..10000.
1 1
2 1
3 2
4 3
5 3
6 4
7 4
8 5
9 5
10 6
11 7
12 7
13 8
14 9
15 8
16 9
17 10
18 11
19 12
20 13
21 13
22 14
23 14
24 13
25 16
26 15
27 16
28 17
29 16
30 17
31 20
32 19
33 20
34 25
35 22
36 22
37 21
38 24
39 22
40 23
41 24
42 23
43 27
44 28
45 29
46 29
47 30
48 29
49 31
50 32
51 31
52 33
53 32
54 32
55 36
56 33
57 35
58 35
59 34
60 34
61 37
62 39
63 38
64 41
65 41
66 40
67 43
68 43
69 44
70 44
71 40
72 41
73 42
74 45
75 43
76 55
77 45
78 47
79 50
80 51
81 44
82 48
83 51
84 53
85 52
86 54
87 53
88 53
89 52
90 58
91 58
92 58
93 56
94 60
95 61
96 61
97 61
98 62
99 52
100 63
101 61
102 62
103 65
104 61
105 66
106 67
107 63
108 61
109 64
110 63
111 67
112 81
113 72
114 70
115 62
116 73
117 64
118 69
119 76
120 73
121 73
122 77
123 71
124 79
125 79
126 76
127 77
128 93
129 79
130 82
131 75
132 80
133 80
134 86
135 76
136 86
137 83
138 87
139 82
140 88
141 85
142 89
143 90
144 85
145 88
146 84
147 86
148 105
149 91
150 91
151 96
152 97
153 92
154 93
155 98
156 94
157 99
158 100
159 96
160 101
161 101
162 95
163 100
164 99
165 101
166 137
167 94
168 107
169 97
170 107
171 103
172 101
173 102
174 106
175 103
176 103
177 113
178 131
179 115
180 103
181 114
182 116
183 110
184 111
185 102
186 112
187 118
188 120
189 106
190 122
191 115
192 103
193 122
194 122
195 118
196 124
197 120
198 119
199 127
200 126
201 122
202 147
203 123
204 129
205 129
206 130
207 125
208 153
209 126
210 132
211 133
212 134
213 125
214 129
215 123
216 122
217 131
218 139
219 124
220 141
221 134
222 134
223 128
224 143
225 142
226 144
227 147
228 165
229 138
230 145
231 146
232 146
233 138
234 127
235 148
236 149
237 134
238 152
239 144
240 146
241 146
242 153
243 143
244 154
245 137
246 149
247 149
248 147
249 157
250 157
251 161
252 149
253 152
254 154
255 157
256 163
257 164
258 151
259 165
260 147
261 160
262 159
263 154
264 155
265 160
266 160
267 154
268 173
269 163
270 152
271 171
272 159
273 152
274 173
275 166
276 174
277 168
278 177
279 158
280 171
281 171
282 170
283 162
284 179
285 183
286 180
287 173
288 169
289 182
290 183
291 167
292 171
293 165
294 172
295 174
296 191
297 188
298 171
299 189
300 169
301 190
302 183
303 178
304 194
305 196
306 193
307 197
308 186
309 195
310 196
311 178
312 199
313 197
314 198
315 191
316 185
317 191
318 201
319 183
320 227
321 203
322 202
323 196
324 205
325 197
326 205
327 197
328 209
329 198
330 202
331 216
332 195
333 188
334 247
335 204
336 214
337 213
338 205
339 199
340 214
341 215
342 206
343 215
344 221
345 208
346 204
347 221
348 197
349 225
350 211
351 199
352 255
353 202
354 226
355 216
356 225
357 228
358 230
359 216
360 227
361 218
362 228
363 219
364 255
365 223
366 231
367 234
368 261
369 218
370 233
371 233
372 224
373 214
374 236
375 212
376 227
377 240
378 239
379 239
380 244
381 229
382 230
383 244
384 279
385 243
386 244
387 212
388 281
389 246
390 236
391 231
392 225
393 248
394 240
395 228
396 223
397 250
398 254
399 236
400 257
401 246
402 244
403 254
404 257
405 226
406 246
407 245
408 241
409 247
410 231
411 251
412 260
413 263
414 250
415 243
416 263
417 224
418 303
419 265
420 241
421 241
422 266
423 255
424 268
425 267
426 257
427 274
428 258
429 259
430 261
431 272
432 263
433 278
434 262
435 247
436 263
437 267
438 257
439 248
440 249
441 271
442 279
443 280
444 268
445 286
446 261
447 269
448 285
449 288
450 284
451 254
452 288
453 268
454 294
455 297
456 291
457 264
458 373
459 277
460 289
461 264
462 292
463 281
464 325
465 262
466 337
467 300
468 287
469 296
470 296
471 284
472 285
473 289
474 343
475 288
476 304
477 288
478 288
479 303
480 303
481 290
482 292
483 293
484 306
485 313
486 293
487 308
488 308
489 295
490 281
491 290
492 289
493 299
494 298
495 284
496 273
497 285
498 361
499 301
500 321
501 302
502 322
503 296
504 275
505 318
506 304
507 320
508 308
509 325
510 277
511 323
512 326
513 289
514 328
515 325
516 329
517 335
518 330
519 307
520 293
521 306
522 320
523 300
524 309
525 332
526 387
527 303
528 299
529 334
530 335
531 339
532 320
533 305
534 341
535 323
536 307
537 328
538 326
539 349
540 329
541 328
542 342
543 295
544 343
545 344
546 304
547 322
548 346
549 331
550 332
551 332
552 349
553 335
554 336
555 319
556 335
557 336
558 316
559 356
560 342
561 354
562 342
563 344
564 340
565 346
566 324
567 341
568 333
569 360
570 317
571 327
572 345
573 328
574 361
575 363
576 325
577 372
578 349
579 366
580 366
581 334
582 353
583 343
584 343
585 326
586 357
587 371
588 355
589 371
590 371
591 346
592 339
593 359
594 347
595 342
596 431
597 381
598 378
599 368
600 338
601 380
602 380
603 346
604 437
605 382
606 439
607 358
608 367
609 369
610 392
611 372
612 386
613 400
614 394
615 373
616 372
617 364
618 390
619 375
620 391
621 346
622 459
623 397
624 397
625 358
626 453
627 355
628 396
629 379
630 382
631 362
632 465
633 374
634 401
635 407
636 402
637 386
638 387
639 404
640 413
641 389
642 406
643 405
644 407
645 407
646 392
647 394
648 365
649 381
650 409
651 393
652 410
653 393
654 394
655 424
656 415
657 400
658 461
659 398
660 367
661 424
662 417
663 388
664 390
665 427
666 391
667 420
668 421
669 427
670 408
671 384
672 365
673 394
674 409
675 406
676 410
677 428
678 409
679 435
680 433
681 385
682 399
683 412
684 412
685 393
686 430
687 414
688 435
689 434
690 416
691 419
692 417
693 388
694 503
695 398
696 394
697 423
698 421
699 421
700 422
701 447
702 427
703 426
704 445
705 425
706 521
707 426
708 447
709 406
710 619
711 388
712 450
713 449
714 451
715 431
716 460
717 422
718 432
719 454
720 407
721 455
722 415
723 427
724 461
725 457
726 459
727 427
728 473
729 445
730 419
731 462
732 433
733 429
734 445
735 463
736 475
737 470
738 433
739 396
740 453
741 447
742 453
743 470
744 437
745 436
746 479
747 410
748 472
749 478
750 424
751 423
752 454
753 483
754 473
755 458
756 445
757 457
758 477
759 458
760 479
761 481
762 481
763 460
764 460
765 436
766 488
767 448
768 451
769 464
770 486
771 473
772 488
773 436
774 437
775 428
776 495
777 424
778 489
779 446
780 503
781 421
782 471
783 458
784 499
785 476
786 496
787 474
788 475
789 476
790 456
791 503
792 505
793 480
794 500
795 443
796 508
797 468
798 472
799 505
800 453
801 488
802 453
803 512
804 519
805 508
806 508
807 476
808 479
809 487
810 452
811 451
812 492
813 458
814 515
815 459
816 521
817 515
818 517
819 463
820 462
821 495
822 463
823 497
824 520
825 521
826 526
827 484
828 500
829 524
830 501
831 500
832 525
833 503
834 531
835 471
836 533
837 505
838 529
839 494
840 529
841 540
842 579
843 452
844 532
845 484
846 535
847 513
848 536
849 486
850 519
851 522
852 514
853 506
854 548
855 538
856 516
857 517
858 518
859 541
860 522
861 548
862 544
863 508
864 511
865 546
866 556
867 548
868 524
869 532
870 529
871 502
872 526
873 493
874 534
875 551
876 514
877 529
878 555
879 554
880 498
881 557
882 535
883 567
884 558
885 565
886 560
887 522
888 573
889 524
890 559
891 524
892 563
893 569
894 523
895 524
896 575
897 567
898 576
899 528
900 511
901 534
902 667
903 570
904 545
905 518
906 536
907 531
908 573
909 548
910 594
911 538
912 535
913 554
914 583
915 577
916 543
917 577
918 554
919 554
920 591
921 556
922 528
923 582
924 584
925 584
926 562
927 585
928 603
929 593
930 524
931 564
932 595
933 590
934 589
935 590
936 551
937 590
938 592
939 539
940 592
941 594
942 568
943 611
944 570
945 577
946 533
947 596
948 605
949 600
950 573
951 573
952 575
953 520
954 603
955 609
956 576
957 604
958 606
959 528
960 617
961 613
962 580
963 609
964 697
965 610
966 586
967 609
968 612
969 556
970 626
971 575
972 571
973 572
974 616
975 593
976 709
977 572
978 590
979 591
980 723
981 590
982 625
983 602
984 578
985 622
986 577
987 594
988 596
989 597
990 623
991 580
992 719
993 608
994 603
995 628
996 635
997 572
998 631
999 632
1000 649
1001 639
1002 604
1003 574
1004 591
1005 619
1006 641
1007 578
1008 607
1009 608
1010 636
1011 616
1012 655
1013 596
1014 640
1015 648
1016 613
1017 643
1018 641
1019 598
1020 554
1021 619
1022 646
1023 623
1024 653
1025 646
1026 625
1027 588
1028 656
1029 628
1030 650
1031 648
1032 553
1033 582
1034 670
1035 632
1036 660
1037 662
1038 625
1039 662
1040 633
1041 628
1042 612
1043 632
1044 863
1045 658
1046 589
1047 662
1048 615
1049 602
1050 664
1051 640
1052 665
1053 589
1054 639
1055 642
1056 577
1057 674
1058 668
1059 622
1060 670
1061 652
1062 678
1063 683
1064 640
1065 652
1066 647
1067 646
1068 675
1069 676
1070 645
1071 684
1072 791
1073 650
1074 605
1075 677
1076 649
1077 655
1078 698
1079 655
1080 658
1081 694
1082 683
1083 695
1084 684
1085 655
1086 605
1087 687
1088 639
1089 668
1090 688
1091 666
1092 643
1093 659
1094 697
1095 619
1096 641
1097 644
1098 662
1099 702
1100 607
1101 695
1102 697
1103 635
1104 767
1105 716
1106 670
1107 668
1108 672
1109 701
1110 673
1111 652
1112 670
1113 671
1114 672
1115 679
1116 655
1117 704
1118 703
1119 679
1120 684
1121 660
1122 708
1123 708
1124 715
1125 644
1126 709
1127 659
1128 680
1129 680
1130 711
1131 688
1132 687
1133 683
1134 682
1135 731
1136 667
1137 622
1138 687
1139 687
1140 634
1141 702
1142 693
1143 671
1144 729
1145 657
1146 671
1147 732
1148 722
1149 732
1150 726
1151 728
1152 835
1153 728
1154 661
1155 729
1156 698
1157 698
1158 732
1159 730
1160 732
1161 700
1162 701
1163 741
1164 706
1165 707
1166 703
1167 659
1168 743
1169 706
1170 659
1171 672
1172 661
1173 742
1174 742
1175 713
1176 709
1177 755
1178 742
1179 664
1180 711
1181 721
1182 692
1183 724
1184 678
1185 684
1186 863
1187 756
1188 697
1189 752
1190 684
1191 718
1192 761
1193 754
1194 762
1195 720
1196 756
1197 708
1198 753
1199 756
1200 677
1201 724
1202 729
1203 776
1204 713
1205 761
1206 727
1207 760
1208 771
1209 762
1210 764
1211 731
1212 771
1213 739
1214 773
1215 737
1216 881
1217 712
1218 769
1219 716
1220 769
1221 743
1222 744
1223 774
1224 695
1225 717
1226 771
1227 749
1228 723
1229 704
1230 746
1231 797
1232 785
1233 796
1234 779
1235 802
1236 780
1237 708
1238 897
1239 789
1240 782
1241 726
1242 731
1243 712
1244 785
1245 787
1246 794
1247 787
1248 789
1249 753
1250 803
1251 764
1252 799
1253 755
1254 763
1255 734
1256 891
1257 758
1258 758
1259 759
1260 809
1261 796
1262 931
1263 707
1264 799
1265 799
1266 715
1267 813
1268 802
1269 710
1270 771
1271 815
1272 804
1273 702
1274 745
1275 803
1276 774
1277 774
1278 808
1279 815
1280 733
1281 761
1282 809
1283 811
1284 812
1285 807
1286 810
1287 777
1288 837
1289 738
1290 814
1291 739
1292 821
1293 758
1294 741
1295 746
1296 817
1297 820
1298 783
1299 818
1300 818
1301 820
1302 823
1303 824
1304 943
1305 823
1306 786
1307 825
1308 769
1309 828
1310 848
1311 767
1312 919
1313 799
1314 800
1315 843
1316 855
1317 742
1318 833
1319 841
1320 833
1321 835
1322 848
1323 778
1324 837
1325 804
1326 837
1327 784
1328 801
1329 840
1330 854
1331 806
1332 782
1333 805
1334 840
1335 809
1336 842
1337 811
1338 854
1339 784
1340 847
1341 817
1342 768
1343 863
1344 730
1345 815
1346 859
1347 817
1348 945
1349 789
1350 793
1351 854
1352 855
1353 821
1354 856
1355 854
1356 818
1357 870
1358 870
1359 804
1360 749
1361 857
1362 829
1363 823
1364 861
1365 752
1366 824
1367 862
1368 803
1369 826
1370 831
1371 827
1372 729
1373 863
1374 1001
1375 883
1376 951
1377 817
1378 868
1379 807
1380 769
1381 770
1382 869
1383 782
1384 834
1385 848
1386 815
1387 851
1388 885
1389 843
1390 893
1391 839
1392 815
1393 820
1394 846
1395 799
1396 897
1397 800
1398 842
1399 893
1400 981
1401 853
1402 894
1403 824
1404 821
1405 907
1406 852
1407 859
1408 890
1409 913
1410 850
1411 828
1412 891
1413 859
1414 852
1415 903
1416 895
1417 828
1418 911
1419 904
1420 801
1421 818
1422 776
1423 869
1424 895
1425 859
1426 861
1427 819
1428 902
1429 918
1430 862
1431 868
1432 869
1433 838
1434 907
1435 906
1436 843
1437 909
1438 908
1439 904
1440 817
1441 910
1442 910
1443 847
1444 919
1445 947
1446 871
1447 915
1448 817
1449 853
1450 913
1451 926
1452 918
1453 834
1454 877
1455 939
1456 837
1457 889
1458 821
1459 822
1460 1037
1461 924
1462 924
1463 867
1464 1273
1465 934
1466 885
1467 796
1468 861
1469 887
1470 926
1471 888
1472 935
1473 940
1474 940
1475 926
1476 1283
1477 849
1478 837
1479 893
1480 1071
1481 937
1482 937
1483 894
1484 906
1485 896
1486 935
1487 839
1488 947
1489 902
1490 951
1491 941
1492 905
1493 876
1494 791
1495 945
1496 903
1497 903
1498 956
1499 944
1500 913
1501 906
1502 915
1503 906
1504 861
1505 984
1506 947
1507 914
1508 961
1509 888
1510 953
1511 911
1512 893
1513 886
1514 957
1515 923
1516 953
1517 966
1518 829
1519 968
1520 958
1521 960
1522 962
1523 959
1524 962
1525 964
1526 965
1527 975
1528 920
1529 963
1530 872
1531 977
1532 976
1533 922
1534 1129
1535 879
1536 902
1537 972
1538 928
1539 929
1540 972
1541 934
1542 871
1543 974
1544 976
1545 973
1546 1143
1547 934
1548 875
1549 909
1550 1149
1551 976
1552 855
1553 979
1554 848
1555 890
1556 978
1557 985
1558 1001
1559 986
1560 893
1561 953
1562 853
1563 918
1564 915
1565 953
1566 875
1567 954
1568 991
1569 1013
1570 991
1571 952
1572 992
1573 995
1574 948
1575 904
1576 950
1577 905
1578 952
1579 998
1580 871
1581 998
1582 1006
1583 1031
1584 1007
1585 955
1586 873
1587 953
1588 1001
1589 940
1590 959
1591 934
1592 945
1593 973
1594 936
1595 1018
1596 943
1597 964
1598 1010
1599 1009
1600 1019
1601 1019
1602 941
1603 965
1604 1039
1605 1013
1606 1024
1607 970
1608 1033
1609 970
1610 1016
1611 1040
1612 1016
1613 979
1614 1019
1615 989
1616 1187
1617 1016
1618 974
1619 981
1620 983
1621 956
1622 931
1623 952
1624 1025
1625 1026
1626 955
1627 919
1628 1030
1629 983
1630 993
1631 1026
1632 1183
1633 1031
1634 1030
1635 923
1636 1043
1637 1044
1638 989
1639 938
1640 999
1641 966
1642 990
1643 1034
1644 926
1645 949
1646 994
1647 992
1648 1040
1649 1004
1650 1042
1651 1059
1652 1052
1653 1055
1654 1217
1655 956
1656 1000
1657 1004
1658 1048
1659 955
1660 975
1661 1060
1662 1000
1663 954
1664 1205
1665 1051
1666 1053
1667 1061
1668 1055
1669 1052
1670 1017
1671 1008
1672 1066
1673 1052
1674 1010
1675 1023
1676 1011
1677 985
1678 1069
1679 983
1680 1019
1681 1063
1682 1080
1683 1062
1684 1105
1685 1062
1686 1021
1687 932
1688 1223
1689 1019
1690 989
1691 1063
1692 1070
1693 1070
1694 1026
1695 992
1696 1072
1697 996
1698 1091
1699 994
1700 1097
1701 1006
1702 1044
1703 1075
1704 1028
1705 1037
1706 1079
1707 1079
1708 1073
1709 1040
1710 1076
1711 980
1712 1005
1713 1081
1714 1034
1715 984
1716 1007
1717 1008
1718 1082
1719 1097
1720 1044
1721 1089
1722 1083
1723 1089
1724 1079
1725 1054
1726 1269
1727 1115
1728 1021
1729 1018
1730 1092
1731 1091
1732 1112
1733 940
1734 1096
1735 1097
1736 1048
1737 1098
1738 999
1739 998
1740 1021
1741 1022
1742 1101
1743 1102
1744 1113
1745 1121
1746 1025
1747 1112
1748 1123
1749 1106
1750 1217
1751 1008
1752 1057
1753 1136
1754 1109
1755 1133
1756 1107
1757 1058
1758 1108
1759 1067
1760 1071
1761 1060
1762 1114
1763 1038
1764 1115
1765 1017
1766 1134
1767 995
1768 1116
1769 996
1770 1113
1771 1131
1772 1120
1773 1038
1774 1044
1775 1118
1776 1141
1777 1142
1778 1123
1779 1073
1780 1019
1781 1133
1782 1048
1783 1082
1784 1077
1785 997
1786 1127
1787 1128
1788 1153
1789 1053
1790 1317
1791 1058
1792 1173
1793 1086
1794 1134
1795 1080
1796 1131
1797 1058
1798 1029
1799 1137
1800 961
1801 1105
1802 1068
1803 1087
1804 1137
1805 1017
1806 1063
1807 1143
1808 1090
1809 1102
1810 1163
1811 1145
1812 1091
1813 1142
1814 1095
1815 1146
1816 1146
1817 1064
1818 1096
1819 1096
1820 1167
1821 1069
1822 1339
1823 1100
1824 1153
1825 1054
1826 1151
1827 1107
1828 1103
1829 1102
1830 1154
1831 1048
1832 1325
1833 1116
1834 1154
1835 1128
1836 1075
1837 1109
1838 1108
1839 1126
1840 1339
1841 1014
1842 1111
1843 1177
1844 1119
1845 1119
1846 1089
1847 1058
1848 1168
1849 1167
1850 1168
1851 1031
1852 1124
1853 1124
1854 1170
1855 1136
1856 1345
1857 1172
1858 1186
1859 1047
1860 1133
1861 1172
1862 1128
1863 1102
1864 1187
1865 1204
1866 1180
1867 1127
1868 1179
1869 1040
1870 1180
1871 1183
1872 1102
1873 1105
1874 1180
1875 1074
1876 1131
1877 1198
1878 1099
1879 1213
1880 1183
1881 1186
1882 1188
1883 1108
1884 1105
1885 1146
1886 1193
1887 1108
1888 1140
1889 1106
1890 1154
1891 1152
1892 1391
1893 1054
1894 1192
1895 1154
1896 1210
1897 1159
1898 1155
1899 1145
1900 1201
1901 1197
1902 1203
1903 1124
1904 1383
1905 1154
1906 1155
1907 1217
1908 1117
1909 1179
1910 1218
1911 1207
1912 1233
1913 1221
1914 1208
1915 1220
1916 1211
1917 1132
1918 1311
1919 1169
1920 1239
1921 1157
1922 1226
1923 1126
1924 1217
1925 1104
1926 1218
1927 1212
1928 1231
1929 1129
1930 1220
1931 1216
1932 1139
1933 1242
1934 1218
1935 1136
1936 1233
1937 1230
1938 1223
1939 1171
1940 1111
1941 1247
1942 1169
1943 1240
1944 1141
1945 1191
1946 1431
1947 1231
1948 1257
1949 1189
1950 1186
1951 1123
1952 1243
1953 1179
1954 1247
1955 1193
1956 1615
1957 1125
1958 1182
1959 1187
1960 1237
1961 1190
1962 1180
1963 1106
1964 1183
1965 1112
1966 1237
1967 1238
1968 1187
1969 1235
1970 1244
1971 1204
1972 1243
1973 1258
1974 1243
1975 1196
1976 1192
1977 1246
1978 1194
1979 1269
1980 1201
1981 1249
1982 1265
1983 1138
1984 1255
1985 1137
1986 1216
1987 1148
1988 1095
1989 1211
1990 1256
1991 1202
1992 1270
1993 1166
1994 1167
1995 1124
1996 1262
1997 1210
1998 1201
1999 1204
2000 1149
2001 1204
2002 1278
2003 1277
2004 1208
2005 1177
2006 1289
2007 1281
2008 1182
2009 1265
2010 1223
2011 1214
2012 1213
2013 1152
2014 1293
2015 1294
2016 1315
2017 1275
2018 1155
2019 1182
2020 1285
2021 1160
2022 1232
2023 1227
2024 1289
2025 1133
2026 1291
2027 1163
2028 1280
2029 1236
2030 1296
2031 1252
2032 1447
2033 1152
2034 1286
2035 1191
2036 1282
2037 1234
2038 1499
2039 1230
2040 1253
2041 1232
2042 1289
2043 1288
2044 1292
2045 1158
2046 1235
2047 1315
2048 1207
2049 1236
2050 1287
2051 1200
2052 1237
2053 1299
2054 1176
2055 1297
2056 1311
2057 1300
2058 1243
2059 1311
2060 1249
2061 1150
2062 1245
2063 1256
2064 1305
2065 1315
2066 1164
2067 1247
2068 1305
2069 1248
2070 1264
2071 1192
2072 1249
2073 1262
2074 1324
2075 1257
2076 1250
2077 1268
2078 1261
2079 1325
2080 1311
2081 1316
2082 1217
2083 1218
2084 1257
2085 1194
2086 1317
2087 1320
2088 1225
2089 1317
2090 1316
2091 1283
2092 1269
2093 1264
2094 1324
2095 1321
2096 1525
2097 1263
2098 1347
2099 1327
2100 1283
2101 1326
2102 1325
2103 1264
2104 1343
2105 1352
2106 1285
2107 1345
2108 1278
2109 1244
2110 1284
2111 1346
2112 1271
2113 1276
2114 1348
2115 1288
2116 1275
2117 1246
2118 1244
2119 1336
2120 1340
2121 1278
2122 1169
2123 1339
2124 1341
2125 1342
2126 1366
2127 1218
2128 1339
2129 1245
2130 1511
2131 1348
2132 1201
2133 1228
2134 1517
2135 1287
2136 1249
2137 1224
2138 1352
2139 1352
2140 1351
2141 1297
2142 1353
2143 1164
2144 1353
2145 1301
2146 1355
2147 1296
2148 1210
2149 1378
2150 1354
2151 1360
2152 1298
2153 1304
2154 1309
2155 1313
2156 1373
2157 1201
2158 1301
2159 1216
2160 1303
2161 1362
2162 1388
2163 1365
2164 1366
2165 1307
2166 1363
2167 1324
2168 1309
2169 1274
2170 1310
2171 1271
2172 1210
2173 1408
2174 1374
2175 1198
2176 1229
2177 1374
2178 1315
2179 1391
2180 1376
2181 1379
2182 1579
2183 1391
2184 1419
2185 1318
2186 1318
2187 1280
2188 1319
2189 1384
2190 1333
2191 1395
2192 1415
2193 1336
2194 1399
2195 1332
2196 1247
2197 1290
2198 1285
2199 1390
2200 1181
2201 1390
2202 1390
2203 1346
2204 1391
2205 1277
2206 1337
2207 1302
2208 1425
2209 1331
2210 1341
2211 1294
2212 1391
2213 1343
2214 1336
2215 1356
2216 1344
2217 1429
2218 1337
2219 1306
2220 1339
2221 1357
2222 1417
2223 1341
2224 1609
2225 1404
2226 1342
2227 1303
2228 1421
2229 1304
2230 1277
2231 1359
2232 1310
2233 1348
2234 1408
2235 1376
2236 1406
2237 1284
2238 1313
2239 1311
2240 1443
2241 1349
2242 1320
2243 1419
2244 1416
2245 1296
2246 1416
2247 1355
2248 1430
2249 1434
2250 1288
2251 1294
2252 1418
2253 1360
2254 1361
2255 1456
2256 1360
2257 1457
2258 1360
2259 1449
2260 1422
2261 1430
2262 1327
2263 1363
2264 1333
2265 1432
2266 1433
2267 1374
2268 1364
2269 1447
2270 1462
2271 1366
2272 1449
2273 1338
2274 1343
2275 1346
2276 1374
2277 1369
2278 1374
2279 1442
2280 1393
2281 1455
2282 1375
2283 1443
2284 1386
2285 1442
2286 1379
2287 1318
2288 1458
2289 1273
2290 1389
2291 1389
2292 1342
2293 1340
2294 1464
2295 1244
2296 1383
2297 1466
2298 1447
2299 1451
2300 1452
2301 1394
2302 1456
2303 1503
2304 1469
2305 1471
2306 1456
2307 1456
2308 1677
2309 1474
2310 1458
2311 1471
2312 1459
2313 1472
2314 1463
2315 1405
2316 1464
2317 1419
2318 1460
2319 1328
2320 1487
2321 1480
2322 1400
2323 1469
2324 1467
2325 1336
2326 1482
2327 1366
2328 1367
2329 1334
2330 1414
2331 1342
2332 1406
2333 1471
2334 1421
2335 1339
2336 1477
2337 1338
2338 1691
2339 1412
2340 1318
2341 1481
2342 1344
2343 1319
2344 1723
2345 1481
2346 1484
2347 1476
2348 1701
2349 1417
2350 1483
2351 1348
2352 1418
2353 1483
2354 1499
2355 1316
2356 1477
2357 1429
2358 1385
2359 1378
2360 1422
2361 1352
2362 1355
2363 1355
2364 1427
2365 1384
2366 1489
2367 1428
2368 1397
2369 1463
2370 1519
2371 1396
2372 1509
2373 1366
2374 1433
2375 1538
2376 1345
2377 1527
2378 1501
2379 1442
2380 1443
2381 1505
2382 1436
2383 1507
2384 1503
2385 1502
2386 1508
2387 1374
2388 1741
2389 1442
2390 1440
2391 1404
2392 1512
2393 1505
2394 1523
2395 1371
2396 1506
2397 1515
2398 1512
2399 1376
2400 1303
2401 1447
2402 1519
2403 1463
2404 1458
2405 1516
2406 1513
2407 1535
2408 1769
2409 1453
2410 1513
2411 1539
2412 1454
2413 1521
2414 1520
2415 1524
2416 1419
2417 1418
2418 1524
2419 1554
2420 1528
2421 1462
2422 1531
2423 1489
2424 1541
2425 1531
2426 1529
2427 1535
2428 1463
2429 1536
2430 1474
2431 1468
2432 1551
2433 1532
2434 1791
2435 1537
2436 1538
2437 1484
2438 1793
2439 1480
2440 1767
2441 1469
2442 1433
2443 1471
2444 1435
2445 1541
2446 1481
2447 1485
2448 1387
2449 1438
2450 1479
2451 1435
2452 1413
2453 1576
2454 1498
2455 1543
2456 1353
2457 1549
2458 1439
2459 1552
2460 1409
2461 1553
2462 1594
2463 1485
2464 1569
2465 1414
2466 1489
2467 1554
2468 1561
2469 1496
2470 1604
2471 1492
2472 1560
2473 1461
2474 1571
2475 1492
2476 1579
2477 1492
2478 1578
2479 1456
2480 1579
2481 1496
2482 1421
2483 1424
2484 1462
2485 1586
2486 1597
2487 1526
2488 1570
2489 1587
2490 1574
2491 1575
2492 1567
2493 1505
2494 1574
2495 1567
2496 1465
2497 1592
2498 1506
2499 1509
2500 1517
2501 1509
2502 1528
2503 1517
2504 1598
2505 1579
2506 1585
2507 1586
2508 1599
2509 1536
2510 1847
2511 1447
2512 1475
2513 1600
2514 1516
2515 1532
2516 1516
2517 1482
2518 1587
2519 1482
2520 1587
2521 1376
2522 1592
2523 1589
2524 1593
2525 1446
2526 1541
2527 1607
2528 1598
2529 1597
2530 1593
2531 1601
2532 1525
2533 1602
2534 1626
2535 1600
2536 1604
2537 1599
2538 1605
2539 1617
2540 1401
2541 1531
2542 1630
2543 1542
2544 1531
2545 1434
2546 1545
2547 1435
2548 1621
2549 1460
2550 1606
2551 1538
2552 1548
2553 1566
2554 1548
2555 1549
2556 1541
2557 1500
2558 1630
2559 1544
2560 1649
2561 1564
2562 1541
2563 1547
2564 1618
2565 1614
2566 1547
2567 1550
2568 1624
2569 1549
2570 1569
2571 1551
2572 1620
2573 1661
2574 1627
2575 1474
2576 1507
2577 1564
2578 1476
2579 1561
2580 1628
2581 1478
2582 1567
2583 1438
2584 1511
2585 1634
2586 1465
2587 1633
2588 1519
2589 1486
2590 1661
2591 1562
2592 1369
2593 1564
2594 1640
2595 1638
2596 1566
2597 1633
2598 1636
2599 1641
2600 1636
2601 1570
2602 1493
2603 1491
2604 1646
2605 1530
2606 1573
2607 1660
2608 1663
2609 1573
2610 1646
2611 1651
2612 1661
2613 1652
2614 1650
2615 1498
2616 1477
2617 1504
2618 1656
2619 1487
2620 1861
2621 1500
2622 1583
2623 1659
2624 1705
2625 1606
2626 1503
2627 1510
2628 1547
2629 1538
2630 1686
2631 1657
2632 1689
2633 1657
2634 1547
2635 1508
2636 1666
2637 1662
2638 1682
2639 1668
2640 1511
2641 1620
2642 1661
2643 1671
2644 1665
2645 1614
2646 1556
2647 1708
2648 1689
2649 1612
2650 1608
2651 1676
2652 1601
2653 1597
2654 1689
2655 1498
2656 1602
2657 1617
2658 1680
2659 1679
2660 1677
2661 1621
2662 1681
2663 1616
2664 1607
2665 1696
2666 1685
2667 1570
2668 1869
2669 1619
2670 1447
2671 1684
2672 1689
2673 1565
2674 1565
2675 1686
2676 1689
2677 1613
2678 1709
2679 1631
2680 1569
2681 1627
2682 1615
2683 1732
2684 1629
2685 1577
2686 1726
2687 1712
2688 1651
2689 1622
2690 1573
2691 1701
2692 1625
2693 1622
2694 1634
2695 1586
2696 1751
2697 1720
2698 1629
2699 1637
2700 1586
2701 1546
2702 1708
2703 1602
2704 1710
2705 1648
2706 1642
2707 1738
2708 1925
2709 1606
2710 1708
2711 1637
2712 1636
2713 1554
2714 1740
2715 1598
2716 1671
2717 1731
2718 1729
2719 1719
2720 1893
2721 1720
2722 1714
2723 1644
2724 1643
2725 1764
2726 1719
2727 1610
2728 1647
2729 1598
2730 1504
2731 1720
2732 1539
2733 1525
2734 1659
2735 1610
2736 1745
2737 1660
2738 1731
2739 1748
2740 1662
2741 1734
2742 1654
2743 1606
2744 1745
2745 1616
2746 1665
2747 1656
2748 2269
2749 1731
2750 1766
2751 1579
2752 1631
2753 1740
2754 1657
2755 1737
2756 1555
2757 1660
2758 1665
2759 1744
2760 1773
2761 1663
2762 2045
2763 1666
2764 1761
2765 1773
2766 1564
2767 1750
2768 1939
2769 1699
2770 1743
2771 1754
2772 1630
2773 1682
2774 1527
2775 1752
2776 1770
2777 1695
2778 1753
2779 1639
2780 1687
2781 1675
2782 1759
2783 1677
2784 1771
2785 1788
2786 1775
2787 1681
2788 1631
2789 1763
2790 1693
2791 1764
2792 1779
2793 1706
2794 1795
2795 1756
2796 1684
2797 1782
2798 1786
2799 1705
2800 1819
2801 1687
2802 1645
2803 1692
2804 1788
2805 1702
2806 1789
2807 1800
2808 1789
2809 1608
2810 1814
2811 1697
2812 1704
2813 1697
2814 1718
2815 1611
2816 2053
2817 1778
2818 1701
2819 1795
2820 1591
2821 1778
2822 1656
2823 1782
2824 1782
2825 1778
2826 1657
2827 1788
2828 1797
2829 1708
2830 1806
2831 1804
2832 1790
2833 1792
2834 1656
2835 1739
2836 1721
2837 1829
2838 1787
2839 1795
2840 1602
2841 1735
2842 1823
2843 1715
2844 1745
2845 1632
2846 1603
2847 1618
2848 1967
2849 1713
2850 1718
2851 1793
2852 1722
2853 1719
2854 1731
2855 1822
2856 1805
2857 1670
2858 1836
2859 1741
2860 1801
2861 1638
2862 1675
2863 1798
2864 1738
2865 1827
2866 2109
2867 1688
2868 1729
2869 1728
2870 1812
2871 1812
2872 1686
2873 1861
2874 1735
2875 1809
2876 1819
2877 1525
2878 1808
2879 1743
2880 1537
2881 1818
2882 1820
2883 1651
2884 1820
2885 1824
2886 1741
2887 1749
2888 1823
2889 1706
2890 1894
2891 1819
2892 1697
2893 1830
2894 1830
2895 1763
2896 2107
2897 1826
2898 1747
2899 1747
2900 1863
2901 1750
2902 1829
2903 1759
2904 1721
2905 1762
2906 1668
2907 1771
2908 1754
2909 1772
2910 1878
2911 1842
2912 1674
2913 1843
2914 1671
2915 1776
2916 1642
2917 1770
2918 1759
2919 1727
2920 1843
2921 1901
2922 1847
2923 1757
2924 1848
2925 1718
2926 1761
2927 1848
2928 1655
2929 1866
2930 1868
2931 1853
2932 1770
2933 1726
2934 1765
2935 1856
2936 1857
2937 1787
2938 1857
2939 1856
2940 1819
2941 1773
2942 1683
2943 1793
2944 1601
2945 1859
2946 1859
2947 1847
2948 1880
2949 1726
2950 1852
2951 1864
2952 1669
2953 1792
2954 1791
2955 1667
2956 1887
2957 1730
2958 1786
2959 1862
2960 1889
2961 1808
2962 1874
2963 1789
2964 1874
2965 1869
2966 1705
2967 1791
2968 1637
2969 1802
2970 1679
2971 1710
2972 1870
2973 1804
2974 2155
2975 1899
2976 1741
2977 1797
2978 1705
2979 1660
2980 1749
2981 1710
2982 1882
2983 1756
2984 1747
2985 1884
2986 1745
2987 1754
2988 1697
2989 1712
2990 1890
2991 1892
2992 1806
2993 1774
2994 1893
2995 1924
2996 1912
2997 1807
2998 1888
2999 1811
3000 1826
3001 1821
3002 1812
3003 1720
3004 1811
3005 1821
3006 1901
3007 1892
3008 2177
3009 1919
3010 1968
3011 1818
3012 1919
3013 1738
3014 1828
3015 1901
3016 1923
3017 1734
3018 1923
3019 1899
3020 1906
3021 1907
3022 1911
3023 1770
3024 1786
3025 1910
3026 1901
3027 1945
3028 1914
3029 1930
3030 1846
3031 1909
3032 2193
3033 1708
3034 2195
3035 1849
3036 1658
3037 1911
3038 1921
3039 1788
3040 1916
3041 1918
3042 1920
3043 1844
3044 1925
3045 1944
3046 1839
3047 1784
3048 1789
3049 1975
3050 1913
3051 1929
3052 1930
3053 1928
3054 1923
3055 1853
3056 1943
3057 1794
3058 1926
3059 1963
3060 1859
3061 1932
3062 1954
3063 1857
3064 1847
3065 1929
3066 1843
3067 1967
3068 1939
3069 1940
3070 1863
3071 1942
3072 1853
3073 1881
3074 1944
3075 1889
3076 1856
3077 1855
3078 1858
3079 1802
3080 1944
3081 1764
3082 1868
3083 1861
3084 1717
3085 1948
3086 1863
3087 1859
3088 1952
3089 1965
3090 1946
3091 1808
3092 1949
3093 1955
3094 1868
3095 1987
3096 1750
3097 1952
3098 1869
3099 1775
3100 1951
3101 1990
3102 1952
3103 1830
3104 1815
3105 1769
3106 1958
3107 1873
3108 1907
3109 1877
3110 1821
3111 1964
3112 1956
3113 1733
3114 1829
3115 1902
3116 1891
3117 1967
3118 1972
3119 1986
3120 1967
3121 1900
3122 1791
3123 1972
3124 1835
3125 1903
3126 1973
3127 1977
3128 1977
3129 1896
3130 1973
3131 1890
3132 1891
3133 1886
3134 2179
3135 1747
3136 1997
3137 1806
3138 1895
3139 1985
3140 1982
3141 1986
3142 1904
3143 1892
3144 1984
3145 1778
3146 1990
3147 1982
3148 1896
3149 1818
3150 1808
3151 1902
3152 2025
3153 1846
3154 2211
3155 1914
3156 1904
3157 2015
3158 1996
3159 1760
3160 2343
3161 1998
3162 1996
3163 1996
3164 2299
3165 1933
3166 1989
3167 1906
3168 1855
3169 1954
3170 2005
3171 1930
3172 1995
3173 1828
3174 1906
3175 2047
3176 2002
3177 1865
3178 2335
3179 2051
3180 1918
3181 1822
3182 2029
3183 2041
3184 1863
3185 2008
3186 1921
3187 1934
3188 1923
3189 1873
3190 2036
3191 1922
3192 1886
3193 1937
3194 2019
3195 1936
3196 1881
3197 1939
3198 2018
3199 2019
3200 1761
3201 1880
3202 2038
3203 2065
3204 2317
3205 1808
3206 1930
3207 1946
3208 1841
3209 2025
3210 2026
3211 1969
3212 2048
3213 1937
3214 1940
3215 2082
3216 1883
3217 2034
3218 2035
3219 1937
3220 2032
3221 2056
3222 2029
3223 1890
3224 2032
3225 2031
3226 1889
3227 1980
3228 1945
3229 1967
3230 1857
3231 1946
3232 2045
3233 1950
3234 1949
3235 1963
3236 1909
3237 2047
3238 1953
3239 2044
3240 1966
3241 1967
3242 2047
3243 1807
3244 2047
3245 2033
3246 1904
3247 1959
3248 2050
3249 1993
3250 2043
3251 2048
3252 1910
3253 2090
3254 1863
3255 1965
3256 2055
3257 1906
3258 1841
3259 1968
3260 1986
3261 2056
3262 1749
3263 2048
3264 2081
3265 1989
3266 1981
3267 1972
3268 2060
3269 1983
3270 1991
3271 2102
3272 1941
3273 1933
3274 2088
3275 2001
3276 1927
3277 2068
3278 2419
3279 1988
3280 1998
3281 2092
3282 2091
3283 2076
3284 1980
3285 2000
3286 2068
3287 2094
3288 1949
3289 2079
3290 1993
3291 1932
3292 2069
3293 2078
3294 1981
3295 1989
3296 1947
3297 2087
3298 2079
3299 1942
3300 1861
3301 1933
3302 2118
3303 2085
3304 1991
3305 2089
3306 2091
3307 2019
3308 2091
3309 2015
3310 2121
3311 2031
3312 2717
3313 1940
3314 2008
3315 2092
3316 2399
3317 1952
3318 2011
3319 2014
3320 1873
3321 1876
3322 2120
3323 2015
3324 2000
3325 2103
3326 2407
3327 2006
3328 2123
3329 2126
3330 2102
3331 2007
3332 2106
3333 2125
3334 2105
3335 2152
3336 2755
3337 2024
3338 2104
3339 2012
3340 2034
3341 2129
3342 2113
3343 2107
3344 2017
3345 2149
3346 2104
3347 2016
3348 2020
3349 2119
3350 1887
3351 2020
3352 2131
3353 2133
3354 2023
3355 2141
3356 2137
3357 1832
3358 2027
3359 2158
3360 1987
3361 2125
3362 2125
3363 2030
3364 2160
3365 2042
3366 2124
3367 2180
3368 1947
3369 2051
3370 2124
3371 2046
3372 1985
3373 2127
3374 1989
3375 2051
3376 2771
3377 2131
3378 2038
3379 1844
3380 2133
3381 2137
3382 1905
3383 1823
3384 2140
3385 2051
3386 2140
3387 2141
3388 2052
3389 2161
3390 2045
3391 2057
3392 2163
3393 1888
3394 1992
3395 2073
3396 2143
3397 1986
3398 2169
3399 1858
3400 1947
3401 2002
3402 2012
3403 2151
3404 2205
3405 2062
3406 2150
3407 2052
3408 2173
3409 1996
3410 1951
3411 2026
3412 2003
3413 2071
3414 2158
3415 2218
3416 2151
3417 2061
3418 2155
3419 1926
3420 1963
3421 2064
3422 2157
3423 2062
3424 2487
3425 2079
3426 2162
3427 2168
3428 2007
3429 1861
3430 1968
3431 2165
3432 2014
3433 1966
3434 2171
3435 2168
3436 2085
3437 2071
3438 2194
3439 2106
3440 2088
3441 2196
3442 2178
3443 1970
3444 2015
3445 1941
3446 2167
3447 2024
3448 2171
3449 2092
3450 2108
3451 1980
3452 2183
3453 2080
3454 2037
3455 2174
3456 2029
3457 1990
3458 2203
3459 2184
3460 2181
3461 2182
3462 2045
3463 2210
3464 2101
3465 1940
3466 2557
3467 2089
3468 2035
3469 2037
3470 2194
3471 1888
3472 2096
3473 2107
3474 2111
3475 2184
3476 2219
3477 2099
3478 2185
3479 2189
3480 1963
3481 2038
3482 2561
3483 1939
3484 2111
3485 2224
3486 2204
3487 2052
3488 2226
3489 2223
3490 2242
3491 2191
3492 2050
3493 2008
3494 2224
3495 2105
3496 2246
3497 2122
3498 2212
3499 2231
3500 2283
3501 1949
3502 2211
3503 2115
3504 2114
3505 2022
3506 2127
3507 1930
3508 2218
3509 2273
3510 2129
3511 2138
3512 2214
3513 2016
3514 2223
3515 2122
3516 2216
3517 2131
3518 2059
3519 2216
3520 2269
3521 2021
3522 2120
3523 2123
3524 2228
3525 2139
3526 2076
3527 2218
3528 2230
3529 2232
3530 2139
3531 2083
3532 2233
3533 2143
3534 2153
3535 2232
3536 1995
3537 2255
3538 2237
3539 2237
3540 2239
3541 2147
3542 2262
3543 2149
3544 2075
3545 2228
3546 2263
3547 2305
3548 2139
3549 2143
3550 2236
3551 2079
3552 2239
3553 2144
3554 2284
3555 2087
3556 2097
3557 2245
3558 2146
3559 2241
3560 2011
3561 2251
3562 2266
3563 2084
3564 2149
3565 2148
3566 2164
3567 1954
3568 2154
3569 2257
3570 2179
3571 2110
3572 2305
3573 2154
3574 2256
3575 2154
3576 2283
3577 2262
3578 2157
3579 2159
3580 2263
3581 2286
3582 1891
3583 2283
3584 2095
3585 2266
3586 2163
3587 2303
3588 2268
3589 2267
3590 2269
3591 2159
3592 2103
3593 2187
3594 2259
3595 2321
3596 2169
3597 2268
3598 2274
3599 2203
3600 2189
3601 2266
3602 2265
3603 2068
3604 2115
3605 2186
3606 2174
3607 2300
3608 2274
3609 2120
3610 2199
3611 2114
3612 2281
3613 2304
3614 2286
3615 2283
3616 2079
3617 2278
3618 2125
3619 2281
3620 2197
3621 2186
3622 2290
3623 2287
3624 2182
3625 2281
3626 2284
3627 2286
3628 2190
3629 2207
3630 2292
3631 2126
3632 2313
3633 2193
3634 2319
3635 2333
3636 2192
3637 2315
3638 2301
3639 2320
3640 2334
3641 2084
3642 2197
3643 2296
3644 2305
3645 2261
3646 2305
3647 2202
3648 2643
3649 2199
3650 2339
3651 2234
3652 2302
3653 2138
3654 2307
3655 2311
3656 2109
3657 2225
3658 2204
3659 2351
3660 2221
3661 2112
3662 2353
3663 2203
3664 2339
3665 2223
3666 2311
3667 2312
3668 2241
3669 2317
3670 2256
3671 2211
3672 2341
3673 2357
3674 2218
3675 2323
3676 2216
3677 2321
3678 2075
3679 2219
3680 2341
3681 2222
3682 2319
3683 2367
3684 2347
3685 2331
3686 2345
3687 2332
3688 2683
3689 2032
3690 2329
3691 2127
3692 2323
3693 2230
3694 2373
3695 2257
3696 2333
3697 2333
3698 2233
3699 2233
3700 2336
3701 2230
3702 2179
3703 2236
3704 2248
3705 2326
3706 2339
3707 2341
3708 3067
3709 2341
3710 2133
3711 2098
3712 2367
3713 2347
3714 2251
3715 2350
3716 2345
3717 2367
3718 2177
3719 2400
3720 2266
3721 2340
3722 2344
3723 2347
3724 2355
3725 2386
3726 2099
3727 2246
3728 2251
3729 2136
3730 2349
3731 2246
3732 2355
3733 2356
3734 2251
3735 2249
3736 2358
3737 2188
3738 2080
3739 2187
3740 2401
3741 2254
3742 2366
3743 2363
3744 2257
3745 2287
3746 2257
3747 2255
3748 2360
3749 2409
3750 2409
3751 2148
3752 2203
3753 2117
3754 2396
3755 2273
3756 2397
3757 2289
3758 2269
3759 2038
3760 2157
3761 2374
3762 2372
3763 2203
3764 2376
3765 2202
3766 2769
3767 2382
3768 2731
3769 2460
3770 2127
3771 2300
3772 2165
3773 2378
3774 2387
3775 2296
3776 2435
3777 2408
3778 2411
3779 2183
3780 2308
3781 2381
3782 2304
3783 2303
3784 2385
3785 2432
3786 2108
3787 2215
3788 2381
3789 2230
3790 2389
3791 2417
3792 2397
3793 2136
3794 2389
3795 2174
3796 2285
3797 2222
3798 2290
3799 2294
3800 2402
3801 2293
3802 2394
3803 2294
3804 2406
3805 2318
3806 2797
3807 2119
3808 2425
3809 2401
3810 2308
3811 2310
3812 2397
3813 2249
3814 2434
3815 2104
3816 2234
3817 2196
3818 2358
3819 2410
3820 2431
3821 2411
3822 2257
3823 2328
3824 2239
3825 2044
3826 2442
3827 2459
3828 2416
3829 2157
3830 2440
3831 2242
3832 2422
3833 2417
3834 2264
3835 2321
3836 2113
3837 2445
3838 2419
3839 2316
3840 2467
3841 2200
3842 2429
3843 2432
3844 2423
3845 2321
3846 2427
3847 2330
3848 2637
3849 2434
3850 2423
3851 2454
3852 2436
3853 2358
3854 2793
3855 2428
3856 2801
3857 2472
3858 2329
3859 2330
3860 2440
3861 2329
3862 2432
3863 2339
3864 2795
3865 2328
3866 2484
3867 2444
3868 2445
3869 2355
3870 2272
3871 2348
3872 2271
3873 2444
3874 2803
3875 2347
3876 2803
3877 2475
3878 2451
3879 2275
3880 2819
3881 2270
3882 2447
3883 2294
3884 2815
3885 2354
3886 2480
3887 2358
3888 2281
3889 2346
3890 2167
3891 2460
3892 2461
3893 2463
3894 2291
3895 2368
3896 2281
3897 2294
3898 2235
3899 2467
3900 2372
3901 2288
3902 2365
3903 2132
3904 2486
3905 2352
3906 2469
3907 2489
3908 2359
3909 2378
3910 2463
3911 2248
3912 2297
3913 2474
3914 2373
3915 2303
3916 2309
3917 2478
3918 2291
3919 2208
3920 2474
3921 2296
3922 2475
3923 2364
3924 2321
3925 2381
3926 2903
3927 2484
3928 2483
3929 2372
3930 2224
3931 2382
3932 2505
3933 2486
3934 2301
3935 2479
3936 2757
3937 2366
3938 2217
3939 2240
3940 2387
3941 2491
3942 2408
3943 2307
3944 2493
3945 2380
3946 2516
3947 2534
3948 2565
3949 2325
3950 2491
3951 2519
3952 2175
3953 2492
3954 2231
3955 2396
3956 2388
3957 2501
3958 2538
3959 2416
3960 2251
3961 2234
3962 2495
3963 2405
3964 2393
3965 2188
3966 2321
3967 2234
3968 2505
3969 2348
3970 2409
3971 2571
3972 2245
3973 2433
3974 2929
3975 2398
3976 2325
3977 2538
3978 2422
3979 2400
3980 2512
3981 2350
3982 2517
3983 2414
3984 2519
3985 2340
3986 2933
3987 2338
3988 2517
3989 2336
3990 2248
3991 2350
3992 2523
3993 2576
3994 2420
3995 2521
3996 2347
3997 2442
3998 2529
3999 2415
4000 2579
4001 2527
4002 2408
4003 2429
4004 2439
4005 2429
4006 2554
4007 2358
4008 2416
4009 2354
4010 2419
4011 2560
4012 2435
4013 2533
4014 2562
4015 2437
4016 2421
4017 2542
4018 2530
4019 2454
4020 2243
4021 2436
4022 2428
4023 2419
4024 2923
4025 2322
4026 2587
4027 2444
4028 2427
4029 2589
4030 2588
4031 2367
4032 2323
4033 2373
4034 2550
4035 2576
4036 2310
4037 2435
4038 2577
4039 2439
4040 2571
4041 2282
4042 2551
4043 2576
4044 2835
4045 2232
4046 2454
4047 2558
4048 2955
4049 2455
4050 2471
4051 2546
4052 2443
4053 2562
4054 2459
4055 2448
4056 2560
4057 2581
4058 2472
4059 2443
4060 2451
4061 2340
4062 2203
4063 2587
4064 2383
4065 2562
4066 2591
4067 2596
4068 2572
4069 2597
4070 2457
4071 2453
4072 2599
4073 2567
4074 2455
4075 2618
4076 2577
4077 2456
4078 2460
4079 2484
4080 2651
4081 2298
4082 2389
4083 2571
4084 2578
4085 2569
4086 2576
4087 2467
4088 2955
4089 2608
4090 2316
4091 2576
4092 2399
4093 2394
4094 2485
4095 2354
4096 2403
4097 2490
4098 2591
4099 2591
4100 2223
4101 2588
4102 2400
4103 2590
4104 2474
4105 2588
4106 2598
4107 2621
4108 2493
4109 2593
4110 2594
4111 2618
4112 2622
4113 2413
4114 2583
4115 2494
4116 2423
4117 2508
4118 2603
4119 2594
4120 2597
4121 2325
4122 3003
4123 2606
4124 2490
4125 2503
4126 2601
4127 2512
4128 3007
4129 2365
4130 2630
4131 2537
4132 2517
4133 2436
4134 2933
4135 2611
4136 2610
4137 2615
4138 2601
4139 2637
4140 2497
4141 2691
4142 2657
4143 2513
4144 2621
4145 2372
4146 2335
4147 2428
4148 2648
4149 2518
4150 2514
4151 2516
4152 2500
4153 2625
4154 2383
4155 2528
4156 2522
4157 2506
4158 2650
4159 2648
4160 2681
4161 2648
4162 2632
4163 2624
4164 2655
4165 2511
4166 2436
4167 2529
4168 2514
4169 2469
4170 2679
4171 2398
4172 2634
4173 2517
4174 2640
4175 2623
4176 2450
4177 2640
4178 2634
4179 2210
4180 2665
4181 2547
4182 2471
4183 2448
4184 2637
4185 2641
4186 2525
4187 2685
4188 2647
4189 2648
4190 2639
4191 2400
4192 2665
4193 2651
4194 2653
4195 2586
4196 2545
4197 2679
4198 2649
4199 2576
4200 2566
4201 2456
4202 2652
4203 2578
4204 2650
4205 2658
4206 2528
4207 2686
4208 2686
4209 2656
4210 2704
4211 2554
4212 2389
4213 2542
4214 2643
4215 2348
4216 2556
4217 2656
4218 2663
4219 2655
4220 2568
4221 2500
4222 2692
4223 2550
4224 2473
4225 2666
4226 2671
4227 2395
4228 2696
4229 2673
4230 2576
4231 2552
4232 2485
4233 2500
4234 3113
4235 2579
4236 2555
4237 2577
4238 2672
4239 2600
4240 2680
4241 2558
4242 2683
4243 2684
4244 3129
4245 2446
4246 2678
4247 2686
4248 2685
4249 2726
4250 2684
4251 2395
4252 2709
4253 2595
4254 2733
4255 2708
4256 2509
4257 2488
4258 2571
4259 2692
4260 2749
4261 2565
4262 2696
4263 2713
4264 3135
4265 2406
4266 2495
4267 2700
4268 2751
4269 2720
4270 2699
4271 2695
4272 2498
4273 2721
4274 2448
4275 2577
4276 2695
4277 2594
4278 2704
4279 2455
4280 2693
4281 2702
4282 2594
4283 2752
4284 2473
4285 2585
4286 2577
4287 2702
4288 2706
4289 2779
4290 2602
4291 2714
4292 2511
4293 2740
4294 2421
4295 2629
4296 2617
4297 2510
4298 2756
4299 2714
4300 2463
4301 2472
4302 2720
4303 2713
4304 2741
4305 2718
4306 2719
4307 2464
4308 2747
4309 2725
4310 2469
4311 2725
4312 2746
4313 2770
4314 2635
4315 2723
4316 2602
4317 2630
4318 3193
4319 2600
4320 2555
4321 2776
4322 2724
4323 2730
4324 2733
4325 2726
4326 2730
4327 2731
4328 2613
4329 2602
4330 2737
4331 2486
4332 2639
4333 2550
4334 2729
4335 2647
4336 2765
4337 2632
4338 2548
4339 2745
4340 2620
4341 2608
4342 2621
4343 2653
4344 2653
4345 2462
4346 2816
4347 2567
4348 2807
4349 2749
4350 2396
4351 2773
4352 2625
4353 2747
4354 2748
4355 2519
4356 2425
4357 2630
4358 2782
4359 2663
4360 2752
4361 2568
4362 2435
4363 2780
4364 2785
4365 2657
4366 2782
4367 2817
4368 2803
4369 2566
4370 2763
4371 2660
4372 2751
4373 2510
4374 2560
4375 2649
4376 2638
4377 2656
4378 2768
4379 2654
4380 2666
4381 2645
4382 2790
4383 2476
4384 2771
4385 2767
4386 2672
4387 2795
4388 2647
4389 2582
4390 2763
4391 2771
4392 3119
4393 2758
4394 2580
4395 2653
4396 2801
4397 2765
4398 2653
4399 2776
4400 2769
4401 2582
4402 2780
4403 2650
4404 2780
4405 2785
4406 2529
4407 2661
4408 2661
4409 2601
4410 2669
4411 2813
4412 2674
4413 2783
4414 2604
4415 2778
4416 2805
4417 2698
4418 2662
4419 2302
4420 2537
4421 2795
4422 2495
4423 2684
4424 2782
4425 2398
4426 2793
4427 2606
4428 2467
4429 2688
4430 2499
4431 2626
4432 2499
4433 2829
4434 2858
4435 2846
4436 2674
4437 2612
4438 3263
4439 2711
4440 2407
4441 2800
4442 2797
4443 2811
4444 2681
4445 2853
4446 2811
4447 2685
4448 2839
4449 2855
4450 2549
4451 2546
4452 2684
4453 2606
4454 2689
4455 2732
4456 2842
4457 2840
4458 2608
4459 2687
4460 3291
4461 2812
4462 2565
4463 2688
4464 2693
4465 2899
4466 2823
4467 2816
4468 3133
4469 2741
4470 2423
4471 2818
4472 2617
4473 2823
4474 2568
4475 2822
4476 2825
4477 2858
4478 2703
4479 2860
4480 2853
4481 2470
4482 2635
4483 2755
4484 2703
4485 2835
4486 2838
4487 2761
4488 2837
4489 2833
4490 2592
4491 2824
4492 3253
4493 2572
4494 2707
4495 2632
4496 2837
4497 2653
4498 2868
4499 2639
4500 2731
4501 2766
4502 2889
4503 2716
4504 2645
4505 2741
4506 2720
4507 2608
4508 2722
4509 2680
4510 2841
4511 2854
4512 2720
4513 2721
4514 2643
4515 2764
4516 2643
4517 2723
4518 2841
4519 2659
4520 2844
4521 2729
4522 2859
4523 2915
4524 2657
4525 2614
4526 2863
4527 2524
4528 2907
4529 2864
4530 2749
4531 2650
4532 3721
4533 2735
4534 2748
4535 2748
4536 2669
4537 2734
4538 3289
4539 2534
4540 2871
4541 2762
4542 2871
4543 2853
4544 2873
4545 2740
4546 2676
4547 2658
4548 2686
4549 2737
4550 3343
4551 2767
4552 2748
4553 2899
4554 2738
4555 2764
4556 2875
4557 2741
4558 2884
4559 2895
4560 2767
4561 2767
4562 2885
4563 2880
4564 2955
4565 2957
4566 2755
4567 2947
4568 2772
4569 2888
4570 2884
4571 2889
4572 2453
4573 2936
4574 2933
4575 2791
4576 2687
4577 2678
4578 2797
4579 2758
4580 2709
4581 2713
4582 2778
4583 2893
4584 2767
4585 2921
4586 3375
4587 2764
4588 2685
4589 2890
4590 2488
4591 2931
4592 2445
4593 2931
4594 2637
4595 2770
4596 2789
4597 2706
4598 2902
4599 2560
4600 2537
4601 2969
4602 2788
4603 2899
4604 2907
4605 2906
4606 2777
4607 2696
4608 2705
4609 2638
4610 2942
4611 2798
4612 2917
4613 2698
4614 2809
4615 2798
4616 2939
4617 2708
4618 2948
4619 2710
4620 2789
4621 2788
4622 2942
4623 2802
4624 2983
4625 2609
4626 2909
4627 2910
4628 2921
4629 2926
4630 2711
4631 2650
4632 2928
4633 2713
4634 2838
4635 2794
4636 2917
4637 2979
4638 2656
4639 2934
4640 2981
4641 2813
4642 2960
4643 2955
4644 2719
4645 2984
4646 2938
4647 2938
4648 2934
4649 2803
4650 2672
4651 2732
4652 2964
4653 2831
4654 2919
4655 2676
4656 2627
4657 2805
4658 2727
4659 2937
4660 2967
4661 2729
4662 2684
4663 2730
4664 2812
4665 2977
4666 2942
4667 2843
4668 2842
4669 2858
4670 2833
4671 2944
4672 2535
4673 2681
4674 3003
4675 2837
4676 2985
4677 2958
4678 2957
4679 2959
4680 2851
4681 2824
4682 2821
4683 2984
4684 2841
4685 2948
4686 2855
4687 2827
4688 2955
4689 2754
4690 2962
4691 2967
4692 2968
4693 2742
4694 2952
4695 2859
4696 2995
4697 2969
4698 2645
4699 2972
4700 2966
4701 2833
4702 3469
4703 2864
4704 2761
4705 2969
4706 2655
4707 2888
4708 2837
4709 2867
4710 2632
4711 2844
4712 2967
4713 2836
4714 2858
4715 2776
4716 2770
4717 2762
4718 2841
4719 2985
4720 3007
4721 2801
4722 2987
4723 2986
4724 2975
4725 2909
4726 2867
4727 2983
4728 2854
4729 3015
4730 2853
4731 2986
4732 2978
4733 2872
4734 2993
4735 2869
4736 2773
4737 2994
4738 2973
4739 2991
4740 2993
4741 2863
4742 3021
4743 2993
4744 3019
4745 2919
4746 2732
4747 2788
4748 3065
4749 2788
4750 3076
4751 3000
4752 2791
4753 2732
4754 3054
4755 3007
4756 3033
4757 2784
4758 2783
4759 3004
4760 2886
4761 2920
4762 3010
4763 2888
4764 2872
4765 2892
4766 3014
4767 2626
4768 2879
4769 3001
4770 3004
4771 3007
4772 3003
4773 2802
4774 2748
4775 3013
4776 3035
4777 3067
4778 2884
4779 2912
4780 2880
4781 2754
4782 3049
4783 3073
4784 3024
4785 3020
4786 3010
4787 3048
4788 3029
4789 3028
4790 2907
4791 2892
4792 3012
4793 2806
4794 3013
4795 3107
4796 3024
4797 2753
4798 3081
4799 3012
4800 2573
4801 2919
4802 3037
4803 2812
4804 3025
4805 3032
4806 2926
4807 2767
4808 3035
4809 2914
4810 3023
4811 2775
4812 2755
4813 2814
4814 3029
4815 2968
4816 3047
4817 2908
4818 2906
4819 3047
4820 3026
4821 2910
4822 3078
4823 2824
4824 3079
4825 3094
4826 3042
4827 2910
4828 2913
4829 3049
4830 2951
4831 2941
4832 2838
4833 2912
4834 3083
4835 2954
4836 3048
4837 3060
4838 3053
4839 3088
4840 3056
4841 2911
4842 2921
4843 3062
4844 3062
4845 3109
4846 3435
4847 3055
4848 3065
4849 3115
4850 2943
4851 2923
4852 3058
4853 3094
4854 2851
4855 3057
4856 2926
4857 2921
4858 3072
4859 2842
4860 2948
4861 3074
4862 3073
4863 2936
4864 2855
4865 2792
4866 3064
4867 2707
4868 3077
4869 2813
4870 3074
4871 3079
4872 3075
4873 2942
4874 2791
4875 2954
4876 3083
4877 3104
4878 2960
4879 2957
4880 3537
4881 3077
4882 3089
4883 2816
4884 2765
4885 2988
4886 3091
4887 2977
4888 3595
4889 3083
4890 3082
4891 3121
4892 2695
4893 3089
4894 2970
4895 2991
4896 2774
4897 3096
4898 3123
4899 2951
4900 2958
4901 2956
4902 2959
4903 3099
4904 3121
4905 2996
4906 3152
4907 3097
4908 2893
4909 3094
4910 2977
4911 3132
4912 2961
4913 2959
4914 2735
4915 3099
4916 3617
4917 2968
4918 3104
4919 3095
4920 3101
4921 3112
4922 3106
4923 2890
4924 2825
4925 3108
4926 3115
4927 3103
4928 2971
4929 3102
4930 3637
4931 2993
4932 2825
4933 2896
4934 3108
4935 3116
4936 3122
4937 2980
4938 2992
4939 2979
4940 2839
4941 2902
4942 2984
4943 2894
4944 3120
4945 2985
4946 2979
4947 3010
4948 2975
4949 3125
4950 2789
4951 3160
4952 3153
4953 2909
4954 2984
4955 2838
4956 3005
4957 3161
4958 3161
4959 2908
4960 3158
4961 3131
4962 2992
4963 3168
4964 2997
4965 3187
4966 3189
4967 3166
4968 2821
4969 3141
4970 2853
4971 2932
4972 3017
4973 3139
4974 2939
4975 3212
4976 3173
4977 2728
4978 3174
4979 2998
4980 3148
4981 3152
4982 3150
4983 3151
4984 2745
4985 2928
4986 3010
4987 3183
4988 2857
4989 2818
4990 3134
4991 2938
4992 3611
4993 2860
4994 3184
4995 2834
4996 3012
4997 2932
4998 3159
4999 2878
5000 3034
5001 3017
5002 3011
5003 2950
5004 2939
5005 2866
5006 3034
5007 3156
5008 3023
5009 3038
5010 3158
5011 3168
5012 2955
5013 3164
5014 3155
5015 2870
5016 3198
5017 3041
5018 3072
5019 3044
5020 3173
5021 3029
5022 3043
5023 3030
5024 3695
5025 3244
5026 3200
5027 3196
5028 3179
5029 3029
5030 2881
5031 3181
5032 3209
5033 3177
5034 3207
5035 2884
5036 3174
5037 3184
5038 2964
5039 3176
5040 3181
5041 2809
5042 2979
5043 3189
5044 3183
5045 2954
5046 3047
5047 3041
5048 3186
5049 2956
5050 2849
5051 3225
5052 2789
5053 3077
5054 3214
5055 2846
5056 3673
5057 2961
5058 3047
5059 3278
5060 3189
5061 3223
5062 3185
5063 2906
5064 2995
5065 3073
5066 2965
5067 2974
5068 3485
5069 3206
5070 3200
5071 3233
5072 3208
5073 3077
5074 3198
5075 3078
5076 2755
5077 3201
5078 3234
5079 3067
5080 2861
5081 3264
5082 3209
5083 3109
5084 3085
5085 3098
5086 3084
5087 3071
5088 2887
5089 3212
5090 3753
5091 2988
5092 2873
5093 3087
5094 3103
5095 3209
5096 3221
5097 2984
5098 3275
5099 3106
5100 3212
5101 3219
5102 3225
5103 2882
5104 3096
5105 3095
5106 3211
5107 2943
5108 2991
5109 3080
5110 3098
5111 3210
5112 3082
5113 3283
5114 3000
5115 3287
5116 3260
5117 3222
5118 3088
5119 3012
5120 3231
5121 3013
5122 2885
5123 3238
5124 3082
5125 3232
5126 3094
5127 3002
5128 3236
5129 3244
5130 3223
5131 3098
5132 3094
5133 3089
5134 3245
5135 3277
5136 3007
5137 3249
5138 3249
5139 3119
5140 3138
5141 2950
5142 3251
5143 3282
5144 3235
5145 2952
5146 3107
5147 3323
5148 3254
5149 3134
5150 3309
5151 3136
5152 3279
5153 3112
5154 3025
5155 2959
5156 3129
5157 2873
5158 3122
5159 3110
5160 3256
5161 3128
5162 3809
5163 3267
5164 3134
5165 3293
5166 3041
5167 3266
5168 3803
5169 3259
5170 3268
5171 3317
5172 3043
5173 3270
5174 3265
5175 2762
5176 3319
5177 3163
5178 3299
5179 3060
5180 3139
5181 3299
5182 3277
5183 2974
5184 3299
5185 3310
5186 3279
5187 3307
5188 3280
5189 3038
5190 3276
5191 3272
5192 3763
5193 3127
5194 3266
5195 3338
5196 3272
5197 3137
5198 3282
5199 2975
5200 2933
5201 3156
5202 3140
5203 3068
5204 3787
5205 3157
5206 3159
5207 3291
5208 3292
5209 3073
5210 3049
5211 3181
5212 3146
5213 3181
5214 3281
5215 3349
5216 3326
5217 3185
5218 2985
5219 2955
5220 2939
5221 3301
5222 3147
5223 2996
5224 3322
5225 3283
5226 3303
5227 2994
5228 3300
5229 3229
5230 3291
5231 3307
5232 3155
5233 3092
5234 3359
5235 3363
5236 3312
5237 2860
5238 3185
5239 3163
5240 3379
5241 3202
5242 3313
5243 3316
5244 3166
5245 3423
5246 3313
5247 3318
5248 2891
5249 3116
5250 3212
5251 3003
5252 3075
5253 3167
5254 3875
5255 2964
5256 3094
5257 3211
5258 3869
5259 2963
5260 3325
5261 3327
5262 3097
5263 3314
5264 3378
5265 3109
5266 2967
5267 3169
5268 3094
5269 3196
5270 3889
5271 3124
5272 3327
5273 3104
5274 3324
5275 3401
5276 3364
5277 3338
5278 3117
5279 3341
5280 3329
5281 3180
5282 3240
5283 3026
5284 3395
5285 3459
5286 3342
5287 3058
5288 3833
5289 3344
5290 3228
5291 3324
5292 3113
5293 3233
5294 3831
5295 3343
5296 3101
5297 3098
5298 3109
5299 2922
5300 3216
5301 3341
5302 3215
5303 3382
5304 3103
5305 3102
5306 3357
5307 2906
5308 3197
5309 3203
5310 2989
5311 3437
5312 3204
5313 3259
5314 3215
5315 3112
5316 3360
5317 3210
5318 3358
5319 3209
5320 3353
5321 3225
5322 3242
5323 3213
5324 3139
5325 3244
5326 3361
5327 3400
5328 4631
5329 3218
5330 3121
5331 3211
5332 3370
5333 3405
5334 3140
5335 3254
5336 3467
5337 3140
5338 3369
5339 3058
5340 3007
5341 3376
5342 3368
5343 2983
5344 3378
5345 3380
5346 3227
5347 3058
5348 3935
5349 3246
5350 3372
5351 3409
5352 3383
5353 3386
5354 3226
5355 3373
5356 3233
5357 3419
5358 3262
5359 3224
5360 3389
5361 3384
5362 3254
5363 3390
5364 3230
5365 3141
5366 3883
5367 3394
5368 3258
5369 3421
5370 3239
5371 2936
5372 3429
5373 3313
5374 3424
5375 3262
5376 3887
5377 3389
5378 3244
5379 3395
5380 3383
5381 3241
5382 3402
5383 3387
5384 3250
5385 3248
5386 3407
5387 3462
5388 3268
5389 3406
5390 3963
5391 3004
5392 3431
5393 3158
5394 3401
5395 3319
5396 3258
5397 3411
5398 3407
5399 3260
5400 3041
5401 3414
5402 3163
5403 3160
5404 3416
5405 3401
5406 3437
5407 3403
5408 3051
5409 3172
5410 3099
5411 3284
5412 3284
5413 3268
5414 3476
5415 3413
5416 3491
5417 3424
5418 3059
5419 3272
5420 3416
5421 3184
5422 3427
5423 3428
5424 3272
5425 3421
5426 3108
5427 3184
5428 3485
5429 3459
5430 3196
5431 3204
5432 3947
5433 3277
5434 3435
5435 3311
5436 3439
5437 3421
5438 3438
5439 3272
5440 3423
5441 3297
5442 3440
5443 3284
5444 3428
5445 3438
5446 3288
5447 3318
5448 3199
5449 3287
5450 3301
5451 3287
5452 3438
5453 3441
5454 2963
5455 3427
5456 3195
5457 3295
5458 3483
5459 3291
5460 3343
5461 3454
5462 3440
5463 3296
5464 3078
5465 3442
5466 3337
5467 3438
5468 3318
5469 3300
5470 3485
5471 3443
5472 3293
5473 3141
5474 3455
5475 3511
5476 3462
5477 3494
5478 3307
5479 3154
5480 2971
5481 3310
5482 3468
5483 3311
5484 3463
5485 3327
5486 3501
5487 3142
5488 3209
5489 3524
5490 3232
5491 3473
5492 3529
5493 3503
5494 3312
5495 3473
5496 3227
5497 3314
5498 3462
5499 3320
5500 3351
5501 3162
5502 3337
5503 3386
5504 4043
5505 3362
5506 3153
5507 3481
5508 3235
5509 3517
5510 3463
5511 3327
5512 3537
5513 3520
5514 3487
5515 3459
5516 3247
5517 3328
5518 3488
5519 3519
5520 3547
5521 3333
5522 3493
5523 3175
5524 3479
5525 3346
5526 3332
5527 3332
5528 3237
5529 3280
5530 3546
5531 3333
5532 3367
5533 3352
5534 3500
5535 2954
5536 3597
5537 3238
5538 3398
5539 3501
5540 3486
5541 3121
5542 3508
5543 3244
5544 3343
5545 3181
5546 3255
5547 3346
5548 4077
5549 3507
5550 3097
5551 3494
5552 3349
5553 3353
5554 4017
5555 3513
5556 3506
5557 3352
5558 3349
5559 3271
5560 3374
5561 3373
5562 3133
5563 3516
5564 3518
5565 3571
5566 3354
5567 3352
5568 4035
5569 3357
5570 3521
5571 3517
5572 3359
5573 3554
5574 3362
5575 3518
5576 3271
5577 3140
5578 3526
5579 3276
5580 3386
5581 3518
5582 3523
5583 3107
5584 3389
5585 3521
5586 3412
5587 3531
5588 3391
5589 3608
5590 3512
5591 3535
5592 3368
5593 3056
5594 3564
5595 3403
5596 3572
5597 3370
5598 3410
5599 3540
5600 3219
5601 3542
5602 3374
5603 3206
5604 3161
5605 3208
5606 3384
5607 3218
5608 3383
5609 3577
5610 3131
5611 3605
5612 3385
5613 3549
5614 3600
5615 3227
5616 3379
5617 3416
5618 3607
5619 3554
5620 3619
5621 3387
5622 3394
5623 3585
5624 3408
5625 3536
5626 3557
5627 3559
5628 3436
5629 3611
5630 3417
5631 3554
5632 3579
5633 3418
5634 3556
5635 3238
5636 3565
5637 3563
5638 3590
5639 3298
5640 3182
5641 3320
5642 3556
5643 3320
5644 3303
5645 3559
5646 3564
5647 3406
5648 4909
5649 3440
5650 3429
5651 3243
5652 3314
5653 3604
5654 3307
5655 3571
5656 3575
5657 3308
5658 3416
5659 3580
5660 3477
5661 3322
5662 3608
5663 3581
5664 3580
5665 3436
5666 3565
5667 3318
5668 3423
5669 3330
5670 3478
5671 3479
5672 3321
5673 3352
5674 3419
5675 3457
5676 3323
5677 3348
5678 3590
5679 3454
5680 3459
5681 3591
5682 3443
5683 3593
5684 3445
5685 3462
5686 3595
5687 3448
5688 3167
5689 3599
5690 3259
5691 3477
5692 3633
5693 3344
5694 3437
5695 3591
5696 3729
5697 3452
5698 3601
5699 3334
5700 3436
5701 3635
5702 3483
5703 3368
5704 3444
5705 3439
5706 3609
5707 3268
5708 3681
5709 3434
5710 3603
5711 3605
5712 3361
5713 3668
5714 4205
5715 3462
5716 3672
5717 3667
5718 3481
5719 3669
5720 3599
5721 3472
5722 3276
5723 3607
5724 3653
5725 3654
5726 3596
5727 3499
5728 3476
5729 3226
5730 3355
5731 3700
5732 3623
5733 3475
5734 3653
5735 3501
5736 4151
5737 3608
5738 3456
5739 3663
5740 3624
5741 3629
5742 3624
5743 3624
5744 3465
5745 3362
5746 3722
5747 3658
5748 3470
5749 3620
5750 3291
5751 3239
5752 3638
5753 3368
5754 3085
5755 3501
5756 3379
5757 3242
5758 3486
5759 3474
5760 3001
5761 3631
5762 3636
5763 3497
5764 3625
5765 3554
5766 3499
5767 3406
5768 3679
5769 3481
5770 3483
5771 3705
5772 3473
5773 3644
5774 3498
5775 3312
5776 3637
5777 3316
5778 3412
5779 3680
5780 3339
5781 3655
5782 3638
5783 3715
5784 3395
5785 3502
5786 4113
5787 3658
5788 3485
5789 3659
5790 3526
5791 3690
5792 3685
5793 3648
5794 3485
5795 3657
5796 3494
5797 3661
5798 3667
5799 3494
5800 3726
5801 3667
5802 3500
5803 3497
5804 3771
5805 3500
5806 3395
5807 3547
5808 4207
5809 3504
5810 3667
5811 3518
5812 3525
5813 3341
5814 3415
5815 3508
5816 4209
5817 3512
5818 3667
5819 3673
5820 3739
5821 3284
5822 3529
5823 3682
5824 4237
5825 3682
5826 3509
5827 3688
5828 3342
5829 3720
5830 3515
5831 3715
5832 3553
5833 3723
5834 4227
5835 3286
5836 3518
5837 3722
5838 3515
5839 3350
5840 3301
5841 3512
5842 3345
5843 3695
5844 4229
5845 3681
5846 3355
5847 3755
5848 4099
5849 3681
5850 3436
5851 3426
5852 4233
5853 3695
5854 3696
5855 3737
5856 3729
5857 3739
5858 3732
5859 3448
5860 3441
5861 3707
5862 3557
5863 3706
5864 4171
5865 3761
5866 4313
5867 3555
5868 4253
5869 3453
5870 3712
5871 3706
5872 3543
5873 3539
5874 3574
5875 3565
5876 3714
5877 3715
5878 3712
5879 3749
5880 3711
5881 3740
5882 3546
5883 3570
5884 3153
5885 3584
5886 3457
5887 3609
5888 4261
5889 3373
5890 3699
5891 3448
5892 3727
5893 3786
5894 3694
5895 3622
5896 3557
5897 3561
5898 3711
5899 3710
5900 3719
5901 3767
5902 3728
5903 3733
5904 3338
5905 3723
5906 3727
5907 3721
5908 3582
5909 3714
5910 3599
5911 3585
5912 3597
5913 3612
5914 3775
5915 3412
5916 3499
5917 3337
5918 3591
5919 3731
5920 3743
5921 3737
5922 3485
5923 3727
5924 4205
5925 3628
5926 3578
5927 3406
5928 3748
5929 3408
5930 3738
5931 3827
5932 4375
5933 3612
5934 3751
5935 3602
5936 3789
5937 3807
5938 3747
5939 3811
5940 3749
5941 3477
5942 3420
5943 3478
5944 3740
5945 3742
5946 3481
5947 3490
5948 3793
5949 3583
5950 3798
5951 3799
5952 3482
5953 3417
5954 3594
5955 3758
5956 3767
5957 3497
5958 3749
5959 3499
5960 3805
5961 3871
5962 4379
5963 3795
5964 3764
5965 3748
5966 3801
5967 3368
5968 4391
5969 3773
5970 3768
5971 3656
5972 3603
5973 3598
5974 3809
5975 3763
5976 3377
5977 3782
5978 3835
5979 3661
5980 3763
5981 3450
5982 3784
5983 3631
5984 3612
5985 3428
5986 4397
5987 3815
5988 3786
5989 3780
5990 3848
5991 3614
5992 3543
5993 3818
5994 3614
5995 3638
5996 3505
5997 3620
5998 3785
5999 3795
6000 3851
6001 3623
6002 3642
6003 3612
6004 3624
6005 3346
6006 3440
6007 3639
6008 3622
6009 3623
6010 3447
6011 3622
6012 3802
6013 3778
6014 3784
6015 3664
6016 4267
6017 3645
6018 3838
6019 3635
6020 3859
6021 3290
6022 3636
6023 3655
6024 3803
6025 3653
6026 3523
6027 3527
6028 3847
6029 3812
6030 3787
6031 3802
6032 4365
6033 3541
6034 3461
6035 3922
6036 3817
6037 3816
6038 3798
6039 3398
6040 3812
6041 3877
6042 3814
6043 3822
6044 3549
6045 3808
6046 3540
6047 3812
6048 3643
6049 3649
6050 3820
6051 3646
6052 3647
6053 3651
6054 3817
6055 3655
6056 3828
6057 3554
6058 3555
6059 3924
6060 3692
6061 3818
6062 3649
6063 3649
6064 3871
6065 3429
6066 3563
6067 3661
6068 3873
6069 3572
6070 3477
6071 3824
6072 3587
6073 3420
6074 3711
6075 3709
6076 4415
6077 3923
6078 3873
6079 3703
6080 3829
6081 3838
6082 3836
6083 3687
6084 3840
6085 3851
6086 3385
6087 3574
6088 3850
6089 3706
6090 3691
6091 3495
6092 3881
6093 3442
6094 3889
6095 3713
6096 4415
6097 3590
6098 3950
6099 3490
6100 3826
6101 3860
6102 3858
6103 3896
6104 3571
6105 3859
6106 4459
6107 3860
6108 3595
6109 3680
6110 3706
6111 3407
6112 3901
6113 3578
6114 3899
6115 3849
6116 3852
6117 3690
6118 3847
6119 3899
6120 3589
6121 3900
6122 3864
6123 3908
6124 3908
6125 3764
6126 3867
6127 3719
6128 3694
6129 3864
6130 3858
6131 3876
6132 5009
6133 3867
6134 3843
6135 3734
6136 3878
6137 3721
6138 3869
6139 3911
6140 3881
6141 3875
6142 3884
6143 3742
6144 3913
6145 3526
6146 3762
6147 3769
6148 3875
6149 3533
6150 3778
6151 3884
6152 3712
6153 3600
6154 3710
6155 3622
6156 3716
6157 3892
6158 4531
6159 3896
6160 4001
6161 3894
6162 3959
6163 3608
6164 3736
6165 3891
6166 3722
6167 3900
6168 3715
6169 3888
6170 3739
6171 3475
6172 3723
6173 3936
6174 3347
6175 3717
6176 3904
6177 3626
6178 3930
6179 3899
6180 3901
6181 3946
6182 3945
6183 3496
6184 3898
6185 3991
6186 3733
6187 3914
6188 3736
6189 3734
6190 3974
6191 3656
6192 3769
6193 3953
6194 3904
6195 3916
6196 3639
6197 3654
6198 3761
6199 3640
6200 3902
6201 3741
6202 3980
6203 3797
6204 3915
6205 3633
6206 3901
6207 3652
6208 3927
6209 3748
6210 3773
6211 3926
6212 3916
6213 3742
6214 3746
6215 4007
6216 3659
6217 3637
6218 3754
6219 3916
6220 3925
6221 3670
6222 3928
6223 3670
6224 3957
6225 3566
6226 3573
6227 3974
6228 3658
6229 3999
6230 3804
6231 4001
6232 3782
6233 3576
6234 3934
6235 3941
6236 3944
6237 3800
6238 4513
6239 3795
6240 3787
6241 4010
6242 3935
6243 3797
6244 4591
6245 3784
6246 3944
6247 3655
6248 3929
6249 3772
6250 3579
6251 3978
6252 3953
6253 3993
6254 4437
6255 3352
6256 3989
6257 3958
6258 3951
6259 3675
6260 3946
6261 3960
6262 3780
6263 3664
6264 3995
6265 3931
6266 3585
6267 3779
6268 3707
6269 3819
6270 3811
6271 4024
6272 3981
6273 3968
6274 3591
6275 3829
6276 3961
6277 4052
6278 3970
6279 3970
6280 3543
6281 3672
6282 3827
6283 4056
6284 3789
6285 3958
6286 3977
6287 4012
6288 3977
6289 3955
6290 4649
6291 3695
6292 3979
6293 3792
6294 3964
6295 4057
6296 3973
6297 3502
6298 3975
6299 3975
6300 3821
6301 3984
6302 3804
6303 3978
6304 3695
6305 3873
6306 3692
6307 3807
6308 4563
6309 3688
6310 3827
6311 3979
6312 4029
6313 3873
6314 4030
6315 3832
6316 3992
6317 3814
6318 3520
6319 3996
6320 3977
6321 3632
6322 3996
6323 3810
6324 3992
6325 4134
6326 3992
6327 3881
6328 4029
6329 4003
6330 3866
6331 3819
6332 3645
6333 3992
6334 4601
6335 3838
6336 3577
6337 3988
6338 3979
6339 3644
6340 4010
6341 3732
6342 3860
6343 4005
6344 3995
6345 3827
6346 3711
6347 3634
6348 3727
6349 3895
6350 4094
6351 3738
6352 4015
6353 3836
6354 3833
6355 3646
6356 4021
6357 3577
6358 4601
6359 3744
6360 3757
6361 3840
6362 4087
6363 3476
6364 3839
6365 4014
6366 4001
6367 3748
6368 4085
6369 3842
6370 4016
6371 3844
6372 3842
6373 4063
6374 3868
6375 3863
6376 3846
6377 4070
6378 3847
6379 4071
6380 4033
6381 4033
6382 4037
6383 3850
6384 3845
6385 3609
6386 3874
6387 4037
6388 4038
6389 3598
6390 4021
6391 3921
6392 3762
6393 3740
6394 3878
6395 4075
6396 3907
6397 3879
6398 3859
6399 3898
6400 3611
6401 3865
6402 3605
6403 4128
6404 3759
6405 3861
6406 4130
6407 4045
6408 4091
6409 4045
6410 4037
6411 3672
6412 4133
6413 3866
6414 3755
6415 3682
6416 4079
6417 4056
6418 4045
6419 3783
6420 4052
6421 3776
6422 4039
6423 3860
6424 3761
6425 4094
6426 3874
6427 4057
6428 3880
6429 4066
6430 4053
6431 4058
6432 3803
6433 4066
6434 4068
6435 3903
6436 4070
6437 4048
6438 3517
6439 3900
6440 3907
6441 4072
6442 4073
6443 3772
6444 3691
6445 4113
6446 4047
6447 4052
6448 4064
6449 3910
6450 4062
6451 4071
6452 4667
6453 4080
6454 3911
6455 3634
6456 3890
6457 3801
6458 3699
6459 3599
6460 3593
6461 4084
6462 3892
6463 3696
6464 4127
6465 4153
6466 3783
6467 3902
6468 4119
6469 3893
6470 4083
6471 3787
6472 4153
6473 4152
6474 4085
6475 4078
6476 3801
6477 3901
6478 4088
6479 3904
6480 3677
6481 3710
6482 3795
6483 3908
6484 4101
6485 4100
6486 3907
6487 4103
6488 4095
6489 3820
6490 3497
6491 3800
6492 3917
6493 3940
6494 3909
6495 3921
6496 4091
6497 3660
6498 5363
6499 4096
6500 3529
6501 3972
6502 3927
6503 4168
6504 3923
6505 3927
6506 4180
6507 4004
6508 3726
6509 3736
6510 4115
6511 3931
6512 3691
6513 4117
6514 3929
6515 4186
6516 5383
6517 4113
6518 3936
6519 3632
6520 3972
6521 4110
6522 4099
6523 3816
6524 3498
6525 3956
6526 4096
6527 3954
6528 3827
6529 3941
6530 3978
6531 4122
6532 4101
6533 4129
6534 3944
6535 4124
6536 4131
6537 4173
6538 3966
6539 4170
6540 3982
6541 3600
6542 3949
6543 3935
6544 4733
6545 4241
6546 3943
6547 3832
6548 4139
6549 3950
6550 4002
6551 4129
6552 3691
6553 3992
6554 4136
6555 3836
6556 4137
6557 4185
6558 3959
6559 3874
6560 4233
6561 3840
6562 4137
6563 4130
6564 4151
6565 3698
6566 4135
6567 4152
6568 4183
6569 3986
6570 3701
6571 3778
6572 4136
6573 3985
6574 3861
6575 3772
6576 3593
6577 3958
6578 4158
6579 3862
6580 3986
6581 3866
6582 4197
6583 3854
6584 4195
6585 3674
6586 4156
6587 3791
6588 3671
6589 3995
6590 3978
6591 3710
6592 3869
6593 4168
6594 4174
6595 3996
6596 3883
6597 4171
6598 3971
6599 3779
6600 4283
6601 4021
6602 3985
6603 4170
6604 4175
6605 4157
6606 4170
6607 4059
6608 3867
6609 4243
6610 4178
6611 4039
6612 4013
6613 4180
6614 4038
6615 4178
6616 4182
6617 4031
6618 4030
6619 4207
6620 4269
6621 3906
6622 4062
6623 3872
6624 3737
6625 3832
6626 4801
6627 3993
6628 4016
6629 4190
6630 4184
6631 4228
6632 4233
6633 4046
6634 4181
6635 4171
6636 3923
6637 3600
6638 4189
6639 3884
6640 4261
6641 4198
6642 3899
6643 4241
6644 4005
6645 4288
6646 4195
6647 4049
6648 3905
6649 4014
6650 4206
6651 3922
6652 4245
6653 4247
6654 4012
6655 4276
6656 4843
6657 3918
6658 3821
6659 4020
6660 4204
6661 4199
6662 4014
6663 4071
6664 4212
6665 4279
6666 4045
6667 4042
6668 4857
6669 3938
6670 4197
6671 4016
6672 3917
6673 4065
6674 4048
6675 4207
6676 4213
6677 4062
6678 4223
6679 4053
6680 4068
6681 3920
6682 4258
6683 4082
6684 4226
6685 4055
6686 4214
6687 3912
6688 4034
6689 3870
6690 4217
6691 4271
6692 3915
6693 4295
6694 5525
6695 3854
6696 3941
6697 3916
6698 4215
6699 4063
6700 4291
6701 4278
6702 4040
6703 4237
6704 4281
6705 4078
6706 4215
6707 4277
6708 4046
6709 4050
6710 4282
6711 3779
6712 4274
6713 3929
6714 3967
6715 4351
6716 4054
6717 4246
6718 3933
6719 4247
6720 3667
6721 4242
6722 4249
6723 4244
6724 4291
6725 3789
6726 4051
6727 4286
6728 4081
6729 4249
6730 4247
6731 4085
6732 3953
6733 3942
6734 4360
6735 3799
6736 3713
6737 4067
6738 3953
6739 3859
6740 4248
6741 4135
6742 4067
6743 4250
6744 3959
6745 3949
6746 4237
6747 4253
6748 4247
6749 4254
6750 4102
6751 4253
6752 3981
6753 3882
6754 4262
6755 3666
6756 4076
6757 4273
6758 3993
6759 4080
6760 4273
6761 4071
6762 4274
6763 3872
6764 4269
6765 4368
6766 3695
6767 3880
6768 4280
6769 4274
6770 4102
6771 4321
6772 3963
6773 4318
6774 4282
6775 3876
6776 4283
6777 4082
6778 4322
6779 4311
6780 4090
6781 4272
6782 4114
6783 4290
6784 3977
6785 4093
6786 3823
6787 4331
6788 4095
6789 4133
6790 4146
6791 4280
6792 4286
6793 4272
6794 3972
6795 4279
6796 4103
6797 4105
6798 3716
6799 4360
6800 4291
6801 3841
6802 5001
6803 3980
6804 4097
6805 4285
6806 4283
6807 4341
6808 4371
6809 4336
6810 4124
6811 4337
6812 4343
6813 3848
6814 3903
6815 3904
6816 4309
6817 4311
6818 4351
6819 3854
6820 4307
6821 4155
6822 4052
6823 4310
6824 5019
6825 4169
6826 4142
6827 4407
6828 4316
6829 4155
6830 4436
6831 4111
6832 4302
6833 4145
6834 4321
6835 4362
6836 4015
6837 3817
6838 3852
6839 4301
6840 4307
6841 4149
6842 4123
6843 4042
6844 4319
6845 3921
6846 4124
6847 4370
6848 4361
6849 4330
6850 4158
6851 4308
6852 4169
6853 4364
6854 4336
6855 4326
6856 4014
6857 4323
6858 3821
6859 4156
6860 4161
6861 3865
6862 4330
6863 4333
6864 4141
6865 4204
6866 4411
6867 4324
6868 4143
6869 3932
6870 4336
6871 4142
6872 4345
6873 4167
6874 4345
6875 4329
6876 4339
6877 4348
6878 4153
6879 4150
6880 4349
6881 4154
6882 4343
6883 4354
6884 4356
6885 3968
6886 4425
6887 4459
6888 4031
6889 4181
6890 4197
6891 4228
6892 4391
6893 4335
6894 4048
6895 4419
6896 4445
6897 4165
6898 4037
6899 4349
6900 3893
6901 3961
6902 3960
6903 4040
6904 4366
6905 4249
6906 4160
6907 4044
6908 4347
6909 4369
6910 4341
6911 3970
6912 4057
6913 4441
6914 4435
6915 4249
6916 4169
6917 4404
6918 4368
6919 4174
6920 4362
6921 4172
6922 4364
6923 4179
6924 5031
6925 4231
6926 4420
6927 4373
6928 5059
6929 4361
6930 4075
6931 4450
6932 5025
6933 4413
6934 4178
6935 4379
6936 3829
6937 3982
6938 4185
6939 4178
6940 4187
6941 4479
6942 4171
6943 4383
6944 4453
6945 4432
6946 4375
6947 4386
6948 4222
6949 3978
6950 4368
6951 4257
6952 4397
6953 4467
6954 4198
6955 4022
6956 4219
6957 4085
6958 4251
6959 4221
6960 3926
6961 4444
6962 4443
6963 4198
6964 4403
6965 3736
6966 4255
6967 4404
6968 4393
6969 4243
6970 4448
6971 4224
6972 4401
6973 3994
6974 4411
6975 4008
6976 3995
6977 4200
6978 4399
6979 4234
6980 4484
6981 3812
6982 4085
6983 4453
6984 4213
6985 4536
6986 4087
6987 4207
6988 4439
6989 4220
6990 4210
6991 4116
6992 4221
6993 4211
6994 4244
6995 4465
6996 4424
6997 4426
6998 4423
6999 4217
7000 4489
7001 4226
7002 4277
7003 4224
7004 5065
7005 4421
7006 4230
7007 4413
7008 4871
7009 4250
7010 3799
7011 3950
7012 5083
7013 4137
7014 4433
7015 4418
7016 4436
7017 4129
7018 4546
7019 4297
7020 4021
7021 4238
7022 4021
7023 4442
7024 5081
7025 4261
7026 4511
7027 4487
7028 4446
7029 4243
7030 4244
7031 4040
7032 4117
7033 4268
7034 4441
7035 4443
7036 4431
7037 4245
7038 3917
7039 4030
7040 5099
7041 4428
7042 4121
7043 4454
7044 5103
7045 3896
7046 4246
7047 4168
7048 4456
7049 4255
7050 4449
7051 4461
7052 4251
7053 4495
7054 4436
7055 4453
7056 4309
7057 4246
7058 4464
7059 4252
7060 4278
7061 4260
7062 4255
7063 4444
7064 4467
7065 4001
7066 4286
7067 4510
7068 4306
7069 4062
7070 4464
7071 4151
7072 4151
7073 4506
7074 4510
7075 4467
7076 4311
7077 3862
7078 4295
7079 4477
7080 4475
7081 4471
7082 4065
7083 3802
7084 4461
7085 4481
7086 4147
7087 4278
7088 4473
7089 4474
7090 4456
7091 4301
7092 4483
7093 4573
7094 4149
7095 4486
7096 4278
7097 4519
7098 4286
7099 4152
7100 4483
7101 4284
7102 4287
7103 4308
7104 4483
7105 4491
7106 4288
7107 4360
7108 3915
7109 4527
7110 4289
7111 4495
7112 4194
7113 4188
7114 4490
7115 4164
7116 4527
7117 4534
7118 4482
7119 3775
7120 4017
7121 4166
7122 4502
7123 4490
7124 4869
7125 4088
7126 4549
7127 4505
7128 4193
7129 4580
7130 4023
7131 4322
7132 4328
7133 4356
7134 3877
7135 4554
7136 4597
7137 4034
7138 4514
7139 4550
7140 4507
7141 4194
7142 4545
7143 4515
7144 4091
7145 4313
7146 4517
7147 4333
7148 4512
7149 4366
7150 4308
7151 4556
7152 4509
7153 4514
7154 4524
7155 4313
7156 4221
7157 4492
7158 4313
7159 4342
7160 4526
7161 4229
7162 4572
7163 4322
7164 4033
7165 4604
7166 4566
7167 4326
7168 5275
7169 4197
7170 4532
7171 4345
7172 4326
7173 4212
7174 4606
7175 4506
7176 4536
7177 4612
7178 4505
7179 3922
7180 4215
7181 4539
7182 4243
7183 4528
7184 4053
7185 4534
7186 4374
7187 4377
7188 4333
7189 4411
7190 4537
7191 4066
7192 4547
7193 4583
7194 4333
7195 4541
7196 4548
7197 3932
7198 5103
7199 4346
7200 4643
7201 4341
7202 4239
7203 4240
7204 4530
7205 4018
7206 4217
7207 4347
7208 4227
7209 3920
7210 4551
7211 4350
7212 4348
7213 4559
7214 4600
7215 4438
7216 4353
7217 4278
7218 4349
7219 4565
7220 4398
7221 4357
7222 4609
7223 4360
7224 4355
7225 4541
7226 4608
7227 4359
7228 4572
7229 4597
7230 4381
7231 4074
7232 4559
7233 4366
7234 4556
7235 4417
7236 4097
7237 4690
7238 4562
7239 4238
7240 4649
7241 4363
7242 4372
7243 4156
7244 4563
7245 3782
7246 4574
7247 4557
7248 4621
7249 4390
7250 4562
7251 4409
7252 4299
7253 4380
7254 4261
7255 4679
7256 4380
7257 4088
7258 4577
7259 4274
7260 4584
7261 4418
7262 4593
7263 4408
7264 4245
7265 4587
7266 4593
7267 4255
7268 4635
7269 4280
7270 4666
7271 4251
7272 4103
7273 4280
7274 4630
7275 4492
7276 4599
7277 4587
7278 4587
7279 4386
7280 4411
7281 4390
7282 4679
7283 4447
7284 4394
7285 4264
7286 4592
7287 4608
7288 4610
7289 4182
7290 4522
7291 4434
7292 4610
7293 4685
7294 4404
7295 4651
7296 4653
7297 4709
7298 4398
7299 4135
7300 4131
7301 4425
7302 4468
7303 4617
7304 4617
7305 4611
7306 4613
7307 4659
7308 4614
7309 4278
7310 4622
7311 4291
7312 4025
7313 4667
7314 4450
7315 4618
7316 4408
7317 4438
7318 4702
7319 4208
7320 6047
7321 4623
7322 4675
7323 4417
7324 4445
7325 4301
7326 4406
7327 4631
7328 4678
7329 4076
7330 4446
7331 4628
7332 4622
7333 4293
7334 4624
7335 4623
7336 4293
7337 4450
7338 4453
7339 4446
7340 4753
7341 4455
7342 4422
7343 4215
7344 4733
7345 4428
7346 4714
7347 4429
7348 4436
7349 4679
7350 4646
7351 4425
7352 4305
7353 4648
7354 4642
7355 4476
7356 4331
7357 4328
7358 4438
7359 4442
7360 4697
7361 4232
7362 4444
7363 4445
7364 4509
7365 4649
7366 4734
7367 4310
7368 4651
7369 4237
7370 4651
7371 4351
7372 4439
7373 4654
7374 4664
7375 4473
7376 5249
7377 4656
7378 5421
7379 4709
7380 4171
7381 4703
7382 4473
7383 4453
7384 4323
7385 4651
7386 4460
7387 4669
7388 4483
7389 4162
7390 4163
7391 4348
7392 4666
7393 4655
7394 4666
7395 4242
7396 4457
7397 4538
7398 4466
7399 4467
7400 4672
7401 4460
7402 4681
7403 4659
7404 4683
7405 4492
7406 4681
7407 4664
7408 4496
7409 4730
7410 4652
7411 4513
7412 4678
7413 4082
7414 4682
7415 4508
7416 4349
7417 4733
7418 4682
7419 4693
7420 4127
7421 4736
7422 4469
7423 4694
7424 4734
7425 4216
7426 4694
7427 4507
7428 4737
7429 4690
7430 4675
7431 4504
7432 4690
7433 4700
7434 4471
7435 4488
7436 5471
7437 4136
7438 5391
7439 4368
7440 4532
7441 4781
7442 4680
7443 4488
7444 4679
7445 4301
7446 4481
7447 4360
7448 4681
7449 4747
7450 4539
7451 4498
7452 4403
7453 4752
7454 4485
7455 4694
7456 4707
7457 4717
7458 4717
7459 4503
7460 4787
7461 4501
7462 4703
7463 4211
7464 4710
7465 4697
7466 4712
7467 4204
7468 4502
7469 4397
7470 4493
7471 4710
7472 4215
7473 4702
7474 5499
7475 4711
7476 4567
7477 4537
7478 4515
7479 3920
7480 4802
7481 4557
7482 4507
7483 4723
7484 4732
7485 4571
7486 4535
7487 4438
7488 4514
7489 4772
7490 4717
7491 4537
7492 4514
7493 4547
7494 4739
7495 4832
7496 4720
7497 4527
7498 4818
7499 4524
7500 4733
7501 4402
7502 5449
7503 4744
7504 4743
7505 4736
7506 4571
7507 4529
7508 4747
7509 4397
7510 4743
7511 4587
7512 4535
7513 4749
7514 4549
7515 4737
7516 4305
7517 4534
7518 4519
7519 4528
7520 4077
7521 4537
7522 4541
7523 4541
7524 4744
7525 4739
7526 4543
7527 4531
7528 4545
7529 4762
7530 4537
7531 4742
7532 4763
7533 4589
7534 4764
7535 4612
7536 4805
7537 4882
7538 4920
7539 4631
7540 4829
7541 4813
7542 4585
7543 4770
7544 5565
7545 4847
7546 4756
7547 4766
7548 4553
7549 4596
7550 4761
7551 4777
7552 4809
7553 4769
7554 4561
7555 4094
7556 4561
7557 4549
7558 4577
7559 4426
7560 4616
7561 4425
7562 4762
7563 4562
7564 4608
7565 4769
7566 4441
7567 4785
7568 4770
7569 4784
7570 4583
7571 4779
7572 4625
7573 4779
7574 4573
7575 4861
7576 4827
7577 4598
7578 4460
7579 4599
7580 4778
7581 4631
7582 4834
7583 4832
7584 4794
7585 4342
7586 4777
7587 4570
7588 4778
7589 4799
7590 4579
7591 4577
7592 4845
7593 4567
7594 4793
7595 4794
7596 6269
7597 4628
7598 4588
7599 4796
7600 4353
7601 4798
7602 4465
7603 4630
7604 4788
7605 4132
7606 4809
7607 4614
7608 4812
7609 4594
7610 4793
7611 4797
7612 4815
7613 4855
7614 4619
7615 4362
7616 4850
7617 4583
7618 4802
7619 4816
7620 4616
7621 4810
7622 4620
7623 4589
7624 4475
7625 4623
7626 4595
7627 4617
7628 4823
7629 4626
7630 4801
7631 4598
7632 4093
7633 4604
7634 5561
7635 4633
7636 4875
7637 4827
7638 4631
7639 4676
7640 4207
7641 4816
7642 4613
7643 4825
7644 4514
7645 4832
7646 4473
7647 4532
7648 5627
7649 4835
7650 4099
7651 4869
7652 4884
7653 4614
7654 4918
7655 4943
7656 4832
7657 4887
7658 4665
7659 4913
7660 4880
7661 4824
7662 4837
7663 4879
7664 4887
7665 4274
7666 4834
7667 4408
7668 4619
7669 4969
7670 4642
7671 4432
7672 4533
7673 4842
7674 4655
7675 4844
7676 4838
7677 4624
7678 4632
7679 4847
7680 4841
7681 4654
7682 4635
7683 4843
7684 4843
7685 4661
7686 4864
7687 4851
7688 4841
7689 4330
7690 4861
7691 4665
7692 4643
7693 4933
7694 4845
7695 4126
7696 5563
7697 4640
7698 4868
7699 4690
7700 4671
7701 4645
7702 4509
7703 4861
7704 4351
7705 4651
7706 4716
7707 4647
7708 4915
7709 4866
7710 4856
7711 4866
7712 4911
7713 4361
7714 4539
7715 4870
7716 4658
7717 4656
7718 4660
7719 4879
7720 4880
7721 4657
7722 4658
7723 4884
7724 4864
7725 4422
7726 4879
7727 4704
7728 4933
7729 4877
7730 4889
7731 4355
7732 4869
7733 4887
7734 4888
7735 4923
7736 4937
7737 4712
7738 4431
7739 4973
7740 4543
7741 4893
7742 4443
7743 4894
7744 4535
7745 4444
7746 4888
7747 4899
7748 4945
7749 4678
7750 4871
7751 4667
7752 4949
7753 4705
7754 4950
7755 4682
7756 4902
7757 4904
7758 4681
7759 4908
7760 4897
7761 4899
7762 4955
7763 4455
7764 4939
7765 4886
7766 5509
7767 4328
7768 4953
7769 5061
7770 4708
7771 4915
7772 4915
7773 4686
7774 4716
7775 4714
7776 4565
7777 4952
7778 4692
7779 4692
7780 5519
7781 4733
7782 4920
7783 4698
7784 4597
7785 4914
7786 4457
7787 4724
7788 4582
7789 4586
7790 4913
7791 4471
7792 5733
7793 4725
7794 4588
7795 4914
7796 4953
7797 4923
7798 4929
7799 4919
7800 5533
7801 4766
7802 5739
7803 4688
7804 4569
7805 4486
7806 4409
7807 4586
7808 5035
7809 4928
7810 4704
7811 4980
7812 4938
7813 4708
7814 4978
7815 4988
7816 5021
7817 4991
7818 4699
7819 4612
7820 4411
7821 4489
7822 5769
7823 4606
7824 4594
7825 4413
7826 4948
7827 4936
7828 4746
7829 4714
7830 4721
7831 4953
7832 5757
7833 4954
7834 4956
7835 4941
7836 4582
7837 4948
7838 4416
7839 4604
7840 4948
7841 4801
7842 4592
7843 5031
7844 4950
7845 4774
7846 4728
7847 4930
7848 4619
7849 4726
7850 4501
7851 4435
7852 4949
7853 4596
7854 4957
7855 5013
7856 4966
7857 4424
7858 4967
7859 4634
7860 4783
7861 4973
7862 5687
7863 4616
7864 5010
7865 4975
7866 4972
7867 4834
7868 4967
7869 4977
7870 4958
7871 4623
7872 5515
7873 4796
7874 4609
7875 4808
7876 5061
7877 4610
7878 4480
7879 5028
7880 4774
7881 4778
7882 4982
7883 4550
7884 4759
7885 4786
7886 4761
7887 4759
7888 4986
7889 4820
7890 4760
7891 4974
7892 5711
7893 5029
7894 5029
7895 4957
7896 5041
7897 4622
7898 4761
7899 4823
7900 4982
7901 4795
7902 4795
7903 4771
7904 4623
7905 4396
7906 4984
7907 4796
7908 4462
7909 5099
7910 4791
7911 4630
7912 4776
7913 4989
7914 5002
7915 5006
7916 4659
7917 4148
7918 4541
7919 4780
7920 4487
7921 5010
7922 4977
7923 4634
7924 5057
7925 4775
7926 6553
7927 4854
7928 5003
7929 4822
7930 5879
7931 5013
7932 4642
7933 4789
7934 5867
7935 4252
7936 4679
7937 5017
7938 4696
7939 5123
7940 4818
7941 4783
7942 5142
7943 5021
7944 5749
7945 5101
7946 4866
7947 4700
7948 5019
7949 4822
7950 5017
7951 4855
7952 4650
7953 4798
7954 5076
7955 4823
7956 4844
7957 5070
7958 4800
7959 4798
7960 5017
7961 5006
7962 5067
7963 4560
7964 5034
7965 4561
7966 5029
7967 4806
7968 5038
7969 5037
7970 4663
7971 4682
7972 5039
7973 4878
7974 4676
7975 5029
7976 4815
7977 5037
7978 5091
7979 5084
7980 4861
7981 4874
7982 5085
7983 4534
7984 5046
7985 4601
7986 5801
7987 4815
7988 5023
7989 4848
7990 5042
7991 4714
7992 4694
7993 4680
7994 4884
7995 4463
7996 4505
7997 5057
7998 5055
7999 4506
8000 4579
8001 4710
8002 5054
8003 5028
8004 4816
8005 5037
8006 4687
8007 4510
8008 4685
8009 5111
8010 4858
8011 5068
8012 5108
8013 5052
8014 4716
8015 4932
8016 4832
8017 4908
8018 5799
8019 5069
8020 4838
8021 4722
8022 5063
8023 4896
8024 5073
8025 4883
8026 4865
8027 4592
8028 4891
8029 4696
8030 5067
8031 4839
8032 4842
8033 4600
8034 5084
8035 4850
8036 5060
8037 4893
8038 4527
8039 4853
8040 5131
8041 4717
8042 4872
8043 4881
8044 5165
8045 4850
8046 4709
8047 5058
8048 5125
8049 4738
8050 4644
8051 4856
8052 5081
8053 4708
8054 4888
8055 5093
8056 5143
8057 4434
8058 5081
8059 5179
8060 5176
8061 4864
8062 4863
8063 5180
8064 5069
8065 5143
8066 4863
8067 4486
8068 5081
8069 4622
8070 4891
8071 5106
8072 4899
8073 5103
8074 5105
8075 5086
8076 5105
8077 4765
8078 4878
8079 4866
8080 5159
8081 5192
8082 4727
8083 4892
8084 4903
8085 4496
8086 5152
8087 4563
8088 5253
8089 4737
8090 4563
8091 4574
8092 4908
8093 4738
8094 5116
8095 5098
8096 5141
8097 5168
8098 4910
8099 5157
8100 4343
8101 5220
8102 5092
8103 4927
8104 4745
8105 4694
8106 4517
8107 4880
8108 4918
8109 4426
8110 4896
8111 5130
8112 5120
8113 4916
8114 5162
8115 4957
8116 4767
8117 5132
8118 4886
8119 4944
8120 4902
8121 4958
8122 5137
8123 5120
8124 5245
8125 5101
8126 4905
8127 4900
8128 5183
8129 4907
8130 5124
8131 5132
8132 4903
8133 4911
8134 5192
8135 5129
8136 5144
8137 5130
8138 4909
8139 5137
8140 4914
8141 5196
8142 4793
8143 4802
8144 5125
8145 4781
8146 5134
8147 5194
8148 4561
8149 5151
8150 5236
8151 5193
8152 4769
8153 4909
8154 4591
8155 4834
8156 4920
8157 4913
8158 4968
8159 4768
8160 4633
8161 5244
8162 4921
8163 5160
8164 6007
8165 5142
8166 5142
8167 4782
8168 5156
8169 5032
8170 4977
8171 5216
8172 5152
8173 4931
8174 5167
8175 5162
8176 5221
8177 5142
8178 5157
8179 4956
8180 4977
8181 4981
8182 5152
8183 4468
8184 5173
8185 5220
8186 4788
8187 5167
8188 4970
8189 5182
8190 4708
8191 5224
8192 5181
8193 4946
8194 4937
8195 5172
8196 5173
8197 5213
8198 5182
8199 4946
8200 5257
8201 5230
8202 5176
8203 5189
8204 4953
8205 4999
8206 5180
8207 5192
8208 4831
8209 4952
8210 5176
8211 4486
8212 4835
8213 4805
8214 4955
8215 4952
8216 5215
8217 4852
8218 5186
8219 4630
8220 5188
8221 4737
8222 5189
8223 5202
8224 4865
8225 4866
8226 4963
8227 4960
8228 5243
8229 5011
8230 4713
8231 4710
8232 5953
8233 4820
8234 4993
8235 4663
8236 5206
8237 4716
8238 5188
8239 5288
8240 5194
8241 5201
8242 5019
8243 4820
8244 5975
8245 5033
8246 4971
8247 5193
8248 4839
8249 4845
8250 5006
8251 4866
8252 5202
8253 5209
8254 4725
8255 5209
8256 4657
8257 4981
8258 5011
8259 5045
8260 5367
8261 4748
8262 5074
8263 5210
8264 5034
8265 5042
8266 5221
8267 5261
8268 5335
8269 5049
8270 5222
8271 5264
8272 5221
8273 5020
8274 5230
8275 4756
8276 5273
8277 4996
8278 5274
8279 5237
8280 4751
8281 4846
8282 5227
8283 4666
8284 5001
8285 5020
8286 5026
8287 5238
8288 4903
8289 4998
8290 5327
8291 5049
8292 6001
8293 4997
8294 5293
8295 5319
8296 5009
8297 5247
8298 5003
8299 5232
8300 5231
8301 5250
8302 5241
8303 5006
8304 5817
8305 5392
8306 5250
8307 5097
8308 6129
8309 5245
8310 5056
8311 5361
8312 5841
8313 4864
8314 5012
8315 5241
8316 5045
8317 4686
8318 5296
8319 4687
8320 4761
8321 4762
8322 5233
8323 5234
8324 5264
8325 5228
8326 5027
8327 5245
8328 5029
8329 5351
8330 5265
8331 4876
8332 5031
8333 5345
8334 5259
8335 5351
8336 5028
8337 5273
8338 5019
8339 4703
8340 5263
8341 5018
8342 5353
8343 4700
8344 5268
8345 5251
8346 5277
8347 5263
8348 5277
8349 5031
8350 5067
8351 5109
8352 5039
8353 5366
8354 5280
8355 5066
8356 5268
8357 5267
8358 4537
8359 5285
8360 5269
8361 5043
8362 5094
8363 5279
8364 4657
8365 4924
8366 4896
8367 5153
8368 4899
8369 5038
8370 5099
8371 5282
8372 4917
8373 5292
8374 5370
8375 4542
8376 5281
8377 5057
8378 5296
8379 5118
8380 5081
8381 5045
8382 5385
8383 4908
8384 5330
8385 4544
8386 5302
8387 4802
8388 5306
8389 4724
8390 6081
8391 5284
8392 5307
8393 5268
8394 5358
8395 5094
8396 5298
8397 5111
8398 5281
8399 4820
8400 5457
8401 5387
8402 5059
8403 5061
8404 5304
8405 5314
8406 5156
8407 5099
8408 5300
8409 4682
8410 5316
8411 5301
8412 4693
8413 5355
8414 5372
8415 4739
8416 5081
8417 5082
8418 5312
8419 5078
8420 5307
8421 5074
8422 4823
8423 5100
8424 4495
8425 5113
8426 5327
8427 5111
8428 5293
8429 5084
8430 4693
8431 5329
8432 4951
8433 5080
8434 5093
8435 4691
8436 5083
8437 4850
8438 5310
8439 5091
8440 5831
8441 5116
8442 5317
8443 5384
8444 5384
8445 5095
8446 5100
8447 5423
8448 6159
8449 4848
8450 4837
8451 4619
8452 5342
8453 4949
8454 5101
8455 5338
8456 5101
8457 5385
8458 5346
8459 5341
8460 5131
8461 4954
8462 5104
8463 4955
8464 6225
8465 5353
8466 5000
8467 4952
8468 5355
8469 5156
8470 5339
8471 5110
8472 4987
8473 5347
8474 6143
8475 5348
8476 5139
8477 5351
8478 5200
8479 5359
8480 7393
8481 5354
8482 5363
8483 5362
8484 5366
8485 5417
8486 5368
8487 5123
8488 5341
8489 5197
8490 4892
8491 4674
8492 6167
8493 5412
8494 5121
8495 4876
8496 5363
8497 5363
8498 5423
8499 4972
8500 5159
8501 5417
8502 5179
8503 5374
8504 5161
8505 4468
8506 5190
8507 4994
8508 5369
8509 4908
8510 5416
8511 4792
8512 6201
8513 5385
8514 6161
8515 4886
8516 5142
8517 5048
8518 5384
8519 5364
8520 4631
8521 5378
8522 5389
8523 4988
8524 5007
8525 4809
8526 5389
8527 5018
8528 5375
8529 5145
8530 4812
8531 4995
8532 4990
8533 5437
8534 5400
8535 5395
8536 5485
8537 4898
8538 5377
8539 5383
8540 5398
8541 4850
8542 5147
8543 5364
8544 5033
8545 5381
8546 5442
8547 5177
8548 5187
8549 5404
8550 5407
8551 5448
8552 5390
8553 5386
8554 5379
8555 5398
8556 5408
8557 4910
8558 5163
8559 5396
8560 4839
8561 5455
8562 5404
8563 5162
8564 4831
8565 5212
8566 5387
8567 5197
8568 5045
8569 5041
8570 5170
8571 5010
8572 5055
8573 5166
8574 5404
8575 5507
8576 5473
8577 5407
8578 5558
8579 4840
8580 5204
8581 5394
8582 5428
8583 5473
8584 5417
8585 5242
8586 5419
8587 5036
8588 4741
8589 5170
8590 4937
8591 5234
8592 5234
8593 5416
8594 5175
8595 5048
8596 5512
8597 5033
8598 5428
8599 5437
8600 4926
8601 5045
8602 5441
8603 5216
8604 5441
8605 4929
8606 5403
8607 5184
8608 6239
8609 5272
8610 5436
8611 5200
8612 5438
8613 5201
8614 5451
8615 5421
8616 5494
8617 5431
8618 5450
8619 5204
8620 4938
8621 5449
8622 5450
8623 5503
8624 5443
8625 5431
8626 5507
8627 5416
8628 5270
8629 5206
8630 5446
8631 5080
8632 5457
8633 5211
8634 5260
8635 5253
8636 5443
8637 4894
8638 5465
8639 5240
8640 4693
8641 5210
8642 5552
8643 5219
8644 4883
8645 4948
8646 5057
8647 5466
8648 5459
8649 5458
8650 5452
8651 5218
8652 5460
8653 5220
8654 5462
8655 5266
8656 5226
8657 5249
8658 5204
8659 5249
8660 5474
8661 4897
8662 5069
8663 5557
8664 5469
8665 5558
8666 5100
8667 5225
8668 5458
8669 5479
8670 4883
8671 5456
8672 6075
8673 4978
8674 5079
8675 5617
8676 5105
8677 5222
8678 5461
8679 5263
8680 5240
8681 5445
8682 4891
8683 5490
8684 5242
8685 5326
8686 4985
8687 4994
8688 7097
8689 5492
8690 5271
8691 5291
8692 4989
8693 5241
8694 5237
8695 5297
8696 5091
8697 5108
8698 5498
8699 5252
8700 5327
8701 4980
8702 6297
8703 5090
8704 5111
8705 5252
8706 5487
8707 5552
8708 5496
8709 5560
8710 5273
8711 5331
8712 5491
8713 5260
8714 5260
8715 5587
8716 5564
8717 5494
8718 5147
8719 5281
8720 5621
8721 5327
8722 5136
8723 5032
8724 4870
8725 5108
8726 5560
8727 5266
8728 5570
8729 5314
8730 5314
8731 4944
8732 6329
8733 4861
8734 5515
8735 4871
8736 5497
8737 5524
8738 5515
8739 5528
8740 5526
8741 4692
8742 5275
8743 5526
8744 4815
8745 5530
8746 5615
8747 5344
8748 5281
8749 5530
8750 5298
8751 5114
8752 5276
8753 5325
8754 5125
8755 5349
8756 5536
8757 5540
8758 5529
8759 5522
8760 5285
8761 5523
8762 5290
8763 5524
8764 5541
8765 5317
8766 4885
8767 5596
8768 6355
8769 5126
8770 5534
8771 4828
8772 4769
8773 5545
8774 5590
8775 4762
8776 5294
8777 5166
8778 5164
8779 5541
8780 4947
8781 5276
8782 5542
8783 4764
8784 5665
8785 5142
8786 5516
8787 5302
8788 5301
8789 5534
8790 5306
8791 5303
8792 5557
8793 5549
8794 5530
8795 5559
8796 5306
8797 5679
8798 5552
8799 5178
8800 5527
8801 5299
8802 5147
8803 5356
8804 5151
8805 5568
8806 5543
8807 5318
8808 5560
8809 5534
8810 5570
8811 5315
8812 5619
8813 5627
8814 5571
8815 5046
8816 5611
8817 5568
8818 5313
8819 5625
8820 5338
8821 5620
8822 5626
8823 5319
8824 5348
8825 5542
8826 5566
8827 5354
8828 5319
8829 4792
8830 5556
8831 5588
8832 5759
8833 5637
8834 5563
8835 4927
8836 5171
8837 5589
8838 4921
8839 5633
8840 6521
8841 5069
8842 5073
8843 5707
8844 5207
8845 5577
8846 5179
8847 5333
8848 5564
8849 5562
8850 4796
8851 5340
8852 5586
8853 5372
8854 5641
8855 5086
8856 5711
8857 5370
8858 5376
8859 5376
8860 5741
8861 5189
8862 5252
8863 5215
8864 6411
8865 5588
8866 5658
8867 5605
8868 5075
8869 5662
8870 5599
8871 5190
8872 5609
8873 5599
8874 5224
8875 5353
8876 5613
8877 5602
8878 5591
8879 5612
8880 5667
8881 5389
8882 5600
8883 5660
8884 5594
8885 5363
8886 5203
8887 5666
8888 5361
8889 5354
8890 5611
8891 5367
8892 5622
8893 5605
8894 5370
8895 5607
8896 5607
8897 5602
8898 5011
8899 5591
8900 6567
8901 5371
8902 5213
8903 5606
8904 5683
8905 5402
8906 6553
8907 5215
8908 5631
8909 5633
8910 5464
8911 5212
8912 6449
8913 5029
8914 5381
8915 5478
8916 5383
8917 5221
8918 5374
8919 5365
8920 5629
8921 5376
8922 5624
8923 5695
8924 4963
8925 5374
8926 5376
8927 5643
8928 5699
8929 5113
8930 5419
8931 5391
8932 5646
8933 5389
8934 5381
8935 5182
8936 6467
8937 5249
8938 5621
8939 5679
8940 5651
8941 5691
8942 5636
8943 4696
8944 6581
8945 5426
8946 5646
8947 5238
8948 5239
8949 5237
8950 5123
8951 5127
8952 5713
8953 5705
8954 5716
8955 4778
8956 5406
8957 5713
8958 5653
8959 5718
8960 4951
8961 5262
8962 5645
8963 5705
8964 5270
8965 5436
8966 5635
8967 5290
8968 5406
8969 5436
8970 5670
8971 5411
8972 5676
8973 5000
8974 4901
8975 4956
8976 5674
8977 5406
8978 5666
8979 5677
8980 5439
8981 5286
8982 5648
8983 5727
8984 5731
8985 5663
8986 6631
8987 5473
8988 7325
8989 5677
8990 5737
8991 5006
8992 5715
8993 5670
8994 5419
8995 5649
8996 5736
8997 5433
8998 5429
8999 5420
9000 5462
9001 5429
9002 5532
9003 5463
9004 5459
9005 5779
9006 5432
9007 5684
9008 5787
9009 5678
9010 5681
9011 5276
9012 5440
9013 5277
9014 5773
9015 5486
9016 5444
9017 5274
9018 5703
9019 5429
9020 5167
9021 5676
9022 5708
9023 5465
9024 7451
9025 5478
9026 5281
9027 5086
9028 5697
9029 5752
9030 5528
9031 5442
9032 5095
9033 5454
9034 5713
9035 5804
9036 5757
9037 5443
9038 5449
9039 5771
9040 5523
9041 5715
9042 5707
9043 5292
9044 5293
9045 4756
9046 5830
9047 5490
9048 5297
9049 5485
9050 5799
9051 5701
9052 5726
9053 5297
9054 5717
9055 5108
9056 5727
9057 5198
9058 5697
9059 5776
9060 5353
9061 5693
9062 5785
9063 5306
9064 5343
9065 5721
9066 5470
9067 5731
9068 5496
9069 5310
9070 5475
9071 5462
9072 5338
9073 5341
9074 5721
9075 5730
9076 5787
9077 5784
9078 5341
9079 5314
9080 5113
9081 5740
9082 5727
9083 5836
9084 5742
9085 5212
9086 5475
9087 5515
9088 5795
9089 5740
9090 5729
9091 5750
9092 5481
9093 5753
9094 5713
9095 5839
9096 5479
9097 5485
9098 5757
9099 5801
9100 5757
9101 5875
9102 5483
9103 5744
9104 6597
9105 5843
9106 5798
9107 5848
9108 5081
9109 5514
9110 5749
9111 5737
9112 5750
9113 5762
9114 5482
9115 5500
9116 5768
9117 5552
9118 5790
9119 5572
9120 5534
9121 5759
9122 5757
9123 5531
9124 6603
9125 5751
9126 5760
9127 5506
9128 5861
9129 5575
9130 5755
9131 5762
9132 5775
9133 5342
9134 5775
9135 5767
9136 5779
9137 5821
9138 5387
9139 5762
9140 5768
9141 5352
9142 5753
9143 5507
9144 4906
9145 5771
9146 5511
9147 5752
9148 5543
9149 5511
9150 5177
9151 5758
9152 5827
9153 5525
9154 5757
9155 5158
9156 5594
9157 5528
9158 5793
9159 5531
9160 6625
9161 5791
9162 5515
9163 5762
9164 5556
9165 5559
9166 5786
9167 5622
9168 5534
9169 5364
9170 5842
9171 5431
9172 5797
9173 5261
9174 5528
9175 5618
9176 5370
9177 5603
9178 5780
9179 5802
9180 5641
9181 5054
9182 5862
9183 5796
9184 5421
9185 5784
9186 5797
9187 5807
9188 6755
9189 5813
9190 5111
9191 5856
9192 5813
9193 5794
9194 5412
9195 5278
9196 5804
9197 5538
9198 5120
9199 5798
9200 5799
9201 5441
9202 6659
9203 5869
9204 5817
9205 5818
9206 5539
9207 5536
9208 5391
9209 5201
9210 5812
9211 5873
9212 5409
9213 5826
9214 5881
9215 5622
9216 5209
9217 5565
9218 5923
9219 5561
9220 5673
9221 5819
9222 5399
9223 5586
9224 5834
9225 5667
9226 6789
9227 5280
9228 5618
9229 5434
9230 5596
9231 5565
9232 6025
9233 5887
9234 5416
9235 5102
9236 5896
9237 5843
9238 6795
9239 5936
9240 5578
9241 5825
9242 5843
9243 5219
9244 5903
9245 5834
9246 5837
9247 5836
9248 5427
9249 5224
9250 5297
9251 5847
9252 5417
9253 5612
9254 6695
9255 5843
9256 5907
9257 5301
9258 5852
9259 5909
9260 6813
9261 5576
9262 6835
9263 5451
9264 5856
9265 5442
9266 5593
9267 5335
9268 6005
9269 5844
9270 5219
9271 5428
9272 5907
9273 5162
9274 5958
9275 5854
9276 5629
9277 5314
9278 5868
9279 5866
9280 5247
9281 5624
9282 5429
9283 5628
9284 5920
9285 5632
9286 5910
9287 5464
9288 5317
9289 5877
9290 5968
9291 5856
9292 5876
9293 5639
9294 5876
9295 5861
9296 5607
9297 5867
9298 5606
9299 5660
9300 5639
9301 5446
9302 6841
9303 5440
9304 5487
9305 5978
9306 5243
9307 5611
9308 5885
9309 5935
9310 5352
9311 5650
9312 5945
9313 5889
9314 5610
9315 5471
9316 5879
9317 5609
9318 5627
9319 5625
9320 5934
9321 5619
9322 5627
9323 5142
9324 5651
9325 5886
9326 5460
9327 5468
9328 5947
9329 5887
9330 5954
9331 5625
9332 5889
9333 5892
9334 5883
9335 5654
9336 5513
9337 5622
9338 5367
9339 5689
9340 5666
9341 5660
9342 5888
9343 5883
9344 5467
9345 5018
9346 5669
9347 5908
9348 5899
9349 5668
9350 5893
9351 5732
9352 5970
9353 5917
9354 5916
9355 5672
9356 5914
9357 5492
9358 5918
9359 5758
9360 5702
9361 6097
9362 5919
9363 5482
9364 5919
9365 5727
9366 5899
9367 5391
9368 5682
9369 5233
9370 5896
9371 5916
9372 5483
9373 5689
9374 5927
9375 6023
9376 5910
9377 5762
9378 5919
9379 6056
9380 5924
9381 5284
9382 5934
9383 5972
9384 5657
9385 5894
9386 5897
9387 5734
9388 5375
9389 5668
9390 5919
9391 5993
9392 5971
9393 5670
9394 5938
9395 5518
9396 5290
9397 5930
9398 5944
9399 5927
9400 5932
9401 5659
9402 6841
9403 5132
9404 5935
9405 5677
9406 5929
9407 5940
9408 5991
9409 6005
9410 5938
9411 5948
9412 5310
9413 5386
9414 5776
9415 5942
9416 5509
9417 5955
9418 5937
9419 6011
9420 5749
9421 5945
9422 5688
9423 5531
9424 5995
9425 6038
9426 5672
9427 5950
9428 5923
9429 5676
9430 6933
9431 5963
9432 5689
9433 5965
9434 6941
9435 5726
9436 5553
9437 5677
9438 5970
9439 5515
9440 6014
9441 5153
9442 5681
9443 6021
9444 5731
9445 6061
9446 5941
9447 5200
9448 5963
9449 5784
9450 5818
9451 5953
9452 5734
9453 5966
9454 5966
9455 5968
9456 5708
9457 5568
9458 6030
9459 5538
9460 5706
9461 5742
9462 5972
9463 5985
9464 5703
9465 5974
9466 5744
9467 5976
9468 5986
9469 5988
9470 5979
9471 6045
9472 5991
9473 5560
9474 5988
9475 6136
9476 5946
9477 5273
9478 5715
9479 5624
9480 5347
9481 5993
9482 5977
9483 5978
9484 5717
9485 6087
9486 5779
9487 5440
9488 6038
9489 5988
9490 5838
9491 5999
9492 6897
9493 5996
9494 6053
9495 5791
9496 6061
9497 5756
9498 5359
9499 5478
9500 5983
9501 5776
9502 6000
9503 6132
9504 6065
9505 6008
9506 7011
9507 6004
9508 5979
9509 6003
9510 6011
9511 5769
9512 6051
9513 5570
9514 6885
9515 6016
9516 5567
9517 6015
9518 5999
9519 6077
9520 5772
9521 6012
9522 5840
9523 6078
9524 6020
9525 6141
9526 6013
9527 5608
9528 5744
9529 5753
9530 5784
9531 6026
9532 5741
9533 6025
9534 6065
9535 6168
9536 6029
9537 5600
9538 6002
9539 5760
9540 6008
9541 6021
9542 6014
9543 5466
9544 6017
9545 6036
9546 6087
9547 5833
9548 5787
9549 5812
9550 6026
9551 5642
9552 5389
9553 5262
9554 6029
9555 5483
9556 5768
9557 6007
9558 5321
9559 6036
9560 5611
9561 5802
9562 6103
9563 5800
9564 6047
9565 5827
9566 6146
9567 5816
9568 6039
9569 5762
9570 6040
9571 6020
9572 6089
9573 5330
9574 6096
9575 6029
9576 6058
9577 5773
9578 6056
9579 5811
9580 5814
9581 6114
9582 6057
9583 5780
9584 6159
9585 5621
9586 7053
9587 5840
9588 6109
9589 6038
9590 6214
9591 5434
9592 6803
9593 6046
9594 5819
9595 5612
9596 5821
9597 5786
9598 6024
9599 6126
9600 8791
9601 5622
9602 5838
9603 6200
9604 6131
9605 6048
9606 5624
9607 6062
9608 6050
9609 5626
9610 6064
9611 6137
9612 5852
9613 5670
9614 5623
9615 5506
9616 6123
9617 6064
9618 5828
9619 5528
9620 6046
9621 6140
9622 5829
9623 5798
9624 6067
9625 6177
9626 5628
9627 5636
9628 6058
9629 6149
9630 5867
9631 6080
9632 6959
9633 5318
9634 5816
9635 5884
9636 5812
9637 5674
9638 5811
9639 5798
9640 6193
9641 5532
9642 6095
9643 5890
9644 6156
9645 6062
9646 6099
9647 5680
9648 6157
9649 6250
9650 6188
9651 5474
9652 6084
9653 5648
9654 6105
9655 6080
9656 6153
9657 5654
9658 6098
9659 6109
9660 5902
9661 6107
9662 6091
9663 5456
9664 5829
9665 6203
9666 5824
9667 5863
9668 5833
9669 5674
9670 6089
9671 5663
9672 5869
9673 6173
9674 6120
9675 6093
9676 6237
9677 5842
9678 6107
9679 5588
9680 5869
9681 5662
9682 5822
9683 5556
9684 6125
9685 6104
9686 6124
9687 6176
9688 5715
9689 5570
9690 6097
9691 5846
9692 6257
9693 5693
9694 6110
9695 6091
9696 5671
9697 5737
9698 6113
9699 6191
9700 6117
9701 5673
9702 5846
9703 5857
9704 5853
9705 5889
9706 6139
9707 6121
9708 6181
9709 6106
9710 6114
9711 5303
9712 6239
9713 5855
9714 5842
9715 6237
9716 6144
9717 5425
9718 7151
9719 5910
9720 5213
9721 5888
9722 6148
9723 6205
9724 6146
9725 6138
9726 5872
9727 5867
9728 7155
9729 5318
9730 6247
9731 5855
9732 6128
9733 5908
9734 5587
9735 5906
9736 6154
9737 5873
9738 5897
9739 6201
9740 6148
9741 5908
9742 6158
9743 5746
9744 5737
9745 5911
9746 5884
9747 5758
9748 7193
9749 6157
9750 5908
9751 5982
9752 6166
9753 6164
9754 5877
9755 5584
9756 5920
9757 6150
9758 5707
9759 6152
9760 6223
9761 5923
9762 6154
9763 5712
9764 6178
9765 5924
9766 6165
9767 5718
9768 5737
9769 5752
9770 5976
9771 6178
9772 6182
9773 5901
9774 5954
9775 6178
9776 6181
9777 5461
9778 6166
9779 5895
9780 6164
9781 6236
9782 5955
9783 5906
9784 5721
9785 6246
9786 5779
9787 6176
9788 5940
9789 5168
9790 5937
9791 6248
9792 5957
9793 6251
9794 6192
9795 5944
9796 5909
9797 6247
9798 5347
9799 6194
9800 6281
9801 5540
9802 5912
9803 6199
9804 5531
9805 6353
9806 6198
9807 5949
9808 5771
9809 6200
9810 5992
9811 5912
9812 5955
9813 6203
9814 6194
9815 5632
9816 8105
9817 6012
9818 5953
9819 6211
9820 6191
9821 5930
9822 6193
9823 5971
9824 6215
9825 5963
9826 5918
9827 5772
9828 5470
9829 5925
9830 5929
9831 6204
9832 6215
9833 5936
9834 5936
9835 5342
9836 6208
9837 5936
9838 6190
9839 5931
9840 5971
9841 6223
9842 6224
9843 5764
9844 5793
9845 5974
9846 5780
9847 6196
9848 6259
9849 5818
9850 6216
9851 6223
9852 6229
9853 5943
9854 6206
9855 6020
9856 6915
9857 5950
9858 5951
9859 6208
9860 6223
9861 6287
9862 6223
9863 6194
9864 6217
9865 6236
9866 6291
9867 5795
9868 5949
9869 6393
9870 6232
9871 6244
9872 6244
9873 5576
9874 6241
9875 5696
9876 5984
9877 6243
9878 5958
9879 6234
9880 6207
9881 6344
9882 5804
9883 5672
9884 6339
9885 6239
9886 6309
9887 5784
9888 5785
9889 6001
9890 5970
9891 5989
9892 5958
9893 5792
9894 6020
9895 5786
9896 6245
9897 5813
9898 6249
9899 6318
9900 6247
9901 5972
9902 6320
9903 6260
9904 7167
9905 6012
9906 5975
9907 6358
9908 6231
9909 6031
9910 6241
9911 5799
9912 6269
9913 5974
9914 6322
9915 6267
9916 5981
9917 5988
9918 5585
9919 6270
9920 6253
9921 5584
9922 6262
9923 6376
9924 6273
9925 6038
9926 6336
9927 5812
9928 6265
9929 6025
9930 6011
9931 6279
9932 6025
9933 6093
9934 7243
9935 6044
9936 5389
9937 6336
9938 6282
9939 5987
9940 6259
9941 5880
9942 6277
9943 5716
9944 6034
9945 5557
9946 5993
9947 6278
9948 5539
9949 6289
9950 6267
9951 5999
9952 6346
9953 5880
9954 5456
9955 6038
9956 6348
9957 5840
9958 5996
9959 5891
9960 6427
9961 6043
9962 6304
9963 6353
9964 5831
9965 6402
9966 6011
9967 5827
9968 5829
9969 5549
9970 5835
9971 6303
9972 6020
9973 6403
9974 6021
9975 6013
9976 6273
9977 6306
9978 5636
9979 6297
9980 6301
9981 6010
9982 7339
9983 6055
9984 5857
9985 6096
9986 6415
9987 5878
9988 6368
9989 6022
9990 5668
9991 6378
9992 5649
9993 6021
9994 7351
9995 5639
9996 6318
9997 6363
9998 6413
9999 6310
10000 6068
