# Table of n, A271774(n) for n = 1..10000.
1 1
2 1
3 2
4 3
5 2
6 5
7 2
8 7
9 4
10 7
11 2
12 11
13 2
14 13
15 6
16 13
17 2
18 17
19 2
20 19
21 10
22 19
23 2
24 23
25 6
26 23
27 4
28 27
29 2
30 29
31 2
32 31
33 12
34 31
35 10
36 33
37 2
38 37
39 16
40 37
41 2
42 41
43 2
44 43
45 6
46 43
47 2
48 47
49 10
50 49
51 18
52 47
53 2
54 53
55 12
56 53
57 22
58 53
59 2
60 59
61 2
62 61
63 10
64 61
65 16
66 61
67 2
68 67
69 26
70 67
71 2
72 71
73 2
74 73
75 6
76 73
77 12
78 75
79 2
80 79
81 28
82 79
83 2
84 83
85 18
86 83
87 30
88 83
89 2
90 89
91 16
92 89
93 34
94 89
95 22
96 91
97 2
98 97
99 36
100 97
101 2
102 101
103 2
104 103
105 10
106 103
107 2
108 107
109 2
110 109
111 40
112 109
113 2
114 113
115 26
116 113
117 16
118 113
119 18
120 113
121 12
122 113
123 42
124 113
125 6
126 125
127 2
128 127
129 46
130 127
131 2
132 131
133 22
134 131
135 28
136 131
137 2
138 137
139 2
140 139
141 52
142 139
143 16
144 143
145 30
146 139
147 50
148 139
149 2
150 149
151 2
152 151
153 18
154 151
155 34
156 151
157 2
158 157
159 58
160 157
161 26
162 157
163 2
164 163
165 36
166 163
167 2
168 167
169 16
170 167
171 22
172 167
173 2
174 173
175 10
176 173
177 60
178 173
179 2
180 179
181 2
182 181
183 66
184 181
185 40
186 181
187 18
188 181
189 28
190 181
191 2
192 191
193 2
194 193
195 16
196 193
197 2
198 197
199 2
200 199
201 70
202 199
203 30
204 199
205 42
206 199
207 26
208 207
209 22
210 205
211 2
212 211
213 72
214 211
215 46
216 213
217 34
218 211
219 76
220 211
221 18
222 211
223 2
224 223
225 78
226 223
227 2
228 227
229 2
230 229
231 36
232 229
233 2
234 233
235 52
236 233
237 82
238 233
239 2
240 239
241 2
242 241
243 28
244 241
245 50
246 241
247 22
248 241
249 88
250 245
251 2
252 251
253 26
254 251
255 18
256 251
257 2
258 257
259 40
260 257
261 30
262 257
263 2
264 263
265 58
266 263
267 94
268 263
269 2
270 269
271 2
272 271
273 96
274 271
275 12
276 275
277 2
278 277
279 34
280 277
281 2
282 281
283 2
284 283
285 22
286 285
287 42
288 283
289 18
290 283
291 100
292 283
293 2
294 293
295 60
296 293
297 36
298 293
299 26
300 295
301 46
302 293
303 102
304 293
305 66
306 303
307 2
308 307
309 106
310 307
311 2
312 311
313 2
314 313
315 10
316 313
317 2
318 317
319 30
320 317
321 108
322 317
323 22
324 321
325 16
326 317
327 112
328 317
329 52
330 323
331 2
332 331
333 40
334 331
335 70
336 331
337 2
338 337
339 124
340 337
341 34
342 337
343 50
344 337
345 26
346 337
347 2
348 347
349 2
350 349
351 28
352 349
353 2
354 353
355 72
356 353
357 18
358 353
359 2
360 359
361 22
362 359
363 36
364 359
365 76
366 359
367 2
368 367
369 42
370 367
371 58
372 367
373 2
374 373
375 126
376 373
377 30
378 375
379 2
380 379
381 130
382 379
383 2
384 383
385 12
386 383
387 46
388 383
389 2
390 389
391 26
392 389
393 136
394 389
395 82
396 389
397 2
398 397
399 22
400 397
401 2
402 401
403 34
404 401
405 28
406 401
407 40
408 403
409 2
410 409
411 138
412 409
413 60
414 411
415 88
416 409
417 148
418 409
419 2
420 419
421 2
422 421
423 52
424 421
425 18
426 421
427 66
428 421
429 144
430 421
431 2
432 431
433 2
434 433
435 30
436 433
437 26
438 433
439 2
440 439
441 50
442 439
443 2
444 443
445 94
446 443
447 150
448 443
449 2
450 449
451 42
452 449
453 156
454 449
455 96
456 449
457 2
458 457
459 28
460 457
461 2
462 461
463 2
464 463
465 34
466 463
467 2
468 467
469 70
470 467
471 162
472 467
473 46
474 467
475 22
476 467
477 58
478 467
479 2
480 479
481 40
482 479
483 26
484 479
485 100
486 479
487 2
488 487
489 166
490 487
491 2
492 491
493 30
494 491
495 36
496 491
497 72
498 491
499 2
500 499
501 172
502 499
503 2
504 503
505 102
506 503
507 16
508 503
509 2
510 509
511 76
512 509
513 28
514 509
515 106
516 509
517 52
518 509
519 178
520 517
521 2
522 521
523 2
524 523
525 78
526 523
527 34
528 523
529 26
530 523
531 60
532 523
533 42
534 523
535 108
536 523
537 180
538 523
539 50
540 537
541 2
542 541
543 190
544 541
545 112
546 541
547 2
548 547
549 66
550 547
551 30
552 547
553 82
554 547
555 40
556 547
557 2
558 557
559 46
560 557
561 36
562 557
563 2
564 563
565 124
566 563
567 28
568 563
569 2
570 569
571 2
572 571
573 192
574 571
575 26
576 573
577 2
578 577
579 196
580 577
581 88
582 577
583 58
584 577
585 16
586 577
587 2
588 587
589 34
590 587
591 198
592 587
593 2
594 593
595 18
596 593
597 206
598 593
599 2
600 599
601 2
602 601
603 70
604 601
605 12
606 601
607 2
608 607
609 30
610 607
611 52
612 607
613 2
614 613
615 210
616 613
617 2
618 617
619 2
620 619
621 208
622 619
623 94
624 621
625 126
626 619
627 36
628 619
629 40
630 625
631 2
632 631
633 222
634 631
635 130
636 631
637 96
638 631
639 216
640 631
641 2
642 641
643 2
644 643
645 46
646 643
647 2
648 647
649 60
650 647
651 34
652 647
653 2
654 653
655 136
656 653
657 76
658 653
659 2
660 659
661 2
662 661
663 18
664 661
665 22
666 663
667 30
668 661
669 226
670 661
671 66
672 661
673 2
674 673
675 78
676 673
677 2
678 677
679 100
680 677
681 228
682 677
683 2
684 683
685 138
686 683
687 232
688 683
689 58
690 685
691 2
692 691
693 36
694 691
695 148
696 691
697 42
698 691
699 238
700 691
701 2
702 701
703 40
704 701
705 52
706 701
707 102
708 701
709 2
710 709
711 82
712 709
713 34
714 713
715 144
716 709
717 240
718 709
719 2
720 719
721 106
722 719
723 248
724 719
725 30
726 719
727 2
728 727
729 28
730 727
731 46
732 727
733 2
734 733
735 250
736 733
737 70
738 733
739 2
740 739
741 22
742 739
743 2
744 743
745 150
746 743
747 88
748 743
749 108
750 745
751 2
752 751
753 256
754 751
755 156
756 751
757 2
758 757
759 36
760 757
761 2
762 761
763 112
764 761
765 18
766 761
767 60
768 761
769 2
770 769
771 262
772 769
773 2
774 773
775 34
776 773
777 40
778 773
779 42
780 773
781 72
782 775
783 30
784 773
785 162
786 773
787 2
788 787
789 268
790 787
791 124
792 787
793 66
794 787
795 58
796 787
797 2
798 797
799 52
800 797
801 94
802 797
803 76
804 797
805 26
806 805
807 270
808 797
809 2
810 809
811 2
812 811
813 274
814 811
815 166
816 811
817 46
818 811
819 96
820 811
821 2
822 821
823 2
824 823
825 276
826 823
827 2
828 827
829 2
830 829
831 280
832 829
833 50
834 829
835 172
836 829
837 34
838 829
839 2
840 839
841 30
842 839
843 282
844 839
845 16
846 843
847 12
848 845
849 292
850 839
851 40
852 847
853 2
854 853
855 286
856 853
857 2
858 857
859 2
860 859
861 42
862 859
863 2
864 863
865 178
866 863
867 18
868 863
869 82
870 863
871 70
872 863
873 100
874 863
875 126
876 863
877 2
878 877
879 304
880 877
881 2
882 881
883 2
884 883
885 300
886 883
887 2
888 887
889 130
890 887
891 36
892 887
893 52
894 887
895 180
896 887
897 26
898 887
899 34
900 895
901 58
902 887
903 46
904 887
905 190
906 887
907 2
908 907
909 306
910 907
911 2
912 911
913 88
914 911
915 66
916 911
917 136
918 911
919 2
920 919
921 310
922 919
923 72
924 919
925 40
926 919
927 106
928 919
929 2
930 929
931 50
932 929
933 312
934 929
935 18
936 935
937 2
938 937
939 316
940 937
941 2
942 941
943 42
944 941
945 28
946 941
947 2
948 947
949 76
950 947
951 328
952 947
953 2
954 953
955 192
956 953
957 36
958 953
959 138
960 955
961 34
962 953
963 324
964 953
965 196
966 959
967 2
968 967
969 330
970 967
971 2
972 971
973 148
974 971
975 78
976 971
977 2
978 977
979 94
980 977
981 112
982 977
983 2
984 983
985 198
986 983
987 52
988 987
989 46
990 985
991 2
992 991
993 336
994 991
995 206
996 991
997 2
998 997
999 40
1000 999
1001 144
1002 997
1003 60
1004 997
1005 70
1006 997
1007 58
1008 1001
1009 2
1010 1009
1011 346
1012 1009
1013 2
1014 1013
1015 30
1016 1013
1017 124
1018 1013
1019 2
1020 1019
1021 2
1022 1021
1023 36
1024 1021
1025 210
1026 1021
1027 82
1028 1021
1029 50
1030 1021
1031 2
1032 1031
1033 2
1034 1033
1035 208
1036 1033
1037 66
1038 1033
1039 2
1040 1039
1041 348
1042 1039
1043 150
1044 1041
1045 22
1046 1039
1047 352
1048 1039
1049 2
1050 1049
1051 2
1052 1051
1053 28
1054 1051
1055 222
1056 1051
1057 156
1058 1051
1059 358
1060 1051
1061 2
1062 1061
1063 2
1064 1063
1065 216
1066 1063
1067 100
1068 1063
1069 2
1070 1069
1071 18
1072 1069
1073 40
1074 1069
1075 46
1076 1069
1077 366
1078 1069
1079 88
1080 1073
1081 52
1082 1069
1083 22
1084 1069
1085 34
1086 1069
1087 2
1088 1087
1089 36
1090 1087
1091 2
1092 1091
1093 2
1094 1093
1095 76
1096 1093
1097 2
1098 1097
1099 162
1100 1097
1101 372
1102 1097
1103 2
1104 1103
1105 18
1106 1103
1107 42
1108 1103
1109 2
1110 1109
1111 102
1112 1109
1113 58
1114 1109
1115 226
1116 1109
1117 2
1118 1117
1119 376
1120 1117
1121 60
1122 1117
1123 2
1124 1123
1125 378
1126 1123
1127 50
1128 1123
1129 2
1130 1129
1131 30
1132 1129
1133 106
1134 1129
1135 228
1136 1129
1137 382
1138 1129
1139 70
1140 1135
1141 166
1142 1129
1143 130
1144 1129
1145 232
1146 1137
1147 40
1148 1129
1149 388
1150 1129
1151 2
1152 1151
1153 2
1154 1153
1155 36
1156 1153
1157 94
1158 1153
1159 66
1160 1153
1161 46
1162 1153
1163 2
1164 1163
1165 238
1166 1163
1167 396
1168 1163
1169 172
1170 1163
1171 2
1172 1171
1173 26
1174 1171
1175 52
1176 1171
1177 108
1178 1171
1179 136
1180 1171
1181 2
1182 1181
1183 96
1184 1181
1185 82
1186 1181
1187 2
1188 1187
1189 42
1190 1187
1191 400
1192 1187
1193 2
1194 1193
1195 240
1196 1193
1197 22
1198 1193
1199 112
1200 1195
1201 2
1202 1201
1203 406
1204 1201
1205 248
1206 1201
1207 72
1208 1201
1209 408
1210 1201
1211 178
1212 1201
1213 2
1214 1213
1215 28
1216 1213
1217 2
1218 1217
1219 58
1220 1217
1221 40
1222 1217
1223 2
1224 1223
1225 250
1226 1223
1227 418
1228 1223
1229 2
1230 1229
1231 2
1232 1231
1233 414
1234 1231
1235 22
1236 1231
1237 2
1238 1237
1239 60
1240 1237
1241 76
1242 1237
1243 124
1244 1237
1245 88
1246 1237
1247 46
1248 1237
1249 2
1250 1249
1251 148
1252 1249
1253 180
1254 1249
1255 256
1256 1249
1257 420
1258 1249
1259 2
1260 1259
1261 100
1262 1259
1263 430
1264 1259
1265 26
1266 1259
1267 190
1268 1259
1269 52
1270 1259
1271 42
1272 1259
1273 70
1274 1265
1275 78
1276 1259
1277 2
1278 1277
1279 2
1280 1279
1281 66
1282 1279
1283 2
1284 1283
1285 262
1286 1283
1287 144
1288 1283
1289 2
1290 1289
1291 2
1292 1291
1293 432
1294 1291
1295 40
1296 1293
1297 2
1298 1297
1299 438
1300 1297
1301 2
1302 1301
1303 2
1304 1303
1305 30
1306 1303
1307 2
1308 1307
1309 18
1310 1307
1311 26
1312 1307
1313 102
1314 1309
1315 268
1316 1307
1317 442
1318 1307
1319 2
1320 1319
1321 2
1322 1321
1323 50
1324 1321
1325 58
1326 1321
1327 2
1328 1327
1329 448
1330 1327
1331 12
1332 1331
1333 46
1334 1333
1335 94
1336 1327
1337 192
1338 1327
1339 106
1340 1327
1341 150
1342 1327
1343 82
1344 1337
1345 270
1346 1327
1347 456
1348 1327
1349 72
1350 1345
1351 196
1352 1327
1353 42
1354 1327
1355 274
1356 1331
1357 60
1358 1327
1359 156
1360 1327
1361 2
1362 1361
1363 52
1364 1361
1365 96
1366 1361
1367 2
1368 1367
1369 40
1370 1367
1371 460
1372 1367
1373 2
1374 1373
1375 276
1376 1373
1377 28
1378 1373
1379 198
1380 1375
1381 2
1382 1381
1383 462
1384 1381
1385 280
1386 1383
1387 76
1388 1381
1389 466
1390 1381
1391 108
1392 1381
1393 206
1394 1381
1395 34
1396 1381
1397 130
1398 1389
1399 2
1400 1399
1401 478
1402 1399
1403 66
1404 1399
1405 282
1406 1399
1407 70
1408 1399
1409 2
1410 1409
1411 88
1412 1409
1413 162
1414 1409
1415 292
1416 1409
1417 112
1418 1409
1419 46
1420 1409
1421 50
1422 1409
1423 2
1424 1423
1425 286
1426 1423
1427 2
1428 1427
1429 2
1430 1429
1431 58
1432 1429
1433 2
1434 1433
1435 210
1436 1433
1437 486
1438 1433
1439 2
1440 1439
1441 136
1442 1439
1443 40
1444 1439
1445 18
1446 1439
1447 2
1448 1447
1449 208
1450 1447
1451 2
1452 1451
1453 2
1454 1453
1455 100
1456 1453
1457 52
1458 1453
1459 2
1460 1459
1461 490
1462 1459
1463 22
1464 1459
1465 304
1466 1459
1467 166
1468 1459
1469 124
1470 1461
1471 2
1472 1471
1473 498
1474 1471
1475 300
1476 1471
1477 222
1478 1471
1479 30
1480 1471
1481 2
1482 1481
1483 2
1484 1483
1485 36
1486 1483
1487 2
1488 1487
1489 2
1490 1489
1491 216
1492 1489
1493 2
1494 1493
1495 26
1496 1493
1497 502
1498 1493
1499 2
1500 1499
1501 82
1502 1499
1503 172
1504 1499
1505 46
1506 1499
1507 138
1508 1499
1509 508
1510 1499
1511 2
1512 1511
1513 94
1514 1511
1515 306
1516 1511
1517 42
1518 1511
1519 50
1520 1511
1521 16
1522 1511
1523 2
1524 1523
1525 66
1526 1523
1527 518
1528 1523
1529 148
1530 1523
1531 2
1532 1531
1533 76
1534 1531
1535 310
1536 1531
1537 58
1538 1531
1539 28
1540 1539
1541 70
1542 1531
1543 2
1544 1543
1545 106
1546 1543
1547 96
1548 1543
1549 2
1550 1549
1551 520
1552 1549
1553 2
1554 1553
1555 312
1556 1553
1557 178
1558 1553
1559 2
1560 1559
1561 226
1562 1559
1563 522
1564 1559
1565 316
1566 1563
1567 2
1568 1567
1569 538
1570 1567
1571 2
1572 1571
1573 144
1574 1571
1575 78
1576 1571
1577 88
1578 1571
1579 2
1580 1579
1581 34
1582 1579
1583 2
1584 1583
1585 328
1586 1583
1587 26
1588 1583
1589 228
1590 1583
1591 46
1592 1583
1593 60
1594 1583
1595 30
1596 1589
1597 2
1598 1597
1599 42
1600 1597
1601 2
1602 1601
1603 232
1604 1601
1605 324
1606 1601
1607 2
1608 1607
1609 2
1610 1609
1611 540
1612 1609
1613 2
1614 1613
1615 330
1616 1613
1617 50
1618 1613
1619 2
1620 1619
1621 2
1622 1621
1623 546
1624 1621
1625 126
1626 1621
1627 2
1628 1627
1629 190
1630 1627
1631 238
1632 1627
1633 72
1634 1627
1635 112
1636 1627
1637 2
1638 1637
1639 150
1640 1637
1641 556
1642 1637
1643 58
1644 1637
1645 52
1646 1637
1647 66
1648 1637
1649 100
1650 1647
1651 130
1652 1637
1653 30
1654 1637
1655 336
1656 1637
1657 2
1658 1657
1659 82
1660 1657
1661 156
1662 1657
1663 2
1664 1663
1665 40
1666 1663
1667 2
1668 1667
1669 2
1670 1669
1671 562
1672 1669
1673 240
1674 1669
1675 70
1676 1669
1677 46
1678 1669
1679 76
1680 1675
1681 42
1682 1669
1683 36
1684 1669
1685 346
1686 1671
1687 248
1688 1669
1689 568
1690 1669
1691 94
1692 1691
1693 2
1694 1693
1695 124
1696 1693
1697 2
1698 1697
1699 2
1700 1699
1701 28
1702 1699
1703 136
1704 1699
1705 34
1706 1699
1707 570
1708 1701
1709 2
1710 1709
1711 60
1712 1709
1713 574
1714 1709
1715 250
1716 1709
1717 102
1718 1709
1719 576
1720 1709
1721 2
1722 1721
1723 2
1724 1723
1725 78
1726 1723
1727 162
1728 1723
1729 96
1730 1723
1731 586
1732 1723
1733 2
1734 1733
1735 348
1736 1733
1737 196
1738 1733
1739 52
1740 1735
1741 2
1742 1741
1743 88
1744 1741
1745 352
1746 1741
1747 2
1748 1747
1749 58
1750 1747
1751 106
1752 1747
1753 2
1754 1753
1755 28
1756 1753
1757 256
1758 1753
1759 2
1760 1759
1761 592
1762 1759
1763 46
1764 1759
1765 358
1766 1759
1767 34
1768 1767
1769 66
1770 1759
1771 26
1772 1759
1773 198
1774 1759
1775 72
1776 1761
1777 2
1778 1777
1779 598
1780 1777
1781 138
1782 1777
1783 2
1784 1783
1785 18
1786 1783
1787 2
1788 1787
1789 2
1790 1789
1791 206
1792 1789
1793 166
1794 1789
1795 366
1796 1789
1797 600
1798 1789
1799 262
1800 1797
1801 2
1802 1801
1803 606
1804 1801
1805 22
1806 1801
1807 148
1808 1801
1809 70
1810 1801
1811 2
1812 1811
1813 50
1814 1811
1815 36
1816 1811
1817 82
1818 1811
1819 108
1820 1811
1821 612
1822 1811
1823 2
1824 1823
1825 76
1826 1823
1827 30
1828 1823
1829 60
1830 1827
1831 2
1832 1831
1833 52
1834 1831
1835 372
1836 1831
1837 172
1838 1831
1839 616
1840 1831
1841 268
1842 1831
1843 100
1844 1831
1845 210
1846 1831
1847 2
1848 1847
1849 46
1850 1847
1851 618
1852 1847
1853 112
1854 1851
1855 58
1856 1855
1857 628
1858 1847
1859 144
1860 1847
1861 2
1862 1861
1863 624
1864 1861
1865 376
1866 1861
1867 2
1868 1867
1869 94
1870 1867
1871 2
1872 1871
1873 2
1874 1873
1875 630
1876 1873
1877 2
1878 1877
1879 2
1880 1879
1881 36
1882 1879
1883 270
1884 1879
1885 30
1886 1879
1887 40
1888 1879
1889 2
1890 1889
1891 66
1892 1889
1893 640
1894 1889
1895 382
1896 1889
1897 274
1898 1889
1899 222
1900 1889
1901 2
1902 1901
1903 178
1904 1901
1905 130
1906 1901
1907 2
1908 1907
1909 88
1910 1907
1911 96
1912 1907
1913 2
1914 1913
1915 388
1916 1913
1917 216
1918 1913
1919 102
1920 1913
1921 124
1922 1913
1923 642
1924 1913
1925 276
1926 1923
1927 52
1928 1913
1929 646
1930 1913
1931 2
1932 1931
1933 2
1934 1933
1935 46
1936 1933
1937 150
1938 1933
1939 280
1940 1933
1941 652
1942 1933
1943 70
1944 1933
1945 396
1946 1933
1947 60
1948 1933
1949 2
1950 1949
1951 2
1952 1951
1953 34
1954 1951
1955 26
1956 1951
1957 106
1958 1951
1959 658
1960 1951
1961 58
1962 1951
1963 156
1964 1951
1965 136
1966 1951
1967 282
1968 1951
1969 180
1970 1951
1971 76
1972 1961
1973 2
1974 1973
1975 82
1976 1973
1977 660
1978 1973
1979 2
1980 1979
1981 292
1982 1979
1983 672
1984 1979
1985 400
1986 1979
1987 2
1988 1987
1989 666
1990 1987
1991 190
1992 1987
1993 2
1994 1993
1995 286
1996 1993
1997 2
1998 1997
1999 2
2000 1999
2001 30
2002 1999
2003 2
2004 2003
2005 406
2006 2003
2007 226
2008 2003
2009 50
2010 2003
2011 2
2012 2011
2013 66
2014 2011
2015 408
2016 2011
2017 2
2018 2017
2019 676
2020 2017
2021 52
2022 2017
2023 18
2024 2017
2025 78
2026 2017
2027 2
2028 2027
2029 2
2030 2029
2031 682
2032 2029
2033 108
2034 2029
2035 40
2036 2029
2037 100
2038 2029
2039 2
2040 2039
2041 162
2042 2039
2043 228
2044 2039
2045 418
2046 2039
2047 94
2048 2039
2049 688
2050 2039
2051 304
2052 2043
2053 2
2054 2053
2055 690
2056 2053
2057 18
2058 2053
2059 72
2060 2053
2061 232
2062 2053
2063 2
2064 2063
2065 300
2066 2063
2067 58
2068 2063
2069 2
2070 2069
2071 112
2072 2069
2073 700
2074 2069
2075 88
2076 2069
2077 70
2078 2069
2079 36
2080 2069
2081 2
2082 2081
2083 2
2084 2083
2085 148
2086 2083
2087 2
2088 2087
2089 2
2090 2089
2091 42
2092 2089
2093 96
2094 2089
2095 420
2096 2089
2097 238
2098 2089
2099 2
2100 2099
2101 192
2102 2099
2103 708
2104 2099
2105 430
2106 2099
2107 50
2108 2099
2109 40
2110 2099
2111 2
2112 2111
2113 2
2114 2113
2115 52
2116 2113
2117 76
2118 2113
2119 166
2120 2113
2121 306
2122 2113
2123 196
2124 2113
2125 126
2126 2113
2127 718
2128 2117
2129 2
2130 2129
2131 2
2132 2131
2133 82
2134 2131
2135 66
2136 2131
2137 2
2138 2137
2139 714
2140 2137
2141 2
2142 2141
2143 2
2144 2143
2145 144
2146 2143
2147 124
2148 2143
2149 310
2150 2143
2151 240
2152 2143
2153 2
2154 2153
2155 432
2156 2153
2157 726
2158 2153
2159 130
2160 2155
2161 2
2162 2161
2163 106
2164 2161
2165 438
2166 2161
2167 198
2168 2161
2169 248
2170 2161
2171 172
2172 2161
2173 58
2174 2161
2175 78
2176 2161
2177 312
2178 2167
2179 2
2180 2179
2181 732
2182 2179
2183 60
2184 2179
2185 26
2186 2179
2187 28
2188 2179
2189 206
2190 2179
2191 316
2192 2179
2193 46
2194 2179
2195 442
2196 2181
2197 16
2198 2179
2199 738
2200 2179
2201 72
2202 2179
2203 2
2204 2203
2205 250
2206 2203
2207 2
2208 2207
2209 52
2210 2207
2211 70
2212 2207
2213 2
2214 2213
2215 448
2216 2213
2217 742
2218 2213
2219 328
2220 2213
2221 2
2222 2221
2223 22
2224 2221
2225 94
2226 2221
2227 136
2228 2221
2229 748
2230 2221
2231 100
2232 2221
2233 30
2234 2221
2235 750
2236 2221
2237 2
2238 2237
2239 2
2240 2239
2241 88
2242 2239
2243 2
2244 2243
2245 456
2246 2243
2247 324
2248 2243
2249 178
2250 2243
2251 2
2252 2251
2253 756
2254 2251
2255 210
2256 2251
2257 66
2258 2251
2259 256
2260 2251
2261 330
2262 2251
2263 76
2264 2251
2265 156
2266 2251
2267 2
2268 2267
2269 2
2270 2269
2271 760
2272 2269
2273 2
2274 2273
2275 96
2276 2273
2277 208
2278 2273
2279 58
2280 2273
2281 2
2282 2281
2283 768
2284 2281
2285 460
2286 2281
2287 2
2288 2287
2289 112
2290 2287
2291 82
2292 2287
2293 2
2294 2293
2295 28
2296 2295
2297 2
2298 2297
2299 22
2300 2297
2301 60
2302 2297
2303 52
2304 2297
2305 462
2306 2297
2307 772
2308 2297
2309 2
2310 2309
2311 2
2312 2311
2313 262
2314 2311
2315 466
2316 2311
2317 336
2318 2311
2319 786
2320 2311
2321 222
2322 2311
2323 102
2324 2311
2325 782
2326 2311
2327 180
2328 2311
2329 138
2330 2315
2331 40
2332 2311
2333 2
2334 2333
2335 478
2336 2333
2337 42
2338 2333
2339 2
2340 2339
2341 2
2342 2341
2343 216
2344 2341
2345 70
2346 2341
2347 2
2348 2347
2349 30
2350 2347
2351 2
2352 2351
2353 190
2354 2351
2355 162
2356 2351
2357 2
2358 2357
2359 346
2360 2357
2361 796
2362 2357
2363 148
2364 2357
2365 46
2366 2357
2367 268
2368 2363
2369 106
2370 2357
2371 2
2372 2371
2373 124
2374 2371
2375 126
2376 2371
2377 2
2378 2377
2379 66
2380 2377
2381 2
2382 2381
2383 2
2384 2383
2385 58
2386 2383
2387 34
2388 2383
2389 2
2390 2389
2391 808
2392 2389
2393 2
2394 2393
2395 486
2396 2393
2397 52
2398 2393
2399 2
2400 2399
2401 50
2402 2399
2403 94
2404 2399
2405 40
2406 2399
2407 88
2408 2399
2409 76
2410 2399
2411 2
2412 2411
2413 130
2414 2411
2415 806
2416 2411
2417 2
2418 2417
2419 60
2420 2417
2421 270
2422 2417
2423 2
2424 2423
2425 100
2426 2423
2427 810
2428 2423
2429 348
2430 2427
2431 144
2432 2423
2433 820
2434 2423
2435 490
2436 2429
2437 2
2438 2437
2439 274
2440 2437
2441 2
2442 2441
2443 352
2444 2441
2445 166
2446 2441
2447 2
2448 2447
2449 82
2450 2447
2451 46
2452 2447
2453 226
2454 2447
2455 498
2456 2447
2457 96
2458 2447
2459 2
2460 2459
2461 108
2462 2459
2463 822
2464 2459
2465 30
2466 2463
2467 2
2468 2467
2469 826
2470 2467
2471 358
2472 2467
2473 2
2474 2473
2475 276
2476 2473
2477 2
2478 2477
2479 70
2480 2477
2481 828
2482 2477
2483 192
2484 2481
2485 72
2486 2477
2487 838
2488 2477
2489 136
2490 2477
2491 58
2492 2477
2493 280
2494 2491
2495 502
2496 2483
2497 228
2498 2477
2499 50
2500 2499
2501 66
2502 2477
2503 2
2504 2503
2505 172
2506 2503
2507 112
2508 2503
2509 196
2510 2503
2511 34
2512 2503
2513 366
2514 2503
2515 508
2516 2511
2517 850
2518 2503
2519 232
2520 2503
2521 2
2522 2521
2523 30
2524 2521
2525 102
2526 2521
2527 22
2528 2521
2529 846
2530 2527
2531 2
2532 2531
2533 150
2534 2531
2535 848
2536 2531
2537 60
2538 2531
2539 2
2540 2539
2541 852
2542 2539
2543 2
2544 2543
2545 518
2546 2543
2547 292
2548 2543
2549 2
2550 2549
2551 2
2552 2551
2553 40
2554 2551
2555 76
2556 2551
2557 2
2558 2557
2559 856
2560 2557
2561 198
2562 2557
2563 238
2564 2557
2565 286
2566 2557
2567 156
2568 2559
2569 372
2570 2557
2571 858
2572 2557
2573 88
2574 2571
2575 106
2576 2557
2577 862
2578 2557
2579 2
2580 2579
2581 94
2582 2579
2583 42
2584 2579
2585 520
2586 2579
2587 206
2588 2579
2589 876
2590 2579
2591 2
2592 2591
2593 2
2594 2593
2595 178
2596 2593
2597 58
2598 2593
2599 124
2600 2593
2601 18
2602 2593
2603 138
2604 2599
2605 522
2606 2593
2607 82
2608 2593
2609 2
2610 2609
2611 376
2612 2609
2613 70
2614 2609
2615 538
2616 2609
2617 2
2618 2617
2619 100
2620 2617
2621 2
2622 2621
2623 66
2624 2621
2625 378
2626 2621
2627 72
2628 2621
2629 240
2630 2621
2631 880
2632 2621
2633 2
2634 2633
2635 34
2636 2633
2637 304
2638 2633
2639 96
2640 2633
2641 148
2642 2633
2643 882
2644 2633
2645 26
2646 2643
2647 2
2648 2647
2649 886
2650 2647
2651 248
2652 2647
2653 382
2654 2647
2655 300
2656 2647
2657 2
2658 2657
2659 2
2660 2659
2661 906
2662 2659
2663 2
2664 2663
2665 210
2666 2663
2667 130
2668 2663
2669 162
2670 2663
2671 2
2672 2671
2673 36
2674 2671
2675 108
2676 2671
2677 2
2678 2677
2679 52
2680 2677
2681 388
2682 2677
2683 2
2684 2683
2685 900
2686 2683
2687 2
2688 2687
2689 2
2690 2689
2691 208
2692 2689
2693 2
2694 2693
2695 250
2696 2693
2697 34
2698 2693
2699 2
2700 2699
2701 76
2702 2699
2703 58
2704 2699
2705 546
2706 2699
2707 2
2708 2707
2709 46
2710 2707
2711 2
2712 2711
2713 2
2714 2713
2715 190
2716 2713
2717 144
2718 2713
2719 2
2720 2719
2721 910
2722 2719
2723 396
2724 2719
2725 112
2726 2719
2727 306
2728 2719
2729 2
2730 2729
2731 2
2732 2731
2733 918
2734 2731
2735 556
2736 2731
2737 26
2738 2731
2739 88
2740 2731
2741 2
2742 2741
2743 222
2744 2741
2745 66
2746 2741
2747 70
2748 2741
2749 2
2750 2749
2751 136
2752 2749
2753 2
2754 2753
2755 30
2756 2753
2757 928
2758 2753
2759 94
2760 2755
2761 256
2762 2753
2763 310
2764 2753
2765 82
2766 2753
2767 2
2768 2767
2769 216
2770 2767
2771 166
2772 2767
2773 60
2774 2767
2775 78
2776 2767
2777 2
2778 2777
2779 400
2780 2777
2781 106
2782 2777
2783 26
2784 2777
2785 562
2786 2777
2787 934
2788 2777
2789 2
2790 2789
2791 2
2792 2791
2793 50
2794 2791
2795 46
2796 2791
2797 2
2798 2797
2799 312
2800 2797
2801 2
2802 2801
2803 2
2804 2803
2805 936
2806 2803
2807 406
2808 2805
2809 58
2810 2803
2811 940
2812 2803
2813 100
2814 2803
2815 568
2816 2803
2817 316
2818 2803
2819 2
2820 2819
2821 408
2822 2819
2823 946
2824 2819
2825 124
2826 2819
2827 262
2828 2819
2829 42
2830 2819
2831 150
2832 2819
2833 2
2834 2833
2835 28
2836 2833
2837 2
2838 2837
2839 172
2840 2837
2841 952
2842 2837
2843 2
2844 2843
2845 570
2846 2843
2847 76
2848 2843
2849 40
2850 2845
2851 2
2852 2851
2853 328
2854 2851
2855 574
2856 2851
2857 2
2858 2857
2859 964
2860 2857
2861 2
2862 2861
2863 418
2864 2861
2865 960
2866 2861
2867 66
2868 2861
2869 156
2870 2861
2871 36
2872 2861
2873 18
2874 2861
2875 126
2876 2861
2877 966
2878 2861
2879 2
2880 2879
2881 70
2882 2879
2883 34
2884 2879
2885 586
2886 2879
2887 2
2888 2887
2889 324
2890 2887
2891 60
2892 2887
2893 268
2894 2887
2895 196
2896 2887
2897 2
2898 2897
2899 226
2900 2897
2901 970
2902 2897
2903 2
2904 2903
2905 88
2906 2903
2907 330
2908 2903
2909 2
2910 2909
2911 72
2912 2909
2913 976
2914 2909
2915 58
2916 2909
2917 2
2918 2917
2919 148
2920 2917
2921 130
2922 2917
2923 82
2924 2917
2925 78
2926 2917
2927 2
2928 2927
2929 102
2930 2927
2931 982
2932 2927
2933 420
2934 2927
2935 592
2936 2927
2937 94
2938 2927
2939 2
2940 2939
2941 178
2942 2939
2943 112
2944 2939
2945 34
2946 2939
2947 430
2948 2939
2949 986
2950 2939
2951 228
2952 2939
2953 2
2954 2953
2955 990
2956 2953
2957 2
2958 2957
2959 270
2960 2957
2961 988
2962 2957
2963 2
2964 2963
2965 598
2966 2963
2967 46
2968 2963
2969 2
2970 2969
2971 2
2972 2971
2973 996
2974 2971
2975 18
2976 2971
2977 232
2978 2971
2979 336
2980 2971
2981 274
2982 2971
2983 162
2984 2971
2985 206
2986 2971
2987 106
2988 2975
2989 66
2990 2971
2991 1006
2992 2971
2993 76
2994 2971
2995 600
2996 2971
2997 1000
2998 2971
2999 2
3000 2999
3001 2
3002 3001
3003 1008
3004 3001
3005 606
3006 3001
3007 100
3008 3001
3009 60
3010 3001
3011 2
3012 3011
3013 136
3014 3011
3015 70
3016 3011
3017 432
3018 3011
3019 2
3020 3019
3021 58
3022 3019
3023 2
3024 3023
3025 276
3026 3023
3027 1012
3028 3023
3029 238
3030 3023
3031 438
3032 3023
3033 346
3034 3023
3035 612
3036 3027
3037 2
3038 3037
3039 1018
3040 3037
3041 2
3042 3041
3043 180
3044 3041
3045 30
3046 3041
3047 280
3048 3041
3049 2
3050 3049
3051 124
3052 3049
3053 72
3054 3049
3055 52
3056 3049
3057 1020
3058 3049
3059 26
3060 3057
3061 2
3062 3061
3063 1030
3064 3061
3065 616
3066 3061
3067 2
3068 3067
3069 36
3070 3067
3071 88
3072 3067
3073 442
3074 3067
3075 210
3076 3067
3077 190
3078 3067
3079 2
3080 3079
3081 82
3082 3079
3083 2
3084 3083
3085 618
3086 3083
3087 50
3088 3083
3089 2
3090 3089
3091 282
3092 3089
3093 1032
3094 3089
3095 628
3096 3093
3097 166
3098 3089
3099 1038
3100 3089
3101 448
3102 3091
3103 108
3104 3089
3105 624
3106 3089
3107 240
3108 3089
3109 2
3110 3109
3111 66
3112 3109
3113 292
3114 3109
3115 94
3116 3109
3117 1048
3118 3109
3119 2
3120 3119
3121 2
3122 3121
3123 1044
3124 3121
3125 630
3126 3121
3127 60
3128 3121
3129 150
3130 3121
3131 102
3132 3123
3133 248
3134 3121
3135 286
3136 3121
3137 2
3138 3137
3139 76
3140 3137
3141 352
3142 3137
3143 456
3144 3137
3145 40
3146 3137
3147 1050
3148 3137
3149 70
3150 3149
3151 138
3152 3137
3153 1060
3154 3137
3155 640
3156 3137
3157 42
3158 3137
3159 28
3160 3145
3161 112
3162 3137
3163 2
3164 3163
3165 222
3166 3163
3167 2
3168 3167
3169 2
3170 3169
3171 156
3172 3169
3173 172
3174 3169
3175 130
3176 3169
3177 358
3178 3169
3179 18
3180 3169
3181 2
3182 3181
3183 1062
3184 3181
3185 250
3186 3183
3187 2
3188 3187
3189 1068
3190 3187
3191 2
3192 3191
3193 106
3194 3191
3195 216
3196 3191
3197 148
3198 3191
3199 460
3200 3191
3201 100
3202 3191
3203 2
3204 3203
3205 642
3206 3203
3207 1086
3208 3203
3209 2
3210 3209
3211 22
3212 3211
3213 28
3214 3209
3215 646
3216 3209
3217 2
3218 3217
3219 1080
3220 3217
3221 2
3222 3221
3223 304
3224 3221
3225 78
3226 3221
3227 462
3228 3221
3229 2
3230 3229
3231 366
3232 3229
3233 66
3234 3233
3235 652
3236 3229
3237 88
3238 3229
3239 82
3240 3229
3241 466
3242 3229
3243 52
3244 3229
3245 300
3246 3229
3247 192
3248 3229
3249 22
3250 3229
3251 2
3252 3251
3253 2
3254 3253
3255 34
3256 3253
3257 2
3258 3257
3259 2
3260 3259
3261 1090
3262 3259
3263 256
3264 3259
3265 658
3266 3259
3267 36
3268 3259
3269 478
3270 3261
3271 2
3272 3271
3273 1092
3274 3271
3275 136
3276 3273
3277 124
3278 3271
3279 1096
3280 3271
3281 196
3282 3271
3283 70
3284 3271
3285 76
3286 3271
3287 178
3288 3279
3289 144
3290 3283
3291 1102
3292 3271
3293 94
3294 3271
3295 660
3296 3271
3297 162
3298 3271
3299 2
3300 3299
3301 2
3302 3301
3303 372
3304 3301
3305 672
3306 3301
3307 2
3308 3307
3309 1108
3310 3307
3311 46
3312 3311
3313 2
3314 3313
3315 666
3316 3313
3317 108
3318 3313
3319 2
3320 3319
3321 42
3322 3319
3323 2
3324 3323
3325 22
3326 3323
3327 1116
3328 3323
3329 2
3330 3329
3331 2
3332 3331
3333 306
3334 3331
3335 30
3336 3331
3337 72
3338 3331
3339 58
3340 3331
3341 262
3342 3331
3343 2
3344 3343
3345 226
3346 3343
3347 2
3348 3347
3349 198
3350 3347
3351 1122
3352 3347
3353 486
3354 3347
3355 66
3356 3347
3357 376
3358 3347
3359 2
3360 3359
3361 2
3362 3361
3363 60
3364 3361
3365 676
3366 3361
3367 96
3368 3361
3369 1128
3370 3361
3371 2
3372 3371
3373 2
3374 3373
3375 378
3376 3373
3377 310
3378 3373
3379 112
3380 3373
3381 50
3382 3373
3383 206
3384 3373
3385 682
3386 3373
3387 1150
3388 3373
3389 2
3390 3389
3391 2
3392 3391
3393 30
3394 3391
3395 100
3396 3391
3397 82
3398 3391
3399 106
3400 3395
3401 180
3402 3391
3403 88
3404 3391
3405 1140
3406 3391
3407 2
3408 3407
3409 490
3410 3407
3411 1146
3412 3407
3413 2
3414 3413
3415 688
3416 3413
3417 70
3418 3413
3419 268
3420 3413
3421 312
3422 3413
3423 166
3424 3413
3425 690
3426 3413
3427 150
3428 3413
3429 130
3430 3417
3431 76
3432 3421
3433 2
3434 3433
3435 232
3436 3433
3437 498
3438 3433
3439 190
3440 3433
3441 40
3442 3433
3443 316
3444 3433
3445 58
3446 3433
3447 388
3448 3433
3449 2
3450 3449
3451 30
3452 3449
3453 1152
3454 3449
3455 700
3456 3453
3457 2
3458 3457
3459 1162
3460 3457
3461 2
3462 3461
3463 2
3464 3463
3465 36
3466 3463
3467 2
3468 3467
3469 2
3470 3469
3471 94
3472 3469
3473 156
3474 3469
3475 148
3476 3469
3477 66
3478 3471
3479 72
3480 3469
3481 60
3482 3469
3483 46
3484 3469
3485 210
3486 3469
3487 328
3488 3469
3489 1170
3490 3469
3491 2
3492 3491
3493 502
3494 3491
3495 238
3496 3491
3497 270
3498 3491
3499 2
3500 3499
3501 396
3502 3499
3503 124
3504 3499
3505 708
3506 3499
3507 172
3508 3499
3509 30
3510 3509
3511 2
3512 3511
3513 1180
3514 3511
3515 40
3516 3511
3517 2
3518 3517
3519 208
3520 3517
3521 508
3522 3517
3523 274
3524 3517
3525 78
3526 3517
3527 2
3528 3527
3529 2
3530 3529
3531 324
3532 3529
3533 2
3534 3533
3535 102
3536 3533
3537 136
3538 3533
3539 2
3540 3539
3541 2
3542 3541
3543 1186
3544 3541
3545 718
3546 3541
3547 2
3548 3547
3549 96
3550 3547
3551 70
3552 3549
3553 330
3554 3547
3555 82
3556 3547
3557 2
3558 3557
3559 2
3560 3559
3561 1192
3562 3559
3563 518
3564 3559
3565 714
3566 3559
3567 42
3568 3559
3569 88
3570 3567
3571 2
3572 3571
3573 400
3574 3571
3575 276
3576 3571
3577 76
3578 3571
3579 1198
3580 3571
3581 2
3582 3581
3583 2
3584 3583
3585 1200
3586 3583
3587 222
3588 3583
3589 100
3590 3583
3591 28
3592 3583
3593 2
3594 3593
3595 726
3596 3593
3597 112
3598 3593
3599 66
3600 3593
3601 280
3602 3593
3603 1212
3604 3593
3605 106
3606 3593
3607 2
3608 3607
3609 406
3610 3607
3611 162
3612 3607
3613 2
3614 3613
3615 248
3616 3613
3617 2
3618 3617
3619 520
3620 3617
3621 216
3622 3617
3623 2
3624 3623
3625 126
3626 3623
3627 408
3628 3623
3629 192
3630 3623
3631 2
3632 3631
3633 178
3634 3631
3635 732
3636 3631
3637 2
3638 3637
3639 1216
3640 3637
3641 336
3642 3637
3643 2
3644 3643
3645 28
3646 3643
3647 522
3648 3643
3649 94
3650 3643
3651 1222
3652 3643
3653 282
3654 3647
3655 46
3656 3643
3657 58
3658 3643
3659 2
3660 3659
3661 538
3662 3659
3663 40
3664 3659
3665 738
3666 3659
3667 196
3668 3659
3669 1228
3670 3659
3671 2
3672 3671
3673 2
3674 3673
3675 250
3676 3673
3677 2
3678 3677
3679 292
3680 3677
3681 418
3682 3677
3683 130
3684 3677
3685 70
3686 3677
3687 1230
3688 3677
3689 34
3690 3687
3691 2
3692 3691
3693 1236
3694 3691
3695 742
3696 3691
3697 2
3698 3697
3699 414
3700 3697
3701 2
3702 3701
3703 26
3704 3701
3705 286
3706 3701
3707 346
3708 3701
3709 2
3710 3709
3711 1248
3712 3709
3713 82
3714 3709
3715 748
3716 3709
3717 60
3718 3709
3719 2
3720 3719
3721 66
3722 3719
3723 76
3724 3723
3725 750
3726 3719
3727 2
3728 3727
3729 124
3730 3727
3731 96
3732 3727
3733 2
3734 3733
3735 88
3736 3733
3737 102
3738 3733
3739 2
3740 3739
3741 46
3742 3739
3743 198
3744 3739
3745 108
3746 3739
3747 1258
3748 3739
3749 166
3750 3739
3751 34
3752 3739
3753 148
3754 3739
3755 756
3756 3739
3757 18
3758 3739
3759 540
3760 3739
3761 2
3762 3761
3763 72
3764 3761
3765 256
3766 3761
3767 2
3768 3767
3769 2
3770 3769
3771 420
3772 3769
3773 50
3774 3769
3775 156
3776 3769
3777 1276
3778 3769
3779 2
3780 3779
3781 206
3782 3779
3783 100
3784 3779
3785 760
3786 3779
3787 546
3788 3779
3789 430
3790 3779
3791 226
3792 3779
3793 2
3794 3793
3795 1274
3796 3793
3797 2
3798 3797
3799 136
3800 3797
3801 190
3802 3797
3803 2
3804 3803
3805 768
3806 3803
3807 52
3808 3803
3809 304
3810 3803
3811 106
3812 3803
3813 42
3814 3803
3815 112
3816 3811
3817 348
3818 3803
3819 70
3820 3803
3821 2
3822 3821
3823 2
3824 3823
3825 78
3826 3823
3827 94
3828 3823
3829 556
3830 3823
3831 1278
3832 3823
3833 2
3834 3833
3835 300
3836 3833
3837 1282
3838 3833
3839 352
3840 3833
3841 172
3842 3833
3843 66
3844 3833
3845 772
3846 3837
3847 2
3848 3847
3849 1288
3850 3847
3851 2
3852 3851
3853 2
3854 3853
3855 262
3856 3853
3857 30
3858 3853
3859 228
3860 3853
3861 144
3862 3853
3863 2
3864 3863
3865 786
3866 3863
3867 1290
3868 3863
3869 76
3870 3867
3871 82
3872 3863
3873 1294
3874 3863
3875 782
3876 3869
3877 2
3878 3877
3879 1296
3880 3877
3881 2
3882 3881
3883 358
3884 3881
3885 40
3886 3881
3887 26
3888 3881
3889 2
3890 3889
3891 1300
3892 3889
3893 232
3894 3889
3895 210
3896 3889
3897 438
3898 3889
3899 562
3900 3891
3901 88
3902 3889
3903 1302
3904 3889
3905 72
3906 3903
3907 2
3908 3907
3909 1306
3910 3907
3911 2
3912 3911
3913 96
3914 3911
3915 30
3916 3911
3917 2
3918 3917
3919 2
3920 3919
3921 1318
3922 3919
3923 2
3924 3923
3925 162
3926 3923
3927 1314
3928 3923
3929 2
3930 3929
3931 2
3932 3931
3933 208
3934 3931
3935 796
3936 3931
3937 130
3938 3931
3939 306
3940 3931
3941 568
3942 3931
3943 2
3944 3943
3945 268
3946 3943
3947 2
3948 3947
3949 366
3950 3947
3951 442
3952 3947
3953 70
3954 3947
3955 124
3956 3947
3957 1320
3958 3947
3959 108
3960 3957
3961 238
3962 3947
3963 1326
3964 3947
3965 66
3966 3947
3967 2
3968 3967
3969 50
3970 3967
3971 22
3972 3967
3973 138
3974 3967
3975 78
3976 3967
3977 100
3978 3975
3979 178
3980 3967
3981 1360
3982 3971
3983 570
3984 3967
3985 808
3986 3967
3987 448
3988 3967
3989 2
3990 3989
3991 310
3992 3989
3993 1356
3994 3989
3995 52
3996 3989
3997 574
3998 3989
3999 1334
4000 3989
4001 2
4002 4001
4003 2
4004 4003
4005 94
4006 4003
4007 2
4008 4007
4009 222
4010 4007
4011 1344
4012 4007
4013 2
4014 4013
4015 76
4016 4013
4017 106
4018 4013
4019 2
4020 4019
4021 2
4022 4021
4023 150
4024 4021
4025 806
4026 4021
4027 2
4028 4027
4029 82
4030 4027
4031 148
4032 4027
4033 112
4034 4027
4035 1350
4036 4027
4037 372
4038 4027
4039 586
4040 4027
4041 456
4042 4027
4043 312
4044 4027
4045 810
4046 4027
4047 216
4048 4027
4049 2
4050 4049
4051 2
4052 4051
4053 196
4054 4051
4055 820
4056 4051
4057 2
4058 4057
4059 42
4060 4057
4061 136
4062 4057
4063 240
4064 4057
4065 274
4066 4057
4067 88
4068 4057
4069 316
4070 4057
4071 60
4072 4057
4073 2
4074 4073
4075 166
4076 4073
4077 156
4078 4073
4079 2
4080 4079
4081 58
4082 4079
4083 1366
4084 4079
4085 46
4086 4079
4087 70
4088 4079
4089 52
4090 4079
4091 2
4092 4091
4093 2
4094 4093
4095 96
4096 4093
4097 248
4098 4093
4099 2
4100 4099
4101 1372
4102 4099
4103 376
4104 4099
4105 822
4106 4099
4107 40
4108 4099
4109 592
4110 4105
4111 2
4112 4111
4113 460
4114 4111
4115 826
4116 4111
4117 180
4118 4111
4119 1378
4120 4111
4121 328
4122 4111
4123 34
4124 4111
4125 1380
4126 4111
4127 2
4128 4127
4129 2
4130 4129
4131 28
4132 4129
4133 2
4134 4133
4135 828
4136 4133
4137 198
4138 4133
4139 2
4140 4139
4141 102
4142 4139
4143 1396
4144 4139
4145 838
4146 4139
4147 144
4148 4139
4149 1386
4150 4139
4151 598
4152 4139
4153 2
4154 4153
4155 280
4156 4153
4157 2
4158 4157
4159 2
4160 4159
4161 76
4162 4159
4163 190
4164 4159
4165 250
4166 4159
4167 1398
4168 4159
4169 382
4170 4159
4171 100
4172 4159
4173 324
4174 4159
4175 172
4176 4159
4177 2
4178 4177
4179 206
4180 4177
4181 124
4182 4177
4183 94
4184 4177
4185 34
4186 4177
4187 82
4188 4177
4189 72
4190 4177
4191 130
4192 4177
4193 600
4194 4177
4195 850
4196 4177
4197 1408
4198 4177
4199 330
4200 4193
4201 2
4202 4201
4203 478
4204 4201
4205 30
4206 4201
4207 606
4208 4201
4209 66
4210 4201
4211 2
4212 4211
4213 388
4214 4211
4215 846
4216 4211
4217 2
4218 4217
4219 2
4220 4219
4221 70
4222 4219
4223 106
4224 4219
4225 848
4226 4219
4227 1422
4228 4219
4229 2
4230 4229
4231 2
4232 4231
4233 88
4234 4231
4235 852
4236 4231
4237 226
4238 4231
4239 162
4240 4231
4241 2
4242 4241
4243 2
4244 4243
4245 292
4246 4243
4247 138
4248 4243
4249 612
4250 4243
4251 112
4252 4243
4253 2
4254 4253
4255 40
4256 4253
4257 46
4258 4253
4259 2
4260 4259
4261 2
4262 4261
4263 50
4264 4261
4265 856
4266 4261
4267 256
4268 4261
4269 1426
4270 4261
4271 2
4272 4271
4273 2
4274 4273
4275 286
4276 4273
4277 96
4278 4273
4279 396
4280 4273
4281 1428
4282 4273
4283 2
4284 4283
4285 858
4286 4283
4287 1432
4288 4283
4289 2
4290 4289
4291 616
4292 4289
4293 58
4294 4289
4295 862
4296 4289
4297 2
4298 4297
4299 1438
4300 4297
4301 26
4302 4297
4303 336
4304 4297
4305 210
4306 4297
4307 76
4308 4297
4309 148
4310 4297
4311 486
4312 4297
4313 228
4314 4299
4315 876
4316 4301
4317 1446
4318 4297
4319 618
4320 4297
4321 150
4322 4297
4323 136
4324 4297
4325 178
4326 4319
4327 2
4328 4327
4329 40
4330 4327
4331 72
4332 4327
4333 628
4334 4327
4335 18
4336 4327
4337 2
4338 4337
4339 2
4340 4339
4341 1450
4342 4339
4343 102
4344 4339
4345 82
4346 4345
4347 624
4348 4339
4349 2
4350 4349
4351 232
4352 4349
4353 1452
4354 4349
4355 70
4356 4353
4357 2
4358 4357
4359 1458
4360 4357
4361 94
4362 4357
4363 2
4364 4363
4365 100
4366 4363
4367 400
4368 4363
4369 262
4370 4363
4371 52
4372 4363
4373 2
4374 4373
4375 630
4376 4373
4377 1468
4378 4373
4379 156
4380 4373
4381 346
4382 4373
4383 1470
4384 4373
4385 880
4386 4373
4387 108
4388 4373
4389 36
4390 4373
4391 2
4392 4391
4393 192
4394 4391
4395 304
4396 4391
4397 2
4398 4397
4399 88
4400 4399
4401 166
4402 4397
4403 40
4404 4397
4405 882
4406 4397
4407 124
4408 4397
4409 2
4410 4409
4411 406
4412 4409
4413 1480
4414 4409
4415 886
4416 4409
4417 640
4418 4409
4419 498
4420 4409
4421 2
4422 4421
4423 2
4424 4423
4425 300
4426 4423
4427 238
4428 4423
4429 106
4430 4423
4431 222
4432 4423
4433 408
4434 4423
4435 906
4436 4423
4437 30
4438 4423
4439 196
4440 4437
4441 2
4442 4441
4443 1482
4444 4441
4445 130
4446 4443
4447 2
4448 4447
4449 1486
4450 4447
4451 2
4452 4451
4453 76
4454 4451
4455 36
4456 4451
4457 2
4458 4457
4459 96
4460 4457
4461 1488
4462 4457
4463 2
4464 4463
4465 52
4466 4463
4467 1492
4468 4463
4469 112
4470 4463
4471 268
4472 4465
4473 216
4474 4463
4475 900
4476 4467
4477 40
4478 4463
4479 1498
4480 4477
4481 2
4482 4481
4483 2
4484 4483
4485 26
4486 4483
4487 642
4488 4483
4489 70
4490 4483
4491 502
4492 4483
4493 2
4494 4493
4495 34
4496 4493
4497 1510
4498 4493
4499 418
4500 4493
4501 646
4502 4493
4503 82
4504 4493
4505 58
4506 4493
4507 2
4508 4507
4509 172
4510 4507
4511 348
4512 4507
4513 2
4514 4513
4515 46
4516 4513
4517 2
4518 4517
4519 2
4520 4519
4521 414
4522 4519
4523 2
4524 4523
4525 190
4526 4523
4527 508
4528 4523
4529 652
4530 4523
4531 198
4532 4523
4533 1522
4534 4523
4535 910
4536 4523
4537 352
4538 4523
4539 94
4540 4523
4541 240
4542 4523
4543 60
4544 4523
4545 306
4546 4523
4547 2
4548 4547
4549 2
4550 4549
4551 42
4552 4549
4553 162
4554 4549
4555 918
4556 4549
4557 50
4558 4549
4559 100
4560 4549
4561 2
4562 4561
4563 28
4564 4563
4565 88
4566 4561
4567 2
4568 4567
4569 1530
4570 4567
4571 658
4572 4567
4573 270
4574 4567
4575 78
4576 4567
4577 206
4578 4567
4579 248
4580 4567
4581 518
4582 4567
4583 2
4584 4583
4585 136
4586 4583
4587 148
4588 4587
4589 358
4590 4583
4591 2
4592 4591
4593 1542
4594 4591
4595 928
4596 4591
4597 2
4598 4597
4599 76
4600 4597
4601 108
4602 4597
4603 2
4604 4603
4605 310
4606 4603
4607 274
4608 4603
4609 420
4610 4603
4611 58
4612 4603
4613 660
4614 4603
4615 72
4616 4603
4617 1540
4618 4603
4619 150
4620 4617
4621 2
4622 4621
4623 70
4624 4621
4625 126
4626 4621
4627 672
4628 4621
4629 1548
4630 4621
4631 430
4632 4621
4633 124
4634 4621
4635 106
4636 4621
4637 2
4638 4637
4639 2
4640 4639
4641 666
4642 4639
4643 2
4644 4643
4645 934
4646 4643
4647 1552
4648 4643
4649 2
4650 4649
4651 2
4652 4651
4653 520
4654 4651
4655 250
4656 4651
4657 2
4658 4657
4659 1558
4660 4657
4661 82
4662 4657
4663 2
4664 4663
4665 312
4666 4663
4667 366
4668 4663
4669 30
4670 4663
4671 178
4672 4663
4673 2
4674 4673
4675 936
4676 4673
4677 1564
4678 4673
4679 2
4680 4679
4681 156
4682 4679
4683 226
4684 4679
4685 940
4686 4679
4687 112
4688 4679
4689 1566
4690 4679
4691 2
4692 4691
4693 22
4694 4691
4695 316
4696 4691
4697 66
4698 4691
4699 130
4700 4691
4701 1570
4702 4691
4703 2
4704 4703
4705 946
4706 4703
4707 538
4708 4703
4709 280
4710 4703
4711 676
4712 4703
4713 1578
4714 4703
4715 210
4716 4703
4717 94
4718 4703
4719 144
4720 4703
4721 2
4722 4721
4723 2
4724 4723
4725 78
4726 4723
4727 166
4728 4723
4729 2
4730 4729
4731 88
4732 4729
4733 2
4734 4733
4735 952
4736 4733
4737 1582
4738 4733
4739 682
4740 4733
4741 432
4742 4733
4743 34
4744 4733
4745 76
4746 4737
4747 102
4748 4733
4749 1594
4750 4733
4751 2
4752 4751
4753 100
4754 4751
4755 328
4756 4751
4757 72
4758 4751
4759 2
4760 4759
4761 208
4762 4759
4763 438
4764 4759
4765 964
4766 4759
4767 1596
4768 4759
4769 256
4770 4759
4771 372
4772 4759
4773 46
4774 4759
4775 960
4776 4759
4777 282
4778 4759
4779 60
4780 4759
4781 688
4782 4759
4783 2
4784 4783
4785 36
4786 4783
4787 2
4788 4787
4789 2
4790 4789
4791 1600
4792 4789
4793 2
4794 4793
4795 966
4796 4793
4797 42
4798 4793
4799 2
4800 4799
4801 2
4802 4801
4803 1606
4804 4801
4805 34
4806 4801
4807 26
4808 4801
4809 232
4810 4807
4811 292
4812 4801
4813 2
4814 4813
4815 324
4816 4813
4817 2
4818 4817
4819 82
4820 4817
4821 1608
4822 4817
4823 96
4824 4821
4825 196
4826 4817
4827 1612
4828 4817
4829 442
4830 4817
4831 2
4832 4831
4833 540
4834 4831
4835 970
4836 4831
4837 700
4838 4831
4839 1618
4840 4831
4841 106
4842 4831
4843 172
4844 4831
4845 330
4846 4831
4847 136
4848 4831
4849 376
4850 4835
4851 50
4852 4831
4853 222
4854 4839
4855 976
4856 4831
4857 1620
4858 4831
4859 124
4860 4857
4861 2
4862 4861
4863 1626
4864 4861
4865 148
4866 4861
4867 162
4868 4861
4869 546
4870 4861
4871 2
4872 4871
4873 448
4874 4871
4875 378
4876 4871
4877 2
4878 4877
4879 42
4880 4877
4881 1636
4882 4877
4883 262
4884 4877
4885 982
4886 4877
4887 190
4888 4877
4889 2
4890 4889
4891 76
4892 4889
4893 238
4894 4889
4895 94
4896 4889
4897 88
4898 4889
4899 216
4900 4889
4901 30
4902 4889
4903 2
4904 4903
4905 112
4906 4903
4907 708
4908 4903
4909 2
4910 4909
4911 1656
4912 4909
4913 18
4914 4913
4915 986
4916 4909
4917 150
4918 4909
4919 2
4920 4919
4921 40
4922 4919
4923 556
4924 4919
4925 990
4926 4919
4927 382
4928 4919
4929 58
4930 4929
4931 2
4932 4931
4933 2
4934 4933
4935 988
4936 4933
4937 2
4938 4937
4939 456
4940 4937
4941 1650
4942 4937
4943 2
4944 4943
4945 46
4946 4943
4947 100
4948 4943
4949 102
4950 4943
4951 2
4952 4951
4953 130
4954 4951
4955 996
4956 4951
4957 2
4958 4957
4959 30
4960 4957
4961 42
4962 4957
4963 718
4964 4957
4965 336
4966 4957
4967 2
4968 4967
4969 2
4970 4969
4971 1662
4972 4969
4973 2
4974 4973
4975 206
4976 4973
4977 82
4978 4973
4979 388
4980 4973
4981 304
4982 4973
4983 156
4984 4973
4985 1006
4986 4973
4987 2
4988 4987
4989 1666
4990 4987
4991 714
4992 4987
4993 2
4994 4993
4995 1000
4996 4993
4997 268
4998 4993
4999 2
5000 4999
5001 1668
5002 4999
5003 2
5004 5003
5005 1008
5006 5003
5007 1690
5008 5003
5009 2
5010 5009
5011 2
5012 5011
5013 1686
5014 5011
5015 300
5016 5011
5017 178
5018 5011
5019 240
5020 5011
5021 2
5022 5021
5023 2
5024 5023
5025 1680
5026 5023
5027 460
5028 5023
5029 108
5030 5023
5031 46
5032 5023
5033 726
5034 5023
5035 58
5036 5023
5037 76
5038 5023
5039 2
5040 5039
5041 72
5042 5039
5043 42
5044 5039
5045 1012
5046 5039
5047 106
5048 5039
5049 36
5050 5039
5051 2
5052 5051
5053 166
5054 5051
5055 346
5056 5051
5057 396
5058 5051
5059 2
5060 5059
5061 248
5062 5059
5063 88
5064 5059
5065 1018
5066 5059
5067 568
5068 5059
5069 138
5070 5059
5071 462
5072 5059
5073 1692
5074 5059
5075 30
5076 5073
5077 2
5078 5077
5079 1696
5080 5077
5081 2
5082 5081
5083 26
5084 5081
5085 124
5086 5081
5087 2
5088 5087
5089 732
5090 5087
5091 1698
5092 5087
5093 466
5094 5091
5095 1020
5096 5087
5097 1706
5098 5087
5099 2
5100 5099
5101 2
5102 5101
5103 1708
5104 5101
5105 1030
5106 5101
5107 2
5108 5107
5109 136
5110 5107
5111 270
5112 5107
5113 2
5114 5113
5115 36
5116 5113
5117 46
5118 5113
5119 2
5120 5119
5121 570
5122 5119
5123 112
5124 5119
5125 210
5126 5119
5127 1720
5128 5119
5129 226
5130 5121
5131 738
5132 5119
5133 60
5134 5119
5135 82
5136 5119
5137 478
5138 5119
5139 574
5140 5119
5141 100
5142 5119
5143 148
5144 5119
5145 250
5146 5119
5147 2
5148 5147
5149 274
5150 5147
5151 306
5152 5147
5153 2
5154 5153
5155 1032
5156 5153
5157 576
5158 5153
5159 70
5160 5155
5161 400
5162 5153
5163 1722
5164 5153
5165 1038
5166 5163
5167 2
5168 5167
5169 1732
5170 5167
5171 2
5172 5171
5173 742
5174 5171
5175 208
5176 5171
5177 172
5178 5171
5179 2
5180 5179
5181 162
5182 5179
5183 76
5184 5181
5185 66
5186 5179
5187 96
5188 5179
5189 2
5190 5189
5191 180
5192 5189
5193 586
5194 5189
5195 1048
5196 5189
5197 2
5198 5197
5199 1738
5200 5197
5201 748
5202 5197
5203 46
5204 5197
5205 1740
5206 5197
5207 130
5208 5197
5209 2
5210 5209
5211 196
5212 5209
5213 406
5214 5209
5215 750
5216 5209
5217 52
5218 5209
5219 310
5220 5209
5221 228
5222 5209
5223 1746
5224 5209
5225 276
5226 5209
5227 2
5228 5227
5229 88
5230 5227
5231 2
5232 5231
5233 2
5234 5233
5235 352
5236 5233
5237 2
5238 5237
5239 408
5240 5237
5241 1752
5242 5237
5243 108
5244 5237
5245 1050
5246 5237
5247 58
5248 5237
5249 190
5250 5245
5251 94
5252 5237
5253 106
5254 5237
5255 1060
5256 5241
5257 756
5258 5237
5259 1758
5260 5237
5261 2
5262 5261
5263 280
5264 5261
5265 28
5266 5261
5267 232
5268 5261
5269 486
5270 5261
5271 256
5272 5261
5273 2
5274 5273
5275 222
5276 5273
5277 1774
5278 5273
5279 2
5280 5279
5281 2
5282 5281
5283 1776
5284 5281
5285 156
5286 5281
5287 312
5288 5281
5289 46
5290 5289
5291 144
5292 5281
5293 82
5294 5281
5295 358
5296 5281
5297 2
5298 5297
5299 760
5300 5297
5301 1768
5302 5297
5303 2
5304 5303
5305 1062
5306 5303
5307 66
5308 5303
5309 2
5310 5309
5311 124
5312 5309
5313 36
5314 5309
5315 1068
5316 5309
5317 418
5318 5309
5319 198
5320 5309
5321 316
5322 5309
5323 2
5324 5323
5325 216
5326 5323
5327 768
5328 5323
5329 76
5330 5323
5331 1782
5332 5323
5333 2
5334 5333
5335 100
5336 5333
5337 598
5338 5333
5339 282
5340 5333
5341 112
5342 5333
5343 414
5344 5333
5345 1086
5346 5333
5347 2
5348 5347
5349 1786
5350 5347
5351 2
5352 5351
5353 102
5354 5351
5355 18
5356 5351
5357 490
5358 5351
5359 238
5360 5351
5361 1788
5362 5351
5363 178
5364 5361
5365 1080
5366 5351
5367 1798
5368 5351
5369 96
5370 5351
5371 136
5372 5351
5373 206
5374 5351
5375 126
5376 5369
5377 292
5378 5351
5379 166
5380 5351
5381 2
5382 5381
5383 772
5384 5381
5385 366
5386 5381
5387 2
5388 5387
5389 328
5390 5387
5391 1800
5392 5387
5393 2
5394 5393
5395 88
5396 5393
5397 262
5398 5393
5399 2
5400 5399
5401 498
5402 5399
5403 1810
5404 5399
5405 52
5406 5399
5407 2
5408 5407
5409 606
5410 5407
5411 786
5412 5407
5413 2
5414 5413
5415 286
5416 5413
5417 2
5418 5417
5419 2
5420 5419
5421 148
5422 5419
5423 30
5424 5419
5425 782
5426 5419
5427 70
5428 5419
5429 94
5430 5423
5431 2
5432 5431
5433 1822
5434 5431
5435 1090
5436 5431
5437 2
5438 5437
5439 50
5440 5437
5441 2
5442 5441
5443 2
5444 5443
5445 36
5446 5443
5447 420
5448 5443
5449 2
5450 5449
5451 82
5452 5449
5453 42
5454 5449
5455 1092
5456 5449
5457 324
5458 5449
5459 106
5460 5455
5461 130
5462 5449
5463 612
5464 5449
5465 1096
5466 5449
5467 72
5468 5449
5469 1828
5470 5449
5471 2
5472 5471
5473 430
5474 5471
5475 78
5476 5471
5477 2
5478 5477
5479 2
5480 5479
5481 1830
5482 5479
5483 2
5484 5483
5485 1102
5486 5483
5487 60
5488 5483
5489 502
5490 5483
5491 330
5492 5483
5493 1846
5494 5483
5495 162
5496 5483
5497 240
5498 5483
5499 52
5500 5483
5501 2
5502 5501
5503 2
5504 5503
5505 372
5506 5503
5507 2
5508 5507
5509 796
5510 5507
5511 172
5512 5507
5513 150
5514 5507
5515 1108
5516 5507
5517 616
5518 5507
5519 2
5520 5519
5521 2
5522 5521
5523 268
5524 5521
5525 18
5526 5525
5527 2
5528 5527
5529 100
5530 5527
5531 2
5532 5531
5533 508
5534 5531
5535 210
5536 5531
5537 124
5538 5531
5539 192
5540 5531
5541 1860
5542 5531
5543 248
5544 5531
5545 1116
5546 5531
5547 46
5548 5531
5549 180
5550 5531
5551 96
5552 5531
5553 1854
5554 5531
5555 102
5556 5531
5557 2
5558 5557
5559 112
5560 5557
5561 88
5562 5557
5563 2
5564 5563
5565 1856
5566 5563
5567 304
5568 5565
5569 2
5570 5569
5571 628
5572 5569
5573 2
5574 5573
5575 226
5576 5573
5577 144
5578 5573
5579 808
5580 5573
5581 2
5582 5581
5583 1866
5584 5581
5585 1122
5586 5581
5587 156
5588 5581
5589 624
5590 5581
5591 2
5592 5591
5593 52
5594 5591
5595 376
5596 5591
5597 196
5598 5591
5599 518
5600 5591
5601 1870
5602 5591
5603 432
5604 5591
5605 300
5606 5591
5607 94
5608 5591
5609 82
5610 5601
5611 190
5612 5591
5613 1872
5614 5591
5615 1128
5616 5613
5617 138
5618 5591
5619 1876
5620 5591
5621 76
5622 5591
5623 2
5624 5623
5625 630
5626 5623
5627 336
5628 5623
5629 438
5630 5623
5631 1878
5632 5623
5633 136
5634 5631
5635 806
5636 5623
5637 1888
5638 5623
5639 2
5640 5639
5641 2
5642 5641
5643 36
5644 5641
5645 1150
5646 5641
5647 2
5648 5647
5649 270
5650 5647
5651 2
5652 5651
5653 2
5654 5653
5655 30
5656 5653
5657 2
5658 5657
5659 2
5660 5659
5661 40
5662 5659
5663 810
5664 5659
5665 106
5666 5659
5667 1900
5668 5659
5669 2
5670 5669
5671 108
5672 5669
5673 66
5674 5669
5675 1140
5676 5673
5677 820
5678 5669
5679 640
5680 5669
5681 26
5682 5669
5683 2
5684 5683
5685 1146
5686 5683
5687 520
5688 5683
5689 2
5690 5689
5691 274
5692 5689
5693 2
5694 5693
5695 70
5696 5693
5697 222
5698 5693
5699 148
5700 5693
5701 2
5702 5701
5703 1906
5704 5701
5705 166
5706 5701
5707 442
5708 5701
5709 178
5710 5701
5711 2
5712 5711
5713 198
5714 5711
5715 130
5716 5711
5717 2
5718 5717
5719 46
5720 5717
5721 1912
5722 5717
5723 100
5724 5717
5725 232
5726 5717
5727 88
5728 5717
5729 346
5730 5717
5731 522
5732 5717
5733 96
5734 5717
5735 40
5736 5721
5737 2
5738 5737
5739 1930
5740 5737
5741 2
5742 5741
5743 2
5744 5743
5745 388
5746 5743
5747 822
5748 5743
5749 2
5750 5749
5751 216
5752 5749
5753 538
5754 5749
5755 1152
5756 5749
5757 306
5758 5749
5759 448
5760 5755
5761 826
5762 5749
5763 124
5764 5749
5765 1162
5766 5749
5767 82
5768 5749
5769 1926
5770 5749
5771 206
5772 5749
5773 256
5774 5749
5775 276
5776 5749
5777 112
5778 5769
5779 2
5780 5779
5781 52
5782 5779
5783 2
5784 5783
5785 94
5786 5783
5787 646
5788 5783
5789 828
5790 5783
5791 2
5792 5791
5793 1932
5794 5791
5795 66
5796 5793
5797 34
5798 5791
5799 1948
5800 5791
5801 2
5802 5801
5803 838
5804 5801
5805 46
5806 5801
5807 2
5808 5807
5809 162
5810 5807
5811 150
5812 5807
5813 2
5814 5813
5815 1170
5816 5813
5817 280
5818 5813
5819 26
5820 5813
5821 2
5822 5821
5823 652
5824 5821
5825 238
5826 5821
5827 2
5828 5827
5829 70
5830 5827
5831 50
5832 5827
5833 310
5834 5827
5835 396
5836 5827
5837 456
5838 5827
5839 2
5840 5839
5841 60
5842 5839
5843 2
5844 5843
5845 172
5846 5843
5847 1950
5848 5845
5849 2
5850 5849
5851 2
5852 5851
5853 1970
5854 5851
5855 1180
5856 5851
5857 2
5858 5857
5859 34
5860 5857
5861 2
5862 5861
5863 144
5864 5861
5865 26
5866 5861
5867 2
5868 5867
5869 2
5870 5869
5871 106
5872 5869
5873 850
5874 5869
5875 126
5876 5869
5877 658
5878 5869
5879 2
5880 5879
5881 2
5882 5881
5883 1972
5884 5881
5885 108
5886 5881
5887 30
5888 5881
5889 156
5890 5881
5891 138
5892 5881
5893 88
5894 5881
5895 136
5896 5893
5897 2
5898 5897
5899 348
5900 5897
5901 846
5902 5897
5903 2
5904 5903
5905 1186
5906 5903
5907 540
5908 5903
5909 312
5910 5903
5911 262
5912 5903
5913 76
5914 5903
5915 848
5916 5903
5917 100
5918 5903
5919 1978
5920 5903
5921 192
5922 5903
5923 2
5924 5923
5925 82
5926 5923
5927 2
5928 5927
5929 852
5930 5927
5931 660
5932 5927
5933 352
5934 5927
5935 1192
5936 5927
5937 1986
5938 5927
5939 2
5940 5939
5941 460
5942 5939
5943 292
5944 5939
5945 210
5946 5939
5947 316
5948 5939
5949 672
5950 5939
5951 546
5952 5939
5953 2
5954 5953
5955 400
5956 5953
5957 40
5958 5953
5959 102
5960 5957
5961 1992
5962 5953
5963 94
5964 5953
5965 1198
5966 5953
5967 666
5968 5953
5969 130
5970 5953
5971 856
5972 5953
5973 190
5974 5953
5975 1200
5976 5961
5977 148
5978 5953
5979 1996
5980 5969
5981 2
5982 5981
5983 196
5984 5981
5985 286
5986 5981
5987 2
5988 5987
5989 124
5990 5987
5991 1998
5992 5987
5993 462
5994 5991
5995 112
5996 5987
5997 2002
5998 5987
5999 858
6000 5987
6001 358
6002 5987
6003 208
6004 5987
6005 1212
6006 5999
6007 2
6008 6007
6009 2010
6010 6007
6011 2
6012 6011
6013 862
6014 6011
6015 406
6016 6011
6017 556
6018 6011
6019 466
6020 6011
6021 226
6022 6011
6023 328
6024 6011
6025 248
6026 6011
6027 50
6028 6011
6029 2
6030 6029
6031 166
6032 6029
6033 2016
6034 6029
6035 72
6036 6029
6037 2
6038 6037
6039 66
6040 6037
6041 876
6042 6037
6043 2
6044 6043
6045 408
6046 6043
6047 2
6048 6047
6049 268
6050 6047
6051 2026
6052 6047
6053 2
6054 6053
6055 178
6056 6053
6057 676
6058 6053
6059 88
6060 6053
6061 30
6062 6053
6063 52
6064 6053
6065 1216
6066 6053
6067 2
6068 6067
6069 18
6070 6067
6071 478
6072 6067
6073 2
6074 6073
6075 78
6076 6073
6077 106
6078 6073
6079 2
6080 6079
6081 2028
6082 6079
6083 82
6084 6081
6085 1222
6086 6079
6087 2038
6088 6079
6089 2
6090 6089
6091 2
6092 6091
6093 682
6094 6091
6095 58
6096 6091
6097 96
6098 6091
6099 324
6100 6091
6101 2
6102 6101
6103 366
6104 6101
6105 40
6106 6101
6107 198
6108 6101
6109 150
6110 6101
6111 100
6112 6101
6113 2
6114 6113
6115 1228
6116 6113
6117 2050
6118 6113
6119 222
6120 6113
6121 2
6122 6121
6123 162
6124 6121
6125 250
6126 6121
6127 562
6128 6121
6129 2052
6130 6121
6131 2
6132 6131
6133 2
6134 6133
6135 418
6136 6133
6137 330
6138 6133
6139 880
6140 6133
6141 94
6142 6133
6143 2
6144 6143
6145 1230
6146 6143
6147 688
6148 6143
6149 144
6150 6145
6151 2
6152 6151
6153 304
6154 6151
6155 1236
6156 6151
6157 136
6158 6151
6159 2062
6160 6151
6161 102
6162 6151
6163 2
6164 6163
6165 690
6166 6163
6167 882
6168 6163
6169 206
6170 6163
6171 36
6172 6163
6173 2
6174 6173
6175 22
6176 6173
6177 216
6178 6173
6179 172
6180 6173
6181 886
6182 6175
6183 232
6184 6173
6185 1248
6186 6173
6187 270
6188 6173
6189 2068
6190 6173
6191 156
6192 6179
6193 568
6194 6173
6195 300
6196 6173
6197 2
6198 6197
6199 2
6200 6199
6201 58
6202 6199
6203 2
6204 6203
6205 76
6206 6203
6207 2080
6208 6203
6209 906
6210 6203
6211 2
6212 6211
6213 112
6214 6211
6215 124
6216 6211
6217 2
6218 6217
6219 700
6220 6217
6221 2
6222 6221
6223 130
6224 6221
6225 88
6226 6221
6227 486
6228 6221
6229 2
6230 6229
6231 70
6232 6229
6233 274
6234 6229
6235 46
6236 6229
6237 36
6238 6229
6239 372
6240 6229
6241 82
6242 6229
6243 2082
6244 6229
6245 1258
6246 6243
6247 2
6248 6247
6249 2086
6250 6247
6251 52
6252 6247
6253 40
6254 6247
6255 148
6256 6247
6257 2
6258 6257
6259 570
6260 6257
6261 2088
6262 6257
6263 2
6264 6263
6265 900
6266 6263
6267 2098
6268 6263
6269 2
6270 6269
6271 2
6272 6271
6273 42
6274 6271
6275 256
6276 6271
6277 2
6278 6277
6279 96
6280 6277
6281 574
6282 6277
6283 106
6284 6277
6285 420
6286 6277
6287 2
6288 6287
6289 336
6290 6287
6291 238
6292 6287
6293 34
6294 6287
6295 1276
6296 6287
6297 2110
6298 6287
6299 2
6300 6299
6301 2
6302 6301
6303 576
6304 6301
6305 100
6306 6301
6307 58
6308 6301
6309 708
6310 6301
6311 2
6312 6311
6313 108
6314 6311
6315 430
6316 6311
6317 2
6318 6317
6319 94
6320 6317
6321 50
6322 6317
6323 2
6324 6323
6325 1274
6326 6323
6327 40
6328 6323
6329 2
6330 6329
6331 490
6332 6329
6333 2112
6334 6329
6335 190
6336 6333
6337 2
6338 6337
6339 2126
6340 6337
6341 376
6342 6337
6343 2
6344 6343
6345 52
6346 6343
6347 586
6348 6343
6349 910
6350 6343
6351 2128
6352 6343
6353 2
6354 6353
6355 210
6356 6353
6357 166
6358 6353
6359 2
6360 6359
6361 2
6362 6361
6363 306
6364 6361
6365 70
6366 6361
6367 2
6368 6367
6369 196
6370 6367
6371 280
6372 6367
6373 2
6374 6373
6375 378
6376 6373
6377 918
6378 6373
6379 2
6380 6379
6381 718
6382 6379
6383 498
6384 6379
6385 1278
6386 6379
6387 2130
6388 6379
6389 2
6390 6389
6391 88
6392 6389
6393 2136
6394 6389
6395 1282
6396 6389
6397 2
6398 6397
6399 82
6400 6397
6401 178
6402 6397
6403 346
6404 6397
6405 66
6406 6397
6407 150
6408 6401
6409 30
6410 6397
6411 2140
6412 6397
6413 58
6414 6397
6415 1288
6416 6397
6417 714
6418 6397
6419 136
6420 6411
6421 2
6422 6421
6423 2142
6424 6421
6425 262
6426 6423
6427 2
6428 6427
6429 2152
6430 6427
6431 112
6432 6427
6433 928
6434 6427
6435 144
6436 6427
6437 162
6438 6427
6439 138
6440 6427
6441 124
6442 6427
6443 382
6444 6427
6445 1290
6446 6427
6447 310
6448 6441
6449 2
6450 6449
6451 2
6452 6451
6453 240
6454 6451
6455 1294
6456 6451
6457 592
6458 6451
6459 2158
6460 6451
6461 96
6462 6451
6463 282
6464 6451
6465 2160
6466 6451
6467 226
6468 6451
6469 2
6470 6469
6471 726
6472 6469
6473 2
6474 6473
6475 40
6476 6473
6477 130
6478 6473
6479 34
6480 6475
6481 2
6482 6481
6483 2176
6484 6481
6485 1300
6486 6481
6487 502
6488 6481
6489 106
6490 6481
6491 2
6492 6491
6493 156
6494 6491
6495 438
6496 6491
6497 94
6498 6491
6499 100
6500 6499
6501 2178
6502 6491
6503 934
6504 6491
6505 1302
6506 6491
6507 248
6508 6491
6509 292
6510 6505
6511 388
6512 6491
6513 172
6514 6491
6515 1306
6516 6491
6517 50
6518 6491
6519 58
6520 6491
6521 2
6522 6521
6523 598
6524 6521
6525 78
6526 6521
6527 108
6528 6521
6529 2
6530 6529
6531 312
6532 6529
6533 148
6534 6529
6535 1318
6536 6529
6537 2202
6538 6529
6539 508
6540 6529
6541 222
6542 6529
6543 2196
6544 6529
6545 1314
6546 6529
6547 2
6548 6547
6549 60
6550 6547
6551 2
6552 6551
6553 2
6554 6553
6555 286
6556 6553
6557 88
6558 6553
6559 940
6560 6553
6561 28
6562 6553
6563 2
6564 6563
6565 102
6566 6563
6567 206
6568 6563
6569 2
6570 6569
6571 2
6572 6571
6573 316
6574 6571
6575 268
6576 6571
6577 2
6578 6577
6579 46
6580 6577
6581 2
6582 6581
6583 228
6584 6581
6585 442
6586 6581
6587 946
6588 6581
6589 600
6590 6581
6591 16
6592 6591
6593 348
6594 6581
6595 1320
6596 6581
6597 738
6598 6581
6599 2
6600 6599
6601 42
6602 6599
6603 216
6604 6599
6605 1326
6606 6599
6607 2
6608 6607
6609 2206
6610 6607
6611 606
6612 6607
6613 396
6614 6607
6615 250
6616 6607
6617 518
6618 6609
6619 2
6620 6619
6621 2212
6622 6619
6623 180
6624 6619
6625 126
6626 6619
6627 52
6628 6619
6629 952
6630 6619
6631 352
6632 6619
6633 70
6634 6619
6635 1360
6636 6621
6637 2
6638 6637
6639 2220
6640 6637
6641 232
6642 6637
6643 96
6644 6637
6645 448
6646 6637
6647 26
6648 6637
6649 112
6650 6637
6651 742
6652 6637
6653 2
6654 6653
6655 1356
6656 6653
6657 328
6658 6653
6659 2
6660 6659
6661 2
6662 6661
6663 2236
6664 6661
6665 1334
6666 6661
6667 124
6668 6661
6669 28
6670 6665
6671 964
6672 6661
6673 2
6674 6673
6675 94
6676 6673
6677 612
6678 6673
6679 2
6680 6679
6681 136
6682 6679
6683 166
6684 6679
6685 1344
6686 6679
6687 748
6688 6679
6689 2
6690 6689
6691 2
6692 6691
6693 100
6694 6691
6695 106
6696 6691
6697 190
6698 6691
6699 36
6700 6693
6701 2
6702 6701
6703 2
6704 6703
6705 750
6706 6703
6707 358
6708 6703
6709 2
6710 6709
6711 2238
6712 6709
6713 966
6714 6711
6715 82
6716 6709
6717 2242
6718 6709
6719 2
6720 6719
6721 520
6722 6719
6723 88
6724 6719
6725 1350
6726 6719
6727 34
6728 6719
6729 2250
6730 6719
6731 130
6732 6727
6733 2
6734 6733
6735 456
6736 6733
6737 2
6738 6737
6739 304
6740 6737
6741 324
6742 6737
6743 616
6744 6737
6745 72
6746 6737
6747 178
6748 6737
6749 400
6750 6737
6751 162
6752 6737
6753 2266
6754 6737
6755 196
6756 6737
6757 238
6758 6737
6759 756
6760 6737
6761 2
6762 6761
6763 2
6764 6763
6765 210
6766 6763
6767 102
6768 6763
6769 970
6770 6763
6771 66
6772 6763
6773 522
6774 6763
6775 274
6776 6763
6777 256
6778 6763
6779 2
6780 6779
6781 2
6782 6781
6783 330
6784 6781
6785 300
6786 6781
6787 618
6788 6781
6789 76
6790 6781
6791 2
6792 6791
6793 2
6794 6793
6795 156
6796 6793
6797 976
6798 6793
6799 538
6800 6793
6801 2268
6802 6793
6803 2
6804 6803
6805 1366
6806 6803
6807 2272
6808 6803
6809 628
6810 6803
6811 148
6812 6803
6813 760
6814 6803
6815 52
6816 6807
6817 406
6818 6803
6819 2280
6820 6803
6821 366
6822 6803
6823 2
6824 6823
6825 96
6826 6823
6827 2
6828 6827
6829 2
6830 6829
6831 624
6832 6829
6833 2
6834 6833
6835 1372
6836 6833
6837 58
6838 6833
6839 982
6840 6833
6841 2
6842 6841
6843 2286
6844 6841
6845 40
6846 6841
6847 172
6848 6841
6849 768
6850 6841
6851 408
6852 6841
6853 94
6854 6841
6855 460
6856 6841
6857 2
6858 6857
6859 22
6860 6857
6861 2292
6862 6857
6863 2
6864 6863
6865 1378
6866 6863
6867 112
6868 6863
6869 2
6870 6869
6871 2
6872 6871
6873 82
6874 6871
6875 1380
6876 6871
6877 26
6878 6871
6879 2294
6880 6871
6881 986
6882 6879
6883 2
6884 6883
6885 2296
6886 6883
6887 100
6888 6885
6889 88
6890 6883
6891 2308
6892 6883
6893 124
6894 6883
6895 990
6896 6883
6897 36
6898 6883
6899 2
6900 6899
6901 106
6902 6899
6903 60
6904 6899
6905 1396
6906 6899
6907 2
6908 6907
6909 988
6910 6907
6911 2
6912 6911
6913 226
6914 6911
6915 1386
6916 6911
6917 2
6918 6917
6919 40
6920 6919
6921 772
6922 6917
6923 46
6924 6917
6925 280
6926 6917
6927 2310
6928 6917
6929 42
6930 6929
6931 240
6932 6917
6933 2332
6934 6917
6935 76
6936 6917
6937 996
6938 6917
6939 262
6940 6917
6941 640
6942 6917
6943 136
6944 6917
6945 2330
6946 6923
6947 2
6948 6947
6949 2
6950 6949
6951 336
6952 6949
6953 418
6954 6949
6955 108
6956 6949
6957 786
6958 6949
6959 2
6960 6959
6961 2
6962 6961
6963 222
6964 6961
6965 206
6966 6961
6967 2
6968 6967
6969 306
6970 6967
6971 2
6972 6971
6973 372
6974 6971
6975 782
6976 6971
6977 2
6978 6977
6979 1006
6980 6977
6981 540
6982 6977
6983 2
6984 6983
6985 130
6986 6983
6987 414
6988 6983
6989 248
6990 6983
6991 2
6992 6991
6993 1000
6994 6991
6995 1408
6996 6991
6997 2
6998 6997
6999 2338
7000 6997
7001 2
7002 7001
7003 150
7004 7001
7005 478
7006 7001
7007 1008
7008 7001
7009 166
7010 7001
7011 42
7012 7001
7013 2
7014 7013
7015 66
7016 7013
7017 2340
7018 7013
7019 2
7020 7019
7021 60
7022 7019
7023 2346
7024 7019
7025 282
7026 7019
7027 2
7028 7027
7029 216
7030 7027
7031 94
7032 7027
7033 546
7034 7027
7035 70
7036 7027
7037 228
7038 7027
7039 2
7040 7039
7041 2350
7042 7039
7043 2
7044 7043
7045 1422
7046 7043
7047 30
7048 7043
7049 58
7050 7047
7051 642
7052 7043
7053 2356
7054 7043
7055 88
7056 7043
7057 2
7058 7057
7059 190
7060 7057
7061 310
7062 7057
7063 1012
7064 7057
7065 162
7066 7057
7067 192
7068 7057
7069 2
7070 7069
7071 2370
7072 7069
7073 646
7074 7069
7075 292
7076 7069
7077 346
7078 7069
7079 2
7080 7079
7081 100
7082 7079
7083 796
7084 7079
7085 112
7086 7079
7087 376
7088 7079
7089 2368
7090 7079
7091 1018
7092 7079
7093 178
7094 7079
7095 46
7096 7079
7097 156
7098 7079
7099 232
7100 7081
7101 268
7102 7079
7103 2
7104 7103
7105 250
7106 7103
7107 106
7108 7103
7109 2
7110 7109
7111 556
7112 7109
7113 2376
7114 7109
7115 1426
7116 7109
7117 652
7118 7109
7119 124
7120 7109
7121 2
7122 7121
7123 420
7124 7121
7125 378
7126 7121
7127 2
7128 7127
7129 2
7130 7129
7131 2380
7132 7129
7133 1020
7134 7129
7135 1428
7136 7129
7137 66
7138 7129
7139 60
7140 7139
7141 196
7142 7129
7143 2382
7144 7129
7145 1432
7146 7143
7147 1030
7148 7129
7149 2388
7150 7129
7151 2
7152 7151
7153 312
7154 7151
7155 58
7156 7151
7157 430
7158 7151
7159 2
7160 7159
7161 36
7162 7159
7163 30
7164 7161
7165 1438
7166 7159
7167 2392
7168 7159
7169 108
7170 7163
7171 102
7172 7159
7173 808
7174 7159
7175 210
7176 7167
7177 2
7178 7177
7179 2398
7180 7177
7181 172
7182 7177
7183 658
7184 7177
7185 486
7186 7177
7187 2
7188 7187
7189 96
7190 7187
7191 52
7192 7187
7193 2
7194 7193
7195 1446
7196 7193
7197 2410
7198 7193
7199 316
7200 7193
7201 382
7202 7193
7203 50
7204 7193
7205 136
7206 7193
7207 2
7208 7207
7209 94
7210 7207
7211 2
7212 7211
7213 2
7214 7213
7215 40
7216 7213
7217 1032
7218 7213
7219 2
7220 7219
7221 88
7222 7219
7223 238
7224 7219
7225 18
7226 7219
7227 76
7228 7219
7229 2
7230 7229
7231 1038
7232 7229
7233 2416
7234 7229
7235 1450
7236 7229
7237 2
7238 7237
7239 130
7240 7237
7241 562
7242 7237
7243 2
7244 7243
7245 806
7246 7243
7247 2
7248 7247
7249 660
7250 7247
7251 2422
7252 7247
7253 2
7254 7253
7255 1452
7256 7253
7257 60
7258 7253
7259 66
7260 7259
7261 138
7262 7253
7263 270
7264 7253
7265 1458
7266 7253
7267 46
7268 7267
7269 2434
7270 7253
7271 672
7272 7253
7273 1048
7274 7253
7275 100
7276 7253
7277 388
7278 7253
7279 256
7280 7253
7281 2430
7282 7253
7283 2
7284 7283
7285 52
7286 7283
7287 2436
7288 7283
7289 198
7290 7283
7291 328
7292 7283
7293 666
7294 7283
7295 1468
7296 7283
7297 2
7298 7297
7299 820
7300 7297
7301 150
7302 7297
7303 112
7304 7297
7305 1470
7306 7297
7307 2
7308 7307
7309 2
7310 7309
7311 2440
7312 7309
7313 106
7314 7313
7315 22
7316 7309
7317 274
7318 7309
7319 568
7320 7311
7321 2
7322 7321
7323 2446
7324 7321
7325 304
7326 7321
7327 432
7328 7321
7329 352
7330 7321
7331 2
7332 7331
7333 2
7334 7333
7335 166
7336 7333
7337 30
7338 7333
7339 180
7340 7333
7341 2458
7342 7333
7343 1050
7344 7333
7345 124
7346 7333
7347 82
7348 7333
7349 2
7350 7349
7351 2
7352 7351
7353 46
7354 7351
7355 1480
7356 7351
7357 1060
7358 7351
7359 226
7360 7353
7361 438
7362 7351
7363 206
7364 7351
7365 498
7366 7351
7367 148
7368 7351
7369 2
7370 7369
7371 96
7372 7369
7373 102
7374 7369
7375 300
7376 7369
7377 2464
7378 7369
7379 162
7380 7369
7381 66
7382 7369
7383 324
7384 7369
7385 222
7386 7369
7387 94
7388 7369
7389 2466
7390 7369
7391 396
7392 7381
7393 2
7394 7393
7395 30
7396 7393
7397 570
7398 7393
7399 156
7400 7393
7401 2472
7402 7393
7403 676
7404 7393
7405 1482
7406 7393
7407 826
7408 7393
7409 240
7410 7405
7411 2
7412 7411
7413 358
7414 7411
7415 1486
7416 7411
7417 2
7418 7417
7419 2476
7420 7417
7421 190
7422 7417
7423 574
7424 7417
7425 276
7426 7417
7427 1062
7428 7419
7429 330
7430 7417
7431 2502
7432 7417
7433 2
7434 7433
7435 1488
7436 7433
7437 70
7438 7433
7439 178
7440 7435
7441 1068
7442 7433
7443 2484
7444 7433
7445 1492
7446 7433
7447 682
7448 7433
7449 2496
7450 7433
7451 2
7452 7451
7453 262
7454 7451
7455 216
7456 7451
7457 2
7458 7457
7459 2
7460 7459
7461 838
7462 7459
7463 442
7464 7459
7465 1498
7466 7459
7467 136
7468 7459
7469 100
7470 7459
7471 248
7472 7459
7473 2494
7474 7459
7475 26
7476 7459
7477 2
7478 7477
7479 280
7480 7477
7481 2
7482 7481
7483 1086
7484 7481
7485 502
7486 7481
7487 2
7488 7487
7489 2
7490 7489
7491 228
7492 7489
7493 130
7494 7489
7495 1510
7496 7489
7497 2500
7498 7489
7499 2
7500 7499
7501 586
7502 7499
7503 66
7504 7499
7505 82
7506 7499
7507 2
7508 7507
7509 2520
7510 7507
7511 1080
7512 7507
7513 688
7514 7507
7515 172
7516 7507
7517 2
7518 7517
7519 106
7520 7517
7521 112
7522 7517
7523 2
7524 7523
7525 46
7526 7523
7527 196
7528 7523
7529 2
7530 7529
7531 448
7532 7529
7533 2516
7534 7529
7535 690
7536 7529
7537 2
7538 7537
7539 366
7540 7537
7541 2
7542 7541
7543 400
7544 7541
7545 508
7546 7541
7547 2
7548 7547
7549 2
7550 7549
7551 850
7552 7549
7553 96
7554 7549
7555 1522
7556 7549
7557 232
7558 7549
7559 2
7560 7559
7561 2
7562 7561
7563 2528
7564 7561
7565 94
7566 7561
7567 52
7568 7561
7569 30
7570 7561
7571 124
7572 7561
7573 2
7574 7573
7575 306
7576 7573
7577 2
7578 7577
7579 144
7580 7577
7581 2530
7582 7577
7583 2
7584 7583
7585 210
7586 7583
7587 846
7588 7583
7589 2
7590 7589
7591 2
7592 7591
7593 2538
7594 7591
7595 250
7596 7591
7597 108
7598 7591
7599 150
7600 7591
7601 700
7602 7591
7603 2
7604 7603
7605 848
7606 7603
7607 2
7608 7607
7609 1090
7610 7607
7611 60
7612 7607
7613 336
7614 7607
7615 1530
7616 7607
7617 2542
7618 7607
7619 406
7620 7611
7621 2
7622 7621
7623 852
7624 7621
7625 126
7626 7621
7627 268
7628 7621
7629 2548
7630 7621
7631 592
7632 7621
7633 456
7634 7621
7635 518
7636 7621
7637 1092
7638 7621
7639 2
7640 7639
7641 292
7642 7639
7643 2
7644 7643
7645 148
7646 7643
7647 2550
7648 7643
7649 2
7650 7649
7651 1096
7652 7649
7653 2556
7654 7649
7655 1542
7656 7649
7657 408
7658 7649
7659 208
7660 7649
7661 166
7662 7649
7663 100
7664 7649
7665 76
7666 7649
7667 42
7668 7653
7669 2
7670 7669
7671 2578
7672 7669
7673 2
7674 7673
7675 310
7676 7673
7677 2568
7678 7673
7679 1102
7680 7673
7681 2
7682 7681
7683 198
7684 7681
7685 58
7686 7681
7687 2
7688 7687
7689 238
7690 7687
7691 2
7692 7691
7693 162
7694 7691
7695 1540
7696 7691
7697 180
7698 7691
7699 2
7700 7699
7701 156
7702 7699
7703 2
7704 7703
7705 70
7706 7703
7707 372
7708 7703
7709 598
7710 7703
7711 708
7712 7703
7713 2574
7714 7703
7715 1548
7716 7703
7717 2
7718 7717
7719 88
7720 7717
7721 1108
7722 7717
7723 2
7724 7723
7725 106
7726 7723
7727 2
7728 7727
7729 136
7730 7727
7731 862
7732 7727
7733 40
7734 7727
7735 96
7736 7727
7737 2590
7738 7727
7739 112
7740 7727
7741 2
7742 7741
7743 94
7744 7741
7745 1552
7746 7741
7747 130
7748 7741
7749 42
7750 7741
7751 346
7752 7741
7753 2
7754 7753
7755 520
7756 7753
7757 2
7758 7757
7759 2
7760 7759
7761 206
7762 7759
7763 1116
7764 7759
7765 1558
7766 7759
7767 876
7768 7759
7769 460
7770 7759
7771 418
7772 7759
7773 2592
7774 7759
7775 312
7776 7773
7777 102
7778 7759
7779 2608
7780 7759
7781 256
7782 7759
7783 190
7784 7759
7785 178
7786 7759
7787 600
7788 7759
7789 2
7790 7789
7791 58
7792 7789
7793 2
7794 7793
7795 1564
7796 7793
7797 2604
7798 7793
7799 718
7800 7793
7801 270
7802 7793
7803 28
7804 7793
7805 226
7806 7793
7807 222
7808 7793
7809 414
7810 7793
7811 108
7812 7803
7813 606
7814 7793
7815 1566
7816 7793
7817 2
7818 7817
7819 1122
7820 7817
7821 82
7822 7817
7823 2
7824 7823
7825 316
7826 7823
7827 2616
7828 7823
7829 2
7830 7829
7831 192
7832 7829
7833 376
7834 7829
7835 1570
7836 7829
7837 462
7838 7829
7839 70
7840 7839
7841 2
7842 7841
7843 714
7844 7841
7845 538
7846 7841
7847 60
7848 7841
7849 172
7850 7841
7851 2620
7852 7841
7853 2
7854 7853
7855 1578
7856 7853
7857 100
7858 7853
7859 274
7860 7853
7861 1128
7862 7853
7863 2632
7864 7853
7865 144
7866 7853
7867 2
7868 7867
7869 66
7870 7867
7871 466
7872 7867
7873 2
7874 7873
7875 378
7876 7873
7877 2
7878 7877
7879 2
7880 7879
7881 216
7882 7879
7883 2
7884 7883
7885 88
7886 7883
7887 240
7888 7883
7889 50
7890 7883
7891 612
7892 7883
7893 880
7894 7883
7895 1582
7896 7883
7897 150
7898 7883
7899 2644
7900 7889
7901 2
7902 7901
7903 1150
7904 7901
7905 34
7906 7901
7907 2
7908 7907
7909 726
7910 7907
7911 304
7912 7907
7913 196
7914 7907
7915 1594
7916 7907
7917 96
7918 7907
7919 2
7920 7919
7921 94
7922 7919
7923 148
7924 7919
7925 328
7926 7919
7927 2
7928 7927
7929 2646
7930 7927
7931 106
7932 7927
7933 2
7934 7933
7935 26
7936 7933
7937 2
7938 7937
7939 478
7940 7937
7941 2656
7942 7937
7943 52
7944 7937
7945 1596
7946 7937
7947 886
7948 7937
7949 2
7950 7949
7951 2
7952 7951
7953 248
7954 7951
7955 46
7956 7951
7957 112
7958 7955
7959 1146
7960 7951
7961 420
7962 7951
7963 2
7964 7963
7965 300
7966 7963
7967 262
7968 7963
7969 616
7970 7963
7971 2658
7972 7963
7973 70
7974 7971
7975 276
7976 7963
7977 2662
7978 7963
7979 102
7980 7973
7981 348
7982 7963
7983 906
7984 7963
7985 1600
7986 7977
7987 166
7988 7963
7989 2670
7990 7963
7991 136
7992 7963
7993 2
7994 7993
7995 210
7996 7993
7997 732
7998 7993
7999 430
8000 7993
8001 130
8002 7993
8003 156
8004 7993
8005 1606
8006 7993
8007 162
8008 7993
8009 2
8010 8009
8011 2
8012 8011
8013 2676
8014 8011
8015 232
8016 8011
8017 2
8018 8017
8019 36
8020 8017
8021 618
8022 8017
8023 124
8024 8017
8025 324
8026 8017
8027 352
8028 8019
8029 40
8030 8017
8031 2682
8032 8017
8033 280
8034 8021
8035 1608
8036 8017
8037 52
8038 8017
8039 2
8040 8039
8041 46
8042 8039
8043 388
8044 8039
8045 1612
8046 8039
8047 628
8048 8039
8049 2686
8050 8041
8051 100
8052 8039
8053 2
8054 8053
8055 900
8056 8053
8057 1152
8058 8053
8059 2
8060 8059
8061 2688
8062 8059
8063 738
8064 8061
8065 1618
8066 8059
8067 2692
8068 8059
8069 2
8070 8069
8071 1162
8072 8069
8073 624
8074 8069
8075 330
8076 8069
8077 198
8078 8069
8079 2698
8080 8069
8081 2
8082 8081
8083 138
8084 8081
8085 250
8086 8081
8087 2
8088 8087
8089 2
8090 8089
8091 34
8092 8091
8093 2
8094 8093
8095 1620
8096 8093
8097 2706
8098 8093
8099 96
8100 8095
8101 2
8102 8101
8103 76
8104 8101
8105 1626
8106 8101
8107 70
8108 8101
8109 58
8110 8101
8111 2
8112 8111
8113 66
8114 8111
8115 546
8116 8111
8117 2
8118 8117
8119 358
8120 8117
8121 2710
8122 8117
8123 2
8124 8123
8125 630
8126 8123
8127 46
8128 8123
8129 742
8130 8123
8131 178
8132 8123
8133 2712
8134 8123
8135 1636
8136 8133
8137 106
8138 8123
8139 2718
8140 8123
8141 1170
8142 8127
8143 486
8144 8123
8145 190
8146 8123
8147 2
8148 8147
8149 282
8150 8147
8151 144
8152 8147
8153 268
8154 8147
8155 238
8156 8147
8157 2728
8158 8147
8159 206
8160 8147
8161 2
8162 8161
8163 910
8164 8161
8165 72
8166 8161
8167 2
8168 8167
8169 396
8170 8167
8171 2
8172 8171
8173 748
8174 8171
8175 112
8176 8175
8177 40
8178 8171
8179 2
8180 8179
8181 306
8182 8179
8183 172
8184 8179
8185 1656
8186 8179
8187 2730
8188 8179
8189 432
8190 8187
8191 2
8192 8191
8193 2740
8194 8191
8195 750
8196 8191
8197 1180
8198 8191
8199 918
8200 8191
8201 148
8202 8191
8203 640
8204 8191
8205 556
8206 8191
8207 292
8208 8191
8209 2
8210 8209
8211 26
8212 8209
8213 192
8214 8209
8215 58
8216 8211
8217 88
8218 8209
8219 2
8220 8219
8221 2
8222 8221
8223 2748
8224 8221
8225 52
8226 8221
8227 438
8228 8221
8229 222
8230 8221
8231 2
8232 8231
8233 2
8234 8233
8235 1650
8236 8233
8237 2
8238 8237
8239 108
8240 8237
8241 70
8242 8237
8243 2
8244 8243
8245 100
8246 8243
8247 2752
8248 8243
8249 124
8250 8243
8251 226
8252 8243
8253 136
8254 8243
8255 130
8256 8247
8257 366
8258 8243
8259 2766
8260 8243
8261 756
8262 8243
8263 2
8264 8263
8265 2760
8266 8263
8267 1186
8268 8263
8269 2
8270 8269
8271 928
8272 8269
8273 2
8274 8273
8275 336
8276 8273
8277 94
8278 8273
8279 490
8280 8273
8281 96
8282 8273
8283 256
8284 8273
8285 1662
8286 8273
8287 2
8288 8287
8289 310
8290 8287
8291 2
8292 8291
8293 2
8294 8293
8295 82
8296 8293
8297 2
8298 8297
8299 196
8300 8297
8301 2776
8302 8297
8303 26
8304 8297
8305 156
8306 8297
8307 216
8308 8297
8309 1192
8310 8297
8311 2
8312 8311
8313 166
8314 8311
8315 1666
8316 8311
8317 2
8318 8317
8319 60
8320 8317
8321 162
8322 8317
8323 42
8324 8317
8325 78
8326 8317
8327 760
8328 8317
8329 2
8330 8329
8331 2788
8332 8329
8333 642
8334 8329
8335 1668
8336 8329
8337 400
8338 8329
8339 270
8340 8335
8341 442
8342 8329
8343 106
8344 8329
8345 1690
8346 8333
8347 498
8348 8329
8349 36
8350 8329
8351 1198
8352 8349
8353 2
8354 8353
8355 1686
8356 8353
8357 138
8358 8353
8359 646
8360 8353
8361 934
8362 8353
8363 2
8364 8363
8365 1200
8366 8363
8367 2790
8368 8363
8369 2
8370 8369
8371 768
8372 8369
8373 2796
8374 8369
8375 1680
8376 8369
8377 2
8378 8377
8379 50
8380 8377
8381 30
8382 8377
8383 102
8384 8377
8385 46
8386 8377
8387 2
8388 8387
8389 2
8390 8389
8391 2800
8392 8389
8393 112
8394 8389
8395 76
8396 8389
8397 312
8398 8389
8399 228
8400 8393
8401 274
8402 8389
8403 2802
8404 8389
8405 210
8406 8403
8407 1212
8408 8389
8409 2818
8410 8389
8411 652
8412 8389
8413 180
8414 8389
8415 2808
8416 8389
8417 448
8418 8389
8419 2
8420 8419
8421 406
8422 8419
8423 2
8424 8423
8425 346
8426 8423
8427 58
8428 8423
8429 2
8430 8429
8431 2
8432 8431
8433 940
8434 8431
8435 248
8436 8431
8437 144
8438 8431
8439 100
8440 8431
8441 372
8442 8431
8443 2
8444 8443
8445 568
8446 8443
8447 2
8448 8447
8449 72
8450 8447
8451 316
8452 8447
8453 108
8454 8447
8455 1692
8456 8447
8457 2832
8458 8447
8459 772
8460 8455
8461 2
8462 8461
8463 408
8464 8461
8465 1696
8466 8461
8467 2
8468 8467
8469 946
8470 8467
8471 198
8472 8467
8473 232
8474 8467
8475 124
8476 8467
8477 178
8478 8467
8479 148
8480 8467
8481 262
8482 8467
8483 502
8484 8467
8485 1698
8486 8467
8487 208
8488 8467
8489 658
8490 8485
8491 1216
8492 8467
8493 150
8494 8467
8495 1706
8496 8467
8497 304
8498 8467
8499 2836
8500 8467
8501 2
8502 8501
8503 786
8504 8501
8505 1708
8506 8501
8507 190
8508 8501
8509 130
8510 8501
8511 2842
8512 8501
8513 2
8514 8513
8515 136
8516 8513
8517 172
8518 8513
8519 1222
8520 8513
8521 2
8522 8521
8523 952
8524 8521
8525 782
8526 8521
8527 2
8528 8527
8529 2848
8530 8527
8531 456
8532 8527
8533 58
8534 8527
8535 2850
8536 8527
8537 2
8538 8537
8539 2
8540 8539
8541 76
8542 8539
8543 2
8544 8543
8545 1720
8546 8543
8547 40
8548 8543
8549 106
8550 8543
8551 508
8552 8543
8553 2856
8554 8543
8555 300
8556 8543
8557 206
8558 8543
8559 328
8560 8547
8561 1228
8562 8543
8563 2
8564 8563
8565 574
8566 8563
8567 660
8568 8563
8569 42
8570 8563
8571 2860
8572 8563
8573 2
8574 8573
8575 250
8576 8573
8577 964
8578 8573
8579 376
8580 8573
8581 2
8582 8581
8583 2878
8584 8581
8585 102
8586 8581
8587 280
8588 8581
8589 418
8590 8581
8591 72
8592 8581
8593 672
8594 8581
8595 960
8596 8581
8597 2
8598 8597
8599 2
8600 8599
8601 66
8602 8599
8603 1230
8604 8599
8605 1722
8606 8599
8607 156
8608 8599
8609 2
8610 8609
8611 112
8612 8609
8613 36
8614 8609
8615 1732
8616 8609
8617 1236
8618 8609
8619 666
8620 8609
8621 238
8622 8609
8623 2
8624 8623
8625 378
8626 8623
8627 2
8628 8627
8629 2
8630 8629
8631 966
8632 8629
8633 100
8634 8629
8635 162
8636 8629
8637 2886
8638 8629
8639 166
8640 8629
8641 2
8642 8641
8643 70
8644 8641
8645 96
8646 8641
8647 2
8648 8647
8649 34
8650 8647
8651 222
8652 8647
8653 518
8654 8647
8655 586
8656 8647
8657 796
8658 8651
8659 1248
8660 8647
8661 2896
8662 8647
8663 2
8664 8663
8665 1738
8666 8663
8667 324
8668 8663
8669 2
8670 8669
8671 30
8672 8669
8673 60
8674 8669
8675 1740
8676 8669
8677 2
8678 8677
8679 268
8680 8677
8681 2
8682 8681
8683 460
8684 8681
8685 196
8686 8681
8687 76
8688 8681
8689 2
8690 8689
8691 2902
8692 8689
8693 2
8694 8693
8695 52
8696 8693
8697 226
8698 8693
8699 2
8700 8699
8701 124
8702 8699
8703 970
8704 8699
8705 1746
8706 8699
8707 2
8708 8707
8709 2908
8710 8707
8711 282
8712 8707
8713 2
8714 8713
8715 88
8716 8713
8717 382
8718 8713
8719 2
8720 8719
8721 330
8722 8719
8723 144
8724 8719
8725 352
8726 8719
8727 2916
8728 8719
8729 46
8730 8719
8731 2
8732 8731
8733 216
8734 8731
8735 1752
8736 8731
8737 2
8738 8737
8739 976
8740 8737
8741 2
8742 8741
8743 1258
8744 8741
8745 58
8746 8741
8747 2
8748 8747
8749 676
8750 8747
8751 2926
8752 8747
8753 2
8754 8753
8755 106
8756 8753
8757 148
8758 8753
8759 462
8760 8753
8761 2
8762 8761
8763 130
8764 8761
8765 1758
8766 8761
8767 808
8768 8761
8769 82
8770 8761
8771 180
8772 8761
8773 292
8774 8769
8775 78
8776 8761
8777 136
8778 8761
8779 2
8780 8779
8781 2938
8782 8779
8783 2
8784 8783
8785 256
8786 8783
8787 306
8788 8783
8789 520
8790 8783
8791 150
8792 8783
8793 982
8794 8783
8795 1774
8796 8783
8797 466
8798 8783
8799 420
8800 8783
8801 682
8802 8783
8803 2
8804 8803
8805 1776
8806 8803
8807 2
8808 8807
8809 388
8810 8807
8811 94
8812 8807
8813 1276
8814 8807
8815 210
8816 8807
8817 2952
8818 8807
8819 2
8820 8819
8821 2
8822 8821
8823 178
8824 8821
8825 358
8826 8821
8827 100
8828 8821
8829 112
8830 8821
8831 2
8832 8831
8833 76
8834 8831
8835 1768
8836 8831
8837 2
8838 8837
8839 2
8840 8839
8841 430
8842 8839
8843 240
8844 8839
8845 66
8846 8839
8847 986
8848 8839
8849 2
8850 8849
8851 172
8852 8849
8853 228
8854 8849
8855 1274
8856 8849
8857 522
8858 8849
8859 2956
8860 8849
8861 2
8862 8861
8863 2
8864 8863
8865 990
8866 8863
8867 2
8868 8867
8869 190
8870 8867
8871 2962
8872 8867
8873 478
8874 8867
8875 126
8876 8867
8877 270
8878 8867
8879 688
8880 8867
8881 108
8882 8867
8883 988
8884 8867
8885 1782
8886 8871
8887 2
8888 8887
8889 2968
8890 8887
8891 538
8892 8887
8893 2
8894 8893
8895 598
8896 8893
8897 42
8898 8893
8899 810
8900 8893
8901 208
8902 8893
8903 310
8904 8897
8905 690
8906 8893
8907 2970
8908 8893
8909 156
8910 8907
8911 70
8912 8893
8913 2998
8914 8893
8915 1786
8916 8893
8917 248
8918 8893
8919 996
8920 8893
8921 820
8922 8893
8923 2
8924 8923
8925 2988
8926 8923
8927 124
8928 8927
8929 2
8930 8929
8931 232
8932 8929
8933 2
8934 8933
8935 1788
8936 8933
8937 336
8938 8933
8939 1278
8940 8935
8941 2
8942 8941
8943 274
8944 8941
8945 1798
8946 8941
8947 396
8948 8941
8949 162
8950 8941
8951 2
8952 8951
8953 1282
8954 8951
8955 206
8956 8951
8957 58
8958 8951
8959 34
8960 8951
8961 106
8962 8951
8963 2
8964 8963
8965 166
8966 8963
8967 66
8968 8963
8969 2
8970 8969
8971 2
8972 8971
8973 1006
8974 8971
8975 366
8976 8971
8977 192
8978 8971
8979 76
8980 8971
8981 1288
8982 8971
8983 700
8984 8971
8985 1800
8986 8971
8987 46
8988 8971
8989 102
8990 8971
8991 1000
8992 8971
8993 26
8994 8971
8995 262
8996 8993
8997 3000
8998 8971
8999 2
9000 8999
9001 2
9002 9001
9003 3010
9004 9001
9005 1810
9006 9001
9007 2
9008 9007
9009 1008
9010 9007
9011 2
9012 9011
9013 2
9014 9013
9015 606
9016 9013
9017 130
9018 9013
9019 312
9020 9013
9021 100
9022 9013
9023 1290
9024 9013
9025 22
9026 9013
9027 60
9028 9013
9029 2
9030 9029
9031 822
9032 9029
9033 3018
9034 9029
9035 148
9036 9029
9037 1294
9038 9029
9039 136
9040 9029
9041 2
9042 9041
9043 2
9044 9043
9045 70
9046 9043
9047 112
9048 9043
9049 2
9050 9049
9051 1296
9052 9049
9053 826
9054 9049
9055 1822
9056 9049
9057 3022
9058 9049
9059 2
9060 9059
9061 42
9062 9059
9063 58
9064 9059
9065 250
9066 9059
9067 2
9068 9067
9069 3034
9070 9067
9071 196
9072 9067
9073 222
9074 9067
9075 276
9076 9067
9077 316
9078 9067
9079 1300
9080 9067
9081 3036
9082 9067
9083 304
9084 9067
9085 82
9086 9067
9087 238
9088 9067
9089 150
9090 9067
9091 2
9092 9091
9093 438
9094 9091
9095 108
9096 9091
9097 828
9098 9091
9099 346
9100 9091
9101 486
9102 9091
9103 2
9104 9103
9105 612
9106 9103
9107 1302
9108 9103
9109 2
9110 9109
9111 3040
9112 9109
9113 708
9114 9109
9115 1828
9116 9109
9117 1018
9118 9109
9119 838
9120 9111
9121 1306
9122 9109
9123 3048
9124 9109
9125 126
9126 9109
9127 2
9128 9127
9129 540
9130 9127
9131 400
9132 9127
9133 2
9134 9133
9135 1830
9136 9133
9137 2
9138 9137
9139 40
9140 9137
9141 280
9142 9137
9143 226
9144 9137
9145 300
9146 9137
9147 3058
9148 9137
9149 1318
9150 9137
9151 2
9152 9151
9153 124
9154 9151
9155 1846
9156 9151
9157 2
9158 9157
9159 216
9160 9157
9161 2
9162 9161
9163 1314
9164 9161
9165 52
9166 9161
9167 106
9168 9161
9169 178
9170 9161
9171 3060
9172 9161
9173 2
9174 9173
9175 372
9176 9173
9177 26
9178 9177
9179 138
9180 9173
9181 2
9182 9181
9183 3066
9184 9181
9185 172
9186 9181
9187 2
9188 9187
9189 1030
9190 9187
9191 102
9192 9187
9193 328
9194 9187
9195 616
9196 9187
9197 546
9198 9187
9199 2
9200 9199
9201 3078
9202 9199
9203 2
9204 9203
9205 268
9206 9203
9207 36
9208 9203
9209 2
9210 9209
9211 156
9212 9209
9213 88
9214 9209
9215 100
9216 9209
9217 718
9218 9209
9219 442
9220 9209
9221 2
9222 9221
9223 406
9224 9221
9225 210
9226 9221
9227 2
9228 9227
9229 850
9230 9227
9231 190
9232 9227
9233 1320
9234 9227
9235 1860
9236 9227
9237 3082
9238 9227
9239 2
9240 9239
9241 2
9242 9241
9243 82
9244 9241
9245 46
9246 9245
9247 1326
9248 9241
9249 3088
9250 9241
9251 30
9252 9241
9253 490
9254 9241
9255 1854
9256 9241
9257 2
9258 9257
9259 198
9260 9257
9261 50
9262 9257
9263 162
9264 9257
9265 112
9266 9257
9267 3108
9268 9257
9269 714
9270 9257
9271 130
9272 9257
9273 3102
9274 9257
9275 1856
9276 9257
9277 2
9278 9277
9279 3096
9280 9277
9281 2
9282 9281
9283 2
9284 9283
9285 628
9286 9283
9287 256
9288 9283
9289 1360
9290 9283
9291 166
9292 9283
9293 2
9294 9293
9295 848
9296 9293
9297 1038
9298 9293
9299 556
9300 9293
9301 136
9302 9293
9303 448
9304 9293
9305 1866
9306 9293
9307 228
9308 9293
9309 324
9310 9293
9311 2
9312 9311
9313 148
9314 9311
9315 624
9316 9311
9317 1356
9318 9311
9319 2
9320 9319
9321 240
9322 9319
9323 2
9324 9323
9325 376
9326 9323
9327 3118
9328 9323
9329 498
9330 9323
9331 1334
9332 9323
9333 66
9334 9323
9335 1870
9336 9323
9337 2
9338 9337
9339 292
9340 9337
9341 2
9342 9341
9343 2
9344 9343
9345 94
9346 9343
9347 726
9348 9343
9349 2
9350 9349
9351 1048
9352 9349
9353 206
9354 9349
9355 1872
9356 9349
9357 3120
9358 9349
9359 1344
9360 9357
9361 40
9362 9349
9363 3136
9364 9349
9365 1876
9366 9349
9367 330
9368 9349
9369 3132
9370 9349
9371 2
9372 9371
9373 106
9374 9371
9375 630
9376 9371
9377 2
9378 9377
9379 124
9380 9377
9381 60
9382 9377
9383 856
9384 9377
9385 1878
9386 9377
9387 150
9388 9377
9389 232
9390 9385
9391 2
9392 9391
9393 306
9394 9391
9395 1888
9396 9391
9397 2
9398 9397
9399 248
9400 9397
9401 82
9402 9397
9403 2
9404 9403
9405 286
9406 9403
9407 418
9408 9403
9409 100
9410 9403
9411 3162
9412 9403
9413 2
9414 9413
9415 1350
9416 9413
9417 76
9418 9413
9419 2
9420 9419
9421 2
9422 9421
9423 352
9424 9421
9425 30
9426 9421
9427 858
9428 9421
9429 456
9430 9421
9431 2
9432 9431
9433 2
9434 9433
9435 3160
9436 9433
9437 2
9438 9437
9439 2
9440 9439
9441 1050
9442 9439
9443 72
9444 9439
9445 1900
9446 9439
9447 3150
9448 9439
9449 862
9450 9447
9451 732
9452 9439
9453 414
9454 9439
9455 66
9456 9439
9457 196
9458 9439
9459 1060
9460 9439
9461 2
9462 9461
9463 2
9464 9463
9465 640
9466 9463
9467 2
9468 9467
9469 562
9470 9467
9471 42
9472 9467
9473 2
9474 9473
9475 382
9476 9473
9477 28
9478 9473
9479 2
9480 9479
9481 502
9482 9479
9483 112
9484 9479
9485 274
9486 9479
9487 180
9488 9479
9489 3166
9490 9479
9491 2
9492 9491
9493 876
9494 9491
9495 222
9496 9491
9497 2
9498 9497
9499 60
9500 9497
9501 3168
9502 9497
9503 46
9504 9501
9505 1906
9506 9497
9507 3180
9508 9497
9509 262
9510 9497
9511 2
9512 9511
9513 156
9514 9511
9515 178
9516 9513
9517 310
9518 9511
9519 172
9520 9511
9521 2
9522 9521
9523 108
9524 9521
9525 130
9526 9521
9527 1366
9528 9521
9529 738
9530 9521
9531 358
9532 9521
9533 2
9534 9533
9535 1912
9536 9533
9537 36
9538 9533
9539 2
9540 9539
9541 52
9542 9539
9543 3184
9544 9539
9545 88
9546 9539
9547 2
9548 9547
9549 3186
9550 9547
9551 2
9552 9551
9553 238
9554 9551
9555 250
9556 9551
9557 508
9558 9551
9559 82
9560 9551
9561 3190
9562 9551
9563 136
9564 9551
9565 1930
9566 9551
9567 1068
9568 9551
9569 1372
9570 9561
9571 568
9572 9551
9573 3202
9574 9551
9575 388
9576 9551
9577 162
9578 9551
9579 106
9580 9551
9581 144
9582 9551
9583 40
9584 9551
9585 216
9586 9551
9587 2
9588 9587
9589 226
9590 9587
9591 148
9592 9587
9593 190
9594 9587
9595 102
9596 9587
9597 460
9598 9587
9599 336
9600 9587
9601 2
9602 9601
9603 100
9604 9601
9605 124
9606 9601
9607 742
9608 9601
9609 3208
9610 9601
9611 1378
9612 9601
9613 2
9614 9613
9615 1926
9616 9613
9617 166
9618 9613
9619 2
9620 9619
9621 1086
9622 9619
9623 2
9624 9623
9625 1380
9626 9623
9627 3216
9628 9623
9629 2
9630 9629
9631 2
9632 9631
9633 3212
9634 9631
9635 210
9636 9633
9637 420
9638 9631
9639 28
9640 9631
9641 312
9642 9631
9643 2
9644 9643
9645 646
9646 9643
9647 880
9648 9643
9649 2
9650 9649
9651 3220
9652 9649
9653 198
9654 9649
9655 1932
9656 9649
9657 1080
9658 9649
9659 748
9660 9655
9661 2
9662 9661
9663 3228
9664 9661
9665 1948
9666 9661
9667 1396
9668 9661
9669 304
9670 9661
9671 518
9672 9661
9673 570
9674 9661
9675 78
9676 9661
9677 2
9678 9677
9679 2
9680 9679
9681 1386
9682 9679
9683 430
9684 9679
9685 750
9686 9679
9687 3250
9688 9679
9689 2
9690 9689
9691 882
9692 9689
9693 366
9694 9689
9695 280
9696 9689
9697 2
9698 9697
9699 3234
9700 9697
9701 112
9702 9699
9703 316
9704 9697
9705 652
9706 9697
9707 574
9708 9697
9709 76
9710 9697
9711 88
9712 9697
9713 886
9714 9697
9715 70
9716 9697
9717 82
9718 9697
9719 2
9720 9719
9721 2
9722 9721
9723 1398
9724 9721
9725 396
9726 9721
9727 138
9728 9721
9729 208
9730 9721
9731 268
9732 9721
9733 2
9734 9733
9735 300
9736 9733
9737 108
9738 9733
9739 2
9740 9739
9741 576
9742 9739
9743 2
9744 9743
9745 1950
9746 9743
9747 28
9748 9743
9749 2
9750 9749
9751 206
9752 9749
9753 3252
9754 9749
9755 1970
9756 9753
9757 906
9758 9749
9759 3256
9760 9749
9761 228
9762 9749
9763 756
9764 9749
9765 34
9766 9749
9767 2
9768 9767
9769 2
9770 9769
9771 3258
9772 9769
9773 346
9774 9771
9775 26
9776 9775
9777 3268
9778 9769
9779 130
9780 9769
9781 2
9782 9781
9783 3270
9784 9781
9785 106
9786 9781
9787 2
9788 9787
9789 256
9790 9787
9791 2
9792 9791
9793 1408
9794 9791
9795 658
9796 9791
9797 102
9798 9791
9799 240
9800 9791
9801 36
9802 9791
9803 2
9804 9803
9805 1972
9806 9803
9807 478
9808 9803
9809 586
9810 9803
9811 2
9812 9811
9813 3298
9814 9811
9815 156
9816 9811
9817 2
9818 9817
9819 3276
9820 9817
9821 66
9822 9817
9823 520
9824 9817
9825 136
9826 9817
9827 328
9828 9819
9829 2
9830 9829
9831 124
9832 9829
9833 2
9834 9833
9835 282
9836 9833
9837 3288
9838 9833
9839 2
9840 9839
9841 760
9842 9839
9843 196
9844 9839
9845 900
9846 9839
9847 232
9848 9839
9849 3290
9850 9839
9851 2
9852 9851
9853 172
9854 9851
9855 76
9856 9851
9857 2
9858 9857
9859 2
9860 9859
9861 178
9862 9859
9863 1422
9864 9859
9865 1978
9866 9859
9867 144
9868 9859
9869 148
9870 9859
9871 2
9872 9871
9873 1102
9874 9871
9875 126
9876 9871
9877 88
9878 9871
9879 94
9880 9871
9881 248
9882 9871
9883 2
9884 9883
9885 660
9886 9883
9887 2
9888 9887
9889 34
9890 9887
9891 162
9892 9887
9893 768
9894 9889
9895 1986
9896 9887
9897 3300
9898 9887
9899 522
9900 9897
9901 2
9902 9901
9903 3306
9904 9901
9905 292
9906 9901
9907 2
9908 9907
9909 372
9910 9907
9911 58
9912 9907
9913 432
9914 9907
9915 672
9916 9907
9917 222
9918 9911
9919 112
9920 9907
9921 3310
9922 9907
9923 2
9924 9923
9925 400
9926 9923
9927 1108
9928 9923
9929 2
9930 9929
9931 2
9932 9931
9933 3312
9934 9931
9935 1992
9936 9933
9937 538
9938 9931
9939 3318
9940 9931
9941 2
9942 9941
9943 166
9944 9941
9945 666
9946 9941
9947 50
9948 9941
9949 2
9950 9949
9951 324
9952 9949
9953 270
9954 9949
9955 190
9956 9949
9957 3322
9958 9949
9959 438
9960 9949
9961 1426
9962 9949
9963 42
9964 9949
9965 1996
9966 9957
9967 2
9968 9967
9969 3328
9970 9967
9971 60
9972 9967
9973 2
9974 9973
9975 286
9976 9973
9977 910
9978 9973
9979 592
9980 9973
9981 1116
9982 9973
9983 150
9984 9973
9985 1998
9986 9973
9987 3330
9988 9973
9989 1428
9990 9987
9991 106
9992 9973
9993 3342
9994 9973
9995 2002
9996 9989
9997 772
9998 9973
9999 306
10000 9973
