# Table of n, A272035(n) for n = 1..450.
1 0
2 1
3 38
4 39
5 2090
6 2091
7 16902
8 16903
9 18954
10 18955
11 18988
12 18989
13 131334
14 131335
15 133386
16 133387
17 133420
18 133421
19 148258
20 148259
21 150284
22 150285
23 524314
24 524315
25 524348
26 524349
27 526386
28 526387
29 541212
30 541213
31 543250
32 543251
33 543284
34 543285
35 655644
36 655645
37 657682
38 657683
39 657716
40 657717
41 672568
42 672569
43 674580
44 674581
45 8388742
46 8388743
47 8390794
48 8390795
49 8390828
50 8390829
51 8405666
52 8405667
53 8407692
54 8407693
55 8520098
56 8520099
57 8522124
58 8522125
59 8536962
60 8536963
61 8536996
62 8536997
63 8539048
64 8539049
65 8913052
66 8913053
67 8915090
68 8915091
69 8915124
70 8915125
71 8929976
72 8929977
73 8931988
74 8931989
75 9044408
76 9044409
77 9046420
78 9046421
79 9061272
80 9061273
81 9061310
82 9061311
83 9063344
84 9063345
85 134225994
86 134225995
87 134226028
88 134226029
89 134228066
90 134228067
91 134242892
92 134242893
93 134244930
94 134244931
95 134244964
96 134244965
97 134357324
98 134357325
99 134359362
100 134359363
101 134359396
102 134359397
103 134374248
104 134374249
105 134376260
106 134376261
107 134750290
108 134750291
109 134750324
110 134750325
111 134752376
112 134752377
113 134767188
114 134767189
115 134769240
116 134769241
117 134769278
118 134769279
119 134881620
120 134881621
121 134883672
122 134883673
123 134883710
124 134883711
125 134898544
126 134898545
127 134900574
128 134900575
129 135266346
130 135266347
131 135268358
132 135268359
133 135283210
134 135283211
135 135283244
136 135283245
137 135285282
138 135285283
139 135397642
140 135397643
141 135397676
142 135397677
143 135399714
144 135399715
145 135414540
146 135414541
147 135416578
148 135416579
149 135416612
150 135416613
151 135790642
152 135790643
153 135792668
154 135792669
155 135807506
156 135807507
157 135807540
158 135807541
159 135809592
160 135809593
161 135921938
162 135921939
163 135921972
164 135921973
165 135924024
166 135924025
167 135938836
168 135938837
169 135940888
170 135940889
171 135940926
172 135940927
173 142614732
174 142614733
175 142616770
176 142616771
177 142616804
178 142616805
179 142631656
180 142631657
181 142633668
182 142633669
183 142746088
184 142746089
185 142748100
186 142748101
187 142762952
188 142762953
189 142762990
190 142762991
191 142765024
192 142765025
193 143139028
194 143139029
195 143141080
196 143141081
197 143141118
198 143141119
199 143155952
200 143155953
201 143157982
202 143157983
203 143270384
204 143270385
205 143272414
206 143272415
207 143287248
208 143287249
209 143287286
210 143287287
211 143289338
212 143289339
213 143655050
214 143655051
215 143655084
216 143655085
217 143657122
218 143657123
219 143671948
220 143671949
221 143673986
222 143673987
223 143674020
224 143674021
225 143786380
226 143786381
227 143788418
228 143788419
229 143788452
230 143788453
231 143803304
232 143803305
233 143805316
234 143805317
235 144179346
236 144179347
237 144179380
238 144179381
239 144181432
240 144181433
241 144196244
242 144196245
243 144198296
244 144198297
245 144198334
246 144198335
247 144310676
248 144310677
249 144312728
250 144312729
251 144312766
252 144312767
253 144327600
254 144327601
255 144329630
256 144329631
257 536871474
258 536871475
259 536873500
260 536873501
261 537002770
262 537002771
263 537002804
264 537002805
265 537004856
266 537004857
267 537395242
268 537395243
269 537397254
270 537397255
271 537412106
272 537412107
273 537412140
274 537412141
275 537414178
276 537414179
277 537526538
278 537526539
279 537526572
280 537526573
281 537528610
282 537528611
283 537543436
284 537543437
285 537545474
286 537545475
287 537545508
288 537545509
289 545260178
290 545260179
291 545260212
292 545260213
293 545262264
294 545262265
295 545391508
296 545391509
297 545393560
298 545393561
299 545393598
300 545393599
301 545783946
302 545783947
303 545783980
304 545783981
305 545786018
306 545786019
307 545800844
308 545800845
309 545802882
310 545802883
311 545802916
312 545802917
313 545915276
314 545915277
315 545917314
316 545917315
317 545917348
318 545917349
319 545932200
320 545932201
321 545934212
322 545934213
323 671097464
324 671097465
325 671099476
326 671099477
327 671228760
328 671228761
329 671228798
330 671228799
331 671230832
332 671230833
333 671621218
334 671621219
335 671623244
336 671623245
337 671638082
338 671638083
339 671638116
340 671638117
341 671640168
342 671640169
343 671752514
344 671752515
345 671752548
346 671752549
347 671754600
348 671754601
349 671769412
350 671769413
351 671771464
352 671771465
353 671771502
354 671771503
355 672137756
356 672137757
357 672139794
358 672139795
359 672139828
360 672139829
361 672269112
362 672269113
363 672271124
364 672271125
365 672661510
366 672661511
367 672663562
368 672663563
369 672663596
370 672663597
371 672678434
372 672678435
373 672680460
374 672680461
375 672792866
376 672792867
377 672794892
378 672794893
379 672809730
380 672809731
381 672809764
382 672809765
383 672811816
384 672811817
385 679486168
386 679486169
387 679486206
388 679486207
389 679488240
390 679488241
391 679617502
392 679617503
393 679619536
394 679619537
395 679619574
396 679619575
397 680009922
398 680009923
399 680009956
400 680009957
401 680012008
402 680012009
403 680026820
404 680026821
405 680028872
406 680028873
407 680028910
408 680028911
409 680141252
410 680141253
411 680143304
412 680143305
413 680143342
414 680143343
415 680158176
416 680158177
417 680160206
418 680160207
419 680526520
420 680526521
421 680528532
422 680528533
423 680657816
424 680657817
425 680657854
426 680657855
427 680659888
428 680659889
429 681050274
430 681050275
431 681052300
432 681052301
433 681067138
434 681067139
435 681067172
436 681067173
437 681069224
438 681069225
439 681181570
440 681181571
441 681181604
442 681181605
443 681183656
444 681183657
445 681198468
446 681198469
447 681200520
448 681200521
449 681200558
450 681200559
