1 1
2 1
3 2
4 1
5 2
6 1
7 2
8 3
9 4
10 1
11 3
12 4
13 5
14 1
15 2
16 4
17 2
18 3
19 4
20 5
21 7
22 2
23 3
24 5
25 6
26 7
27 8
28 1
29 3
30 6
31 7
32 8
33 9
34 1
35 2
36 4
37 7
38 3
39 4
40 5
41 7
42 8
43 11
44 1
45 4
46 5
47 6
48 8
49 9
50 11
51 12
52 2
53 5
54 6
55 9
56 10
57 11
58 12
59 13
60 1
61 3
62 6
63 10
64 11
65 12
66 13
67 14
68 1
69 2
70 4
71 7
72 11
73 3
74 5
75 7
76 8
77 11
78 12
79 16
80 2
81 6
82 7
83 8
84 9
85 12
86 13
87 16
88 17
89 3
90 4
91 8
92 9
93 10
94 13
95 14
96 16
97 17
98 18
99 2
100 5
101 9
102 10
103 14
104 15
105 16
106 17
107 18
108 19
109 1
110 3
111 6
112 10
113 15
114 16
115 17
116 18
117 19
118 20
119 1
120 2
121 4
122 7
123 11
124 16
125 3
126 5
127 8
128 11
129 12
130 16
131 17
132 22
133 4
134 6
135 9
136 11
137 12
138 13
139 17
140 18
141 22
142 23
143 1
144 5
145 7
146 10
147 12
148 13
149 14
150 18
151 19
152 22
153 23
154 24
155 4
156 6
157 8
158 13
159 14
160 15
161 19
162 20
163 22
164 23
165 24
166 25
167 2
168 5
169 9
170 14
171 15
172 20
173 21
174 22
175 23
176 24
177 25
178 26
179 1
180 3
181 6
182 10
183 15
184 21
185 22
186 23
187 24
188 25
189 26
190 27
191 1
192 2
193 4
194 7
195 11
196 16
197 22
198 3
199 5
200 8
201 12
202 16
203 17
204 22
205 23
206 29
207 6
208 7
209 9
210 13
211 16
212 17
213 18
214 23
215 24
216 29
217 30
218 2
219 8
220 10
221 11
222 14
223 17
224 18
225 19
226 24
227 25
228 29
229 30
230 31
231 3
232 7
233 9
234 12
235 15
236 18
237 19
238 20
239 25
240 26
241 29
242 30
243 31
244 32
245 4
246 8
247 10
248 13
249 19
250 20
251 21
252 26
253 27
254 29
255 30
256 31
257 32
258 33
259 2
260 5
261 9
262 14
263 20
264 21
265 27
266 28
267 29
268 30
269 31
270 32
271 33
272 34
273 1
274 3
275 6
276 10
277 15
278 21
279 28
280 29
281 30
282 31
283 32
284 33
285 34
286 35
287 1
288 2
289 4
290 7
291 11
292 16
293 22
294 29
295 3
296 5
297 8
298 12
299 17
300 22
301 23
302 29
303 30
304 37
305 6
306 9
307 11
308 13
309 18
310 22
311 23
312 24
313 30
314 31
315 37
316 38
317 4
318 10
319 12
320 14
321 16
322 19
323 23
324 24
325 25
326 31
327 32
328 37
329 38
330 39
331 1
332 5
333 11
334 13
335 15
336 17
337 20
338 24
339 25
340 26
341 32
342 33
343 37
344 38
345 39
346 40
347 6
348 7
349 12
350 14
351 18
352 21
353 25
354 26
355 27
356 33
357 34
358 37
359 38
360 39
361 40
362 41
363 4
364 8
365 13
366 15
367 19
368 26
369 27
370 28
371 34
372 35
373 37
374 38
375 39
376 40
377 41
378 42
379 2
380 5
381 9
382 14
383 20
384 27
385 28
386 35
387 36
388 37
389 38
390 39
391 40
392 41
393 42
394 43
395 1
396 3
397 6
398 10
399 15
400 21
401 28
402 36
403 37
404 38
405 39
406 40
407 41
408 42
409 43
410 44
411 1
412 2
413 4
414 7
415 11
416 16
417 22
418 29
419 37
420 3
421 5
422 8
423 12
424 17
425 23
426 29
427 30
428 37
429 38
430 46
431 6
432 9
433 13
434 16
435 18
436 24
437 29
438 30
439 31
440 38
441 39
442 46
443 47
444 7
445 10
446 14
447 17
448 19
449 22
450 25
451 30
452 31
453 32
454 39
455 40
456 46
457 47
458 48
459 2
460 8
461 15
462 16
463 18
464 20
465 23
466 26
467 31
468 32
469 33
470 40
471 41
472 46
473 47
474 48
475 49
476 3
477 9
478 11
479 17
480 19
481 21
482 24
483 27
484 32
485 33
486 34
487 41
488 42
489 46
490 47
491 48
492 49
493 50
494 7
495 10
496 12
497 18
498 20
499 25
500 28
501 33
502 34
503 35
504 42
505 43
506 46
507 47
508 48
509 49
510 50
511 51
512 4
513 8
514 13
515 19
516 21
517 26
518 34
519 35
520 36
521 43
522 44
523 46
524 47
525 48
526 49
527 50
528 51
529 52
530 2
531 5
532 9
533 14
534 20
535 27
536 35
537 36
538 44
539 45
540 46
541 47
542 48
543 49
544 50
545 51
546 52
547 53
548 1
549 3
550 6
551 10
552 15
553 21
554 28
555 36
556 45
557 46
558 47
559 48
560 49
561 50
562 51
563 52
564 53
565 54
566 1
567 2
568 4
569 7
570 11
571 16
572 22
573 29
574 37
575 46
576 3
577 5
578 8
579 12
580 17
581 23
582 30
583 37
584 38
585 46
586 47
587 56
588 6
589 9
590 13
591 18
592 22
593 24
594 31
595 37
596 38
597 39
598 47
599 48
600 56
601 57
602 10
603 11
604 14
605 19
606 23
607 25
608 29
609 32
610 38
611 39
612 40
613 48
614 49
615 56
616 57
617 58
618 4
619 12
620 15
621 20
622 22
623 24
624 26
625 30
626 33
627 39
628 40
629 41
630 49
631 50
632 56
633 57
634 58
635 59
636 1
637 5
638 13
639 16
640 21
641 23
642 25
643 27
644 31
645 34
646 40
647 41
648 42
649 50
650 51
651 56
652 57
653 58
654 59
655 60
656 6
657 11
658 14
659 17
660 24
661 26
662 28
663 32
664 35
665 41
666 42
667 43
668 51
669 52
670 56
671 57
672 58
673 59
674 60
675 61
676 7
677 12
678 15
679 18
680 25
681 27
682 33
683 36
684 42
685 43
686 44
687 52
688 53
689 56
690 57
691 58
692 59
693 60
694 61
695 62
696 4
697 8
698 13
699 19
700 26
701 28
702 34
703 43
704 44
705 45
706 53
707 54
708 56
709 57
710 58
711 59
712 60
713 61
714 62
715 63
716 2
717 5
718 9
719 14
720 20
721 27
722 35
723 44
724 45
725 54
726 55
727 56
728 57
729 58
730 59
731 60
732 61
733 62
734 63
735 64
736 1
737 3
738 6
739 10
740 15
741 21
742 28
743 36
744 45
745 55
746 56
747 57
748 58
749 59
750 60
751 61
752 62
753 63
754 64
755 65
756 1
757 2
758 4
759 7
760 11
761 16
762 22
763 29
764 37
765 46
766 56
767 3
768 5
769 8
770 12
771 17
772 23
773 30
774 38
775 46
776 47
777 56
778 57
779 67
780 6
781 9
782 13
783 18
784 24
785 29
786 31
787 39
788 46
789 47
790 48
791 57
792 58
793 67
794 68
795 10
796 14
797 16
798 19
799 25
800 30
801 32
802 37
803 40
804 47
805 48
806 49
807 58
808 59
809 67
810 68
811 69
812 7
813 15
814 17
815 20
816 26
817 29
818 31
819 33
820 38
821 41
822 48
823 49
824 50
825 59
826 60
827 67
828 68
829 69
830 70
831 2
832 8
833 18
834 21
835 22
836 27
837 30
838 32
839 34
840 39
841 42
842 49
843 50
844 51
845 60
846 61
847 67
848 68
849 69
850 70
851 71
852 3
853 9
854 16
855 19
856 23
857 28
858 31
859 33
860 35
861 40
862 43
863 50
864 51
865 52
866 61
867 62
868 67
869 68
870 69
871 70
872 71
873 72
874 10
875 11
876 17
877 20
878 24
879 32
880 34
881 36
882 41
883 44
884 51
885 52
886 53
887 62
888 63
889 67
890 68
891 69
892 70
893 71
894 72
895 73
896 7
897 12
898 18
899 21
900 25
901 33
902 35
903 42
904 45
905 52
906 53
907 54
908 63
909 64
910 67
911 68
912 69
913 70
914 71
915 72
916 73
917 74
918 4
919 8
920 13
921 19
922 26
923 34
924 36
925 43
926 53
927 54
928 55
929 64
930 65
931 67
932 68
933 69
934 70
935 71
936 72
937 73
938 74
939 75
940 2
941 5
942 9
943 14
944 20
945 27
946 35
947 44
948 54
949 55
950 65
951 66
952 67
953 68
954 69
955 70
956 71
957 72
958 73
959 74
960 75
961 76
962 1
963 3
964 6
965 10
966 15
967 21
968 28
969 36
970 45
971 55
972 66
973 67
974 68
975 69
976 70
977 71
978 72
979 73
980 74
981 75
982 76
983 77
984 1
985 2
986 4
987 7
988 11
989 16
990 22
991 29
992 37
993 46
994 56
995 67
996 3
997 5
998 8
999 12
1000 17
1001 23
1002 30
1003 38
1004 47
1005 56
1006 57
1007 67
1008 68
1009 79
1010 6
1011 9
1012 13
1013 18
1014 24
1015 31
1016 37
1017 39
1018 48
1019 56
1020 57
1021 58
1022 68
1023 69
1024 79
1025 80
1026 10
1027 14
1028 19
1029 22
1030 25
1031 32
1032 38
1033 40
1034 46
1035 49
1036 57
1037 58
1038 59
1039 69
1040 70
1041 79
1042 80
1043 81
1044 11
1045 15
1046 20
1047 23
1048 26
1049 33
1050 37
1051 39
1052 41
1053 47
1054 50
1055 58
1056 59
1057 60
1058 70
1059 71
1060 79
1061 80
1062 81
1063 82
1064 4
1065 12
1066 21
1067 24
1068 27
1069 29
1070 34
1071 38
1072 40
1073 42
1074 48
1075 51
1076 59
1077 60
1078 61
1079 71
1080 72
1081 79
1082 80
1083 81
1084 82
1085 83
1086 1
1087 5
1088 13
1089 22
1090 25
1091 28
1092 30
1093 35
1094 39
1095 41
1096 43
1097 49
1098 52
1099 60
1100 61
1101 62
1102 72
1103 73
1104 79
1105 80
1106 81
1107 82
1108 83
1109 84
1110 6
1111 14
1112 16
1113 23
1114 26
1115 31
1116 36
1117 40
1118 42
1119 44
1120 50
1121 53
1122 61
1123 62
1124 63
1125 73
1126 74
1127 79
1128 80
1129 81
1130 82
1131 83
1132 84
1133 85
1134 11
1135 15
1136 17
1137 24
1138 27
1139 32
1140 41
1141 43
1142 45
1143 51
1144 54
1145 62
1146 63
1147 64
1148 74
1149 75
1150 79
1151 80
1152 81
1153 82
1154 83
1155 84
1156 85
1157 86
1158 7
1159 12
1160 18
1161 25
1162 28
1163 33
1164 42
1165 44
1166 52
1167 55
1168 63
1169 64
1170 65
1171 75
1172 76
1173 79
1174 80
1175 81
1176 82
1177 83
1178 84
1179 85
1180 86
1181 87
1182 4
1183 8
1184 13
1185 19
1186 26
1187 34
1188 43
1189 45
1190 53
1191 64
1192 65
1193 66
1194 76
1195 77
1196 79
1197 80
1198 81
1199 82
1200 83
1201 84
1202 85
1203 86
1204 87
1205 88
1206 2
1207 5
1208 9
1209 14
1210 20
1211 27
1212 35
1213 44
1214 54
1215 65
1216 66
1217 77
1218 78
1219 79
1220 80
1221 81
1222 82
1223 83
1224 84
1225 85
1226 86
1227 87
1228 88
1229 89
1230 1
1231 3
1232 6
1233 10
1234 15
1235 21
1236 28
1237 36
1238 45
1239 55
1240 66
1241 78
1242 79
1243 80
1244 81
1245 82
1246 83
1247 84
1248 85
1249 86
1250 87
1251 88
1252 89
1253 90
1254 1
1255 2
1256 4
1257 7
1258 11
1259 16
1260 22
1261 29
1262 37
1263 46
1264 56
1265 67
1266 79
1267 3
1268 5
1269 8
1270 12
1271 17
1272 23
1273 30
1274 38
1275 47
1276 57
1277 67
1278 68
1279 79
1280 80
1281 92
1282 6
1283 9
1284 13
1285 18
1286 24
1287 31
1288 39
1289 46
1290 48
1291 58
1292 67
1293 68
1294 69
1295 80
1296 81
1297 92
1298 93
1299 10
1300 14
1301 19
1302 25
1303 29
1304 32
1305 40
1306 47
1307 49
1308 56
1309 59
1310 68
1311 69
1312 70
1313 81
1314 82
1315 92
1316 93
1317 94
1318 15
1319 16
1320 20
1321 26
1322 30
1323 33
1324 41
1325 46
1326 48
1327 50
1328 57
1329 60
1330 69
1331 70
1332 71
1333 82
1334 83
1335 92
1336 93
1337 94
1338 95
1339 7
1340 17
1341 21
1342 27
1343 31
1344 34
1345 37
1346 42
1347 47
1348 49
1349 51
1350 58
1351 61
1352 70
1353 71
1354 72
1355 83
1356 84
1357 92
1358 93
1359 94
1360 95
1361 96
1362 2
1363 8
1364 18
1365 28
1366 29
1367 32
1368 35
1369 38
1370 43
1371 48
1372 50
1373 52
1374 59
1375 62
1376 71
1377 72
1378 73
1379 84
1380 85
1381 92
1382 93
1383 94
1384 95
1385 96
1386 97
1387 3
1388 9
1389 19
1390 22
1391 30
1392 33
1393 36
1394 39
1395 44
1396 49
1397 51
1398 53
1399 60
1400 63
1401 72
1402 73
1403 74
1404 85
1405 86
1406 92
1407 93
1408 94
1409 95
1410 96
1411 97
1412 98
1413 10
1414 16
1415 20
1416 23
1417 31
1418 34
1419 40
1420 45
1421 50
1422 52
1423 54
1424 61
1425 64
1426 73
1427 74
1428 75
1429 86
1430 87
1431 92
1432 93
1433 94
1434 95
1435 96
1436 97
1437 98
1438 99
1439 11
1440 17
1441 21
1442 24
1443 32
1444 35
1445 41
1446 51
1447 53
1448 55
1449 62
1450 65
1451 74
1452 75
1453 76
1454 87
1455 88
1456 92
1457 93
1458 94
1459 95
1460 96
1461 97
1462 98
1463 99
1464 100
1465 7
1466 12
1467 18
1468 25
1469 33
1470 36
1471 42
1472 52
1473 54
1474 63
1475 66
1476 75
1477 76
1478 77
1479 88
1480 89
1481 92
1482 93
1483 94
1484 95
1485 96
1486 97
1487 98
1488 99
1489 100
1490 101
1491 4
1492 8
1493 13
1494 19
1495 26
1496 34
1497 43
1498 53
1499 55
1500 64
1501 76
1502 77
1503 78
1504 89
1505 90
1506 92
1507 93
1508 94
1509 95
1510 96
1511 97
1512 98
1513 99
1514 100
1515 101
1516 102
1517 2
1518 5
1519 9
1520 14
1521 20
1522 27
1523 35
1524 44
1525 54
1526 65
1527 77
1528 78
1529 90
1530 91
1531 92
1532 93
1533 94
1534 95
1535 96
1536 97
1537 98
1538 99
1539 100
1540 101
1541 102
1542 103
1543 1
1544 3
1545 6
1546 10
1547 15
1548 21
1549 28
1550 36
1551 45
1552 55
1553 66
1554 78
1555 91
1556 92
1557 93
1558 94
1559 95
1560 96
1561 97
1562 98
1563 99
1564 100
1565 101
1566 102
1567 103
1568 104
1569 1
1570 2
1571 4
1572 7
1573 11
1574 16
1575 22
1576 29
1577 37
1578 46
1579 56
1580 67
1581 79
1582 92
1583 3
1584 5
1585 8
1586 12
1587 17
1588 23
1589 30
1590 38
1591 47
1592 57
1593 68
1594 79
1595 80
1596 92
1597 93
1598 106
1599 6
1600 9
1601 13
1602 18
1603 24
1604 31
1605 39
1606 48
1607 56
1608 58
1609 69
1610 79
1611 80
1612 81
1613 93
1614 94
1615 106
1616 107
1617 10
1618 14
1619 19
1620 25
1621 32
1622 37
1623 40
1624 49
1625 57
1626 59
1627 67
1628 70
1629 80
1630 81
1631 82
1632 94
1633 95
1634 106
1635 107
1636 108
1637 15
1638 20
1639 22
1640 26
1641 33
1642 38
1643 41
1644 50
1645 56
1646 58
1647 60
1648 68
1649 71
1650 81
1651 82
1652 83
1653 95
1654 96
1655 106
1656 107
1657 108
1658 109
1659 11
1660 21
1661 23
1662 27
1663 34
1664 39
1665 42
1666 46
1667 51
1668 57
1669 59
1670 61
1671 69
1672 72
1673 82
1674 83
1675 84
1676 96
1677 97
1678 106
1679 107
1680 108
1681 109
1682 110
1683 4
1684 12
1685 24
1686 28
1687 35
1688 37
1689 40
1690 43
1691 47
1692 52
1693 58
1694 60
1695 62
1696 70
1697 73
1698 83
1699 84
1700 85
1701 97
1702 98
1703 106
1704 107
1705 108
1706 109
1707 110
1708 111
1709 1
1710 5
1711 13
1712 25
1713 29
1714 36
1715 38
1716 41
1717 44
1718 48
1719 53
1720 59
1721 61
1722 63
1723 71
1724 74
1725 84
1726 85
1727 86
1728 98
1729 99
1730 106
1731 107
1732 108
1733 109
1734 110
1735 111
1736 112
1737 6
1738 14
1739 22
1740 26
1741 30
1742 39
1743 42
1744 45
1745 49
1746 54
1747 60
1748 62
1749 64
1750 72
1751 75
1752 85
1753 86
1754 87
1755 99
1756 100
1757 106
1758 107
1759 108
1760 109
1761 110
1762 111
1763 112
1764 113
1765 15
1766 16
1767 23
1768 27
1769 31
1770 40
1771 43
1772 50
1773 55
1774 61
1775 63
1776 65
1777 73
1778 76
1779 86
1780 87
1781 88
1782 100
1783 101
1784 106
1785 107
1786 108
1787 109
1788 110
1789 111
1790 112
1791 113
1792 114
1793 11
1794 17
1795 24
1796 28
1797 32
1798 41
1799 44
1800 51
1801 62
1802 64
1803 66
1804 74
1805 77
1806 87
1807 88
1808 89
1809 101
1810 102
1811 106
1812 107
1813 108
1814 109
1815 110
1816 111
1817 112
1818 113
1819 114
1820 115
1821 7
1822 12
1823 18
1824 25
1825 33
1826 42
1827 45
1828 52
1829 63
1830 65
1831 75
1832 78
1833 88
1834 89
1835 90
1836 102
1837 103
1838 106
1839 107
1840 108
1841 109
1842 110
1843 111
1844 112
1845 113
1846 114
1847 115
1848 116
1849 4
1850 8
1851 13
1852 19
1853 26
1854 34
1855 43
1856 53
1857 64
1858 66
1859 76
1860 89
1861 90
1862 91
1863 103
1864 104
1865 106
1866 107
1867 108
1868 109
1869 110
1870 111
1871 112
1872 113
1873 114
1874 115
1875 116
1876 117
1877 2
1878 5
1879 9
1880 14
1881 20
1882 27
1883 35
1884 44
1885 54
1886 65
1887 77
1888 90
1889 91
1890 104
1891 105
1892 106
1893 107
1894 108
1895 109
1896 110
1897 111
1898 112
1899 113
1900 114
1901 115
1902 116
1903 117
1904 118
1905 1
1906 3
1907 6
1908 10
1909 15
1910 21
1911 28
1912 36
1913 45
1914 55
1915 66
1916 78
1917 91
1918 105
1919 106
1920 107
1921 108
1922 109
1923 110
1924 111
1925 112
1926 113
1927 114
1928 115
1929 116
1930 117
1931 118
1932 119
1933 1
1934 2
1935 4
1936 7
1937 11
1938 16
1939 22
1940 29
1941 37
1942 46
1943 56
1944 67
1945 79
1946 92
1947 106
1948 3
1949 5
1950 8
1951 12
1952 17
1953 23
1954 30
1955 38
1956 47
1957 57
1958 68
1959 80
1960 92
1961 93
1962 106
1963 107
1964 121
1965 6
1966 9
1967 13
1968 18
1969 24
1970 31
1971 39
1972 48
1973 58
1974 67
1975 69
1976 81
1977 92
1978 93
1979 94
1980 107
1981 108
1982 121
1983 122
1984 10
1985 14
1986 19
1987 25
1988 32
1989 40
1990 46
1991 49
1992 59
1993 68
1994 70
1995 79
1996 82
1997 93
1998 94
1999 95
2000 108
2001 109
2002 121
2003 122
2004 123
2005 15
2006 20
2007 26
2008 29
2009 33
2010 41
2011 47
2012 50
2013 60
2014 67
2015 69
2016 71
2017 80
2018 83
2019 94
2020 95
2021 96
2022 109
2023 110
2024 121
2025 122
2026 123
2027 124
2028 16
2029 21
2030 27
2031 30
2032 34
2033 42
2034 48
2035 51
2036 56
2037 61
2038 68
2039 70
2040 72
2041 81
2042 84
2043 95
2044 96
2045 97
2046 110
2047 111
2048 121
2049 122
2050 123
2051 124
2052 125
2053 7
2054 17
2055 28
2056 31
2057 35
2058 43
2059 46
2060 49
2061 52
2062 57
2063 62
2064 69
2065 71
2066 73
2067 82
2068 85
2069 96
2070 97
2071 98
2072 111
2073 112
2074 121
2075 122
2076 123
2077 124
2078 125
2079 126
2080 2
2081 8
2082 18
2083 32
2084 36
2085 37
2086 44
2087 47
2088 50
2089 53
2090 58
2091 63
2092 70
2093 72
2094 74
2095 83
2096 86
2097 97
2098 98
2099 99
2100 112
2101 113
2102 121
2103 122
2104 123
2105 124
2106 125
2107 126
2108 127
2109 3
2110 9
2111 19
2112 29
2113 33
2114 38
2115 45
2116 48
2117 51
2118 54
2119 59
2120 64
2121 71
2122 73
2123 75
2124 84
2125 87
2126 98
2127 99
2128 100
2129 113
2130 114
2131 121
2132 122
2133 123
2134 124
2135 125
2136 126
2137 127
2138 128
2139 10
2140 20
2141 22
2142 30
2143 34
2144 39
2145 49
2146 52
2147 55
2148 60
2149 65
2150 72
2151 74
2152 76
2153 85
2154 88
2155 99
2156 100
2157 101
2158 114
2159 115
2160 121
2161 122
2162 123
2163 124
2164 125
2165 126
2166 127
2167 128
2168 129
2169 16
2170 21
2171 23
2172 31
2173 35
2174 40
2175 50
2176 53
2177 61
2178 66
2179 73
2180 75
2181 77
2182 86
2183 89
2184 100
2185 101
2186 102
2187 115
2188 116
2189 121
2190 122
2191 123
2192 124
2193 125
2194 126
2195 127
2196 128
2197 129
2198 130
2199 11
2200 17
2201 24
2202 32
2203 36
2204 41
2205 51
2206 54
2207 62
2208 74
2209 76
2210 78
2211 87
2212 90
2213 101
2214 102
2215 103
2216 116
2217 117
2218 121
2219 122
2220 123
2221 124
2222 125
2223 126
2224 127
2225 128
2226 129
2227 130
2228 131
2229 7
2230 12
2231 18
2232 25
2233 33
2234 42
2235 52
2236 55
2237 63
2238 75
2239 77
2240 88
2241 91
2242 102
2243 103
2244 104
2245 117
2246 118
2247 121
2248 122
2249 123
2250 124
2251 125
2252 126
2253 127
2254 128
2255 129
2256 130
2257 131
2258 132
2259 4
2260 8
2261 13
2262 19
2263 26
2264 34
2265 43
2266 53
2267 64
2268 76
2269 78
2270 89
2271 103
2272 104
2273 105
2274 118
2275 119
2276 121
2277 122
2278 123
2279 124
2280 125
2281 126
2282 127
2283 128
2284 129
2285 130
2286 131
2287 132
2288 133
2289 2
2290 5
2291 9
2292 14
2293 20
2294 27
2295 35
2296 44
2297 54
2298 65
2299 77
2300 90
2301 104
2302 105
2303 119
2304 120
2305 121
2306 122
2307 123
2308 124
2309 125
2310 126
2311 127
2312 128
2313 129
2314 130
2315 131
2316 132
2317 133
2318 134
2319 1
2320 3
2321 6
2322 10
2323 15
2324 21
2325 28
2326 36
2327 45
2328 55
2329 66
2330 78
2331 91
2332 105
2333 120
2334 121
2335 122
2336 123
2337 124
2338 125
2339 126
2340 127
2341 128
2342 129
2343 130
2344 131
2345 132
2346 133
2347 134
2348 135
2349 1
2350 2
2351 4
2352 7
2353 11
2354 16
2355 22
2356 29
2357 37
2358 46
2359 56
2360 67
2361 79
2362 92
2363 106
2364 121
2365 3
2366 5
2367 8
2368 12
2369 17
2370 23
2371 30
2372 38
2373 47
2374 57
2375 68
2376 80
2377 93
2378 106
2379 107
2380 121
2381 122
2382 137
2383 6
2384 9
2385 13
2386 18
2387 24
2388 31
2389 39
2390 48
2391 58
2392 69
2393 79
2394 81
2395 94
2396 106
2397 107
2398 108
2399 122
2400 123
2401 137
2402 138
2403 10
2404 14
2405 19
2406 25
2407 32
2408 40
2409 49
2410 56
2411 59
2412 70
2413 80
2414 82
2415 92
2416 95
2417 107
2418 108
2419 109
2420 123
2421 124
2422 137
2423 138
2424 139
2425 15
2426 20
2427 26
2428 33
2429 37
2430 41
2431 50
2432 57
2433 60
2434 71
2435 79
2436 81
2437 83
2438 93
2439 96
2440 108
2441 109
2442 110
2443 124
2444 125
2445 137
2446 138
2447 139
2448 140
2449 21
2450 22
2451 27
2452 34
2453 38
2454 42
2455 51
2456 58
2457 61
2458 67
2459 72
2460 80
2461 82
2462 84
2463 94
2464 97
2465 109
2466 110
2467 111
2468 125
2469 126
2470 137
2471 138
2472 139
2473 140
2474 141
2475 11
2476 23
2477 28
2478 35
2479 39
2480 43
2481 52
2482 56
2483 59
2484 62
2485 68
2486 73
2487 81
2488 83
2489 85
2490 95
2491 98
2492 110
2493 111
2494 112
2495 126
2496 127
2497 137
2498 138
2499 139
2500 140
2501 141
2502 142
2503 4
2504 12
2505 24
2506 36
2507 40
2508 44
2509 46
2510 53
2511 57
2512 60
2513 63
2514 69
2515 74
2516 82
2517 84
2518 86
2519 96
2520 99
2521 111
2522 112
2523 113
2524 127
2525 128
2526 137
2527 138
2528 139
2529 140
2530 141
2531 142
2532 143
2533 1
2534 5
2535 13
2536 25
2537 37
2538 41
2539 45
2540 47
2541 54
2542 58
2543 61
2544 64
2545 70
2546 75
2547 83
2548 85
2549 87
2550 97
2551 100
2552 112
2553 113
2554 114
2555 128
2556 129
2557 137
2558 138
2559 139
2560 140
2561 141
2562 142
2563 143
2564 144
2565 6
2566 14
2567 26
2568 29
2569 38
2570 42
2571 48
2572 55
2573 59
2574 62
2575 65
2576 71
2577 76
2578 84
2579 86
2580 88
2581 98
2582 101
2583 113
2584 114
2585 115
2586 129
2587 130
2588 137
2589 138
2590 139
2591 140
2592 141
2593 142
2594 143
2595 144
2596 145
2597 15
2598 22
2599 27
2600 30
2601 39
2602 43
2603 49
2604 60
2605 63
2606 66
2607 72
2608 77
2609 85
2610 87
2611 89
2612 99
2613 102
2614 114
2615 115
2616 116
2617 130
2618 131
2619 137
2620 138
2621 139
2622 140
2623 141
2624 142
2625 143
2626 144
2627 145
2628 146
2629 16
2630 23
2631 28
2632 31
2633 40
2634 44
2635 50
2636 61
2637 64
2638 73
2639 78
2640 86
2641 88
2642 90
2643 100
2644 103
2645 115
2646 116
2647 117
2648 131
2649 132
2650 137
2651 138
2652 139
2653 140
2654 141
2655 142
2656 143
2657 144
2658 145
2659 146
2660 147
2661 11
2662 17
2663 24
2664 32
2665 41
2666 45
2667 51
2668 62
2669 65
2670 74
2671 87
2672 89
2673 91
2674 101
2675 104
2676 116
2677 117
2678 118
2679 132
2680 133
2681 137
2682 138
2683 139
2684 140
2685 141
2686 142
2687 143
2688 144
2689 145
2690 146
2691 147
2692 148
2693 7
2694 12
2695 18
2696 25
2697 33
2698 42
2699 52
2700 63
2701 66
2702 75
2703 88
2704 90
2705 102
2706 105
2707 117
2708 118
2709 119
2710 133
2711 134
2712 137
2713 138
2714 139
2715 140
2716 141
2717 142
2718 143
2719 144
2720 145
2721 146
2722 147
2723 148
2724 149
2725 4
2726 8
2727 13
2728 19
2729 26
2730 34
2731 43
2732 53
2733 64
2734 76
2735 89
2736 91
2737 103
2738 118
2739 119
2740 120
2741 134
2742 135
2743 137
2744 138
2745 139
2746 140
2747 141
2748 142
2749 143
2750 144
2751 145
2752 146
2753 147
2754 148
2755 149
2756 150
2757 2
2758 5
2759 9
2760 14
2761 20
2762 27
2763 35
2764 44
2765 54
2766 65
2767 77
2768 90
2769 104
2770 119
2771 120
2772 135
2773 136
2774 137
2775 138
2776 139
2777 140
2778 141
2779 142
2780 143
2781 144
2782 145
2783 146
2784 147
2785 148
2786 149
2787 150
2788 151
2789 1
2790 3
2791 6
2792 10
2793 15
2794 21
2795 28
2796 36
2797 45
2798 55
2799 66
2800 78
2801 91
2802 105
2803 120
2804 136
2805 137
2806 138
2807 139
2808 140
2809 141
2810 142
2811 143
2812 144
2813 145
2814 146
2815 147
2816 148
2817 149
2818 150
2819 151
2820 152
2821 1
2822 2
2823 4
2824 7
2825 11
2826 16
2827 22
2828 29
2829 37
2830 46
2831 56
2832 67
2833 79
2834 92
2835 106
2836 121
2837 137
2838 3
2839 5
2840 8
2841 12
2842 17
2843 23
2844 30
2845 38
2846 47
2847 57
2848 68
2849 80
2850 93
2851 107
2852 121
2853 122
2854 137
2855 138
2856 154
2857 6
2858 9
2859 13
2860 18
2861 24
2862 31
2863 39
2864 48
2865 58
2866 69
2867 81
2868 92
2869 94
2870 108
2871 121
2872 122
2873 123
2874 138
2875 139
2876 154
2877 155
2878 10
2879 14
2880 19
2881 25
2882 32
2883 40
2884 49
2885 59
2886 67
2887 70
2888 82
2889 93
2890 95
2891 106
2892 109
2893 122
2894 123
2895 124
2896 139
2897 140
2898 154
2899 155
2900 156
2901 15
2902 20
2903 26
2904 33
2905 41
2906 46
2907 50
2908 60
2909 68
2910 71
2911 83
2912 92
2913 94
2914 96
2915 107
2916 110
2917 123
2918 124
2919 125
2920 140
2921 141
2922 154
2923 155
2924 156
2925 157
2926 21
2927 27
2928 29
2929 34
2930 42
2931 47
2932 51
2933 61
2934 69
2935 72
2936 79
2937 84
2938 93
2939 95
2940 97
2941 108
2942 111
2943 124
2944 125
2945 126
2946 141
2947 142
2948 154
2949 155
2950 156
2951 157
2952 158
2953 16
2954 28
2955 30
2956 35
2957 43
2958 48
2959 52
2960 62
2961 67
2962 70
2963 73
2964 80
2965 85
2966 94
2967 96
2968 98
2969 109
2970 112
2971 125
2972 126
2973 127
2974 142
2975 143
2976 154
2977 155
2978 156
2979 157
2980 158
2981 159
2982 7
2983 17
2984 31
2985 36
2986 44
2987 49
2988 53
2989 56
2990 63
2991 68
2992 71
2993 74
2994 81
2995 86
2996 95
2997 97
2998 99
2999 110
3000 113
3001 126
3002 127
3003 128
3004 143
3005 144
3006 154
3007 155
3008 156
3009 157
3010 158
3011 159
3012 160
3013 2
3014 8
3015 18
3016 32
3017 45
3018 46
3019 50
3020 54
3021 57
3022 64
3023 69
3024 72
3025 75
3026 82
3027 87
3028 96
3029 98
3030 100
3031 111
3032 114
3033 127
3034 128
3035 129
3036 144
3037 145
3038 154
3039 155
3040 156
3041 157
3042 158
3043 159
3044 160
3045 161
3046 3
3047 9
3048 19
3049 33
3050 37
3051 47
3052 51
3053 55
3054 58
3055 65
3056 70
3057 73
3058 76
3059 83
3060 88
3061 97
3062 99
3063 101
3064 112
3065 115
3066 128
3067 129
3068 130
3069 145
3070 146
3071 154
3072 155
3073 156
3074 157
3075 158
3076 159
3077 160
3078 161
3079 162
3080 10
3081 20
3082 29
3083 34
3084 38
3085 48
3086 52
3087 59
3088 66
3089 71
3090 74
3091 77
3092 84
3093 89
3094 98
3095 100
3096 102
3097 113
3098 116
3099 129
3100 130
3101 131
3102 146
3103 147
3104 154
3105 155
3106 156
3107 157
3108 158
3109 159
3110 160
3111 161
3112 162
3113 163
3114 21
3115 22
3116 30
3117 35
3118 39
3119 49
3120 53
3121 60
3122 72
3123 75
3124 78
3125 85
3126 90
3127 99
3128 101
3129 103
3130 114
3131 117
3132 130
3133 131
3134 132
3135 147
3136 148
3137 154
3138 155
3139 156
3140 157
3141 158
3142 159
3143 160
3144 161
3145 162
3146 163
3147 164
3148 16
3149 23
3150 31
3151 36
3152 40
3153 50
3154 54
3155 61
3156 73
3157 76
3158 86
3159 91
3160 100
3161 102
3162 104
3163 115
3164 118
3165 131
3166 132
3167 133
3168 148
3169 149
3170 154
3171 155
3172 156
3173 157
3174 158
3175 159
3176 160
3177 161
3178 162
3179 163
3180 164
3181 165
3182 11
3183 17
3184 24
3185 32
3186 41
3187 51
3188 55
3189 62
3190 74
3191 77
3192 87
3193 101
3194 103
3195 105
3196 116
3197 119
3198 132
3199 133
3200 134
3201 149
3202 150
3203 154
3204 155
3205 156
3206 157
3207 158
3208 159
3209 160
3210 161
3211 162
3212 163
3213 164
3214 165
3215 166
3216 7
3217 12
3218 18
3219 25
3220 33
3221 42
3222 52
3223 63
3224 75
3225 78
3226 88
3227 102
3228 104
3229 117
3230 120
3231 133
3232 134
3233 135
3234 150
3235 151
3236 154
3237 155
3238 156
3239 157
3240 158
3241 159
3242 160
3243 161
3244 162
3245 163
3246 164
3247 165
3248 166
3249 167
3250 4
3251 8
3252 13
3253 19
3254 26
3255 34
3256 43
3257 53
3258 64
3259 76
3260 89
3261 103
3262 105
3263 118
3264 134
3265 135
3266 136
3267 151
3268 152
3269 154
3270 155
3271 156
3272 157
3273 158
3274 159
3275 160
3276 161
3277 162
3278 163
3279 164
3280 165
3281 166
3282 167
3283 168
3284 2
3285 5
3286 9
3287 14
3288 20
3289 27
3290 35
3291 44
3292 54
3293 65
3294 77
3295 90
3296 104
3297 119
3298 135
3299 136
3300 152
3301 153
3302 154
3303 155
3304 156
3305 157
3306 158
3307 159
3308 160
3309 161
3310 162
3311 163
3312 164
3313 165
3314 166
3315 167
3316 168
3317 169
3318 1
3319 3
3320 6
3321 10
3322 15
3323 21
3324 28
3325 36
3326 45
3327 55
3328 66
3329 78
3330 91
3331 105
3332 120
3333 136
3334 153
3335 154
3336 155
3337 156
3338 157
3339 158
3340 159
3341 160
3342 161
3343 162
3344 163
3345 164
3346 165
3347 166
3348 167
3349 168
3350 169
3351 170
3352 1
3353 2
3354 4
3355 7
3356 11
3357 16
3358 22
3359 29
3360 37
3361 46
3362 56
3363 67
3364 79
3365 92
3366 106
3367 121
3368 137
3369 154
3370 3
3371 5
3372 8
3373 12
3374 17
3375 23
3376 30
3377 38
3378 47
3379 57
3380 68
3381 80
3382 93
3383 107
3384 122
3385 137
3386 138
3387 154
3388 155
3389 172
3390 6
3391 9
3392 13
3393 18
3394 24
3395 31
3396 39
3397 48
3398 58
3399 69
3400 81
3401 94
3402 106
3403 108
3404 123
3405 137
3406 138
3407 139
3408 155
3409 156
3410 172
3411 173
3412 10
3413 14
3414 19
3415 25
3416 32
3417 40
3418 49
3419 59
3420 70
3421 79
3422 82
3423 95
3424 107
3425 109
3426 121
3427 124
3428 138
3429 139
3430 140
3431 156
3432 157
3433 172
3434 173
3435 174
3436 15
3437 20
3438 26
3439 33
3440 41
3441 50
3442 56
3443 60
3444 71
3445 80
3446 83
3447 96
3448 106
3449 108
3450 110
3451 122
3452 125
3453 139
3454 140
3455 141
3456 157
3457 158
3458 172
3459 173
3460 174
3461 175
3462 21
3463 27
3464 34
3465 37
3466 42
3467 51
3468 57
3469 61
3470 72
3471 81
3472 84
3473 92
3474 97
3475 107
3476 109
3477 111
3478 123
3479 126
3480 140
3481 141
3482 142
3483 158
3484 159
3485 172
3486 173
3487 174
3488 175
3489 176
3490 22
3491 28
3492 35
3493 38
3494 43
3495 52
3496 58
3497 62
3498 73
3499 79
3500 82
3501 85
3502 93
3503 98
3504 108
3505 110
3506 112
3507 124
3508 127
3509 141
3510 142
3511 143
3512 159
3513 160
3514 172
3515 173
3516 174
3517 175
3518 176
3519 177
3520 11
3521 23
3522 36
3523 39
3524 44
3525 53
3526 59
3527 63
3528 67
3529 74
3530 80
3531 83
3532 86
3533 94
3534 99
3535 109
3536 111
3537 113
3538 125
3539 128
3540 142
3541 143
3542 144
3543 160
3544 161
3545 172
3546 173
3547 174
3548 175
3549 176
3550 177
3551 178
3552 4
3553 12
3554 24
3555 40
3556 45
3557 54
3558 56
3559 60
3560 64
3561 68
3562 75
3563 81
3564 84
3565 87
3566 95
3567 100
3568 110
3569 112
3570 114
3571 126
3572 129
3573 143
3574 144
3575 145
3576 161
3577 162
3578 172
3579 173
3580 174
3581 175
3582 176
3583 177
3584 178
3585 179
3586 1
3587 5
3588 13
3589 25
3590 41
3591 46
3592 55
3593 57
3594 61
3595 65
3596 69
3597 76
3598 82
3599 85
3600 88
3601 96
3602 101
3603 111
3604 113
3605 115
3606 127
3607 130
3608 144
3609 145
3610 146
3611 162
3612 163
3613 172
3614 173
3615 174
3616 175
3617 176
3618 177
3619 178
3620 179
3621 180
3622 6
3623 14
3624 26
3625 37
3626 42
3627 47
3628 58
3629 62
3630 66
3631 70
3632 77
3633 83
3634 86
3635 89
3636 97
3637 102
3638 112
3639 114
3640 116
3641 128
3642 131
3643 145
3644 146
3645 147
3646 163
3647 164
3648 172
3649 173
3650 174
3651 175
3652 176
3653 177
3654 178
3655 179
3656 180
3657 181
3658 15
3659 27
3660 29
3661 38
3662 43
3663 48
3664 59
3665 63
3666 71
3667 78
3668 84
3669 87
3670 90
3671 98
3672 103
3673 113
3674 115
3675 117
3676 129
3677 132
3678 146
3679 147
3680 148
3681 164
3682 165
3683 172
3684 173
3685 174
3686 175
3687 176
3688 177
3689 178
3690 179
3691 180
3692 181
3693 182
3694 22
3695 28
3696 30
3697 39
3698 44
3699 49
3700 60
3701 64
3702 72
3703 85
3704 88
3705 91
3706 99
3707 104
3708 114
3709 116
3710 118
3711 130
3712 133
3713 147
3714 148
3715 149
3716 165
3717 166
3718 172
3719 173
3720 174
3721 175
3722 176
3723 177
3724 178
3725 179
3726 180
3727 181
3728 182
3729 183
3730 16
3731 23
3732 31
3733 40
3734 45
3735 50
3736 61
3737 65
3738 73
3739 86
3740 89
3741 100
3742 105
3743 115
3744 117
3745 119
3746 131
3747 134
3748 148
3749 149
3750 150
3751 166
3752 167
3753 172
3754 173
3755 174
3756 175
3757 176
3758 177
3759 178
3760 179
3761 180
3762 181
3763 182
3764 183
3765 184
3766 11
3767 17
3768 24
3769 32
3770 41
3771 51
3772 62
3773 66
3774 74
3775 87
3776 90
3777 101
3778 116
3779 118
3780 120
3781 132
3782 135
3783 149
3784 150
3785 151
3786 167
3787 168
3788 172
3789 173
3790 174
3791 175
3792 176
3793 177
3794 178
3795 179
3796 180
3797 181
3798 182
3799 183
3800 184
3801 185
3802 7
3803 12
3804 18
3805 25
3806 33
3807 42
3808 52
3809 63
3810 75
3811 88
3812 91
3813 102
3814 117
3815 119
3816 133
3817 136
3818 150
3819 151
3820 152
3821 168
3822 169
3823 172
3824 173
3825 174
3826 175
3827 176
3828 177
3829 178
3830 179
3831 180
3832 181
3833 182
3834 183
3835 184
3836 185
3837 186
3838 4
3839 8
3840 13
3841 19
3842 26
3843 34
3844 43
3845 53
3846 64
3847 76
3848 89
3849 103
3850 118
3851 120
3852 134
3853 151
3854 152
3855 153
3856 169
3857 170
3858 172
3859 173
3860 174
3861 175
3862 176
3863 177
3864 178
3865 179
3866 180
3867 181
3868 182
3869 183
3870 184
3871 185
3872 186
3873 187
3874 2
3875 5
3876 9
3877 14
3878 20
3879 27
3880 35
3881 44
3882 54
3883 65
3884 77
3885 90
3886 104
3887 119
3888 135
3889 152
3890 153
3891 170
3892 171
3893 172
3894 173
3895 174
3896 175
3897 176
3898 177
3899 178
3900 179
3901 180
3902 181
3903 182
3904 183
3905 184
3906 185
3907 186
3908 187
3909 188
3910 1
3911 3
3912 6
3913 10
3914 15
3915 21
3916 28
3917 36
3918 45
3919 55
3920 66
3921 78
3922 91
3923 105
3924 120
3925 136
3926 153
3927 171
3928 172
3929 173
3930 174
3931 175
3932 176
3933 177
3934 178
3935 179
3936 180
3937 181
3938 182
3939 183
3940 184
3941 185
3942 186
3943 187
3944 188
3945 189
3946 1
3947 2
3948 4
3949 7
3950 11
3951 16
3952 22
3953 29
3954 37
3955 46
3956 56
3957 67
3958 79
3959 92
3960 106
3961 121
3962 137
3963 154
3964 172
3965 3
3966 5
3967 8
3968 12
3969 17
3970 23
3971 30
3972 38
3973 47
3974 57
3975 68
3976 80
3977 93
3978 107
3979 122
3980 138
3981 154
3982 155
3983 172
3984 173
3985 191
3986 6
3987 9
3988 13
3989 18
3990 24
3991 31
3992 39
3993 48
3994 58
3995 69
3996 81
3997 94
3998 108
3999 121
4000 123
4001 139
4002 154
4003 155
4004 156
4005 173
4006 174
4007 191
4008 192
4009 10
4010 14
4011 19
4012 25
4013 32
4014 40
4015 49
4016 59
4017 70
4018 82
4019 92
4020 95
4021 109
4022 122
4023 124
4024 137
4025 140
4026 155
4027 156
4028 157
4029 174
4030 175
4031 191
4032 192
4033 193
4034 15
4035 20
4036 26
4037 33
4038 41
4039 50
4040 60
4041 67
4042 71
4043 83
4044 93
4045 96
4046 110
4047 121
4048 123
4049 125
4050 138
4051 141
4052 156
4053 157
4054 158
4055 175
4056 176
4057 191
4058 192
4059 193
4060 194
4061 21
4062 27
4063 34
4064 42
4065 46
4066 51
4067 61
4068 68
4069 72
4070 84
4071 94
4072 97
4073 106
4074 111
4075 122
4076 124
4077 126
4078 139
4079 142
4080 157
4081 158
4082 159
4083 176
4084 177
4085 191
4086 192
4087 193
4088 194
4089 195
4090 28
4091 29
4092 35
4093 43
4094 47
4095 52
4096 62
4097 69
4098 73
4099 85
4100 92
4101 95
4102 98
4103 107
4104 112
4105 123
4106 125
4107 127
4108 140
4109 143
4110 158
4111 159
4112 160
4113 177
4114 178
4115 191
4116 192
4117 193
4118 194
4119 195
4120 196
4121 16
4122 30
4123 36
4124 44
4125 48
4126 53
4127 63
4128 70
4129 74
4130 79
4131 86
4132 93
4133 96
4134 99
4135 108
4136 113
4137 124
4138 126
4139 128
4140 141
4141 144
4142 159
4143 160
4144 161
4145 178
4146 179
4147 191
4148 192
4149 193
4150 194
4151 195
4152 196
4153 197
4154 7
4155 17
4156 31
4157 45
4158 49
4159 54
4160 64
4161 67
4162 71
4163 75
4164 80
4165 87
4166 94
4167 97
4168 100
4169 109
4170 114
4171 125
4172 127
4173 129
4174 142
4175 145
4176 160
4177 161
4178 162
4179 179
4180 180
4181 191
4182 192
4183 193
4184 194
4185 195
4186 196
4187 197
4188 198
4189 2
4190 8
4191 18
4192 32
4193 50
4194 55
4195 56
4196 65
4197 68
4198 72
4199 76
4200 81
4201 88
4202 95
4203 98
4204 101
4205 110
4206 115
4207 126
4208 128
4209 130
4210 143
4211 146
4212 161
4213 162
4214 163
4215 180
4216 181
4217 191
4218 192
4219 193
4220 194
4221 195
4222 196
4223 197
4224 198
4225 199
4226 3
4227 9
4228 19
4229 33
4230 46
4231 51
4232 57
4233 66
4234 69
4235 73
4236 77
4237 82
4238 89
4239 96
4240 99
4241 102
4242 111
4243 116
4244 127
4245 129
4246 131
4247 144
4248 147
4249 162
4250 163
4251 164
4252 181
4253 182
4254 191
4255 192
4256 193
4257 194
4258 195
4259 196
4260 197
4261 198
4262 199
4263 200
4264 10
4265 20
4266 34
4267 37
4268 47
4269 52
4270 58
4271 70
4272 74
4273 78
4274 83
4275 90
4276 97
4277 100
4278 103
4279 112
4280 117
4281 128
4282 130
4283 132
4284 145
4285 148
4286 163
4287 164
4288 165
4289 182
4290 183
4291 191
4292 192
4293 193
4294 194
4295 195
4296 196
4297 197
4298 198
4299 199
4300 200
4301 201
4302 21
4303 29
4304 35
4305 38
4306 48
4307 53
4308 59
4309 71
4310 75
4311 84
4312 91
4313 98
4314 101
4315 104
4316 113
4317 118
4318 129
4319 131
4320 133
4321 146
4322 149
4323 164
4324 165
4325 166
4326 183
4327 184
4328 191
4329 192
4330 193
4331 194
4332 195
4333 196
4334 197
4335 198
4336 199
4337 200
4338 201
4339 202
4340 22
4341 30
4342 36
4343 39
4344 49
4345 54
4346 60
4347 72
4348 76
4349 85
4350 99
4351 102
4352 105
4353 114
4354 119
4355 130
4356 132
4357 134
4358 147
4359 150
4360 165
4361 166
4362 167
4363 184
4364 185
4365 191
4366 192
4367 193
4368 194
4369 195
4370 196
4371 197
4372 198
4373 199
4374 200
4375 201
4376 202
4377 203
4378 16
4379 23
4380 31
4381 40
4382 50
4383 55
4384 61
4385 73
4386 77
4387 86
4388 100
4389 103
4390 115
4391 120
4392 131
4393 133
4394 135
4395 148
4396 151
4397 166
4398 167
4399 168
4400 185
4401 186
4402 191
4403 192
4404 193
4405 194
4406 195
4407 196
4408 197
4409 198
4410 199
4411 200
4412 201
4413 202
4414 203
4415 204
4416 11
4417 17
4418 24
4419 32
4420 41
4421 51
4422 62
4423 74
4424 78
4425 87
4426 101
4427 104
4428 116
4429 132
4430 134
4431 136
4432 149
4433 152
4434 167
4435 168
4436 169
4437 186
4438 187
4439 191
4440 192
4441 193
4442 194
4443 195
4444 196
4445 197
4446 198
4447 199
4448 200
4449 201
4450 202
4451 203
4452 204
4453 205
4454 7
4455 12
4456 18
4457 25
4458 33
4459 42
4460 52
4461 63
4462 75
4463 88
4464 102
4465 105
4466 117
4467 133
4468 135
4469 150
4470 153
4471 168
4472 169
4473 170
4474 187
4475 188
4476 191
4477 192
4478 193
4479 194
4480 195
4481 196
4482 197
4483 198
4484 199
4485 200
4486 201
4487 202
4488 203
4489 204
4490 205
4491 206
4492 4
4493 8
4494 13
4495 19
4496 26
4497 34
4498 43
4499 53
4500 64
4501 76
4502 89
4503 103
4504 118
4505 134
4506 136
4507 151
4508 169
4509 170
4510 171
4511 188
4512 189
4513 191
4514 192
4515 193
4516 194
4517 195
4518 196
4519 197
4520 198
4521 199
4522 200
4523 201
4524 202
4525 203
4526 204
4527 205
4528 206
4529 207
4530 2
4531 5
4532 9
4533 14
4534 20
4535 27
4536 35
4537 44
4538 54
4539 65
4540 77
4541 90
4542 104
4543 119
4544 135
4545 152
4546 170
4547 171
4548 189
4549 190
4550 191
4551 192
4552 193
4553 194
4554 195
4555 196
4556 197
4557 198
4558 199
4559 200
4560 201
4561 202
4562 203
4563 204
4564 205
4565 206
4566 207
4567 208
4568 1
4569 3
4570 6
4571 10
4572 15
4573 21
4574 28
4575 36
4576 45
4577 55
4578 66
4579 78
4580 91
4581 105
4582 120
4583 136
4584 153
4585 171
4586 190
4587 191
4588 192
4589 193
4590 194
4591 195
4592 196
4593 197
4594 198
4595 199
4596 200
4597 201
4598 202
4599 203
4600 204
4601 205
4602 206
4603 207
4604 208
4605 209
4606 1
4607 2
4608 4
4609 7
4610 11
4611 16
4612 22
4613 29
4614 37
4615 46
4616 56
4617 67
4618 79
4619 92
4620 106
4621 121
4622 137
4623 154
4624 172
4625 191
4626 3
4627 5
4628 8
4629 12
4630 17
4631 23
4632 30
4633 38
4634 47
4635 57
4636 68
4637 80
4638 93
4639 107
4640 122
4641 138
4642 155
4643 172
4644 173
4645 191
4646 192
4647 211
4648 6
4649 9
4650 13
4651 18
4652 24
4653 31
4654 39
4655 48
4656 58
4657 69
4658 81
4659 94
4660 108
4661 123
4662 137
4663 139
4664 156
4665 172
4666 173
4667 174
4668 192
4669 193
4670 211
4671 212
4672 10
4673 14
4674 19
4675 25
4676 32
4677 40
4678 49
4679 59
4680 70
4681 82
4682 95
4683 106
4684 109
4685 124
4686 138
4687 140
4688 154
4689 157
4690 173
4691 174
4692 175
4693 193
4694 194
4695 211
4696 212
4697 213
4698 15
4699 20
4700 26
4701 33
4702 41
4703 50
4704 60
4705 71
4706 79
4707 83
4708 96
4709 107
4710 110
4711 125
4712 137
4713 139
4714 141
4715 155
4716 158
4717 174
4718 175
4719 176
4720 194
4721 195
4722 211
4723 212
4724 213
4725 214
4726 21
4727 27
4728 34
4729 42
4730 51
4731 56
4732 61
4733 72
4734 80
4735 84
4736 97
4737 108
4738 111
4739 121
4740 126
4741 138
4742 140
4743 142
4744 156
4745 159
4746 175
4747 176
4748 177
4749 195
4750 196
4751 211
4752 212
4753 213
4754 214
4755 215
4756 28
4757 35
4758 37
4759 43
4760 52
4761 57
4762 62
4763 73
4764 81
4765 85
4766 98
4767 106
4768 109
4769 112
4770 122
4771 127
4772 139
4773 141
4774 143
4775 157
4776 160
4777 176
4778 177
4779 178
4780 196
4781 197
4782 211
4783 212
4784 213
4785 214
4786 215
4787 216
4788 22
4789 36
4790 38
4791 44
4792 53
4793 58
4794 63
4795 74
4796 82
4797 86
4798 92
4799 99
4800 107
4801 110
4802 113
4803 123
4804 128
4805 140
4806 142
4807 144
4808 158
4809 161
4810 177
4811 178
4812 179
4813 197
4814 198
4815 211
4816 212
4817 213
4818 214
4819 215
4820 216
4821 217
4822 11
4823 23
4824 39
4825 45
4826 54
4827 59
4828 64
4829 75
4830 79
4831 83
4832 87
4833 93
4834 100
4835 108
4836 111
4837 114
4838 124
4839 129
4840 141
4841 143
4842 145
4843 159
4844 162
4845 178
4846 179
4847 180
4848 198
4849 199
4850 211
4851 212
4852 213
4853 214
4854 215
4855 216
4856 217
4857 218
4858 4
4859 12
4860 24
4861 40
4862 55
4863 60
4864 65
4865 67
4866 76
4867 80
4868 84
4869 88
4870 94
4871 101
4872 109
4873 112
4874 115
4875 125
4876 130
4877 142
4878 144
4879 146
4880 160
4881 163
4882 179
4883 180
4884 181
4885 199
4886 200
4887 211
4888 212
4889 213
4890 214
4891 215
4892 216
4893 217
4894 218
4895 219
4896 1
4897 5
4898 13
4899 25
4900 41
4901 56
4902 61
4903 66
4904 68
4905 77
4906 81
4907 85
4908 89
4909 95
4910 102
4911 110
4912 113
4913 116
4914 126
4915 131
4916 143
4917 145
4918 147
4919 161
4920 164
4921 180
4922 181
4923 182
4924 200
4925 201
4926 211
4927 212
4928 213
4929 214
4930 215
4931 216
4932 217
4933 218
4934 219
4935 220
4936 6
4937 14
4938 26
4939 42
4940 46
4941 57
4942 62
4943 69
4944 78
4945 82
4946 86
4947 90
4948 96
4949 103
4950 111
4951 114
4952 117
4953 127
4954 132
4955 144
4956 146
4957 148
4958 162
4959 165
4960 181
4961 182
4962 183
4963 201
4964 202
4965 211
4966 212
4967 213
4968 214
4969 215
4970 216
4971 217
4972 218
4973 219
4974 220
4975 221
4976 15
4977 27
4978 37
4979 43
4980 47
4981 58
4982 63
4983 70
4984 83
4985 87
4986 91
4987 97
4988 104
4989 112
4990 115
4991 118
4992 128
4993 133
4994 145
4995 147
4996 149
4997 163
4998 166
4999 182
5000 183
5001 184
5002 202
5003 203
5004 211
5005 212
5006 213
5007 214
5008 215
5009 216
5010 217
5011 218
5012 219
5013 220
5014 221
5015 222
5016 28
5017 29
5018 38
5019 44
5020 48
5021 59
5022 64
5023 71
5024 84
5025 88
5026 98
5027 105
5028 113
5029 116
5030 119
5031 129
5032 134
5033 146
5034 148
5035 150
5036 164
5037 167
5038 183
5039 184
5040 185
5041 203
5042 204
5043 211
5044 212
5045 213
5046 214
5047 215
5048 216
5049 217
5050 218
5051 219
5052 220
5053 221
5054 222
5055 223
5056 22
5057 30
5058 39
5059 45
5060 49
5061 60
5062 65
5063 72
5064 85
5065 89
5066 99
5067 114
5068 117
5069 120
5070 130
5071 135
5072 147
5073 149
5074 151
5075 165
5076 168
5077 184
5078 185
5079 186
5080 204
5081 205
5082 211
5083 212
5084 213
5085 214
5086 215
5087 216
5088 217
5089 218
5090 219
5091 220
5092 221
5093 222
5094 223
5095 224
5096 16
5097 23
5098 31
5099 40
5100 50
5101 61
5102 66
5103 73
5104 86
5105 90
5106 100
5107 115
5108 118
5109 131
5110 136
5111 148
5112 150
5113 152
5114 166
5115 169
5116 185
5117 186
5118 187
5119 205
5120 206
5121 211
5122 212
5123 213
5124 214
5125 215
5126 216
5127 217
5128 218
5129 219
5130 220
5131 221
5132 222
5133 223
5134 224
5135 225
5136 11
5137 17
5138 24
5139 32
5140 41
5141 51
5142 62
5143 74
5144 87
5145 91
5146 101
5147 116
5148 119
5149 132
5150 149
5151 151
5152 153
5153 167
5154 170
5155 186
5156 187
5157 188
5158 206
5159 207
5160 211
5161 212
5162 213
5163 214
5164 215
5165 216
5166 217
5167 218
5168 219
5169 220
5170 221
5171 222
5172 223
5173 224
5174 225
5175 226
5176 7
5177 12
5178 18
5179 25
5180 33
5181 42
5182 52
5183 63
5184 75
5185 88
5186 102
5187 117
5188 120
5189 133
5190 150
5191 152
5192 168
5193 171
5194 187
5195 188
5196 189
5197 207
5198 208
5199 211
5200 212
5201 213
5202 214
5203 215
5204 216
5205 217
5206 218
5207 219
5208 220
5209 221
5210 222
5211 223
5212 224
5213 225
5214 226
5215 227
5216 4
5217 8
5218 13
5219 19
5220 26
5221 34
5222 43
5223 53
5224 64
5225 76
5226 89
5227 103
5228 118
5229 134
5230 151
5231 153
5232 169
5233 188
5234 189
5235 190
5236 208
5237 209
5238 211
5239 212
5240 213
5241 214
5242 215
5243 216
5244 217
5245 218
5246 219
5247 220
5248 221
5249 222
5250 223
5251 224
5252 225
5253 226
5254 227
5255 228
5256 2
5257 5
5258 9
5259 14
5260 20
5261 27
5262 35
5263 44
5264 54
5265 65
5266 77
5267 90
5268 104
5269 119
5270 135
5271 152
5272 170
5273 189
5274 190
5275 209
5276 210
5277 211
5278 212
5279 213
5280 214
5281 215
5282 216
5283 217
5284 218
5285 219
5286 220
5287 221
5288 222
5289 223
5290 224
5291 225
5292 226
5293 227
5294 228
5295 229
5296 1
5297 3
5298 6
5299 10
5300 15
5301 21
5302 28
5303 36
5304 45
5305 55
5306 66
5307 78
5308 91
5309 105
5310 120
5311 136
5312 153
5313 171
5314 190
5315 210
5316 211
5317 212
5318 213
5319 214
5320 215
5321 216
5322 217
5323 218
5324 219
5325 220
5326 221
5327 222
5328 223
5329 224
5330 225
5331 226
5332 227
5333 228
5334 229
5335 230
5336 1
5337 2
5338 4
5339 7
5340 11
5341 16
5342 22
5343 29
5344 37
5345 46
5346 56
5347 67
5348 79
5349 92
5350 106
5351 121
5352 137
5353 154
5354 172
5355 191
5356 211
5357 3
5358 5
5359 8
5360 12
5361 17
5362 23
5363 30
5364 38
5365 47
5366 57
5367 68
5368 80
5369 93
5370 107
5371 122
5372 138
5373 155
5374 173
5375 191
5376 192
5377 211
5378 212
5379 232
5380 6
5381 9
5382 13
5383 18
5384 24
5385 31
5386 39
5387 48
5388 58
5389 69
5390 81
5391 94
5392 108
5393 123
5394 139
5395 154
5396 156
5397 174
5398 191
5399 192
5400 193
5401 212
5402 213
5403 232
5404 233
5405 10
5406 14
5407 19
5408 25
5409 32
5410 40
5411 49
5412 59
5413 70
5414 82
5415 95
5416 109
5417 121
5418 124
5419 140
5420 155
5421 157
5422 172
5423 175
5424 192
5425 193
5426 194
5427 213
5428 214
5429 232
5430 233
5431 234
5432 15
5433 20
5434 26
5435 33
5436 41
5437 50
5438 60
5439 71
5440 83
5441 92
5442 96
5443 110
5444 122
5445 125
5446 141
5447 154
5448 156
5449 158
5450 173
5451 176
5452 193
5453 194
5454 195
5455 214
5456 215
5457 232
5458 233
5459 234
5460 235
5461 21
5462 27
5463 34
5464 42
5465 51
5466 61
5467 67
5468 72
5469 84
5470 93
5471 97
5472 111
5473 123
5474 126
5475 137
5476 142
5477 155
5478 157
5479 159
5480 174
5481 177
5482 194
5483 195
5484 196
5485 215
5486 216
5487 232
5488 233
5489 234
5490 235
5491 236
5492 28
5493 35
5494 43
5495 46
5496 52
5497 62
5498 68
5499 73
5500 85
5501 94
5502 98
5503 112
5504 121
5505 124
5506 127
5507 138
5508 143
5509 156
5510 158
5511 160
5512 175
5513 178
5514 195
5515 196
5516 197
5517 216
5518 217
5519 232
5520 233
5521 234
5522 235
5523 236
5524 237
5525 29
5526 36
5527 44
5528 47
5529 53
5530 63
5531 69
5532 74
5533 86
5534 95
5535 99
5536 106
5537 113
5538 122
5539 125
5540 128
5541 139
5542 144
5543 157
5544 159
5545 161
5546 176
5547 179
5548 196
5549 197
5550 198
5551 217
5552 218
5553 232
5554 233
5555 234
5556 235
5557 236
5558 237
5559 238
5560 16
5561 30
5562 45
5563 48
5564 54
5565 64
5566 70
5567 75
5568 87
5569 92
5570 96
5571 100
5572 107
5573 114
5574 123
5575 126
5576 129
5577 140
5578 145
5579 158
5580 160
5581 162
5582 177
5583 180
5584 197
5585 198
5586 199
5587 218
5588 219
5589 232
5590 233
5591 234
5592 235
5593 236
5594 237
5595 238
5596 239
5597 7
5598 17
5599 31
5600 49
5601 55
5602 65
5603 71
5604 76
5605 79
5606 88
5607 93
5608 97
5609 101
5610 108
5611 115
5612 124
5613 127
5614 130
5615 141
5616 146
5617 159
5618 161
5619 163
5620 178
5621 181
5622 198
5623 199
5624 200
5625 219
5626 220
5627 232
5628 233
5629 234
5630 235
5631 236
5632 237
5633 238
5634 239
5635 240
5636 2
5637 8
5638 18
5639 32
5640 50
5641 66
5642 67
5643 72
5644 77
5645 80
5646 89
5647 94
5648 98
5649 102
5650 109
5651 116
5652 125
5653 128
5654 131
5655 142
5656 147
5657 160
5658 162
5659 164
5660 179
5661 182
5662 199
5663 200
5664 201
5665 220
5666 221
5667 232
5668 233
5669 234
5670 235
5671 236
5672 237
5673 238
5674 239
5675 240
5676 241
5677 3
5678 9
5679 19
5680 33
5681 51
5682 56
5683 68
5684 73
5685 78
5686 81
5687 90
5688 95
5689 99
5690 103
5691 110
5692 117
5693 126
5694 129
5695 132
5696 143
5697 148
5698 161
5699 163
5700 165
5701 180
5702 183
5703 200
5704 201
5705 202
5706 221
5707 222
5708 232
5709 233
5710 234
5711 235
5712 236
5713 237
5714 238
5715 239
5716 240
5717 241
5718 242
5719 10
5720 20
5721 34
5722 46
5723 52
5724 57
5725 69
5726 74
5727 82
5728 91
5729 96
5730 100
5731 104
5732 111
5733 118
5734 127
5735 130
5736 133
5737 144
5738 149
5739 162
5740 164
5741 166
5742 181
5743 184
5744 201
5745 202
5746 203
5747 222
5748 223
5749 232
5750 233
5751 234
5752 235
5753 236
5754 237
5755 238
5756 239
5757 240
5758 241
5759 242
5760 243
5761 21
5762 35
5763 37
5764 47
5765 53
5766 58
5767 70
5768 75
5769 83
5770 97
5771 101
5772 105
5773 112
5774 119
5775 128
5776 131
5777 134
5778 145
5779 150
5780 163
5781 165
5782 167
5783 182
5784 185
5785 202
5786 203
5787 204
5788 223
5789 224
5790 232
5791 233
5792 234
5793 235
5794 236
5795 237
5796 238
5797 239
5798 240
5799 241
5800 242
5801 243
5802 244
5803 29
5804 36
5805 38
5806 48
5807 54
5808 59
5809 71
5810 76
5811 84
5812 98
5813 102
5814 113
5815 120
5816 129
5817 132
5818 135
5819 146
5820 151
5821 164
5822 166
5823 168
5824 183
5825 186
5826 203
5827 204
5828 205
5829 224
5830 225
5831 232
5832 233
5833 234
5834 235
5835 236
5836 237
5837 238
5838 239
5839 240
5840 241
5841 242
5842 243
5843 244
5844 245
5845 22
5846 30
5847 39
5848 49
5849 55
5850 60
5851 72
5852 77
5853 85
5854 99
5855 103
5856 114
5857 130
5858 133
5859 136
5860 147
5861 152
5862 165
5863 167
5864 169
5865 184
5866 187
5867 204
5868 205
5869 206
5870 225
5871 226
5872 232
5873 233
5874 234
5875 235
5876 236
5877 237
5878 238
5879 239
5880 240
5881 241
5882 242
5883 243
5884 244
5885 245
5886 246
5887 16
5888 23
5889 31
5890 40
5891 50
5892 61
5893 73
5894 78
5895 86
5896 100
5897 104
5898 115
5899 131
5900 134
5901 148
5902 153
5903 166
5904 168
5905 170
5906 185
5907 188
5908 205
5909 206
5910 207
5911 226
5912 227
5913 232
5914 233
5915 234
5916 235
5917 236
5918 237
5919 238
5920 239
5921 240
5922 241
5923 242
5924 243
5925 244
5926 245
5927 246
5928 247
5929 11
5930 17
5931 24
5932 32
5933 41
5934 51
5935 62
5936 74
5937 87
5938 101
5939 105
5940 116
5941 132
5942 135
5943 149
5944 167
5945 169
5946 171
5947 186
5948 189
5949 206
5950 207
5951 208
5952 227
5953 228
5954 232
5955 233
5956 234
5957 235
5958 236
5959 237
5960 238
5961 239
5962 240
5963 241
5964 242
5965 243
5966 244
5967 245
5968 246
5969 247
5970 248
5971 7
5972 12
5973 18
5974 25
5975 33
5976 42
5977 52
5978 63
5979 75
5980 88
5981 102
5982 117
5983 133
5984 136
5985 150
5986 168
5987 170
5988 187
5989 190
5990 207
5991 208
5992 209
5993 228
5994 229
5995 232
5996 233
5997 234
5998 235
5999 236
6000 237
6001 238
6002 239
6003 240
6004 241
6005 242
6006 243
6007 244
6008 245
6009 246
6010 247
6011 248
6012 249
6013 4
6014 8
6015 13
6016 19
6017 26
6018 34
6019 43
6020 53
6021 64
6022 76
6023 89
6024 103
6025 118
6026 134
6027 151
6028 169
6029 171
6030 188
6031 208
6032 209
6033 210
6034 229
6035 230
6036 232
6037 233
6038 234
6039 235
6040 236
6041 237
6042 238
6043 239
6044 240
6045 241
6046 242
6047 243
6048 244
6049 245
6050 246
6051 247
6052 248
6053 249
6054 250
6055 2
6056 5
6057 9
6058 14
6059 20
6060 27
6061 35
6062 44
6063 54
6064 65
6065 77
6066 90
6067 104
6068 119
6069 135
6070 152
6071 170
6072 189
6073 209
6074 210
6075 230
6076 231
6077 232
6078 233
6079 234
6080 235
6081 236
6082 237
6083 238
6084 239
6085 240
6086 241
6087 242
6088 243
6089 244
6090 245
6091 246
6092 247
6093 248
6094 249
6095 250
6096 251
6097 1
6098 3
6099 6
6100 10
6101 15
6102 21
6103 28
6104 36
6105 45
6106 55
6107 66
6108 78
6109 91
6110 105
6111 120
6112 136
6113 153
6114 171
6115 190
6116 210
6117 231
6118 232
6119 233
6120 234
6121 235
6122 236
6123 237
6124 238
6125 239
6126 240
6127 241
6128 242
6129 243
6130 244
6131 245
6132 246
6133 247
6134 248
6135 249
6136 250
6137 251
6138 252
6139 1
6140 2
6141 4
6142 7
6143 11
6144 16
6145 22
6146 29
6147 37
6148 46
6149 56
6150 67
6151 79
6152 92
6153 106
6154 121
6155 137
6156 154
6157 172
6158 191
6159 211
6160 232
6161 3
6162 5
6163 8
6164 12
6165 17
6166 23
6167 30
6168 38
6169 47
6170 57
6171 68
6172 80
6173 93
6174 107
6175 122
6176 138
6177 155
6178 173
6179 192
6180 211
6181 212
6182 232
6183 233
6184 254
6185 6
6186 9
6187 13
6188 18
6189 24
6190 31
6191 39
6192 48
6193 58
6194 69
6195 81
6196 94
6197 108
6198 123
6199 139
6200 156
6201 172
6202 174
6203 193
6204 211
6205 212
6206 213
6207 233
6208 234
6209 254
6210 255
6211 10
6212 14
6213 19
6214 25
6215 32
6216 40
6217 49
6218 59
6219 70
6220 82
6221 95
6222 109
6223 124
6224 137
6225 140
6226 157
6227 173
6228 175
6229 191
6230 194
6231 212
6232 213
6233 214
6234 234
6235 235
6236 254
6237 255
6238 256
6239 15
6240 20
6241 26
6242 33
6243 41
6244 50
6245 60
6246 71
6247 83
6248 96
6249 106
6250 110
6251 125
6252 138
6253 141
6254 158
6255 172
6256 174
6257 176
6258 192
6259 195
6260 213
6261 214
6262 215
6263 235
6264 236
6265 254
6266 255
6267 256
6268 257
6269 21
6270 27
6271 34
6272 42
6273 51
6274 61
6275 72
6276 79
6277 84
6278 97
6279 107
6280 111
6281 126
6282 139
6283 142
6284 154
6285 159
6286 173
6287 175
6288 177
6289 193
6290 196
6291 214
6292 215
6293 216
6294 236
6295 237
6296 254
6297 255
6298 256
6299 257
6300 258
6301 28
6302 35
6303 43
6304 52
6305 56
6306 62
6307 73
6308 80
6309 85
6310 98
6311 108
6312 112
6313 127
6314 137
6315 140
6316 143
6317 155
6318 160
6319 174
6320 176
6321 178
6322 194
6323 197
6324 215
6325 216
6326 217
6327 237
6328 238
6329 254
6330 255
6331 256
6332 257
6333 258
6334 259
6335 36
6336 37
6337 44
6338 53
6339 57
6340 63
6341 74
6342 81
6343 86
6344 99
6345 109
6346 113
6347 121
6348 128
6349 138
6350 141
6351 144
6352 156
6353 161
6354 175
6355 177
6356 179
6357 195
6358 198
6359 216
6360 217
6361 218
6362 238
6363 239
6364 254
6365 255
6366 256
6367 257
6368 258
6369 259
6370 260
6371 22
6372 38
6373 45
6374 54
6375 58
6376 64
6377 75
6378 82
6379 87
6380 100
6381 106
6382 110
6383 114
6384 122
6385 129
6386 139
6387 142
6388 145
6389 157
6390 162
6391 176
6392 178
6393 180
6394 196
6395 199
6396 217
6397 218
6398 219
6399 239
6400 240
6401 254
6402 255
6403 256
6404 257
6405 258
6406 259
6407 260
6408 261
6409 11
6410 23
6411 39
6412 55
6413 59
6414 65
6415 76
6416 83
6417 88
6418 92
6419 101
6420 107
6421 111
6422 115
6423 123
6424 130
6425 140
6426 143
6427 146
6428 158
6429 163
6430 177
6431 179
6432 181
6433 197
6434 200
6435 218
6436 219
6437 220
6438 240
6439 241
6440 254
6441 255
6442 256
6443 257
6444 258
6445 259
6446 260
6447 261
6448 262
6449 4
6450 12
6451 24
6452 40
6453 60
6454 66
6455 77
6456 79
6457 84
6458 89
6459 93
6460 102
6461 108
6462 112
6463 116
6464 124
6465 131
6466 141
6467 144
6468 147
6469 159
6470 164
6471 178
6472 180
6473 182
6474 198
6475 201
6476 219
6477 220
6478 221
6479 241
6480 242
6481 254
6482 255
6483 256
6484 257
6485 258
6486 259
6487 260
6488 261
6489 262
6490 263
6491 1
6492 5
6493 13
6494 25
6495 41
6496 61
6497 67
6498 78
6499 80
6500 85
6501 90
6502 94
6503 103
6504 109
6505 113
6506 117
6507 125
6508 132
6509 142
6510 145
6511 148
6512 160
6513 165
6514 179
6515 181
6516 183
6517 199
6518 202
6519 220
6520 221
6521 222
6522 242
6523 243
6524 254
6525 255
6526 256
6527 257
6528 258
6529 259
6530 260
6531 261
6532 262
6533 263
6534 264
6535 6
6536 14
6537 26
6538 42
6539 56
6540 62
6541 68
6542 81
6543 86
6544 91
6545 95
6546 104
6547 110
6548 114
6549 118
6550 126
6551 133
6552 143
6553 146
6554 149
6555 161
6556 166
6557 180
6558 182
6559 184
6560 200
6561 203
6562 221
6563 222
6564 223
6565 243
6566 244
6567 254
6568 255
6569 256
6570 257
6571 258
6572 259
6573 260
6574 261
6575 262
6576 263
6577 264
6578 265
6579 15
6580 27
6581 43
6582 46
6583 57
6584 63
6585 69
6586 82
6587 87
6588 96
6589 105
6590 111
6591 115
6592 119
6593 127
6594 134
6595 144
6596 147
6597 150
6598 162
6599 167
6600 181
6601 183
6602 185
6603 201
6604 204
6605 222
6606 223
6607 224
6608 244
6609 245
6610 254
6611 255
6612 256
6613 257
6614 258
6615 259
6616 260
6617 261
6618 262
6619 263
6620 264
6621 265
6622 266
6623 28
6624 37
6625 44
6626 47
6627 58
6628 64
6629 70
6630 83
6631 88
6632 97
6633 112
6634 116
6635 120
6636 128
6637 135
6638 145
6639 148
6640 151
6641 163
6642 168
6643 182
6644 184
6645 186
6646 202
6647 205
6648 223
6649 224
6650 225
6651 245
6652 246
6653 254
6654 255
6655 256
6656 257
6657 258
6658 259
6659 260
6660 261
6661 262
6662 263
6663 264
6664 265
6665 266
6666 267
6667 29
6668 38
6669 45
6670 48
6671 59
6672 65
6673 71
6674 84
6675 89
6676 98
6677 113
6678 117
6679 129
6680 136
6681 146
6682 149
6683 152
6684 164
6685 169
6686 183
6687 185
6688 187
6689 203
6690 206
6691 224
6692 225
6693 226
6694 246
6695 247
6696 254
6697 255
6698 256
6699 257
6700 258
6701 259
6702 260
6703 261
6704 262
6705 263
6706 264
6707 265
6708 266
6709 267
6710 268
6711 22
6712 30
6713 39
6714 49
6715 60
6716 66
6717 72
6718 85
6719 90
6720 99
6721 114
6722 118
6723 130
6724 147
6725 150
6726 153
6727 165
6728 170
6729 184
6730 186
6731 188
6732 204
6733 207
6734 225
6735 226
6736 227
6737 247
6738 248
6739 254
6740 255
6741 256
6742 257
6743 258
6744 259
6745 260
6746 261
6747 262
6748 263
6749 264
6750 265
6751 266
6752 267
6753 268
6754 269
6755 16
6756 23
6757 31
6758 40
6759 50
6760 61
6761 73
6762 86
6763 91
6764 100
6765 115
6766 119
6767 131
6768 148
6769 151
6770 166
6771 171
6772 185
6773 187
6774 189
6775 205
6776 208
6777 226
6778 227
6779 228
6780 248
6781 249
6782 254
6783 255
6784 256
6785 257
6786 258
6787 259
6788 260
6789 261
6790 262
6791 263
6792 264
6793 265
6794 266
6795 267
6796 268
6797 269
6798 270
6799 11
6800 17
6801 24
6802 32
6803 41
6804 51
6805 62
6806 74
6807 87
6808 101
6809 116
6810 120
6811 132
6812 149
6813 152
6814 167
6815 186
6816 188
6817 190
6818 206
6819 209
6820 227
6821 228
6822 229
6823 249
6824 250
6825 254
6826 255
6827 256
6828 257
6829 258
6830 259
6831 260
6832 261
6833 262
6834 263
6835 264
6836 265
6837 266
6838 267
6839 268
6840 269
6841 270
6842 271
6843 7
6844 12
6845 18
6846 25
6847 33
6848 42
6849 52
6850 63
6851 75
6852 88
6853 102
6854 117
6855 133
6856 150
6857 153
6858 168
6859 187
6860 189
6861 207
6862 210
6863 228
6864 229
6865 230
6866 250
6867 251
6868 254
6869 255
6870 256
6871 257
6872 258
6873 259
6874 260
6875 261
6876 262
6877 263
6878 264
6879 265
6880 266
6881 267
6882 268
6883 269
6884 270
6885 271
6886 272
6887 4
6888 8
6889 13
6890 19
6891 26
6892 34
6893 43
6894 53
6895 64
6896 76
6897 89
6898 103
6899 118
6900 134
6901 151
6902 169
6903 188
6904 190
6905 208
6906 229
6907 230
6908 231
6909 251
6910 252
6911 254
6912 255
6913 256
6914 257
6915 258
6916 259
6917 260
6918 261
6919 262
6920 263
6921 264
6922 265
6923 266
6924 267
6925 268
6926 269
6927 270
6928 271
6929 272
6930 273
6931 2
6932 5
6933 9
6934 14
6935 20
6936 27
6937 35
6938 44
6939 54
6940 65
6941 77
6942 90
6943 104
6944 119
6945 135
6946 152
6947 170
6948 189
6949 209
6950 230
6951 231
6952 252
6953 253
6954 254
6955 255
6956 256
6957 257
6958 258
6959 259
6960 260
6961 261
6962 262
6963 263
6964 264
6965 265
6966 266
6967 267
6968 268
6969 269
6970 270
6971 271
6972 272
6973 273
6974 274
6975 1
6976 3
6977 6
6978 10
6979 15
6980 21
6981 28
6982 36
6983 45
6984 55
6985 66
6986 78
6987 91
6988 105
6989 120
6990 136
6991 153
6992 171
6993 190
6994 210
6995 231
6996 253
6997 254
6998 255
6999 256
7000 257
7001 258
7002 259
7003 260
7004 261
7005 262
7006 263
7007 264
7008 265
7009 266
7010 267
7011 268
7012 269
7013 270
7014 271
7015 272
7016 273
7017 274
7018 275
7019 1
7020 2
7021 4
7022 7
7023 11
7024 16
7025 22
7026 29
7027 37
7028 46
7029 56
7030 67
7031 79
7032 92
7033 106
7034 121
7035 137
7036 154
7037 172
7038 191
7039 211
7040 232
7041 254
7042 3
7043 5
7044 8
7045 12
7046 17
7047 23
7048 30
7049 38
7050 47
7051 57
7052 68
7053 80
7054 93
7055 107
7056 122
7057 138
7058 155
7059 173
7060 192
7061 212
7062 232
7063 233
7064 254
7065 255
7066 277
7067 6
7068 9
7069 13
7070 18
7071 24
7072 31
7073 39
7074 48
7075 58
7076 69
7077 81
7078 94
7079 108
7080 123
7081 139
7082 156
7083 174
7084 191
7085 193
7086 213
7087 232
7088 233
7089 234
7090 255
7091 256
7092 277
7093 278
7094 10
7095 14
7096 19
7097 25
7098 32
7099 40
7100 49
7101 59
7102 70
7103 82
7104 95
7105 109
7106 124
7107 140
7108 154
7109 157
7110 175
7111 192
7112 194
7113 211
7114 214
7115 233
7116 234
7117 235
7118 256
7119 257
7120 277
7121 278
7122 279
7123 15
7124 20
7125 26
7126 33
7127 41
7128 50
7129 60
7130 71
7131 83
7132 96
7133 110
7134 121
7135 125
7136 141
7137 155
7138 158
7139 176
7140 191
7141 193
7142 195
7143 212
7144 215
7145 234
7146 235
7147 236
7148 257
7149 258
7150 277
7151 278
7152 279
7153 280
7154 21
7155 27
7156 34
7157 42
7158 51
7159 61
7160 72
7161 84
7162 92
7163 97
7164 111
7165 122
7166 126
7167 142
7168 156
7169 159
7170 172
7171 177
7172 192
7173 194
7174 196
7175 213
7176 216
7177 235
7178 236
7179 237
7180 258
7181 259
7182 277
7183 278
7184 279
7185 280
7186 281
7187 28
7188 35
7189 43
7190 52
7191 62
7192 67
7193 73
7194 85
7195 93
7196 98
7197 112
7198 123
7199 127
7200 143
7201 154
7202 157
7203 160
7204 173
7205 178
7206 193
7207 195
7208 197
7209 214
7210 217
7211 236
7212 237
7213 238
7214 259
7215 260
7216 277
7217 278
7218 279
7219 280
7220 281
7221 282
7222 36
7223 44
7224 46
7225 53
7226 63
7227 68
7228 74
7229 86
7230 94
7231 99
7232 113
7233 124
7234 128
7235 137
7236 144
7237 155
7238 158
7239 161
7240 174
7241 179
7242 194
7243 196
7244 198
7245 215
7246 218
7247 237
7248 238
7249 239
7250 260
7251 261
7252 277
7253 278
7254 279
7255 280
7256 281
7257 282
7258 283
7259 29
7260 45
7261 47
7262 54
7263 64
7264 69
7265 75
7266 87
7267 95
7268 100
7269 114
7270 121
7271 125
7272 129
7273 138
7274 145
7275 156
7276 159
7277 162
7278 175
7279 180
7280 195
7281 197
7282 199
7283 216
7284 219
7285 238
7286 239
7287 240
7288 261
7289 262
7290 277
7291 278
7292 279
7293 280
7294 281
7295 282
7296 283
7297 284
7298 16
7299 30
7300 48
7301 55
7302 65
7303 70
7304 76
7305 88
7306 96
7307 101
7308 106
7309 115
7310 122
7311 126
7312 130
7313 139
7314 146
7315 157
7316 160
7317 163
7318 176
7319 181
7320 196
7321 198
7322 200
7323 217
7324 220
7325 239
7326 240
7327 241
7328 262
7329 263
7330 277
7331 278
7332 279
7333 280
7334 281
7335 282
7336 283
7337 284
7338 285
7339 7
7340 17
7341 31
7342 49
7343 66
7344 71
7345 77
7346 89
7347 92
7348 97
7349 102
7350 107
7351 116
7352 123
7353 127
7354 131
7355 140
7356 147
7357 158
7358 161
7359 164
7360 177
7361 182
7362 197
7363 199
7364 201
7365 218
7366 221
7367 240
7368 241
7369 242
7370 263
7371 264
7372 277
7373 278
7374 279
7375 280
7376 281
7377 282
7378 283
7379 284
7380 285
7381 286
7382 2
7383 8
7384 18
7385 32
7386 50
7387 72
7388 78
7389 79
7390 90
7391 93
7392 98
7393 103
7394 108
7395 117
7396 124
7397 128
7398 132
7399 141
7400 148
7401 159
7402 162
7403 165
7404 178
7405 183
7406 198
7407 200
7408 202
7409 219
7410 222
7411 241
7412 242
7413 243
7414 264
7415 265
7416 277
7417 278
7418 279
7419 280
7420 281
7421 282
7422 283
7423 284
7424 285
7425 286
7426 287
7427 3
7428 9
7429 19
7430 33
7431 51
7432 67
7433 73
7434 80
7435 91
7436 94
7437 99
7438 104
7439 109
7440 118
7441 125
7442 129
7443 133
7444 142
7445 149
7446 160
7447 163
7448 166
7449 179
7450 184
7451 199
7452 201
7453 203
7454 220
7455 223
7456 242
7457 243
7458 244
7459 265
7460 266
7461 277
7462 278
7463 279
7464 280
7465 281
7466 282
7467 283
7468 284
7469 285
7470 286
7471 287
7472 288
7473 10
7474 20
7475 34
7476 52
7477 56
7478 68
7479 74
7480 81
7481 95
7482 100
7483 105
7484 110
7485 119
7486 126
7487 130
7488 134
7489 143
7490 150
7491 161
7492 164
7493 167
7494 180
7495 185
7496 200
7497 202
7498 204
7499 221
7500 224
7501 243
7502 244
7503 245
7504 266
7505 267
7506 277
7507 278
7508 279
7509 280
7510 281
7511 282
7512 283
7513 284
7514 285
7515 286
7516 287
7517 288
7518 289
7519 21
7520 35
7521 46
7522 53
7523 57
7524 69
7525 75
7526 82
7527 96
7528 101
7529 111
7530 120
7531 127
7532 131
7533 135
7534 144
7535 151
7536 162
7537 165
7538 168
7539 181
7540 186
7541 201
7542 203
7543 205
7544 222
7545 225
7546 244
7547 245
7548 246
7549 267
7550 268
7551 277
7552 278
7553 279
7554 280
7555 281
7556 282
7557 283
7558 284
7559 285
7560 286
7561 287
7562 288
7563 289
7564 290
7565 36
7566 37
7567 47
7568 54
7569 58
7570 70
7571 76
7572 83
7573 97
7574 102
7575 112
7576 128
7577 132
7578 136
7579 145
7580 152
7581 163
7582 166
7583 169
7584 182
7585 187
7586 202
7587 204
7588 206
7589 223
7590 226
7591 245
7592 246
7593 247
7594 268
7595 269
7596 277
7597 278
7598 279
7599 280
7600 281
7601 282
7602 283
7603 284
7604 285
7605 286
7606 287
7607 288
7608 289
7609 290
7610 291
7611 29
7612 38
7613 48
7614 55
7615 59
7616 71
7617 77
7618 84
7619 98
7620 103
7621 113
7622 129
7623 133
7624 146
7625 153
7626 164
7627 167
7628 170
7629 183
7630 188
7631 203
7632 205
7633 207
7634 224
7635 227
7636 246
7637 247
7638 248
7639 269
7640 270
7641 277
7642 278
7643 279
7644 280
7645 281
7646 282
7647 283
7648 284
7649 285
7650 286
7651 287
7652 288
7653 289
7654 290
7655 291
7656 292
7657 22
7658 30
7659 39
7660 49
7661 60
7662 72
7663 78
7664 85
7665 99
7666 104
7667 114
7668 130
7669 134
7670 147
7671 165
7672 168
7673 171
7674 184
7675 189
7676 204
7677 206
7678 208
7679 225
7680 228
7681 247
7682 248
7683 249
7684 270
7685 271
7686 277
7687 278
7688 279
7689 280
7690 281
7691 282
7692 283
7693 284
7694 285
7695 286
7696 287
7697 288
7698 289
7699 290
7700 291
7701 292
7702 293
7703 16
7704 23
7705 31
7706 40
7707 50
7708 61
7709 73
7710 86
7711 100
7712 105
7713 115
7714 131
7715 135
7716 148
7717 166
7718 169
7719 185
7720 190
7721 205
7722 207
7723 209
7724 226
7725 229
7726 248
7727 249
7728 250
7729 271
7730 272
7731 277
7732 278
7733 279
7734 280
7735 281
7736 282
7737 283
7738 284
7739 285
7740 286
7741 287
7742 288
7743 289
7744 290
7745 291
7746 292
7747 293
7748 294
7749 11
7750 17
7751 24
7752 32
7753 41
7754 51
7755 62
7756 74
7757 87
7758 101
7759 116
7760 132
7761 136
7762 149
7763 167
7764 170
7765 186
7766 206
7767 208
7768 210
7769 227
7770 230
7771 249
7772 250
7773 251
7774 272
7775 273
7776 277
7777 278
7778 279
7779 280
7780 281
7781 282
7782 283
7783 284
7784 285
7785 286
7786 287
7787 288
7788 289
7789 290
7790 291
7791 292
7792 293
7793 294
7794 295
7795 7
7796 12
7797 18
7798 25
7799 33
7800 42
7801 52
7802 63
7803 75
7804 88
7805 102
7806 117
7807 133
7808 150
7809 168
7810 171
7811 187
7812 207
7813 209
7814 228
7815 231
7816 250
7817 251
7818 252
7819 273
7820 274
7821 277
7822 278
7823 279
7824 280
7825 281
7826 282
7827 283
7828 284
7829 285
7830 286
7831 287
7832 288
7833 289
7834 290
7835 291
7836 292
7837 293
7838 294
7839 295
7840 296
7841 4
7842 8
7843 13
7844 19
7845 26
7846 34
7847 43
7848 53
7849 64
7850 76
7851 89
7852 103
7853 118
7854 134
7855 151
7856 169
7857 188
7858 208
7859 210
7860 229
7861 251
7862 252
7863 253
7864 274
7865 275
7866 277
7867 278
7868 279
7869 280
7870 281
7871 282
7872 283
7873 284
7874 285
7875 286
7876 287
7877 288
7878 289
7879 290
7880 291
7881 292
7882 293
7883 294
7884 295
7885 296
7886 297
7887 2
7888 5
7889 9
7890 14
7891 20
7892 27
7893 35
7894 44
7895 54
7896 65
7897 77
7898 90
7899 104
7900 119
7901 135
7902 152
7903 170
7904 189
7905 209
7906 230
7907 252
7908 253
7909 275
7910 276
7911 277
7912 278
7913 279
7914 280
7915 281
7916 282
7917 283
7918 284
7919 285
7920 286
7921 287
7922 288
7923 289
7924 290
7925 291
7926 292
7927 293
7928 294
7929 295
7930 296
7931 297
7932 298
7933 1
7934 3
7935 6
7936 10
7937 15
7938 21
7939 28
7940 36
7941 45
7942 55
7943 66
7944 78
7945 91
7946 105
7947 120
7948 136
7949 153
7950 171
7951 190
7952 210
7953 231
7954 253
7955 276
7956 277
7957 278
7958 279
7959 280
7960 281
7961 282
7962 283
7963 284
7964 285
7965 286
7966 287
7967 288
7968 289
7969 290
7970 291
7971 292
7972 293
7973 294
7974 295
7975 296
7976 297
7977 298
7978 299
7979 1
7980 2
7981 4
7982 7
7983 11
7984 16
7985 22
7986 29
7987 37
7988 46
7989 56
7990 67
7991 79
7992 92
7993 106
7994 121
7995 137
7996 154
7997 172
7998 191
7999 211
8000 232
8001 254
8002 277
8003 3
8004 5
8005 8
8006 12
8007 17
8008 23
8009 30
8010 38
8011 47
8012 57
8013 68
8014 80
8015 93
8016 107
8017 122
8018 138
8019 155
8020 173
8021 192
8022 212
8023 233
8024 254
8025 255
8026 277
8027 278
8028 301
8029 6
8030 9
8031 13
8032 18
8033 24
8034 31
8035 39
8036 48
8037 58
8038 69
8039 81
8040 94
8041 108
8042 123
8043 139
8044 156
8045 174
8046 193
8047 211
8048 213
8049 234
8050 254
8051 255
8052 256
8053 278
8054 279
8055 301
8056 302
8057 10
8058 14
8059 19
8060 25
8061 32
8062 40
8063 49
8064 59
8065 70
8066 82
8067 95
8068 109
8069 124
8070 140
8071 157
8072 172
8073 175
8074 194
8075 212
8076 214
8077 232
8078 235
8079 255
8080 256
8081 257
8082 279
8083 280
8084 301
8085 302
8086 303
8087 15
8088 20
8089 26
8090 33
8091 41
8092 50
8093 60
8094 71
8095 83
8096 96
8097 110
8098 125
8099 137
8100 141
8101 158
8102 173
8103 176
8104 195
8105 211
8106 213
8107 215
8108 233
8109 236
8110 256
8111 257
8112 258
8113 280
8114 281
8115 301
8116 302
8117 303
8118 304
8119 21
8120 27
8121 34
8122 42
8123 51
8124 61
8125 72
8126 84
8127 97
8128 106
8129 111
8130 126
8131 138
8132 142
8133 159
8134 174
8135 177
8136 191
8137 196
8138 212
8139 214
8140 216
8141 234
8142 237
8143 257
8144 258
8145 259
8146 281
8147 282
8148 301
8149 302
8150 303
8151 304
8152 305
8153 28
8154 35
8155 43
8156 52
8157 62
8158 73
8159 79
8160 85
8161 98
8162 107
8163 112
8164 127
8165 139
8166 143
8167 160
8168 172
8169 175
8170 178
8171 192
8172 197
8173 213
8174 215
8175 217
8176 235
8177 238
8178 258
8179 259
8180 260
8181 282
8182 283
8183 301
8184 302
8185 303
8186 304
8187 305
8188 306
8189 36
8190 44
8191 53
8192 56
8193 63
8194 74
8195 80
8196 86
8197 99
8198 108
8199 113
8200 128
8201 140
8202 144
8203 154
8204 161
8205 173
8206 176
8207 179
8208 193
8209 198
8210 214
8211 216
8212 218
8213 236
8214 239
8215 259
8216 260
8217 261
8218 283
8219 284
8220 301
8221 302
8222 303
8223 304
8224 305
8225 306
8226 307
8227 37
8228 45
8229 54
8230 57
8231 64
8232 75
8233 81
8234 87
8235 100
8236 109
8237 114
8238 129
8239 137
8240 141
8241 145
8242 155
8243 162
8244 174
8245 177
8246 180
8247 194
8248 199
8249 215
8250 217
8251 219
8252 237
8253 240
8254 260
8255 261
8256 262
8257 284
8258 285
8259 301
8260 302
8261 303
8262 304
8263 305
8264 306
8265 307
8266 308
8267 22
8268 38
8269 55
8270 58
8271 65
8272 76
8273 82
8274 88
8275 101
8276 110
8277 115
8278 121
8279 130
8280 138
8281 142
8282 146
8283 156
8284 163
8285 175
8286 178
8287 181
8288 195
8289 200
8290 216
8291 218
8292 220
8293 238
8294 241
8295 261
8296 262
8297 263
8298 285
8299 286
8300 301
8301 302
8302 303
8303 304
8304 305
8305 306
8306 307
8307 308
8308 309
8309 11
8310 23
8311 39
8312 59
8313 66
8314 77
8315 83
8316 89
8317 102
8318 106
8319 111
8320 116
8321 122
8322 131
8323 139
8324 143
8325 147
8326 157
8327 164
8328 176
8329 179
8330 182
8331 196
8332 201
8333 217
8334 219
8335 221
8336 239
8337 242
8338 262
8339 263
8340 264
8341 286
8342 287
8343 301
8344 302
8345 303
8346 304
8347 305
8348 306
8349 307
8350 308
8351 309
8352 310
8353 4
8354 12
8355 24
8356 40
8357 60
8358 78
8359 84
8360 90
8361 92
8362 103
8363 107
8364 112
8365 117
8366 123
8367 132
8368 140
8369 144
8370 148
8371 158
8372 165
8373 177
8374 180
8375 183
8376 197
8377 202
8378 218
8379 220
8380 222
8381 240
8382 243
8383 263
8384 264
8385 265
8386 287
8387 288
8388 301
8389 302
8390 303
8391 304
8392 305
8393 306
8394 307
8395 308
8396 309
8397 310
8398 311
8399 1
8400 5
8401 13
8402 25
8403 41
8404 61
8405 79
8406 85
8407 91
8408 93
8409 104
8410 108
8411 113
8412 118
8413 124
8414 133
8415 141
8416 145
8417 149
8418 159
8419 166
8420 178
8421 181
8422 184
8423 198
8424 203
8425 219
8426 221
8427 223
8428 241
8429 244
8430 264
8431 265
8432 266
8433 288
8434 289
8435 301
8436 302
8437 303
8438 304
8439 305
8440 306
8441 307
8442 308
8443 309
8444 310
8445 311
8446 312
8447 6
8448 14
8449 26
8450 42
8451 62
8452 67
8453 80
8454 86
8455 94
8456 105
8457 109
8458 114
8459 119
8460 125
8461 134
8462 142
8463 146
8464 150
8465 160
8466 167
8467 179
8468 182
8469 185
8470 199
8471 204
8472 220
8473 222
8474 224
8475 242
8476 245
8477 265
8478 266
8479 267
8480 289
8481 290
8482 301
8483 302
8484 303
8485 304
8486 305
8487 306
8488 307
8489 308
8490 309
8491 310
8492 311
8493 312
8494 313
8495 15
8496 27
8497 43
8498 56
8499 63
8500 68
8501 81
8502 87
8503 95
8504 110
8505 115
8506 120
8507 126
8508 135
8509 143
8510 147
8511 151
8512 161
8513 168
8514 180
8515 183
8516 186
8517 200
8518 205
8519 221
8520 223
8521 225
8522 243
8523 246
8524 266
8525 267
8526 268
8527 290
8528 291
8529 301
8530 302
8531 303
8532 304
8533 305
8534 306
8535 307
8536 308
8537 309
8538 310
8539 311
8540 312
8541 313
8542 314
8543 28
8544 44
8545 46
8546 57
8547 64
8548 69
8549 82
8550 88
8551 96
8552 111
8553 116
8554 127
8555 136
8556 144
8557 148
8558 152
8559 162
8560 169
8561 181
8562 184
8563 187
8564 201
8565 206
8566 222
8567 224
8568 226
8569 244
8570 247
8571 267
8572 268
8573 269
8574 291
8575 292
8576 301
8577 302
8578 303
8579 304
8580 305
8581 306
8582 307
8583 308
8584 309
8585 310
8586 311
8587 312
8588 313
8589 314
8590 315
8591 37
8592 45
8593 47
8594 58
8595 65
8596 70
8597 83
8598 89
8599 97
8600 112
8601 117
8602 128
8603 145
8604 149
8605 153
8606 163
8607 170
8608 182
8609 185
8610 188
8611 202
8612 207
8613 223
8614 225
8615 227
8616 245
8617 248
8618 268
8619 269
8620 270
8621 292
8622 293
8623 301
8624 302
8625 303
8626 304
8627 305
8628 306
8629 307
8630 308
8631 309
8632 310
8633 311
8634 312
8635 313
8636 314
8637 315
8638 316
8639 29
8640 38
8641 48
8642 59
8643 66
8644 71
8645 84
8646 90
8647 98
8648 113
8649 118
8650 129
8651 146
8652 150
8653 164
8654 171
8655 183
8656 186
8657 189
8658 203
8659 208
8660 224
8661 226
8662 228
8663 246
8664 249
8665 269
8666 270
8667 271
8668 293
8669 294
8670 301
8671 302
8672 303
8673 304
8674 305
8675 306
8676 307
8677 308
8678 309
8679 310
8680 311
8681 312
8682 313
8683 314
8684 315
8685 316
8686 317
8687 22
8688 30
8689 39
8690 49
8691 60
8692 72
8693 85
8694 91
8695 99
8696 114
8697 119
8698 130
8699 147
8700 151
8701 165
8702 184
8703 187
8704 190
8705 204
8706 209
8707 225
8708 227
8709 229
8710 247
8711 250
8712 270
8713 271
8714 272
8715 294
8716 295
8717 301
8718 302
8719 303
8720 304
8721 305
8722 306
8723 307
8724 308
8725 309
8726 310
8727 311
8728 312
8729 313
8730 314
8731 315
8732 316
8733 317
8734 318
8735 16
8736 23
8737 31
8738 40
8739 50
8740 61
8741 73
8742 86
8743 100
8744 115
8745 120
8746 131
8747 148
8748 152
8749 166
8750 185
8751 188
8752 205
8753 210
8754 226
8755 228
8756 230
8757 248
8758 251
8759 271
8760 272
8761 273
8762 295
8763 296
8764 301
8765 302
8766 303
8767 304
8768 305
8769 306
8770 307
8771 308
8772 309
8773 310
8774 311
8775 312
8776 313
8777 314
8778 315
8779 316
8780 317
8781 318
8782 319
8783 11
8784 17
8785 24
8786 32
8787 41
8788 51
8789 62
8790 74
8791 87
8792 101
8793 116
8794 132
8795 149
8796 153
8797 167
8798 186
8799 189
8800 206
8801 227
8802 229
8803 231
8804 249
8805 252
8806 272
8807 273
8808 274
8809 296
8810 297
8811 301
8812 302
8813 303
8814 304
8815 305
8816 306
8817 307
8818 308
8819 309
8820 310
8821 311
8822 312
8823 313
8824 314
8825 315
8826 316
8827 317
8828 318
8829 319
8830 320
8831 7
8832 12
8833 18
8834 25
8835 33
8836 42
8837 52
8838 63
8839 75
8840 88
8841 102
8842 117
8843 133
8844 150
8845 168
8846 187
8847 190
8848 207
8849 228
8850 230
8851 250
8852 253
8853 273
8854 274
8855 275
8856 297
8857 298
8858 301
8859 302
8860 303
8861 304
8862 305
8863 306
8864 307
8865 308
8866 309
8867 310
8868 311
8869 312
8870 313
8871 314
8872 315
8873 316
8874 317
8875 318
8876 319
8877 320
8878 321
8879 4
8880 8
8881 13
8882 19
8883 26
8884 34
8885 43
8886 53
8887 64
8888 76
8889 89
8890 103
8891 118
8892 134
8893 151
8894 169
8895 188
8896 208
8897 229
8898 231
8899 251
8900 274
8901 275
8902 276
8903 298
8904 299
8905 301
8906 302
8907 303
8908 304
8909 305
8910 306
8911 307
8912 308
8913 309
8914 310
8915 311
8916 312
8917 313
8918 314
8919 315
8920 316
8921 317
8922 318
8923 319
8924 320
8925 321
8926 322
8927 2
8928 5
8929 9
8930 14
8931 20
8932 27
8933 35
8934 44
8935 54
8936 65
8937 77
8938 90
8939 104
8940 119
8941 135
8942 152
8943 170
8944 189
8945 209
8946 230
8947 252
8948 275
8949 276
8950 299
8951 300
8952 301
8953 302
8954 303
8955 304
8956 305
8957 306
8958 307
8959 308
8960 309
8961 310
8962 311
8963 312
8964 313
8965 314
8966 315
8967 316
8968 317
8969 318
8970 319
8971 320
8972 321
8973 322
8974 323
8975 1
8976 3
8977 6
8978 10
8979 15
8980 21
8981 28
8982 36
8983 45
8984 55
8985 66
8986 78
8987 91
8988 105
8989 120
8990 136
8991 153
8992 171
8993 190
8994 210
8995 231
8996 253
8997 276
8998 300
8999 301
9000 302
9001 303
9002 304
9003 305
9004 306
9005 307
9006 308
9007 309
9008 310
9009 311
9010 312
9011 313
9012 314
9013 315
9014 316
9015 317
9016 318
9017 319
9018 320
9019 321
9020 322
9021 323
9022 324
9023 1
9024 2
9025 4
9026 7
9027 11
9028 16
9029 22
9030 29
9031 37
9032 46
9033 56
9034 67
9035 79
9036 92
9037 106
9038 121
9039 137
9040 154
9041 172
9042 191
9043 211
9044 232
9045 254
9046 277
9047 301
9048 3
9049 5
9050 8
9051 12
9052 17
9053 23
9054 30
9055 38
9056 47
9057 57
9058 68
9059 80
9060 93
9061 107
9062 122
9063 138
9064 155
9065 173
9066 192
9067 212
9068 233
9069 255
9070 277
9071 278
9072 301
9073 302
9074 326
9075 6
9076 9
9077 13
9078 18
9079 24
9080 31
9081 39
9082 48
9083 58
9084 69
9085 81
9086 94
9087 108
9088 123
9089 139
9090 156
9091 174
9092 193
9093 213
9094 232
9095 234
9096 256
9097 277
9098 278
9099 279
9100 302
9101 303
9102 326
9103 327
9104 10
9105 14
9106 19
9107 25
9108 32
9109 40
9110 49
9111 59
9112 70
9113 82
9114 95
9115 109
9116 124
9117 140
9118 157
9119 175
9120 191
9121 194
9122 214
9123 233
9124 235
9125 254
9126 257
9127 278
9128 279
9129 280
9130 303
9131 304
9132 326
9133 327
9134 328
9135 15
9136 20
9137 26
9138 33
9139 41
9140 50
9141 60
9142 71
9143 83
9144 96
9145 110
9146 125
9147 141
9148 154
9149 158
9150 176
9151 192
9152 195
9153 215
9154 232
9155 234
9156 236
9157 255
9158 258
9159 279
9160 280
9161 281
9162 304
9163 305
9164 326
9165 327
9166 328
9167 329
9168 21
9169 27
9170 34
9171 42
9172 51
9173 61
9174 72
9175 84
9176 97
9177 111
9178 121
9179 126
9180 142
9181 155
9182 159
9183 177
9184 193
9185 196
9186 211
9187 216
9188 233
9189 235
9190 237
9191 256
9192 259
9193 280
9194 281
9195 282
9196 305
9197 306
9198 326
9199 327
9200 328
9201 329
9202 330
9203 28
9204 35
9205 43
9206 52
9207 62
9208 73
9209 85
9210 92
9211 98
9212 112
9213 122
9214 127
9215 143
9216 156
9217 160
9218 178
9219 191
9220 194
9221 197
9222 212
9223 217
9224 234
9225 236
9226 238
9227 257
9228 260
9229 281
9230 282
9231 283
9232 306
9233 307
9234 326
9235 327
9236 328
9237 329
9238 330
9239 331
9240 36
9241 44
9242 53
9243 63
9244 67
9245 74
9246 86
9247 93
9248 99
9249 113
9250 123
9251 128
9252 144
9253 157
9254 161
9255 172
9256 179
9257 192
9258 195
9259 198
9260 213
9261 218
9262 235
9263 237
9264 239
9265 258
9266 261
9267 282
9268 283
9269 284
9270 307
9271 308
9272 326
9273 327
9274 328
9275 329
9276 330
9277 331
9278 332
9279 45
9280 46
9281 54
9282 64
9283 68
9284 75
9285 87
9286 94
9287 100
9288 114
9289 124
9290 129
9291 145
9292 154
9293 158
9294 162
9295 173
9296 180
9297 193
9298 196
9299 199
9300 214
9301 219
9302 236
9303 238
9304 240
9305 259
9306 262
9307 283
9308 284
9309 285
9310 308
9311 309
9312 326
9313 327
9314 328
9315 329
9316 330
9317 331
9318 332
9319 333
9320 29
9321 47
9322 55
9323 65
9324 69
9325 76
9326 88
9327 95
9328 101
9329 115
9330 125
9331 130
9332 137
9333 146
9334 155
9335 159
9336 163
9337 174
9338 181
9339 194
9340 197
9341 200
9342 215
9343 220
9344 237
9345 239
9346 241
9347 260
9348 263
9349 284
9350 285
9351 286
9352 309
9353 310
9354 326
9355 327
9356 328
9357 329
9358 330
9359 331
9360 332
9361 333
9362 334
9363 16
9364 30
9365 48
9366 66
9367 70
9368 77
9369 89
9370 96
9371 102
9372 116
9373 121
9374 126
9375 131
9376 138
9377 147
9378 156
9379 160
9380 164
9381 175
9382 182
9383 195
9384 198
9385 201
9386 216
9387 221
9388 238
9389 240
9390 242
9391 261
9392 264
9393 285
9394 286
9395 287
9396 310
9397 311
9398 326
9399 327
9400 328
9401 329
9402 330
9403 331
9404 332
9405 333
9406 334
9407 335
9408 7
9409 17
9410 31
9411 49
9412 71
9413 78
9414 90
9415 97
9416 103
9417 106
9418 117
9419 122
9420 127
9421 132
9422 139
9423 148
9424 157
9425 161
9426 165
9427 176
9428 183
9429 196
9430 199
9431 202
9432 217
9433 222
9434 239
9435 241
9436 243
9437 262
9438 265
9439 286
9440 287
9441 288
9442 311
9443 312
9444 326
9445 327
9446 328
9447 329
9448 330
9449 331
9450 332
9451 333
9452 334
9453 335
9454 336
9455 2
9456 8
9457 18
9458 32
9459 50
9460 72
9461 91
9462 92
9463 98
9464 104
9465 107
9466 118
9467 123
9468 128
9469 133
9470 140
9471 149
9472 158
9473 162
9474 166
9475 177
9476 184
9477 197
9478 200
9479 203
9480 218
9481 223
9482 240
9483 242
9484 244
9485 263
9486 266
9487 287
9488 288
9489 289
9490 312
9491 313
9492 326
9493 327
9494 328
9495 329
9496 330
9497 331
9498 332
9499 333
9500 334
9501 335
9502 336
9503 337
9504 3
9505 9
9506 19
9507 33
9508 51
9509 73
9510 79
9511 93
9512 99
9513 105
9514 108
9515 119
9516 124
9517 129
9518 134
9519 141
9520 150
9521 159
9522 163
9523 167
9524 178
9525 185
9526 198
9527 201
9528 204
9529 219
9530 224
9531 241
9532 243
9533 245
9534 264
9535 267
9536 288
9537 289
9538 290
9539 313
9540 314
9541 326
9542 327
9543 328
9544 329
9545 330
9546 331
9547 332
9548 333
9549 334
9550 335
9551 336
9552 337
9553 338
9554 10
9555 20
9556 34
9557 52
9558 67
9559 74
9560 80
9561 94
9562 100
9563 109
9564 120
9565 125
9566 130
9567 135
9568 142
9569 151
9570 160
9571 164
9572 168
9573 179
9574 186
9575 199
9576 202
9577 205
9578 220
9579 225
9580 242
9581 244
9582 246
9583 265
9584 268
9585 289
9586 290
9587 291
9588 314
9589 315
9590 326
9591 327
9592 328
9593 329
9594 330
9595 331
9596 332
9597 333
9598 334
9599 335
9600 336
9601 337
9602 338
9603 339
9604 21
9605 35
9606 53
9607 56
9608 68
9609 75
9610 81
9611 95
9612 101
9613 110
9614 126
9615 131
9616 136
9617 143
9618 152
9619 161
9620 165
9621 169
9622 180
9623 187
9624 200
9625 203
9626 206
9627 221
9628 226
9629 243
9630 245
9631 247
9632 266
9633 269
9634 290
9635 291
9636 292
9637 315
9638 316
9639 326
9640 327
9641 328
9642 329
9643 330
9644 331
9645 332
9646 333
9647 334
9648 335
9649 336
9650 337
9651 338
9652 339
9653 340
9654 36
9655 46
9656 54
9657 57
9658 69
9659 76
9660 82
9661 96
9662 102
9663 111
9664 127
9665 132
9666 144
9667 153
9668 162
9669 166
9670 170
9671 181
9672 188
9673 201
9674 204
9675 207
9676 222
9677 227
9678 244
9679 246
9680 248
9681 267
9682 270
9683 291
9684 292
9685 293
9686 316
9687 317
9688 326
9689 327
9690 328
9691 329
9692 330
9693 331
9694 332
9695 333
9696 334
9697 335
9698 336
9699 337
9700 338
9701 339
9702 340
9703 341
9704 37
9705 47
9706 55
9707 58
9708 70
9709 77
9710 83
9711 97
9712 103
9713 112
9714 128
9715 133
9716 145
9717 163
9718 167
9719 171
9720 182
9721 189
9722 202
9723 205
9724 208
9725 223
9726 228
9727 245
9728 247
9729 249
9730 268
9731 271
9732 292
9733 293
9734 294
9735 317
9736 318
9737 326
9738 327
9739 328
9740 329
9741 330
9742 331
9743 332
9744 333
9745 334
9746 335
9747 336
9748 337
9749 338
9750 339
9751 340
9752 341
9753 342
9754 29
9755 38
9756 48
9757 59
9758 71
9759 78
9760 84
9761 98
9762 104
9763 113
9764 129
9765 134
9766 146
9767 164
9768 168
9769 183
9770 190
9771 203
9772 206
9773 209
9774 224
9775 229
9776 246
9777 248
9778 250
9779 269
9780 272
9781 293
9782 294
9783 295
9784 318
9785 319
9786 326
9787 327
9788 328
9789 329
9790 330
9791 331
9792 332
9793 333
9794 334
9795 335
9796 336
9797 337
9798 338
9799 339
9800 340
9801 341
9802 342
9803 343
9804 22
9805 30
9806 39
9807 49
9808 60
9809 72
9810 85
9811 99
9812 105
9813 114
9814 130
9815 135
9816 147
9817 165
9818 169
9819 184
9820 204
9821 207
9822 210
9823 225
9824 230
9825 247
9826 249
9827 251
9828 270
9829 273
9830 294
9831 295
9832 296
9833 319
9834 320
9835 326
9836 327
9837 328
9838 329
9839 330
9840 331
9841 332
9842 333
9843 334
9844 335
9845 336
9846 337
9847 338
9848 339
9849 340
9850 341
9851 342
9852 343
9853 344
9854 16
9855 23
9856 31
9857 40
9858 50
9859 61
9860 73
9861 86
9862 100
9863 115
9864 131
9865 136
9866 148
9867 166
9868 170
9869 185
9870 205
9871 208
9872 226
9873 231
9874 248
9875 250
9876 252
9877 271
9878 274
9879 295
9880 296
9881 297
9882 320
9883 321
9884 326
9885 327
9886 328
9887 329
9888 330
9889 331
9890 332
9891 333
9892 334
9893 335
9894 336
9895 337
9896 338
9897 339
9898 340
9899 341
9900 342
9901 343
9902 344
9903 345
9904 11
9905 17
9906 24
9907 32
9908 41
9909 51
9910 62
9911 74
9912 87
9913 101
9914 116
9915 132
9916 149
9917 167
9918 171
9919 186
9920 206
9921 209
9922 227
9923 249
9924 251
9925 253
9926 272
9927 275
9928 296
9929 297
9930 298
9931 321
9932 322
9933 326
9934 327
9935 328
9936 329
9937 330
9938 331
9939 332
9940 333
9941 334
9942 335
9943 336
9944 337
9945 338
9946 339
9947 340
9948 341
9949 342
9950 343
9951 344
9952 345
9953 346
9954 7
9955 12
9956 18
9957 25
9958 33
9959 42
9960 52
9961 63
9962 75
9963 88
9964 102
9965 117
9966 133
9967 150
9968 168
9969 187
9970 207
9971 210
9972 228
9973 250
9974 252
9975 273
9976 276
9977 297
9978 298
9979 299
9980 322
9981 323
9982 326
9983 327
9984 328
9985 329
9986 330
9987 331
9988 332
9989 333
9990 334
9991 335
9992 336
9993 337
9994 338
9995 339
9996 340
9997 341
9998 342
9999 343
10000 344
