1 1
2 2
3 1
4 3
5 1
6 1
7 4
8 2
9 2
10 1
11 5
12 2
13 2
14 1
15 1
16 6
17 3
18 3
19 2
20 2
21 1
22 7
23 3
24 4
25 2
26 3
27 1
28 1
29 8
30 4
31 4
32 3
33 4
34 1
35 2
36 1
37 9
38 4
39 5
40 3
41 4
42 1
43 3
44 1
45 1
46 10
47 5
48 6
49 4
50 5
51 2
52 4
53 2
54 2
55 1
56 11
57 5
58 6
59 4
60 6
61 2
62 5
63 2
64 2
65 1
66 1
67 12
68 6
69 7
70 5
71 7
72 3
73 6
74 3
75 3
76 2
77 2
78 1
79 13
80 6
81 8
82 5
83 8
84 3
85 6
86 3
87 4
88 2
89 3
90 1
91 1
92 14
93 7
94 8
95 6
96 8
97 3
98 7
99 4
100 4
101 2
102 4
103 1
104 2
105 1
106 15
107 7
108 9
109 6
110 9
111 3
112 8
113 4
114 5
115 2
116 5
117 1
118 3
119 1
120 1
121 16
122 8
123 10
124 7
125 10
126 4
127 9
128 5
129 6
130 3
131 6
132 2
133 4
134 2
135 2
136 1
137 17
138 8
139 10
140 7
141 11
142 4
143 10
144 5
145 6
146 3
147 7
148 2
149 5
150 2
151 2
152 1
153 1
154 18
155 9
156 11
157 8
158 12
159 5
160 11
161 6
162 7
163 4
164 8
165 3
166 6
167 3
168 3
169 2
170 2
171 1
172 19
173 9
174 12
175 8
176 12
177 5
178 12
179 6
180 8
181 4
182 9
183 3
184 7
185 3
186 3
187 2
188 3
189 1
190 1
191 20
192 10
193 12
194 9
195 13
196 5
197 12
198 7
199 8
200 5
201 10
202 3
203 8
204 3
205 3
206 3
207 4
208 1
209 2
210 1
211 21
212 10
213 13
214 9
215 14
216 5
217 13
218 7
219 9
220 5
221 10
222 3
223 9
224 3
225 4
226 3
227 5
228 1
229 3
230 1
231 1
232 22
233 11
234 14
235 10
236 15
237 6
238 14
239 8
240 10
241 6
242 11
243 4
244 10
245 4
246 5
247 4
248 6
249 2
250 4
251 2
252 2
253 1
254 23
255 11
256 14
257 10
258 16
259 6
260 15
261 8
262 10
263 6
264 12
265 4
266 11
267 4
268 5
269 4
270 7
271 2
272 5
273 2
274 2
275 1
276 1
277 24
278 12
279 15
280 11
281 16
282 7
283 16
284 9
285 11
286 6
287 13
288 5
289 12
290 5
291 5
292 5
293 8
294 3
295 6
296 2
297 3
298 2
299 2
300 1
301 25
302 12
303 16
304 11
305 17
306 7
307 17
308 9
309 12
310 6
311 14
312 5
313 12
314 5
315 6
316 5
317 9
318 3
319 7
320 2
321 4
322 2
323 3
324 1
325 1
326 26
327 13
328 16
329 12
330 18
331 7
332 18
333 10
334 12
335 7
336 15
337 5
338 13
339 6
340 6
341 6
342 10
343 3
344 8
345 3
346 4
347 3
348 4
349 1
350 2
351 1
352 27
353 13
354 17
355 12
356 19
357 7
358 18
359 10
360 13
361 7
362 16
363 5
364 14
365 6
366 7
367 6
368 11
369 3
370 9
371 3
372 4
373 3
374 5
375 1
376 3
377 1
378 1
379 28
380 14
381 18
382 13
383 20
384 8
385 19
386 11
387 14
388 8
389 17
390 6
391 15
392 7
393 8
394 7
395 12
396 4
397 10
398 4
399 5
400 4
401 6
402 2
403 4
404 2
405 2
406 1
407 29
408 14
409 18
410 13
411 20
412 8
413 20
414 11
415 14
416 8
417 18
418 6
419 16
420 7
421 8
422 7
423 13
424 4
425 11
426 4
427 5
428 4
429 7
430 2
431 4
432 2
433 2
434 1
435 1
436 30
437 15
438 19
439 14
440 21
441 9
442 21
443 12
444 15
445 9
446 19
447 7
448 17
449 8
450 9
451 8
452 14
453 5
454 12
455 5
456 6
457 5
458 8
459 3
460 5
461 3
462 3
463 2
464 2
465 1
466 31
467 15
468 20
469 14
470 22
471 9
472 22
473 12
474 16
475 9
476 20
477 7
478 18
479 8
480 10
481 8
482 15
483 5
484 13
485 5
486 7
487 5
488 9
489 3
490 6
491 3
492 4
493 2
494 3
495 1
496 1
497 32
498 16
499 20
500 15
501 23
502 9
503 23
504 13
505 16
506 10
507 20
508 7
509 19
510 9
511 10
512 9
513 16
514 5
515 14
516 6
517 7
518 5
519 10
520 3
521 7
522 4
523 4
524 3
525 4
526 1
527 2
528 1
529 33
530 16
531 21
532 15
533 24
534 9
535 24
536 13
537 17
538 10
539 21
540 7
541 20
542 9
543 11
544 9
545 16
546 5
547 15
548 6
549 8
550 5
551 11
552 3
553 8
554 4
555 5
556 3
557 5
558 1
559 3
560 1
561 1
562 34
563 17
564 22
565 16
566 24
567 10
568 24
569 14
570 18
571 10
572 22
573 8
574 21
575 9
576 11
577 10
578 17
579 6
580 16
581 6
582 8
583 6
584 12
585 4
586 8
587 5
588 6
589 3
590 6
591 1
592 4
593 2
594 2
595 1
596 35
597 17
598 22
599 16
600 25
601 10
602 25
603 14
604 18
605 10
606 23
607 8
608 22
609 9
610 11
611 10
612 18
613 6
614 17
615 6
616 8
617 6
618 13
619 4
620 9
621 5
622 6
623 3
624 7
625 1
626 5
627 2
628 2
629 1
630 1
631 36
632 18
633 23
634 17
635 26
636 11
637 26
638 15
639 19
640 11
641 24
642 9
643 23
644 10
645 12
646 11
647 19
648 7
649 18
650 7
651 9
652 7
653 14
654 5
655 10
656 6
657 7
658 4
659 8
660 2
661 6
662 3
663 3
664 2
665 2
666 1
667 37
668 18
669 24
670 17
671 27
672 11
673 27
674 15
675 20
676 11
677 25
678 9
679 24
680 10
681 13
682 11
683 20
684 7
685 18
686 7
687 10
688 7
689 15
690 5
691 11
692 6
693 8
694 4
695 9
696 2
697 7
698 3
699 4
700 2
701 3
702 1
703 1
704 38
705 19
706 24
707 18
708 28
709 11
710 28
711 16
712 20
713 12
714 26
715 9
716 24
717 11
718 13
719 12
720 21
721 7
722 19
723 8
724 10
725 8
726 16
727 5
728 12
729 6
730 8
731 5
732 10
733 2
734 8
735 4
736 4
737 3
738 4
739 1
740 2
741 1
742 39
743 19
744 25
745 18
746 28
747 11
748 29
749 16
750 21
751 12
752 27
753 9
754 25
755 11
756 13
757 12
758 22
759 7
760 20
761 8
762 11
763 8
764 17
765 5
766 12
767 6
768 9
769 5
770 11
771 2
772 9
773 4
774 5
775 3
776 4
777 1
778 3
779 1
780 1
781 40
782 20
783 26
784 19
785 29
786 12
787 30
788 17
789 22
790 13
791 28
792 10
793 26
794 12
795 14
796 13
797 23
798 8
799 21
800 9
801 12
802 9
803 18
804 6
805 13
806 7
807 10
808 6
809 12
810 3
811 10
812 5
813 6
814 4
815 5
816 2
817 4
818 2
819 2
820 1
821 41
822 20
823 26
824 19
825 30
826 12
827 30
828 17
829 22
830 13
831 29
832 10
833 27
834 12
835 14
836 13
837 24
838 8
839 22
840 9
841 12
842 9
843 19
844 6
845 14
846 7
847 10
848 6
849 13
850 3
851 11
852 5
853 6
854 4
855 5
856 2
857 5
858 2
859 2
860 1
861 1
862 42
863 21
864 27
865 20
866 31
867 13
868 31
869 18
870 23
871 14
872 30
873 11
874 28
875 13
876 15
877 14
878 25
879 9
880 23
881 10
882 13
883 10
884 20
885 7
886 15
887 8
888 11
889 7
890 14
891 4
892 12
893 6
894 7
895 5
896 6
897 3
898 6
899 3
900 3
901 2
902 2
903 1
904 43
905 21
906 28
907 20
908 32
909 13
910 32
911 18
912 24
913 14
914 30
915 11
916 29
917 13
918 16
919 14
920 26
921 9
922 24
923 10
924 14
925 10
926 21
927 7
928 16
929 8
930 12
931 7
932 15
933 4
934 13
935 6
936 7
937 5
938 7
939 3
940 7
941 3
942 4
943 2
944 3
945 1
946 1
947 44
948 22
949 28
950 21
951 32
952 13
953 33
954 19
955 24
956 14
957 31
958 11
959 30
960 14
961 16
962 15
963 27
964 9
965 25
966 10
967 14
968 11
969 22
970 7
971 16
972 9
973 12
974 8
975 16
976 4
977 14
978 7
979 7
980 6
981 7
982 3
983 8
984 4
985 4
986 2
987 4
988 1
989 2
990 1
991 45
992 22
993 29
994 21
995 33
996 13
997 34
998 19
999 25
1000 14
1001 32
1002 11
1003 31
1004 14
1005 17
1006 15
1007 28
1008 9
1009 26
1010 10
1011 15
1012 11
1013 22
1014 7
1015 17
1016 9
1017 13
1018 8
1019 17
1020 4
1021 15
1022 7
1023 8
1024 6
1025 8
1026 3
1027 9
1028 4
1029 5
1030 2
1031 5
1032 1
1033 3
1034 1
1035 1
1036 46
1037 23
1038 30
1039 22
1040 34
1041 14
1042 35
1043 20
1044 26
1045 15
1046 33
1047 12
1048 32
1049 15
1050 18
1051 16
1052 29
1053 10
1054 27
1055 11
1056 16
1057 12
1058 23
1059 8
1060 18
1061 10
1062 14
1063 9
1064 18
1065 5
1066 16
1067 8
1068 9
1069 7
1070 9
1071 4
1072 10
1073 5
1074 6
1075 3
1076 6
1077 2
1078 4
1079 2
1080 2
1081 1
1082 47
1083 23
1084 30
1085 22
1086 35
1087 14
1088 36
1089 20
1090 26
1091 15
1092 34
1093 12
1094 33
1095 15
1096 18
1097 16
1098 30
1099 10
1100 28
1101 11
1102 16
1103 12
1104 24
1105 8
1106 19
1107 10
1108 14
1109 9
1110 19
1111 5
1112 17
1113 8
1114 9
1115 7
1116 10
1117 4
1118 11
1119 5
1120 6
1121 3
1122 7
1123 2
1124 5
1125 2
1126 2
1127 1
1128 1
1129 48
1130 24
1131 31
1132 23
1133 36
1134 15
1135 36
1136 21
1137 27
1138 16
1139 35
1140 13
1141 34
1142 15
1143 19
1144 17
1145 31
1146 11
1147 29
1148 12
1149 16
1150 13
1151 25
1152 9
1153 20
1154 11
1155 15
1156 9
1157 20
1158 6
1159 18
1160 9
1161 10
1162 8
1163 10
1164 5
1165 12
1166 6
1167 7
1168 4
1169 8
1170 2
1171 6
1172 3
1173 3
1174 2
1175 2
1176 1
1177 49
1178 24
1179 32
1180 23
1181 36
1182 15
1183 37
1184 21
1185 28
1186 16
1187 36
1188 13
1189 35
1190 15
1191 19
1192 17
1193 32
1194 11
1195 30
1196 12
1197 17
1198 13
1199 26
1200 9
1201 20
1202 11
1203 16
1204 9
1205 21
1206 6
1207 19
1208 9
1209 11
1210 8
1211 10
1212 5
1213 13
1214 6
1215 8
1216 4
1217 9
1218 2
1219 7
1220 3
1221 3
1222 2
1223 3
1224 1
1225 1
1226 50
1227 25
1228 32
1229 24
1230 37
1231 15
1232 38
1233 22
1234 28
1235 17
1236 37
1237 13
1238 36
1239 16
1240 19
1241 18
1242 32
1243 11
1244 31
1245 13
1246 17
1247 14
1248 27
1249 9
1250 21
1251 12
1252 16
1253 10
1254 22
1255 6
1256 20
1257 10
1258 11
1259 8
1260 11
1261 5
1262 14
1263 7
1264 8
1265 5
1266 10
1267 2
1268 8
1269 4
1270 3
1271 3
1272 4
1273 1
1274 2
1275 1
1276 51
1277 25
1278 33
1279 24
1280 38
1281 15
1282 39
1283 22
1284 29
1285 17
1286 38
1287 13
1288 36
1289 16
1290 20
1291 18
1292 33
1293 11
1294 32
1295 13
1296 18
1297 14
1298 28
1299 9
1300 22
1301 12
1302 17
1303 10
1304 23
1305 6
1306 21
1307 10
1308 12
1309 8
1310 12
1311 5
1312 15
1313 7
1314 8
1315 5
1316 11
1317 2
1318 9
1319 4
1320 4
1321 3
1322 5
1323 1
1324 3
1325 1
1326 1
1327 52
1328 26
1329 34
1330 25
1331 39
1332 16
1333 40
1334 23
1335 30
1336 18
1337 39
1338 14
1339 37
1340 17
1341 21
1342 19
1343 34
1344 12
1345 33
1346 14
1347 19
1348 15
1349 29
1350 10
1351 23
1352 13
1353 18
1354 11
1355 24
1356 7
1357 22
1358 11
1359 13
1360 9
1361 13
1362 6
1363 16
1364 8
1365 9
1366 6
1367 12
1368 3
1369 10
1370 5
1371 5
1372 4
1373 6
1374 2
1375 4
1376 2
1377 2
1378 1
1379 53
1380 26
1381 34
1382 25
1383 40
1384 16
1385 41
1386 23
1387 30
1388 18
1389 40
1390 14
1391 38
1392 17
1393 21
1394 19
1395 35
1396 12
1397 34
1398 14
1399 19
1400 15
1401 30
1402 10
1403 24
1404 13
1405 18
1406 11
1407 25
1408 7
1409 23
1410 11
1411 13
1412 9
1413 14
1414 6
1415 17
1416 8
1417 9
1418 6
1419 13
1420 3
1421 11
1422 5
1423 5
1424 4
1425 7
1426 2
1427 5
1428 2
1429 2
1430 1
1431 1
1432 54
1433 27
1434 35
1435 26
1436 40
1437 17
1438 42
1439 24
1440 31
1441 18
1442 40
1443 15
1444 39
1445 18
1446 21
1447 20
1448 36
1449 13
1450 35
1451 14
1452 20
1453 15
1454 31
1455 11
1456 24
1457 14
1458 19
1459 12
1460 26
1461 7
1462 24
1463 12
1464 13
1465 10
1466 14
1467 7
1468 18
1469 9
1470 10
1471 6
1472 14
1473 4
1474 12
1475 5
1476 5
1477 5
1478 8
1479 3
1480 6
1481 2
1482 3
1483 2
1484 2
1485 1
1486 55
1487 27
1488 36
1489 26
1490 41
1491 17
1492 42
1493 24
1494 32
1495 18
1496 41
1497 15
1498 40
1499 18
1500 22
1501 20
1502 37
1503 13
1504 36
1505 14
1506 20
1507 15
1508 32
1509 11
1510 25
1511 14
1512 20
1513 12
1514 27
1515 7
1516 25
1517 12
1518 14
1519 10
1520 14
1521 7
1522 19
1523 9
1524 11
1525 6
1526 15
1527 4
1528 13
1529 5
1530 6
1531 5
1532 9
1533 3
1534 6
1535 2
1536 4
1537 2
1538 3
1539 1
1540 1
1541 56
1542 28
1543 36
1544 27
1545 42
1546 17
1547 43
1548 25
1549 32
1550 19
1551 42
1552 15
1553 41
1554 19
1555 22
1556 21
1557 38
1558 13
1559 36
1560 15
1561 20
1562 16
1563 33
1564 11
1565 26
1566 15
1567 20
1568 13
1569 28
1570 7
1571 26
1572 13
1573 14
1574 11
1575 15
1576 7
1577 20
1578 9
1579 11
1580 7
1581 16
1582 4
1583 14
1584 6
1585 6
1586 6
1587 10
1588 3
1589 7
1590 3
1591 4
1592 3
1593 4
1594 1
1595 2
1596 1
1597 57
1598 28
1599 37
1600 27
1601 43
1602 17
1603 44
1604 25
1605 33
1606 19
1607 43
1608 15
1609 42
1610 19
1611 23
1612 21
1613 39
1614 13
1615 37
1616 15
1617 21
1618 16
1619 34
1620 11
1621 27
1622 15
1623 21
1624 13
1625 28
1626 7
1627 27
1628 13
1629 15
1630 11
1631 16
1632 7
1633 21
1634 9
1635 12
1636 7
1637 17
1638 4
1639 15
1640 6
1641 7
1642 6
1643 11
1644 3
1645 8
1646 3
1647 5
1648 3
1649 5
1650 1
1651 3
1652 1
1653 1
1654 58
1655 29
1656 38
1657 28
1658 44
1659 18
1660 45
1661 26
1662 34
1663 20
1664 44
1665 16
1666 43
1667 20
1668 24
1669 22
1670 40
1671 14
1672 38
1673 16
1674 22
1675 17
1676 35
1677 12
1678 28
1679 16
1680 22
1681 14
1682 29
1683 8
1684 28
1685 14
1686 16
1687 12
1688 17
1689 8
1690 22
1691 10
1692 13
1693 8
1694 18
1695 5
1696 16
1697 7
1698 8
1699 7
1700 12
1701 4
1702 9
1703 4
1704 6
1705 4
1706 6
1707 2
1708 4
1709 2
1710 2
1711 1
1712 59
1713 29
1714 38
1715 28
1716 44
1717 18
1718 46
1719 26
1720 34
1721 20
1722 45
1723 16
1724 44
1725 20
1726 24
1727 22
1728 41
1729 14
1730 39
1731 16
1732 22
1733 17
1734 36
1735 12
1736 28
1737 16
1738 22
1739 14
1740 30
1741 8
1742 29
1743 14
1744 16
1745 12
1746 17
1747 8
1748 23
1749 10
1750 13
1751 8
1752 19
1753 5
1754 17
1755 7
1756 8
1757 7
1758 13
1759 4
1760 10
1761 4
1762 6
1763 4
1764 7
1765 2
1766 4
1767 2
1768 2
1769 1
1770 1
1771 60
1772 30
1773 39
1774 29
1775 45
1776 19
1777 47
1778 27
1779 35
1780 21
1781 46
1782 17
1783 45
1784 21
1785 25
1786 23
1787 42
1788 15
1789 40
1790 17
1791 23
1792 18
1793 37
1794 13
1795 29
1796 17
1797 23
1798 15
1799 31
1800 9
1801 30
1802 15
1803 17
1804 13
1805 18
1806 9
1807 24
1808 11
1809 14
1810 9
1811 20
1812 6
1813 18
1814 8
1815 9
1816 8
1817 14
1818 5
1819 11
1820 5
1821 7
1822 5
1823 8
1824 3
1825 5
1826 3
1827 3
1828 2
1829 2
1830 1
1831 61
1832 30
1833 40
1834 29
1835 46
1836 19
1837 48
1838 27
1839 36
1840 21
1841 47
1842 17
1843 46
1844 21
1845 26
1846 23
1847 43
1848 15
1849 41
1850 17
1851 24
1852 18
1853 38
1854 13
1855 30
1856 17
1857 24
1858 15
1859 32
1860 9
1861 30
1862 15
1863 18
1864 13
1865 19
1866 9
1867 25
1868 11
1869 15
1870 9
1871 21
1872 6
1873 19
1874 8
1875 10
1876 8
1877 15
1878 5
1879 12
1880 5
1881 8
1882 5
1883 9
1884 3
1885 6
1886 3
1887 4
1888 2
1889 3
1890 1
1891 1
1892 62
1893 31
1894 40
1895 30
1896 47
1897 19
1898 48
1899 28
1900 36
1901 22
1902 48
1903 17
1904 47
1905 21
1906 26
1907 24
1908 44
1909 15
1910 42
1911 18
1912 24
1913 19
1914 39
1915 13
1916 31
1917 18
1918 24
1919 15
1920 33
1921 9
1922 31
1923 16
1924 18
1925 14
1926 19
1927 9
1928 26
1929 12
1930 15
1931 10
1932 22
1933 6
1934 20
1935 9
1936 10
1937 9
1938 16
1939 5
1940 12
1941 6
1942 8
1943 6
1944 10
1945 3
1946 7
1947 3
1948 4
1949 3
1950 4
1951 1
1952 2
1953 1
1954 63
1955 31
1956 41
1957 30
1958 48
1959 19
1960 49
1961 28
1962 37
1963 22
1964 49
1965 17
1966 48
1967 21
1968 27
1969 24
1970 45
1971 15
1972 43
1973 18
1974 25
1975 19
1976 40
1977 13
1978 32
1979 18
1980 25
1981 15
1982 34
1983 9
1984 32
1985 16
1986 19
1987 14
1988 20
1989 9
1990 27
1991 12
1992 16
1993 10
1994 23
1995 6
1996 21
1997 9
1998 11
1999 9
2000 17
2001 5
2002 13
2003 6
2004 9
2005 6
2006 11
2007 3
2008 8
2009 3
2010 5
2011 3
2012 5
2013 1
2014 3
2015 1
2016 1
2017 64
2018 32
2019 42
2020 31
2021 48
2022 20
2023 50
2024 29
2025 38
2026 22
2027 50
2028 18
2029 48
2030 22
2031 27
2032 25
2033 46
2034 16
2035 44
2036 18
2037 26
2038 20
2039 41
2040 14
2041 32
2042 18
2043 26
2044 16
2045 35
2046 9
2047 33
2048 17
2049 20
2050 15
2051 20
2052 10
2053 28
2054 13
2055 16
2056 10
2057 24
2058 7
2059 22
2060 10
2061 11
2062 10
2063 18
2064 6
2065 14
2066 6
2067 10
2068 6
2069 12
2070 4
2071 8
2072 4
2073 6
2074 4
2075 6
2076 1
2077 4
2078 2
2079 2
2080 1
2081 65
2082 32
2083 42
2084 31
2085 49
2086 20
2087 51
2088 29
2089 38
2090 22
2091 50
2092 18
2093 49
2094 22
2095 27
2096 25
2097 47
2098 16
2099 45
2100 18
2101 26
2102 20
2103 42
2104 14
2105 33
2106 18
2107 26
2108 16
2109 36
2110 9
2111 34
2112 17
2113 20
2114 15
2115 21
2116 10
2117 29
2118 13
2119 16
2120 10
2121 25
2122 7
2123 23
2124 10
2125 11
2126 10
2127 19
2128 6
2129 15
2130 6
2131 10
2132 6
2133 13
2134 4
2135 8
2136 4
2137 6
2138 4
2139 7
2140 1
2141 5
2142 2
2143 2
2144 1
2145 1
2146 66
2147 33
2148 43
2149 32
2150 50
2151 21
2152 52
2153 30
2154 39
2155 23
2156 51
2157 19
2158 50
2159 23
2160 28
2161 26
2162 48
2163 17
2164 46
2165 19
2166 27
2167 21
2168 43
2169 15
2170 34
2171 19
2172 27
2173 17
2174 37
2175 10
2176 35
2177 18
2178 21
2179 16
2180 22
2181 11
2182 30
2183 14
2184 17
2185 11
2186 26
2187 8
2188 24
2189 11
2190 12
2191 11
2192 20
2193 7
2194 16
2195 7
2196 11
2197 7
2198 14
2199 5
2200 9
2201 5
2202 7
2203 5
2204 8
2205 2
2206 6
2207 3
2208 3
2209 2
2210 2
2211 1
2212 67
2213 33
2214 44
2215 32
2216 51
2217 21
2218 53
2219 30
2220 40
2221 23
2222 52
2223 19
2224 51
2225 23
2226 29
2227 26
2228 48
2229 17
2230 47
2231 19
2232 28
2233 21
2234 44
2235 15
2236 35
2237 19
2238 28
2239 17
2240 38
2241 10
2242 36
2243 18
2244 22
2245 16
2246 23
2247 11
2248 31
2249 14
2250 18
2251 11
2252 27
2253 8
2254 25
2255 11
2256 13
2257 11
2258 21
2259 7
2260 17
2261 7
2262 11
2263 7
2264 15
2265 5
2266 10
2267 5
2268 8
2269 5
2270 9
2271 2
2272 7
2273 3
2274 4
2275 2
2276 3
2277 1
2278 1
2279 68
2280 34
2281 44
2282 33
2283 52
2284 21
2285 54
2286 31
2287 40
2288 24
2289 53
2290 19
2291 52
2292 24
2293 29
2294 27
2295 49
2296 17
2297 48
2298 20
2299 28
2300 22
2301 44
2302 15
2303 36
2304 20
2305 28
2306 18
2307 39
2308 10
2309 37
2310 19
2311 22
2312 17
2313 24
2314 11
2315 32
2316 15
2317 18
2318 12
2319 28
2320 8
2321 26
2322 12
2323 13
2324 11
2325 22
2326 7
2327 18
2328 8
2329 11
2330 8
2331 16
2332 5
2333 11
2334 6
2335 8
2336 6
2337 10
2338 2
2339 8
2340 4
2341 4
2342 3
2343 4
2344 1
2345 2
2346 1
2347 69
2348 34
2349 45
2350 33
2351 52
2352 21
2353 54
2354 31
2355 41
2356 24
2357 54
2358 19
2359 53
2360 24
2361 29
2362 27
2363 50
2364 17
2365 49
2366 20
2367 28
2368 22
2369 45
2370 15
2371 36
2372 20
2373 29
2374 18
2375 40
2376 10
2377 38
2378 19
2379 23
2380 17
2381 24
2382 11
2383 33
2384 15
2385 19
2386 12
2387 29
2388 8
2389 27
2390 12
2391 13
2392 11
2393 23
2394 7
2395 18
2396 8
2397 12
2398 8
2399 17
2400 5
2401 11
2402 6
2403 9
2404 6
2405 11
2406 2
2407 9
2408 4
2409 4
2410 3
2411 4
2412 1
2413 3
2414 1
2415 1
2416 70
2417 35
2418 46
2419 34
2420 53
2421 22
2422 55
2423 32
2424 42
2425 25
2426 55
2427 20
2428 54
2429 25
2430 30
2431 28
2432 51
2433 18
2434 50
2435 21
2436 29
2437 23
2438 46
2439 16
2440 37
2441 21
2442 30
2443 19
2444 41
2445 11
2446 39
2447 20
2448 24
2449 18
2450 25
2451 12
2452 34
2453 16
2454 20
2455 13
2456 30
2457 9
2458 28
2459 13
2460 14
2461 12
2462 24
2463 8
2464 19
2465 9
2466 13
2467 9
2468 18
2469 6
2470 12
2471 7
2472 10
2473 7
2474 12
2475 3
2476 10
2477 5
2478 5
2479 4
2480 5
2481 2
2482 4
2483 2
2484 2
2485 1
2486 71
2487 35
2488 46
2489 34
2490 54
2491 22
2492 56
2493 32
2494 42
2495 25
2496 56
2497 20
2498 55
2499 25
2500 30
2501 28
2502 52
2503 18
2504 51
2505 21
2506 29
2507 23
2508 47
2509 16
2510 38
2511 21
2512 30
2513 19
2514 42
2515 11
2516 40
2517 20
2518 24
2519 18
2520 26
2521 12
2522 35
2523 16
2524 20
2525 13
2526 31
2527 9
2528 29
2529 13
2530 14
2531 12
2532 25
2533 8
2534 20
2535 9
2536 13
2537 9
2538 19
2539 6
2540 13
2541 7
2542 10
2543 7
2544 13
2545 3
2546 11
2547 5
2548 5
2549 4
2550 6
2551 2
2552 5
2553 2
2554 2
2555 1
2556 1
2557 72
2558 36
2559 47
2560 35
2561 55
2562 23
2563 57
2564 33
2565 43
2566 26
2567 57
2568 21
2569 56
2570 26
2571 31
2572 29
2573 53
2574 19
2575 52
2576 22
2577 30
2578 24
2579 48
2580 17
2581 39
2582 22
2583 31
2584 20
2585 43
2586 12
2587 41
2588 21
2589 25
2590 19
2591 27
2592 13
2593 36
2594 17
2595 21
2596 14
2597 32
2598 10
2599 30
2600 14
2601 15
2602 13
2603 26
2604 9
2605 21
2606 10
2607 14
2608 10
2609 20
2610 7
2611 14
2612 8
2613 11
2614 8
2615 14
2616 4
2617 12
2618 6
2619 6
2620 5
2621 7
2622 3
2623 6
2624 3
2625 3
2626 2
2627 2
2628 1
2629 73
2630 36
2631 48
2632 35
2633 56
2634 23
2635 58
2636 33
2637 44
2638 26
2639 58
2640 21
2641 57
2642 26
2643 32
2644 29
2645 54
2646 19
2647 53
2648 22
2649 31
2650 24
2651 49
2652 17
2653 40
2654 22
2655 32
2656 20
2657 44
2658 12
2659 42
2660 21
2661 26
2662 19
2663 28
2664 13
2665 36
2666 17
2667 22
2668 14
2669 33
2670 10
2671 31
2672 14
2673 16
2674 13
2675 27
2676 9
2677 22
2678 10
2679 15
2680 10
2681 21
2682 7
2683 15
2684 8
2685 12
2686 8
2687 15
2688 4
2689 13
2690 6
2691 7
2692 5
2693 8
2694 3
2695 7
2696 3
2697 4
2698 2
2699 3
2700 1
2701 1
2702 74
2703 37
2704 48
2705 36
2706 56
2707 23
2708 59
2709 34
2710 44
2711 26
2712 59
2713 21
2714 58
2715 27
2716 32
2717 30
2718 55
2719 19
2720 54
2721 22
2722 31
2723 25
2724 50
2725 17
2726 40
2727 23
2728 32
2729 21
2730 45
2731 12
2732 43
2733 22
2734 26
2735 20
2736 28
2737 13
2738 37
2739 18
2740 22
2741 14
2742 34
2743 10
2744 32
2745 15
2746 16
2747 14
2748 28
2749 9
2750 23
2751 10
2752 15
2753 11
2754 22
2755 7
2756 15
2757 9
2758 12
2759 9
2760 16
2761 4
2762 14
2763 7
2764 7
2765 6
2766 8
2767 3
2768 8
2769 4
2770 4
2771 2
2772 4
2773 1
2774 2
2775 1
2776 75
2777 37
2778 49
2779 36
2780 57
2781 23
2782 60
2783 34
2784 45
2785 26
2786 60
2787 21
2788 59
2789 27
2790 33
2791 30
2792 56
2793 19
2794 54
2795 22
2796 32
2797 25
2798 51
2799 17
2800 41
2801 23
2802 33
2803 21
2804 46
2805 12
2806 44
2807 22
2808 27
2809 20
2810 29
2811 13
2812 38
2813 18
2814 23
2815 14
2816 35
2817 10
2818 33
2819 15
2820 17
2821 14
2822 29
2823 9
2824 24
2825 10
2826 16
2827 11
2828 23
2829 7
2830 16
2831 9
2832 12
2833 9
2834 17
2835 4
2836 15
2837 7
2838 8
2839 6
2840 9
2841 3
2842 9
2843 4
2844 5
2845 2
2846 5
2847 1
2848 3
2849 1
2850 1
2851 76
2852 38
2853 50
2854 37
2855 58
2856 24
2857 60
2858 35
2859 46
2860 27
2861 60
2862 22
2863 60
2864 27
2865 34
2866 31
2867 57
2868 20
2869 55
2870 23
2871 32
2872 25
2873 52
2874 18
2875 42
2876 24
2877 34
2878 21
2879 47
2880 13
2881 45
2882 23
2883 27
2884 21
2885 29
2886 14
2887 39
2888 19
2889 24
2890 15
2891 36
2892 10
2893 34
2894 15
2895 18
2896 15
2897 30
2898 10
2899 24
2900 11
2901 17
2902 12
2903 24
2904 8
2905 16
2906 9
2907 13
2908 10
2909 18
2910 5
2911 16
2912 8
2913 8
2914 7
2915 10
2916 3
2917 10
2918 5
2919 6
2920 2
2921 6
2922 2
2923 4
2924 2
2925 2
2926 1
2927 77
2928 38
2929 50
2930 37
2931 59
2932 24
2933 61
2934 35
2935 46
2936 27
2937 61
2938 22
2939 60
2940 27
2941 34
2942 31
2943 58
2944 20
2945 56
2946 23
2947 32
2948 25
2949 53
2950 18
2951 43
2952 24
2953 34
2954 21
2955 48
2956 13
2957 46
2958 23
2959 27
2960 21
2961 30
2962 14
2963 40
2964 19
2965 24
2966 15
2967 37
2968 10
2969 35
2970 15
2971 18
2972 15
2973 31
2974 10
2975 25
2976 11
2977 17
2978 12
2979 25
2980 8
2981 17
2982 9
2983 13
2984 10
2985 19
2986 5
2987 17
2988 8
2989 8
2990 7
2991 10
2992 3
2993 11
2994 5
2995 6
2996 2
2997 7
2998 2
2999 5
3000 2
3001 2
3002 1
3003 1
3004 78
3005 39
3006 51
3007 38
3008 60
3009 25
3010 62
3011 36
3012 47
3013 28
3014 62
3015 23
3016 61
3017 28
3018 35
3019 32
3020 59
3021 21
3022 57
3023 24
3024 33
3025 26
3026 54
3027 19
3028 44
3029 25
3030 35
3031 22
3032 49
3033 14
3034 47
3035 24
3036 28
3037 22
3038 31
3039 15
3040 41
3041 20
3042 25
3043 16
3044 38
3045 11
3046 36
3047 16
3048 19
3049 16
3050 32
3051 11
3052 26
3053 12
3054 18
3055 13
3056 26
3057 9
3058 18
3059 10
3060 14
3061 11
3062 20
3063 6
3064 18
3065 9
3066 9
3067 8
3068 11
3069 4
3070 12
3071 6
3072 7
3073 3
3074 8
3075 3
3076 6
3077 3
3078 3
3079 2
3080 2
3081 1
3082 79
3083 39
3084 52
3085 38
3086 60
3087 25
3088 63
3089 36
3090 48
3091 28
3092 63
3093 23
3094 62
3095 28
3096 35
3097 32
3098 60
3099 21
3100 58
3101 24
3102 34
3103 26
3104 55
3105 19
3106 44
3107 25
3108 36
3109 22
3110 50
3111 14
3112 48
3113 24
3114 29
3115 22
3116 31
3117 15
3118 42
3119 20
3120 26
3121 16
3122 39
3123 11
3124 37
3125 16
3126 19
3127 16
3128 33
3129 11
3130 27
3131 12
3132 19
3133 13
3134 27
3135 9
3136 18
3137 10
3138 15
3139 11
3140 21
3141 6
3142 19
3143 9
3144 10
3145 8
3146 11
3147 4
3148 13
3149 6
3150 8
3151 3
3152 9
3153 3
3154 7
3155 3
3156 3
3157 2
3158 3
3159 1
3160 1
3161 80
3162 40
3163 52
3164 39
3165 61
3166 25
3167 64
3168 37
3169 48
3170 29
3171 64
3172 23
3173 63
3174 29
3175 35
3176 33
3177 61
3178 21
3179 59
3180 25
3181 34
3182 27
3183 56
3184 19
3185 45
3186 26
3187 36
3188 23
3189 51
3190 14
3191 49
3192 25
3193 29
3194 23
3195 32
3196 15
3197 43
3198 21
3199 26
3200 17
3201 40
3202 11
3203 38
3204 17
3205 19
3206 17
3207 34
3208 11
3209 28
3210 13
3211 19
3212 14
3213 28
3214 9
3215 19
3216 11
3217 15
3218 12
3219 22
3220 6
3221 20
3222 10
3223 10
3224 9
3225 12
3226 4
3227 14
3228 7
3229 8
3230 4
3231 10
3232 3
3233 8
3234 4
3235 3
3236 3
3237 4
3238 1
3239 2
3240 1
3241 81
3242 40
3243 53
3244 39
3245 62
3246 25
3247 65
3248 37
3249 49
3250 29
3251 65
3252 23
3253 64
3254 29
3255 36
3256 33
3257 62
3258 21
3259 60
3260 25
3261 35
3262 27
3263 57
3264 19
3265 46
3266 26
3267 37
3268 23
3269 52
3270 14
3271 50
3272 25
3273 30
3274 23
3275 33
3276 15
3277 44
3278 21
3279 27
3280 17
3281 40
3282 11
3283 39
3284 17
3285 20
3286 17
3287 35
3288 11
3289 29
3290 13
3291 20
3292 14
3293 29
3294 9
3295 20
3296 11
3297 16
3298 12
3299 23
3300 6
3301 21
3302 10
3303 11
3304 9
3305 13
3306 4
3307 15
3308 7
3309 9
3310 4
3311 11
3312 3
3313 9
3314 4
3315 4
3316 3
3317 5
3318 1
3319 3
3320 1
3321 1
3322 82
3323 41
3324 54
3325 40
3326 63
3327 26
3328 66
3329 38
3330 50
3331 30
3332 66
3333 24
3334 65
3335 30
3336 37
3337 34
3338 63
3339 22
3340 61
3341 26
3342 36
3343 28
3344 58
3345 20
3346 47
3347 27
3348 38
3349 24
3350 53
3351 15
3352 51
3353 26
3354 31
3355 24
3356 34
3357 16
3358 45
3359 22
3360 28
3361 18
3362 41
3363 12
3364 40
3365 18
3366 21
3367 18
3368 36
3369 12
3370 30
3371 14
3372 21
3373 15
3374 30
3375 10
3376 21
3377 12
3378 17
3379 13
3380 24
3381 7
3382 22
3383 11
3384 12
3385 10
3386 14
3387 5
3388 16
3389 8
3390 10
3391 5
3392 12
3393 4
3394 10
3395 5
3396 5
3397 4
3398 6
3399 2
3400 4
3401 2
3402 2
3403 1
3404 83
3405 41
3406 54
3407 40
3408 64
3409 26
3410 66
3411 38
3412 50
3413 30
3414 67
3415 24
3416 66
3417 30
3418 37
3419 34
3420 64
3421 22
3422 62
3423 26
3424 36
3425 28
3426 59
3427 20
3428 48
3429 27
3430 38
3431 24
3432 54
3433 15
3434 52
3435 26
3436 31
3437 24
3438 34
3439 16
3440 46
3441 22
3442 28
3443 18
3444 42
3445 12
3446 41
3447 18
3448 21
3449 18
3450 37
3451 12
3452 30
3453 14
3454 21
3455 15
3456 31
3457 10
3458 22
3459 12
3460 17
3461 13
3462 25
3463 7
3464 23
3465 11
3466 12
3467 10
3468 15
3469 5
3470 17
3471 8
3472 10
3473 5
3474 13
3475 4
3476 11
3477 5
3478 5
3479 4
3480 6
3481 2
3482 5
3483 2
3484 2
3485 1
3486 1
3487 84
3488 42
3489 55
3490 41
3491 64
3492 27
3493 67
3494 39
3495 51
3496 30
3497 68
3498 25
3499 67
3500 31
3501 37
3502 35
3503 64
3504 23
3505 63
3506 26
3507 37
3508 29
3509 60
3510 21
3511 48
3512 28
3513 39
3514 25
3515 55
3516 15
3517 53
3518 27
3519 32
3520 24
3521 34
3522 17
3523 47
3524 23
3525 29
3526 18
3527 43
3528 13
3529 42
3530 19
3531 21
3532 19
3533 38
3534 13
3535 31
3536 14
3537 21
3538 16
3539 32
3540 11
3541 22
3542 13
3543 18
3544 14
3545 26
3546 7
3547 24
3548 12
3549 13
3550 11
3551 15
3552 6
3553 18
3554 8
3555 11
3556 5
3557 14
3558 5
3559 12
3560 6
3561 5
3562 5
3563 7
3564 3
3565 6
3566 2
3567 3
3568 2
3569 2
3570 1
3571 85
3572 42
3573 56
3574 41
3575 65
3576 27
3577 68
3578 39
3579 52
3580 30
3581 69
3582 25
3583 68
3584 31
3585 38
3586 35
3587 65
3588 23
3589 64
3590 26
3591 38
3592 29
3593 61
3594 21
3595 49
3596 28
3597 40
3598 25
3599 56
3600 15
3601 54
3602 27
3603 33
3604 24
3605 35
3606 17
3607 48
3608 23
3609 30
3610 18
3611 44
3612 13
3613 42
3614 19
3615 22
3616 19
3617 39
3618 13
3619 32
3620 14
3621 22
3622 16
3623 33
3624 11
3625 23
3626 13
3627 19
3628 14
3629 27
3630 7
3631 25
3632 12
3633 14
3634 11
3635 16
3636 6
3637 19
3638 8
3639 12
3640 5
3641 15
3642 5
3643 13
3644 6
3645 6
3646 5
3647 8
3648 3
3649 7
3650 2
3651 4
3652 2
3653 3
3654 1
3655 1
3656 86
3657 43
3658 56
3659 42
3660 66
3661 27
3662 69
3663 40
3664 52
3665 31
3666 70
3667 25
3668 69
3669 32
3670 38
3671 36
3672 66
3673 23
3674 65
3675 27
3676 38
3677 30
3678 62
3679 21
3680 50
3681 29
3682 40
3683 26
3684 56
3685 15
3686 55
3687 28
3688 33
3689 25
3690 36
3691 17
3692 49
3693 24
3694 30
3695 19
3696 45
3697 13
3698 43
3699 20
3700 22
3701 20
3702 40
3703 13
3704 33
3705 15
3706 22
3707 17
3708 34
3709 11
3710 24
3711 14
3712 19
3713 14
3714 28
3715 7
3716 26
3717 13
3718 14
3719 12
3720 17
3721 6
3722 20
3723 9
3724 12
3725 6
3726 16
3727 5
3728 14
3729 7
3730 6
3731 6
3732 9
3733 3
3734 8
3735 3
3736 4
3737 3
3738 4
3739 1
3740 2
3741 1
3742 87
3743 43
3744 57
3745 42
3746 67
3747 27
3748 70
3749 40
3750 53
3751 31
3752 70
3753 25
3754 70
3755 32
3756 39
3757 36
3758 67
3759 23
3760 66
3761 27
3762 39
3763 30
3764 63
3765 21
3766 51
3767 29
3768 41
3769 26
3770 57
3771 15
3772 56
3773 28
3774 33
3775 25
3776 37
3777 17
3778 50
3779 24
3780 31
3781 19
3782 46
3783 13
3784 44
3785 20
3786 23
3787 20
3788 41
3789 13
3790 34
3791 15
3792 23
3793 17
3794 35
3795 11
3796 24
3797 14
3798 20
3799 14
3800 29
3801 7
3802 27
3803 13
3804 15
3805 12
3806 18
3807 6
3808 21
3809 9
3810 13
3811 6
3812 17
3813 5
3814 15
3815 7
3816 7
3817 6
3818 9
3819 3
3820 9
3821 3
3822 5
3823 3
3824 5
3825 1
3826 3
3827 1
3828 1
3829 88
3830 44
3831 58
3832 43
3833 68
3834 28
3835 71
3836 41
3837 54
3838 32
3839 71
3840 26
3841 71
3842 33
3843 40
3844 37
3845 68
3846 24
3847 67
3848 28
3849 40
3850 31
3851 64
3852 22
3853 52
3854 30
3855 42
3856 27
3857 58
3858 16
3859 57
3860 29
3861 34
3862 26
3863 38
3864 18
3865 51
3866 25
3867 32
3868 20
3869 47
3870 14
3871 45
3872 21
3873 24
3874 21
3875 42
3876 14
3877 35
3878 16
3879 24
3880 18
3881 36
3882 12
3883 25
3884 15
3885 21
3886 15
3887 30
3888 8
3889 28
3890 14
3891 16
3892 13
3893 19
3894 7
3895 22
3896 10
3897 14
3898 7
3899 18
3900 6
3901 16
3902 8
3903 8
3904 7
3905 10
3906 4
3907 10
3908 4
3909 6
3910 4
3911 6
3912 2
3913 4
3914 2
3915 2
3916 1
3917 89
3918 44
3919 58
3920 43
3921 68
3922 28
3923 72
3924 41
3925 54
3926 32
3927 72
3928 26
3929 72
3930 33
3931 40
3932 37
3933 69
3934 24
3935 68
3936 28
3937 40
3938 31
3939 65
3940 22
3941 52
3942 30
3943 42
3944 27
3945 59
3946 16
3947 58
3948 29
3949 34
3950 26
3951 38
3952 18
3953 52
3954 25
3955 32
3956 20
3957 48
3958 14
3959 46
3960 21
3961 24
3962 21
3963 43
3964 14
3965 36
3966 16
3967 24
3968 18
3969 37
3970 12
3971 25
3972 15
3973 21
3974 15
3975 31
3976 8
3977 29
3978 14
3979 16
3980 13
3981 19
3982 7
3983 23
3984 10
3985 14
3986 7
3987 19
3988 6
3989 17
3990 8
3991 8
3992 7
3993 11
3994 4
3995 11
3996 4
3997 6
3998 4
3999 7
4000 2
4001 4
4002 2
4003 2
4004 1
4005 1
4006 90
4007 45
4008 59
4009 44
4010 69
4011 29
4012 72
4013 42
4014 55
4015 33
4016 73
4017 27
4018 72
4019 33
4020 41
4021 38
4022 70
4023 25
4024 69
4025 29
4026 40
4027 32
4028 66
4029 23
4030 53
4031 30
4032 43
4033 27
4034 60
4035 17
4036 59
4037 30
4038 35
4039 27
4040 38
4041 19
4042 53
4043 26
4044 32
4045 21
4046 49
4047 14
4048 47
4049 22
4050 25
4051 22
4052 44
4053 15
4054 36
4055 17
4056 25
4057 18
4058 38
4059 13
4060 26
4061 15
4062 22
4063 16
4064 32
4065 9
4066 30
4067 15
4068 16
4069 14
4070 19
4071 8
4072 24
4073 11
4074 15
4075 7
4076 20
4077 7
4078 18
4079 9
4080 9
4081 8
4082 11
4083 4
4084 12
4085 5
4086 7
4087 5
4088 8
4089 2
4090 5
4091 3
4092 3
4093 2
4094 2
4095 1
4096 91
4097 45
4098 60
4099 44
4100 70
4101 29
4102 73
4103 42
4104 56
4105 33
4106 74
4107 27
4108 73
4109 33
4110 42
4111 38
4112 71
4113 25
4114 70
4115 29
4116 41
4117 32
4118 66
4119 23
4120 54
4121 30
4122 44
4123 27
4124 61
4125 17
4126 60
4127 30
4128 36
4129 27
4130 39
4131 19
4132 54
4133 26
4134 33
4135 21
4136 50
4137 14
4138 48
4139 22
4140 26
4141 22
4142 45
4143 15
4144 37
4145 17
4146 26
4147 18
4148 39
4149 13
4150 27
4151 15
4152 23
4153 16
4154 33
4155 9
4156 31
4157 15
4158 17
4159 14
4160 20
4161 8
4162 25
4163 11
4164 15
4165 7
4166 21
4167 7
4168 19
4169 9
4170 10
4171 8
4172 12
4173 4
4174 13
4175 5
4176 8
4177 5
4178 9
4179 2
4180 6
4181 3
4182 4
4183 2
4184 3
4185 1
4186 1
4187 92
4188 46
4189 60
4190 45
4191 71
4192 29
4193 74
4194 43
4195 56
4196 34
4197 75
4198 27
4199 74
4200 34
4201 42
4202 39
4203 72
4204 25
4205 71
4206 30
4207 41
4208 33
4209 67
4210 23
4211 55
4212 31
4213 44
4214 28
4215 62
4216 17
4217 60
4218 31
4219 36
4220 28
4221 40
4222 19
4223 55
4224 27
4225 33
4226 22
4227 51
4228 14
4229 49
4230 23
4231 26
4232 23
4233 46
4234 15
4235 38
4236 18
4237 26
4238 19
4239 40
4240 13
4241 28
4242 16
4243 23
4244 17
4245 34
4246 9
4247 32
4248 15
4249 17
4250 15
4251 21
4252 8
4253 26
4254 12
4255 15
4256 8
4257 22
4258 7
4259 20
4260 10
4261 10
4262 9
4263 13
4264 4
4265 14
4266 6
4267 8
4268 6
4269 10
4270 2
4271 7
4272 4
4273 4
4274 3
4275 4
4276 1
4277 2
4278 1
4279 93
4280 46
4281 61
4282 45
4283 72
4284 29
4285 75
4286 43
4287 57
4288 34
4289 76
4290 27
4291 75
4292 34
4293 43
4294 39
4295 73
4296 25
4297 72
4298 30
4299 42
4300 33
4301 68
4302 23
4303 56
4304 31
4305 45
4306 28
4307 63
4308 17
4309 61
4310 31
4311 37
4312 28
4313 41
4314 19
4315 56
4316 27
4317 34
4318 22
4319 52
4320 14
4321 50
4322 23
4323 27
4324 23
4325 46
4326 15
4327 39
4328 18
4329 27
4330 19
4331 41
4332 13
4333 29
4334 16
4335 24
4336 17
4337 35
4338 9
4339 33
4340 15
4341 18
4342 15
4343 22
4344 8
4345 27
4346 12
4347 16
4348 8
4349 23
4350 7
4351 21
4352 10
4353 11
4354 9
4355 14
4356 4
4357 15
4358 6
4359 9
4360 6
4361 11
4362 2
4363 8
4364 4
4365 5
4366 3
4367 5
4368 1
4369 3
4370 1
4371 1
4372 94
4373 47
4374 62
4375 46
4376 72
4377 30
4378 76
4379 44
4380 58
4381 34
4382 77
4383 28
4384 76
4385 35
4386 43
4387 40
4388 74
4389 26
4390 72
4391 30
4392 43
4393 34
4394 69
4395 24
4396 56
4397 32
4398 46
4399 29
4400 64
4401 17
4402 62
4403 32
4404 38
4405 29
4406 41
4407 20
4408 57
4409 27
4410 35
4411 22
4412 53
4413 15
4414 51
4415 24
4416 27
4417 24
4418 47
4419 16
4420 40
4421 18
4422 28
4423 20
4424 42
4425 14
4426 29
4427 17
4428 24
4429 18
4430 36
4431 9
4432 34
4433 16
4434 19
4435 16
4436 22
4437 9
4438 28
4439 13
4440 17
4441 8
4442 24
4443 8
4444 22
4445 11
4446 11
4447 9
4448 15
4449 5
4450 16
4451 6
4452 10
4453 7
4454 12
4455 3
4456 8
4457 5
4458 6
4459 4
4460 6
4461 1
4462 4
4463 2
4464 2
4465 1
4466 95
4467 47
4468 62
4469 46
4470 73
4471 30
4472 77
4473 44
4474 58
4475 34
4476 78
4477 28
4478 77
4479 35
4480 43
4481 40
4482 75
4483 26
4484 73
4485 30
4486 43
4487 34
4488 70
4489 24
4490 57
4491 32
4492 46
4493 29
4494 65
4495 17
4496 63
4497 32
4498 38
4499 29
4500 42
4501 20
4502 58
4503 27
4504 35
4505 22
4506 54
4507 15
4508 52
4509 24
4510 27
4511 24
4512 48
4513 16
4514 41
4515 18
4516 28
4517 20
4518 43
4519 14
4520 30
4521 17
4522 24
4523 18
4524 37
4525 9
4526 35
4527 16
4528 19
4529 16
4530 23
4531 9
4532 29
4533 13
4534 17
4535 8
4536 25
4537 8
4538 23
4539 11
4540 11
4541 9
4542 16
4543 5
4544 17
4545 6
4546 10
4547 7
4548 13
4549 3
4550 9
4551 5
4552 6
4553 4
4554 7
4555 1
4556 5
4557 2
4558 2
4559 1
4560 1
4561 96
4562 48
4563 63
4564 47
4565 74
4566 31
4567 78
4568 45
4569 59
4570 35
4571 79
4572 29
4573 78
4574 36
4575 44
4576 41
4577 76
4578 27
4579 74
4580 31
4581 44
4582 35
4583 71
4584 25
4585 58
4586 33
4587 47
4588 30
4589 66
4590 18
4591 64
4592 33
4593 39
4594 30
4595 43
4596 21
4597 59
4598 28
4599 36
4600 23
4601 55
4602 16
4603 53
4604 25
4605 28
4606 25
4607 49
4608 17
4609 42
4610 19
4611 29
4612 21
4613 44
4614 15
4615 31
4616 18
4617 25
4618 19
4619 38
4620 10
4621 36
4622 17
4623 20
4624 17
4625 24
4626 10
4627 30
4628 14
4629 18
4630 9
4631 26
4632 9
4633 24
4634 12
4635 12
4636 10
4637 17
4638 6
4639 18
4640 7
4641 11
4642 8
4643 14
4644 4
4645 10
4646 6
4647 7
4648 5
4649 8
4650 2
4651 6
4652 3
4653 3
4654 2
4655 2
4656 1
4657 97
4658 48
4659 64
4660 47
4661 75
4662 31
4663 78
4664 45
4665 60
4666 35
4667 80
4668 29
4669 79
4670 36
4671 45
4672 41
4673 77
4674 27
4675 75
4676 31
4677 44
4678 35
4679 72
4680 25
4681 59
4682 33
4683 48
4684 30
4685 67
4686 18
4687 65
4688 33
4689 40
4690 30
4691 43
4692 21
4693 60
4694 28
4695 37
4696 23
4697 56
4698 16
4699 54
4700 25
4701 29
4702 25
4703 50
4704 17
4705 42
4706 19
4707 30
4708 21
4709 45
4710 15
4711 32
4712 18
4713 26
4714 19
4715 39
4716 10
4717 37
4718 17
4719 20
4720 17
4721 25
4722 10
4723 31
4724 14
4725 19
4726 9
4727 27
4728 9
4729 25
4730 12
4731 13
4732 10
4733 17
4734 6
4735 19
4736 7
4737 12
4738 8
4739 15
4740 4
4741 11
4742 6
4743 8
4744 5
4745 9
4746 2
4747 6
4748 3
4749 4
4750 2
4751 3
4752 1
4753 1
4754 98
4755 49
4756 64
4757 48
4758 76
4759 31
4760 79
4761 46
4762 60
4763 36
4764 80
4765 29
4766 80
4767 37
4768 45
4769 42
4770 78
4771 27
4772 76
4773 32
4774 44
4775 35
4776 73
4777 25
4778 60
4779 34
4780 48
4781 31
4782 68
4783 18
4784 66
4785 34
4786 40
4787 31
4788 44
4789 21
4790 61
4791 29
4792 37
4793 24
4794 57
4795 16
4796 55
4797 25
4798 29
4799 26
4800 51
4801 17
4802 43
4803 20
4804 30
4805 22
4806 46
4807 15
4808 32
4809 19
4810 26
4811 20
4812 40
4813 10
4814 38
4815 18
4816 20
4817 18
4818 26
4819 10
4820 32
4821 15
4822 19
4823 10
4824 28
4825 9
4826 26
4827 13
4828 13
4829 11
4830 17
4831 6
4832 20
4833 8
4834 12
4835 9
4836 16
4837 4
4838 12
4839 7
4840 8
4841 5
4842 10
4843 2
4844 7
4845 4
4846 4
4847 3
4848 4
4849 1
4850 2
4851 1
4852 99
4853 49
4854 65
4855 48
4856 76
4857 31
4858 80
4859 46
4860 61
4861 36
4862 81
4863 29
4864 81
4865 37
4866 45
4867 42
4868 79
4869 27
4870 77
4871 32
4872 45
4873 35
4874 74
4875 25
4876 60
4877 34
4878 49
4879 31
4880 69
4881 18
4882 67
4883 34
4884 41
4885 31
4886 44
4887 21
4888 62
4889 29
4890 38
4891 24
4892 58
4893 16
4894 56
4895 25
4896 29
4897 26
4898 52
4899 17
4900 44
4901 20
4902 31
4903 22
4904 47
4905 15
4906 32
4907 19
4908 27
4909 20
4910 41
4911 10
4912 39
4913 18
4914 21
4915 18
4916 26
4917 10
4918 33
4919 15
4920 20
4921 10
4922 29
4923 9
4924 27
4925 13
4926 13
4927 11
4928 18
4929 6
4930 21
4931 8
4932 13
4933 9
4934 17
4935 4
4936 12
4937 7
4938 9
4939 5
4940 11
4941 2
4942 8
4943 4
4944 5
4945 3
4946 4
4947 1
4948 3
4949 1
4950 1
4951 100
4952 50
4953 66
4954 49
4955 77
4956 32
4957 81
4958 47
4959 62
4960 37
4961 82
4962 30
4963 82
4964 38
4965 46
4966 43
4967 80
4968 28
4969 78
4970 33
4971 46
4972 36
4973 75
4974 26
4975 61
4976 35
4977 50
4978 32
4979 70
4980 19
4981 68
4982 35
4983 42
4984 32
4985 45
4986 22
4987 63
4988 30
4989 39
4990 25
4991 59
4992 17
4993 57
4994 26
4995 30
4996 27
4997 53
4998 18
4999 45
5000 21
5001 32
5002 23
5003 48
5004 16
5005 33
5006 20
5007 28
5008 21
5009 42
5010 11
5011 40
5012 19
5013 22
5014 19
5015 27
5016 11
5017 34
5018 16
5019 21
5020 11
5021 30
5022 10
5023 28
5024 14
5025 14
5026 12
5027 19
5028 7
5029 22
5030 9
5031 14
5032 10
5033 18
5034 5
5035 13
5036 8
5037 10
5038 6
5039 12
5040 3
5041 9
5042 5
5043 6
5044 4
5045 5
5046 2
5047 4
5048 2
5049 2
5050 1
5051 101
5052 50
5053 66
5054 49
5055 78
5056 32
5057 82
5058 47
5059 62
5060 37
5061 83
5062 30
5063 83
5064 38
5065 46
5066 43
5067 80
5068 28
5069 79
5070 33
5071 46
5072 36
5073 76
5074 26
5075 62
5076 35
5077 50
5078 32
5079 71
5080 19
5081 69
5082 35
5083 42
5084 32
5085 46
5086 22
5087 64
5088 30
5089 39
5090 25
5091 60
5092 17
5093 58
5094 26
5095 30
5096 27
5097 54
5098 18
5099 46
5100 21
5101 32
5102 23
5103 49
5104 16
5105 34
5106 20
5107 28
5108 21
5109 43
5110 11
5111 41
5112 19
5113 22
5114 19
5115 28
5116 11
5117 35
5118 16
5119 21
5120 11
5121 31
5122 10
5123 29
5124 14
5125 14
5126 12
5127 20
5128 7
5129 23
5130 9
5131 14
5132 10
5133 19
5134 5
5135 13
5136 8
5137 10
5138 6
5139 13
5140 3
5141 10
5142 5
5143 6
5144 4
5145 6
5146 2
5147 5
5148 2
5149 2
5150 1
5151 1
5152 102
5153 51
5154 67
5155 50
5156 79
5157 33
5158 83
5159 48
5160 63
5161 38
5162 84
5163 31
5164 84
5165 39
5166 47
5167 44
5168 81
5169 29
5170 80
5171 34
5172 47
5173 37
5174 77
5175 27
5176 63
5177 36
5178 51
5179 33
5180 72
5181 20
5182 70
5183 36
5184 43
5185 33
5186 47
5187 23
5188 65
5189 31
5190 40
5191 26
5192 61
5193 18
5194 59
5195 27
5196 31
5197 28
5198 55
5199 19
5200 47
5201 22
5202 33
5203 24
5204 50
5205 17
5206 35
5207 21
5208 29
5209 22
5210 44
5211 12
5212 42
5213 20
5214 23
5215 20
5216 29
5217 12
5218 36
5219 17
5220 22
5221 12
5222 32
5223 11
5224 30
5225 15
5226 15
5227 13
5228 21
5229 8
5230 24
5231 10
5232 15
5233 11
5234 20
5235 6
5236 14
5237 9
5238 11
5239 7
5240 14
5241 4
5242 11
5243 6
5244 7
5245 5
5246 7
5247 3
5248 6
5249 3
5250 3
5251 2
5252 2
5253 1
5254 103
5255 51
5256 68
5257 50
5258 80
5259 33
5260 84
5261 48
5262 64
5263 38
5264 85
5265 31
5266 84
5267 39
5268 48
5269 44
5270 82
5271 29
5272 81
5273 34
5274 48
5275 37
5276 78
5277 27
5278 64
5279 36
5280 52
5281 33
5282 73
5283 20
5284 71
5285 36
5286 44
5287 33
5288 48
5289 23
5290 66
5291 31
5292 40
5293 26
5294 62
5295 18
5296 60
5297 27
5298 32
5299 28
5300 56
5301 19
5302 48
5303 22
5304 34
5305 24
5306 51
5307 17
5308 36
5309 21
5310 30
5311 22
5312 45
5313 12
5314 43
5315 20
5316 24
5317 20
5318 29
5319 12
5320 37
5321 17
5322 23
5323 12
5324 33
5325 11
5326 31
5327 15
5328 16
5329 13
5330 22
5331 8
5332 25
5333 10
5334 16
5335 11
5336 21
5337 6
5338 15
5339 9
5340 12
5341 7
5342 15
5343 4
5344 11
5345 6
5346 8
5347 5
5348 8
5349 3
5350 7
5351 3
5352 4
5353 2
5354 3
5355 1
5356 1
5357 104
5358 52
5359 68
5360 51
5361 80
5362 33
5363 84
5364 49
5365 64
5366 38
5367 86
5368 31
5369 85
5370 39
5371 48
5372 45
5373 83
5374 29
5375 82
5376 34
5377 48
5378 38
5379 79
5380 27
5381 64
5382 37
5383 52
5384 33
5385 74
5386 20
5387 72
5388 37
5389 44
5390 34
5391 48
5392 23
5393 67
5394 32
5395 40
5396 26
5397 63
5398 18
5399 61
5400 28
5401 32
5402 29
5403 57
5404 19
5405 48
5406 22
5407 34
5408 25
5409 52
5410 17
5411 36
5412 21
5413 30
5414 23
5415 46
5416 12
5417 44
5418 21
5419 24
5420 21
5421 29
5422 12
5423 38
5424 18
5425 23
5426 12
5427 34
5428 11
5429 32
5430 16
5431 16
5432 14
5433 22
5434 8
5435 26
5436 10
5437 16
5438 12
5439 22
5440 6
5441 15
5442 10
5443 12
5444 8
5445 16
5446 4
5447 11
5448 7
5449 8
5450 6
5451 8
5452 3
5453 8
5454 3
5455 4
5456 2
5457 4
5458 1
5459 2
5460 1
5461 105
5462 52
5463 69
5464 51
5465 81
5466 33
5467 85
5468 49
5469 65
5470 38
5471 87
5472 31
5473 86
5474 39
5475 49
5476 45
5477 84
5478 29
5479 83
5480 34
5481 49
5482 38
5483 80
5484 27
5485 65
5486 37
5487 53
5488 33
5489 75
5490 20
5491 73
5492 37
5493 45
5494 34
5495 49
5496 23
5497 68
5498 32
5499 41
5500 26
5501 64
5502 18
5503 62
5504 28
5505 33
5506 29
5507 58
5508 19
5509 49
5510 22
5511 35
5512 25
5513 52
5514 17
5515 37
5516 21
5517 31
5518 23
5519 47
5520 12
5521 45
5522 21
5523 25
5524 21
5525 30
5526 12
5527 39
5528 18
5529 24
5530 12
5531 35
5532 11
5533 33
5534 16
5535 17
5536 14
5537 23
5538 8
5539 27
5540 10
5541 17
5542 12
5543 23
5544 6
5545 16
5546 10
5547 13
5548 8
5549 17
5550 4
5551 12
5552 7
5553 9
5554 6
5555 9
5556 3
5557 9
5558 3
5559 5
5560 2
5561 5
5562 1
5563 3
5564 1
5565 1
5566 106
5567 53
5568 70
5569 52
5570 82
5571 34
5572 86
5573 50
5574 66
5575 39
5576 88
5577 32
5578 87
5579 40
5580 50
5581 46
5582 85
5583 30
5584 84
5585 35
5586 50
5587 39
5588 81
5589 28
5590 66
5591 38
5592 54
5593 34
5594 76
5595 21
5596 74
5597 38
5598 46
5599 35
5600 50
5601 24
5602 69
5603 33
5604 42
5605 27
5606 65
5607 19
5608 63
5609 29
5610 34
5611 30
5612 59
5613 20
5614 50
5615 23
5616 36
5617 26
5618 53
5619 18
5620 38
5621 22
5622 32
5623 24
5624 48
5625 13
5626 46
5627 22
5628 26
5629 22
5630 31
5631 13
5632 40
5633 19
5634 25
5635 13
5636 36
5637 12
5638 34
5639 17
5640 18
5641 15
5642 24
5643 9
5644 28
5645 11
5646 18
5647 13
5648 24
5649 7
5650 17
5651 11
5652 14
5653 9
5654 18
5655 5
5656 13
5657 8
5658 10
5659 7
5660 10
5661 4
5662 10
5663 4
5664 6
5665 3
5666 6
5667 2
5668 4
5669 2
5670 2
5671 1
5672 107
5673 53
5674 70
5675 52
5676 83
5677 34
5678 87
5679 50
5680 66
5681 39
5682 89
5683 32
5684 88
5685 40
5686 50
5687 46
5688 86
5689 30
5690 85
5691 35
5692 50
5693 39
5694 82
5695 28
5696 67
5697 38
5698 54
5699 34
5700 77
5701 21
5702 75
5703 38
5704 46
5705 35
5706 51
5707 24
5708 70
5709 33
5710 42
5711 27
5712 66
5713 19
5714 64
5715 29
5716 34
5717 30
5718 60
5719 20
5720 51
5721 23
5722 36
5723 26
5724 54
5725 18
5726 39
5727 22
5728 32
5729 24
5730 49
5731 13
5732 47
5733 22
5734 26
5735 22
5736 32
5737 13
5738 41
5739 19
5740 25
5741 13
5742 37
5743 12
5744 35
5745 17
5746 18
5747 15
5748 25
5749 9
5750 29
5751 11
5752 18
5753 13
5754 25
5755 7
5756 18
5757 11
5758 14
5759 9
5760 19
5761 5
5762 14
5763 8
5764 10
5765 7
5766 11
5767 4
5768 11
5769 4
5770 6
5771 3
5772 7
5773 2
5774 5
5775 2
5776 2
5777 1
5778 1
5779 108
5780 54
5781 71
5782 53
5783 84
5784 35
5785 88
5786 51
5787 67
5788 40
5789 90
5790 33
5791 89
5792 41
5793 51
5794 47
5795 87
5796 31
5797 86
5798 36
5799 51
5800 40
5801 83
5802 29
5803 68
5804 39
5805 55
5806 35
5807 78
5808 22
5809 76
5810 39
5811 47
5812 36
5813 52
5814 25
5815 71
5816 34
5817 43
5818 28
5819 67
5820 20
5821 65
5822 30
5823 35
5824 31
5825 61
5826 21
5827 52
5828 24
5829 37
5830 27
5831 55
5832 19
5833 40
5834 23
5835 33
5836 25
5837 50
5838 14
5839 48
5840 23
5841 27
5842 23
5843 33
5844 14
5845 42
5846 20
5847 26
5848 14
5849 38
5850 13
5851 36
5852 18
5853 19
5854 16
5855 26
5856 10
5857 30
5858 12
5859 19
5860 14
5861 26
5862 8
5863 19
5864 12
5865 15
5866 10
5867 20
5868 6
5869 15
5870 9
5871 11
5872 8
5873 12
5874 5
5875 12
5876 5
5877 7
5878 4
5879 8
5880 3
5881 6
5882 3
5883 3
5884 2
5885 2
5886 1
5887 109
5888 54
5889 72
5890 53
5891 84
5892 35
5893 89
5894 51
5895 68
5896 40
5897 90
5898 33
5899 90
5900 41
5901 51
5902 47
5903 88
5904 31
5905 87
5906 36
5907 52
5908 40
5909 84
5910 29
5911 68
5912 39
5913 56
5914 35
5915 79
5916 22
5917 77
5918 39
5919 47
5920 36
5921 52
5922 25
5923 72
5924 34
5925 44
5926 28
5927 68
5928 20
5929 66
5930 30
5931 35
5932 31
5933 62
5934 21
5935 53
5936 24
5937 38
5938 27
5939 56
5940 19
5941 40
5942 23
5943 34
5944 25
5945 51
5946 14
5947 49
5948 23
5949 28
5950 23
5951 33
5952 14
5953 43
5954 20
5955 27
5956 14
5957 39
5958 13
5959 37
5960 18
5961 19
5962 16
5963 26
5964 10
5965 31
5966 12
5967 20
5968 14
5969 27
5970 8
5971 19
5972 12
5973 16
5974 10
5975 21
5976 6
5977 16
5978 9
5979 12
5980 8
5981 12
5982 5
5983 13
5984 5
5985 7
5986 4
5987 9
5988 3
5989 7
5990 3
5991 3
5992 2
5993 3
5994 1
5995 1
5996 110
5997 55
5998 72
5999 54
6000 85
6001 35
6002 90
6003 52
6004 68
6005 41
6006 91
6007 33
6008 91
6009 42
6010 51
6011 48
6012 89
6013 31
6014 88
6015 37
6016 52
6017 41
6018 85
6019 29
6020 69
6021 40
6022 56
6023 36
6024 80
6025 22
6026 78
6027 40
6028 47
6029 37
6030 53
6031 25
6032 72
6033 35
6034 44
6035 29
6036 69
6037 20
6038 67
6039 31
6040 35
6041 32
6042 63
6043 21
6044 54
6045 25
6046 38
6047 28
6048 57
6049 19
6050 41
6051 24
6052 34
6053 26
6054 52
6055 14
6056 50
6057 24
6058 28
6059 24
6060 34
6061 14
6062 44
6063 21
6064 27
6065 15
6066 40
6067 13
6068 38
6069 18
6070 19
6071 17
6072 27
6073 10
6074 32
6075 13
6076 20
6077 15
6078 28
6079 8
6080 20
6081 13
6082 16
6083 11
6084 22
6085 6
6086 17
6087 10
6088 12
6089 9
6090 13
6091 5
6092 14
6093 6
6094 7
6095 5
6096 10
6097 3
6098 8
6099 4
6100 3
6101 3
6102 4
6103 1
6104 2
6105 1
6106 111
6107 55
6108 73
6109 54
6110 86
6111 35
6112 90
6113 52
6114 69
6115 41
6116 92
6117 33
6118 92
6119 42
6120 52
6121 48
6122 90
6123 31
6124 89
6125 37
6126 52
6127 41
6128 86
6129 29
6130 70
6131 40
6132 57
6133 36
6134 81
6135 22
6136 79
6137 40
6138 48
6139 37
6140 53
6141 25
6142 73
6143 35
6144 45
6145 29
6146 70
6147 20
6148 68
6149 31
6150 36
6151 32
6152 64
6153 21
6154 54
6155 25
6156 39
6157 28
6158 58
6159 19
6160 42
6161 24
6162 35
6163 26
6164 53
6165 14
6166 51
6167 24
6168 28
6169 24
6170 35
6171 14
6172 45
6173 21
6174 28
6175 15
6176 41
6177 13
6178 39
6179 18
6180 20
6181 17
6182 27
6183 10
6184 33
6185 13
6186 21
6187 15
6188 29
6189 8
6190 21
6191 13
6192 17
6193 11
6194 23
6195 6
6196 17
6197 10
6198 13
6199 9
6200 14
6201 5
6202 15
6203 6
6204 8
6205 5
6206 11
6207 3
6208 9
6209 4
6210 3
6211 3
6212 5
6213 1
6214 3
6215 1
6216 1
6217 112
6218 56
6219 74
6220 55
6221 87
6222 36
6223 91
6224 53
6225 70
6226 42
6227 93
6228 34
6229 93
6230 43
6231 53
6232 49
6233 91
6234 32
6235 90
6236 38
6237 53
6238 42
6239 87
6240 30
6241 71
6242 41
6243 58
6244 37
6245 82
6246 23
6247 80
6248 41
6249 49
6250 38
6251 54
6252 26
6253 74
6254 36
6255 46
6256 30
6257 71
6258 21
6259 69
6260 32
6261 37
6262 33
6263 65
6264 22
6265 55
6266 26
6267 40
6268 29
6269 59
6270 20
6271 43
6272 25
6273 36
6274 27
6275 54
6276 15
6277 52
6278 25
6279 29
6280 25
6281 36
6282 15
6283 46
6284 22
6285 29
6286 16
6287 42
6288 14
6289 40
6290 19
6291 21
6292 18
6293 28
6294 11
6295 34
6296 14
6297 22
6298 16
6299 30
6300 9
6301 22
6302 14
6303 18
6304 12
6305 24
6306 7
6307 18
6308 11
6309 14
6310 10
6311 15
6312 6
6313 16
6314 7
6315 9
6316 6
6317 12
6318 4
6319 10
6320 5
6321 4
6322 4
6323 6
6324 2
6325 4
6326 2
6327 2
6328 1
6329 113
6330 56
6331 74
6332 55
6333 88
6334 36
6335 92
6336 53
6337 70
6338 42
6339 94
6340 34
6341 94
6342 43
6343 53
6344 49
6345 92
6346 32
6347 90
6348 38
6349 53
6350 42
6351 88
6352 30
6353 72
6354 41
6355 58
6356 37
6357 83
6358 23
6359 81
6360 41
6361 49
6362 38
6363 55
6364 26
6365 75
6366 36
6367 46
6368 30
6369 72
6370 21
6371 70
6372 32
6373 37
6374 33
6375 66
6376 22
6377 56
6378 26
6379 40
6380 29
6381 60
6382 20
6383 44
6384 25
6385 36
6386 27
6387 55
6388 15
6389 53
6390 25
6391 29
6392 25
6393 37
6394 15
6395 47
6396 22
6397 29
6398 16
6399 43
6400 14
6401 41
6402 19
6403 21
6404 18
6405 29
6406 11
6407 35
6408 14
6409 22
6410 16
6411 31
6412 9
6413 23
6414 14
6415 18
6416 12
6417 25
6418 7
6419 19
6420 11
6421 14
6422 10
6423 15
6424 6
6425 17
6426 7
6427 9
6428 6
6429 13
6430 4
6431 11
6432 5
6433 4
6434 4
6435 7
6436 2
6437 5
6438 2
6439 2
6440 1
6441 1
6442 114
6443 57
6444 75
6445 56
6446 88
6447 37
6448 93
6449 54
6450 71
6451 42
6452 95
6453 35
6454 95
6455 44
6456 53
6457 50
6458 93
6459 33
6460 91
6461 38
6462 54
6463 43
6464 88
6465 31
6466 72
6467 42
6468 59
6469 38
6470 84
6471 23
6472 82
6473 42
6474 50
6475 39
6476 55
6477 27
6478 76
6479 37
6480 47
6481 30
6482 73
6483 22
6484 71
6485 33
6486 37
6487 33
6488 67
6489 23
6490 57
6491 26
6492 41
6493 30
6494 61
6495 21
6496 44
6497 26
6498 37
6499 28
6500 56
6501 15
6502 54
6503 26
6504 30
6505 26
6506 37
6507 16
6508 48
6509 23
6510 29
6511 16
6512 44
6513 15
6514 42
6515 20
6516 21
6517 19
6518 30
6519 12
6520 36
6521 14
6522 23
6523 17
6524 32
6525 10
6526 23
6527 15
6528 19
6529 13
6530 26
6531 7
6532 20
6533 11
6534 15
6535 11
6536 15
6537 7
6538 18
6539 8
6540 10
6541 6
6542 14
6543 5
6544 12
6545 6
6546 4
6547 5
6548 8
6549 3
6550 6
6551 2
6552 3
6553 2
6554 2
6555 1
6556 115
6557 57
6558 76
6559 56
6560 89
6561 37
6562 94
6563 54
6564 72
6565 42
6566 96
6567 35
6568 96
6569 44
6570 54
6571 50
6572 94
6573 33
6574 92
6575 38
6576 55
6577 43
6578 89
6579 31
6580 73
6581 42
6582 60
6583 38
6584 84
6585 23
6586 83
6587 42
6588 51
6589 39
6590 56
6591 27
6592 77
6593 37
6594 48
6595 30
6596 74
6597 22
6598 72
6599 33
6600 38
6601 33
6602 68
6603 23
6604 58
6605 26
6606 42
6607 30
6608 62
6609 21
6610 45
6611 26
6612 38
6613 28
6614 57
6615 15
6616 55
6617 26
6618 31
6619 26
6620 38
6621 16
6622 49
6623 23
6624 30
6625 16
6626 45
6627 15
6628 43
6629 20
6630 22
6631 19
6632 31
6633 12
6634 37
6635 14
6636 24
6637 17
6638 33
6639 10
6640 24
6641 15
6642 19
6643 13
6644 27
6645 7
6646 21
6647 11
6648 16
6649 11
6650 16
6651 7
6652 19
6653 8
6654 11
6655 6
6656 15
6657 5
6658 13
6659 6
6660 5
6661 5
6662 9
6663 3
6664 7
6665 2
6666 4
6667 2
6668 3
6669 1
6670 1
6671 116
6672 58
6673 76
6674 57
6675 90
6676 37
6677 95
6678 55
6679 72
6680 43
6681 97
6682 35
6683 96
6684 45
6685 54
6686 51
6687 95
6688 33
6689 93
6690 39
6691 55
6692 44
6693 90
6694 31
6695 74
6696 42
6697 60
6698 39
6699 85
6700 23
6701 84
6702 43
6703 51
6704 40
6705 57
6706 27
6707 78
6708 38
6709 48
6710 31
6711 75
6712 22
6713 73
6714 34
6715 38
6716 34
6717 69
6718 23
6719 59
6720 27
6721 42
6722 30
6723 63
6724 21
6725 46
6726 27
6727 38
6728 29
6729 58
6730 15
6731 56
6732 27
6733 31
6734 27
6735 38
6736 16
6737 50
6738 24
6739 30
6740 17
6741 46
6742 15
6743 44
6744 21
6745 22
6746 20
6747 32
6748 12
6749 38
6750 15
6751 24
6752 18
6753 34
6754 10
6755 25
6756 16
6757 19
6758 14
6759 28
6760 7
6761 21
6762 12
6763 16
6764 12
6765 17
6766 7
6767 20
6768 9
6769 11
6770 7
6771 16
6772 5
6773 14
6774 6
6775 5
6776 6
6777 10
6778 3
6779 8
6780 3
6781 4
6782 3
6783 4
6784 1
6785 2
6786 1
6787 117
6788 58
6789 77
6790 57
6791 91
6792 37
6793 96
6794 55
6795 73
6796 43
6797 98
6798 35
6799 97
6800 45
6801 55
6802 51
6803 96
6804 33
6805 94
6806 39
6807 56
6808 44
6809 91
6810 31
6811 75
6812 42
6813 61
6814 39
6815 86
6816 23
6817 85
6818 43
6819 52
6820 40
6821 58
6822 27
6823 79
6824 38
6825 49
6826 31
6827 76
6828 22
6829 74
6830 34
6831 39
6832 34
6833 70
6834 23
6835 60
6836 27
6837 43
6838 30
6839 64
6840 21
6841 47
6842 27
6843 39
6844 29
6845 58
6846 15
6847 57
6848 27
6849 32
6850 27
6851 39
6852 16
6853 51
6854 24
6855 31
6856 17
6857 47
6858 15
6859 45
6860 21
6861 23
6862 20
6863 33
6864 12
6865 39
6866 15
6867 25
6868 18
6869 35
6870 10
6871 26
6872 16
6873 20
6874 14
6875 29
6876 7
6877 22
6878 12
6879 17
6880 12
6881 18
6882 7
6883 21
6884 9
6885 12
6886 7
6887 17
6888 5
6889 15
6890 6
6891 6
6892 6
6893 11
6894 3
6895 9
6896 3
6897 5
6898 3
6899 5
6900 1
6901 3
6902 1
6903 1
6904 118
6905 59
6906 78
6907 58
6908 92
6909 38
6910 96
6911 56
6912 74
6913 44
6914 99
6915 36
6916 98
6917 45
6918 56
6919 52
6920 96
6921 34
6922 95
6923 40
6924 56
6925 45
6926 92
6927 32
6928 76
6929 43
6930 62
6931 39
6932 87
6933 24
6934 86
6935 44
6936 53
6937 40
6938 58
6939 28
6940 80
6941 39
6942 50
6943 32
6944 77
6945 22
6946 75
6947 35
6948 40
6949 35
6950 71
6951 24
6952 60
6953 28
6954 43
6955 31
6956 65
6957 22
6958 48
6959 27
6960 40
6961 30
6962 59
6963 16
6964 58
6965 28
6966 32
6967 28
6968 40
6969 17
6970 52
6971 24
6972 32
6973 17
6974 48
6975 16
6976 46
6977 22
6978 24
6979 21
6980 33
6981 13
6982 40
6983 16
6984 26
6985 19
6986 36
6987 10
6988 26
6989 17
6990 21
6991 15
6992 30
6993 8
6994 22
6995 13
6996 18
6997 13
6998 19
6999 8
7000 22
7001 9
7002 13
7003 8
7004 18
7005 5
7006 16
7007 7
7008 6
7009 7
7010 12
7011 4
7012 10
7013 4
7014 6
7015 3
7016 6
7017 2
7018 4
7019 2
7020 2
7021 1
7022 119
7023 59
7024 78
7025 58
7026 92
7027 38
7028 97
7029 56
7030 74
7031 44
7032 100
7033 36
7034 99
7035 45
7036 56
7037 52
7038 97
7039 34
7040 96
7041 40
7042 56
7043 45
7044 93
7045 32
7046 76
7047 43
7048 62
7049 39
7050 88
7051 24
7052 87
7053 44
7054 53
7055 40
7056 58
7057 28
7058 81
7059 39
7060 50
7061 32
7062 78
7063 22
7064 76
7065 35
7066 40
7067 35
7068 72
7069 24
7070 61
7071 28
7072 43
7073 31
7074 66
7075 22
7076 48
7077 27
7078 40
7079 30
7080 60
7081 16
7082 59
7083 28
7084 32
7085 28
7086 40
7087 17
7088 53
7089 24
7090 32
7091 17
7092 49
7093 16
7094 47
7095 22
7096 24
7097 21
7098 34
7099 13
7100 41
7101 16
7102 26
7103 19
7104 37
7105 10
7106 26
7107 17
7108 21
7109 15
7110 31
7111 8
7112 23
7113 13
7114 18
7115 13
7116 19
7117 8
7118 23
7119 9
7120 13
7121 8
7122 19
7123 5
7124 17
7125 7
7126 6
7127 7
7128 13
7129 4
7130 11
7131 4
7132 6
7133 3
7134 7
7135 2
7136 4
7137 2
7138 2
7139 1
7140 1
7141 120
7142 60
7143 79
7144 59
7145 93
7146 39
7147 98
7148 57
7149 75
7150 45
7151 100
7152 37
7153 100
7154 46
7155 57
7156 53
7157 98
7158 35
7159 97
7160 41
7161 57
7162 45
7163 94
7164 33
7165 77
7166 44
7167 63
7168 40
7169 89
7170 25
7171 88
7172 45
7173 53
7174 41
7175 59
7176 29
7177 82
7178 40
7179 51
7180 33
7181 79
7182 23
7183 77
7184 35
7185 41
7186 36
7187 73
7188 25
7189 62
7190 29
7191 44
7192 32
7193 67
7194 23
7195 48
7196 28
7197 41
7198 31
7199 61
7200 17
7201 60
7202 29
7203 33
7204 29
7205 41
7206 17
7207 54
7208 25
7209 33
7210 18
7211 50
7212 17
7213 48
7214 23
7215 25
7216 22
7217 34
7218 14
7219 42
7220 17
7221 27
7222 20
7223 38
7224 11
7225 27
7226 18
7227 22
7228 15
7229 32
7230 9
7231 24
7232 14
7233 19
7234 14
7235 20
7236 9
7237 24
7238 10
7239 13
7240 9
7241 20
7242 6
7243 18
7244 8
7245 7
7246 8
7247 14
7248 5
7249 12
7250 4
7251 7
7252 4
7253 8
7254 3
7255 5
7256 3
7257 3
7258 2
7259 2
7260 1
7261 121
7262 60
7263 80
7264 59
7265 94
7266 39
7267 99
7268 57
7269 76
7270 45
7271 101
7272 37
7273 101
7274 46
7275 58
7276 53
7277 99
7278 35
7279 98
7280 41
7281 58
7282 45
7283 95
7284 33
7285 78
7286 44
7287 64
7288 40
7289 90
7290 25
7291 89
7292 45
7293 54
7294 41
7295 60
7296 29
7297 83
7298 40
7299 52
7300 33
7301 80
7302 23
7303 78
7304 35
7305 42
7306 36
7307 74
7308 25
7309 63
7310 29
7311 45
7312 32
7313 68
7314 23
7315 49
7316 28
7317 42
7318 31
7319 62
7320 17
7321 60
7322 29
7323 34
7324 29
7325 42
7326 17
7327 55
7328 25
7329 34
7330 18
7331 51
7332 17
7333 49
7334 23
7335 26
7336 22
7337 35
7338 14
7339 43
7340 17
7341 28
7342 20
7343 39
7344 11
7345 28
7346 18
7347 23
7348 15
7349 33
7350 9
7351 25
7352 14
7353 20
7354 14
7355 21
7356 9
7357 25
7358 10
7359 14
7360 9
7361 21
7362 6
7363 19
7364 8
7365 8
7366 8
7367 15
7368 5
7369 13
7370 4
7371 8
7372 4
7373 9
7374 3
7375 6
7376 3
7377 4
7378 2
7379 3
7380 1
7381 1
7382 122
7383 61
7384 80
7385 60
7386 95
7387 39
7388 100
7389 58
7390 76
7391 46
7392 102
7393 37
7394 102
7395 47
7396 58
7397 54
7398 100
7399 35
7400 99
7401 42
7402 58
7403 46
7404 96
7405 33
7406 79
7407 45
7408 64
7409 41
7410 91
7411 25
7412 90
7413 46
7414 54
7415 42
7416 61
7417 29
7418 84
7419 41
7420 52
7421 34
7422 80
7423 23
7424 79
7425 36
7426 42
7427 37
7428 75
7429 25
7430 64
7431 30
7432 45
7433 33
7434 69
7435 23
7436 50
7437 29
7438 42
7439 32
7440 63
7441 17
7442 61
7443 30
7444 34
7445 30
7446 43
7447 17
7448 56
7449 26
7450 34
7451 19
7452 52
7453 17
7454 50
7455 24
7456 26
7457 23
7458 36
7459 14
7460 44
7461 18
7462 28
7463 20
7464 40
7465 11
7466 29
7467 19
7468 23
7469 16
7470 34
7471 9
7472 26
7473 15
7474 20
7475 15
7476 22
7477 9
7478 26
7479 11
7480 14
7481 10
7482 22
7483 6
7484 20
7485 9
7486 8
7487 9
7488 16
7489 5
7490 14
7491 5
7492 8
7493 5
7494 10
7495 3
7496 7
7497 4
7498 4
7499 3
7500 4
7501 1
7502 2
7503 1
7504 123
7505 61
7506 81
7507 60
7508 96
7509 39
7510 101
7511 58
7512 77
7513 46
7514 103
7515 37
7516 103
7517 47
7518 59
7519 54
7520 101
7521 35
7522 100
7523 42
7524 59
7525 46
7526 97
7527 33
7528 80
7529 45
7530 65
7531 41
7532 92
7533 25
7534 90
7535 46
7536 55
7537 42
7538 62
7539 29
7540 85
7541 41
7542 53
7543 34
7544 81
7545 23
7546 80
7547 36
7548 43
7549 37
7550 76
7551 25
7552 65
7553 30
7554 46
7555 33
7556 70
7557 23
7558 51
7559 29
7560 43
7561 32
7562 64
7563 17
7564 62
7565 30
7566 35
7567 30
7568 44
7569 17
7570 57
7571 26
7572 35
7573 19
7574 53
7575 17
7576 51
7577 24
7578 27
7579 23
7580 37
7581 14
7582 45
7583 18
7584 29
7585 20
7586 41
7587 11
7588 30
7589 19
7590 24
7591 16
7592 35
7593 9
7594 27
7595 15
7596 20
7597 15
7598 23
7599 9
7600 27
7601 11
7602 15
7603 10
7604 23
7605 6
7606 21
7607 9
7608 9
7609 9
7610 17
7611 5
7612 15
7613 5
7614 9
7615 5
7616 11
7617 3
7618 8
7619 4
7620 5
7621 3
7622 5
7623 1
7624 3
7625 1
7626 1
7627 124
7628 62
7629 82
7630 61
7631 96
7632 40
7633 102
7634 59
7635 78
7636 46
7637 104
7638 38
7639 104
7640 48
7641 59
7642 55
7643 102
7644 36
7645 101
7646 42
7647 60
7648 47
7649 98
7650 34
7651 80
7652 46
7653 66
7654 42
7655 93
7656 25
7657 91
7658 47
7659 56
7660 43
7661 62
7662 30
7663 86
7664 42
7665 54
7666 34
7667 82
7668 24
7669 81
7670 37
7671 43
7672 38
7673 77
7674 26
7675 66
7676 30
7677 47
7678 34
7679 71
7680 24
7681 51
7682 30
7683 44
7684 33
7685 65
7686 17
7687 63
7688 31
7689 36
7690 31
7691 44
7692 18
7693 58
7694 27
7695 36
7696 19
7697 54
7698 18
7699 52
7700 25
7701 27
7702 24
7703 38
7704 15
7705 46
7706 18
7707 30
7708 21
7709 42
7710 12
7711 30
7712 20
7713 25
7714 17
7715 36
7716 9
7717 28
7718 16
7719 21
7720 16
7721 23
7722 10
7723 28
7724 12
7725 16
7726 10
7727 24
7728 7
7729 22
7730 10
7731 9
7732 10
7733 18
7734 6
7735 16
7736 5
7737 10
7738 6
7739 12
7740 4
7741 8
7742 5
7743 6
7744 4
7745 6
7746 1
7747 4
7748 2
7749 2
7750 1
7751 125
7752 62
7753 82
7754 61
7755 97
7756 40
7757 102
7758 59
7759 78
7760 46
7761 105
7762 38
7763 105
7764 48
7765 59
7766 55
7767 103
7768 36
7769 102
7770 42
7771 60
7772 47
7773 99
7774 34
7775 81
7776 46
7777 66
7778 42
7779 94
7780 25
7781 92
7782 47
7783 56
7784 43
7785 62
7786 30
7787 87
7788 42
7789 54
7790 34
7791 83
7792 24
7793 82
7794 37
7795 43
7796 38
7797 78
7798 26
7799 66
7800 30
7801 47
7802 34
7803 72
7804 24
7805 52
7806 30
7807 44
7808 33
7809 66
7810 17
7811 64
7812 31
7813 36
7814 31
7815 45
7816 18
7817 59
7818 27
7819 36
7820 19
7821 55
7822 18
7823 53
7824 25
7825 27
7826 24
7827 38
7828 15
7829 47
7830 18
7831 30
7832 21
7833 43
7834 12
7835 31
7836 20
7837 25
7838 17
7839 37
7840 9
7841 28
7842 16
7843 21
7844 16
7845 24
7846 10
7847 29
7848 12
7849 16
7850 10
7851 25
7852 7
7853 23
7854 10
7855 9
7856 10
7857 19
7858 6
7859 17
7860 5
7861 10
7862 6
7863 13
7864 4
7865 9
7866 5
7867 6
7868 4
7869 6
7870 1
7871 5
7872 2
7873 2
7874 1
7875 1
7876 126
7877 63
7878 83
7879 62
7880 98
7881 41
7882 103
7883 60
7884 79
7885 47
7886 106
7887 39
7888 106
7889 49
7890 60
7891 56
7892 104
7893 37
7894 103
7895 43
7896 61
7897 48
7898 100
7899 35
7900 82
7901 47
7902 67
7903 43
7904 95
7905 26
7906 93
7907 48
7908 57
7909 44
7910 63
7911 31
7912 88
7913 43
7914 55
7915 35
7916 84
7917 25
7918 83
7919 38
7920 44
7921 39
7922 79
7923 27
7924 67
7925 31
7926 48
7927 35
7928 73
7929 25
7930 53
7931 31
7932 45
7933 34
7934 67
7935 18
7936 65
7937 32
7938 37
7939 32
7940 46
7941 19
7942 60
7943 28
7944 37
7945 20
7946 56
7947 19
7948 54
7949 26
7950 28
7951 25
7952 39
7953 16
7954 48
7955 19
7956 31
7957 22
7958 44
7959 13
7960 32
7961 21
7962 26
7963 18
7964 38
7965 10
7966 29
7967 17
7968 22
7969 17
7970 25
7971 11
7972 30
7973 13
7974 17
7975 11
7976 26
7977 8
7978 24
7979 11
7980 10
7981 11
7982 20
7983 7
7984 18
7985 6
7986 11
7987 7
7988 14
7989 5
7990 10
7991 6
7992 7
7993 5
7994 7
7995 2
7996 6
7997 3
7998 3
7999 2
8000 2
8001 1
8002 127
8003 63
8004 84
8005 62
8006 99
8007 41
8008 104
8009 60
8010 80
8011 47
8012 107
8013 39
8014 107
8015 49
8016 61
8017 56
8018 105
8019 37
8020 104
8021 43
8022 62
8023 48
8024 101
8025 35
8026 83
8027 47
8028 68
8029 43
8030 96
8031 26
8032 94
8033 48
8034 58
8035 44
8036 64
8037 31
8038 89
8039 43
8040 56
8041 35
8042 85
8043 25
8044 84
8045 38
8046 45
8047 39
8048 80
8049 27
8050 68
8051 31
8052 49
8053 35
8054 74
8055 25
8056 54
8057 31
8058 46
8059 34
8060 68
8061 18
8062 66
8063 32
8064 38
8065 32
8066 47
8067 19
8068 61
8069 28
8070 38
8071 20
8072 57
8073 19
8074 55
8075 26
8076 29
8077 25
8078 40
8079 16
8080 49
8081 19
8082 32
8083 22
8084 45
8085 13
8086 33
8087 21
8088 27
8089 18
8090 39
8091 10
8092 30
8093 17
8094 23
8095 17
8096 26
8097 11
8098 31
8099 13
8100 18
8101 11
8102 27
8103 8
8104 25
8105 11
8106 11
8107 11
8108 21
8109 7
8110 19
8111 6
8112 12
8113 7
8114 15
8115 5
8116 11
8117 6
8118 8
8119 5
8120 8
8121 2
8122 7
8123 3
8124 4
8125 2
8126 3
8127 1
8128 1
8129 128
8130 64
8131 84
8132 63
8133 100
8134 41
8135 105
8136 61
8137 80
8138 48
8139 108
8140 39
8141 108
8142 50
8143 61
8144 57
8145 106
8146 37
8147 105
8148 44
8149 62
8150 49
8151 102
8152 35
8153 84
8154 48
8155 68
8156 44
8157 97
8158 26
8159 95
8160 49
8161 58
8162 45
8163 65
8164 31
8165 90
8166 44
8167 56
8168 36
8169 86
8170 25
8171 84
8172 39
8173 45
8174 40
8175 81
8176 27
8177 69
8178 32
8179 49
8180 36
8181 75
8182 25
8183 55
8184 32
8185 46
8186 35
8187 69
8188 18
8189 67
8190 33
8191 38
8192 33
8193 48
8194 19
8195 62
8196 29
8197 38
8198 21
8199 58
8200 19
8201 56
8202 27
8203 29
8204 26
8205 41
8206 16
8207 50
8208 20
8209 32
8210 23
8211 46
8212 13
8213 34
8214 21
8215 27
8216 19
8217 40
8218 10
8219 31
8220 18
8221 23
8222 18
8223 27
8224 11
8225 32
8226 14
8227 18
8228 12
8229 28
8230 8
8231 26
8232 12
8233 11
8234 12
8235 22
8236 7
8237 20
8238 7
8239 12
8240 8
8241 16
8242 5
8243 12
8244 7
8245 8
8246 6
8247 9
8248 2
8249 8
8250 4
8251 4
8252 3
8253 4
8254 1
8255 2
8256 1
8257 129
8258 64
8259 85
8260 63
8261 100
8262 41
8263 106
8264 61
8265 81
8266 48
8267 109
8268 39
8269 108
8270 50
8271 61
8272 57
8273 107
8274 37
8275 106
8276 44
8277 63
8278 49
8279 103
8280 35
8281 84
8282 48
8283 69
8284 44
8285 98
8286 26
8287 96
8288 49
8289 59
8290 45
8291 65
8292 31
8293 91
8294 44
8295 56
8296 36
8297 87
8298 25
8299 85
8300 39
8301 45
8302 40
8303 82
8304 27
8305 70
8306 32
8307 50
8308 36
8309 76
8310 25
8311 55
8312 32
8313 47
8314 35
8315 70
8316 18
8317 68
8318 33
8319 39
8320 33
8321 48
8322 19
8323 63
8324 29
8325 39
8326 21
8327 59
8328 19
8329 57
8330 27
8331 29
8332 26
8333 42
8334 16
8335 51
8336 20
8337 33
8338 23
8339 47
8340 13
8341 34
8342 21
8343 28
8344 19
8345 41
8346 10
8347 31
8348 18
8349 24
8350 18
8351 27
8352 11
8353 33
8354 14
8355 19
8356 12
8357 29
8358 8
8359 27
8360 12
8361 11
8362 12
8363 23
8364 7
8365 21
8366 7
8367 13
8368 8
8369 17
8370 5
8371 12
8372 7
8373 8
8374 6
8375 10
8376 2
8377 9
8378 4
8379 5
8380 3
8381 4
8382 1
8383 3
8384 1
8385 1
8386 130
8387 65
8388 86
8389 64
8390 101
8391 42
8392 107
8393 62
8394 82
8395 49
8396 110
8397 40
8398 109
8399 51
8400 62
8401 58
8402 108
8403 38
8404 107
8405 45
8406 64
8407 50
8408 104
8409 36
8410 85
8411 49
8412 70
8413 45
8414 99
8415 27
8416 97
8417 50
8418 60
8419 46
8420 66
8421 32
8422 92
8423 45
8424 57
8425 37
8426 88
8427 26
8428 86
8429 40
8430 46
8431 41
8432 83
8433 28
8434 71
8435 33
8436 51
8437 37
8438 77
8439 26
8440 56
8441 33
8442 48
8443 36
8444 71
8445 19
8446 69
8447 34
8448 40
8449 34
8450 49
8451 20
8452 64
8453 30
8454 40
8455 22
8456 60
8457 20
8458 58
8459 28
8460 30
8461 27
8462 43
8463 17
8464 52
8465 21
8466 34
8467 24
8468 48
8469 14
8470 35
8471 22
8472 29
8473 20
8474 42
8475 11
8476 32
8477 19
8478 25
8479 19
8480 28
8481 12
8482 34
8483 15
8484 20
8485 13
8486 30
8487 9
8488 28
8489 13
8490 12
8491 13
8492 24
8493 8
8494 22
8495 8
8496 14
8497 9
8498 18
8499 6
8500 13
8501 8
8502 9
8503 7
8504 11
8505 3
8506 10
8507 5
8508 6
8509 4
8510 5
8511 2
8512 4
8513 2
8514 2
8515 1
8516 131
8517 65
8518 86
8519 64
8520 102
8521 42
8522 108
8523 62
8524 82
8525 49
8526 110
8527 40
8528 110
8529 51
8530 62
8531 58
8532 109
8533 38
8534 108
8535 45
8536 64
8537 50
8538 105
8539 36
8540 86
8541 49
8542 70
8543 45
8544 100
8545 27
8546 98
8547 50
8548 60
8549 46
8550 67
8551 32
8552 93
8553 45
8554 57
8555 37
8556 89
8557 26
8558 87
8559 40
8560 46
8561 41
8562 84
8563 28
8564 72
8565 33
8566 51
8567 37
8568 78
8569 26
8570 56
8571 33
8572 48
8573 36
8574 72
8575 19
8576 70
8577 34
8578 40
8579 34
8580 50
8581 20
8582 65
8583 30
8584 40
8585 22
8586 61
8587 20
8588 59
8589 28
8590 30
8591 27
8592 43
8593 17
8594 53
8595 21
8596 34
8597 24
8598 49
8599 14
8600 36
8601 22
8602 29
8603 20
8604 43
8605 11
8606 33
8607 19
8608 25
8609 19
8610 29
8611 12
8612 35
8613 15
8614 20
8615 13
8616 31
8617 9
8618 29
8619 13
8620 12
8621 13
8622 25
8623 8
8624 23
8625 8
8626 14
8627 9
8628 19
8629 6
8630 14
8631 8
8632 9
8633 7
8634 12
8635 3
8636 10
8637 5
8638 6
8639 4
8640 6
8641 2
8642 5
8643 2
8644 2
8645 1
8646 1
8647 132
8648 66
8649 87
8650 65
8651 103
8652 43
8653 108
8654 63
8655 83
8656 50
8657 111
8658 41
8659 111
8660 51
8661 63
8662 59
8663 110
8664 39
8665 108
8666 46
8667 64
8668 51
8669 106
8670 37
8671 87
8672 50
8673 71
8674 45
8675 101
8676 28
8677 99
8678 51
8679 61
8680 47
8681 67
8682 33
8683 94
8684 45
8685 58
8686 38
8687 90
8688 26
8689 88
8690 41
8691 47
8692 42
8693 85
8694 29
8695 72
8696 34
8697 52
8698 38
8699 79
8700 27
8701 57
8702 33
8703 48
8704 37
8705 73
8706 20
8707 71
8708 35
8709 40
8710 35
8711 51
8712 21
8713 66
8714 31
8715 41
8716 22
8717 62
8718 21
8719 60
8720 29
8721 31
8722 27
8723 43
8724 18
8725 54
8726 22
8727 35
8728 25
8729 50
8730 14
8731 37
8732 23
8733 30
8734 21
8735 44
8736 12
8737 33
8738 20
8739 26
8740 20
8741 29
8742 13
8743 36
8744 15
8745 21
8746 14
8747 32
8748 10
8749 30
8750 14
8751 12
8752 14
8753 26
8754 9
8755 24
8756 9
8757 15
8758 9
8759 20
8760 6
8761 15
8762 9
8763 10
8764 8
8765 12
8766 4
8767 11
8768 6
8769 7
8770 5
8771 7
8772 2
8773 6
8774 3
8775 3
8776 2
8777 2
8778 1
8779 133
8780 66
8781 88
8782 65
8783 104
8784 43
8785 109
8786 63
8787 84
8788 50
8789 112
8790 41
8791 112
8792 51
8793 64
8794 59
8795 111
8796 39
8797 109
8798 46
8799 65
8800 51
8801 107
8802 37
8803 88
8804 50
8805 72
8806 45
8807 102
8808 28
8809 100
8810 51
8811 62
8812 47
8813 68
8814 33
8815 95
8816 45
8817 59
8818 38
8819 91
8820 26
8821 89
8822 41
8823 48
8824 42
8825 86
8826 29
8827 73
8828 34
8829 53
8830 38
8831 80
8832 27
8833 58
8834 33
8835 49
8836 37
8837 74
8838 20
8839 72
8840 35
8841 41
8842 35
8843 52
8844 21
8845 66
8846 31
8847 42
8848 22
8849 63
8850 21
8851 61
8852 29
8853 32
8854 27
8855 44
8856 18
8857 55
8858 22
8859 36
8860 25
8861 51
8862 14
8863 38
8864 23
8865 31
8866 21
8867 45
8868 12
8869 34
8870 20
8871 27
8872 20
8873 30
8874 13
8875 37
8876 15
8877 22
8878 14
8879 33
8880 10
8881 31
8882 14
8883 13
8884 14
8885 27
8886 9
8887 25
8888 9
8889 16
8890 9
8891 21
8892 6
8893 16
8894 9
8895 11
8896 8
8897 13
8898 4
8899 12
8900 6
8901 8
8902 5
8903 8
8904 2
8905 7
8906 3
8907 4
8908 2
8909 3
8910 1
8911 1
8912 134
8913 67
8914 88
8915 66
8916 104
8917 43
8918 110
8919 64
8920 84
8921 50
8922 113
8923 41
8924 113
8925 52
8926 64
8927 60
8928 112
8929 39
8930 110
8931 46
8932 65
8933 52
8934 108
8935 37
8936 88
8937 51
8938 72
8939 46
8940 103
8941 28
8942 101
8943 52
8944 62
8945 48
8946 68
8947 33
8948 96
8949 46
8950 59
8951 38
8952 92
8953 26
8954 90
8955 42
8956 48
8957 43
8958 87
8959 29
8960 74
8961 34
8962 53
8963 39
8964 81
8965 27
8966 58
8967 34
8968 49
8969 38
8970 75
8971 20
8972 73
8973 36
8974 41
8975 36
8976 52
8977 21
8978 67
8979 32
8980 42
8981 22
8982 64
8983 21
8984 62
8985 30
8986 32
8987 28
8988 45
8989 18
8990 56
8991 22
8992 36
8993 26
8994 52
8995 14
8996 38
8997 24
8998 31
8999 22
9000 46
9001 12
9002 35
9003 21
9004 27
9005 21
9006 30
9007 13
9008 38
9009 16
9010 22
9011 14
9012 34
9013 10
9014 32
9015 15
9016 13
9017 15
9018 28
9019 9
9020 26
9021 9
9022 16
9023 10
9024 22
9025 6
9026 16
9027 10
9028 11
9029 9
9030 14
9031 4
9032 13
9033 7
9034 8
9035 6
9036 8
9037 2
9038 8
9039 4
9040 4
9041 2
9042 4
9043 1
9044 2
9045 1
9046 135
9047 67
9048 89
9049 66
9050 105
9051 43
9052 111
9053 64
9054 85
9055 50
9056 114
9057 41
9058 114
9059 52
9060 65
9061 60
9062 112
9063 39
9064 111
9065 46
9066 66
9067 52
9068 109
9069 37
9070 89
9071 51
9072 73
9073 46
9074 104
9075 28
9076 102
9077 52
9078 63
9079 48
9080 69
9081 33
9082 97
9083 46
9084 60
9085 38
9086 93
9087 26
9088 91
9089 42
9090 49
9091 43
9092 88
9093 29
9094 75
9095 34
9096 53
9097 39
9098 82
9099 27
9100 59
9101 34
9102 50
9103 38
9104 76
9105 20
9106 74
9107 36
9108 42
9109 36
9110 53
9111 21
9112 68
9113 32
9114 43
9115 22
9116 65
9117 21
9118 63
9119 30
9120 33
9121 28
9122 46
9123 18
9124 57
9125 22
9126 37
9127 26
9128 53
9129 14
9130 38
9131 24
9132 32
9133 22
9134 47
9135 12
9136 36
9137 21
9138 28
9139 21
9140 31
9141 13
9142 39
9143 16
9144 23
9145 14
9146 35
9147 10
9148 33
9149 15
9150 14
9151 15
9152 29
9153 9
9154 27
9155 9
9156 17
9157 10
9158 23
9159 6
9160 17
9161 10
9162 12
9163 9
9164 14
9165 4
9166 14
9167 7
9168 9
9169 6
9170 9
9171 2
9172 9
9173 4
9174 5
9175 2
9176 5
9177 1
9178 3
9179 1
9180 1
9181 136
9182 68
9183 90
9184 67
9185 106
9186 44
9187 112
9188 65
9189 86
9190 51
9191 115
9192 42
9193 115
9194 53
9195 66
9196 61
9197 113
9198 40
9199 112
9200 47
9201 67
9202 53
9203 110
9204 38
9205 90
9206 52
9207 74
9208 47
9209 105
9210 29
9211 103
9212 53
9213 64
9214 49
9215 70
9216 34
9217 98
9218 47
9219 61
9220 39
9221 94
9222 27
9223 92
9224 43
9225 50
9226 44
9227 89
9228 30
9229 76
9230 35
9231 54
9232 40
9233 83
9234 28
9235 60
9236 35
9237 51
9238 39
9239 77
9240 21
9241 75
9242 37
9243 43
9244 37
9245 54
9246 22
9247 69
9248 33
9249 44
9250 23
9251 66
9252 22
9253 64
9254 31
9255 34
9256 29
9257 47
9258 19
9259 58
9260 23
9261 38
9262 27
9263 54
9264 15
9265 39
9266 25
9267 33
9268 23
9269 48
9270 13
9271 37
9272 22
9273 29
9274 22
9275 32
9276 14
9277 40
9278 17
9279 24
9280 15
9281 36
9282 11
9283 34
9284 16
9285 15
9286 16
9287 30
9288 10
9289 28
9290 10
9291 18
9292 11
9293 24
9294 7
9295 18
9296 11
9297 13
9298 10
9299 15
9300 5
9301 15
9302 8
9303 10
9304 7
9305 10
9306 3
9307 10
9308 5
9309 6
9310 3
9311 6
9312 2
9313 4
9314 2
9315 2
9316 1
9317 137
9318 68
9319 90
9320 67
9321 107
9322 44
9323 113
9324 65
9325 86
9326 51
9327 116
9328 42
9329 116
9330 53
9331 66
9332 61
9333 114
9334 40
9335 113
9336 47
9337 67
9338 53
9339 110
9340 38
9341 91
9342 52
9343 74
9344 47
9345 106
9346 29
9347 104
9348 53
9349 64
9350 49
9351 71
9352 34
9353 99
9354 47
9355 61
9356 39
9357 95
9358 27
9359 93
9360 43
9361 50
9362 44
9363 90
9364 30
9365 77
9366 35
9367 54
9368 40
9369 84
9370 28
9371 61
9372 35
9373 51
9374 39
9375 78
9376 21
9377 76
9378 37
9379 43
9380 37
9381 55
9382 22
9383 70
9384 33
9385 44
9386 23
9387 67
9388 22
9389 65
9390 31
9391 34
9392 29
9393 48
9394 19
9395 59
9396 23
9397 38
9398 27
9399 55
9400 15
9401 40
9402 25
9403 33
9404 23
9405 49
9406 13
9407 38
9408 22
9409 29
9410 22
9411 33
9412 14
9413 41
9414 17
9415 24
9416 15
9417 37
9418 11
9419 35
9420 16
9421 15
9422 16
9423 31
9424 10
9425 29
9426 10
9427 18
9428 11
9429 25
9430 7
9431 18
9432 11
9433 13
9434 10
9435 16
9436 5
9437 16
9438 8
9439 10
9440 7
9441 11
9442 3
9443 11
9444 5
9445 6
9446 3
9447 7
9448 2
9449 5
9450 2
9451 2
9452 1
9453 1
9454 138
9455 69
9456 91
9457 68
9458 108
9459 45
9460 114
9461 66
9462 87
9463 52
9464 117
9465 43
9466 117
9467 54
9468 67
9469 62
9470 115
9471 41
9472 114
9473 48
9474 68
9475 54
9476 111
9477 39
9478 92
9479 53
9480 75
9481 48
9482 107
9483 30
9484 105
9485 54
9486 65
9487 50
9488 72
9489 35
9490 100
9491 48
9492 62
9493 40
9494 96
9495 28
9496 94
9497 44
9498 51
9499 45
9500 91
9501 31
9502 78
9503 36
9504 55
9505 41
9506 85
9507 29
9508 62
9509 36
9510 52
9511 40
9512 79
9513 22
9514 77
9515 38
9516 44
9517 38
9518 56
9519 23
9520 71
9521 34
9522 45
9523 24
9524 68
9525 23
9526 66
9527 32
9528 35
9529 30
9530 49
9531 20
9532 60
9533 24
9534 39
9535 28
9536 56
9537 16
9538 41
9539 26
9540 34
9541 24
9542 50
9543 14
9544 39
9545 23
9546 30
9547 23
9548 34
9549 15
9550 42
9551 18
9552 25
9553 16
9554 38
9555 12
9556 36
9557 17
9558 16
9559 17
9560 32
9561 11
9562 30
9563 11
9564 19
9565 12
9566 26
9567 8
9568 19
9569 12
9570 14
9571 11
9572 17
9573 6
9574 17
9575 9
9576 11
9577 8
9578 12
9579 4
9580 12
9581 6
9582 7
9583 4
9584 8
9585 3
9586 6
9587 3
9588 3
9589 2
9590 2
9591 1
9592 139
9593 69
9594 92
9595 68
9596 108
9597 45
9598 114
9599 66
9600 88
9601 52
9602 118
9603 43
9604 118
9605 54
9606 67
9607 62
9608 116
9609 41
9610 115
9611 48
9612 68
9613 54
9614 112
9615 39
9616 92
9617 53
9618 76
9619 48
9620 108
9621 30
9622 106
9623 54
9624 66
9625 50
9626 72
9627 35
9628 101
9629 48
9630 63
9631 40
9632 97
9633 28
9634 95
9635 44
9636 51
9637 45
9638 92
9639 31
9640 78
9641 36
9642 56
9643 41
9644 86
9645 29
9646 62
9647 36
9648 53
9649 40
9650 80
9651 22
9652 78
9653 38
9654 44
9655 38
9656 56
9657 23
9658 72
9659 34
9660 46
9661 24
9662 69
9663 23
9664 67
9665 32
9666 35
9667 30
9668 49
9669 20
9670 61
9671 24
9672 40
9673 28
9674 57
9675 16
9676 41
9677 26
9678 35
9679 24
9680 51
9681 14
9682 39
9683 23
9684 31
9685 23
9686 34
9687 15
9688 43
9689 18
9690 26
9691 16
9692 39
9693 12
9694 37
9695 17
9696 16
9697 17
9698 33
9699 11
9700 31
9701 11
9702 20
9703 12
9704 27
9705 8
9706 19
9707 12
9708 15
9709 11
9710 17
9711 6
9712 18
9713 9
9714 12
9715 8
9716 12
9717 4
9718 13
9719 6
9720 8
9721 4
9722 9
9723 3
9724 6
9725 3
9726 3
9727 2
9728 3
9729 1
9730 1
9731 140
9732 70
9733 92
9734 69
9735 109
9736 45
9737 115
9738 67
9739 88
9740 53
9741 119
9742 43
9743 119
9744 55
9745 67
9746 63
9747 117
9748 41
9749 116
9750 49
9751 68
9752 55
9753 113
9754 39
9755 93
9756 54
9757 76
9758 49
9759 109
9760 30
9761 107
9762 55
9763 66
9764 51
9765 73
9766 35
9767 102
9768 49
9769 63
9770 41
9771 98
9772 28
9773 96
9774 45
9775 51
9776 46
9777 92
9778 31
9779 79
9780 37
9781 56
9782 42
9783 87
9784 29
9785 63
9786 37
9787 53
9788 41
9789 81
9790 22
9791 79
9792 39
9793 44
9794 39
9795 57
9796 23
9797 73
9798 35
9799 46
9800 25
9801 70
9802 23
9803 68
9804 33
9805 35
9806 31
9807 50
9808 20
9809 62
9810 25
9811 40
9812 29
9813 58
9814 16
9815 42
9816 27
9817 35
9818 25
9819 52
9820 14
9821 40
9822 24
9823 31
9824 23
9825 35
9826 15
9827 44
9828 19
9829 26
9830 17
9831 40
9832 12
9833 38
9834 18
9835 16
9836 18
9837 34
9838 11
9839 32
9840 12
9841 20
9842 13
9843 28
9844 8
9845 20
9846 13
9847 15
9848 12
9849 18
9850 6
9851 19
9852 10
9853 12
9854 9
9855 13
9856 4
9857 14
9858 7
9859 8
9860 5
9861 10
9862 3
9863 7
9864 4
9865 3
9866 3
9867 4
9868 1
9869 2
9870 1
9871 141
9872 70
9873 93
9874 69
9875 110
9876 45
9877 116
9878 67
9879 89
9880 53
9881 120
9882 43
9883 120
9884 55
9885 68
9886 63
9887 118
9888 41
9889 117
9890 49
9891 69
9892 55
9893 114
9894 39
9895 94
9896 54
9897 77
9898 49
9899 110
9900 30
9901 108
9902 55
9903 67
9904 51
9905 74
9906 35
9907 103
9908 49
9909 64
9910 41
9911 99
9912 28
9913 97
9914 45
9915 52
9916 46
9917 93
9918 31
9919 80
9920 37
9921 57
9922 42
9923 88
9924 29
9925 64
9926 37
9927 54
9928 41
9929 82
9930 22
9931 80
9932 39
9933 45
9934 39
9935 58
9936 23
9937 74
9938 35
9939 47
9940 25
9941 70
9942 23
9943 69
9944 33
9945 36
9946 31
9947 51
9948 20
9949 63
9950 25
9951 41
9952 29
9953 59
9954 16
9955 43
9956 27
9957 36
9958 25
9959 53
9960 14
9961 41
9962 24
9963 32
9964 23
9965 36
9966 15
9967 45
9968 19
9969 27
9970 17
9971 41
9972 12
9973 39
9974 18
9975 17
9976 18
9977 35
9978 11
9979 33
9980 12
9981 21
9982 13
9983 29
9984 8
9985 21
9986 13
9987 16
9988 12
9989 19
9990 6
9991 20
9992 10
9993 13
9994 9
9995 14
9996 4
9997 15
9998 7
9999 9
10000 5
