0 0
1 1
2 4
3 6
4 9
5 10
6 12
7 14
8 8
9 16
10 15
11 22
12 18
13 26
14 21
15 20
16 24
17 34
18 25
19 38
20 28
21 30
22 33
23 46
24 32
25 35
26 39
27 27
28 36
29 58
30 40
31 62
32 45
33 44
34 51
35 42
36 48
37 74
38 57
39 52
40 50
41 82
42 49
43 86
44 55
45 54
46 69
47 94
48 60
49 56
50 63
51 68
52 65
53 106
54 70
55 66
56 72
57 76
58 87
59 118
60 75
61 122
62 93
63 77
64 64
65 78
66 80
67 134
68 85
69 92
70 84
71 142
72 81
73 146
74 111
75 88
76 95
77 96
78 91
79 158
80 90
81 98
82 123
83 166
84 99
85 102
86 129
87 116
88 100
89 178
90 104
91 105
92 115
93 124
94 141
95 114
96 108
97 194
98 110
99 112
100 117
101 202
102 119
103 206
104 121
105 120
106 159
107 214
108 126
109 218
110 128
111 148
112 132
113 226
114 133
115 138
116 145
117 130
118 177
119 136
120 135
121 140
122 183
123 164
124 155
125 125
126 143
127 254
128 144
129 172
130 150
131 262
132 154
133 152
134 201
135 147
136 153
137 274
138 161
139 278
140 156
141 188
142 213
143 160
144 162
145 174
146 219
147 165
148 185
149 298
150 168
151 302
152 171
153 170
154 169
155 186
156 176
157 314
158 237
159 212
160 175
161 184
162 180
163 326
164 205
165 187
166 249
167 334
168 182
169 189
170 192
171 190
172 215
173 346
174 203
175 196
176 198
177 236
178 267
179 358
180 195
181 362
182 200
183 244
184 207
185 222
186 217
187 204
188 235
189 208
190 209
191 382
192 210
193 386
194 291
195 220
196 221
197 394
198 224
199 398
200 225
201 268
202 303
203 232
204 231
205 246
206 309
207 230
208 234
209 228
210 238
211 422
212 265
213 284
214 321
215 258
216 216
217 248
218 327
219 292
220 240
221 242
222 259
223 446
224 243
225 250
226 339
227 454
228 247
229 458
230 253
231 245
232 261
233 466
234 260
235 282
236 295
237 316
238 255
239 478
240 252
241 482
242 264
243 266
244 305
245 270
246 287
247 272
248 279
249 332
250 256
251 502
252 273
253 276
254 381
255 275
256 280
257 514
258 301
259 296
260 285
261 290
262 393
263 526
264 286
265 318
266 289
267 356
268 335
269 538
270 288
271 542
272 294
273 299
274 411
275 297
276 300
277 554
278 417
279 310
280 304
281 562
282 329
283 566
284 355
285 306
286 312
287 328
288 308
289 320
290 319
291 388
292 365
293 586
294 323
295 354
296 333
297 315
298 447
299 322
300 324
301 344
302 453
303 404
304 325
305 366
306 340
307 614
308 330
309 412
310 341
311 622
312 338
313 626
314 471
315 336
316 395
317 634
318 371
319 348
320 350
321 428
322 345
323 342
324 351
325 357
326 489
327 436
328 369
329 376
330 352
331 662
332 415
333 370
334 501
335 402
336 360
337 674
338 361
339 452
340 364
341 372
342 363
343 343
344 387
345 368
346 519
347 694
348 377
349 698
350 375
351 374
352 378
353 706
354 413
355 426
356 445
357 380
358 537
359 718
360 384
361 385
362 543
363 390
364 391
365 438
366 427
367 734
368 396
369 410
370 407
371 424
372 403
373 746
374 408
375 392
376 423
377 406
378 400
379 758
380 399
381 508
382 573
383 766
384 405
385 414
386 579
387 430
388 485
389 778
390 416
391 418
392 420
393 524
394 591
395 474
396 429
397 794
398 597
399 432
400 437
401 802
402 469
403 434
404 505
405 425
406 435
407 444
408 440
409 818
410 451
411 548
412 515
413 472
414 441
415 498
416 442
417 556
418 456
419 838
420 448
421 842
422 633
423 470
424 477
425 450
426 497
427 488
428 535
429 455
430 473
431 862
432 468
433 866
434 465
435 464
436 545
437 460
438 511
439 878
440 462
441 459
442 483
443 886
444 481
445 534
446 669
447 596
448 475
449 898
450 476
451 492
452 565
453 604
454 681
455 480
456 484
457 914
458 687
459 486
460 490
461 922
462 493
463 926
464 495
465 496
466 699
467 934
468 494
469 536
470 517
471 628
472 531
473 516
474 553
475 507
476 510
477 530
478 717
479 958
480 500
481 518
482 723
483 506
484 504
485 582
486 513
487 974
488 549
489 652
490 520
491 982
492 533
493 522
494 529
495 528
496 527
497 568
498 581
499 998
500 532
501 668
502 753
503 1006
504 525
505 606
506 540
507 539
508 635
509 1018
510 544
511 584
512 512
513 550
514 771
515 618
516 559
517 564
518 555
519 692
520 546
521 1042
522 551
523 1046
524 655
525 552
526 789
527 558
528 560
529 561
530 583
531 590
532 570
533 574
534 623
535 642
536 603
537 716
538 807
539 572
540 567
541 1082
542 813
543 724
544 575
545 654
546 576
547 1094
548 685
549 610
550 578
551 580
552 585
553 632
554 831
555 592
556 695
557 1114
558 589
559 602
560 588
561 594
562 843
563 1126
564 611
565 678
566 849
567 595
568 639
569 1138
570 608
571 1142
572 598
573 764
574 615
575 605
576 600
577 1154
578 609
579 772
580 621
581 664
582 679
583 636
584 657
585 624
586 879
587 1174
588 612
589 620
590 649
591 788
592 629
593 1186
594 616
595 627
596 745
597 796
598 625
599 1198
600 630
601 1202
602 645
603 670
604 755
605 637
606 707
607 1214
608 640
609 638
610 671
611 658
612 646
613 1226
614 921
615 656
616 660
617 1234
618 721
619 1238
620 651
621 644
622 933
623 712
624 648
625 650
626 939
627 663
628 785
629 666
630 675
631 1262
632 711
633 844
634 951
635 762
636 689
637 665
638 667
639 710
640 672
641 1282
642 749
643 1286
644 690
645 688
646 680
647 1294
648 684
649 708
650 676
651 682
652 815
653 1306
654 763
655 786
656 697
657 730
658 705
659 1318
660 693
661 1322
662 993
663 696
664 747
665 686
666 703
667 700
668 835
669 892
670 737
671 732
672 704
673 1346
674 1011
675 713
676 702
677 1354
678 791
679 776
680 714
681 908
682 715
683 1366
684 722
685 822
686 728
687 916
688 731
689 742
690 736
691 1382
692 865
693 720
694 1041
695 834
696 725
697 738
698 1047
699 932
700 735
701 1402
702 726
703 740
704 741
705 752
706 1059
707 808
708 767
709 1418
710 781
711 790
712 801
713 744
714 748
715 754
716 895
717 956
718 1077
719 1438
720 750
721 824
722 756
723 964
724 905
725 760
726 759
727 1454
728 765
729 729
730 803
731 774
732 793
733 1466
734 1101
735 768
736 770
737 804
738 779
739 1478
740 777
741 780
742 795
743 1486
744 775
745 894
746 1119
747 830
748 783
749 856
750 792
751 1502
752 799
753 1004
754 800
755 906
756 782
757 1514
758 1137
759 784
760 798
761 1522
762 889
763 872
764 955
765 805
766 1149
767 826
768 810
769 1538
770 806
771 1028
772 965
773 1546
774 817
775 825
776 873
777 814
778 1167
779 820
780 819
781 852
782 816
783 812
784 828
785 942
786 917
787 1574
788 985
789 1052
790 869
791 904
792 833
793 854
794 1191
795 848
796 995
797 1594
798 836
799 846
800 832
801 890
802 1203
803 876
804 871
805 837
806 845
807 1076
808 909
809 1618
810 840
811 1622
812 841
813 1084
814 851
815 978
816 850
817 860
818 1227
819 855
820 861
821 1642
822 959
823 1646
824 927
825 847
826 885
827 1654
828 874
829 1658
830 913
831 1108
832 858
833 867
834 973
835 1002
836 868
837 870
838 1257
839 1678
840 864
841 875
842 1263
843 1124
844 1055
845 880
846 893
847 882
848 901
849 1132
850 884
851 888
852 923
853 1706
854 915
855 897
856 963
857 1714
858 891
859 1718
860 903
861 902
862 1293
863 1726
864 896
865 1038
866 1299
867 910
868 899
869 948
870 928
871 938
872 981
873 970
874 912
875 900
876 949
877 1754
878 1317
879 1172
880 918
881 1762
882 920
883 1766
884 931
885 944
886 1329
887 1774
888 925
889 1016
890 979
891 924
892 1115
893 940
894 1043
895 1074
896 930
897 935
898 1347
899 936
900 945
901 954
902 943
903 946
904 1017
905 1086
906 1057
907 1814
908 1135
909 1010
910 957
911 1822
912 950
913 996
914 1371
915 976
916 1145
917 1048
918 952
919 1838
920 966
921 1228
922 1383
923 994
924 960
925 962
926 1389
927 1030
928 961
929 1858
930 968
931 969
932 1165
933 1244
934 1401
935 980
936 975
937 1874
938 1005
939 1252
940 987
941 1882
942 1099
943 984
944 1003
945 972
946 989
947 1894
948 1027
949 1022
950 986
951 1268
952 988
953 1906
954 1007
955 1146
956 1195
957 992
958 1437
959 1096
960 990
961 1001
962 999
963 1070
964 1205
965 1158
966 1012
967 1934
968 1015
969 1020
970 1067
971 1942
972 1008
973 1112
974 1461
975 1014
976 1037
977 1954
978 1141
979 1068
980 1024
981 1090
982 1473
983 1966
984 1025
985 1182
986 1023
987 1034
988 1026
989 1032
990 1035
991 1982
992 1029
993 1324
994 1065
995 1194
996 1079
997 1994
998 1497
999 1036
1000 1000
1001 1040
1002 1169
1003 1062
1004 1255
1005 1072
1006 1509
1007 1060
1008 1044
1009 2018
1010 1111
1011 1348
1012 1045
1013 2026
1014 1050
1015 1053
1016 1143
1017 1130
1018 1527
1019 2038
1020 1054
1021 2042
1022 1095
1023 1071
1024 1056
1025 1066
1026 1064
1027 1106
1028 1285
1029 1073
1030 1133
1031 2062
1032 1075
1033 2066
1034 1081
1035 1058
1036 1078
1037 1098
1038 1211
1039 2078
1040 1088
1041 1388
1042 1563
1043 1192
1044 1102
1045 1083
1046 1569
1047 1396
1048 1179
1049 2098
1050 1080
1051 2102
1052 1315
1053 1092
1054 1085
1055 1266
1056 1089
1057 1208
1058 1104
1059 1412
1060 1113
1061 2122
1062 1121
1063 2126
1064 1107
1065 1136
1066 1116
1067 1164
1068 1157
1069 2138
1070 1177
1071 1100
1072 1139
1073 1110
1074 1253
1075 1118
1076 1345
1077 1436
1078 1105
1079 1162
1080 1120
1081 1128
1082 1623
1083 1131
1084 1355
1085 1125
1086 1267
1087 2174
1088 1140
1089 1122
1090 1199
1091 2182
1092 1127
1093 2186
1094 1641
1095 1168
1096 1233
1097 2194
1098 1159
1099 1256
1100 1144
1101 1468
1102 1147
1103 2206
1104 1134
1105 1155
1106 1185
1107 1148
1108 1385
1109 2218
1110 1150
1111 1212
1112 1251
1113 1166
1114 1671
1115 1338
1116 1178
1117 2234
1118 1161
1119 1492
1120 1152
1121 1180
1122 1156
1123 2246
1124 1405
1125 1173
1126 1689
1127 1170
1128 1175
1129 2258
1130 1243
1131 1160
1132 1415
1133 1236
1134 1176
1135 1362
1136 1207
1137 1516
1138 1707
1139 1206
1140 1184
1141 1304
1142 1713
1143 1270
1144 1183
1145 1374
1146 1337
1147 1197
1148 1189
1149 1532
1150 1188
1151 2302
1152 1190
1153 2306
1154 1731
1155 1209
1156 1196
1157 1246
1158 1351
1159 1220
1160 1218
1161 1204
1162 1245
1163 2326
1164 1261
1165 1398
1166 1219
1167 1556
1168 1241
1169 1336
1170 1200
1171 2342
1172 1465
1173 1215
1174 1761
1175 1222
1176 1210
1177 1284
1178 1216
1179 1310
1180 1239
1181 2362
1182 1379
1183 1235
1184 1221
1185 1264
1186 1779
1187 2374
1188 1225
1189 1230
1190 1224
1191 1588
1192 1341
1193 2386
1194 1393
1195 1434
1196 1242
1197 1240
1198 1797
1199 1308
1200 1232
1201 2402
1202 1803
1203 1604
1204 1247
1205 1446
1206 1273
1207 1278
1208 1359
1209 1250
1210 1248
1211 1384
1212 1313
1213 2426
1214 1821
1215 1254
1216 1265
1217 2434
1218 1276
1219 1272
1220 1281
1221 1258
1222 1269
1223 2446
1224 1275
1225 1260
1226 1839
1227 1636
1228 1535
1229 2458
1230 1271
1231 2462
1232 1280
1233 1370
1234 1851
1235 1274
1236 1339
1237 2474
1238 1857
1239 1298
1240 1302
1241 1314
1242 1287
1243 1356
1244 1555
1245 1328
1246 1335
1247 1290
1248 1288
1249 2498
1250 1300
1251 1390
1252 1565
1253 1432
1254 1292
1255 1506
1256 1413
1257 1676
1258 1295
1259 2518
1260 1296
1261 1358
1262 1893
1263 1684
1264 1343
1265 1309
1266 1477
1267 1448
1268 1585
1269 1316
1270 1397
1271 1312
1272 1325
1273 1340
1274 1323
1275 1326
1276 1305
1277 2554
1278 1349
1279 2558
1280 1311
1281 1342
1282 1923
1283 2566
1284 1391
1285 1542
1286 1929
1287 1320
1288 1334
1289 2578
1290 1333
1291 2582
1292 1330
1293 1724
1294 1941
1295 1332
1296 1344
1297 2594
1298 1357
1299 1732
1300 1350
1301 2602
1302 1364
1303 2606
1304 1467
1305 1352
1306 1959
1307 2614
1308 1417
1309 1360
1310 1441
1311 1363
1312 1353
1313 1414
1314 1387
1315 1578
1316 1380
1317 1756
1318 1977
1319 2638
1320 1375
1321 2642
1322 1983
1323 1365
1324 1655
1325 1378
1326 1369
1327 2654
1328 1411
1329 1772
1330 1368
1331 1331
1332 1377
1333 1376
1334 1392
1335 1424
1336 1503
1337 1528
1338 1561
1339 1442
1340 1407
1341 1490
1342 1403
1343 1422
1344 1372
1345 1614
1346 2019
1347 1796
1348 1685
1349 1420
1350 1394
1351 1544
1352 1386
1353 1406
1354 2031
1355 1626
1356 1469
1357 1416
1358 1455
1359 1510
1360 1395
1361 2722
1362 1589
1363 1410
1364 1400
1365 1404
1366 2049
1367 2734
1368 1419
1369 1425
1370 1507
1371 1828
1372 1408
1373 2746
1374 1603
1375 1421
1376 1430
1377 1428
1378 1431
1379 1576
1380 1426
1381 2762
1382 2073
1383 1844
1384 1557
1385 1662
1386 1435
1387 1460
1388 1735
1389 1852
1390 1529
1391 1498
1392 1440
1393 1592
1394 1444
1395 1449
1396 1745
1397 1524
1398 1631
1399 2798
1400 1445
1401 1868
1402 2103
1403 1464
1404 1452
1405 1686
1406 1443
1407 1474
1408 1456
1409 2818
1410 1457
1411 1494
1412 1765
1413 1570
1414 1515
1415 1698
1416 1475
1417 1526
1418 2127
1419 1462
1420 1491
1421 1450
1422 1501
1423 2846
1424 1513
1425 1458
1426 1488
1427 2854
1428 1472
1429 2858
1430 1463
1431 1484
1432 1611
1433 2866
1434 1673
1435 1476
1436 1795
1437 1916
1438 2157
1439 2878
1440 1470
1441 1572
1442 1545
1443 1480
1444 1479
1445 1482
1446 1687
1447 2894
1448 1629
1449 1495
1450 1496
1451 2902
1452 1485
1453 2906
1454 2181
1455 1552
1456 1500
1457 1504
1458 1505
1459 2918
1460 1533
1461 1948
1462 1508
1463 1512
1464 1525
1465 1758
1466 2199
1467 1630
1468 1835
1469 1582
1470 1519
1471 2942
1472 1517
1473 1964
1474 1541
1475 1534
1476 1521
1477 1688
1478 2217
1479 1518
1480 1554
1481 2962
1482 1520
1483 2966
1484 1537
1485 1539
1486 2229
1487 2974
1488 1536
1489 2978
1490 1639
1491 1562
1492 1865
1493 2986
1494 1577
1495 1530
1496 1540
1497 1996
1498 1605
1499 2998
1500 1550
1501 1580
1502 2253
1503 1670
1504 1551
1505 1548
1506 1757
1507 1644
1508 1566
1509 2012
1510 1661
1511 3022
1512 1547
1513 1602
1514 2271
1515 1616
1516 1895
1517 1558
1518 1564
1519 1560
1520 1568
1521 1573
1522 2283
1523 3046
1524 1651
1525 1586
1526 1635
1527 2036
1528 1719
1529 1668
1530 1575
1531 3062
1532 1915
1533 1606
1534 1593
1535 1842
1536 1581
1537 1590
1538 2307
1539 1596
1540 1584
1541 1608
1542 1799
1543 3086
1544 1737
1545 1648
1546 2319
1547 1591
1548 1599
1549 3098
1550 1587
1551 1598
1552 1649
1553 3106
1554 1628
1555 1866
1556 1945
1557 1730
1558 1610
1559 3118
1560 1600
1561 1784
1562 1633
1563 2084
1564 1612
1565 1878
1566 1595
1567 3134
1568 1624
1569 2092
1570 1727
1571 3142
1572 1703
1573 1615
1574 2361
1575 1620
1576 1773
1577 1660
1578 1841
1579 3158
1580 1659
1581 1625
1582 1695
1583 3166
1584 1617
1585 1902
1586 1647
1587 1632
1588 1985
1589 1816
1590 1643
1591 1634
1592 1791
1593 1652
1594 2391
1595 1640
1596 1638
1597 3194
1598 1645
1599 1650
1600 1664
1601 3202
1602 1691
1603 1832
1604 2005
1605 1712
1606 1679
1607 3214
1608 1675
1609 3218
1610 1656
1611 1790
1612 1674
1613 3226
1614 1883
1615 1653
1616 1717
1617 1666
1618 2427
1619 3238
1620 1672
1621 3242
1622 2433
1623 2164
1624 1677
1625 1665
1626 1897
1627 3254
1628 1682
1629 1810
1630 1793
1631 1864
1632 1680
1633 1704
1634 1681
1635 1744
1636 2045
1637 3274
1638 1690
1639 1788
1640 1694
1641 2188
1642 2463
1643 1696
1644 1781
1645 1692
1646 2469
1647 1708
1648 1751
1649 1746
1650 1683
1651 1778
1652 1711
1653 1700
1654 2481
1655 1986
1656 1702
1657 3314
1658 2487
1659 1738
1660 1743
1661 1812
1662 1939
1663 3326
1664 1701
1665 1725
1666 1715
1667 3334
1668 1807
1669 3338
1670 1837
1671 2228
1672 1710
1673 1912
1674 1705
1675 1742
1676 2095
1677 1720
1678 2517
1679 1752
1680 1716
1681 1722
1682 1740
1683 1729
1684 2105
1685 2022
1686 1967
1687 1928
1688 1899
1689 2252
1690 1734
1691 1780
1692 1739
1693 3386
1694 1748
1695 1808
1696 1749
1697 3394
1698 1981
1699 3398
1700 1750
1701 1755
1702 1776
1703 1834
1704 1775
1705 1736
1706 2559
1707 2276
1708 1769
1709 3418
1710 1767
1711 1770
1712 1819
1713 2284
1714 2571
1715 1764
1716 1760
1717 1818
1718 2577
1719 1910
1720 1763
1721 3442
1722 1804
1723 3446
1724 2155
1725 1771
1726 2589
1727 1884
1728 1728
1729 1768
1730 1903
1731 2308
1732 2165
1733 3466
1734 1786
1735 2082
1736 1782
1737 1930
1738 1817
1739 1792
1740 1798
1741 3482
1742 1809
1743 1826
1744 1853
1745 2094
1746 1843
1747 3494
1748 1805
1749 1802
1750 1785
1751 1854
1752 1825
1753 3506
1754 2631
1755 1794
1756 2195
1757 2008
1758 2051
1759 3518
1760 1800
1761 2348
1762 2643
1763 1806
1764 1813
1765 2118
1766 2649
1767 1827
1768 1815
1769 1830
1770 1829
1771 1820
1772 2215
1773 1970
1774 2661
1775 1846
1776 1824
1777 3554
1778 1905
1779 2372
1780 1869
1781 1918
1782 1845
1783 3566
1784 2007
1785 1836
1786 1833
1787 3574
1788 1937
1789 3578
1790 1969
1791 1990
1792 1840
1793 1956
1794 1848
1795 2154
1796 2245
1797 2396
1798 1860
1799 2056
1800 1850
1801 3602
1802 1855
1803 2404
1804 1856
1805 1849
1806 1862
1807 1946
1808 1921
1809 1876
1810 1991
1811 3622
1812 1963
1813 1859
1814 2721
1815 1863
1816 2043
1817 1896
1818 1919
1819 1926
1820 1872
1821 2428
1822 2733
1823 3646
1824 1870
1825 1898
1826 1909
1827 1875
1828 2285
1829 1888
1830 1891
1831 3662
1832 2061
1833 1880
1834 1965
1835 2202
1836 1881
1837 2004
1838 2757
1839 2452
1840 1885
1841 2104
1842 2149
1843 1940
1844 2305
1845 1886
1846 1917
1847 3694
1848 1890
1849 1892
1850 1887
1851 2468
1852 2315
1853 1962
1854 1957
1855 1908
1856 1914
1857 2476
1858 2787
1859 1900
1860 1922
1861 3722
1862 1911
1863 1927
1864 2097
1865 2238
1866 2177
1867 3734
1868 2335
1869 1958
1870 1904
1871 3742
1872 1920
1873 3746
1874 2811
1875 1925
1876 1943
1877 3754
1878 2191
1879 3758
1880 1932
1881 1936
1882 2823
1883 2152
1884 2041
1885 1935
1886 1968
1887 1924
1888 1947
1889 3778
1890 1944
1891 1952
1892 1938
1893 2524
1894 2841
1895 2274
1896 1975
1897 2168
1898 1971
1899 2110
1900 1953
1901 3802
1902 2219
1903 2076
1904 1955
1905 2032
1906 2859
1907 3814
1908 1961
1909 1992
1910 2101
1911 1950
1912 2151
1913 3826
1914 1972
1915 2298
1916 2395
1917 1988
1918 2055
1919 2020
1920 1960
1921 2034
1922 1974
1923 2564
1924 1998
1925 1980
1926 2033
1927 1976
1928 2169
1929 2572
1930 2123
1931 3862
1932 1995
1933 3866
1934 2901
1935 1978
1936 1984
1937 2086
1938 1989
1939 2216
1940 2037
1941 2588
1942 2913
1943 2010
1944 2001
1945 2334
1946 2085
1947 2006
1948 2435
1949 3898
1950 2000
1951 3902
1952 2013
1953 2002
1954 2931
1955 2014
1956 2119
1957 2060
1958 2047
1959 2612
1960 2016
1961 2015
1962 2071
1963 2114
1964 2455
1965 2096
1966 2949
1967 2248
1968 2009
1969 2148
1970 2167
1971 2044
1972 2021
1973 3946
1974 2024
1975 2054
1976 2023
1977 2636
1978 2064
1979 3958
1980 2025
1981 2264
1982 2973
1983 2644
1984 2028
1985 2382
1986 2317
1987 3974
1988 2059
1989 2030
1990 2189
1991 2172
1992 2075
1993 3986
1994 2991
1995 2052
1996 2495
1997 3994
1998 2035
1999 3998
2000 2040
2001 2058
2002 2046
2003 4006
2004 2171
2005 2406
2006 2065
2007 2230
2008 2259
2009 2050
2010 2077
2011 4022
2012 2515
2013 2074
2014 2067
2015 2057
2016 2048
2017 4034
2018 3027
2019 2692
2020 2121
2021 2068
2022 2359
2023 2072
2024 2070
2025 2079
2026 3039
2027 4054
2028 2080
2029 4058
2030 2088
2031 2708
2032 2159
2033 2140
2034 2147
2035 2093
2036 2545
2037 2134
2038 3057
2039 4078
2040 2090
2041 2198
2042 3063
2043 2270
2044 2117
2045 2454
2046 2108
2047 2136
2048 2091
2049 2732
2050 2112
2051 2344
2052 2100
2053 4106
2054 2133
2055 2192
2056 2313
2057 2125
2058 2106
2059 2130
2060 2163
2061 2290
2062 3093
2063 4126
2064 2107
2065 2124
2066 3099
2067 2120
2068 2115
2069 4138
2070 2116
2071 2180
2072 2109
2073 2764
2074 2135
2075 2158
2076 2249
2077 2144
2078 3117
2079 2128
2080 2132
2081 4162
2082 2429
2083 4166
2084 2605
2085 2224
2086 2235
2087 4174
2088 2146
2089 4178
2090 2139
2091 2150
2092 2615
2093 2142
2094 2443
2095 2514
2096 2227
2097 2330
2098 3147
2099 4198
2100 2145
2101 2292
2102 3153
2103 2804
2104 2367
2105 2526
2106 2160
2107 2162
2108 2156
2109 2175
2110 2321
2111 4222
2112 2166
2113 4226
2114 2265
2115 2176
2116 2170
2117 2190
2118 2471
2119 2282
2120 2173
2121 2222
2122 3183
2123 2316
2124 2183
2125 2178
2126 3189
2127 2836
2128 2200
2129 4258
2130 2201
2131 4262
2132 2214
2133 2212
2134 2231
2135 2196
2136 2225
2137 4274
2138 3207
2139 2185
2140 2247
2141 4282
2142 2187
2143 4286
2144 2211
2145 2184
2146 2220
2147 2260
2148 2327
2149 2456
2150 2193
2151 2390
2152 2421
2153 4306
2154 2513
2155 2586
2156 2205
2157 2876
2158 2241
2159 2286
2160 2204
2161 4322
2162 2209
2163 2266
2164 2705
2165 2598
2166 2208
2167 2364
2168 2439
2169 2410
2170 2232
2171 2338
2172 2353
2173 2226
2174 3261
2175 2233
2176 2210
2177 2488
2178 2223
2179 4358
2180 2289
2181 2908
2182 3273
2183 2242
2184 2240
2185 2236
2186 3279
2187 2250
2188 2735
2189 2388
2190 2263
2191 2504
2192 2329
2193 2244
2194 3291
2195 2634
2196 2257
2197 2197
2198 2355
2199 2932
2200 2255
2201 2272
2202 2569
2203 4406
2204 2256
2205 2254
2206 3309
2207 4414
2208 2261
2209 2262
2210 2268
2211 2278
2212 2291
2213 4426
2214 2275
2215 2658
2216 2493
2217 2956
2218 3327
2219 2536
2220 2294
2221 4442
2222 2323
2223 2279
2224 2363
2225 2314
2226 2295
2227 2358
2228 2785
2229 2972
2230 2453
2231 2328
2232 2318
2233 2277
2234 3351
2235 2384
2236 2322
2237 4474
2238 2611
2239 4478
2240 2280
2241 2324
2242 2301
2243 4486
2244 2288
2245 2694
2246 3369
2247 2354
2248 2529
2249 2422
2250 2296
2251 4502
2252 2815
2253 3004
2254 2300
2255 2303
2256 2325
2257 2331
2258 3387
2259 2510
2260 2373
2261 2312
2262 2320
2263 2336
2264 2547
2265 2416
2266 2369
2267 4534
2268 2299
2269 4538
2270 2497
2271 3028
2272 2343
2273 4546
2274 2653
2275 2310
2276 2845
2277 2304
2278 2345
2279 2332
2280 2346
2281 4562
2282 2445
2283 3044
2284 2855
2285 2742
2286 2413
2287 4574
2288 2340
2289 2398
2290 2519
2291 2370
2292 2483
2293 4586
2294 2337
2295 2349
2296 2350
2297 4594
2298 2681
2299 2356
2300 2365
2301 2360
2302 3453
2303 2352
2304 2368
2305 2766
2306 3459
2307 3076
2308 2885
2309 4618
2310 2366
2311 4622
2312 2380
2313 2570
2314 2403
2315 2778
2316 2509
2317 2648
2318 2379
2319 3092
2320 2375
2321 2532
2322 2376
2323 2424
2324 2407
2325 2378
2326 3489
2327 2506
2328 2425
2329 2466
2330 2563
2331 2385
2332 2387
2333 4666
2334 2723
2335 2802
2336 2409
2337 2392
2338 2505
2339 4678
2340 2394
2341 4682
2342 3513
2343 2414
2344 2637
2345 2412
2346 2400
2347 4694
2348 2935
2349 2419
2350 2397
2351 4702
2352 2401
2353 2534
2354 2461
2355 2512
2356 2405
2357 4714
2358 2489
2359 2696
2360 2436
2361 3148
2362 3543
2363 2502
2364 2561
2365 2408
2366 2415
2367 2630
2368 2420
2369 2472
2370 2449
2371 4742
2372 2965
2373 2486
2374 3561
2375 2432
2376 2418
2377 4754
2378 2460
2379 2440
2380 2431
2381 4762
2382 2779
2383 4766
2384 2533
2385 2438
2386 3579
2387 2442
2388 2587
2389 4778
2390 2629
2391 3188
2392 2450
2393 4786
2394 2444
2395 2874
2396 2995
2397 2451
2398 2507
2399 4798
2400 2430
2401 2457
2402 3603
2403 2492
2404 3005
2405 2448
2406 2807
2407 2490
2408 2465
2409 2482
2410 2651
2411 4822
2412 2479
2413 2540
2414 2485
2415 2484
2416 2567
2417 4834
2418 2480
2419 2478
2420 2464
2421 2690
2422 2595
2423 4846
2424 2525
2425 2522
2426 3639
2427 3236
2428 3035
2429 2776
2430 2475
2431 2491
2432 2470
2433 3244
2434 3651
2435 2922
2436 2494
2437 4874
2438 2499
2439 2710
2440 2501
2441 4882
2442 2516
2443 2792
2444 2538
2445 2608
2446 3669
2447 4894
2448 2496
2449 2528
2450 2500
2451 2508
2452 3065
2453 2676
2454 2863
2455 2946
2456 2763
2457 2511
2458 3687
2459 4918
2460 2542
2461 2568
2462 3693
2463 3284
2464 2520
2465 2523
2466 2603
2467 4934
2468 3085
2469 3292
2470 2527
2471 2824
2472 2575
2473 4946
2474 3711
2475 2530
2476 3095
2477 4954
2478 2537
2479 2546
2480 2541
2481 3308
2482 2555
2483 2674
2484 2535
2485 2556
2486 2599
2487 3316
2488 2799
2489 2620
2490 2573
2491 2544
2492 2581
2493 2770
2494 2580
2495 2994
2496 2548
2497 2724
2498 3747
2499 2550
2500 2552
2501 2562
2502 2641
2503 5006
2504 2817
2505 2672
2506 2685
2507 2616
2508 2565
2509 2702
2510 2761
2511 2583
2512 2669
2513 2872
2514 2933
2515 3018
2516 2553
2517 3356
2518 3777
2519 2748
2520 2560
2521 5042
2522 2619
2523 2574
2524 3155
2525 2626
2526 2947
2527 2584
2528 2607
2529 2810
2530 2576
2531 5062
2532 2743
2533 2682
2534 2715
2535 2590
2536 2853
2537 2596
2538 2585
2539 5078
2540 2667
2541 2592
2542 2604
2543 5086
2544 2597
2545 3054
2546 2613
2547 2830
2548 2600
2549 5098
2550 2601
2551 5102
2552 2610
2553 2618
2554 3831
2555 2628
2556 2627
2557 5114
2558 3837
2559 3412
2560 2624
2561 2758
2562 2623
2563 2796
2564 3205
2565 2622
2566 3849
2567 2718
2568 2675
2569 2936
2570 2827
2571 3428
2572 3215
2573 2656
2574 2632
2575 2678
2576 2625
2577 3436
2578 3867
2579 5158
2580 2666
2581 2670
2582 3873
2583 2635
2584 2645
2585 2639
2586 3017
2587 2786
2588 3235
2589 3452
2590 2664
2591 5182
2592 2640
2593 5186
2594 3891
2595 2768
2596 2655
2597 2650
2598 3031
2599 2712
2600 2646
2601 2652
2602 3903
2603 2740
2604 2662
2605 3126
2606 3909
2607 2686
2608 2771
2609 5218
2610 2668
2611 2984
2612 3265
2613 2680
2614 3921
2615 3138
2616 2725
2617 5234
2618 2665
2619 2716
2620 2751
2621 5242
2622 2660
2623 2684
2624 2673
2625 2688
2626 2727
2627 2698
2628 2701
2629 2868
2630 2893
2631 3508
2632 2679
2633 5266
2634 3073
2635 2697
2636 3295
2637 2930
2638 3957
2639 2691
2640 2695
2641 2780
2642 3963
2643 3524
2644 3305
2645 2703
2646 2700
2647 5294
2648 2979
2649 3532
2650 2704
2651 2892
2652 2720
2653 3032
2654 3981
2655 2714
2656 2739
2657 5314
2658 3101
2659 5318
2660 2717
2661 3548
2662 2706
2663 5326
2664 2738
2665 2726
2666 2709
2667 2794
2668 2728
2669 2826
2670 2759
2671 5342
2672 2839
2673 2750
2674 2865
2675 2782
2676 2899
2677 5354
2678 2781
2679 2754
2680 2747
2681 3064
2682 2831
2683 5366
2684 2745
2685 2864
2686 2765
2687 5374
2688 2730
2689 5378
2690 2959
2691 2737
2692 3365
2693 5386
2694 3143
2695 2736
2696 3033
2697 2755
2698 2769
2699 5398
2700 2752
2701 2774
2702 2895
2703 2756
2704 2760
2705 3246
2706 2788
2707 5414
2708 3385
2709 2773
2710 2981
2711 5422
2712 2825
2713 5426
2714 2775
2715 2896
2716 2813
2717 2772
2718 2869
2719 5438
2720 2784
2721 3628
2722 4083
2723 3112
2724 2951
2725 2834
2726 2820
2727 2828
2728 2790
2729 5458
2730 2795
2731 5462
2732 3415
2733 3644
2734 4101
2735 3282
2736 2793
2737 2783
2738 2808
2739 2822
2740 2877
2741 5482
2742 3199
2743 2954
2744 2744
2745 2806
2746 4119
2747 2814
2748 2977
2749 5498
2750 2800
