1 0
2 8
3 12
4 15
5 16
6 18
7 20
8 21
9 24
10 27
11 28
12 30
13 32
14 33
15 35
16 36
17 39
18 40
19 42
20 44
21 45
22 48
23 51
24 52
25 55
26 56
27 57
28 60
29 63
30 64
31 65
32 66
33 68
34 69
35 70
36 72
37 75
38 76
39 77
40 78
41 80
42 84
43 85
44 86
45 87
46 88
47 90
48 91
49 92
50 93
51 95
52 96
53 98
54 99
55 100
56 102
57 104
58 105
59 108
60 110
61 111
62 112
63 114
64 115
65 116
66 117
67 119
68 120
69 123
70 124
71 126
72 128
73 129
74 130
75 132
76 133
77 135
78 136
79 138
80 140
81 141
82 142
83 143
84 144
85 145
86 147
87 148
88 150
89 152
90 153
91 154
92 155
93 156
94 159
95 160
96 161
97 164
98 165
99 168
100 170
101 171
102 172
103 174
104 175
105 176
106 177
107 180
108 182
109 183
110 184
111 185
112 186
113 187
114 188
115 189
116 190
117 192
118 194
119 195
120 196
121 198
122 200
123 201
124 203
125 204
126 205
127 207
128 208
129 209
130 210
131 212
132 213
133 215
134 216
135 217
136 219
137 220
138 221
139 222
140 224
141 225
142 228
143 230
144 231
145 232
146 234
147 235
148 236
149 237
150 238
151 240
152 244
153 245
154 246
155 247
156 248
157 249
158 252
159 253
160 255
161 256
162 258
163 259
164 260
165 261
166 264
167 265
168 266
169 267
170 268
171 270
172 272
173 273
174 275
175 276
176 279
177 280
178 282
179 284
180 285
181 286
182 287
183 288
184 290
185 291
186 292
187 294
188 295
189 296
190 297
191 299
192 300
193 301
194 303
195 304
196 305
197 306
198 308
199 309
200 310
201 312
202 314
203 315
204 316
205 318
206 319
207 320
208 321
209 322
210 323
211 324
212 325
213 327
214 328
215 329
216 330
217 332
218 333
219 335
220 336
221 339
222 340
223 341
224 342
225 344
226 345
227 348
228 350
229 351
230 352
231 354
232 355
233 356
234 357
235 360
236 363
237 364
238 365
239 366
240 368
241 369
242 370
243 371
244 372
245 374
246 375
247 376
248 377
249 378
250 380
251 381
252 384
253 385
254 387
255 388
256 390
257 391
258 392
259 393
260 395
261 396
262 399
263 400
264 402
265 403
266 404
267 405
268 406
269 407
270 408
271 410
272 411
273 412
274 413
275 414
276 415
277 416
278 417
279 418
280 420
281 423
282 424
283 425
284 426
285 427
286 428
287 429
288 430
289 432
290 434
291 435
292 436
293 437
294 438
295 440
296 441
297 442
298 444
299 445
300 447
301 448
302 450
303 451
304 452
305 453
306 455
307 456
308 459
309 460
310 462
311 464
312 465
313 468
314 469
315 470
316 471
317 472
318 473
319 474
320 475
321 476
322 477
323 480
324 481
325 483
326 484
327 485
328 488
329 489
330 490
331 492
332 493
333 494
334 495
335 496
336 497
337 498
338 500
339 501
340 504
341 505
342 506
343 507
344 508
345 510
346 511
347 512
348 513
349 515
350 516
351 517
352 518
353 519
354 520
355 522
356 524
357 525
358 527
359 528
360 530
361 531
362 532
363 533
364 534
365 535
366 536
367 537
368 538
369 539
370 540
371 543
372 544
373 545
374 546
375 548
376 549
377 550
378 551
379 552
380 553
381 555
382 556
383 558
384 559
385 560
386 561
387 564
388 565
389 566
390 567
391 568
392 570
393 572
394 573
395 574
396 575
397 576
398 579
399 580
400 581
401 582
402 583
403 584
404 585
405 588
406 589
407 590
408 591
409 592
410 594
411 595
412 596
413 597
414 598
415 600
416 602
417 603
418 604
419 605
420 606
421 608
422 609
423 610
424 611
425 612
426 615
427 616
428 618
429 620
430 621
431 623
432 624
433 627
434 628
435 629
436 630
437 632
438 633
439 635
440 636
441 637
442 638
443 639
444 640
445 642
446 644
447 645
448 646
449 648
450 649
451 650
452 651
453 652
454 654
455 655
456 656
457 657
458 658
459 660
460 663
461 664
462 665
463 666
464 667
465 668
466 669
467 670
468 671
469 672
470 675
471 676
472 678
473 679
474 680
475 681
476 682
477 684
478 685
479 687
480 688
481 689
482 690
483 692
484 693
485 695
486 696
487 697
488 699
489 700
490 702
491 703
492 704
493 705
494 707
495 708
496 710
497 711
498 712
499 713
500 714
501 715
502 716
503 717
504 720
505 721
506 723
507 724
508 725
509 726
510 728
511 730
512 731
513 732
514 734
515 735
516 736
517 737
518 738
519 740
520 741
521 742
522 744
523 745
524 746
525 747
526 748
527 749
528 750
529 752
530 753
531 754
532 755
533 756
534 759
535 760
536 762
537 763
538 764
539 765
540 767
541 768
542 770
543 771
544 772
545 774
546 775
547 776
548 777
549 779
550 780
551 781
552 782
553 783
554 784
555 785
556 786
557 788
558 789
559 790
560 791
561 792
562 793
563 795
564 796
565 798
566 799
567 800
568 801
569 803
570 804
571 805
572 806
573 807
574 808
575 810
576 812
577 813
578 814
579 815
580 816
581 817
582 819
583 820
584 822
585 824
586 825
587 826
588 828
589 830
590 831
591 832
592 833
593 834
594 835
595 836
596 837
597 840
598 843
599 844
600 845
601 846
602 847
603 848
604 849
605 850
606 851
607 852
608 854
609 855
610 856
611 858
612 860
613 861
614 864
615 865
616 867
617 868
618 869
619 870
620 871
621 872
622 873
623 874
624 875
625 876
626 879
627 880
628 882
629 884
630 885
631 888
632 889
633 890
634 891
635 892
636 893
637 894
638 895
639 896
640 897
641 899
642 900
643 901
644 902
645 903
646 904
647 905
648 906
649 908
650 909
651 910
652 912
653 913
654 915
655 916
656 917
657 918
658 920
659 921
660 923
661 924
662 925
663 927
664 928
665 930
666 931
667 932
668 933
669 935
670 936
671 938
672 939
673 940
674 942
675 943
676 944
677 945
678 946
679 948
680 949
681 950
682 951
683 952
684 954
685 955
686 956
687 957
688 959
689 960
690 962
691 963
692 964
693 965
694 966
695 968
696 969
697 970
698 972
699 973
700 974
701 975
702 976
703 978
704 979
705 980
706 981
707 984
708 985
709 986
710 987
711 988
712 989
713 990
714 992
715 993
716 994
717 995
718 996
719 999
720 1000
721 1001
722 1002
723 1003
724 1004
725 1005
726 1007
727 1008
728 1010
729 1011
730 1012
731 1014
732 1015
733 1016
734 1017
735 1020
736 1022
737 1023
738 1024
739 1025
740 1026
741 1027
742 1028
743 1029
744 1030
745 1032
746 1034
747 1035
748 1036
749 1037
750 1038
751 1040
752 1041
753 1043
754 1044
755 1045
756 1047
757 1048
758 1050
759 1052
760 1053
761 1054
762 1055
763 1056
764 1057
765 1059
766 1060
767 1062
768 1064
769 1065
770 1066
771 1067
772 1068
773 1070
774 1071
775 1072
776 1073
777 1074
778 1075
779 1076
780 1077
781 1078
782 1079
783 1080
784 1081
785 1083
786 1084
787 1085
788 1086
789 1088
790 1089
791 1090
792 1092
793 1095
794 1096
795 1098
796 1099
797 1100
798 1101
799 1102
800 1104
801 1105
802 1106
803 1107
804 1108
805 1110
806 1111
807 1112
808 1113
809 1115
810 1116
811 1118
812 1119
813 1120
814 1121
815 1122
816 1124
817 1125
818 1127
819 1128
820 1130
821 1131
822 1132
823 1133
824 1134
825 1135
826 1136
827 1137
828 1139
829 1140
830 1141
831 1143
832 1144
833 1145
834 1146
835 1147
836 1148
837 1149
838 1150
839 1152
840 1155
841 1156
842 1157
843 1158
844 1159
845 1160
846 1161
847 1162
848 1164
849 1165
850 1166
851 1167
852 1168
853 1169
854 1170
855 1172
856 1173
857 1175
858 1176
859 1177
860 1178
861 1179
862 1180
863 1182
864 1183
865 1184
866 1185
867 1188
868 1189
869 1190
870 1191
871 1192
872 1194
873 1195
874 1196
875 1197
876 1199
877 1200
878 1203
879 1204
880 1205
881 1206
882 1207
883 1208
884 1209
885 1210
886 1211
887 1212
888 1215
889 1216
890 1218
891 1219
892 1220
893 1221
894 1222
895 1224
896 1225
897 1227
898 1228
899 1230
900 1232
901 1233
902 1235
903 1236
904 1239
905 1240
906 1241
907 1242
908 1243
909 1244
910 1245
911 1246
912 1247
913 1248
914 1251
915 1252
916 1253
917 1254
918 1255
919 1256
920 1257
921 1258
922 1260
923 1261
924 1263
925 1264
926 1265
927 1266
928 1267
929 1268
930 1269
931 1270
932 1271
933 1272
934 1273
935 1274
936 1275
937 1276
938 1278
939 1280
940 1281
941 1284
942 1285
943 1287
944 1288
945 1290
946 1292
947 1293
948 1295
949 1296
950 1298
951 1299
952 1300
953 1302
954 1304
955 1305
956 1308
957 1309
958 1310
959 1311
960 1312
961 1313
962 1314
963 1315
964 1316
965 1317
966 1320
967 1323
968 1324
969 1325
970 1326
971 1328
972 1329
973 1330
974 1332
975 1333
976 1334
977 1335
978 1336
979 1337
980 1338
981 1339
982 1340
983 1341
984 1342
985 1343
986 1344
987 1345
988 1347
989 1348
990 1349
991 1350
992 1351
993 1352
994 1353
995 1355
996 1356
997 1357
998 1358
999 1359
1000 1360
1001 1362
1002 1363
1003 1364
1004 1365
1005 1368
1006 1370
1007 1371
1008 1372
1009 1374
1010 1375
1011 1376
1012 1377
1013 1378
1014 1379
1015 1380
1016 1383
1017 1384
1018 1385
1019 1386
1020 1387
1021 1388
1022 1389
1023 1390
1024 1391
1025 1392
1026 1393
1027 1394
1028 1395
1029 1396
1030 1397
1031 1398
1032 1400
1033 1401
1034 1403
1035 1404
1036 1405
1037 1406
1038 1407
1039 1408
1040 1410
1041 1411
1042 1412
1043 1413
1044 1414
1045 1415
1046 1416
1047 1417
1048 1419
1049 1420
1050 1421
1051 1422
1052 1424
1053 1425
1054 1426
1055 1428
1056 1430
1057 1431
1058 1432
1059 1434
1060 1435
1061 1436
1062 1437
1063 1440
1064 1441
1065 1442
1066 1443
1067 1444
1068 1445
1069 1446
1070 1448
1071 1449
1072 1450
1073 1452
1074 1455
1075 1456
1076 1457
1077 1458
1078 1460
1079 1461
1080 1462
1081 1463
1082 1464
1083 1465
1084 1467
1085 1468
1086 1469
1087 1470
1088 1472
1089 1473
1090 1474
1091 1475
1092 1476
1093 1477
1094 1479
1095 1480
1096 1482
1097 1484
1098 1485
1099 1488
1100 1490
1101 1491
1102 1492
1103 1494
1104 1495
1105 1496
1106 1497
1107 1498
1108 1500
1109 1501
1110 1503
1111 1504
1112 1505
1113 1506
1114 1507
1115 1508
1116 1509
1117 1510
1118 1512
1119 1513
1120 1515
1121 1516
1122 1517
1123 1518
1124 1519
1125 1520
1126 1521
1127 1524
1128 1525
1129 1526
1130 1527
1131 1528
1132 1529
1133 1530
1134 1532
1135 1533
1136 1534
1137 1535
1138 1536
1139 1537
1140 1539
1141 1540
1142 1541
1143 1542
1144 1544
1145 1545
1146 1547
1147 1548
1148 1550
1149 1551
1150 1552
1151 1554
1152 1555
1153 1556
1154 1557
1155 1558
1156 1560
1157 1561
1158 1562
1159 1563
1160 1564
1161 1565
1162 1566
1163 1568
1164 1569
1165 1570
1166 1572
1167 1573
1168 1575
1169 1576
1170 1577
1171 1578
1172 1580
1173 1581
1174 1582
1175 1584
1176 1585
1177 1586
1178 1587
1179 1588
1180 1589
1181 1590
1182 1591
1183 1592
1184 1593
1185 1595
1186 1596
1187 1598
1188 1599
1189 1600
1190 1602
1191 1603
1192 1604
1193 1605
1194 1606
1195 1608
1196 1610
1197 1611
1198 1612
1199 1614
1200 1615
1201 1616
1202 1617
1203 1620
1204 1623
1205 1624
1206 1625
1207 1626
1208 1628
1209 1629
1210 1630
1211 1631
1212 1632
1213 1633
1214 1634
1215 1635
1216 1636
1217 1638
1218 1639
1219 1640
1220 1641
1221 1643
1222 1644
1223 1645
1224 1647
1225 1648
1226 1649
1227 1650
1228 1651
1229 1652
1230 1653
1231 1655
1232 1656
1233 1659
1234 1660
1235 1661
1236 1662
1237 1664
1238 1665
1239 1666
1240 1668
1241 1670
1242 1671
1243 1672
1244 1673
1245 1674
1246 1675
1247 1676
1248 1677
1249 1679
1250 1680
1251 1683
1252 1684
1253 1685
1254 1686
1255 1687
1256 1688
1257 1689
1258 1690
1259 1691
1260 1692
1261 1694
1262 1695
1263 1696
1264 1698
1265 1700
1266 1701
1267 1702
1268 1703
1269 1704
1270 1705
1271 1707
1272 1708
1273 1710
1274 1711
1275 1712
1276 1713
1277 1715
1278 1716
1279 1717
1280 1719
1281 1720
1282 1722
1283 1724
1284 1725
1285 1727
1286 1728
1287 1729
1288 1730
1289 1731
1290 1732
1291 1734
1292 1735
1293 1736
1294 1737
1295 1738
1296 1739
1297 1740
1298 1742
1299 1743
1300 1744
1301 1745
1302 1746
1303 1748
1304 1749
1305 1750
1306 1751
1307 1752
1308 1755
1309 1756
1310 1757
1311 1758
1312 1760
1313 1761
1314 1763
1315 1764
1316 1765
1317 1767
1318 1768
1319 1769
1320 1770
1321 1771
1322 1772
1323 1773
1324 1775
1325 1776
1326 1778
1327 1779
1328 1780
1329 1781
1330 1782
1331 1784
1332 1785
1333 1786
1334 1788
1335 1790
1336 1791
1337 1792
1338 1793
1339 1794
1340 1795
1341 1796
1342 1797
1343 1798
1344 1799
1345 1800
1346 1802
1347 1803
1348 1804
1349 1805
1350 1806
1351 1807
1352 1808
1353 1809
1354 1810
1355 1812
1356 1813
1357 1815
1358 1816
1359 1817
1360 1818
1361 1819
1362 1820
1363 1821
1364 1824
1365 1825
1366 1826
1367 1827
1368 1828
1369 1829
1370 1830
1371 1832
1372 1833
1373 1834
1374 1835
1375 1836
1376 1837
1377 1839
1378 1840
1379 1841
1380 1842
1381 1843
1382 1844
1383 1845
1384 1846
1385 1848
1386 1850
1387 1851
1388 1852
1389 1853
1390 1854
1391 1855
1392 1856
1393 1857
1394 1859
1395 1860
1396 1862
1397 1863
1398 1864
1399 1865
1400 1866
1401 1868
1402 1869
1403 1870
1404 1872
1405 1875
1406 1876
1407 1878
1408 1880
1409 1881
1410 1883
1411 1884
1412 1885
1413 1886
1414 1887
1415 1888
1416 1890
1417 1891
1418 1892
1419 1893
1420 1895
1421 1896
1422 1897
1423 1898
1424 1899
1425 1900
1426 1902
1427 1903
1428 1904
1429 1905
1430 1908
1431 1909
1432 1910
1433 1911
1434 1912
1435 1914
1436 1915
1437 1916
1438 1917
1439 1918
1440 1919
1441 1920
1442 1921
1443 1923
1444 1924
1445 1925
1446 1926
1447 1927
1448 1928
1449 1929
1450 1930
1451 1932
1452 1935
1453 1936
1454 1937
1455 1938
1456 1939
1457 1940
1458 1941
1459 1943
1460 1944
1461 1945
1462 1946
1463 1947
1464 1948
1465 1950
1466 1952
1467 1953
1468 1955
1469 1956
1470 1957
1471 1958
1472 1959
1473 1960
1474 1961
1475 1962
1476 1963
1477 1964
1478 1965
1479 1967
1480 1968
1481 1969
1482 1970
1483 1971
1484 1972
1485 1974
1486 1975
1487 1976
1488 1977
1489 1978
1490 1980
1491 1981
1492 1983
1493 1984
1494 1985
1495 1986
1496 1988
1497 1989
1498 1990
1499 1991
1500 1992
1501 1995
1502 1996
1503 1998
1504 2000
1505 2001
1506 2002
1507 2004
1508 2005
1509 2006
1510 2007
1511 2008
1512 2009
1513 2010
1514 2012
1515 2013
1516 2014
1517 2015
1518 2016
1519 2019
1520 2020
1521 2021
1522 2022
1523 2023
1524 2024
1525 2025
1526 2028
1527 2030
1528 2031
1529 2032
1530 2033
1531 2034
1532 2035
1533 2036
1534 2037
1535 2040
1536 2041
1537 2043
1538 2044
1539 2045
1540 2046
1541 2047
1542 2048
1543 2049
1544 2050
1545 2051
1546 2052
1547 2054
1548 2055
1549 2056
1550 2057
1551 2058
1552 2059
1553 2060
1554 2061
1555 2064
1556 2065
1557 2067
1558 2068
1559 2070
1560 2071
1561 2072
1562 2073
1563 2074
1564 2075
1565 2076
1566 2077
1567 2079
1568 2080
1569 2082
1570 2084
1571 2085
1572 2086
1573 2088
1574 2090
1575 2091
1576 2092
1577 2093
1578 2094
1579 2095
1580 2096
1581 2097
1582 2100
1583 2101
1584 2103
1585 2104
1586 2105
1587 2106
1588 2107
1589 2108
1590 2109
1591 2110
1592 2112
1593 2114
1594 2115
1595 2116
1596 2117
1597 2118
1598 2119
1599 2120
1600 2121
1601 2123
1602 2124
1603 2125
1604 2127
1605 2128
1606 2130
1607 2132
1608 2133
1609 2134
1610 2135
1611 2136
1612 2139
1613 2140
1614 2142
1615 2144
1616 2145
1617 2146
1618 2147
1619 2148
1620 2149
1621 2150
1622 2151
1623 2152
1624 2154
1625 2155
1626 2156
1627 2157
1628 2158
1629 2159
1630 2160
1631 2162
1632 2163
1633 2164
1634 2165
1635 2166
1636 2167
1637 2168
1638 2169
1639 2170
1640 2171
1641 2172
1642 2173
1643 2175
1644 2176
1645 2177
1646 2178
1647 2180
1648 2181
1649 2183
1650 2184
1651 2185
1652 2188
1653 2189
1654 2190
1655 2191
1656 2192
1657 2193
1658 2195
1659 2196
1660 2198
1661 2199
1662 2200
1663 2201
1664 2202
1665 2204
1666 2205
1667 2208
1668 2210
1669 2211
1670 2212
1671 2214
1672 2215
1673 2216
1674 2217
1675 2219
1676 2220
1677 2222
1678 2223
1679 2224
1680 2225
1681 2226
1682 2227
1683 2228
1684 2229
1685 2230
1686 2231
1687 2232
1688 2233
1689 2235
1690 2236
1691 2238
1692 2240
1693 2241
1694 2242
1695 2244
1696 2245
1697 2247
1698 2248
1699 2249
1700 2250
1701 2252
1702 2253
1703 2254
1704 2255
1705 2256
1706 2257
1707 2258
1708 2259
1709 2260
1710 2261
1711 2262
1712 2263
1713 2264
1714 2265
1715 2266
1716 2268
1717 2270
1718 2271
1719 2272
1720 2274
1721 2275
1722 2276
1723 2277
1724 2278
1725 2279
1726 2280
1727 2282
1728 2283
1729 2284
1730 2285
1731 2286
1732 2288
1733 2289
1734 2290
1735 2291
1736 2292
1737 2294
1738 2295
1739 2296
1740 2298
1741 2299
1742 2300
1743 2301
1744 2303
1745 2304
1746 2305
1747 2307
1748 2308
1749 2310
1750 2312
1751 2313
1752 2314
1753 2315
1754 2316
1755 2317
1756 2318
1757 2319
1758 2320
1759 2321
1760 2322
1761 2323
1762 2324
1763 2325
1764 2327
1765 2328
1766 2329
1767 2330
1768 2331
1769 2332
1770 2334
1771 2335
1772 2336
1773 2337
1774 2338
1775 2340
1776 2343
1777 2344
1778 2345
1779 2346
1780 2348
1781 2349
1782 2350
1783 2352
1784 2353
1785 2354
1786 2355
1787 2356
1788 2358
1789 2359
1790 2360
1791 2361
1792 2363
1793 2364
1794 2365
1795 2366
1796 2367
1797 2368
1798 2369
1799 2370
1800 2372
1801 2373
1802 2375
1803 2376
1804 2378
1805 2379
1806 2380
1807 2382
1808 2384
1809 2385
1810 2387
1811 2388
1812 2390
1813 2391
1814 2392
1815 2394
1816 2395
1817 2396
1818 2397
1819 2398
1820 2400
1821 2402
1822 2403
1823 2404
1824 2405
1825 2406
1826 2407
1827 2408
1828 2409
1829 2410
1830 2412
1831 2413
1832 2414
1833 2415
1834 2416
1835 2418
1836 2419
1837 2420
1838 2421
1839 2422
1840 2424
1841 2425
1842 2426
1843 2427
1844 2428
1845 2429
1846 2430
1847 2431
1848 2432
1849 2433
1850 2435
1851 2436
1852 2438
1853 2439
1854 2440
1855 2442
1856 2443
1857 2444
1858 2445
1859 2448
1860 2449
1861 2450
1862 2451
1863 2452
1864 2453
1865 2454
1866 2455
1867 2456
1868 2457
1869 2460
1870 2461
1871 2463
1872 2464
1873 2465
1874 2466
1875 2468
1876 2469
1877 2470
1878 2471
1879 2472
1880 2475
1881 2476
1882 2478
1883 2479
1884 2480
1885 2481
1886 2482
1887 2483
1888 2484
1889 2485
1890 2486
1891 2487
1892 2488
1893 2489
1894 2490
1895 2491
1896 2492
1897 2493
1898 2494
1899 2495
1900 2496
1901 2497
1902 2499
1903 2500
1904 2501
1905 2502
1906 2504
1907 2505
1908 2506
1909 2507
1910 2508
1911 2509
1912 2510
1913 2511
1914 2512
1915 2513
1916 2514
1917 2515
1918 2516
1919 2517
1920 2519
1921 2520
1922 2522
1923 2523
1924 2524
1925 2525
1926 2526
1927 2527
1928 2528
1929 2529
1930 2530
1931 2532
1932 2533
1933 2534
1934 2535
1935 2536
1936 2537
1937 2538
1938 2540
1939 2541
1940 2542
1941 2544
1942 2545
1943 2546
1944 2547
1945 2548
1946 2550
1947 2552
1948 2553
1949 2555
1950 2556
1951 2559
1952 2560
1953 2561
1954 2562
1955 2563
1956 2564
1957 2565
1958 2567
1959 2568
1960 2569
1961 2570
1962 2571
1963 2572
1964 2573
1965 2574
1966 2575
1967 2576
1968 2577
1969 2578
1970 2580
1971 2581
1972 2583
1973 2584
1974 2585
1975 2586
1976 2587
1977 2588
1978 2589
1979 2590
1980 2592
1981 2595
1982 2596
1983 2597
1984 2598
1985 2599
1986 2600
1987 2601
1988 2603
1989 2604
1990 2605
1991 2607
1992 2608
1993 2610
1994 2611
1995 2612
1996 2613
1997 2615
1998 2616
1999 2618
2000 2619
