1 0
2 1
3 1
4 1
5 3
6 1
7 2
8 1
9 5
10 2
11 2
12 2
13 5
14 3
15 4
16 3
17 4
18 3
19 8
20 4
21 4
22 3
23 5
24 3
25 7
26 3
27 9
28 4
29 4
30 3
31 8
32 6
33 6
34 8
35 6
36 11
37 4
38 4
39 8
40 8
41 5
42 9
43 7
44 7
45 7
46 5
47 6
48 5
49 6
50 8
51 8
52 12
53 9
54 7
55 8
56 5
57 7
58 5
59 7
60 8
61 12
62 9
63 13
64 5
65 15
66 8
67 6
68 5
69 10
70 9
71 6
72 12
73 8
74 13
75 11
76 8
77 12
78 14
79 6
80 6
81 10
82 10
83 6
84 16
85 8
86 12
87 11
88 15
89 11
90 13
91 8
92 7
93 8
94 7
95 8
96 11
97 7
98 14
99 13
100 13
101 15
102 10
103 16
104 10
105 11
106 7
107 9
108 7
109 9
110 11
111 13
112 13
113 19
114 6
115 18
116 10
117 18
118 11
119 19
120 13
121 8
122 7
123 12
124 11
125 8
126 11
127 11
128 11
129 17
130 16
131 13
132 14
133 14
134 12
135 19
136 16
137 8
138 8
139 12
140 12
141 8
142 16
143 11
144 13
145 19
146 17
147 13
148 19
149 16
150 16
151 18
152 14
153 12
154 9
155 10
156 9
157 10
158 13
159 10
160 13
161 20
162 11
163 19
164 18
165 16
166 20
167 14
168 20
169 17
170 16
171 13
172 9
173 11
174 9
175 11
176 13
177 15
178 13
179 23
180 8
181 26
182 12
183 20
184 19
185 19
186 16
187 18
188 15
189 23
190 17
191 10
192 9
193 14
194 13
195 10
196 13
197 14
198 10
199 18
200 19
201 19
202 22
203 16
204 23
205 14
206 25
207 17
208 17
209 23
210 20
211 10
212 10
213 14
214 14
215 10
216 18
217 14
218 16
219 17
220 23
221 18
222 22
223 16
224 24
225 14
226 28
227 12
228 26
229 17
230 23
231 12
232 11
233 12
234 11
235 12
236 15
237 12
238 15
239 18
240 12
241 17
242 21
243 20
244 24
245 21
246 25
247 16
248 25
249 23
250 21
251 27
252 16
253 20
254 11
255 13
256 11
257 13
258 15
259 17
260 15
261 23
262 12
263 26
264 19
265 23
266 20
267 28
268 18
269 22
270 23
271 23
272 18
273 24
274 16
275 26
276 24
277 12
278 11
279 16
280 15
281 12
282 15
283 16
284 13
285 18
286 18
287 17
288 24
289 20
290 28
291 21
292 26
293 16
294 26
295 23
296 27
297 19
298 23
299 24
300 28
301 12
302 12
303 16
304 16
305 12
306 20
307 16
308 18
309 18
310 26
311 17
312 31
313 17
314 27
315 19
316 27
317 22
318 28
319 20
320 28
321 18
322 30
323 21
324 27
325 16
326 13
327 14
328 13
329 14
330 17
331 14
332 17
333 20
334 15
335 17
336 20
337 19
338 26
339 26
340 28
341 23
342 24
343 21
344 28
345 25
346 27
347 25
348 27
349 30
350 22
351 21
352 13
353 15
354 13
355 15
356 17
357 19
358 17
359 25
360 15
361 27
362 19
363 27
364 22
365 32
366 21
367 31
368 20
369 34
370 21
371 27
372 24
373 30
374 22
375 28
376 19
377 33
378 25
379 14
380 13
381 18
382 17
383 14
384 17
385 18
386 15
387 20
388 17
389 21
390 24
391 19
392 27
393 26
394 31
395 29
396 26
397 27
398 26
399 27
400 28
401 29
402 28
403 24
404 22
405 31
406 30
407 14
408 14
409 18
410 18
411 14
412 22
413 18
414 20
415 20
416 26
417 21
418 31
419 20
420 32
421 23
422 33
423 25
424 29
425 25
426 29
427 24
428 36
429 21
430 33
431 22
432 32
433 30
434 28
435 20
436 15
437 16
438 15
439 16
440 19
441 16
442 19
443 22
444 17
445 20
446 19
447 22
448 28
449 25
450 29
451 29
452 33
453 35
454 24
455 28
456 30
457 31
458 30
459 29
460 30
461 25
462 32
463 33
464 26
465 25
466 15
467 17
468 15
469 17
470 19
471 21
472 19
473 27
474 17
475 29
476 19
477 29
478 25
479 37
480 22
481 38
482 21
483 39
484 18
485 38
486 27
487 35
488 25
489 33
490 26
491 36
492 25
493 33
494 19
495 41
496 25
497 16
498 15
499 20
500 19
501 16
502 19
503 20
504 17
505 22
506 19
507 24
508 24
509 18
510 28
511 29
512 31
513 29
514 31
515 35
516 31
517 28
518 35
519 39
520 29
521 31
522 32
523 31
524 32
525 31
526 24
527 37
528 32
529 16
530 16
531 20
532 20
533 16
534 24
535 20
536 22
537 22
538 28
539 24
540 34
541 17
542 35
543 28
544 34
545 28
546 34
547 31
548 37
549 25
550 37
551 27
552 35
553 27
554 39
555 25
556 35
557 28
558 36
559 34
560 32
561 24
562 17
563 18
564 17
565 18
566 21
567 18
568 21
569 24
570 19
571 22
572 21
573 20
574 28
575 24
576 32
577 31
578 29
579 34
580 35
581 39
582 35
583 32
584 33
585 40
586 31
587 39
588 34
589 30
590 36
591 32
592 38
593 35
594 32
595 27
596 17
597 19
598 17
599 19
600 21
601 23
602 21
603 29
604 19
605 31
606 21
607 29
608 28
609 36
610 27
611 39
612 26
613 44
614 25
615 43
616 25
617 41
618 22
619 42
620 30
621 44
622 26
623 34
624 33
625 37
626 32
627 34
628 27
629 41
630 33
631 18
632 17
633 22
634 21
635 18
636 21
637 22
638 19
639 24
640 21
641 26
642 27
643 18
644 28
645 24
646 34
647 33
648 32
649 38
650 38
651 35
652 35
653 32
654 38
655 36
656 38
657 39
658 40
659 26
660 45
661 32
662 46
663 27
664 35
665 35
666 42
667 18
668 18
669 22
670 22
671 18
672 26
673 22
674 24
675 24
676 30
677 26
678 36
679 18
680 40
681 24
682 40
683 28
684 44
685 30
686 40
687 28
688 44
689 30
690 46
691 22
692 50
693 23
694 47
695 22
696 50
697 20
698 52
699 17
700 51
701 29
702 45
703 20
704 19
705 20
706 19
707 20
708 23
709 20
710 23
711 26
712 21
713 24
714 23
715 22
716 31
717 23
718 30
719 27
720 36
721 36
722 32
723 36
724 40
725 38
726 39
727 33
728 42
729 39
730 36
731 39
732 38
733 34
734 47
735 32
736 42
737 35
738 41
739 42
740 36
741 30
742 19
743 21
744 19
745 21
746 23
747 25
748 23
749 31
750 21
751 33
752 23
753 31
754 31
755 37
756 29
757 41
758 27
759 43
760 30
761 46
762 30
763 48
764 31
765 45
766 29
767 45
768 29
769 47
770 30
771 48
772 29
773 41
774 32
775 48
776 29
777 45
778 23
779 51
780 32
781 20
782 19
783 24
784 23
785 20
786 23
787 24
788 21
789 26
790 23
791 28
792 29
793 20
794 27
795 27
796 29
797 31
798 37
799 40
800 38
801 36
802 44
803 44
804 41
805 33
806 37
807 47
808 36
809 43
810 42
811 40
812 42
813 36
814 44
815 41
816 42
817 36
818 36
819 40
820 47
821 20
822 20
823 24
824 24
825 20
826 28
827 24
828 26
829 26
830 32
831 28
832 38
833 20
834 40
835 27
836 39
837 33
838 41
839 36
840 50
841 28
842 48
843 34
844 46
845 29
846 45
847 39
848 47
849 34
850 48
851 28
852 46
853 31
854 51
855 31
856 47
857 31
858 47
859 39
860 41
861 31
862 21
863 22
864 21
865 22
866 25
867 22
868 25
869 28
870 23
871 26
872 25
873 24
874 33
875 26
876 29
877 34
878 29
879 36
880 39
881 39
882 44
883 34
884 46
885 41
886 43
887 38
888 39
889 52
890 42
891 45
892 46
893 33
894 42
895 43
896 44
897 40
898 44
899 37
900 46
901 45
902 37
903 36
904 21
905 23
906 21
907 23
908 25
909 27
910 25
911 33
912 23
913 35
914 25
915 33
916 33
917 39
918 29
919 45
920 26
921 50
922 28
923 48
924 41
925 41
926 38
927 48
928 38
929 48
930 34
931 48
932 37
933 47
934 39
935 41
936 37
937 53
938 32
939 44
940 39
941 49
942 36
943 48
944 29
945 53
946 40
947 22
948 21
949 26
950 25
951 22
952 25
953 26
954 23
955 28
956 25
957 30
958 31
959 22
960 29
961 30
962 28
963 32
964 35
965 36
966 43
967 39
968 44
969 36
970 53
971 41
972 45
973 40
974 48
975 46
976 41
977 49
978 48
979 39
980 44
981 47
982 48
983 40
984 48
985 39
986 48
987 39
988 37
989 46
990 50
991 22
992 22
993 26
994 26
995 22
996 30
997 26
998 28
999 28
1000 34
1001 30
1002 40
1003 22
1004 42
1005 30
1006 42
1007 31
1008 47
1009 35
1010 45
1011 36
1012 54
1013 35
1014 53
1015 34
1016 52
1017 37
1018 53
1019 32
1020 50
1021 43
1022 51
1023 36
1024 46
1025 40
1026 52
1027 34
1028 54
1029 32
1030 52
1031 33
1032 55
1033 42
1034 50
1035 28
1036 23
1037 24
1038 23
1039 24
1040 27
1041 24
1042 27
1043 30
1044 25
1045 28
1046 27
1047 26
1048 35
1049 28
1050 31
1051 32
1052 30
1053 33
1054 35
1055 38
1056 43
1057 43
1058 44
1059 44
1060 53
1061 45
1062 43
1063 39
1064 50
1065 47
1066 43
1067 59
1068 44
1069 48
1070 44
1071 44
1072 48
1073 47
1074 52
1075 42
1076 46
1077 43
1078 47
1079 50
1080 42
1081 38
1082 23
1083 25
1084 23
1085 25
1086 27
1087 29
1088 27
1089 35
1090 25
1091 37
1092 27
1093 35
1094 35
1095 41
1096 31
1097 45
1098 30
1099 50
1100 33
1101 51
1102 34
1103 52
1104 41
1105 53
1106 38
1107 52
1108 40
1109 50
1110 44
1111 48
1112 44
1113 52
1114 36
1115 50
1116 40
1117 46
1118 50
1119 48
1120 45
1121 43
1122 46
1123 48
1124 47
1125 45
1126 40
1127 50
1128 52
1129 24
1130 23
1131 28
1132 27
1133 24
1134 27
1135 28
1136 25
1137 30
1138 27
1139 32
1140 33
1141 24
1142 31
1143 32
1144 31
1145 32
1146 34
1147 35
1148 37
1149 36
1150 47
1151 49
1152 44
1153 42
1154 51
1155 51
1156 50
1157 35
1158 52
1159 49
1160 51
1161 55
1162 43
1163 50
1164 53
1165 46
1166 53
1167 51
1168 46
1169 46
1170 53
1171 47
1172 45
1173 46
1174 41
1175 52
1176 52
1177 24
1178 24
1179 28
1180 28
1181 24
1182 32
1183 28
1184 30
1185 30
1186 36
1187 32
1188 42
1189 24
1190 44
1191 32
1192 44
1193 32
1194 50
1195 35
1196 51
1197 36
1198 54
1199 38
1200 56
1201 37
1202 57
1203 42
1204 62
1205 29
1206 61
1207 35
1208 61
1209 38
1210 54
1211 43
1212 57
1213 37
1214 59
1215 36
1216 52
1217 43
1218 59
1219 36
1220 56
1221 38
1222 60
1223 43
1224 55
1225 32
1226 25
1227 26
1228 25
1229 26
1230 29
1231 26
1232 29
1233 32
1234 27
1235 30
1236 29
1237 28
1238 37
1239 30
1240 33
1241 34
1242 33
1243 33
1244 34
1245 39
1246 41
1247 38
1248 45
1249 52
1250 48
1251 48
1252 49
1253 52
1254 54
1255 39
1256 54
1257 51
1258 51
1259 56
1260 51
1261 52
1262 53
1263 51
1264 55
1265 50
1266 48
1267 52
1268 57
1269 44
1270 51
1271 45
1272 51
1273 56
1274 46
1275 41
1276 25
1277 27
1278 25
1279 27
1280 29
1281 31
1282 29
1283 37
1284 27
1285 39
1286 29
1287 37
1288 37
1289 43
1290 33
1291 47
1292 33
1293 51
1294 33
1295 55
1296 37
1297 55
1298 35
1299 59
1300 42
1301 64
1302 34
1303 58
1304 46
1305 56
1306 44
1307 54
1308 45
1309 59
1310 43
1311 55
1312 34
1313 64
1314 43
1315 55
1316 40
1317 64
1318 40
1319 52
1320 49
1321 57
1322 44
1323 56
1324 37
1325 61
1326 49
1327 26
1328 25
1329 30
1330 29
1331 26
1332 29
1333 30
1334 27
1335 32
1336 29
1337 34
1338 35
1339 26
1340 33
1341 34
1342 33
1343 34
1344 33
1345 39
1346 36
1347 37
1348 42
1349 42
1350 47
1351 50
1352 53
1353 50
1354 56
1355 50
1356 54
1357 41
1358 62
1359 51
1360 51
1361 60
1362 61
1363 46
1364 48
1365 51
1366 56
1367 52
1368 59
1369 48
1370 58
1371 42
1372 57
1373 45
1374 56
1375 44
1376 48
1377 51
1378 62
1379 26
1380 26
1381 30
1382 30
1383 26
1384 34
1385 30
1386 32
1387 32
1388 38
1389 34
1390 44
1391 26
1392 46
1393 34
1394 46
1395 34
1396 50
1397 39
1398 51
1399 38
1400 58
1401 41
1402 55
1403 40
1404 62
1405 45
1406 63
1407 38
1408 64
1409 41
1410 65
1411 37
1412 61
1413 48
1414 62
1415 36
1416 58
1417 49
1418 61
1419 43
1420 57
1421 43
1422 61
1423 42
1424 62
1425 41
1426 63
1427 42
1428 60
1429 52
1430 56
1431 36
1432 27
1433 28
1434 27
1435 28
1436 31
1437 28
1438 31
1439 34
1440 29
1441 32
1442 31
1443 30
1444 39
1445 32
1446 35
1447 36
1448 35
1449 36
1450 33
1451 42
1452 42
1453 38
1454 44
1455 42
1456 53
1457 52
1458 53
1459 44
1460 62
1461 52
1462 56
1463 44
1464 64
1465 52
1466 57
1467 53
1468 65
1469 43
1470 58
1471 56
1472 58
1473 54
1474 61
1475 43
1476 62
1477 47
1478 59
1479 43
1480 58
1481 45
1482 60
1483 55
1484 54
1485 41
1486 27
1487 29
1488 27
1489 29
1490 31
1491 33
1492 31
1493 39
1494 29
1495 41
1496 31
1497 39
1498 39
1499 45
1500 35
1501 49
1502 35
1503 53
1504 33
1505 57
1506 39
1507 57
1508 38
1509 62
1510 42
1511 62
1512 45
1513 61
1514 49
1515 61
1516 46
1517 62
1518 45
1519 61
1520 46
1521 62
1522 48
1523 60
1524 47
1525 63
1526 39
1527 67
1528 40
1529 66
1530 48
1531 62
1532 44
1533 58
1534 54
1535 60
1536 49
1537 57
1538 41
1539 65
1540 53
1541 28
1542 27
1543 32
1544 31
1545 28
1546 31
1547 32
1548 29
1549 34
1550 31
1551 36
1552 37
1553 28
1554 35
1555 36
1556 35
1557 36
1558 35
1559 42
1560 36
1561 36
1562 48
1563 44
1564 49
1565 36
1566 54
1567 56
1568 61
1569 42
1570 63
1571 56
1572 62
1573 46
1574 64
1575 54
1576 66
1577 51
1578 64
1579 45
1580 67
1581 52
1582 57
1583 54
1584 64
1585 45
1586 66
1587 49
1588 59
1589 41
1590 65
1591 49
1592 62
1593 49
1594 52
1595 55
1596 66
1597 28
1598 28
1599 32
1600 32
1601 28
1602 36
1603 32
1604 34
1605 34
1606 40
1607 36
1608 46
1609 28
1610 48
1611 36
1612 48
1613 36
1614 52
1615 42
1616 54
1617 35
1618 63
1619 43
1620 57
1621 41
1622 63
1623 48
1624 68
1625 44
1626 64
1627 46
1628 70
1629 44
1630 66
1631 43
1632 73
1633 37
1634 69
1635 43
1636 65
1637 48
1638 62
1639 52
1640 64
1641 45
1642 65
1643 43
1644 65
1645 46
1646 72
1647 42
1648 66
1649 44
1650 68
1651 52
1652 64
1653 36
1654 29
1655 30
1656 29
1657 30
1658 33
1659 30
1660 33
1661 36
1662 31
1663 34
1664 33
1665 32
1666 41
1667 34
1668 37
1669 38
1670 37
1671 38
1672 35
1673 40
1674 42
1675 36
1676 48
1677 47
1678 49
1679 43
1680 52
1681 51
1682 63
1683 50
1684 61
1685 58
1686 58
1687 51
1688 64
1689 58
1690 62
1691 58
1692 62
1693 51
1694 63
1695 56
1696 65
1697 60
1698 62
1699 55
1700 60
1701 53
1702 57
1703 54
1704 65
1705 49
1706 62
1707 55
1708 62
1709 61
1710 56
1711 47
1712 29
1713 31
1714 29
1715 31
1716 33
1717 35
1718 33
1719 41
1720 31
1721 43
1722 33
1723 41
1724 41
1725 47
1726 37
1727 51
1728 37
1729 55
1730 35
1731 57
1732 42
1733 56
1734 43
1735 65
1736 43
1737 69
1738 40
1739 60
1740 58
1741 66
1742 49
1743 63
1744 52
1745 68
1746 49
1747 61
1748 53
1749 65
1750 53
1751 65
1752 45
1753 73
1754 49
1755 67
1756 40
1757 76
1758 42
1759 70
1760 49
1761 71
1762 49
1763 63
1764 49
1765 71
1766 45
1767 69
1768 37
1769 77
1770 49
1771 30
1772 29
1773 34
1774 33
1775 30
1776 33
1777 34
1778 31
1779 36
1780 33
1781 38
1782 39
1783 30
1784 37
1785 38
1786 37
1787 38
1788 37
1789 44
1790 39
1791 36
1792 48
1793 40
1794 49
1795 45
1796 46
1797 51
1798 59
1799 49
1800 62
1801 52
1802 64
1803 60
1804 61
1805 55
1806 69
1807 58
1808 60
1809 64
1810 69
1811 55
1812 60
1813 58
1814 69
1815 56
1816 58
1817 59
1818 64
1819 57
1820 57
1821 60
1822 62
1823 51
1824 66
1825 59
1826 64
1827 55
1828 54
1829 61
1830 68
1831 30
1832 30
1833 34
1834 34
1835 30
1836 38
1837 34
1838 36
1839 36
1840 42
1841 38
1842 48
1843 30
1844 50
1845 38
1846 50
1847 38
1848 54
1849 44
1850 56
1851 36
1852 68
1853 40
1854 62
1855 43
1856 65
1857 52
1858 66
1859 38
1860 82
1861 44
1862 76
1863 43
1864 75
1865 48
1866 74
1867 42
1868 78
1869 45
1870 77
1871 39
1872 71
1873 47
1874 75
1875 42
1876 72
1877 55
1878 71
1879 45
1880 69
1881 50
1882 74
1883 44
1884 76
1885 44
1886 74
1887 44
1888 76
1889 52
1890 72
1891 36
1892 31
1893 32
1894 31
1895 32
1896 35
1897 32
1898 35
1899 38
1900 33
1901 36
1902 35
1903 34
1904 43
1905 36
1906 39
1907 40
1908 39
1909 40
1910 37
1911 42
1912 45
1913 35
1914 46
1915 45
1916 53
1917 53
1918 46
1919 50
1920 59
1921 58
1922 64
1923 48
1924 66
1925 65
1926 59
1927 56
1928 71
1929 63
1930 62
1931 69
1932 65
1933 58
1934 64
1935 59
1936 67
1937 60
1938 62
1939 68
1940 64
1941 64
1942 55
1943 57
1944 62
1945 58
1946 70
1947 57
1948 66
1949 59
1950 66
1951 65
1952 60
1953 51
1954 31
1955 33
1956 31
1957 33
1958 35
1959 37
1960 35
1961 43
1962 33
1963 45
1964 35
1965 43
1966 43
1967 49
1968 39
1969 53
1970 39
1971 57
1972 37
1973 59
1974 45
1975 57
1976 45
1977 67
1978 44
1979 70
1980 42
1981 68
1982 53
1983 67
1984 58
1985 64
1986 56
1987 72
1988 53
1989 69
1990 55
1991 71
1992 51
1993 73
1994 49
1995 71
1996 53
1997 75
1998 51
1999 75
2000 48
2001 78
2002 43
2003 77
2004 44
2005 78
2006 53
2007 73
2008 50
2009 70
2010 53
2011 75
2012 49
2013 73
2014 41
2015 81
2016 53
2017 32
2018 31
2019 36
2020 35
2021 32
2022 35
2023 36
2024 33
2025 38
2026 35
2027 40
2028 41
2029 32
2030 39
2031 40
2032 39
2033 40
2034 39
2035 46
2036 41
2037 38
2038 47
2039 43
2040 43
2041 45
2042 52
2043 53
2044 55
2045 48
2046 59
2047 66
2048 68
2049 50
2050 67
2051 67
2052 62
2053 60
2054 68
2055 69
2056 60
2057 69
2058 64
2059 58
2060 73
2061 59
2062 65
2063 66
2064 70
2065 62
2066 62
2067 66
2068 60
2069 61
2070 66
2071 60
2072 74
2073 57
2074 71
2075 63
2076 68
2077 59
2078 58
2079 65
2080 72
2081 32
2082 32
2083 36
2084 36
2085 32
2086 40
2087 36
2088 38
2089 38
2090 44
2091 40
2092 50
2093 32
2094 52
2095 40
2096 52
2097 40
2098 56
2099 46
2100 58
2101 38
2102 68
2103 43
2104 61
2105 47
2106 67
2107 51
2108 71
2109 49
2110 71
2111 52
2112 78
2113 50
2114 74
2115 54
2116 80
2117 51
2118 71
2119 56
2120 70
2121 58
2122 76
2123 49
2124 75
2125 49
2126 73
2127 56
2128 74
2129 52
2130 74
2131 57
2132 73
2133 53
2134 75
2135 51
2136 75
2137 51
2138 75
2139 55
2140 71
2141 56
2142 72
2143 64
2144 68
2145 48
2146 33
2147 34
2148 33
2149 34
2150 37
2151 34
2152 37
2153 40
2154 35
2155 38
2156 37
2157 36
2158 45
2159 38
2160 41
2161 42
2162 41
2163 42
2164 39
2165 44
2166 47
2167 38
2168 45
2169 52
2170 47
2171 51
2172 52
2173 52
2174 61
2175 52
2176 63
2177 60
2178 66
2179 56
2180 71
2181 61
2182 70
2183 62
2184 68
2185 69
2186 64
2187 71
2188 74
2189 60
2190 75
2191 60
2192 69
2193 62
2194 72
2195 59
2196 74
2197 68
2198 60
2199 61
2200 68
2201 59
2202 72
2203 64
2204 75
2205 62
2206 72
2207 60
2208 74
2209 65
2210 68
2211 51
2212 33
2213 35
2214 33
2215 35
2216 37
2217 39
2218 37
2219 45
2220 35
2221 47
2222 37
2223 45
2224 45
2225 51
2226 41
2227 55
2228 41
2229 59
2230 39
2231 61
2232 47
2233 59
2234 45
2235 71
2236 44
2237 74
2238 44
2239 70
2240 56
2241 70
2242 54
2243 64
2244 66
2245 76
2246 59
2247 65
2248 67
2249 71
2250 53
2251 79
2252 55
2253 79
2254 57
2255 71
2256 54
2257 78
2258 58
2259 74
2260 58
2261 78
2262 59
2263 71
2264 49
2265 79
2266 58
2267 76
2268 56
2269 76
2270 58
2271 70
2272 61
2273 73
2274 60
2275 70
2276 53
2277 77
2278 65
2279 34
2280 33
2281 38
2282 37
2283 34
2284 37
2285 38
2286 35
2287 40
2288 37
2289 42
2290 43
2291 34
2292 41
2293 42
2294 41
2295 42
2296 41
2297 48
2298 43
2299 40
2300 49
2301 46
2302 42
2303 46
2304 51
2305 53
2306 60
2307 50
2308 64
2309 48
2310 70
2311 58
2312 70
2313 60
2314 78
2315 59
2316 75
2317 58
2318 73
2319 73
2320 70
2321 71
2322 75
2323 54
2324 76
2325 60
2326 81
2327 60
2328 76
2329 63
2330 81
2331 62
2332 60
2333 63
2334 75
2335 63
2336 75
2337 68
2338 78
2339 60
2340 77
2341 64
2342 78
2343 59
2344 65
2345 67
2346 78
2347 34
2348 34
2349 38
2350 38
2351 34
2352 42
2353 38
2354 40
2355 40
2356 46
2357 42
2358 52
2359 34
2360 54
2361 42
2362 54
2363 42
2364 58
2365 48
2366 60
2367 40
2368 70
2369 46
2370 64
2371 45
2372 71
2373 52
2374 74
2375 48
2376 80
2377 46
2378 86
2379 44
2380 88
2381 54
2382 84
2383 46
2384 90
2385 50
2386 82
2387 55
2388 81
2389 52
2390 84
2391 46
2392 90
2393 48
2394 92
2395 39
2396 89
2397 51
2398 85
2399 48
2400 86
2401 54
2402 88
2403 46
2404 86
2405 47
2406 91
2407 42
2408 92
2409 44
2410 92
2411 41
2412 91
2413 55
2414 85
2415 40
2416 35
2417 36
2418 35
2419 36
2420 39
2421 36
2422 39
2423 42
2424 37
2425 40
2426 39
2427 38
2428 47
2429 40
2430 43
2431 44
2432 43
2433 44
2434 41
2435 46
2436 49
2437 40
2438 47
2439 50
2440 48
2441 49
2442 51
2443 50
2444 64
2445 54
2446 66
2447 43
2448 72
2449 65
2450 70
2451 55
2452 74
2453 68
2454 75
2455 63
2456 75
2457 79
2458 68
2459 76
2460 77
2461 62
2462 80
2463 61
2464 77
2465 63
2466 72
2467 70
2468 75
2469 66
2470 70
2471 72
2472 71
2473 68
2474 73
2475 70
2476 76
2477 63
2478 81
2479 64
2480 74
2481 67
2482 73
2483 76
2484 68
2485 58
2486 35
2487 37
2488 35
2489 37
2490 39
2491 41
2492 39
2493 47
2494 37
2495 49
2496 39
2497 47
2498 47
2499 53
2500 43
2501 57
2502 43
2503 61
2504 41
2505 63
2506 49
2507 61
2508 47
2509 71
2510 48
2511 74
2512 49
2513 69
2514 58
2515 74
2516 58
2517 68
2518 65
2519 73
2520 63
2521 75
2522 61
2523 81
2524 63
2525 83
2526 52
2527 84
2528 54
2529 86
2530 63
2531 79
2532 58
2533 76
2534 62
2535 78
2536 62
2537 82
2538 58
2539 80
2540 64
2541 74
2542 61
2543 79
2544 61
2545 79
2546 61
2547 79
2548 64
2549 72
2550 64
2551 80
2552 61
2553 77
2554 53
2555 83
2556 68
2557 36
2558 35
2559 40
2560 39
2561 36
2562 39
2563 40
2564 37
2565 42
2566 39
2567 44
2568 45
2569 36
2570 43
2571 44
2572 43
2573 44
2574 43
2575 50
2576 45
2577 42
2578 51
2579 48
2580 45
2581 46
2582 50
2583 51
2584 58
2585 48
2586 70
2587 54
2588 72
2589 47
2590 70
2591 67
2592 77
2593 57
2594 75
2595 76
2596 72
2597 65
2598 78
2599 71
2600 73
2601 78
2602 79
2603 64
2604 81
2605 61
2606 75
2607 67
2608 81
2609 72
2610 77
2611 70
2612 72
2613 68
2614 67
2615 76
2616 77
2617 74
2618 73
2619 71
2620 81
2621 66
2622 75
2623 75
2624 72
2625 70
2626 64
2627 74
2628 81
2629 36
2630 36
2631 40
2632 40
2633 36
2634 44
2635 40
2636 42
2637 42
2638 48
2639 44
2640 54
2641 36
2642 56
2643 44
2644 56
2645 44
2646 60
2647 50
2648 62
2649 42
2650 72
2651 48
2652 66
2653 46
2654 74
2655 51
2656 81
2657 45
2658 83
2659 50
2660 86
2661 51
2662 81
2663 56
2664 92
2665 57
2666 83
2667 62
2668 82
2669 60
2670 84
2671 55
2672 87
2673 61
2674 83
2675 56
2676 84
2677 58
2678 90
2679 56
2680 90
2681 55
2682 85
2683 55
2684 85
2685 56
2686 90
2687 64
2688 84
2689 56
2690 82
2691 57
2692 89
2693 51
2694 91
2695 58
2696 86
2697 55
2698 87
2699 65
2700 81
2701 51
2702 37
2703 38
2704 37
2705 38
2706 41
2707 38
2708 41
2709 44
2710 39
2711 42
2712 41
2713 40
2714 49
2715 42
2716 45
2717 46
2718 45
2719 46
2720 43
2721 48
2722 51
2723 42
2724 49
2725 52
2726 51
2727 49
2728 50
2729 49
2730 62
2731 52
2732 70
2733 51
2734 68
2735 61
2736 68
2737 66
2738 79
2739 67
2740 75
2741 80
2742 70
2743 65
2744 82
2745 77
2746 79
2747 84
2748 77
2749 64
2750 79
2751 72
2752 79
2753 69
2754 81
2755 72
2756 79
2757 72
2758 68
2759 70
2760 77
2761 76
2762 77
2763 76
2764 75
2765 76
2766 75
2767 72
2768 79
2769 72
2770 76
2771 70
2772 78
2773 79
2774 69
2775 64
2776 37
2777 39
2778 37
2779 39
2780 41
2781 43
2782 41
2783 49
2784 39
2785 51
2786 41
2787 49
2788 49
2789 55
2790 45
2791 59
2792 45
2793 63
2794 43
2795 65
2796 51
2797 63
2798 49
2799 73
2800 51
2801 75
2802 49
2803 73
2804 58
2805 74
2806 61
2807 75
2808 61
2809 87
2810 52
2811 78
2812 71
2813 87
2814 55
2815 91
2816 58
2817 90
2818 63
2819 87
2820 61
2821 89
2822 56
2823 88
2824 61
2825 91
2826 59
2827 83
2828 60
2829 90
2830 60
2831 88
2832 57
2833 91
2834 63
2835 83
2836 55
2837 95
2838 55
2839 93
2840 52
2841 96
2842 58
2843 84
2844 60
2845 90
2846 59
2847 91
2848 47
2849 97
2850 64
2851 38
2852 37
2853 42
2854 41
2855 38
2856 41
2857 42
2858 39
2859 44
2860 41
2861 46
2862 47
2863 38
2864 45
2865 46
2866 45
2867 46
2868 45
2869 52
2870 47
2871 44
2872 53
2873 50
2874 47
2875 48
2876 49
2877 55
2878 58
2879 47
2880 65
2881 52
2882 74
2883 61
2884 64
2885 65
2886 74
2887 70
2888 78
2889 67
2890 72
2891 80
2892 77
2893 69
2894 84
2895 77
2896 79
2897 78
2898 79
2899 70
2900 80
2901 76
2902 78
2903 67
2904 85
2905 68
2906 87
2907 72
2908 72
2909 76
2910 83
2911 66
2912 75
2913 78
2914 82
2915 76
2916 77
2917 74
2918 88
2919 66
2920 86
2921 66
2922 83
2923 69
2924 70
2925 74
2926 90
2927 38
2928 38
2929 42
2930 42
2931 38
2932 46
2933 42
2934 44
2935 44
2936 50
2937 46
2938 56
2939 38
2940 58
2941 46
2942 58
2943 46
2944 62
2945 52
2946 64
2947 44
2948 74
2949 50
2950 68
2951 48
2952 74
2953 55
2954 81
2955 48
2956 86
2957 49
2958 91
2959 56
2960 80
2961 62
2962 88
2963 54
2964 98
2965 58
2966 88
2967 63
2968 93
2969 60
2970 90
2971 56
2972 94
2973 56
2974 98
2975 57
2976 91
2977 59
2978 93
2979 56
2980 100
2981 55
2982 97
2983 55
2984 89
2985 63
2986 93
2987 54
2988 94
2989 66
2990 90
2991 59
2992 87
2993 63
2994 95
2995 52
2996 98
2997 56
2998 90
2999 61
3000 93
3001 69
3002 87
3003 52
3004 39
3005 40
3006 39
3007 40
3008 43
3009 40
3010 43
3011 46
3012 41
3013 44
3014 43
3015 42
3016 51
3017 44
3018 47
3019 48
3020 47
3021 48
3022 45
3023 50
3024 53
3025 44
3026 51
3027 54
3028 53
3029 52
3030 49
3031 52
3032 64
3033 51
3034 67
3035 53
3036 74
3037 68
3038 66
3039 60
3040 76
3041 73
3042 82
3043 66
3044 80
3045 81
3046 79
3047 72
3048 88
3049 77
3050 87
3051 77
3052 83
3053 74
3054 78
3055 73
3056 78
3057 72
3058 91
3059 71
3060 85
3061 73
3062 72
3063 76
3064 79
3065 71
3066 85
3067 80
3068 78
3069 81
3070 73
3071 76
3072 82
3073 70
3074 88
3075 71
3076 81
3077 75
3078 78
3079 84
3080 74
3081 65
3082 39
3083 41
3084 39
3085 41
3086 43
3087 45
3088 43
3089 51
3090 41
3091 53
3092 43
3093 51
3094 51
3095 57
3096 47
3097 61
3098 47
3099 65
3100 45
3101 67
3102 53
3103 65
3104 51
3105 75
3106 53
3107 77
3108 49
3109 75
3110 61
3111 79
3112 60
3113 78
3114 60
3115 86
3116 60
3117 84
3118 66
3119 84
3120 73
3121 85
3122 68
3123 90
3124 67
3125 89
3126 68
3127 88
3128 74
3129 84
3130 70
3131 84
3132 63
3133 91
3134 70
3135 84
3136 77
3137 83
3138 67
3139 87
3140 64
3141 88
3142 72
3143 88
3144 74
3145 78
3146 66
3147 92
3148 67
3149 85
3150 73
3151 81
3152 78
3153 82
3154 70
3155 84
3156 72
3157 84
3158 65
3159 89
3160 81
3161 40
3162 39
3163 44
3164 43
3165 40
3166 43
3167 44
3168 41
3169 46
3170 43
3171 48
3172 49
3173 40
3174 47
3175 48
3176 47
3177 48
3178 47
3179 54
3180 49
3181 46
3182 55
3183 52
3184 49
3185 50
3186 51
3187 58
3188 58
3189 46
3190 66
3191 55
3192 71
3193 55
3194 72
3195 66
3196 79
3197 64
3198 79
3199 77
3200 80
3201 68
3202 87
3203 79
3204 76
3205 74
3206 90
3207 79
3208 89
3209 81
3210 83
3211 72
3212 79
3213 79
3214 83
3215 78
3216 86
3217 75
3218 80
3219 77
3220 80
3221 74
3222 78
3223 77
3224 90
3225 72
3226 77
3227 85
3228 81
3229 78
3230 83
3231 78
3232 87
3233 73
3234 85
3235 75
3236 80
3237 76
3238 70
3239 85
3240 88
3241 40
3242 40
3243 44
3244 44
3245 40
3246 48
3247 44
3248 46
3249 46
3250 52
3251 48
3252 58
3253 40
3254 60
3255 48
3256 60
3257 48
3258 64
3259 54
3260 66
3261 46
3262 76
3263 52
3264 70
3265 50
3266 76
3267 58
3268 84
3269 45
3270 89
3271 54
3272 90
3273 54
3274 88
3275 60
3276 98
3277 57
3278 91
3279 58
3280 100
3281 63
3282 97
3283 60
3284 100
3285 63
3286 95
3287 59
3288 99
3289 62
3290 98
3291 63
3292 93
3293 71
3294 93
3295 61
3296 97
3297 68
3298 92
3299 68
3300 94
3301 60
3302 98
3303 61
3304 99
3305 58
3306 96
3307 74
3308 94
3309 62
3310 96
3311 60
3312 96
3313 58
3314 104
3315 56
3316 104
3317 58
3318 102
3319 68
3320 96
3321 48
3322 41
3323 42
3324 41
3325 42
3326 45
3327 42
3328 45
3329 48
3330 43
3331 46
3332 45
3333 44
3334 53
3335 46
3336 49
3337 50
3338 49
3339 50
3340 47
3341 52
3342 55
3343 46
3344 53
3345 56
3346 55
3347 54
3348 51
3349 50
3350 64
3351 50
3352 70
3353 55
3354 67
3355 63
3356 76
3357 64
3358 79
3359 70
3360 77
3361 78
3362 84
3363 74
3364 89
3365 76
3366 88
3367 77
3368 92
3369 83
3370 85
3371 82
3372 85
3373 74
3374 89
3375 83
3376 81
3377 78
3378 86
3379 77
3380 88
3381 75
3382 86
3383 74
3384 84
3385 73
3386 86
3387 76
3388 89
3389 83
3390 85
3391 76
3392 87
3393 84
3394 83
3395 72
3396 93
3397 73
3398 88
3399 75
3400 86
3401 87
3402 78
3403 69
3404 41
3405 43
3406 41
3407 43
3408 45
3409 47
3410 45
3411 53
3412 43
3413 55
3414 45
3415 53
3416 53
3417 59
3418 49
3419 63
3420 49
3421 67
3422 47
3423 69
3424 55
3425 67
3426 53
3427 77
3428 55
3429 79
3430 51
3431 75
3432 64
3433 78
3434 65
3435 79
3436 64
3437 90
3438 63
3439 83
3440 67
3441 93
3442 62
3443 90
3444 76
3445 96
3446 68
3447 88
3448 82
3449 90
3450 70
3451 92
3452 73
3453 91
3454 75
3455 91
3456 68
3457 94
3458 67
3459 93
3460 73
3461 97
3462 69
3463 89
3464 71
3465 93
3466 74
3467 88
3468 72
3469 98
3470 71
3471 89
3472 66
3473 94
3474 73
3475 97
3476 65
3477 95
3478 75
3479 89
3480 73
3481 95
3482 67
3483 95
3484 57
3485 105
3486 73
3487 42
3488 41
3489 46
3490 45
3491 42
3492 45
3493 46
3494 43
3495 48
3496 45
3497 50
3498 51
3499 42
3500 49
3501 50
3502 49
3503 50
3504 49
3505 56
3506 51
3507 48
3508 57
3509 54
3510 51
3511 52
3512 53
3513 60
3514 61
3515 46
3516 66
3517 50
3518 74
3519 59
3520 66
3521 67
3522 83
3523 68
3524 74
3525 68
3526 83
3527 80
3528 90
3529 70
3530 92
3531 74
3532 96
3533 67
3534 95
3535 89
3536 87
3537 90
3538 89
3539 70
3540 92
3541 77
3542 82
3543 82
3544 91
3545 81
3546 94
3547 71
3548 86
3549 74
3550 96
3551 71
3552 89
3553 84
3554 96
3555 73
3556 86
3557 74
3558 88
3559 84
3560 89
3561 76
3562 98
3563 69
3564 94
3565 71
3566 93
3567 75
3568 80
3569 83
3570 98
3571 42
3572 42
3573 46
3574 46
3575 42
3576 50
3577 46
3578 48
3579 48
3580 54
3581 50
3582 60
3583 42
3584 62
3585 50
3586 62
3587 50
3588 66
3589 56
3590 68
3591 48
3592 78
3593 54
3594 72
3595 52
3596 78
3597 60
3598 86
3599 46
3600 94
3601 50
3602 96
3603 54
3604 94
3605 59
3606 95
3607 62
3608 96
3609 65
3610 99
3611 59
3612 105
3613 64
3614 104
3615 60
3616 110
3617 55
3618 105
3619 72
3620 98
3621 70
3622 100
3623 60
3624 104
3625 65
3626 105
3627 69
3628 97
3629 71
3630 99
3631 62
3632 102
3633 65
3634 111
3635 57
3636 101
3637 71
3638 99
3639 62
3640 106
3641 68
3642 98
3643 69
3644 97
3645 70
3646 100
3647 60
3648 106
3649 64
3650 104
3651 65
3652 103
3653 76
3654 96
3655 56
3656 43
3657 44
3658 43
3659 44
3660 47
3661 44
3662 47
3663 50
3664 45
3665 48
3666 47
3667 46
3668 55
3669 48
3670 51
3671 52
3672 51
3673 52
3674 49
3675 54
3676 57
3677 48
3678 55
3679 58
3680 57
3681 56
3682 53
3683 52
3684 67
3685 49
3686 68
3687 51
3688 74
3689 66
3690 66
3691 66
3692 79
3693 74
3694 78
3695 71
3696 83
3697 84
3698 90
3699 67
3700 96
3701 81
3702 96
3703 72
3704 97
3705 96
3706 83
3707 92
3708 89
3709 69
3710 92
3711 82
3712 88
3713 89
3714 85
3715 84
3716 94
3717 78
3718 92
3719 74
3720 94
3721 79
3722 89
3723 80
3724 94
3725 74
3726 98
3727 80
3728 90
3729 80
3730 91
3731 77
3732 94
3733 72
3734 100
3735 71
3736 97
3737 81
3738 94
3739 86
3740 88
3741 67
3742 43
3743 45
3744 43
3745 45
3746 47
3747 49
3748 47
3749 55
3750 45
3751 57
3752 47
3753 55
3754 55
3755 61
3756 51
3757 65
3758 51
3759 69
3760 49
3761 71
3762 57
3763 69
3764 55
3765 79
3766 57
3767 81
3768 53
3769 77
3770 67
3771 79
3772 67
3773 81
3774 65
3775 89
3776 64
3777 90
3778 64
3779 100
3780 66
3781 98
3782 67
3783 93
3784 79
3785 97
3786 79
3787 95
3788 79
3789 95
3790 74
3791 100
3792 63
3793 107
3794 71
3795 101
3796 69
3797 103
3798 67
3799 107
3800 57
3801 113
3802 65
3803 107
3804 66
3805 100
3806 71
3807 107
3808 63
3809 105
3810 65
3811 107
3812 72
3813 104
3814 58
3815 108
3816 64
3817 110
3818 63
3819 107
3820 72
3821 102
3822 68
3823 106
3824 64
3825 102
3826 60
3827 110
3828 77
3829 44
3830 43
3831 48
3832 47
3833 44
3834 47
3835 48
3836 45
3837 50
3838 47
3839 52
3840 53
3841 44
3842 51
3843 52
3844 51
3845 52
3846 51
3847 58
3848 53
3849 50
3850 59
3851 56
3852 53
3853 54
3854 55
3855 62
3856 63
3857 48
3858 65
3859 53
3860 69
3861 57
3862 71
3863 70
3864 75
3865 70
3866 79
3867 80
3868 77
3869 75
3870 77
3871 86
3872 91
3873 77
3874 91
3875 87
3876 88
3877 82
3878 100
3879 100
3880 77
3881 98
3882 85
3883 83
3884 92
3885 88
3886 83
3887 91
3888 82
3889 92
3890 90
3891 88
3892 95
3893 78
3894 83
3895 93
3896 91
3897 84
3898 91
3899 90
3900 92
3901 82
3902 87
3903 86
3904 88
3905 89
3906 84
3907 88
3908 98
3909 79
3910 92
3911 85
3912 91
3913 84
3914 81
3915 93
3916 95
3917 44
3918 44
3919 48
3920 48
3921 44
3922 52
3923 48
3924 50
3925 50
3926 56
3927 52
3928 62
3929 44
3930 64
3931 52
3932 64
3933 52
3934 68
3935 58
3936 70
3937 50
3938 80
3939 56
3940 74
3941 54
3942 80
3943 62
3944 88
3945 48
3946 94
3947 53
3948 95
3949 59
3950 91
3951 66
3952 102
3953 61
3954 95
3955 69
3956 93
3957 76
3958 96
3959 68
3960 110
3961 69
3962 101
3963 67
3964 109
3965 73
3966 107
3967 70
3968 98
3969 80
3970 100
3971 75
3972 99
3973 75
3974 97
3975 79
3976 101
3977 83
3978 91
3979 77
3980 99
3981 73
3982 99
3983 85
3984 97
3985 74
3986 98
3987 78
3988 96
3989 72
3990 104
3991 77
3992 101
3993 77
3994 91
3995 83
3996 97
3997 73
3998 101
3999 77
4000 97
4001 81
4002 95
4003 92
4004 86
4005 75
4006 45
4007 46
4008 45
4009 46
4010 49
4011 46
4012 49
4013 52
4014 47
4015 50
4016 49
4017 48
4018 57
4019 50
4020 53
4021 54
4022 53
4023 54
4024 51
4025 56
4026 59
4027 50
4028 57
4029 60
4030 59
4031 58
4032 55
4033 54
4034 69
4035 52
4036 67
4037 58
4038 67
4039 66
4040 73
4041 67
4042 75
4043 74
4044 81
4045 80
4046 75
4047 80
4048 87
4049 86
4050 97
4051 83
4052 91
4053 90
4054 92
4055 83
4056 98
4057 93
4058 89
4059 100
4060 83
4061 84
4062 90
4063 92
4064 87
4065 88
4066 96
4067 95
4068 90
4069 85
4070 89
4071 88
4072 87
4073 92
4074 95
4075 81
4076 97
4077 94
4078 86
4079 78
4080 99
4081 90
4082 90
4083 89
4084 86
4085 93
4086 90
4087 81
4088 96
4089 86
4090 95
4091 91
4092 91
4093 98
4094 83
4095 82
4096 45
4097 47
4098 45
4099 47
4100 49
4101 51
4102 49
4103 57
4104 47
4105 59
4106 49
4107 57
4108 57
4109 63
4110 53
4111 67
4112 53
4113 71
4114 51
4115 73
4116 59
4117 71
4118 57
4119 81
4120 59
4121 83
4122 55
4123 79
4124 69
4125 81
4126 67
4127 85
4128 64
4129 96
4130 62
4131 92
4132 72
4133 94
4134 70
4135 98
4136 72
4137 104
4138 77
4139 89
4140 87
4141 101
4142 77
4143 101
4144 83
4145 101
4146 74
4147 100
4148 84
4149 100
4150 73
4151 103
4152 73
4153 113
4154 72
4155 100
4156 81
4157 107
4158 66
4159 106
4160 75
4161 111
4162 74
4163 98
4164 80
4165 98
4166 84
4167 100
4168 78
4169 98
4170 91
4171 91
4172 77
4173 101
4174 76
4175 108
4176 74
4177 102
4178 88
4179 92
4180 86
4181 98
4182 79
4183 95
4184 73
4185 105
4186 88
4187 46
4188 45
4189 50
4190 49
4191 46
4192 49
4193 50
4194 47
4195 52
4196 49
4197 54
4198 55
4199 46
4200 53
4201 54
4202 53
4203 54
4204 53
4205 60
4206 55
4207 52
4208 61
4209 58
4210 55
4211 56
4212 57
4213 64
4214 65
4215 50
4216 67
4217 56
4218 68
4219 58
4220 69
4221 66
4222 79
4223 71
4224 73
4225 72
4226 85
4227 78
4228 82
4229 80
4230 89
4231 82
4232 94
4233 79
4234 95
4235 94
4236 99
4237 85
4238 99
4239 93
4240 98
4241 96
4242 87
4243 86
4244 91
4245 96
4246 98
4247 82
4248 98
4249 87
4250 96
4251 91
4252 85
4253 94
4254 98
4255 80
4256 99
4257 81
4258 100
4259 90
4260 96
4261 82
4262 107
4263 80
4264 92
4265 85
4266 97
4267 93
4268 93
4269 87
4270 106
4271 82
4272 100
4273 87
4274 92
4275 88
4276 87
4277 92
4278 104
4279 46
4280 46
4281 50
4282 50
4283 46
4284 54
4285 50
4286 52
4287 52
4288 58
4289 54
4290 64
4291 46
4292 66
4293 54
4294 66
4295 54
4296 70
4297 60
4298 72
4299 52
4300 82
4301 58
4302 76
4303 56
4304 82
4305 64
4306 90
4307 50
4308 96
4309 56
4310 98
4311 57
4312 97
4313 65
4314 97
4315 68
4316 100
4317 69
4318 101
4319 71
4320 103
4321 74
4322 100
4323 68
4324 114
4325 76
4326 108
4327 76
4328 110
4329 75
4330 107
4331 72
4332 116
4333 68
4334 114
4335 78
4336 100
4337 82
4338 112
4339 62
4340 116
4341 72
4342 114
4343 75
4344 101
4345 80
4346 116
4347 58
4348 124
4349 62
4350 118
4351 64
4352 122
4353 62
4354 122
4355 56
4356 124
4357 66
4358 118
4359 66
4360 116
4361 66
4362 126
4363 50
4364 130
4365 55
4366 125
4367 63
4368 123
4369 70
4370 118
4371 52
4372 47
4373 48
4374 47
4375 48
4376 51
4377 48
4378 51
4379 54
4380 49
4381 52
4382 51
4383 50
4384 59
4385 52
4386 55
4387 56
4388 55
4389 56
4390 53
4391 58
4392 61
4393 52
4394 59
4395 62
4396 61
4397 60
4398 57
4399 56
4400 71
4401 54
4402 69
4403 56
4404 68
4405 63
4406 69
4407 66
4408 75
4409 78
4410 73
4411 79
4412 85
4413 80
4414 86
4415 77
4416 87
4417 90
4418 100
4419 84
4420 97
4421 96
4422 93
4423 92
4424 103
4425 99
4426 94
4427 88
4428 95
4429 94
4430 93
4431 90
4432 98
4433 84
4434 106
4435 86
4436 102
4437 103
4438 83
4439 86
4440 100
4441 81
4442 107
4443 87
4444 98
4445 87
4446 100
4447 83
4448 99
4449 82
4450 104
4451 94
4452 97
4453 94
4454 95
4455 92
4456 102
4457 82
4458 104
4459 84
4460 98
4461 91
4462 99
4463 94
4464 94
4465 78
4466 47
4467 49
4468 47
4469 49
4470 51
4471 53
4472 51
4473 59
4474 49
4475 61
4476 51
4477 59
4478 59
4479 65
4480 55
4481 69
4482 55
4483 73
4484 53
4485 75
4486 61
4487 73
4488 59
4489 83
4490 61
4491 85
4492 57
4493 81
4494 71
4495 83
4496 69
4497 85
4498 68
4499 96
4500 67
4501 95
4502 66
4503 102
4504 73
4505 105
4506 67
4507 103
4508 77
4509 105
4510 76
4511 106
4512 86
4513 104
4514 79
4515 107
4516 77
4517 117
4518 78
4519 106
4520 77
4521 103
4522 87
4523 113
4524 65
4525 115
4526 78
4527 110
4528 84
4529 106
4530 76
4531 118
4532 61
4533 115
4534 84
4535 106
4536 88
4537 100
4538 79
4539 107
4540 85
4541 103
4542 80
4543 108
4544 88
4545 102
4546 75
4547 111
4548 79
4549 111
4550 78
4551 108
4552 86
4553 100
4554 83
4555 109
4556 75
4557 109
4558 72
4559 114
4560 88
4561 48
4562 47
4563 52
4564 51
4565 48
4566 51
4567 52
4568 49
4569 54
4570 51
4571 56
4572 57
4573 48
4574 55
4575 56
4576 55
4577 56
4578 55
4579 62
4580 57
4581 54
4582 63
4583 60
4584 57
4585 58
4586 59
4587 66
4588 67
4589 52
4590 69
4591 58
4592 71
4593 58
4594 68
4595 65
4596 73
4597 68
4598 77
4599 82
4600 72
4601 81
4602 84
4603 76
4604 91
4605 77
4606 91
4607 90
4608 104
4609 82
4610 99
4611 98
4612 94
4613 90
4614 110
4615 103
4616 97
4617 92
4618 99
4619 86
4620 101
4621 88
4622 101
4623 86
4624 116
4625 86
4626 102
4627 97
4628 91
4629 86
4630 103
4631 87
4632 106
4633 85
4634 101
4635 93
4636 103
4637 85
4638 99
4639 88
4640 108
4641 88
4642 95
4643 96
4644 102
4645 94
4646 100
4647 92
4648 113
4649 84
4650 104
4651 89
4652 95
4653 88
4654 95
4655 94
4656 110
4657 48
4658 48
4659 52
4660 52
4661 48
4662 56
4663 52
4664 54
4665 54
4666 60
4667 56
4668 66
4669 48
4670 68
4671 56
4672 68
4673 56
4674 72
4675 62
4676 74
4677 54
4678 84
4679 60
4680 78
4681 58
4682 84
4683 66
4684 92
4685 52
4686 98
4687 58
4688 100
4689 58
4690 100
4691 65
4692 103
4693 68
4694 100
4695 71
4696 103
4697 76
4698 102
4699 73
4700 111
4701 73
4702 109
4703 69
4704 119
4705 78
4706 114
4707 82
4708 112
4709 81
4710 113
4711 77
4712 111
4713 82
4714 112
4715 76
4716 114
4717 82
4718 112
4719 73
4720 121
4721 74
4722 110
4723 83
4724 111
4725 82
4726 114
4727 72
4728 118
4729 69
4730 119
4731 79
4732 115
4733 73
4734 117
4735 75
4736 115
4737 72
4738 116
4739 84
4740 116
4741 75
4742 111
4743 82
4744 116
4745 69
4746 119
4747 74
4748 112
4749 82
4750 116
4751 83
4752 111
4753 68
4754 49
4755 50
4756 49
4757 50
4758 53
4759 50
4760 53
4761 56
4762 51
4763 54
4764 53
4765 52
4766 61
4767 54
4768 57
4769 58
4770 57
4771 58
4772 55
4773 60
4774 63
4775 54
4776 61
4777 64
4778 63
4779 62
4780 59
4781 58
4782 73
4783 56
4784 71
4785 58
4786 71
4787 63
4788 68
4789 67
4790 73
4791 72
4792 75
4793 86
4794 72
4795 81
4796 88
4797 84
4798 93
4799 85
4800 91
4801 90
4802 100
4803 86
4804 101
4805 100
4806 102
4807 91
4808 100
4809 105
4810 95
4811 106
4812 97
4813 76
4814 111
4815 97
4816 99
4817 90
4818 106
4819 95
4820 102
4821 95
4822 101
4823 96
4824 97
4825 96
4826 96
4827 92
4828 105
4829 102
4830 99
4831 91
4832 101
4833 94
4834 100
4835 88
4836 107
4837 96
4838 104
4839 95
4840 96
4841 97
4842 101
4843 89
4844 108
4845 90
4846 99
4847 97
4848 99
4849 104
4850 94
4851 85
4852 49
4853 51
4854 49
4855 51
4856 53
4857 55
4858 53
4859 61
4860 51
4861 63
4862 53
4863 61
4864 61
4865 67
4866 57
4867 71
4868 57
4869 75
4870 55
4871 77
4872 63
4873 75
4874 61
4875 85
4876 63
4877 87
4878 59
4879 83
4880 73
4881 85
4882 71
4883 87
4884 71
4885 97
4886 67
4887 99
4888 69
4889 105
4890 65
4891 111
4892 69
4893 113
4894 71
4895 115
4896 72
4897 116
4898 75
4899 109
4900 85
4901 119
4902 75
4903 117
4904 80
4905 120
4906 70
4907 120
4908 77
4909 125
4910 73
4911 111
4912 87
4913 121
4914 72
4915 116
4916 77
4917 129
4918 71
4919 117
4920 77
4921 121
4922 73
4923 123
4924 72
4925 122
4926 76
4927 120
4928 72
4929 122
4930 79
4931 119
4932 73
4933 121
4934 81
4935 113
4936 74
4937 124
4938 72
4939 126
4940 70
4941 122
4942 82
4943 110
4944 83
4945 121
4946 72
4947 120
4948 69
4949 125
4950 85
4951 50
4952 49
4953 54
4954 53
4955 50
4956 53
4957 54
4958 51
4959 56
4960 53
4961 58
4962 59
4963 50
4964 57
4965 58
4966 57
4967 58
4968 57
4969 64
4970 59
4971 56
4972 65
4973 62
4974 59
4975 60
4976 61
4977 68
4978 69
4979 54
4980 71
4981 60
4982 73
4983 60
4984 67
4985 69
4986 72
4987 69
4988 72
4989 76
4990 76
4991 84
4992 79
4993 83
4994 91
4995 82
4996 90
4997 83
4998 94
4999 92
5000 107
