1 18
2 18
3 18
4 18
5 1
6 18
7 136
8 18
9 18
10 136
11 18
12 18
13 1
14 18
15 136
16 18
17 18
18 18
19 136
20 18
21 18
22 136
23 18
24 136
25 1
26 18
27 136
28 18
29 18
30 18
31 1
32 18
33 136
34 1
35 18
36 18
37 136
38 18
39 18
40 136
41 1
42 18
43 18
44 136
45 18
46 18
47 18
48 18
49 18
50 18
51 18
52 136
53 136
54 136
55 18
56 18
57 136
58 1
59 18
60 18
61 1
62 18
63 18
64 18
65 18
66 18
67 18
68 136
69 18
70 18
71 136
72 18
73 18
74 18
75 18
76 18
77 18
78 136
79 18
80 18
81 18
82 136
83 18
84 18
85 1
86 18
87 136
88 136
89 18
90 18
91 18
92 136
93 18
94 18
95 136
96 1
97 18
98 18
99 136
100 18
101 1
102 18
103 18
104 136
105 18
106 18
107 136
108 136
109 18
110 18
111 18
112 136
113 1
114 18
115 18
116 18
117 18
118 18
119 136
120 136
121 18
122 136
123 18
124 18
125 18
126 18
127 136
128 18
129 18
130 18
131 18
132 136
133 18
134 18
135 136
136 18
137 18
138 136
139 18
140 18
141 136
142 18
143 18
144 18
145 1
146 18
147 136
148 136
149 136
150 136
151 18
152 18
153 18
154 136
155 18
156 136
157 18
158 18
159 136
160 18
161 18
162 18
163 136
164 136
165 18
166 18
167 136
168 18
169 18
170 136
171 18
172 18
173 18
174 18
175 136
176 1
177 18
178 18
179 18
180 136
181 1
182 136
183 18
184 18
185 136
186 1
187 18
188 18
189 136
190 136
191 18
192 18
193 18
194 136
195 18
196 18
197 1
198 18
199 136
200 136
201 18
202 18
203 18
204 1
205 136
206 18
207 18
208 18
209 18
210 18
211 18
212 18
213 18
214 18
215 18
216 18
217 136
218 136
219 136
220 18
221 1
222 136
223 18
224 18
225 18
226 136
227 18
228 18
229 136
230 136
231 18
232 18
233 136
234 18
235 18
236 56
237 136
238 18
239 136
240 136
241 18
242 136
243 18
244 18
245 18
246 18
247 18
248 18
249 18
250 18
251 136
252 136
253 18
254 136
255 18
256 18
257 18
258 136
259 136
260 18
261 18
262 18
263 136
264 18
265 1
266 18
267 136
268 136
269 136
270 136
271 18
272 18
273 18
274 136
275 136
276 18
277 136
278 18
279 18
280 136
281 1
282 18
283 18
284 136
285 18
286 1
287 18
288 18
289 136
290 18
291 1
292 18
293 18
294 56
295 136
296 1
297 136
298 136
299 136
300 18
301 18
302 136
303 18
304 18
305 136
306 18
307 18
308 18
309 18
310 18
311 18
312 136
313 1
314 136
315 136
316 136
317 18
318 136
319 18
320 18
321 18
322 18
323 18
324 136
325 18
326 18
327 136
328 18
329 18
330 136
331 18
332 18
333 18
334 1
335 18
336 136
337 136
338 136
339 136
340 18
341 18
342 18
343 1
344 18
345 136
346 136
347 136
348 18
349 136
350 18
351 136
352 18
353 136
354 18
355 136
356 136
357 136
358 1
359 18
360 18
361 136
362 18
363 136
364 136
365 1
366 18
367 18
368 18
369 19
370 18
371 18
372 1
373 18
374 56
375 136
376 136
377 136
378 136
379 18
380 136
381 19
382 18
383 18
384 56
385 56
386 18
387 136
388 136
389 18
390 136
391 136
392 18
393 18
394 18
395 136
396 18
397 136
398 56
399 136
400 18
401 136
402 18
403 18
404 18
405 136
406 136
407 136
408 136
409 18
410 18
411 1
412 136
413 18
414 18
415 136
416 1
417 136
418 18
419 18
420 18
421 1
422 19
423 18
424 18
425 136
426 136
427 18
428 136
429 18
430 136
431 18
432 136
433 136
434 18
435 18
436 136
437 18
438 18
439 18
440 18
441 136
442 136
443 56
444 136
445 136
446 136
447 18
448 136
449 18
450 19
451 18
452 18
453 18
454 18
455 18
456 136
457 18
458 136
459 18
460 136
461 136
462 136
463 18
464 136
465 18
466 18
467 18
468 18
469 18
470 18
471 136
472 18
473 136
474 18
475 136
476 18
477 18
478 18
479 19
480 18
481 1
482 136
483 18
484 18
485 18
486 18
487 18
488 136
489 18
490 136
491 18
492 18
493 19
494 19
495 18
496 136
497 18
498 18
499 18
500 18
501 18
502 18
503 136
504 136
505 136
506 18
507 1
508 136
509 18
510 18
511 18
512 136
513 18
514 18
515 136
516 136
517 18
518 1
519 18
520 18
521 18
522 136
523 136
524 18
525 18
526 18
527 18
528 18
529 18
530 136
531 18
532 18
533 18
534 18
535 136
536 18
537 18
538 18
539 18
540 136
541 18
542 18
543 136
544 18
545 1
546 18
547 18
548 136
549 136
550 18
551 136
552 18
553 18
554 19
555 18
556 18
557 18
558 136
559 18
560 18
561 136
562 18
563 18
564 18
565 136
566 18
567 18
568 1
569 18
570 136
571 136
572 18
573 18
574 18
575 1
576 136
577 18
578 18
579 18
580 18
581 18
582 1
583 56
584 18
585 136
586 18
587 136
588 136
589 1
590 56
591 136
592 18
593 18
594 136
595 136
596 18
597 136
598 18
599 18
600 18
601 18
602 56
603 136
604 1
605 19
606 18
607 18
608 18
609 18
610 18
611 18
612 18
613 1
614 136
615 18
616 136
617 18
618 18
619 18
620 136
621 136
622 18
623 18
624 56
625 18
626 18
627 136
628 18
629 136
630 136
631 136
632 136
633 18
634 18
635 136
636 136
637 136
638 18
639 18
640 136
641 136
642 18
643 136
644 56
645 136
646 18
647 136
648 136
649 18
650 136
651 18
652 18
653 18
654 18
655 18
656 136
657 18
658 136
659 18
660 18
661 136
662 18
663 18
664 136
665 136
666 56
667 136
668 18
669 136
670 18
671 18
672 136
673 18
674 18
675 18
676 136
677 136
678 18
679 18
680 136
681 18
682 18
683 136
684 18
685 1
686 18
687 18
688 19
689 18
690 136
691 136
692 136
693 18
694 136
695 136
696 18
697 136
698 18
699 136
700 18
701 136
702 136
703 136
704 18
705 136
706 18
707 18
708 136
709 18
710 18
711 18
712 18
713 18
714 18
715 136
716 1
717 136
718 136
719 136
720 18
721 136
722 18
723 18
724 18
725 18
726 18
727 136
728 18
729 1
730 136
731 18
732 136
733 18
734 56
735 18
736 18
737 18
738 18
739 18
740 136
741 18
742 18
743 136
744 136
745 18
746 1
747 18
748 136
749 18
750 56
751 136
752 18
753 18
754 136
755 136
756 18
757 18
758 136
759 18
760 18
761 1
762 18
763 136
764 18
765 136
766 136
767 136
768 18
769 18
770 18
771 18
772 136
773 18
774 18
775 18
776 136
777 18
778 18
779 56
780 136
781 136
782 18
783 136
784 136
785 18
786 18
787 136
788 18
789 136
790 136
791 18
792 18
793 18
794 136
795 136
796 136
797 18
798 18
799 19
800 18
801 136
802 136
803 18
804 18
805 18
806 18
807 18
808 18
809 136
810 18
811 136
812 18
813 18
814 136
815 136
816 136
817 18
818 18
819 18
820 18
821 18
822 136
823 136
824 136
825 18
826 136
827 1
828 136
829 18
830 136
831 18
832 18
833 136
834 1
835 136
836 18
837 18
838 18
839 18
840 136
841 1
842 136
843 18
844 18
845 136
846 136
847 136
848 1
849 136
850 136
851 136
852 18
853 18
854 18
855 1
856 18
857 136
858 136
859 136
860 18
861 136
862 18
863 18
864 136
865 136
866 18
867 136
868 136
869 18
870 18
871 18
872 18
873 18
874 18
875 18
876 18
877 18
878 19
879 136
880 136
881 18
882 136
883 18
884 136
885 136
886 136
887 136
888 136
889 136
890 18
891 56
892 18
893 136
894 136
895 18
896 18
897 136
898 136
899 18
900 18
901 136
902 18
903 18
904 18
905 136
906 136
907 18
908 136
909 18
910 18
911 136
912 18
913 18
914 1
915 18
916 56
917 18
918 18
919 19
920 18
921 136
922 136
923 136
924 18
925 1
926 136
927 18
928 136
929 136
930 56
931 136
932 18
933 18
934 136
935 136
936 1
937 18
938 19
939 18
940 136
941 136
942 136
943 18
944 136
945 136
946 18
947 136
948 136
949 18
950 18
951 1
952 136
953 18
954 18
955 136
956 1
957 136
958 18
959 18
960 18
961 1
962 19
963 18
964 18
965 136
966 136
967 18
968 136
969 18
970 136
971 18
972 136
973 136
974 18
975 18
976 1
977 18
978 136
979 136
980 136
981 136
982 136
983 18
984 136
985 136
986 18
987 136
988 18
989 18
990 18
991 18
992 136
993 18
994 18
995 56
996 136
997 18
998 136
999 136
1000 18
1001 136
1002 18
1003 18
1004 18
1005 18
1006 18
1007 18
1008 18
1009 18
1010 136
1011 136
1012 18
1013 1
1014 136
1015 136
1016 18
1017 136
1018 136
1019 136
1020 18
1021 19
1022 18
1023 18
1024 18
1025 136
1026 136
1027 18
1028 18
1029 136
1030 18
1031 18
1032 18
1033 136
1034 136
1035 18
1036 18
1037 18
1038 136
1039 18
1040 18
1041 18
1042 18
1043 18
1044 18
1045 18
1046 136
1047 136
1048 18
1049 18
1050 136
1051 136
1052 136
1053 56
1054 136
1055 18
1056 136
1057 136
1058 136
1059 136
1060 136
1061 136
1062 18
1063 136
1064 18
1065 18
1066 18
1067 18
1068 136
1069 18
1070 136
1071 136
1072 136
1073 18
1074 56
1075 136
1076 18
1077 136
1078 136
1079 56
1080 18
1081 136
1082 18
1083 136
1084 136
1085 136
1086 18
1087 136
1088 18
1089 18
1090 18
1091 18
1092 136
1093 18
1094 18
1095 136
1096 136
1097 136
1098 18
1099 18
1100 136
1101 18
1102 136
1103 136
1104 136
1105 1
1106 136
1107 18
1108 18
1109 18
1110 136
1111 18
1112 18
1113 136
1114 136
1115 18
1116 136
1117 18
1118 136
1119 18
1120 18
1121 18
1122 136
1123 136
1124 18
1125 136
1126 136
1127 18
1128 18
1129 18
1130 18
1131 18
1132 136
1133 18
1134 18
1135 1
1136 18
1137 136
1138 136
1139 18
1140 18
1141 18
1142 1
1143 136
1144 18
1145 18
1146 18
1147 18
1148 18
1149 1
1150 56
1151 18
1152 136
1153 18
1154 136
1155 136
1156 1
1157 56
1158 136
1159 18
1160 18
1161 136
1162 136
1163 1
1164 136
1165 18
1166 18
1167 18
1168 18
1169 18
1170 1
1171 136
1172 136
1173 136
1174 136
1175 18
1176 136
1177 18
1178 18
1179 136
1180 18
1181 18
1182 136
1183 136
1184 18
1185 18
1186 18
1187 136
1188 18
1189 136
1190 18
1191 136
1192 18
1193 136
1194 136
1195 136
1196 18
1197 136
1198 136
1199 136
1200 18
1201 1
1202 18
1203 19
1204 18
1205 136
1206 18
1207 18
1208 136
1209 18
1210 18
1211 18
1212 18
1213 136
1214 136
1215 18
1216 18
1217 136
1218 18
1219 136
1220 136
1221 18
1222 18
1223 136
1224 18
1225 18
1226 18
1227 136
1228 18
1229 18
1230 18
1231 18
1232 136
1233 18
1234 18
1235 18
1236 18
1237 136
1238 18
1239 18
1240 136
1241 18
1242 1
1243 18
1244 18
1245 136
1246 136
1247 18
1248 136
1249 18
1250 18
1251 19
1252 18
1253 18
1254 18
1255 136
1256 18
1257 18
1258 136
1259 1
1260 136
1261 18
1262 56
1263 18
1264 18
1265 136
1266 136
1267 18
1268 18
1269 136
1270 18
1271 18
1272 18
1273 18
1274 18
1275 18
1276 136
1277 136
1278 18
1279 136
1280 136
1281 18
1282 136
1283 19
1284 136
1285 136
1286 136
1287 136
1288 1
1289 136
1290 18
1291 136
1292 136
1293 136
1294 136
1295 18
1296 136
1297 18
1298 136
1299 18
1300 19
1301 1
1302 136
1303 136
1304 136
1305 136
1306 136
1307 18
1308 18
1309 136
1310 18
1311 136
1312 136
1313 18
1314 1
1315 136
1316 18
1317 136
1318 18
1319 136
1320 136
1321 136
1322 18
1323 136
1324 18
1325 136
1326 136
1327 18
1328 136
1329 136
1330 136
1331 136
1332 18
1333 136
1334 136
1335 18
1336 18
1337 18
1338 18
1339 136
1340 136
1341 136
1342 136
1343 18
1344 136
1345 18
1346 18
1347 18
1348 136
1349 18
1350 136
1351 18
1352 136
1353 136
1354 18
1355 18
1356 18
1357 18
1358 18
1359 18
1360 136
1361 136
1362 18
1363 18
1364 18
1365 136
1366 18
1367 18
1368 136
1369 18
1370 18
1371 18
1372 136
1373 18
1374 18
1375 136
1376 136
1377 136
1378 18
1379 136
1380 136
1381 136
1382 136
1383 18
1384 136
1385 18
1386 136
1387 18
1388 18
1389 18
1390 136
1391 18
1392 18
1393 136
1394 136
1395 56
1396 136
1397 136
1398 18
1399 18
1400 136
1401 19
1402 18
1403 136
1404 136
1405 1
1406 136
1407 18
1408 18
1409 136
1410 136
1411 18
1412 136
1413 136
1414 136
1415 136
1416 136
1417 136
1418 18
1419 18
1420 136
1421 18
1422 18
1423 18
1424 18
1425 18
1426 19
1427 18
1428 136
1429 136
1430 18
1431 18
1432 18
1433 18
1434 18
1435 18
1436 18
1437 18
1438 136
1439 136
1440 136
1441 18
1442 1
1443 136
1444 18
1445 18
1446 18
1447 136
1448 18
1449 18
1450 136
1451 136
1452 18
1453 1
1454 18
1455 18
1456 18
1457 136
1458 136
1459 18
1460 18
1461 18
1462 18
1463 18
1464 1
1465 136
1466 136
1467 136
1468 136
1469 18
1470 136
1471 18
1472 136
1473 18
1474 18
1475 1
1476 18
1477 136
1478 18
1479 136
1480 18
1481 136
1482 136
1483 18
1484 136
1485 18
1486 136
1487 18
1488 18
1489 19
1490 18
1491 18
1492 1
1493 18
1494 136
1495 136
1496 18
1497 18
1498 18
1499 1
1500 136
1501 136
1502 18
1503 136
1504 136
1505 18
1506 1
1507 18
1508 18
1509 136
1510 18
1511 136
1512 18
1513 1
1514 136
1515 136
1516 136
1517 18
1518 136
1519 18
1520 1
1521 18
1522 18
1523 19
1524 136
1525 56
1526 136
1527 1
1528 18
1529 18
1530 18
1531 136
1532 18
1533 136
1534 18
1535 136
1536 18
1537 136
1538 136
1539 18
1540 18
1541 136
1542 18
1543 136
1544 18
1545 18
1546 136
1547 18
1548 18
1549 18
1550 136
1551 136
1552 18
1553 18
1554 136
1555 18
1556 18
1557 136
1558 18
1559 1
1560 18
1561 18
1562 19
1563 18
1564 136
1565 136
1566 136
1567 18
1568 136
1569 136
1570 18
1571 136
1572 18
1573 136
1574 18
1575 136
1576 136
1577 136
1578 1
1579 136
1580 18
1581 136
1582 18
1583 18
1584 18
1585 18
1586 18
1587 18
1588 18
1589 136
1590 18
1591 136
1592 18
1593 136
1594 18
1595 18
1596 136
1597 18
1598 136
1599 19
1600 18
1601 18
1602 56
1603 56
1604 18
1605 136
1606 136
1607 18
1608 136
1609 136
1610 18
1611 18
1612 18
1613 136
1614 18
1615 136
1616 56
1617 136
1618 18
1619 136
1620 18
1621 18
1622 18
1623 136
1624 136
1625 1
1626 18
1627 136
1628 18
1629 136
1630 136
1631 136
1632 136
1633 18
1634 136
1635 18
1636 136
1637 18
1638 136
1639 18
1640 18
1641 18
1642 136
1643 136
1644 18
1645 136
1646 18
1647 18
1648 18
1649 136
1650 136
1651 136
1652 18
1653 18
1654 18
1655 136
1656 136
1657 136
1658 18
1659 136
1660 18
1661 136
1662 56
1663 18
1664 136
1665 136
1666 136
1667 136
1668 18
1669 18
1670 18
1671 136
1672 18
1673 136
1674 136
1675 136
1676 136
1677 136
1678 18
1679 18
1680 136
1681 136
1682 18
1683 136
1684 18
1685 136
1686 136
1687 136
1688 18
1689 18
1690 18
1691 18
1692 136
1693 18
1694 18
1695 18
1696 18
1697 18
1698 19
1699 136
1700 136
1701 18
1702 18
1703 18
1704 136
1705 18
1706 18
1707 18
1708 19
1709 18
1710 136
1711 18
1712 18
1713 18
1714 18
1715 136
1716 136
1717 18
1718 18
1719 18
1720 18
1721 18
1722 18
1723 136
1724 56
1725 18
1726 1
1727 18
1728 18
1729 18
1730 136
1731 18
1732 136
1733 136
1734 18
1735 18
1736 18
1737 136
1738 18
1739 18
1740 136
1741 1
1742 136
1743 18
1744 136
1745 136
1746 18
1747 18
1748 18
1749 18
1750 18
1751 18
1752 19
1753 18
1754 19
1755 18
1756 18
1757 136
1758 18
1759 136
1760 136
1761 18
1762 18
1763 18
1764 136
1765 18
1766 136
1767 56
1768 18
1769 136
1770 18
1771 136
1772 136
1773 136
1774 136
1775 136
1776 18
1777 18
1778 18
1779 18
1780 136
1781 136
1782 18
1783 18
1784 136
1785 136
1786 136
1787 136
1788 18
1789 18
1790 136
1791 18
1792 136
1793 18
1794 136
1795 18
1796 18
1797 136
1798 136
1799 18
1800 136
1801 18
1802 136
1803 19
1804 18
1805 136
1806 136
1807 18
1808 136
1809 18
1810 136
1811 18
1812 56
1813 136
1814 18
1815 18
1816 18
1817 18
1818 18
1819 18
1820 18
1821 136
1822 136
1823 136
1824 18
1825 136
1826 136
1827 18
1828 136
1829 136
1830 136
1831 136
1832 18
1833 18
1834 18
1835 18
1836 136
1837 136
1838 56
1839 136
1840 136
1841 136
1842 18
1843 136
1844 18
1845 19
1846 18
1847 18
1848 18
1849 18
1850 18
1851 136
1852 18
1853 136
1854 18
1855 136
1856 136
1857 136
1858 18
1859 136
1860 18
1861 1
1862 136
1863 18
1864 56
1865 18
1866 136
1867 18
1868 19
1869 136
1870 136
1871 136
1872 18
1873 136
1874 18
1875 18
1876 18
1877 136
1878 136
1879 18
1880 136
1881 136
1882 136
1883 18
1884 18
1885 18
1886 136
1887 136
1888 136
1889 136
1890 56
1891 136
1892 18
1893 136
1894 136
1895 136
1896 18
1897 136
1898 1
1899 136
1900 18
1901 136
1902 18
1903 18
1904 136
1905 1
1906 136
1907 18
1908 18
1909 18
1910 18
1911 136
1912 1
1913 136
1914 18
1915 18
1916 136
1917 136
1918 136
1919 1
1920 136
1921 136
1922 136
1923 18
1924 18
1925 18
1926 1
1927 18
1928 136
1929 136
1930 136
1931 18
1932 136
1933 1
1934 18
1935 18
1936 18
1937 136
1938 136
1939 136
1940 1
1941 18
1942 136
1943 18
1944 18
1945 136
1946 18
1947 18
1948 18
1949 136
1950 136
1951 18
1952 136
1953 19
1954 18
1955 18
1956 18
1957 136
1958 18
1959 18
1960 18
1961 18
1962 18
1963 18
1964 136
1965 136
1966 136
1967 18
1968 18
1969 136
1970 18
1971 136
1972 18
1973 18
1974 18
1975 136
1976 18
1977 18
1978 18
1979 18
1980 136
1981 18
1982 136
1983 136
1984 18
1985 1
1986 18
1987 18
1988 18
1989 18
1990 18
1991 136
1992 136
1993 136
1994 18
1995 18
1996 136
1997 18
1998 18
1999 136
2000 136
2001 136
2002 136
2003 18
2004 18
2005 136
2006 18
2007 136
2008 18
2009 18
2010 18
2011 18
2012 18
2013 18
2014 136
2015 18
2016 18
2017 18
2018 136
2019 18
2020 18
2021 136
2022 18
2023 18
2024 18
2025 18
2026 18
2027 18
2028 136
2029 1
2030 136
2031 136
2032 136
2033 18
2034 136
2035 18
2036 18
2037 18
2038 18
2039 18
2040 136
2041 18
2042 1
2043 136
2044 18
2045 136
2046 18
2047 56
2048 18
2049 18
2050 18
2051 18
2052 18
2053 136
2054 18
2055 1
2056 136
2057 18
2058 18
2059 18
2060 18
2061 136
2062 136
2063 56
2064 18
2065 136
2066 136
2067 136
2068 1
2069 18
2070 18
2071 18
2072 18
2073 136
2074 18
2075 136
2076 18
2077 136
2078 136
2079 18
2080 18
2081 136
2082 136
2083 18
2084 18
2085 136
2086 18
2087 18
2088 18
2089 18
2090 136
2091 1
2092 136
2093 18
2094 136
2095 136
2096 136
2097 18
2098 136
2099 18
2100 18
2101 18
2102 1
2103 136
2104 136
2105 136
2106 136
2107 136
2108 19
2109 18
2110 18
2111 18
2112 18
2113 1
2114 18
2115 136
2116 18
2117 18
2118 136
2119 136
2120 136
2121 18
2122 18
2123 136
2124 1
2125 18
2126 136
2127 136
2128 18
2129 18
2130 136
2131 18
2132 136
2133 136
2134 136
2135 1
2136 18
2137 136
2138 18
2139 18
2140 18
2141 136
2142 136
2143 19
2144 19
2145 18
2146 18
2147 18
2148 136
2149 136
2150 18
2151 136
2152 18
2153 136
2154 18
2155 18
2156 136
2157 19
2158 18
2159 18
2160 18
2161 18
2162 18
2163 18
2164 18
2165 136
2166 136
2167 136
2168 136
2169 18
2170 18
2171 18
2172 18
2173 136
2174 136
2175 18
2176 136
2177 18
2178 18
2179 136
2180 136
2181 136
2182 18
2183 136
2184 136
2185 18
2186 18
2187 18
2188 136
2189 18
2190 18
2191 18
2192 18
2193 18
2194 136
2195 136
2196 136
2197 18
2198 136
2199 18
2200 136
2201 18
2202 136
2203 136
2204 136
2205 136
2206 18
2207 18
2208 18
2209 18
2210 18
2211 136
2212 136
2213 136
2214 136
2215 18
2216 18
2217 18
2218 136
2219 18
2220 18
2221 18
2222 136
2223 18
2224 18
2225 18
2226 136
2227 18
2228 1
2229 136
2230 136
2231 136
2232 136
2233 18
2234 18
2235 136
2236 136
2237 136
2238 18
2239 56
2240 18
2241 18
2242 18
2243 18
2244 136
2245 1
2246 18
2247 136
2248 136
2249 136
2250 136
2251 136
2252 18
2253 56
2254 136
2255 136
2256 18
2257 136
2258 136
2259 136
2260 18
2261 136
2262 1
2263 18
2264 136
2265 18
2266 18
2267 136
2268 18
2269 136
2270 56
2271 18
2272 18
2273 18
2274 18
2275 18
2276 18
2277 136
2278 18
2279 18
2280 136
2281 18
2282 18
2283 56
2284 136
2285 18
2286 136
2287 136
2288 18
2289 136
2290 18
2291 18
2292 18
2293 18
2294 18
2295 18
2296 18
2297 18
2298 136
2299 136
2300 18
2301 1
2302 136
2303 136
2304 18
2305 136
2306 136
2307 136
2308 18
2309 19
2310 18
2311 18
2312 18
2313 136
2314 136
2315 18
2316 18
2317 136
2318 18
2319 18
2320 18
2321 136
2322 136
2323 18
2324 1
2325 136
2326 136
2327 18
2328 136
2329 18
2330 136
2331 136
2332 18
2333 136
2334 18
2335 18
2336 19
2337 18
2338 136
2339 18
2340 136
2341 136
2342 136
2343 18
2344 18
2345 18
2346 18
2347 136
2348 136
2349 136
2350 18
2351 136
2352 136
2353 1
2354 18
2355 19
2356 136
2357 136
2358 136
2359 136
2360 1
2361 18
2362 136
2363 18
2364 136
2365 136
2366 136
2367 1
2368 136
2369 136
2370 18
2371 18
2372 136
2373 18
2374 1
2375 18
2376 18
2377 136
2378 136
2379 18
2380 136
2381 1
2382 136
2383 18
2384 18
2385 136
2386 18
2387 136
2388 136
2389 136
2390 136
2391 18
2392 136
2393 136
2394 136
2395 18
2396 136
2397 18
2398 136
2399 18
2400 136
2401 136
2402 18
2403 18
2404 18
2405 136
2406 136
2407 18
2408 18
2409 18
2410 136
2411 18
2412 18
2413 136
2414 136
2415 18
2416 136
2417 136
2418 18
2419 136
2420 18
2421 18
2422 136
2423 18
2424 136
2425 136
2426 136
2427 18
2428 18
2429 18
2430 136
2431 136
2432 136
2433 136
2434 18
2435 18
2436 18
2437 136
2438 136
2439 18
2440 18
2441 136
2442 18
2443 18
2444 136
2445 19
2446 136
2447 136
2448 136
2449 136
2450 136
2451 18
2452 136
2453 136
2454 136
2455 18
2456 18
2457 136
2458 136
2459 136
2460 18
2461 136
2462 136
2463 18
2464 18
2465 18
2466 136
2467 136
2468 136
2469 136
2470 18
2471 136
2472 136
2473 136
2474 136
2475 18
2476 136
2477 18
2478 18
2479 18
2480 18
2481 136
2482 136
2483 18
2484 18
2485 136
2486 56
2487 136
2488 18
2489 18
2490 136
2491 18
2492 136
2493 18
2494 136
2495 136
2496 136
2497 18
2498 136
2499 18
2500 18
2501 136
2502 18
2503 136
2504 136
2505 18
2506 136
2507 136
2508 18
2509 18
2510 136
2511 136
2512 18
2513 18
2514 18
2515 18
2516 136
2517 136
2518 136
2519 136
2520 18
2521 1
2522 136
2523 56
2524 18
2525 136
2526 136
2527 18
2528 18
2529 136
2530 136
2531 136
2532 136
2533 136
2534 18
2535 136
2536 136
2537 136
2538 18
2539 18
2540 18
2541 18
2542 136
2543 136
2544 136
2545 18
2546 136
2547 18
2548 18
2549 136
2550 18
2551 18
2552 18
2553 136
2554 136
2555 18
2556 136
2557 136
2558 136
2559 136
2560 136
2561 136
2562 18
2563 136
2564 136
2565 136
2566 136
2567 18
2568 18
2569 18
2570 136
2571 18
2572 136
2573 19
2574 18
2575 18
2576 18
2577 18
2578 136
2579 136
2580 136
2581 18
2582 18
2583 18
2584 18
2585 18
2586 19
2587 18
2588 18
2589 136
2590 136
2591 18
2592 136
2593 56
2594 136
2595 136
2596 136
2597 18
2598 18
2599 56
2600 136
2601 18
2602 18
2603 136
2604 136
2605 18
2606 136
2607 18
2608 136
2609 18
2610 56
2611 18
2612 18
2613 136
2614 18
2615 136
2616 136
2617 18
2618 19
2619 136
2620 136
2621 18
2622 18
2623 136
2624 18
2625 18
2626 18
2627 136
2628 136
2629 136
2630 136
2631 18
2632 18
2633 136
2634 136
2635 136
2636 18
2637 18
2638 136
2639 136
2640 18
2641 136
2642 56
2643 136
2644 18
2645 136
2646 136
2647 18
2648 136
2649 18
2650 18
2651 18
2652 18
2653 18
2654 136
2655 18
2656 136
2657 18
2658 18
2659 136
2660 18
2661 18
2662 136
2663 136
2664 56
2665 1
2666 136
2667 136
2668 136
2669 18
2670 136
2671 18
2672 136
2673 18
2674 18
2675 18
2676 56
2677 136
2678 18
2679 18
2680 19
2681 18
2682 136
2683 136
2684 18
2685 136
2686 136
2687 18
2688 136
2689 18
2690 18
2691 18
2692 136
2693 18
2694 18
2695 18
2696 18
2697 18
2698 136
2699 18
2700 136
2701 136
2702 18
2703 18
2704 136
2705 18
2706 18
2707 136
2708 136
2709 18
2710 18
2711 18
2712 136
2713 18
2714 136
2715 18
2716 136
2717 18
2718 136
2719 136
2720 136
2721 18
2722 136
2723 136
2724 136
2725 18
2726 1
2727 18
2728 19
2729 18
2730 136
2731 18
2732 18
2733 136
2734 18
2735 18
2736 18
2737 18
2738 136
2739 136
2740 18
2741 18
2742 136
2743 18
2744 136
2745 136
2746 18
2747 18
2748 136
2749 18
2750 18
2751 1
2752 136
2753 18
2754 136
2755 136
2756 136
2757 136
2758 18
2759 136
2760 18
2761 18
2762 136
2763 18
2764 136
2765 136
2766 18
2767 18
2768 136
2769 136
2770 136
2771 136
2772 136
2773 18
2774 136
2775 136
2776 18
2777 56
2778 18
2779 136
2780 18
2781 136
2782 136
2783 18
2784 18
2785 18
2786 18
2787 136
2788 18
2789 18
2790 18
2791 136
2792 18
2793 19
2794 1
2795 136
2796 18
2797 18
2798 136
2799 19
2800 136
2801 136
2802 18
2803 136
2804 136
2805 136
2806 18
2807 18
2808 136
2809 56
2810 136
2811 136
2812 136
2813 1
2814 18
2815 136
2816 136
2817 136
2818 136
2819 18
2820 136
2821 18
2822 18
2823 18
2824 136
2825 136
2826 136
2827 18
2828 18
2829 18
2830 19
2831 18
2832 1
2833 18
2834 18
2835 136
2836 136
2837 56
2838 136
2839 18
2840 18
2841 19
2842 18
2843 18
2844 136
2845 136
2846 18
2847 18
2848 136
2849 136
2850 136
2851 18
2852 18
2853 18
2854 18
2855 18
2856 18
2857 136
2858 136
2859 136
2860 18
2861 1
2862 136
2863 18
2864 18
2865 18
2866 136
2867 18
2868 18
2869 136
2870 136
2871 18
2872 1
2873 18
2874 18
2875 18
2876 136
2877 136
2878 18
2879 18
2880 18
2881 18
2882 18
2883 1
2884 136
2885 136
2886 136
2887 136
2888 18
2889 136
2890 18
2891 136
2892 18
2893 18
2894 1
2895 18
2896 136
2897 18
2898 136
2899 18
2900 136
2901 136
2902 18
2903 136
2904 18
2905 1
2906 136
2907 136
2908 136
2909 136
2910 136
2911 136
2912 18
2913 136
2914 136
2915 18
2916 1
2917 18
2918 136
2919 136
2920 18
2921 18
2922 136
2923 136
2924 18
2925 18
2926 18
2927 136
2928 18
2929 136
2930 18
2931 136
2932 136
2933 136
2934 56
2935 18
2936 18
2937 18
2938 18
2939 1
2940 136
2941 136
2942 136
2943 136
2944 136
2945 18
2946 136
2947 18
2948 18
2949 136
2950 136
2951 136
2952 1
2953 136
2954 136
2955 136
2956 136
2957 136
2958 136
2959 18
2960 136
2961 136
2962 18
2963 18
2964 136
2965 1
2966 136
2967 18
2968 136
2969 18
2970 18
2971 136
2972 18
2973 18
2974 18
2975 136
2976 18
2977 136
2978 1
2979 18
2980 136
2981 56
2982 136
2983 18
2984 136
2985 18
2986 136
2987 136
2988 56
2989 136
2990 136
2991 1
2992 136
2993 136
2994 18
2995 18
2996 18
2997 136
2998 136
2999 136
3000 18
3001 136
3002 136
3003 136
3004 136
3005 136
3006 18
3007 136
3008 18
3009 18
3010 136
3011 136
3012 136
3013 136
3014 136
3015 136
3016 18
3017 18
3018 19
3019 18
3020 18
3021 136
3022 136
3023 18
3024 136
3025 136
3026 18
3027 136
3028 136
3029 136
3030 18
3031 18
3032 18
3033 136
3034 136
3035 136
3036 136
3037 18
3038 136
3039 18
3040 136
3041 136
3042 136
3043 18
3044 18
3045 18
3046 136
3047 18
3048 136
3049 18
3050 18
3051 19
3052 18
3053 136
3054 18
3055 136
3056 136
3057 18
3058 136
3059 136
3060 136
3061 18
3062 136
3063 18
3064 18
3065 19
3066 18
3067 136
3068 136
3069 136
3070 19
3071 136
3072 136
3073 136
3074 18
3075 18
3076 18
3077 18
3078 18
3079 18
3080 18
3081 136
3082 18
3083 18
3084 136
3085 18
3086 18
3087 18
3088 136
3089 18
3090 18
3091 18
3092 136
3093 136
3094 18
3095 18
3096 18
3097 56
3098 18
3099 136
3100 18
3101 18
3102 136
3103 136
3104 18
3105 136
3106 136
3107 136
3108 18
3109 136
3110 18
3111 18
3112 18
3113 136
3114 136
3115 136
3116 18
3117 136
3118 18
3119 136
3120 18
3121 1
3122 18
3123 18
3124 136
3125 136
3126 136
3127 136
3128 136
3129 18
3130 18
3131 18
3132 136
3133 136
3134 136
3135 136
3136 18
3137 136
3138 136
3139 136
3140 136
3141 18
3142 18
3143 136
3144 136
3145 136
3146 18
3147 18
3148 18
3149 18
3150 136
3151 18
3152 136
3153 18
3154 136
3155 18
3156 18
3157 18
3158 136
3159 18
3160 136
3161 136
3162 136
3163 136
3164 136
3165 18
3166 136
3167 18
3168 136
3169 18
3170 18
3171 18
3172 136
3173 18
3174 18
3175 136
3176 136
3177 56
3178 136
3179 136
3180 18
3181 18
3182 136
3183 19
3184 18
3185 136
3186 136
3187 1
3188 136
3189 18
3190 18
3191 136
3192 136
3193 18
3194 136
3195 136
3196 136
3197 136
3198 136
3199 136
3200 18
3201 18
3202 136
3203 18
3204 18
3205 18
3206 18
3207 18
3208 19
3209 18
3210 136
3211 136
3212 18
3213 18
3214 1
3215 18
3216 18
3217 18
3218 18
3219 136
3220 136
3221 136
3222 18
3223 136
3224 136
3225 18
3226 136
3227 18
3228 18
3229 18
3230 136
3231 136
3232 136
3233 136
3234 18
3235 136
3236 18
3237 136
3238 18
3239 136
3240 18
3241 136
3242 18
3243 136
3244 136
3245 18
3246 18
3247 136
3248 18
3249 136
3250 136
3251 18
3252 18
3253 18
3254 136
3255 136
3256 136
3257 18
3258 18
3259 19
3260 18
3261 136
3262 136
3263 18
3264 18
3265 18
3266 18
3267 18
3268 18
3269 136
3270 18
3271 136
3272 18
3273 18
3274 136
3275 136
3276 136
3277 18
3278 18
3279 18
3280 18
3281 1
3282 136
3283 18
3284 136
3285 18
3286 18
3287 136
3288 18
3289 18
3290 18
3291 136
3292 136
3293 18
3294 136
3295 136
3296 18
3297 18
3298 18
3299 136
3300 136
3301 18
3302 136
3303 136
3304 136
3305 18
3306 18
3307 18
3308 136
3309 18
3310 18
3311 136
3312 136
3313 136
3314 18
3315 18
3316 18
3317 18
3318 136
3319 18
3320 136
3321 18
3322 18
3323 136
3324 136
3325 19
3326 136
3327 136
3328 18
3329 18
3330 136
3331 18
3332 136
3333 18
3334 136
3335 136
3336 18
3337 18
3338 18
3339 18
3340 136
3341 136
3342 19
3343 18
3344 136
3345 136
3346 136
3347 136
3348 18
3349 18
3350 136
3351 136
3352 136
3353 18
3354 136
3355 18
3356 136
3357 136
3358 18
3359 136
3360 18
3361 136
3362 136
3363 18
3364 136
3365 136
3366 18
3367 136
3368 136
3369 18
3370 18
3371 18
3372 136
3373 18
3374 18
3375 136
3376 18
3377 18
3378 136
3379 136
3380 136
3381 18
3382 136
3383 19
3384 136
3385 18
3386 136
3387 18
3388 18
3389 18
3390 18
3391 136
3392 18
3393 18
3394 136
3395 18
3396 136
3397 136
3398 136
3399 18
3400 136
3401 136
3402 136
3403 18
3404 18
3405 136
3406 18
3407 18
3408 136
3409 136
3410 1
3411 18
3412 18
3413 136
3414 136
3415 136
3416 18
3417 1
3418 18
3419 136
3420 18
3421 18
3422 56
3423 18
3424 1
3425 18
3426 18
3427 18
3428 18
3429 56
3430 18
3431 136
3432 136
3433 18
3434 18
3435 136
3436 18
3437 136
3438 18
3439 136
3440 18
3441 18
3442 136
3443 136
3444 18
3445 1
3446 18
3447 18
3448 136
3449 18
3450 136
3451 18
3452 18
3453 136
3454 18
3455 136
3456 18
3457 18
3458 56
3459 136
3460 18
3461 18
3462 18
3463 136
3464 18
3465 136
3466 136
3467 136
3468 136
3469 18
3470 18
3471 18
3472 136
3473 18
3474 18
3475 136
3476 18
3477 18
3478 136
3479 18
3480 18
3481 18
3482 18
3483 56
3484 136
3485 136
3486 18
3487 18
3488 136
3489 18
3490 18
3491 18
3492 18
3493 136
3494 18
3495 18
3496 18
3497 18
3498 136
3499 18
3500 18
3501 136
3502 18
3503 1
3504 18
3505 18
3506 136
3507 136
3508 18
3509 136
3510 18
3511 18
3512 19
3513 18
3514 18
3515 18
3516 136
3517 18
3518 18
3519 136
3520 1
3521 136
3522 18
3523 56
3524 18
3525 18
3526 136
3527 136
3528 18
3529 18
3530 136
3531 18
3532 18
3533 18
3534 18
3535 18
3536 18
3537 1
3538 18
3539 18
3540 136
3541 18
3542 19
3543 136
3544 136
3545 18
3546 18
3547 136
3548 18
3549 18
3550 56
3551 18
3552 18
3553 18
3554 1
3555 19
3556 136
3557 18
3558 136
3559 18
3560 18
3561 136
3562 18
3563 136
3564 136
3565 18
3566 136
3567 18
3568 18
3569 136
3570 136
3571 18
3572 18
3573 136
3574 136
3575 18
3576 136
3577 136
3578 18
3579 18
3580 18
3581 18
3582 18
3583 18
3584 18
3585 18
3586 18
3587 19
3588 136
3589 136
3590 18
3591 136
3592 18
3593 136
3594 136
3595 136
3596 136
3597 136
3598 136
3599 18
3600 56
3601 18
3602 136
3603 136
3604 18
3605 18
3606 136
3607 136
3608 18
3609 18
3610 136
3611 18
3612 18
3613 1
3614 18
3615 18
3616 136
3617 56
3618 18
3619 18
3620 136
3621 136
3622 18
3623 18
3624 136
3625 18
3626 136
3627 136
3628 18
3629 136
3630 18
3631 18
3632 136
3633 18
3634 136
3635 136
3636 19
3637 18
3638 18
3639 18
3640 18
3641 136
3642 136
3643 18
3644 18
3645 18
3646 18
3647 19
3648 18
3649 136
3650 18
3651 18
3652 136
3653 136
3654 18
3655 136
3656 18
3657 136
3658 19
3659 18
3660 18
3661 56
3662 56
3663 18
3664 136
3665 136
3666 18
3667 136
3668 136
3669 18
3670 18
3671 18
3672 136
3673 18
3674 136
3675 56
3676 136
3677 18
3678 136
3679 18
3680 18
3681 18
3682 136
3683 136
3684 1
3685 18
3686 136
3687 18
3688 136
3689 136
3690 136
3691 136
3692 18
3693 136
3694 18
3695 136
3696 18
3697 136
3698 18
3699 18
3700 18
3701 136
3702 136
3703 18
3704 136
3705 18
3706 18
3707 18
3708 136
3709 136
3710 136
3711 18
3712 18
3713 1
3714 136
3715 18
3716 18
3717 136
3718 18
3719 136
3720 18
3721 136
3722 136
3723 136
3724 136
3725 18
3726 136
3727 136
3728 136
3729 18
3730 18
3731 18
3732 18
3733 136
3734 136
3735 18
3736 56
3737 18
3738 19
3739 18
3740 136
3741 136
3742 18
3743 136
3744 56
3745 136
3746 136
3747 136
3748 136
3749 136
3750 18
3751 18
3752 1
3753 18
3754 18
3755 18
3756 18
3757 18
3758 18
3759 18
3760 18
3761 18
3762 18
3763 1
3764 18
3765 136
3766 136
3767 136
3768 136
3769 136
3770 136
3771 136
3772 136
3773 18
3774 1
3775 18
3776 18
3777 136
3778 18
3779 136
3780 136
3781 18
3782 136
3783 18
3784 18
3785 1
3786 56
3787 136
3788 18
3789 136
3790 18
3791 56
3792 18
3793 136
3794 136
3795 18
3796 1
3797 18
3798 18
3799 136
3800 18
3801 18
3802 136
3803 18
3804 136
3805 18
3806 18
3807 1
3808 136
3809 136
3810 18
3811 19
3812 136
3813 18
3814 18
3815 18
3816 136
3817 136
3818 1
3819 18
3820 136
3821 136
3822 136
3823 18
3824 136
3825 18
3826 18
3827 18
3828 136
3829 18
3830 18
3831 136
3832 18
3833 18
3834 56
3835 136
3836 136
3837 136
3838 19
3839 136
3840 18
3841 18
3842 136
3843 136
3844 19
3845 136
3846 18
3847 18
3848 136
3849 18
3850 18
3851 18
3852 136
3853 136
3854 136
3855 18
3856 18
3857 18
3858 18
3859 136
3860 18
3861 18
3862 18
3863 136
3864 18
3865 19
3866 136
3867 18
3868 18
3869 18
3870 136
3871 136
3872 56
3873 136
3874 18
3875 136
3876 136
3877 136
3878 136
3879 18
3880 18
3881 18
3882 18
3883 18
3884 18
3885 18
3886 136
3887 136
3888 18
3889 136
3890 136
3891 18
3892 18
3893 136
3894 18
3895 136
3896 19
3897 18
3898 136
3899 136
3900 136
3901 136
3902 18
3903 136
3904 18
3905 18
3906 18
3907 136
3908 18
3909 18
3910 136
3911 136
3912 18
3913 136
3914 19
3915 136
3916 18
3917 18
3918 18
3919 136
3920 136
3921 18
3922 18
3923 136
3924 18
3925 18
3926 18
3927 18
3928 18
3929 18
3930 19
3931 18
3932 18
3933 18
3934 18
3935 18
3936 136
3937 18
3938 18
3939 18
3940 18
3941 18
3942 18
3943 136
3944 18
3945 18
3946 18
3947 136
3948 18
3949 136
3950 136
3951 136
3952 18
3953 18
3954 18
3955 136
3956 18
3957 18
3958 18
3959 56
3960 136
3961 1
3962 136
3963 136
3964 18
3965 18
3966 18
3967 136
3968 19
3969 18
3970 18
3971 18
3972 136
3973 18
3974 18
3975 18
3976 18
3977 18
3978 18
3979 136
3980 136
3981 136
3982 18
3983 136
3984 136
3985 136
3986 18
3987 18
3988 136
3989 19
3990 18
3991 136
3992 18
3993 18
3994 18
3995 136
3996 18
3997 136
3998 136
3999 18
4000 18
4001 136
4002 18
4003 18
4004 18
4005 18
4006 18
4007 136
4008 18
4009 18
4010 136
4011 18
4012 18
4013 18
4014 18
4015 18
4016 18
4017 136
4018 1
4019 136
4020 136
4021 136
4022 18
4023 136
4024 18
4025 18
4026 18
4027 18
4028 18
4029 136
4030 18
4031 1
4032 136
4033 18
4034 136
4035 18
4036 56
4037 18
4038 18
4039 18
4040 18
4041 18
4042 136
4043 18
4044 1
4045 136
4046 18
4047 18
4048 18
4049 18
4050 136
4051 136
4052 56
4053 18
4054 136
4055 136
4056 136
4057 1
4058 18
4059 18
4060 18
4061 18
4062 136
4063 18
4064 136
4065 18
4066 136
4067 136
4068 18
4069 18
4070 1
4071 18
4072 18
4073 18
4074 18
4075 136
4076 18
4077 18
4078 18
4079 136
4080 18
4081 18
4082 18
4083 1
4084 136
4085 136
4086 18
4087 18
4088 18
4089 136
4090 18
4091 18
4092 18
4093 136
4094 18
4095 19
4096 136
4097 18
4098 136
4099 18
4100 18
4101 136
4102 136
4103 18
4104 136
4105 136
4106 18
4107 136
4108 136
4109 136
4110 18
4111 18
4112 136
4113 136
4114 136
4115 136
4116 18
4117 136
4118 1
4119 136
4120 136
4121 136
4122 18
4123 18
4124 18
4125 18
4126 136
4127 18
4128 18
4129 136
4130 18
4131 18
4132 136
4133 18
4134 18
4135 136
4136 136
4137 136
4138 18
4139 136
4140 136
4141 1
4142 18
4143 136
4144 18
4145 18
4146 18
4147 136
4148 136
4149 136
4150 136
4151 18
4152 136
4153 136
4154 136
4155 136
4156 18
4157 18
4158 136
4159 136
4160 18
4161 18
4162 18
4163 19
4164 1
4165 18
4166 18
4167 136
4168 18
4169 18
4170 136
4171 18
4172 18
4173 136
4174 18
4175 18
4176 18
4177 18
4178 136
4179 18
4180 136
4181 136
4182 18
4183 18
4184 136
4185 18
4186 18
4187 136
4188 18
4189 18
4190 18
4191 18
4192 136
4193 136
4194 56
4195 136
4196 136
4197 136
4198 18
4199 136
4200 18
4201 19
4202 18
4203 18
4204 18
4205 18
4206 18
4207 136
4208 18
4209 136
4210 18
4211 136
4212 136
4213 136
4214 18
4215 136
4216 18
4217 1
4218 136
4219 18
4220 56
4221 18
4222 136
4223 18
4224 19
4225 136
4226 136
4227 136
4228 18
4229 136
4230 18
4231 18
4232 18
4233 136
4234 136
4235 18
4236 136
4237 136
4238 136
4239 18
4240 18
4241 18
4242 136
4243 136
4244 136
4245 136
4246 56
4247 136
4248 1
4249 18
4250 136
4251 19
4252 136
4253 18
4254 18
4255 136
4256 136
4257 136
4258 136
4259 18
4260 136
4261 18
4262 18
4263 136
4264 18
4265 18
4266 136
4267 18
4268 136
4269 18
4270 19
4271 136
4272 136
4273 18
4274 18
4275 18
4276 18
4277 18
4278 136
4279 18
4280 18
4281 136
4282 18
4283 18
4284 18
4285 18
4286 18
4287 18
4288 18
4289 136
4290 136
4291 18
4292 18
4293 136
4294 136
4295 136
4296 56
4297 136
4298 18
4299 136
4300 136
4301 136
4302 136
4303 136
4304 136
4305 18
4306 136
4307 18
4308 18
4309 18
4310 18
4311 136
4312 18
4313 136
4314 136
4315 136
4316 18
4317 56
4318 136
4319 18
4320 136
4321 136
4322 56
4323 18
4324 136
4325 1
4326 18
4327 18
4328 18
4329 136
4330 136
4331 18
4332 18
4333 136
4334 136
4335 136
4336 136
4337 18
4338 136
4339 19
4340 136
4341 136
4342 18
4343 18
4344 18
4345 18
4346 136
4347 18
4348 18
4349 136
4350 18
4351 18
4352 18
4353 18
4354 136
4355 136
4356 136
4357 19
4358 18
4359 136
4360 56
4361 136
4362 18
4363 18
4364 18
4365 18
4366 136
4367 18
4368 136
4369 18
4370 18
4371 18
4372 136
4373 18
4374 136
4375 18
4376 18
4377 136
4378 18
4379 18
4380 18
4381 136
4382 136
4383 18
4384 18
4385 136
4386 18
4387 18
4388 136
4389 18
4390 1
4391 18
4392 18
4393 19
4394 18
4395 136
4396 136
4397 136
4398 18
4399 136
4400 136
4401 18
4402 136
4403 18
4404 136
4405 18
4406 136
4407 136
4408 136
4409 1
4410 136
4411 18
4412 136
4413 18
4414 18
4415 18
4416 18
4417 18
4418 18
4419 18
4420 136
4421 18
4422 136
4423 18
4424 136
4425 18
4426 18
4427 136
4428 1
4429 136
4430 18
4431 136
4432 18
4433 136
4434 19
4435 136
4436 56
4437 18
4438 136
4439 136
4440 18
4441 18
4442 18
4443 18
4444 136
4445 18
4446 136
4447 1
4448 18
4449 136
4450 18
4451 18
4452 136
4453 136
4454 18
4455 18
4456 136
4457 136
4458 18
4459 18
4460 56
4461 18
4462 136
4463 18
4464 136
4465 136
4466 136
4467 18
4468 18
4469 136
4470 18
4471 19
4472 136
4473 136
4474 18
4475 18
4476 18
4477 136
4478 18
4479 136
4480 136
4481 136
4482 18
4483 18
4484 18
4485 136
4486 136
4487 136
4488 18
4489 136
4490 136
4491 56
4492 18
4493 18
4494 136
4495 18
4496 19
4497 18
4498 19
4499 18
4500 18
4501 18
4502 18
4503 18
4504 18
4505 136
4506 136
4507 18
4508 18
4509 136
4510 136
4511 18
4512 18
4513 1
4514 136
4515 136
4516 18
4517 18
4518 18
4519 18
4520 18
4521 18
4522 136
4523 18
4524 18
4525 18
4526 136
4527 19
4528 56
4529 136
4530 18
4531 18
4532 136
4533 18
4534 18
4535 18
4536 18
4537 136
4538 136
4539 18
4540 18
4541 56
4542 18
4543 18
4544 18
4545 18
4546 18
4547 18
4548 136
4549 18
4550 18
4551 18
4552 18
4553 136
4554 136
4555 18
4556 136
4557 136
4558 18
4559 18
4560 18
4561 18
4562 18
4563 18
4564 136
4565 136
4566 18
4567 18
4568 18
4569 19
4570 136
4571 136
4572 136
4573 136
4574 18
4575 18
4576 136
4577 136
4578 18
4579 136
4580 136
4581 18
4582 136
4583 18
4584 18
4585 18
4586 56
4587 136
4588 18
4589 136
4590 136
4591 136
4592 18
4593 19
4594 18
4595 18
4596 136
4597 136
4598 18
4599 136
4600 136
4601 18
4602 56
4603 136
4604 136
4605 19
4606 18
4607 18
4608 136
4609 136
4610 18
4611 18
4612 18
4613 18
4614 136
4615 18
4616 136
4617 18
4618 136
4619 18
4620 18
4621 136
4622 19
4623 56
4624 18
4625 18
4626 19
4627 18
4628 136
4629 18
4630 136
4631 136
4632 18
4633 136
4634 136
4635 18
4636 136
4637 136
4638 18
4639 136
4640 18
4641 18
4642 18
4643 136
4644 18
4645 18
4646 18
4647 18
4648 18
4649 136
4650 136
4651 136
4652 136
4653 136
4654 18
4655 136
4656 18
4657 18
4658 18
4659 18
4660 136
4661 18
4662 18
4663 18
4664 136
4665 136
4666 18
4667 136
4668 18
4669 18
4670 1
4671 136
4672 136
4673 18
4674 136
4675 18
4676 18
4677 18
4678 18
4679 18
4680 18
4681 136
4682 18
4683 136
4684 18
4685 136
4686 18
4687 18
4688 18
4689 18
4690 18
4691 18
4692 18
4693 18
4694 136
4695 18
4696 136
4697 18
4698 136
4699 18
4700 18
4701 18
4702 136
4703 136
4704 136
4705 1
4706 18
4707 136
4708 136
4709 18
4710 18
4711 18
4712 18
4713 136
4714 18
4715 136
4716 136
4717 18
4718 136
4719 18
4720 18
4721 18
4722 18
4723 136
4724 136
4725 18
4726 18
4727 18
4728 18
4729 18
4730 18
4731 18
4732 18
4733 19
4734 18
4735 136
4736 18
4737 18
4738 136
4739 18
4740 136
4741 136
4742 18
4743 18
4744 18
4745 136
4746 18
4747 136
4748 18
4749 18
4750 136
4751 136
4752 136
4753 18
4754 136
4755 136
4756 18
4757 18
4758 136
4759 18
4760 18
4761 18
4762 18
4763 136
4764 1
4765 136
4766 18
4767 136
4768 136
4769 136
4770 18
4771 136
4772 18
4773 18
4774 18
4775 1
4776 136
4777 136
4778 136
4779 136
4780 136
4781 19
4782 18
4783 18
4784 18
4785 18
4786 1
4787 18
4788 136
4789 18
4790 18
4791 136
4792 136
4793 136
4794 18
4795 18
4796 136
4797 1
4798 18
4799 136
4800 136
4801 18
4802 18
4803 136
4804 18
4805 136
4806 136
4807 136
4808 1
4809 18
4810 136
4811 18
4812 18
4813 18
4814 136
4815 136
4816 19
4817 19
4818 18
4819 1
4820 18
4821 56
4822 18
4823 18
4824 18
4825 18
4826 18
4827 136
4828 136
4829 136
4830 1
4831 18
4832 18
4833 18
4834 18
4835 18
4836 18
4837 18
4838 136
4839 136
4840 56
4841 1
4842 19
4843 18
4844 136
4845 18
4846 56
4847 18
4848 18
4849 136
4850 18
4851 136
4852 18
4853 136
4854 136
4855 136
4856 136
4857 136
4858 18
4859 18
4860 18
4861 18
4862 18
4863 136
4864 18
4865 18
4866 136
4867 136
4868 136
4869 136
4870 136
4871 136
4872 18
4873 136
4874 136
4875 18
4876 1
4877 136
4878 136
4879 18
4880 136
4881 18
4882 136
4883 18
4884 18
4885 136
4886 18
4887 136
4888 18
4889 56
4890 136
4891 18
4892 136
4893 18
4894 136
4895 18
4896 18
4897 136
4898 18
4899 18
4900 136
4901 1
4902 18
4903 18
4904 18
4905 18
4906 136
4907 136
4908 136
4909 18
4910 18
4911 136
4912 18
4913 136
4914 18
4915 18
4916 136
4917 136
4918 18
4919 18
4920 18
4921 136
4922 136
4923 18
4924 18
4925 18
4926 1
4927 18
4928 18
4929 136
4930 136
4931 18
4932 18
4933 136
4934 18
4935 136
4936 18
4937 136
4938 136
4939 19
4940 136
4941 18
4942 18
4943 18
4944 136
4945 18
4946 18
4947 136
4948 18
4949 56
4950 18
4951 18
4952 18
4953 18
4954 18
4955 18
4956 136
4957 18
4958 136
4959 136
4960 136
4961 136
4962 18
4963 136
4964 18
4965 18
4966 136
4967 136
4968 18
4969 136
4970 18
4971 18
4972 18
4973 136
4974 136
4975 18
4976 136
4977 18
4978 18
4979 136
4980 18
4981 136
4982 18
4983 56
4984 18
4985 18
4986 18
4987 136
4988 136
4989 56
4990 18
4991 136
4992 18
4993 18
4994 18
4995 136
4996 136
4997 18
4998 18
4999 136
5000 18
5001 18
5002 18
5003 18
5004 19
5005 136
5006 136
5007 19
5008 18
5009 18
5010 18
5011 136
5012 136
5013 136
5014 136
5015 136
5016 18
5017 136
5018 18
5019 136
5020 136
5021 19
5022 136
5023 18
5024 18
5025 18
5026 136
5027 136
5028 136
5029 136
5030 18
5031 136
5032 18
5033 18
5034 136
5035 136
5036 18
5037 18
5038 18
5039 18
5040 18
5041 136
5042 18
5043 136
5044 136
5045 136
5046 136
5047 136
5048 18
5049 136
5050 56
5051 136
5052 136
5053 136
5054 136
5055 18
5056 136
5057 18
5058 136
5059 18
5060 136
5061 136
5062 136
5063 18
5064 136
5065 18
5066 136
5067 1
5068 18
5069 18
5070 136
5071 136
5072 18
5073 18
5074 136
5075 136
5076 136
5077 136
5078 18
5079 136
5080 136
5081 136
5082 136
5083 18
5084 1
5085 136
5086 18
5087 18
5088 18
5089 136
5090 136
5091 18
5092 136
5093 136
5094 136
5095 18
5096 18
5097 136
5098 18
5099 18
5100 18
5101 1
5102 18
5103 136
5104 18
5105 136
5106 18
5107 136
5108 18
5109 18
5110 18
5111 18
5112 18
5113 136
5114 18
5115 136
5116 136
5117 136
5118 1
5119 136
5120 136
5121 136
5122 136
5123 18
5124 136
5125 136
5126 18
5127 136
5128 136
5129 18
5130 18
5131 136
5132 136
5133 136
5134 136
5135 1
5136 136
5137 18
5138 18
5139 18
5140 136
5141 136
5142 136
5143 136
5144 18
5145 18
5146 136
5147 136
5148 18
5149 18
5150 18
5151 18
5152 136
5153 18
5154 18
5155 136
5156 136
5157 136
5158 136
5159 136
5160 136
5161 136
5162 18
5163 18
5164 19
5165 136
5166 136
5167 136
5168 19
5169 18
5170 18
5171 136
5172 56
5173 18
5174 136
5175 136
5176 136
5177 56
5178 18
5179 18
5180 18
5181 18
5182 136
5183 18
5184 18
5185 19
5186 136
5187 18
5188 18
5189 18
5190 136
5191 136
5192 136
5193 18
5194 18
5195 18
5196 18
5197 136
5198 136
5199 18
5200 18
5201 18
5202 18
5203 136
5204 136
5205 136
5206 19
5207 18
5208 19
5209 18
5210 18
5211 19
5212 56
5213 136
5214 18
5215 18
5216 136
5217 136
5218 136
5219 18
5220 18
5221 18
5222 136
5223 18
5224 19
5225 136
5226 136
5227 18
5228 18
5229 18
5230 136
5231 18
5232 18
5233 136
5234 136
5235 136
5236 136
5237 136
5238 136
5239 136
5240 136
5241 18
5242 136
5243 18
5244 136
5245 18
5246 136
5247 136
5248 18
5249 136
5250 136
5251 18
5252 18
5253 136
5254 18
5255 18
5256 18
5257 136
5258 18
5259 18
5260 18
5261 18
5262 136
5263 136
5264 18
5265 136
5266 1
5267 136
5268 18
5269 18
5270 136
5271 136
5272 136
5273 136
5274 136
5275 19
5276 18
5277 18
5278 18
5279 1
5280 136
5281 136
5282 18
5283 136
5284 18
5285 136
5286 18
5287 18
5288 18
5289 136
5290 18
5291 19
5292 1
5293 136
5294 136
5295 136
5296 18
5297 18
5298 18
5299 136
5300 136
5301 18
5302 18
5303 18
5304 136
5305 1
5306 136
5307 18
5308 18
5309 136
5310 18
5311 18
5312 19
5313 136
5314 136
5315 136
5316 136
5317 18
5318 1
5319 18
5320 18
5321 18
5322 18
5323 136
5324 136
5325 136
5326 18
5327 136
5328 18
5329 136
5330 18
5331 1
5332 136
5333 18
5334 18
5335 18
5336 19
5337 136
5338 18
5339 136
5340 19
5341 136
5342 136
5343 136
5344 1
5345 18
5346 18
5347 136
5348 136
5349 136
5350 18
5351 136
5352 136
5353 136
5354 18
5355 19
5356 136
5357 136
5358 136
5359 136
5360 18
5361 136
5362 136
5363 1
5364 18
5365 19
5366 136
5367 136
5368 136
5369 136
5370 1
5371 18
5372 136
5373 18
5374 136
5375 136
5376 136
5377 1
5378 136
5379 136
5380 18
5381 18
5382 136
5383 18
5384 1
5385 18
5386 18
5387 136
5388 136
5389 18
5390 136
5391 1
5392 136
5393 18
5394 18
5395 136
5396 18
5397 136
5398 136
5399 136
5400 136
5401 18
5402 136
5403 136
5404 136
5405 18
5406 136
5407 18
5408 136
5409 18
5410 136
5411 136
5412 18
5413 18
5414 18
5415 136
5416 136
5417 18
5418 18
5419 18
5420 136
5421 18
5422 18
5423 136
5424 136
5425 18
5426 1
5427 136
5428 136
5429 18
5430 18
5431 18
5432 136
5433 18
5434 18
5435 136
5436 136
5437 136
5438 136
5439 18
5440 136
5441 136
5442 136
5443 136
5444 136
5445 19
5446 18
5447 18
5448 136
5449 19
5450 18
5451 136
5452 136
5453 18
5454 136
5455 136
5456 136
5457 18
5458 19
5459 18
5460 136
5461 18
5462 136
5463 136
5464 136
5465 136
5466 18
5467 136
5468 136
5469 18
5470 18
5471 18
5472 18
5473 136
5474 136
5475 136
5476 136
5477 18
5478 136
5479 18
5480 18
5481 18
5482 136
5483 18
5484 136
5485 18
5486 136
5487 136
5488 18
5489 18
5490 18
5491 18
5492 18
5493 18
5494 136
5495 136
5496 18
5497 18
5498 18
5499 136
5500 18
5501 18
5502 136
5503 18
5504 18
5505 18
5506 136
5507 18
5508 18
5509 136
5510 136
5511 136
5512 18
5513 1
5514 136
5515 18
5516 136
5517 18
5518 18
5519 136
5520 18
5521 18
5522 136
5523 136
5524 18
5525 18
5526 18
5527 136
5528 136
5529 136
5530 18
5531 136
5532 136
5533 136
5534 18
5535 136
5536 18
5537 18
5538 18
5539 18
5540 136
5541 136
5542 18
5543 136
5544 136
5545 136
5546 56
5547 18
5548 18
5549 136
5550 18
5551 18
5552 136
5553 18
5554 18
5555 18
5556 136
5557 19
5558 136
5559 18
5560 136
5561 18
5562 18
5563 18
5564 136
5565 136
5566 18
5567 136
5568 136
5569 18
5570 136
5571 18
5572 136
5573 18
5574 18
5575 136
5576 136
5577 19
5578 19
5579 136
5580 18
5581 18
5582 136
5583 18
5584 18
5585 18
5586 136
5587 136
5588 18
5589 136
5590 18
5591 136
5592 18
5593 18
5594 136
5595 18
5596 18
5597 18
5598 136
5599 136
5600 136
5601 136
5602 136
5603 136
5604 18
5605 18
5606 18
5607 136
5608 136
5609 136
5610 18
5611 18
5612 136
5613 18
5614 18
5615 136
5616 18
5617 18
5618 136
5619 18
5620 18
5621 18
5622 18
5623 136
5624 18
5625 18
5626 18
5627 136
5628 18
5629 136
5630 136
5631 56
5632 18
5633 136
5634 136
5635 136
5636 18
5637 18
5638 136
5639 56
5640 136
5641 18
5642 18
5643 18
5644 18
5645 19
5646 18
5647 18
5648 136
5649 18
5650 136
5651 18
5652 18
5653 18
5654 18
5655 136
5656 136
5657 136
5658 18
5659 18
5660 18
5661 136
5662 136
5663 18
5664 19
5665 18
5666 136
5667 136
5668 136
5669 136
5670 136
5671 136
5672 18
5673 18
5674 18
5675 136
5676 18
5677 18
5678 18
5679 18
5680 136
5681 136
5682 18
5683 136
5684 18
5685 18
5686 18
5687 136
5688 136
5689 18
5690 56
5691 136
5692 136
5693 18
5694 18
5695 136
5696 18
5697 136
5698 1
5699 136
5700 136
5701 18
5702 136
5703 136
5704 136
5705 18
5706 18
5707 18
5708 18
5709 136
5710 18
5711 18
5712 18
5713 18
5714 136
5715 18
5716 136
5717 18
5718 19
5719 18
5720 136
5721 18
5722 136
5723 136
5724 18
5725 1
5726 18
5727 136
5728 136
5729 136
5730 18
5731 136
5732 18
5733 136
5734 136
5735 18
5736 136
5737 18
5738 18
5739 18
5740 136
5741 18
5742 136
5743 136
5744 18
5745 136
5746 136
5747 18
5748 136
5749 136
5750 18
5751 18
5752 18
5753 18
5754 136
5755 18
5756 18
5757 136
5758 18
5759 136
5760 18
5761 136
5762 136
5763 56
5764 18
5765 18
5766 18
5767 18
5768 136
5769 18
5770 18
5771 136
5772 18
5773 18
5774 136
5775 18
5776 136
5777 136
5778 18
5779 136
5780 56
5781 136
5782 18
5783 136
5784 18
5785 18
5786 18
5787 136
5788 136
5789 18
5790 18
5791 18
5792 136
5793 136
5794 18
5795 136
5796 136
5797 18
5798 18
5799 136
5800 19
5801 18
5802 18
5803 18
5804 18
5805 136
5806 18
5807 18
5808 136
5809 18
5810 136
5811 136
5812 18
5813 18
5814 18
5815 136
5816 18
5817 18
5818 136
5819 136
5820 18
5821 19
5822 18
5823 136
5824 136
5825 136
5826 136
5827 136
5828 18
5829 18
5830 18
5831 136
5832 18
5833 136
5834 136
5835 136
5836 136
5837 18
5838 18
5839 18
5840 136
5841 18
5842 18
5843 18
5844 18
5845 18
5846 136
5847 136
5848 136
5849 136
5850 18
5851 136
5852 18
5853 136
5854 56
5855 136
5856 136
5857 136
5858 136
5859 136
5860 18
5861 136
5862 136
5863 18
5864 136
5865 18
5866 19
5867 136
5868 136
5869 18
5870 18
5871 18
5872 18
5873 136
5874 136
5875 136
5876 18
5877 136
5878 18
5879 136
5880 136
5881 136
5882 136
5883 136
5884 18
5885 136
5886 136
5887 18
5888 18
5889 136
5890 19
5891 136
5892 136
5893 18
5894 18
5895 18
5896 18
5897 1
5898 136
5899 18
5900 136
5901 136
5902 18
5903 18
5904 18
5905 136
5906 136
5907 19
5908 1
5909 56
5910 136
5911 18
5912 18
5913 136
5914 18
5915 56
5916 18
5917 18
5918 136
5919 1
5920 18
5921 18
5922 18
5923 136
5924 18
5925 136
5926 18
5927 18
5928 18
5929 18
5930 1
5931 136
5932 136
5933 136
5934 19
5935 18
5936 136
5937 18
5938 18
5939 18
5940 136
5941 1
5942 136
5943 18
5944 18
5945 136
5946 136
5947 18
5948 56
5949 19
5950 18
5951 136
5952 1
5953 136
5954 136
5955 56
5956 136
5957 136
5958 18
5959 56
5960 18
5961 18
5962 18
5963 1
5964 18
5965 136
5966 18
5967 136
5968 136
5969 18
5970 136
5971 136
5972 136
5973 18
5974 18
5975 18
5976 136
5977 18
5978 18
5979 18
5980 136
5981 18
5982 136
5983 136
5984 136
5985 18
5986 18
5987 136
5988 18
5989 136
5990 18
5991 18
5992 136
5993 136
5994 136
5995 136
5996 136
5997 136
5998 18
5999 18
6000 136
6001 136
6002 136
6003 18
6004 18
6005 136
6006 136
6007 18
6008 136
6009 56
6010 136
6011 18
6012 136
6013 136
6014 18
6015 136
6016 18
6017 18
6018 18
6019 18
6020 18
6021 136
6022 18
6023 136
6024 18
6025 18
6026 136
6027 18
6028 18
6029 136
6030 136
6031 56
6032 1
6033 136
6034 136
6035 136
6036 18
6037 136
6038 18
6039 136
6040 18
6041 18
6042 18
6043 56
6044 136
6045 18
6046 18
6047 19
6048 18
6049 136
6050 136
6051 18
6052 136
6053 136
6054 18
6055 136
6056 18
6057 18
6058 18
6059 136
6060 18
6061 18
6062 18
6063 18
6064 18
6065 136
6066 18
6067 136
6068 136
6069 1
6070 136
6071 19
6072 136
6073 18
6074 136
6075 18
6076 18
6077 56
6078 18
6079 136
6080 18
6081 18
6082 136
6083 136
6084 18
6085 136
6086 136
6087 136
6088 136
6089 18
6090 136
6091 136
6092 18
6093 18
6094 136
6095 136
6096 136
6097 136
6098 136
6099 136
6100 136
6101 136
6102 18
6103 18
6104 56
6105 18
6106 136
6107 18
6108 18
6109 56
6110 136
6111 136
6112 18
6113 18
6114 18
6115 18
6116 18
6117 136
6118 18
6119 18
6120 136
6121 18
6122 18
6123 18
6124 136
6125 18
6126 136
6127 136
6128 136
6129 136
6130 18
6131 18
6132 18
6133 136
6134 19
6135 136
6136 18
6137 18
6138 18
6139 136
6140 18
6141 18
6142 136
6143 136
6144 136
6145 18
6146 136
6147 18
6148 18
6149 136
6150 136
6151 18
6152 18
6153 136
6154 18
6155 136
6156 18
6157 136
6158 136
6159 136
6160 18
6161 1
6162 136
6163 136
6164 18
6165 18
6166 136
6167 18
6168 19
6169 18
6170 136
6171 136
6172 18
6173 136
6174 136
6175 18
6176 18
6177 18
6178 136
6179 18
6180 136
6181 136
6182 136
6183 18
6184 136
6185 136
6186 18
6187 136
6188 136
6189 19
6190 136
6191 136
6192 18
6193 136
6194 18
6195 18
6196 18
6197 18
6198 136
6199 136
6200 18
6201 136
6202 18
6203 18
6204 136
6205 136
6206 136
6207 136
6208 136
6209 136
6210 18
6211 18
6212 136
6213 136
6214 136
6215 18
6216 136
6217 18
6218 18
6219 18
6220 136
6221 136
6222 18
6223 18
6224 19
6225 18
6226 136
6227 18
6228 18
6229 136
6230 136
6231 136
6232 136
6233 136
6234 136
6235 136
6236 18
6237 18
6238 136
6239 136
6240 136
6241 136
6242 136
6243 136
6244 136
6245 18
6246 136
6247 136
6248 136
6249 18
6250 18
6251 18
6252 18
6253 19
6254 136
6255 18
6256 136
6257 136
6258 18
6259 18
6260 18
6261 136
6262 18
6263 18
6264 18
6265 18
6266 18
6267 18
6268 136
6269 18
6270 18
6271 18
6272 136
6273 136
6274 18
6275 18
6276 136
6277 136
6278 18
6279 18
6280 136
6281 18
6282 18
6283 18
6284 19
6285 18
6286 18
6287 136
6288 136
6289 136
6290 18
6291 136
6292 136
6293 136
6294 136
6295 18
6296 136
6297 18
6298 136
6299 136
6300 19
6301 18
6302 136
6303 136
6304 18
6305 136
6306 136
6307 18
6308 136
6309 18
6310 136
6311 136
6312 18
6313 136
6314 136
6315 136
6316 18
6317 18
6318 136
6319 136
6320 18
6321 136
6322 18
6323 18
6324 18
6325 18
6326 136
6327 136
6328 19
6329 18
6330 136
6331 18
6332 18
6333 136
6334 18
6335 18
6336 136
6337 136
6338 136
6339 18
6340 18
6341 18
6342 136
6343 136
6344 136
6345 136
6346 18
6347 1
6348 136
6349 18
6350 136
6351 136
6352 18
6353 18
6354 136
6355 18
6356 136
6357 136
6358 18
6359 18
6360 18
6361 18
6362 136
6363 136
6364 136
6365 136
6366 1
6367 136
6368 18
6369 136
6370 136
6371 136
6372 19
6373 136
6374 19
6375 18
6376 18
6377 18
6378 18
6379 136
6380 136
6381 18
6382 136
6383 136
6384 136
6385 1
6386 18
6387 19
6388 18
6389 136
6390 136
6391 136
6392 136
6393 18
6394 18
6395 18
6396 18
6397 136
6398 56
6399 136
6400 136
6401 18
6402 18
6403 18
6404 1
6405 136
6406 18
6407 136
6408 136
6409 19
6410 136
6411 136
6412 136
6413 136
6414 136
6415 136
6416 18
6417 136
6418 136
6419 136
6420 136
6421 18
6422 18
6423 1
6424 136
6425 136
6426 136
6427 18
6428 136
6429 136
6430 18
6431 18
6432 18
6433 18
6434 19
6435 136
6436 18
6437 136
6438 18
6439 18
6440 136
6441 18
6442 18
6443 136
6444 18
6445 18
6446 56
6447 136
6448 18
6449 136
6450 136
6451 18
6452 136
6453 18
6454 18
6455 18
6456 18
6457 18
6458 18
6459 18
6460 18
6461 136
6462 136
6463 18
6464 1
6465 136
6466 136
6467 18
6468 136
6469 136
6470 136
6471 18
6472 19
6473 18
6474 18
6475 18
6476 136
6477 136
6478 18
6479 18
6480 136
6481 18
6482 18
6483 18
6484 136
6485 136
6486 18
6487 1
6488 136
6489 136
6490 18
6491 136
6492 18
6493 136
6494 136
6495 18
6496 136
6497 18
6498 18
6499 19
6500 18
6501 136
6502 18
6503 136
6504 136
6505 136
6506 18
6507 18
6508 18
6509 18
6510 1
6511 136
6512 136
6513 18
6514 18
6515 18
6516 18
6517 136
6518 136
6519 136
6520 18
6521 136
6522 18
6523 136
6524 18
6525 18
6526 18
6527 18
6528 56
6529 18
6530 136
6531 136
6532 136
6533 1
6534 18
6535 136
6536 136
6537 136
6538 18
6539 18
6540 18
6541 18
6542 18
6543 136
6544 18
6545 18
6546 136
6547 136
6548 18
6549 136
6550 18
6551 18
6552 136
6553 18
6554 18
6555 136
6556 18
6557 136
6558 136
6559 136
6560 136
6561 18
6562 18
6563 18
6564 136
6565 136
6566 19
6567 18
6568 136
6569 136
6570 18
6571 136
6572 136
6573 18
6574 136
6575 136
6576 18
6577 136
6578 18
6579 18
6580 136
6581 18
6582 136
6583 18
6584 1
6585 136
6586 136
6587 18
6588 18
6589 136
6590 136
6591 136
6592 136
6593 18
6594 136
6595 18
6596 18
6597 18
6598 18
6599 18
6600 18
6601 18
6602 18
6603 18
6604 136
6605 136
6606 136
6607 18
6608 136
6609 136
6610 18
6611 18
6612 19
6613 1
6614 136
6615 18
6616 136
6617 18
6618 136
6619 136
6620 18
6621 136
6622 136
6623 136
6624 18
6625 136
6626 18
6627 18
6628 56
6629 136
6630 136
6631 136
6632 18
6633 136
6634 136
6635 18
6636 18
6637 18
6638 136
6639 136
6640 18
6641 136
6642 1
6643 18
6644 18
6645 18
6646 136
6647 136
6648 18
6649 18
6650 18
6651 18
6652 136
6653 18
6654 136
6655 18
6656 18
6657 18
6658 19
6659 18
6660 136
6661 18
6662 18
6663 136
6664 18
6665 136
6666 18
6667 18
6668 18
6669 18
6670 18
6671 136
6672 18
6673 136
6674 18
6675 136
6676 136
6677 136
6678 56
6679 18
6680 18
6681 18
6682 18
6683 1
6684 136
6685 136
6686 136
6687 136
6688 136
6689 18
6690 136
6691 18
6692 18
6693 136
6694 136
6695 136
6696 1
6697 136
6698 136
6699 136
6700 136
6701 136
6702 136
6703 18
6704 136
6705 136
6706 18
6707 18
6708 136
6709 1
6710 136
6711 18
6712 136
6713 18
6714 18
6715 136
6716 18
6717 18
6718 18
6719 136
6720 18
6721 136
6722 1
6723 18
6724 136
6725 56
6726 136
6727 18
6728 136
6729 18
6730 136
6731 136
6732 56
6733 136
6734 136
6735 1
6736 136
6737 136
6738 18
6739 18
6740 18
6741 136
6742 136
6743 136
6744 18
6745 136
6746 136
6747 136
6748 1
6749 136
6750 18
6751 18
6752 136
6753 18
6754 18
6755 136
6756 18
6757 136
6758 18
6759 18
6760 18
6761 1
6762 136
6763 18
6764 136
6765 136
6766 136
6767 136
6768 18
6769 136
6770 136
6771 136
6772 56
6773 136
6774 1
6775 136
6776 18
6777 136
6778 18
6779 18
6780 136
6781 18
6782 18
6783 136
6784 136
6785 18
6786 136
6787 18
6788 136
6789 136
6790 136
6791 18
6792 136
6793 18
6794 136
6795 56
6796 18
6797 136
6798 136
6799 136
6800 136
6801 18
6802 18
6803 18
6804 136
6805 18
6806 136
6807 136
6808 136
6809 136
6810 136
6811 18
6812 18
6813 136
6814 136
6815 18
6816 136
6817 18
6818 136
6819 136
6820 136
6821 18
6822 18
6823 18
6824 18
6825 136
6826 18
6827 18
6828 18
6829 18
6830 18
6831 19
6832 136
6833 136
6834 18
6835 18
6836 18
6837 136
6838 18
6839 18
6840 18
6841 19
6842 18
6843 136
6844 18
6845 1
6846 18
6847 18
6848 136
6849 136
6850 136
6851 18
6852 18
6853 136
6854 136
6855 136
6856 136
6857 136
6858 136
6859 18
6860 18
6861 136
6862 18
6863 136
6864 136
6865 136
6866 56
6867 18
6868 18
6869 136
6870 136
6871 136
6872 136
6873 136
6874 136
6875 18
6876 18
6877 136
6878 136
6879 18
6880 18
6881 136
6882 136
6883 18
6884 136
6885 136
6886 136
6887 136
6888 18
6889 136
6890 18
6891 56
6892 136
6893 136
6894 136
6895 136
6896 136
6897 18
6898 19
6899 136
6900 136
6901 18
6902 136
6903 18
6904 18
6905 136
6906 18
6907 18
6908 18
6909 18
6910 136
6911 18
6912 18
6913 18
6914 18
6915 136
6916 18
6917 18
6918 136
6919 18
6920 1
6921 18
6922 18
6923 136
6924 136
6925 18
6926 136
6927 18
6928 18
6929 19
6930 18
6931 18
6932 18
6933 136
6934 18
6935 18
6936 136
6937 1
6938 136
6939 18
6940 56
6941 18
6942 18
6943 136
6944 136
6945 18
6946 18
6947 136
6948 18
6949 18
6950 18
6951 18
6952 18
6953 18
6954 1
6955 18
6956 18
6957 136
6958 18
6959 19
6960 136
6961 136
6962 18
6963 18
6964 136
6965 18
6966 18
6967 56
6968 18
6969 18
6970 18
6971 1
6972 19
6973 136
6974 18
6975 136
6976 18
6977 18
6978 136
6979 18
6980 136
6981 136
6982 18
6983 136
6984 18
6985 18
6986 136
6987 136
6988 1
6989 19
6990 136
6991 18
6992 18
6993 136
6994 136
6995 136
6996 18
6997 136
6998 18
6999 136
7000 136
7001 18
7002 136
7003 136
7004 18
7005 1
7006 136
7007 18
7008 136
7009 18
7010 19
7011 136
7012 136
7013 136
7014 136
7015 19
7016 18
7017 18
7018 18
7019 136
7020 18
7021 18
7022 136
7023 56
7024 18
7025 18
7026 18
7027 18
7028 136
7029 18
7030 136
7031 136
7032 18
7033 18
7034 136
7035 136
7036 18
7037 136
7038 136
7039 136
7040 18
7041 18
7042 136
7043 136
7044 18
7045 136
7046 18
7047 18
7048 18
7049 18
7050 18
7051 18
7052 18
7053 136
7054 56
7055 136
7056 136
7057 18
7058 18
7059 136
7060 18
7061 136
7062 18
7063 18
7064 19
7065 136
7066 136
7067 18
7068 18
7069 136
7070 18
7071 136
7072 136
7073 18
7074 136
7075 18
7076 136
7077 18
7078 136
7079 18
7080 18
7081 1
7082 136
7083 136
7084 136
7085 18
7086 18
7087 136
7088 136
7089 136
7090 18
7091 18
7092 18
7093 18
7094 136
7095 136
7096 18
7097 136
7098 18
7099 18
7100 18
7101 136
7102 136
7103 18
7104 18
7105 136
7106 18
7107 136
7108 136
7109 18
7110 136
7111 136
7112 18
7113 136
7114 18
7115 136
7116 56
7117 18
7118 18
7119 18
7120 18
7121 18
7122 136
7123 136
7124 19
7125 136
7126 136
7127 18
7128 19
7129 136
7130 18
7131 136
7132 18
7133 136
7134 18
7135 18
7136 136
7137 18
7138 18
7139 18
7140 18
7141 18
7142 18
7143 18
7144 18
7145 18
7146 18
7147 136
7148 136
7149 136
7150 18
7151 1
7152 136
7153 18
7154 18
7155 18
7156 136
7157 18
7158 18
7159 136
7160 136
7161 18
7162 1
7163 18
7164 18
7165 18
7166 136
7167 136
7168 18
7169 18
7170 18
7171 18
7172 18
7173 1
7174 136
7175 136
7176 136
7177 136
7178 18
7179 136
7180 18
7181 136
7182 18
7183 18
7184 1
7185 18
7186 136
7187 18
7188 136
7189 18
7190 136
7191 136
7192 18
7193 136
7194 18
7195 1
7196 136
7197 136
7198 136
7199 136
7200 136
7201 136
7202 18
7203 136
7204 136
7205 18
7206 1
7207 18
7208 136
7209 136
7210 18
7211 18
7212 136
7213 136
7214 18
7215 18
7216 18
7217 1
7218 136
7219 18
7220 18
7221 18
7222 136
7223 136
7224 136
7225 18
7226 136
7227 136
7228 1
7229 18
7230 136
7231 136
7232 18
7233 18
7234 136
7235 18
7236 136
7237 18
7238 18
7239 1
7240 136
7241 18
7242 18
7243 18
7244 136
7245 19
7246 18
7247 136
7248 18
7249 18
7250 1
7251 136
7252 18
7253 19
7254 136
7255 18
7256 136
7257 136
7258 18
7259 18
7260 19
7261 136
7262 136
7263 136
7264 136
7265 136
7266 18
7267 18
7268 18
7269 18
7270 136
7271 136
7272 18
7273 18
7274 136
7275 136
7276 136
7277 136
7278 18
7279 18
7280 136
7281 18
7282 136
7283 18
7284 136
7285 18
7286 18
7287 136
7288 136
7289 18
7290 136
7291 18
7292 136
7293 19
7294 18
7295 136
7296 136
7297 18
7298 136
7299 18
7300 136
7301 18
7302 56
7303 136
7304 18
7305 18
7306 18
7307 18
7308 18
7309 18
7310 18
7311 136
7312 136
7313 136
7314 18
7315 136
7316 136
7317 18
7318 136
7319 136
7320 136
7321 1
7322 18
7323 136
7324 136
7325 18
7326 136
7327 136
7328 18
7329 136
7330 136
7331 136
7332 18
7333 18
7334 18
7335 18
7336 18
7337 18
7338 18
7339 136
7340 19
7341 136
7342 136
7343 18
7344 18
7345 18
7346 18
7347 18
7348 136
7349 18
7350 18
7351 136
7352 18
7353 18
7354 136
7355 18
7356 136
7357 18
7358 18
7359 18
7360 18
7361 18
7362 136
7363 18
7364 18
7365 136
7366 18
7367 18
7368 136
7369 18
7370 136
7371 18
7372 18
7373 18
7374 18
7375 18
7376 18
7377 136
7378 18
7379 136
7380 18
7381 18
7382 136
7383 18
7384 136
7385 136
7386 18
7387 18
7388 136
7389 18
7390 136
7391 136
7392 18
7393 18
7394 18
7395 136
7396 136
7397 136
7398 18
7399 18
7400 19
7401 18
7402 136
7403 136
7404 18
7405 18
7406 18
7407 18
7408 18
7409 18
7410 136
7411 18
7412 136
7413 18
7414 18
7415 136
7416 136
7417 136
7418 18
7419 18
7420 18
7421 18
7422 1
7423 136
7424 18
7425 136
7426 18
7427 18
7428 136
7429 18
7430 18
7431 18
7432 136
7433 136
7434 18
7435 136
7436 136
7437 18
7438 18
7439 18
7440 136
7441 136
7442 18
7443 136
7444 136
7445 136
7446 18
7447 18
7448 18
7449 136
7450 18
7451 18
7452 136
7453 136
7454 136
7455 18
7456 18
7457 18
7458 18
7459 136
7460 18
7461 136
7462 18
7463 1
7464 136
7465 136
7466 136
7467 18
7468 136
7469 18
7470 18
7471 136
7472 56
7473 136
7474 18
7475 18
7476 136
7477 136
7478 56
7479 18
7480 136
7481 18
7482 18
7483 18
7484 136
7485 18
7486 18
7487 18
7488 18
7489 136
7490 136
7491 18
7492 136
7493 18
7494 136
7495 136
7496 136
7497 18
7498 18
7499 18
7500 18
7501 18
7502 136
7503 18
7504 19
7505 18
7506 136
7507 136
7508 18
7509 18
7510 136
7511 18
7512 18
7513 18
7514 19
7515 18
7516 18
7517 56
7518 18
7519 56
7520 19
7521 136
7522 18
7523 136
7524 19
7525 136
7526 18
7527 136
7528 136
7529 18
7530 136
7531 18
7532 136
7533 18
7534 1
7535 136
7536 136
7537 19
7538 19
7539 136
7540 136
7541 136
7542 136
7543 18
7544 136
7545 136
7546 18
7547 136
7548 136
7549 136
7550 136
7551 56
7552 18
7553 18
7554 18
7555 136
7556 136
7557 18
7558 56
7559 136
7560 18
7561 136
7562 18
7563 18
7564 136
7565 1
7566 18
7567 136
7568 136
7569 136
7570 136
7571 136
7572 18
7573 136
7574 136
7575 18
7576 18
7577 56
7578 136
7579 136
7580 136
7581 136
7582 136
7583 18
7584 136
7585 18
7586 136
7587 19
7588 136
7589 18
7590 136
7591 18
7592 136
7593 136
7594 18
7595 136
7596 1
7597 136
7598 136
7599 19
7600 136
7601 136
7602 136
7603 18
7604 136
7605 136
7606 56
7607 19
7608 18
7609 18
7610 136
7611 136
7612 136
7613 136
7614 136
7615 136
7616 18
7617 18
7618 136
7619 136
7620 136
7621 136
7622 136
7623 136
7624 18
7625 18
7626 18
7627 18
7628 18
7629 136
7630 18
7631 18
7632 136
7633 136
7634 18
7635 18
7636 18
7637 136
7638 18
7639 136
7640 18
7641 136
7642 18
7643 136
7644 136
7645 136
7646 18
7647 136
7648 136
7649 136
7650 18
7651 1
7652 18
7653 19
7654 18
7655 136
7656 18
7657 18
7658 136
7659 18
7660 18
7661 18
7662 18
7663 136
7664 136
7665 18
7666 18
7667 136
7668 18
7669 136
7670 136
7671 18
7672 18
7673 136
7674 18
7675 18
7676 1
7677 136
7678 18
7679 136
7680 136
7681 136
7682 136
7683 18
7684 136
7685 18
7686 18
7687 136
7688 18
7689 136
7690 136
7691 18
7692 18
7693 136
7694 136
7695 136
7696 136
7697 136
7698 18
7699 136
7700 136
7701 1
7702 18
7703 136
7704 136
7705 18
7706 18
7707 18
7708 18
7709 18
7710 18
7711 18
7712 18
7713 18
7714 136
7715 18
7716 136
7717 136
7718 136
7719 18
7720 18
7721 18
7722 18
7723 18
7724 18
7725 136
7726 1
7727 136
7728 18
7729 18
7730 136
7731 136
7732 136
7733 18
7734 136
7735 18
7736 18
7737 18
7738 136
7739 18
7740 18
7741 18
7742 136
7743 18
7744 18
7745 18
7746 18
7747 18
7748 136
7749 136
7750 18
7751 18
7752 18
7753 19
7754 18
7755 18
7756 136
7757 18
7758 18
7759 18
7760 136
7761 18
7762 136
7763 136
7764 136
7765 136
7766 18
7767 136
7768 136
7769 136
7770 136
7771 136
7772 18
7773 18
7774 18
7775 136
7776 18
7777 136
7778 18
7779 136
7780 18
7781 136
7782 19
7783 56
7784 56
7785 18
7786 19
7787 18
7788 136
7789 136
7790 18
7791 136
7792 18
7793 136
7794 18
7795 136
7796 18
7797 19
7798 18
7799 19
7800 18
7801 136
7802 136
7803 136
7804 136
7805 136
7806 18
7807 136
7808 136
7809 136
7810 136
7811 18
7812 136
7813 1
7814 136
7815 136
7816 18
7817 136
7818 136
7819 19
7820 19
7821 18
7822 136
7823 18
7824 136
7825 18
7826 18
7827 18
7828 136
7829 18
7830 18
7831 136
7832 18
7833 136
7834 18
7835 18
7836 18
7837 18
7838 18
7839 19
7840 136
7841 18
7842 18
7843 136
7844 136
7845 18
7846 136
7847 136
7848 136
7849 136
7850 136
7851 18
7852 19
7853 136
7854 136
7855 136
7856 18
7857 18
7858 136
7859 136
7860 18
7861 18
7862 18
7863 136
7864 136
7865 18
7866 18
7867 136
7868 18
7869 18
7870 136
7871 136
7872 18
7873 18
7874 18
7875 136
7876 18
7877 56
7878 136
7879 18
7880 18
7881 18
7882 18
7883 18
7884 56
7885 19
7886 136
7887 18
7888 18
7889 18
7890 136
7891 136
7892 136
7893 18
7894 136
7895 18
7896 18
7897 136
7898 18
7899 18
7900 18
7901 18
7902 18
7903 136
7904 136
7905 56
7906 136
7907 19
7908 18
7909 18
7910 136
7911 136
7912 136
7913 136
7914 18
7915 136
7916 18
7917 136
7918 18
7919 136
7920 136
7921 18
7922 18
7923 18
7924 18
7925 18
7926 18
7927 18
7928 18
7929 18
7930 18
7931 18
7932 56
7933 18
7934 136
7935 136
7936 136
7937 136
7938 136
7939 136
7940 136
7941 136
7942 136
7943 136
7944 18
7945 136
7946 136
7947 18
7948 56
7949 18
7950 136
7951 18
7952 136
7953 18
7954 19
7955 136
7956 18
7957 18
7958 136
7959 18
7960 136
7961 136
7962 18
7963 56
7964 136
7965 136
7966 136
7967 136
7968 18
7969 136
7970 136
7971 136
7972 136
7973 18
7974 136
7975 18
7976 136
7977 136
7978 136
7979 18
7980 136
7981 18
7982 18
7983 18
7984 136
7985 136
7986 56
7987 136
7988 136
7989 18
7990 56
7991 136
7992 136
7993 18
7994 18
7995 18
7996 136
7997 18
7998 18
7999 18
8000 18
8001 18
8002 18
8003 19
8004 18
8005 18
8006 136
8007 136
8008 18
8009 136
8010 136
8011 136
8012 136
8013 18
8014 136
8015 136
8016 136
8017 136
8018 136
8019 136
8020 18
8021 136
8022 56
8023 136
8024 136
8025 18
8026 18
8027 136
8028 18
8029 136
8030 136
8031 18
8032 136
8033 136
8034 18
8035 18
8036 19
8037 18
8038 136
8039 18
8040 18
8041 18
8042 136
8043 18
8044 136
8045 18
8046 18
8047 18
8048 136
8049 18
8050 136
8051 136
8052 136
8053 136
8054 136
8055 136
8056 56
8057 18
8058 136
8059 136
8060 136
8061 136
8062 136
8063 136
8064 136
8065 1
8066 136
8067 136
8068 18
8069 136
8070 136
8071 18
8072 136
8073 136
8074 18
8075 18
8076 19
8077 136
8078 18
8079 18
8080 18
8081 18
8082 136
8083 136
8084 18
8085 18
8086 56
8087 136
8088 136
8089 18
8090 18
8091 136
8092 136
8093 18
8094 19
8095 136
8096 18
8097 18
8098 136
8099 56
8100 136
8101 18
8102 18
8103 18
8104 136
8105 18
8106 18
8107 18
8108 136
8109 18
8110 18
8111 18
8112 136
8113 18
8114 136
8115 18
8116 136
8117 18
8118 18
8119 18
8120 136
8121 18
8122 136
8123 136
8124 56
8125 18
8126 136
8127 18
8128 18
8129 18
8130 18
8131 136
8132 136
8133 18
8134 136
8135 136
8136 18
8137 18
8138 18
8139 18
8140 18
8141 18
8142 18
8143 18
8144 18
8145 19
8146 136
8147 136
8148 18
8149 136
8150 18
8151 136
8152 136
8153 136
8154 136
8155 136
8156 136
8157 18
8158 56
8159 18
8160 136
8161 136
8162 18
8163 18
8164 136
8165 136
8166 18
8167 18
8168 136
8169 18
8170 18
8171 1
8172 18
8173 18
8174 136
8175 56
8176 18
8177 18
8178 136
8179 136
8180 18
8181 18
8182 136
8183 18
8184 136
8185 136
8186 18
8187 136
8188 18
8189 18
8190 136
8191 18
8192 136
8193 136
8194 19
8195 18
8196 18
8197 18
8198 18
8199 136
8200 136
8201 18
8202 18
8203 18
8204 18
8205 19
8206 18
8207 136
8208 18
8209 18
8210 136
8211 136
8212 18
8213 136
8214 1
8215 136
8216 18
8217 18
8218 18
8219 136
8220 56
8221 18
8222 136
8223 136
8224 136
8225 18
8226 136
8227 136
8228 18
8229 18
8230 18
8231 56
8232 18
8233 18
8234 136
8235 136
8236 136
8237 18
8238 136
8239 18
8240 136
8241 136
8242 136
8243 136
8244 18
8245 136
8246 136
8247 136
8248 18
8249 18
8250 18
8251 136
8252 136
8253 18
8254 18
8255 56
8256 136
8257 18
8258 18
8259 18
8260 18
8261 18
8262 18
8263 18
8264 18
8265 18
8266 18
8267 18
8268 18
8269 1
8270 136
8271 18
8272 18
8273 18
8274 136
8275 136
8276 18
8277 136
8278 18
8279 18
8280 136
8281 136
8282 1
8283 18
8284 19
8285 18
8286 56
8287 18
8288 18
8289 18
8290 18
8291 136
8292 136
8293 136
8294 136
8295 1
8296 18
8297 18
8298 136
8299 136
8300 18
8301 136
8302 18
8303 136
8304 18
8305 18
8306 18
8307 18
8308 1
8309 18
8310 18
8311 18
8312 18
8313 18
8314 18
8315 136
8316 18
8317 136
8318 136
8319 136
8320 136
8321 1
8322 136
8323 18
8324 56
8325 18
8326 136
8327 136
8328 136
8329 136
8330 18
8331 18
8332 18
8333 18
8334 1
8335 18
8336 18
8337 18
8338 18
8339 136
8340 136
8341 18
8342 18
8343 136
8344 136
8345 18
8346 19
8347 1
8348 18
8349 136
8350 18
8351 18
8352 18
8353 19
8354 136
8355 136
8356 136
8357 136
8358 18
8359 18
8360 1
8361 136
8362 18
8363 18
8364 18
8365 136
8366 18
8367 18
8368 18
8369 136
8370 18
8371 18
8372 18
8373 1
8374 18
8375 18
8376 18
8377 136
8378 18
8379 18
8380 136
8381 136
8382 18
8383 136
8384 136
8385 18
8386 18
8387 18
8388 136
8389 18
8390 136
8391 136
8392 136
8393 136
8394 136
8395 136
8396 19
8397 136
8398 136
8399 136
8400 19
8401 136
8402 18
8403 136
8404 136
8405 136
8406 136
8407 18
8408 136
8409 18
8410 136
8411 18
8412 136
8413 18
8414 136
8415 18
8416 18
8417 136
8418 136
8419 136
8420 136
8421 136
8422 18
8423 136
8424 136
8425 136
8426 136
8427 19
8428 18
8429 136
8430 18
8431 136
8432 18
8433 136
8434 136
8435 18
8436 18
8437 136
8438 18
8439 136
8440 18
8441 136
8442 18
8443 56
8444 136
8445 18
8446 136
8447 18
8448 136
8449 18
8450 136
8451 18
8452 18
8453 18
8454 136
8455 136
8456 18
8457 136
8458 18
8459 136
8460 136
8461 136
8462 136
8463 18
8464 136
8465 18
8466 136
8467 19
8468 18
8469 136
8470 136
8471 18
8472 136
8473 19
8474 136
8475 136
8476 18
8477 136
8478 136
8479 136
8480 56
8481 136
8482 18
8483 18
8484 18
8485 136
8486 18
8487 136
8488 18
8489 136
8490 136
8491 136
8492 136
8493 136
8494 19
8495 18
8496 136
8497 18
8498 136
8499 136
8500 18
8501 18
8502 136
8503 136
8504 136
8505 136
8506 18
8507 18
8508 18
8509 136
8510 136
8511 18
8512 18
8513 136
8514 18
8515 18
8516 136
8517 136
8518 18
8519 18
8520 136
8521 18
8522 18
8523 18
8524 18
8525 19
8526 1
8527 136
8528 136
8529 18
8530 136
8531 18
8532 18
8533 18
8534 18
8535 19
8536 136
8537 1
8538 18
8539 18
8540 18
8541 18
8542 136
8543 18
8544 18
8545 18
8546 19
8547 18
8548 1
8549 136
8550 18
8551 136
8552 136
8553 18
8554 18
8555 18
8556 56
8557 18
8558 18
8559 1
8560 18
8561 136
8562 18
8563 18
8564 18
8565 136
8566 136
8567 18
8568 18
8569 136
8570 1
8571 136
8572 18
8573 136
8574 18
8575 18
8576 136
8577 136
8578 19
8579 136
8580 18
8581 1
8582 18
8583 136
8584 18
8585 136
8586 136
8587 136
8588 136
8589 18
8590 18
8591 136
8592 18
8593 18
8594 136
8595 18
8596 18
8597 18
8598 18
8599 18
8600 136
8601 18
8602 136
8603 18
8604 136
8605 18
8606 136
8607 136
8608 18
8609 18
8610 18
8611 18
8612 18
8613 136
8614 1
8615 18
8616 136
8617 136
8618 18
8619 18
8620 18
8621 18
8622 18
8623 18
8624 18
8625 1
8626 18
8627 18
8628 136
8629 136
8630 136
8631 18
8632 136
8633 136
8634 18
8635 18
8636 18
8637 18
8638 18
8639 136
8640 136
8641 18
8642 18
8643 19
8644 136
8645 136
8646 18
8647 136
8648 18
8649 136
8650 18
8651 18
8652 136
8653 18
8654 18
8655 18
8656 136
8657 136
8658 18
8659 18
8660 136
8661 18
8662 18
8663 136
8664 18
8665 1
8666 18
8667 18
8668 19
8669 18
8670 136
8671 136
8672 136
8673 18
8674 136
8675 136
8676 18
8677 136
8678 18
8679 136
8680 18
8681 136
8682 136
8683 136
8684 1
8685 136
8686 18
8687 136
8688 18
8689 18
8690 18
8691 18
8692 18
8693 18
8694 18
8695 136
8696 18
8697 136
8698 18
8699 136
8700 18
8701 18
8702 136
8703 1
8704 136
8705 18
8706 136
8707 18
8708 136
8709 19
8710 136
8711 56
8712 18
8713 136
8714 136
8715 18
8716 18
8717 18
8718 18
8719 136
8720 18
8721 136
8722 1
8723 18
8724 136
8725 18
8726 18
8727 136
8728 136
8729 18
8730 18
8731 136
8732 136
8733 18
8734 18
8735 56
8736 18
8737 136
8738 18
8739 136
8740 136
8741 1
8742 18
8743 136
8744 18
8745 18
8746 18
8747 18
8748 136
8749 18
8750 19
8751 18
8752 136
8753 136
8754 136
8755 18
8756 136
8757 136
8758 136
8759 18
8760 1
8761 18
8762 18
8763 136
8764 18
8765 18
8766 136
8767 136
8768 136
8769 18
8770 18
8771 18
8772 136
8773 18
8774 18
8775 136
8776 18
8777 18
8778 136
8779 18
8780 18
8781 136
8782 136
8783 18
8784 136
8785 18
8786 136
8787 18
8788 18
8789 136
8790 19
8791 18
8792 18
8793 18
8794 18
8795 18
8796 18
8797 18
8798 136
8799 136
8800 136
8801 136
8802 18
8803 18
8804 18
8805 18
8806 136
8807 136
8808 18
8809 136
8810 18
8811 18
8812 136
8813 136
8814 136
8815 18
8816 136
8817 136
8818 18
8819 18
8820 18
8821 136
8822 18
8823 18
8824 18
8825 18
8826 18
8827 136
8828 136
8829 136
8830 18
8831 136
8832 18
8833 136
8834 18
8835 136
8836 136
8837 136
8838 136
8839 18
8840 18
8841 18
8842 18
8843 18
8844 136
8845 1
8846 136
8847 136
8848 136
8849 18
8850 18
8851 18
8852 18
8853 136
8854 18
8855 136
8856 136
8857 136
8858 136
8859 18
8860 18
8861 136
8862 18
8863 18
8864 136
8865 18
8866 18
8867 136
8868 18
8869 19
8870 136
8871 18
8872 18
8873 136
8874 18
8875 136
8876 136
8877 18
8878 136
8879 56
8880 18
8881 136
8882 18
8883 136
8884 136
8885 18
8886 136
8887 18
8888 136
8889 136
8890 136
8891 18
8892 18
8893 18
8894 136
8895 136
8896 18
8897 18
8898 18
8899 136
8900 136
8901 136
8902 18
8903 136
8904 18
8905 18
8906 18
8907 136
8908 18
8909 136
8910 18
8911 18
8912 18
8913 18
8914 136
8915 136
8916 18
8917 18
8918 136
8919 18
8920 18
8921 18
8922 18
8923 18
8924 18
8925 19
8926 18
8927 18
8928 18
8929 18
8930 18
8931 136
8932 18
8933 18
8934 18
8935 18
8936 18
8937 18
8938 136
8939 18
8940 18
8941 18
8942 136
8943 18
8944 136
8945 136
8946 136
8947 18
8948 18
8949 18
8950 136
8951 18
8952 18
8953 18
8954 56
8955 136
8956 1
8957 136
8958 136
8959 18
8960 18
8961 18
8962 136
8963 19
8964 18
8965 18
8966 18
8967 136
8968 18
8969 18
8970 18
8971 18
8972 18
8973 18
8974 136
8975 136
8976 136
8977 18
8978 136
8979 136
8980 136
8981 18
8982 18
8983 136
8984 19
8985 18
8986 136
8987 18
8988 18
8989 18
8990 136
8991 18
8992 136
8993 136
8994 18
8995 18
8996 136
8997 18
8998 18
8999 18
9000 18
9001 1
9002 19
9003 136
9004 136
9005 18
9006 136
9007 18
9008 18
9009 136
9010 136
9011 18
9012 18
9013 18
9014 18
9015 18
9016 18
9017 18
9018 18
9019 18
9020 18
9021 18
9022 136
9023 136
9024 136
9025 18
9026 18
9027 18
9028 136
9029 18
9030 18
9031 136
9032 18
9033 136
9034 18
9035 136
9036 18
9037 136
9038 18
9039 18
9040 136
9041 18
9042 18
9043 19
9044 136
9045 136
9046 18
9047 136
9048 18
9049 136
9050 18
9051 18
9052 136
9053 18
9054 136
9055 18
9056 136
9057 18
9058 18
9059 136
9060 18
9061 18
9062 1
9063 18
9064 136
9065 136
9066 19
9067 136
9068 18
9069 19
9070 18
9071 136
9072 136
9073 18
9074 136
9075 136
9076 56
9077 18
9078 18
9079 1
9080 18
9081 18
9082 136
9083 136
9084 136
9085 18
9086 136
9087 136
9088 18
9089 136
9090 19
9091 18
9092 18
9093 136
9094 18
9095 136
9096 1
9097 136
9098 136
9099 18
9100 136
9101 136
9102 136
9103 136
9104 136
9105 136
9106 18
9107 56
9108 18
9109 136
9110 136
9111 136
9112 136
9113 1
9114 18
9115 18
9116 18
9117 18
9118 136
9119 18
9120 18
9121 136
9122 136
9123 18
9124 136
9125 136
9126 136
9127 18
9128 18
9129 18
9130 1
9131 18
9132 18
9133 18
9134 136
9135 136
9136 136
9137 18
9138 18
9139 136
9140 136
9141 18
9142 136
9143 18
9144 136
9145 136
9146 18
9147 1
9148 18
9149 136
9150 136
9151 18
9152 136
9153 18
9154 136
9155 19
9156 136
9157 136
9158 136
9159 18
9160 18
9161 18
9162 18
9163 18
9164 1
9165 136
9166 136
9167 136
9168 136
9169 136
9170 18
9171 136
9172 56
9173 18
9174 18
9175 18
9176 136
9177 136
9178 136
9179 18
9180 136
9181 18
9182 18
9183 18
9184 18
9185 136
9186 136
9187 18
9188 136
9189 136
9190 136
9191 136
9192 136
9193 18
9194 136
9195 18
9196 136
9197 18
9198 18
9199 18
9200 136
9201 136
9202 136
9203 136
9204 18
9205 136
9206 18
9207 18
9208 18
9209 18
9210 18
9211 136
9212 136
9213 18
9214 18
9215 19
9216 136
9217 136
9218 136
9219 18
9220 136
9221 136
9222 136
9223 136
9224 136
9225 136
9226 18
9227 136
9228 136
9229 18
9230 136
9231 136
9232 18
9233 136
9234 136
9235 136
9236 18
9237 136
9238 136
9239 136
9240 18
9241 18
9242 136
9243 136
9244 18
9245 136
9246 136
9247 136
9248 18
9249 18
9250 18
9251 136
9252 18
9253 136
9254 18
9255 18
9256 136
9257 136
9258 18
9259 18
9260 18
9261 18
9262 136
9263 136
9264 136
9265 18
9266 56
9267 136
9268 18
9269 136
9270 19
9271 18
9272 136
9273 18
9274 18
9275 136
9276 136
9277 136
9278 18
9279 136
9280 136
9281 18
9282 136
9283 19
9284 18
9285 18
9286 136
9287 18
9288 136
9289 18
9290 18
9291 18
9292 18
9293 136
9294 18
9295 136
9296 18
9297 136
9298 18
9299 18
9300 18
9301 18
9302 136
9303 18
9304 136
9305 18
9306 18
9307 19
9308 136
9309 18
9310 136
9311 136
9312 18
9313 136
9314 136
9315 136
9316 136
9317 18
9318 18
9319 136
9320 18
9321 18
9322 136
9323 136
9324 136
9325 18
9326 136
9327 136
9328 18
9329 18
9330 18
9331 136
9332 19
9333 18
9334 136
9335 18
9336 18
9337 136
9338 18
9339 1
9340 136
9341 18
9342 18
9343 18
9344 18
9345 18
9346 18
9347 18
9348 136
9349 136
9350 18
9351 18
9352 18
9353 136
9354 136
9355 136
9356 136
9357 56
9358 18
9359 136
9360 18
9361 136
9362 1
9363 18
9364 18
9365 136
9366 19
9367 18
9368 136
9369 136
9370 18
9371 18
9372 136
9373 19
9374 18
9375 136
9376 18
9377 18
9378 136
9379 18
9380 18
9381 136
9382 136
9383 18
9384 18
9385 1
9386 18
9387 136
9388 18
9389 18
9390 18
9391 18
9392 136
9393 18
9394 18
9395 136
9396 18
9397 18
9398 136
9399 18
9400 136
9401 18
9402 136
9403 18
9404 18
9405 136
9406 136
9407 18
9408 1
9409 136
9410 136
9411 18
9412 56
9413 18
9414 18
9415 136
9416 18
9417 136
9418 136
9419 136
9420 18
9421 18
9422 18
9423 18
9424 136
9425 18
9426 136
9427 18
9428 18
9429 136
9430 136
9431 1
9432 18
9433 136
9434 19
9435 136
9436 19
9437 18
9438 18
9439 136
9440 136
9441 18
9442 18
9443 136
9444 136
9445 18
9446 18
9447 136
9448 136
9449 136
9450 136
9451 18
9452 18
9453 18
9454 18
9455 18
9456 136
9457 18
9458 136
9459 19
9460 136
9461 19
9462 136
9463 136
9464 136
9465 18
9466 18
9467 136
9468 18
9469 18
9470 18
9471 18
9472 136
9473 136
9474 18
9475 18
9476 136
9477 18
9478 18
9479 18
9480 18
9481 18
9482 136
9483 18
9484 136
9485 18
9486 18
9487 136
9488 136
9489 18
9490 136
9491 136
9492 136
9493 18
9494 18
9495 136
9496 136
9497 18
9498 18
9499 136
9500 18
9501 136
9502 18
9503 136
9504 18
9505 19
9506 56
9507 18
9508 136
9509 136
9510 136
9511 18
9512 56
9513 18
9514 18
9515 136
9516 18
9517 19
9518 18
9519 136
9520 18
9521 18
9522 18
9523 136
9524 18
9525 136
9526 18
9527 136
9528 136
9529 19
9530 136
9531 18
9532 18
9533 136
9534 18
9535 136
9536 18
9537 136
9538 136
9539 136
9540 18
9541 18
9542 136
9543 136
9544 56
9545 18
9546 18
9547 18
9548 18
9549 18
9550 56
9551 136
9552 18
9553 18
9554 136
9555 136
9556 18
9557 136
9558 18
9559 19
9560 18
9561 136
9562 136
9563 18
9564 136
9565 136
9566 136
9567 18
9568 18
9569 136
9570 18
9571 136
9572 18
9573 136
9574 136
9575 136
9576 19
9577 136
9578 18
9579 136
9580 18
9581 136
9582 136
9583 18
9584 136
9585 136
9586 136
9587 136
9588 18
9589 18
9590 18
9591 18
9592 136
9593 18
9594 18
9595 136
9596 136
9597 136
9598 18
9599 18
9600 136
9601 18
9602 136
9603 18
9604 136
9605 18
9606 136
9607 18
9608 18
9609 19
9610 136
9611 18
9612 136
9613 18
9614 136
9615 18
9616 18
9617 18
9618 136
9619 18
9620 18
9621 136
9622 136
9623 136
9624 18
9625 136
9626 1
9627 18
9628 136
9629 18
9630 136
9631 136
9632 136
9633 18
9634 18
9635 56
9636 136
9637 136
9638 18
9639 136
9640 136
9641 18
9642 18
9643 136
9644 18
9645 136
9646 136
9647 19
9648 136
9649 18
9650 18
9651 136
9652 136
9653 136
9654 18
9655 136
9656 18
9657 18
9658 18
9659 18
9660 136
9661 1
9662 18
9663 136
9664 136
9665 18
9666 18
9667 18
9668 18
9669 136
9670 18
9671 18
9672 136
9673 18
9674 136
9675 19
9676 136
9677 18
9678 136
9679 136
9680 18
9681 18
9682 136
9683 18
9684 18
9685 18
9686 136
9687 136
9688 136
9689 136
9690 136
9691 136
9692 56
9693 18
9694 18
9695 18
9696 1
9697 19
9698 136
9699 136
9700 18
9701 136
9702 18
9703 136
9704 136
9705 18
9706 136
9707 18
9708 136
9709 136
9710 19
9711 18
9712 18
9713 136
9714 136
9715 136
9716 136
9717 18
9718 18
9719 18
9720 136
9721 18
9722 136
9723 136
9724 18
9725 136
9726 18
9727 18
9728 18
9729 136
9730 18
9731 18
9732 18
9733 136
9734 18
9735 18
9736 18
9737 18
9738 18
9739 18
9740 18
9741 136
9742 136
9743 18
9744 18
9745 136
9746 136
9747 136
9748 56
9749 136
9750 18
9751 136
9752 136
9753 136
9754 136
9755 136
9756 136
9757 18
9758 136
9759 18
9760 18
9761 18
9762 18
9763 136
9764 18
9765 136
9766 136
9767 136
9768 18
9769 56
9770 136
9771 18
9772 136
9773 136
9774 56
9775 18
9776 136
9777 1
9778 18
9779 18
9780 18
9781 136
9782 136
9783 18
9784 18
9785 136
9786 136
9787 136
9788 136
9789 18
9790 136
9791 19
9792 136
9793 136
9794 18
9795 18
9796 18
9797 18
9798 136
9799 18
9800 18
9801 136
9802 18
9803 18
9804 18
9805 18
9806 136
9807 136
9808 136
9809 19
9810 18
9811 136
9812 56
9813 136
9814 18
9815 18
9816 18
9817 18
9818 136
9819 18
9820 136
9821 18
9822 18
9823 18
9824 1
9825 136
9826 56
9827 136
9828 136
9829 136
9830 136
9831 18
9832 18
9833 18
9834 136
9835 18
9836 136
9837 136
9838 136
9839 136
9840 136
9841 18
9842 18
9843 136
9844 136
9845 136
9846 136
9847 136
9848 136
9849 136
9850 18
9851 136
9852 56
9853 136
9854 18
9855 136
9856 18
9857 18
9858 136
9859 18
9860 136
9861 136
9862 18
9863 19
9864 136
9865 18
9866 18
9867 18
9868 18
9869 18
9870 18
9871 136
9872 136
9873 18
9874 136
9875 18
9876 18
9877 136
9878 18
9879 136
9880 136
9881 136
9882 18
9883 18
9884 18
9885 136
9886 136
9887 136
9888 136
9889 18
9890 18
9891 18
9892 136
9893 136
9894 18
9895 18
9896 136
9897 18
9898 18
9899 136
9900 19
9901 136
9902 136
9903 136
9904 136
9905 136
9906 18
9907 136
9908 136
9909 136
9910 18
9911 18
9912 136
9913 136
9914 136
9915 18
9916 136
9917 136
9918 18
9919 18
9920 18
9921 136
9922 136
9923 136
9924 136
9925 18
9926 136
9927 136
9928 136
9929 136
9930 18
9931 136
9932 18
9933 18
9934 18
9935 18
9936 136
9937 136
9938 18
9939 18
9940 136
9941 1
9942 18
9943 18
9944 136
9945 136
9946 18
9947 18
9948 18
9949 18
9950 136
9951 18
9952 136
9953 136
9954 136
9955 18
9956 136
9957 18
9958 136
9959 18
9960 136
9961 18
9962 18
9963 136
9964 136
9965 18
9966 136
9967 19
9968 18
9969 136
9970 136
9971 136
9972 18
9973 136
9974 136
9975 18
9976 136
9977 136
9978 136
9979 136
9980 18
9981 136
9982 136
9983 18
9984 18
9985 136
9986 18
9987 136
9988 18
9989 136
9990 136
9991 136
9992 18
9993 136
9994 136
9995 136
9996 136
9997 136
9998 19
9999 136
10000 18
