0 1
1 1
2 2
3 2
4 1
5 3
6 3
7 4
8 2
9 1
10 1
11 2
12 4
13 5
14 5
15 6
16 6
17 4
18 3
19 2
20 2
21 1
22 1
23 3
24 7
25 7
26 8
27 8
28 9
29 9
30 2
31 1
32 3
33 3
34 4
35 2
36 1
37 5
38 5
39 4
40 6
41 6
42 10
43 10
44 7
45 11
46 9
47 8
48 3
49 2
50 8
51 3
52 4
53 5
54 1
55 1
56 2
57 7
58 10
59 6
60 6
61 4
62 5
63 9
64 11
65 12
66 8
67 8
68 3
69 11
70 7
71 2
72 2
73 1
74 9
75 10
76 12
77 4
78 1
79 5
80 4
81 3
82 10
83 13
84 3
85 8
86 5
87 9
88 6
89 6
90 13
91 7
92 2
93 1
94 7
95 11
96 14
97 14
98 8
99 3
100 4
101 5
102 11
103 2
104 12
105 8
106 3
107 9
108 9
109 12
110 15
111 4
112 1
113 7
114 13
115 10
116 16
117 15
118 17
119 6
120 6
121 1
122 2
123 11
124 7
125 2
126 3
127 12
128 4
129 3
130 5
131 13
132 10
133 14
134 11
135 5
136 14
137 16
138 8
139 9
140 13
141 7
142 12
143 4
144 15
145 15
146 9
147 10
148 3
149 6
150 16
151 11
152 6
153 1
154 1
155 17
156 10
157 12
158 17
159 2
160 4
161 8
162 2
163 13
164 14
165 3
166 7
167 5
168 11
169 7
170 5
171 15
172 8
173 9
174 13
175 16
176 18
177 11
178 16
179 6
180 9
181 14
182 15
183 18
184 12
185 19
186 19
187 3
188 2
189 1
190 6
191 2
192 14
193 4
194 10
195 10
196 3
197 5
198 1
199 15
200 8
201 7
202 5
203 13
204 4
205 8
206 20
207 12
208 17
209 16
210 21
211 17
212 22
213 20
214 23
215 9
216 15
217 14
218 9
219 21
220 11
221 11
222 7
223 4
224 13
225 2
226 1
227 1
228 2
229 18
230 18
231 5
232 3
233 3
234 8
235 15
236 5
237 10
238 6
239 6
240 16
241 19
242 12
243 22
244 4
245 20
246 19
247 7
248 14
249 16
250 21
251 23
252 9
253 8
254 10
255 9
256 18
257 13
258 13
259 1
260 1
261 18
262 17
263 12
264 11
265 11
266 23
267 2
268 7
269 17
270 2
271 21
272 22
273 24
274 20
275 4
276 15
277 20
278 5
279 10
280 3
281 3
282 16
283 6
284 6
285 25
286 13
287 9
288 4
289 1
290 8
291 7
292 9
293 14
294 14
295 16
296 12
297 13
298 18
299 8
300 19
301 5
302 17
303 15
304 21
305 19
306 11
307 26
308 24
309 18
310 25
311 22
312 1
313 23
314 26
315 4
316 2
317 10
318 16
319 2
320 3
321 11
322 7
323 7
324 8
325 6
326 6
327 1
328 5
329 9
330 10
331 17
332 12
333 21
334 9
335 3
336 20
337 12
338 4
339 13
340 15
341 20
342 22
343 24
344 23
345 27
346 27
347 28
348 28
349 29
350 13
351 4
352 25
353 18
354 1
355 10
356 29
357 19
358 21
359 6
360 10
361 5
362 3
363 8
364 2
365 21
366 7
367 7
368 20
369 14
370 9
371 11
372 8
373 16
374 14
375 17
376 16
377 3
378 4
379 2
380 11
381 15
382 19
383 22
384 5
385 1
386 17
387 9
388 18
389 20
390 6
391 13
392 23
393 23
394 22
395 25
396 24
397 26
398 15
399 4
400 26
401 12
402 13
403 27
404 12
405 6
406 10
407 19
408 21
409 24
410 3
411 16
412 4
413 29
414 2
415 3
416 8
417 14
418 14
419 7
420 7
421 2
422 1
423 18
424 16
425 5
426 11
427 10
428 28
429 11
430 24
431 8
432 17
433 22
434 19
435 28
436 20
437 15
438 18
439 21
440 25
441 17
442 27
443 30
444 29
445 31
446 30
447 24
448 9
449 9
450 31
451 25
452 12
453 14
454 13
455 13
456 3
457 27
458 4
459 12
460 21
461 1
462 1
463 6
464 5
465 4
466 6
467 2
468 7
469 8
470 16
471 3
472 2
473 16
474 11
475 5
476 8
477 15
478 20
479 19
480 22
481 23
482 17
483 26
484 14
485 11
486 10
487 29
488 26
489 32
490 23
491 7
492 28
493 10
494 32
495 33
496 15
497 20
498 33
499 34
500 34
501 21
502 35
503 12
504 12
505 17
506 13
507 9
508 6
509 8
510 5
511 13
512 9
513 1
514 27
515 5
516 18
517 18
518 20
519 4
520 22
521 15
522 17
523 14
524 24
525 22
526 1
527 2
528 7
529 16
530 11
531 3
532 16
533 6
534 29
535 27
536 3
537 24
538 2
539 28
540 25
541 25
542 30
543 11
544 21
545 30
546 10
547 10
548 26
549 19
550 19
551 26
552 14
553 23
554 23
555 31
556 9
557 13
558 28
559 7
560 8
561 18
562 31
563 17
564 18
565 22
566 24
567 1
568 17
569 32
570 4
571 29
572 5
573 8
574 6
575 9
576 12
577 6
578 13
579 14
580 32
581 2
582 7
583 21
584 25
585 5
586 11
587 15
588 3
589 19
590 22
591 20
592 2
593 3
594 26
595 11
596 29
597 25
598 16
599 28
600 15
601 12
602 27
603 4
604 20
605 31
606 1
607 16
608 33
609 7
610 19
611 33
612 9
613 10
614 14
615 23
616 34
617 34
618 30
619 8
620 5
621 29
622 4
623 24
624 6
625 1
626 13
627 6
628 7
629 2
630 11
631 13
632 31
633 19
634 10
635 30
636 21
637 11
638 23
639 27
640 18
641 20
642 2
643 14
644 24
645 5
646 3
647 15
648 8
649 21
650 28
651 35
652 25
653 26
654 12
655 7
656 32
657 22
658 35
659 9
660 19
661 4
662 33
663 12
664 36
665 28
666 9
667 17
668 16
669 25
670 1
671 18
672 15
673 31
674 17
675 10
676 22
677 24
678 20
679 36
680 29
681 29
682 10
683 3
684 14
685 27
686 2
687 11
688 6
689 6
690 34
691 16
692 4
693 32
694 11
695 33
696 27
697 20
698 18
699 23
700 5
701 2
702 24
703 1
704 12
705 8
706 31
707 7
708 28
709 26
710 30
711 13
712 8
713 5
714 23
715 14
716 3
717 30
718 37
719 17
720 1
721 28
722 26
723 12
724 7
725 19
726 9
727 34
728 13
729 35
730 33
731 9
732 19
733 15
734 21
735 22
736 22
737 36
738 17
739 20
740 25
741 10
742 20
743 4
744 38
745 16
746 15
747 18
748 16
749 32
750 12
751 3
752 10
753 2
754 29
755 23
756 36
757 1
758 27
759 24
760 5
761 29
762 32
763 13
764 11
765 6
766 26
767 11
768 4
769 8
770 34
771 21
772 18
773 7
774 23
775 33
776 14
777 31
778 24
779 27
780 6
781 30
782 3
783 35
784 35
785 5
786 39
787 36
788 7
789 17
790 37
791 28
792 40
793 12
794 2
795 25
796 38
797 19
798 1
799 15
800 19
801 14
802 30
803 18
804 12
805 16
806 9
807 4
808 5
809 37
810 10
811 38
812 20
813 22
814 21
815 3
816 4
817 32
818 29
819 6
820 8
821 10
822 22
823 9
824 16
825 11
826 13
827 20
828 15
829 34
830 17
831 2
832 28
833 24
834 7
835 26
836 31
837 5
838 6
839 35
840 25
841 39
842 14
843 27
844 23
845 23
846 27
847 1
848 33
849 40
850 35
851 41
852 34
853 42
854 41
855 7
856 24
857 14
858 42
859 31
860 26
861 33
862 3
863 30
864 11
865 15
866 9
867 3
868 21
869 22
870 30
871 25
872 13
873 21
874 12
875 9
876 2
877 10
878 15
879 4
880 16
881 13
882 1
883 16
884 28
885 19
886 4
887 12
888 17
889 6
890 37
891 17
892 10
893 34
894 18
895 37
896 32
897 28
898 22
899 32
900 29
901 18
902 6
903 29
904 5
905 36
906 8
907 38
908 20
909 43
910 36
911 44
912 38
913 20
914 39
915 8
916 19
917 30
918 35
919 40
920 33
921 15
922 21
923 23
924 24
925 45
926 11
927 39
928 34
929 22
930 26
931 33
932 1
933 5
934 9
935 16
936 3
937 13
938 14
939 4
940 15
941 14
942 13
943 1
944 16
945 7
946 25
947 6
948 2
949 21
950 4
951 3
952 17
953 25
954 27
955 35
956 23
957 24
958 30
959 9
960 31
961 10
962 41
963 2
964 10
965 11
966 7
967 31
968 40
969 34
970 28
971 17
972 37
973 12
974 42
975 41
976 43
977 19
978 44
979 42
980 45
981 26
982 12
983 46
984 46
985 38
986 47
987 23
988 3
989 47
990 33
991 40
992 34
993 20
994 19
995 15
996 6
997 27
998 11
999 30
1000 36
1001 5
1002 5
1003 24
1004 9
1005 29
1006 8
1007 18
1008 16
1009 1
1010 18
1011 22
1012 7
1013 11
1014 10
1015 16
1016 13
1017 35
1018 17
1019 21
1020 4
1021 6
1022 25
1023 28
1024 24
1025 7
1026 23
1027 14
1028 15
1029 13
1030 2
1031 3
1032 20
1033 8
1034 1
1035 32
1036 29
1037 33
1038 31
1039 10
1040 30
1041 25
1042 14
1043 36
1044 26
1045 37
1046 38
1047 39
1048 32
1049 38
1050 46
1051 43
1052 22
1053 26
1054 35
1055 42
1056 21
1057 19
1058 39
1059 41
1060 41
1061 4
1062 37
1063 17
1064 12
1065 45
1066 40
1067 44
1068 43
1069 34
1070 42
1071 31
1072 11
1073 30
1074 36
1075 2
1076 28
1077 1
1078 6
1079 11
1080 33
1081 20
1082 7
1083 23
1084 5
1085 15
1086 16
1087 29
1088 4
1089 6
1090 15
1091 12
1092 8
1093 3
1094 3
1095 18
1096 18
1097 21
1098 14
1099 5
1100 17
1101 8
1102 9
1103 14
1104 34
1105 22
1106 1
1107 7
1108 20
1109 10
1110 19
1111 32
1112 24
1113 9
1114 13
1115 24
1116 23
1117 13
1118 25
1119 27
1120 44
1121 35
1122 10
1123 46
1124 45
1125 40
1126 27
1127 39
1128 47
1129 28
1130 48
1131 36
1132 49
1133 48
1134 50
1135 47
1136 31
1137 16
1138 42
1139 34
1140 43
1141 44
1142 40
1143 49
1144 2
1145 50
1146 51
1147 51
1148 36
1149 41
1150 11
1151 52
1152 18
1153 42
1154 3
1155 29
1156 22
1157 12
1158 9
1159 20
1160 7
1161 5
1162 20
1163 1
1164 8
1165 2
1166 14
1167 14
1168 24
1169 31
1170 6
1171 10
1172 19
1173 9
1174 28
1175 7
1176 17
1177 3
1178 5
1179 4
1180 10
1181 22
1182 21
1183 11
1184 13
1185 18
1186 16
1187 15
1188 1
1189 8
1190 4
1191 17
1192 32
1193 19
1194 15
1195 6
1196 29
1197 21
1198 26
1199 25
1200 33
1201 37
1202 34
1203 33
1204 38
1205 38
1206 39
1207 23
1208 12
1209 26
1210 37
1211 30
1212 27
1213 45
1214 30
1215 43
1216 35
1217 35
1218 41
1219 28
1220 47
1221 13
1222 46
1223 53
1224 52
1225 32
1226 53
1227 54
1228 44
1229 55
1230 54
1231 42
1232 55
1233 24
1234 56
1235 41
1236 36
1237 51
1238 45
1239 31
1240 18
1241 18
1242 57
1243 27
1244 17
1245 12
1246 11
1247 16
1248 31
1249 17
1250 16
1251 4
1252 33
1253 11
1254 3
1255 10
1256 2
1257 1
1258 6
1259 2
1260 8
1261 19
1262 7
1263 6
1264 10
1265 22
1266 22
1267 21
1268 9
1269 3
1270 23
1271 9
1272 24
1273 33
1274 15
1275 40
1276 1
1277 25
1278 19
1279 7
1280 5
1281 8
1282 29
1283 15
1284 13
1285 44
1286 4
1287 20
1288 21
1289 14
1290 14
1291 36
1292 25
1293 5
1294 28
1295 26
1296 40
1297 29
1298 26
1299 34
1300 20
1301 39
1302 42
1303 46
1304 32
1305 47
1306 43
1307 48
1308 48
1309 49
1310 50
1311 31
1312 45
1313 24
1314 36
1315 41
1316 49
1317 50
1318 44
1319 42
1320 51
1321 52
1322 31
1323 53
1324 39
1325 23
1326 47
1327 27
1328 27
1329 30
1330 35
1331 43
1332 8
1333 2
1334 1
1335 1
1336 11
1337 33
1338 9
1339 6
1340 7
1341 19
1342 2
1343 12
1344 34
1345 20
1346 33
1347 21
1348 22
1349 11
1350 4
1351 4
1352 10
1353 15
1354 17
1355 18
1356 13
1357 25
1358 16
1359 7
1360 23
1361 8
1362 30
1363 13
1364 6
1365 28
1366 12
1367 3
1368 19
1369 36
1370 25
1371 40
1372 5
1373 9
1374 37
1375 10
1376 3
1377 32
1378 29
1379 17
1380 24
1381 37
1382 41
1383 35
1384 38
1385 16
1386 46
1387 22
1388 18
1389 38
1390 26
1391 29
1392 20
1393 26
1394 52
1395 5
1396 53
1397 45
1398 14
1399 51
1400 21
1401 54
1402 54
1403 44
1404 55
1405 55
1406 56
1407 56
1408 57
1409 57
1410 27
1411 27
1412 45
1413 23
1414 39
1415 2
1416 15
1417 48
1418 35
1419 30
1420 28
1421 19
1422 47
1423 39
1424 22
1425 24
1426 9
1427 28
1428 7
1429 42
1430 8
1431 34
1432 25
1433 32
1434 31
1435 10
1436 2
1437 37
1438 1
1439 3
1440 12
1441 14
1442 3
1443 47
1444 5
1445 12
1446 10
1447 18
1448 30
1449 50
1450 23
1451 31
1452 13
1453 1
1454 4
1455 11
1456 16
1457 15
1458 34
1459 4
1460 36
1461 46
1462 33
1463 40
1464 17
1465 17
1466 20
1467 6
1468 11
1469 7
1470 18
1471 9
1472 6
1473 8
1474 40
1475 13
1476 27
1477 16
1478 19
1479 5
1480 37
1481 26
1482 24
1483 2
1484 26
1485 33
1486 42
1487 25
1488 43
1489 20
1490 38
1491 21
1492 44
1493 36
1494 7
1495 29
1496 9
1497 41
1498 48
1499 39
1500 32
1501 19
1502 22
1503 48
1504 15
1505 43
1506 49
1507 38
1508 35
1509 22
1510 39
1511 49
1512 50
1513 27
1514 41
1515 53
1516 46
1517 44
1518 8
1519 35
1520 29
1521 52
1522 14
1523 45
1524 53
1525 31
1526 21
1527 50
1528 51
1529 30
1530 52
1531 14
1532 17
1533 3
1534 58
1535 37
1536 23
1537 7
1538 16
1539 18
1540 28
1541 34
1542 13
1543 32
1544 2
1545 10
1546 31
1547 54
1548 40
1549 23
1550 36
1551 8
1552 3
1553 20
1554 33
1555 12
1556 42
1557 28
1558 25
1559 13
1560 9
1561 1
1562 6
1563 6
1564 15
1565 2
1566 22
1567 11
1568 10
1569 25
1570 26
1571 15
1572 4
1573 17
1574 24
1575 33
1576 34
1577 21
1578 38
1579 51
1580 20
1581 4
1582 45
1583 9
1584 18
1585 42
1586 12
1587 26
1588 1
1589 5
1590 5
1591 40
1592 30
1593 16
1594 27
1595 39
1596 32
1597 46
1598 41
1599 24
1600 47
1601 36
1602 37
1603 22
1604 11
1605 47
1606 43
1607 19
1608 19
1609 48
1610 54
1611 54
1612 55
1613 55
1614 2
1615 41
1616 48
1617 29
1618 56
1619 56
1620 57
1621 32
1622 23
1623 34
1624 21
1625 57
1626 52
1627 14
1628 51
1629 45
1630 14
1631 50
1632 35
1633 35
1634 49
1635 37
1636 46
1637 27
1638 8
1639 44
1640 39
1641 12
1642 20
1643 38
1644 3
1645 11
1646 15
1647 7
1648 1
1649 20
1650 24
1651 17
1652 12
1653 18
1654 4
1655 3
1656 22
1657 2
1658 38
1659 15
1660 25
1661 5
1662 42
1663 16
1664 40
1665 31
1666 7
1667 28
1668 6
1669 9
1670 26
1671 42
1672 5
1673 6
1674 9
1675 13
1676 13
1677 10
1678 28
1679 1
1680 30
1681 4
1682 16
1683 25
1684 18
1685 23
1686 17
1687 40
1688 34
1689 33
1690 29
1691 8
1692 36
1693 21
1694 44
1695 43
1696 33
1697 52
1698 45
1699 49
1700 10
1701 51
1702 50
1703 53
1704 55
1705 54
1706 54
1707 29
1708 19
1709 30
1710 43
1711 47
1712 31
1713 22
1714 2
1715 14
1716 47
1717 24
1718 21
1719 58
1720 23
1721 32
1722 53
1723 36
1724 11
1725 59
1726 37
1727 46
1728 58
1729 60
1730 41
1731 61
1732 32
1733 39
1734 39
1735 19
1736 7
1737 62
1738 5
1739 17
1740 4
1741 9
1742 12
1743 12
1744 14
1745 20
1746 1
1747 3
1748 15
1749 7
1750 20
1751 38
1752 8
1753 44
1754 6
1755 25
1756 13
1757 11
1758 40
1759 35
1760 48
1761 10
1762 16
1763 21
1764 22
1765 41
1766 28
1767 37
1768 24
1769 40
1770 35
1771 5
1772 27
1773 26
1774 3
1775 13
1776 52
1777 23
1778 30
1779 18
1780 44
1781 1
1782 25
1783 28
1784 18
1785 4
1786 46
1787 31
1788 17
1789 42
1790 51
1791 50
1792 49
1793 45
1794 26
1795 15
1796 43
1797 55
1798 57
1799 34
1800 38
1801 6
1802 55
1803 16
1804 42
1805 27
1806 2
1807 22
1808 45
1809 29
1810 33
1811 43
1812 54
1813 33
1814 36
1815 51
1816 53
1817 19
1818 10
1819 14
1820 56
1821 24
1822 47
1823 56
1824 59
1825 8
1826 1
1827 47
1828 9
1829 54
1830 29
1831 32
1832 8
1833 57
1834 5
1835 52
1836 11
1837 35
1838 12
1839 49
1840 60
1841 9
1842 34
1843 30
1844 31
1845 46
1846 4
1847 23
1848 14
1849 36
1850 32
1851 20
1852 41
1853 18
1854 30
1855 7
1856 3
1857 48
1858 27
1859 1
1860 15
1861 21
1862 6
1863 44
1864 40
1865 17
1866 28
1867 34
1868 37
1869 2
1870 17
1871 26
1872 25
1873 11
1874 7
1875 41
1876 13
1877 16
1878 16
1879 12
1880 38
1881 37
1882 20
1883 53
1884 23
1885 3
1886 21
1887 45
1888 19
1889 38
1890 39
1891 13
1892 50
1893 39
1894 24
1895 5
1896 26
1897 28
1898 46
1899 50
1900 36
1901 42
1902 22
1903 43
1904 44
1905 10
1906 49
1907 14
1908 35
1909 40
1910 48
1911 58
1912 52
1913 31
1914 58
1915 4
1916 18
1917 59
1918 43
1919 60
1920 45
1921 27
1922 31
1923 30
1924 51
1925 62
1926 55
1927 49
1928 12
1929 22
1930 2
1931 15
1932 61
1933 6
1934 8
1935 47
1936 14
1937 8
1938 59
1939 46
1940 60
1941 24
1942 11
1943 25
1944 47
1945 9
1946 5
1947 57
1948 10
1949 19
1950 7
1951 2
1952 9
1953 32
1954 29
1955 12
1956 32
1957 16
1958 1
1959 17
1960 15
1961 34
1962 4
1963 35
1964 23
1965 33
1966 30
1967 28
1968 38
1969 1
1970 28
1971 39
1972 6
1973 7
1974 33
1975 38
1976 40
1977 26
1978 25
1979 48
1980 17
1981 52
1982 19
1983 29
1984 26
1985 18
1986 41
1987 21
1988 3
1989 10
1990 21
1991 45
1992 27
1993 3
1994 13
1995 23
1996 34
1997 20
1998 42
1999 37
2000 53
2001 41
2002 37
2003 36
2004 56
2005 51
2006 57
2007 44
2008 54
2009 54
2010 62
2011 53
2012 20
2013 56
2014 63
2015 11
2016 16
2017 63
2018 64
2019 55
2020 50
2021 13
2022 36
2023 47
2024 22
2025 8
2026 44
2027 5
2028 65
2029 22
2030 61
2031 58
2032 43
2033 43
2034 46
2035 31
2036 52
2037 27
2038 45
2039 25
2040 24
2041 59
2042 18
2043 40
2044 32
2045 14
2046 29
2047 4
2048 9
2049 35
2050 1
2051 16
2052 10
2053 12
2054 19
2055 34
2056 17
2057 9
2058 23
2059 24
2060 5
2061 28
2062 7
2063 17
2064 27
2065 23
2066 4
2067 3
2068 25
2069 6
2070 2
2071 1
2072 3
2073 21
2074 6
2075 18
2076 11
2077 19
2078 33
2079 29
2080 15
2081 41
2082 21
2083 32
2084 14
2085 26
2086 30
2087 7
2088 13
2089 39
2090 12
2091 42
2092 40
2093 30
2094 38
2095 33
2096 28
2097 46
2098 31
2099 60
2100 35
2101 38
2102 49
2103 15
2104 48
2105 52
2106 39
2107 48
2108 47
2109 10
2110 55
2111 2
2112 58
2113 49
2114 66
2115 50
2116 51
2117 57
2118 59
2119 61
2120 60
2121 62
2122 67
2123 64
2124 68
2125 65
2126 26
2127 66
2128 69
2129 67
2130 8
2131 68
2132 70
2133 69
2134 65
2135 70
2136 71
2137 71
2138 72
2139 47
2140 73
2141 72
2142 17
2143 56
2144 45
2145 27
2146 16
2147 31
2148 46
2149 22
2150 74
2151 5
2152 23
2153 36
2154 4
2155 12
2156 18
2157 41
2158 2
2159 6
2160 36
2161 1
2162 15
2163 3
2164 1
2165 4
2166 34
2167 13
2168 3
2169 14
2170 5
2171 18
2172 7
2173 9
2174 11
2175 25
2176 9
2177 24
2178 22
2179 11
2180 10
2181 26
2182 20
2183 40
2184 37
2185 21
2186 25
2187 19
2188 12
2189 20
2190 27
2191 8
2192 24
2193 16
2194 6
2195 17
2196 19
2197 15
2198 13
2199 29
2200 29
2201 33
2202 32
2203 30
2204 44
2205 23
2206 41
2207 35
2208 33
2209 7
2210 42
2211 34
2212 43
2213 38
2214 35
2215 28
2216 50
2217 37
2218 28
2219 43
2220 53
2221 45
2222 54
2223 46
2224 21
2225 39
2226 38
2227 51
2228 30
2229 53
2230 57
2231 54
2232 56
2233 55
2234 61
2235 44
2236 62
2237 32
2238 52
2239 58
2240 26
2241 59
2242 63
2243 64
2244 64
2245 62
2246 60
2247 61
2248 59
2249 57
2250 75
2251 50
2252 51
2253 63
2254 58
2255 73
2256 55
2257 74
2258 47
2259 10
2260 46
2261 48
2262 48
2263 27
2264 76
2265 13
2266 4
2267 4
2268 45
2269 56
2270 14
2271 20
2272 36
2273 8
2274 8
2275 52
2276 34
2277 22
2278 18
2279 12
2280 10
2281 36
2282 1
2283 29
2284 9
2285 11
2286 20
2287 3
2288 33
2289 19
2290 3
2291 17
2292 11
2293 2
2294 6
2295 6
2296 5
2297 15
2298 23
2299 21
2300 19
2301 1
2302 24
2303 23
2304 15
2305 5
2306 27
2307 24
2308 2
2309 14
2310 17
2311 7
2312 13
2313 26
2314 40
2315 25
2316 7
2317 30
2318 22
2319 16
2320 12
2321 35
2322 31
2323 9
2324 29
2325 38
2326 16
2327 31
2328 65
2329 18
2330 37
2331 41
2332 66
2333 60
2334 32
2335 65
2336 35
2337 42
2338 39
2339 47
2340 67
2341 49
2342 68
2343 66
2344 49
2345 67
2346 44
2347 68
2348 69
2349 69
2350 70
2351 34
2352 42
2353 70
2354 71
2355 71
2356 72
2357 72
2358 73
2359 75
2360 50
2361 40
2362 74
2363 76
2364 25
2365 77
2366 77
2367 78
2368 78
2369 79
2370 79
2371 80
2372 80
2373 73
2374 5
2375 19
2376 3
2377 50
2378 11
2379 81
2380 81
2381 61
2382 15
2383 36
2384 24
2385 26
2386 9
2387 2
2388 18
2389 1
2390 36
2391 6
2392 16
2393 27
2394 40
2395 37
2396 4
2397 4
2398 23
2399 38
2400 17
2401 10
2402 6
2403 5
2404 21
2405 7
2406 13
2407 20
2408 2
2409 3
2410 19
2411 12
2412 1
2413 8
2414 14
2415 41
2416 38
2417 17
2418 22
2419 21
2420 33
2421 25
2422 20
2423 9
2424 7
2425 11
2426 8
2427 30
2428 30
2429 13
2430 41
2431 14
2432 28
2433 22
2434 34
2435 16
2436 47
2437 24
2438 27
2439 23
2440 51
2441 32
2442 43
2443 43
2444 52
2445 28
2446 10
2447 15
2448 46
2449 29
2450 48
2451 44
2452 26
2453 39
2454 45
2455 45
2456 53
2457 51
2458 56
2459 33
2460 54
2461 54
2462 57
2463 53
2464 32
2465 46
2466 55
2467 55
2468 61
2469 56
2470 58
2471 52
2472 62
2473 58
2474 29
2475 48
2476 59
2477 57
2478 63
2479 59
2480 60
2481 34
2482 64
2483 62
2484 69
2485 63
2486 44
2487 66
2488 68
2489 36
2490 36
2491 64
2492 67
2493 37
2494 35
2495 65
2496 24
2497 60
2498 66
2499 40
2500 50
2501 18
2502 37
2503 42
2504 4
2505 71
2506 11
2507 61
2508 1
2509 20
2510 70
2511 3
2512 18
2513 49
2514 8
2515 25
2516 7
2517 76
2518 13
2519 7
2520 31
2521 16
2522 21
2523 13
2524 28
2525 30
2526 30
2527 5
2528 14
2529 4
2530 9
2531 21
2532 15
2533 44
2534 5
2535 35
2536 71
2537 1
2538 16
2539 2
2540 12
2541 9
2542 22
2543 22
2544 6
2545 27
2546 23
2547 8
2548 39
2549 41
2550 20
2551 17
2552 25
2553 12
2554 19
2555 38
2556 17
2557 11
2558 2
2559 6
2560 38
2561 29
2562 34
2563 14
2564 41
2565 45
2566 45
2567 43
2568 43
2569 24
2570 3
2571 10
2572 46
2573 26
2574 40
2575 47
2576 33
2577 19
2578 47
2579 15
2580 49
2581 28
2582 72
2583 31
2584 65
2585 66
2586 44
2587 50
2588 69
2589 67
2590 52
2591 68
2592 73
2593 58
2594 62
2595 57
2596 74
2597 69
2598 42
2599 55
2600 55
2601 52
2602 76
2603 53
2604 61
2605 54
2606 54
2607 33
2608 56
2609 51
2610 75
2611 70
2612 77
2613 39
2614 26
2615 62
2616 48
2617 72
2618 60
2619 59
2620 10
2621 48
2622 59
2623 61
2624 12
2625 32
2626 11
2627 42
2628 37
2629 18
2630 51
2631 36
2632 27
2633 23
2634 57
2635 60
2636 1
2637 64
2638 16
2639 30
2640 31
2641 12
2642 13
2643 49
2644 4
2645 40
2646 6
2647 2
2648 17
2649 5
2650 29
2651 34
2652 5
2653 24
2654 3
2655 35
2656 32
2657 3
2658 21
2659 8
2660 8
2661 6
2662 20
2663 25
2664 24
2665 11
2666 9
2667 46
2668 30
2669 4
2670 14
2671 37
2672 28
2673 17
2674 38
2675 16
2676 2
2677 21
2678 18
2679 43
2680 19
2681 9
2682 53
2683 1
2684 44
2685 20
2686 25
2687 26
2688 15
2689 63
2690 50
2691 13
2692 22
2693 44
2694 45
2695 22
2696 36
2697 14
2698 7
2699 7
2700 58
2701 38
2702 43
2703 10
2704 41
2705 65
2706 49
2707 29
2708 63
2709 45
2710 33
2711 73
2712 34
2713 56
2714 39
2715 74
2716 64
2717 27
2718 66
2719 41
2720 35
2721 71
2722 23
2723 78
2724 67
2725 75
2726 56
2727 33
2728 54
2729 54
2730 46
2731 53
2732 71
2733 76
2734 51
2735 77
2736 37
2737 69
2738 74
2739 32
2740 16
2741 58
2742 59
2743 48
2744 52
2745 39
2746 70
2747 23
2748 48
2749 55
2750 60
2751 37
2752 72
2753 3
2754 61
2755 50
2756 8
2757 49
2758 55
2759 59
2760 11
2761 28
2762 40
2763 1
2764 30
2765 31
2766 53
2767 40
2768 13
2769 46
2770 32
2771 35
2772 3
2773 24
2774 4
2775 6
2776 29
2777 44
2778 14
2779 34
2780 27
2781 4
2782 1
2783 42
2784 22
2785 9
2786 12
2787 11
2788 38
2789 8
2790 6
2791 19
2792 28
2793 51
2794 15
2795 25
2796 10
2797 10
2798 18
2799 5
2800 5
2801 14
2802 42
2803 62
2804 19
2805 12
2806 21
2807 16
2808 31
2809 15
2810 24
2811 47
2812 26
2813 60
2814 44
2815 2
2816 2
2817 7
2818 9
2819 61
2820 36
2821 64
2822 20
2823 57
2824 45
2825 18
2826 47
2827 21
2828 41
2829 17
2830 62
2831 26
2832 25
2833 13
2834 17
2835 67
2836 65
2837 22
2838 68
2839 30
2840 7
2841 66
2842 69
2843 63
2844 50
2845 36
2846 73
2847 29
2848 49
2849 65
2850 57
2851 50
2852 75
2853 43
2854 58
2855 52
2856 33
2857 55
2858 63
2859 68
2860 70
2861 70
2862 67
2863 78
2864 40
2865 28
2866 76
2867 6
2868 74
2869 27
2870 8
2871 72
2872 39
2873 31
2874 48
2875 35
2876 54
2877 79
2878 56
2879 59
2880 77
2881 80
2882 78
2883 48
2884 12
2885 19
2886 4
2887 37
2888 55
2889 25
2890 42
2891 46
2892 46
2893 8
2894 24
2895 15
2896 10
2897 39
2898 3
2899 32
2900 59
2901 10
2902 27
2903 34
2904 20
2905 7
2906 35
2907 47
2908 6
2909 5
2910 29
2911 33
2912 22
2913 42
2914 14
2915 4
2916 5
2917 12
2918 1
2919 20
2920 60
2921 1
2922 43
2923 9
2924 7
2925 14
2926 34
2927 21
2928 11
2929 13
2930 23
2931 17
2932 28
2933 24
2934 53
2935 57
2936 47
2937 18
2938 9
2939 2
2940 2
2941 38
2942 17
2943 49
2944 13
2945 16
2946 21
2947 54
2948 16
2949 23
2950 52
2951 51
2952 30
2953 29
2954 38
2955 53
2956 50
2957 56
2958 66
2959 3
2960 51
2961 58
2962 61
2963 45
2964 79
2965 67
2966 15
2967 44
2968 31
2969 41
2970 26
2971 62
2972 64
2973 66
2974 36
2975 71
2976 37
2977 11
2978 71
2979 64
2980 19
2981 40
2982 63
2983 55
2984 72
2985 52
2986 18
2987 69
2988 68
2989 22
2990 45
2991 73
2992 32
2993 60
2994 81
2995 35
2996 48
2997 63
2998 69
2999 74
3000 44
3001 72
3002 76
3003 61
3004 65
3005 28
3006 29
3007 59
3008 6
3009 20
3010 35
3011 46
3012 33
3013 4
3014 58
3015 5
3016 56
3017 33
3018 46
3019 43
3020 25
3021 14
3022 40
3023 7
3024 4
3025 25
3026 27
3027 34
3028 2
3029 30
3030 10
3031 39
3032 67
3033 65
3034 16
3035 19
3036 39
3037 16
3038 1
3039 27
3040 77
3041 21
3042 8
3043 15
3044 34
3045 6
3046 49
3047 37
3048 43
3049 2
3050 60
3051 50
3052 3
3053 24
3054 41
3055 31
3056 23
3057 18
3058 13
3059 54
3060 28
3061 38
3062 14
3063 8
3064 20
3065 17
3066 12
3067 13
3068 7
3069 26
3070 22
3071 56
3072 5
3073 53
3074 62
3075 1
3076 57
3077 36
3078 11
3079 9
3080 54
3081 32
3082 59
3083 42
3084 9
3085 40
3086 47
3087 68
3088 24
3089 47
3090 17
3091 70
3092 21
3093 76
3094 55
3095 41
3096 31
3097 12
3098 53
3099 67
3100 19
3101 48
3102 42
3103 58
3104 73
3105 71
3106 51
3107 3
3108 50
3109 62
3110 75
3111 79
3112 78
3113 51
3114 68
3115 52
3116 37
3117 23
3118 63
3119 10
3120 69
3121 64
3122 26
3123 35
3124 64
3125 60
3126 74
3127 66
3128 70
3129 57
3130 52
3131 46
3132 79
3133 77
3134 33
3135 50
3136 80
3137 6
3138 38
3139 19
3140 30
3141 11
3142 44
3143 28
3144 10
3145 43
3146 48
3147 33
3148 65
3149 5
3150 43
3151 18
3152 13
3153 26
3154 7
3155 24
3156 12
3157 22
3158 14
3159 30
3160 39
3161 25
3162 34
3163 15
3164 49
3165 39
3166 41
3167 27
3168 25
3169 34
3170 46
3171 55
3172 23
3173 7
3174 58
3175 16
3176 40
3177 17
3178 67
3179 1
3180 6
3181 2
3182 62
3183 21
3184 18
3185 14
3186 5
3187 9
3188 20
3189 20
3190 28
3191 4
3192 71
3193 31
3194 15
3195 8
3196 22
3197 44
3198 32
3199 45
3200 8
3201 37
3202 35
3203 59
3204 36
3205 38
3206 17
3207 63
3208 3
3209 69
3210 29
3211 40
3212 2
3213 73
3214 56
3215 61
3216 16
3217 29
3218 72
3219 36
3220 57
3221 56
3222 60
3223 65
3224 61
3225 74
3226 4
3227 57
3228 45
3229 49
3230 53
3231 75
3232 64
3233 13
3234 55
3235 51
3236 70
3237 10
3238 63
3239 47
3240 27
3241 28
3242 26
3243 78
3244 31
3245 12
3246 47
3247 48
3248 76
3249 32
3250 33
3251 70
3252 24
3253 41
3254 1
3255 53
3256 50
3257 42
3258 39
3259 33
3260 7
3261 26
3262 66
3263 76
3264 11
3265 5
3266 59
3267 30
3268 81
3269 68
3270 10
3271 35
3272 44
3273 60
3274 23
3275 18
3276 52
3277 81
3278 37
3279 27
3280 68
3281 2
3282 6
3283 22
3284 13
3285 9
3286 12
3287 3
3288 32
3289 44
3290 38
3291 58
3292 15
3293 25
3294 41
3295 7
3296 28
3297 15
3298 51
3299 17
3300 35
3301 34
3302 30
3303 67
3304 19
3305 23
3306 21
3307 11
3308 25
3309 31
3310 40
3311 4
3312 74
3313 20
3314 2
3315 52
3316 29
3317 19
3318 14
3319 46
3320 55
3321 39
3322 9
3323 1
3324 48
3325 40
3326 42
3327 69
3328 58
3329 59
3330 16
3331 62
3332 36
3333 45
3334 73
3335 72
3336 69
3337 29
3338 5
3339 54
3340 22
3341 6
3342 18
3343 64
3344 65
3345 55
3346 3
3347 73
3348 67
3349 71
3350 34
3351 24
3352 8
3353 49
3354 24
3355 70
3356 4
3357 43
3358 59
3359 48
3360 49
3361 66
3362 43
3363 78
3364 54
3365 77
3366 27
3367 79
3368 50
3369 80
3370 75
3371 14
3372 20
3373 13
3374 62
3375 56
3376 46
3377 16
3378 47
3379 82
3380 23
3381 32
3382 76
3383 50
3384 78
3385 8
3386 57
3387 36
3388 68
3389 27
3390 33
3391 76
3392 56
3393 21
3394 35
3395 74
3396 26
3397 15
3398 77
3399 44
3400 10
3401 30
3402 1
3403 12
3404 79
3405 5
3406 61
3407 65
3408 64
3409 41
3410 31
3411 46
3412 2
3413 10
3414 17
3415 11
3416 40
3417 1
3418 44
3419 35
3420 60
3421 75
3422 45
3423 52
3424 82
3425 26
3426 11
3427 61
3428 39
3429 23
3430 15
3431 31
3432 71
3433 7
3434 53
3435 3
3436 51
3437 28
3438 72
3439 22
3440 12
3441 19
3442 22
3443 25
3444 13
3445 29
3446 30
3447 47
3448 38
3449 6
3450 32
3451 37
3452 4
3453 17
3454 16
3455 33
3456 8
3457 38
3458 21
3459 53
3460 9
3461 59
3462 28
3463 24
3464 41
3465 9
3466 80
3467 2
3468 6
3469 20
3470 5
3471 4
3472 14
3473 54
3474 62
3475 45
3476 52
3477 14
3478 54
3479 57
3480 19
3481 18
3482 36
3483 51
3484 58
3485 58
3486 37
3487 16
3488 46
3489 69
3490 57
3491 13
3492 34
3493 60
3494 63
3495 55
3496 59
3497 40
3498 7
3499 63
3500 3
3501 39
3502 66
3503 64
3504 49
3505 48
3506 25
3507 66
3508 50
3509 72
3510 24
3511 34
3512 18
3513 67
3514 83
3515 62
3516 29
3517 70
3518 55
3519 68
3520 48
3521 42
3522 81
3523 41
3524 64
3525 73
3526 56
3527 71
3528 69
3529 77
3530 73
3531 36
3532 40
3533 8
3534 84
3535 10
3536 70
3537 46
3538 42
3539 82
3540 76
3541 81
3542 51
3543 83
3544 1
3545 84
3546 10
3547 31
3548 67
3549 49
3550 61
3551 35
3552 11
3553 5
3554 77
3555 26
3556 15
3557 23
3558 39
3559 7
3560 44
3561 43
3562 74
3563 27
3564 16
3565 11
3566 33
3567 22
3568 21
3569 9
3570 45
3571 25
3572 28
3573 1
3574 20
3575 12
3576 35
3577 38
3578 2
3579 65
3580 32
3581 45
3582 38
3583 2
3584 13
3585 21
3586 47
3587 20
3588 12
3589 4
3590 30
3591 17
3592 4
3593 15
3594 43
3595 53
3596 14
3597 32
3598 19
3599 3
3600 9
3601 37
3602 53
3603 33
3604 54
3605 64
3606 65
3607 30
3608 26
3609 18
3610 6
3611 47
3612 5
3613 28
3614 27
3615 29
3616 17
3617 24
3618 8
3619 50
3620 31
3621 78
3622 66
3623 56
3624 71
3625 6
3626 7
3627 61
3628 60
3629 80
3630 63
3631 14
3632 41
3633 74
3634 62
3635 44
3636 22
3637 42
3638 68
3639 19
3640 58
3641 52
3642 78
3643 75
3644 75
3645 57
3646 72
3647 76
3648 52
3649 79
3650 79
3651 54
3652 82
3653 16
3654 85
3655 58
3656 80
3657 39
3658 86
3659 59
3660 87
3661 40
3662 88
3663 31
3664 23
3665 60
3666 34
3667 48
3668 49
3669 83
3670 48
3671 81
3672 37
3673 82
3674 29
3675 77
3676 38
3677 10
3678 18
3679 8
3680 36
3681 22
3682 25
3683 69
3684 20
3685 71
3686 89
3687 43
3688 33
3689 62
3690 43
3691 36
3692 15
3693 1
3694 1
3695 85
3696 10
3697 49
3698 39
3699 41
3700 9
3701 66
3702 47
3703 53
3704 50
3705 70
3706 40
3707 17
3708 30
3709 21
3710 27
3711 46
3712 2
3713 30
3714 11
3715 5
3716 54
3717 78
3718 46
3719 12
3720 4
3721 7
3722 44
3723 51
3724 64
3725 27
3726 17
3727 2
3728 13
3729 9
3730 42
3731 84
3732 24
3733 38
3734 14
3735 4
3736 55
3737 11
3738 26
3739 33
3740 32
3741 18
3742 45
3743 63
3744 3
3745 34
3746 67
3747 26
3748 16
3749 52
3750 31
3751 23
3752 21
3753 42
3754 35
3755 47
3756 57
3757 65
3758 59
3759 72
3760 56
3761 67
3762 69
3763 19
3764 61
3765 25
3766 70
3767 56
3768 19
3769 13
3770 51
3771 3
3772 63
3773 40
3774 22
3775 44
3776 53
3777 68
3778 5
3779 55
3780 6
3781 16
3782 12
3783 54
3784 7
3785 6
3786 66
3787 50
3788 72
3789 29
3790 8
3791 45
3792 48
3793 64
3794 49
3795 73
3796 65
3797 79
3798 52
3799 76
3800 62
3801 74
3802 28
3803 20
3804 33
3805 15
3806 73
3807 32
3808 60
3809 37
3810 71
3811 86
3812 74
3813 87
3814 81
3815 88
3816 47
3817 14
3818 75
3819 61
3820 76
3821 28
3822 9
3823 21
3824 29
3825 35
3826 83
3827 39
3828 41
3829 24
3830 80
3831 1
3832 82
3833 43
3834 25
3835 12
3836 20
3837 8
3838 40
3839 71
3840 15
3841 22
3842 36
3843 10
3844 34
3845 69
3846 23
3847 9
3848 64
3849 60
3850 37
3851 31
3852 38
3853 34
3854 18
3855 62
3856 42
3857 38
3858 1
3859 30
3860 24
3861 11
3862 55
3863 33
3864 14
3865 59
3866 58
3867 48
3868 43
3869 23
3870 31
3871 52
3872 35
3873 41
3874 17
3875 42
3876 61
3877 7
3878 46
3879 51
3880 56
3881 36
3882 77
3883 46
3884 26
3885 44
3886 22
3887 57
3888 2
3889 26
3890 10
3891 58
3892 13
3893 70
3894 3
3895 17
3896 45
3897 77
3898 70
3899 66
3900 4
3901 49
3902 39
3903 67
3904 54
3905 47
3906 68
3907 5
3908 50
3909 63
3910 19
3911 2
3912 11
3913 25
3914 53
3915 80
3916 16
3917 53
3918 27
3919 78
3920 30
3921 13
3922 57
3923 56
3924 63
3925 6
3926 32
3927 82
3928 79
3929 16
3930 78
3931 55
3932 84
3933 83
3934 52
3935 18
3936 72
3937 40
3938 21
3939 65
3940 85
3941 75
3942 12
3943 37
3944 6
3945 81
3946 5
3947 68
3948 49
3949 54
3950 7
3951 72
3952 74
3953 43
3954 73
3955 85
3956 44
3957 8
3958 28
3959 12
3960 62
3961 28
3962 29
3963 79
3964 86
3965 50
3966 51
3967 84
3968 41
3969 14
3970 20
3971 29
3972 1
3973 19
3974 34
3975 61
3976 8
3977 64
3978 48
3979 3
3980 37
3981 15
3982 42
3983 9
3984 9
3985 27
3986 47
3987 31
3988 43
3989 42
3990 60
3991 32
3992 40
3993 11
3994 31
3995 4
3996 66
3997 33
3998 55
3999 24
4000 23
4001 10
4002 56
4003 20
4004 17
4005 45
4006 26
4007 41
4008 33
4009 36
4010 18
4011 39
4012 16
4013 30
4014 2
4015 2
4016 27
4017 1
4018 14
4019 34
4020 25
4021 21
4022 65
4023 22
4024 36
4025 17
4026 46
4027 49
4028 58
4029 51
4030 38
4031 35
4032 35
4033 60
4034 13
4035 23
4036 10
4037 58
4038 15
4039 57
4040 81
4041 25
4042 50
4043 59
4044 59
4045 86
4046 54
4047 87
4048 39
4049 47
4050 67
4051 62
4052 71
4053 38
4054 61
4055 52
4056 80
4057 69
4058 52
4059 71
4060 83
4061 26
4062 75
4063 53
4064 79
4065 44
4066 32
4067 73
4068 63
4069 48
4070 19
4071 46
4072 24
4073 56
4074 69
4075 13
4076 45
4077 67
4078 64
4079 74
4080 11
4081 80
4082 76
4083 63
4084 87
4085 78
4086 89
4087 76
4088 82
4089 88
4090 53
4091 89
4092 74
4093 72
4094 22
4095 77
4096 49
4097 90
4098 40
4099 15
4100 37
4101 37
4102 48
4103 75
4104 60
4105 27
4106 9
4107 7
4108 42
4109 29
4110 77
4111 66
4112 43
4113 84
4114 12
4115 3
4116 3
4117 19
4118 18
4119 11
4120 21
4121 20
4122 44
4123 18
4124 7
4125 12
4126 28
4127 8
4128 62
4129 32
4130 29
4131 68
4132 10
4133 83
4134 56
4135 9
4136 1
4137 50
4138 8
4139 28
4140 31
4141 6
4142 16
4143 40
4144 5
4145 5
4146 6
4147 23
4148 4
4149 17
4150 51
4151 2
4152 17
4153 10
4154 36
4155 14
4156 15
4157 45
4158 30
4159 33
4160 34
4161 1
4162 70
4163 53
4164 57
4165 21
4166 58
4167 4
4168 14
4169 39
4170 23
4171 36
4172 47
4173 81
4174 66
4175 24
4176 67
4177 43
4178 26
4179 41
4180 81
4181 42
4182 20
4183 58
4184 41
4185 25
4186 55
4187 54
4188 68
4189 31
4190 2
4191 35
4192 69
4193 49
4194 35
4195 46
4196 83
4197 22
4198 73
4199 61
4200 65
4201 26
4202 78
4203 55
4204 71
4205 62
4206 27
4207 52
4208 52
4209 79
4210 72
4211 70
4212 61
4213 38
4214 84
4215 65
4216 85
4217 85
4218 59
4219 16
4220 50
4221 82
4222 86
4223 59
4224 25
4225 34
4226 21
4227 87
4228 88
4229 64
4230 3
4231 91
4232 74
4233 60
4234 90
4235 57
4236 33
4237 51
4238 75
4239 7
4240 42
4241 71
4242 53
4243 75
4244 87
4245 3
4246 11
4247 37
4248 5
4249 40
4250 45
4251 29
4252 49
4253 74
4254 54
4255 56
4256 62
4257 69
4258 19
4259 5
4260 82
4261 73
4262 76
4263 83
4264 91
4265 28
4266 56
4267 80
4268 64
4269 33
4270 80
4271 13
4272 4
4273 23
4274 23
4275 45
4276 24
4277 67
4278 12
4279 21
4280 8
4281 78
4282 34
4283 1
4284 1
4285 12
4286 20
4287 15
4288 38
4289 14
4290 13
4291 43
4292 32
4293 50
4294 7
4295 6
4296 22
4297 20
4298 18
4299 76
4300 6
4301 27
4302 44
4303 77
4304 28
4305 36
4306 15
4307 19
4308 40
4309 18
4310 58
4311 47
4312 77
4313 52
4314 39
4315 11
4316 17
4317 39
4318 57
4319 4
4320 35
4321 44
4322 46
4323 22
4324 9
4325 30
4326 60
4327 32
4328 43
4329 35
4330 10
4331 55
4332 52
4333 9
4334 37
4335 66
4336 65
4337 31
4338 29
4339 88
4340 41
4341 48
4342 47
4343 8
4344 59
4345 24
4346 2
4347 10
4348 67
4349 41
4350 63
4351 70
4352 66
4353 58
4354 55
4355 81
4356 27
4357 17
4358 70
4359 42
4360 36
4361 3
4362 26
4363 72
4364 16
4365 86
4366 30
4367 89
4368 75
4369 64
4370 33
4371 63
4372 31
4373 84
4374 51
4375 54
4376 89
4377 53
4378 48
4379 68
4380 87
4381 92
4382 14
4383 90
4384 78
4385 93
4386 79
4387 51
4388 73
4389 79
4390 83
4391 46
4392 74
4393 49
4394 21
4395 71
4396 72
4397 78
4398 86
4399 94
4400 25
4401 29
4402 24
4403 59
4404 56
4405 26
4406 69
4407 13
4408 84
4409 65
4410 53
4411 38
4412 42
4413 2
4414 91
4415 15
4416 50
4417 57
4418 68
4419 5
4420 58
4421 40
4422 3
4423 82
4424 88
4425 12
4426 12
4427 14
4428 38
4429 39
4430 17
4431 25
4432 61
4433 77
4434 22
4435 23
4436 13
4437 35
4438 19
4439 22
4440 92
4441 44
4442 11
4443 7
4444 90
4445 19
4446 32
4447 43
4448 54
4449 4
4450 60
4451 56
4452 7
4453 18
4454 39
4455 20
4456 29
4457 6
4458 49
4459 16
4460 6
4461 47
4462 20
4463 21
4464 18
4465 33
4466 77
4467 30
4468 8
4469 50
4470 35
4471 36
4472 1
4473 74
4474 34
4475 31
4476 31
4477 62
4478 4
4479 61
4480 52
4481 55
4482 5
4483 11
4484 23
4485 70
4486 15
4487 28
4488 40
4489 83
4490 27
4491 73
4492 85
4493 1
4494 44
4495 45
4496 78
4497 41
4498 65
4499 66
4500 30
4501 10
4502 16
4503 37
4504 10
4505 69
4506 46
4507 48
4508 45
4509 81
4510 9
4511 34
4512 62
4513 60
4514 28
4515 84
4516 76
4517 75
4518 57
4519 76
4520 59
4521 42
4522 81
4523 8
4524 47
4525 80
4526 55
4527 85
4528 64
4529 87
4530 71
4531 27
4532 67
4533 64
4534 86
4535 24
4536 72
4537 86
4538 43
4539 67
4540 41
4541 91
4542 70
4543 59
4544 66
4545 77
4546 63
4547 58
4548 17
4549 9
4550 22
4551 52
4552 24
4553 25
4554 48
4555 15
4556 82
4557 40
4558 12
4559 72
4560 21
4561 32
4562 50
4563 88
4564 68
4565 89
4566 80
4567 38
4568 37
4569 29
4570 26
4571 16
4572 49
4573 19
4574 87
4575 51
4576 69
4577 13
4578 14
4579 26
4580 51
4581 53
4582 25
4583 20
4584 84
4585 18
4586 7
4587 36
4588 32
4589 4
4590 75
4591 30
4592 5
4593 22
4594 6
4595 79
4596 73
4597 2
4598 31
4599 46
4600 19
4601 21
4602 35
4603 56
4604 3
4605 5
4606 58
4607 82
4608 61
4609 65
4610 1
4611 43
4612 2
4613 14
4614 56
4615 23
4616 8
4617 45
4618 11
4619 33
4620 33
4621 17
4622 83
4623 12
4624 16
4625 63
4626 15
4627 6
4628 36
4629 3
4630 57
4631 7
4632 30
4633 61
4634 28
4635 54
4636 44
4637 68
4638 52
4639 1
4640 64
4641 35
4642 13
4643 69
4644 90
4645 70
4646 77
4647 49
4648 10
4649 37
4650 53
4651 10
4652 29
4653 31
4654 42
4655 50
4656 74
4657 8
4658 67
4659 39
4660 18
4661 27
4662 89
4663 85
4664 20
4665 84
4666 79
4667 47
4668 47
4669 11
4670 91
4671 59
4672 40
4673 75
4674 38
4675 62
4676 23
4677 78
4678 39
4679 60
4680 54
4681 28
4682 45
4683 41
4684 46
4685 48
4686 92
4687 55
4688 34
4689 44
4690 48
4691 57
4692 65
4693 66
4694 78
4695 90
4696 81
4697 81
4698 59
4699 71
4700 22
4701 34
4702 27
4703 80
4704 41
4705 92
4706 85
4707 74
4708 80
4709 89
4710 82
4711 53
4712 4
4713 32
4714 87
4715 51
4716 61
4717 88
4718 9
4719 91
4720 37
4721 67
4722 35
4723 45
4724 60
4725 9
4726 56
4727 58
4728 63
4729 42
4730 25
4731 40
4732 5
4733 64
4734 70
4735 15
4736 24
4737 73
4738 8
4739 18
4740 7
4741 76
4742 2
4743 52
4744 17
4745 26
4746 71
4747 46
4748 43
4749 38
4750 66
4751 79
4752 31
4753 13
4754 12
4755 16
4756 26
4757 22
4758 32
4759 10
4760 30
4761 29
4762 51
4763 37
4764 36
4765 3
4766 84
4767 69
4768 55
4769 49
4770 33
4771 6
4772 68
4773 24
4774 62
4775 54
4776 28
4777 14
4778 13
4779 35
4780 44
4781 31
4782 14
4783 23
4784 19
4785 83
4786 73
4787 56
4788 53
4789 70
4790 88
4791 12
4792 58
4793 5
4794 75
4795 4
4796 93
4797 30
4798 21
4799 2
4800 6
4801 7
4802 11
4803 59
4804 1
4805 85
4806 86
4807 87
4808 18
4809 20
4810 16
4811 82
4812 3
4813 21
4814 39
4815 47
4816 49
4817 1
4818 20
4819 25
4820 40
4821 28
4822 50
4823 19
4824 90
4825 8
4826 57
4827 43
4828 76
4829 65
4830 29
4831 34
4832 47
4833 36
4834 69
4835 72
4836 52
4837 68
4838 10
4839 94
4840 89
4841 63
4842 94
4843 39
4844 95
4845 44
4846 59
4847 17
4848 72
4849 48
4850 25
4851 41
4852 45
4853 61
4854 64
4855 60
4856 34
4857 62
4858 4
4859 32
4860 38
4861 40
4862 82
4863 9
4864 43
4865 45
4866 41
4867 84
4868 74
4869 26
4870 2
4871 18
4872 23
4873 51
4874 24
4875 33
4876 80
4877 15
4878 65
4879 66
4880 42
4881 50
4882 5
4883 55
4884 8
4885 58
4886 60
4887 29
4888 77
4889 27
4890 46
4891 11
4892 9
4893 67
4894 54
4895 78
4896 31
4897 79
4898 66
4899 77
4900 15
4901 86
4902 67
4903 83
4904 62
4905 52
4906 36
4907 38
4908 79
4909 80
4910 71
4911 53
4912 7
4913 54
4914 17
4915 3
4916 51
4917 6
4918 83
4919 64
4920 78
4921 73
4922 91
4923 16
4924 26
4925 13
4926 56
4927 22
4928 12
4929 85
4930 1
4931 57
4932 48
4933 10
4934 81
4935 46
4936 35
4937 2
4938 85
4939 75
4940 3
4941 42
4942 14
4943 20
4944 63
4945 71
4946 88
4947 92
4948 32
4949 74
4950 70
4951 81
4952 61
4953 19
4954 87
4955 91
4956 40
4957 90
4958 20
4959 89
4960 28
4961 36
4962 39
4963 24
4964 10
4965 88
4966 58
4967 49
4968 18
4969 59
4970 11
4971 56
4972 21
4973 28
4974 30
4975 25
4976 92
4977 21
4978 37
4979 93
4980 57
4981 14
4982 69
4983 95
4984 22
4985 32
4986 33
4987 34
4988 45
4989 96
4990 49
4991 31
4992 41
4993 39
4994 55
4995 37
4996 44
4997 44
4998 13
4999 94
5000 27
5001 5
5002 75
5003 4
5004 64
5005 47
5006 19
5007 12
5008 74
5009 1
5010 76
5011 17
5012 59
5013 23
5014 50
5015 8
5016 65
5017 15
5018 9
5019 11
5020 23
5021 62
5022 34
5023 35
5024 24
5025 82
5026 93
5027 9
5028 25
5029 50
5030 68
5031 7
5032 29
5033 60
5034 4
5035 6
5036 94
5037 3
5038 53
5039 40
5040 46
5041 27
5042 71
5043 46
5044 6
5045 58
5046 36
5047 30
5048 83
5049 26
5050 42
5051 43
5052 73
5053 66
5054 43
5055 20
5056 31
5057 51
5058 16
5059 38
5060 72
5061 63
5062 2
5063 41
5064 52
5065 48
5066 60
5067 18
5068 8
5069 72
5070 81
5071 67
5072 54
5073 68
5074 84
5075 70
5076 82
5077 75
5078 78
5079 97
5080 3
5081 87
5082 38
5083 98
5084 86
5085 57
5086 91
5087 85
5088 48
5089 61
5090 1
5091 13
5092 7
5093 53
5094 56
5095 76
5096 26
5097 91
5098 87
5099 99
5100 51
5101 65
5102 47
5103 54
5104 80
5105 83
5106 90
5107 71
5108 63
5109 16
5110 70
5111 74
5112 22
5113 78
5114 12
5115 45
5116 18
5117 77
5118 58
5119 42
5120 61
5121 24
5122 95
5123 36
5124 28
5125 56
5126 66
5127 52
5128 77
5129 33
5130 14
5131 64
5132 15
5133 29
5134 19
5135 69
5136 35
5137 84
5138 5
5139 10
5140 67
5141 17
5142 44
5143 21
5144 50
5145 9
5146 59
5147 1
5148 30
5149 47
5150 21
5151 62
5152 27
5153 93
5154 41
5155 5
5156 13
5157 8
5158 45
5159 2
5160 49
5161 34
5162 64
5163 79
5164 74
5165 14
5166 68
5167 12
5168 11
5169 4
5170 25
5171 81
5172 24
5173 15
5174 20
5175 19
5176 37
5177 96
5178 79
5179 48
5180 9
5181 58
5182 2
5183 55
5184 72
5185 86
5186 46
5187 30
5188 75
5189 7
5190 29
5191 89
5192 71
5193 73
5194 10
5195 23
5196 62
5197 82
5198 88
5199 31
5200 23
5201 32
5202 55
5203 22
5204 76
5205 44
5206 32
5207 18
5208 33
5209 88
5210 85
5211 35
5212 56
5213 90
5214 92
5215 13
5216 36
5217 39
5218 4
5219 20
5220 89
5221 6
5222 73
5223 40
5224 93
5225 25
5226 69
5227 37
5228 78
5229 80
5230 40
5231 26
5232 53
5233 3
5234 57
5235 11
5236 58
5237 94
5238 8
5239 61
5240 12
5241 50
5242 17
5243 59
5244 94
5245 51
5246 63
5247 57
5248 16
5249 66
5250 7
5251 54
5252 39
5253 68
5254 48
5255 49
5256 81
5257 28
5258 6
5259 36
5260 35
5261 67
5262 34
5263 29
5264 14
5265 60
5266 77
5267 52
5268 91
5269 41
5270 22
5271 63
5272 13
5273 16
5274 3
5275 43
5276 83
5277 71
5278 43
5279 1
5280 1
5281 74
5282 42
5283 65
5284 50
5285 72
5286 95
5287 34
5288 90
5289 84
5290 47
5291 75
5292 60
5293 92
5294 52
5295 38
5296 54
5297 33
5298 31
5299 9
5300 61
5301 10
5302 28
5303 45
5304 51
5305 55
5306 82
5307 24
5308 65
5309 69
5310 5
5311 70
5312 15
5313 46
5314 96
5315 27
5316 70
5317 64
5318 67
5319 83
5320 84
5321 42
5322 26
5323 76
5324 21
5325 95
5326 46
5327 56
5328 97
5329 91
5330 2
5331 21
5332 66
5333 53
5334 86
5335 62
5336 23
5337 47
5338 38
5339 77
5340 62
5341 85
5342 98
5343 79
5344 79
5345 17
5346 30
5347 86
5348 76
5349 97
5350 87
5351 25
5352 57
5353 4
5354 99
5355 26
5356 68
5357 6
5358 72
5359 73
5360 10
5361 88
5362 100
5363 31
5364 45
5365 90
5366 56
5367 87
5368 4
5369 98
5370 80
5371 14
5372 29
5373 99
5374 19
5375 30
5376 37
5377 8
5378 41
5379 100
5380 24
5381 81
5382 55
5383 101
5384 75
5385 32
5386 88
5387 68
5388 101
5389 7
5390 18
5391 19
5392 49
5393 57
5394 34
5395 40
5396 89
5397 20
5398 16
5399 72
5400 8
5401 49
5402 69
5403 93
5404 9
5405 23
5406 40
5407 2
5408 33
5409 16
5410 13
5411 15
5412 44
5413 60
5414 11
5415 52
5416 25
5417 24
5418 22
5419 12
5420 43
5421 78
5422 36
5423 5
5424 63
5425 18
5426 17
5427 45
5428 85
5429 44
5430 7
5431 22
5432 20
5433 11
5434 47
5435 59
5436 31
5437 37
5438 65
5439 10
5440 12
5441 36
5442 39
5443 48
5444 48
5445 1
5446 2
5447 41
5448 74
5449 56
5450 6
5451 3
5452 32
5453 69
5454 60
5455 43
5456 27
5457 39
5458 61
5459 53
5460 71
5461 27
5462 81
5463 35
5464 35
5465 80
5466 77
5467 28
5468 51
5469 55
5470 14
5471 102
5472 3
5473 54
5474 90
5475 63
5476 53
5477 33
5478 91
5479 61
5480 46
5481 70
5482 70
5483 13
5484 50
5485 34
5486 42
5487 58
5488 58
5489 71
5490 54
5491 89
5492 82
5493 50
5494 59
5495 74
5496 102
5497 17
5498 79
5499 96
5500 68
5501 67
5502 73
5503 65
5504 52
5505 47
5506 84
5507 83
5508 83
5509 29
5510 92
5511 38
5512 78
5513 79
5514 64
5515 66
5516 66
5517 51
5518 1
5519 91
5520 94
5521 103
5522 86
5523 95
5524 57
5525 64
5526 26
5527 94
5528 76
5529 104
5530 103
5531 82
5532 104
5533 16
5534 18
5535 105
5536 80
5537 23
5538 55
5539 75
5540 69
5541 26
5542 41
5543 106
5544 93
5545 15
5546 10
5547 73
5548 97
5549 86
5550 24
5551 6
5552 28
5553 40
5554 37
5555 8
5556 87
5557 72
5558 16
5559 97
5560 30
5561 37
5562 7
5563 4
5564 85
5565 25
5566 72
5567 18
5568 13
5569 5
5570 4
5571 62
5572 23
5573 46
5574 96
5575 30
5576 40
5577 60
5578 29
5579 24
5580 56
5581 14
5582 19
5583 76
5584 21
5585 12
5586 12
5587 33
5588 95
5589 31
5590 31
5591 3
5592 20
5593 56
5594 15
5595 35
5596 6
5597 2
5598 11
5599 7
5600 45
5601 49
5602 39
5603 27
5604 44
5605 69
5606 22
5607 39
5608 34
5609 19
5610 53
5611 20
5612 9
5613 22
5614 5
5615 32
5616 46
5617 45
5618 43
5619 9
5620 47
5621 68
5622 25
5623 54
5624 49
5625 58
5626 60
5627 1
5628 54
5629 36
5630 8
5631 21
5632 36
5633 74
5634 2
5635 53
5636 32
5637 42
5638 89
5639 11
5640 33
5641 41
5642 48
5643 63
5644 67
5645 48
5646 42
5647 52
5648 65
5649 55
5650 35
5651 17
5652 17
5653 77
5654 86
5655 90
5656 75
5657 87
5658 38
5659 51
5660 88
5661 57
5662 52
5663 65
5664 51
5665 38
5666 68
5667 44
5668 90
5669 61
5670 91
5671 92
5672 98
5673 50
5674 82
5675 67
5676 3
5677 71
5678 79
5679 59
5680 62
5681 28
5682 71
5683 85
5684 61
5685 70
5686 99
5687 43
5688 100
5689 88
5690 63
5691 91
5692 1
5693 13
5694 70
5695 80
5696 14
5697 78
5698 58
5699 81
5700 92
5701 29
5702 105
5703 10
5704 81
5705 99
5706 80
5707 84
5708 73
5709 93
5710 27
5711 8
5712 37
5713 40
5714 76
5715 98
5716 59
5717 100
5718 97
5719 72
5720 101
5721 82
5722 93
5723 94
5724 102
5725 34
5726 95
5727 64
5728 106
5729 95
5730 66
5731 66
5732 94
5733 30
5734 34
5735 60
5736 64
5737 46
5738 107
5739 101
5740 83
5741 49
5742 23
5743 25
5744 77
5745 2
5746 60
5747 75
5748 85
5749 37
5750 4
5751 69
5752 108
5753 3
5754 19
5755 6
5756 21
5757 33
5758 69
5759 31
5760 30
5761 23
5762 10
5763 41
5764 45
5765 7
5766 53
5767 26
5768 16
5769 83
5770 7
5771 35
5772 26
5773 45
5774 8
5775 18
5776 41
5777 62
5778 17
5779 5
5780 29
5781 21
5782 96
5783 96
5784 40
5785 9
5786 6
5787 87
5788 15
5789 19
5790 5
5791 27
5792 28
5793 47
5794 38
5795 12
5796 47
5797 24
5798 36
5799 15
5800 2
5801 17
5802 3
5803 58
5804 9
5805 51
5806 33
5807 20
5808 74
5809 80
5810 50
5811 36
5812 12
5813 11
5814 18
5815 14
5816 20
5817 22
5818 32
5819 32
5820 11
5821 16
5822 55
5823 38
5824 51
5825 39
5826 25
5827 55
5828 24
5829 44
5830 78
5831 73
5832 54
5833 4
5834 39
5835 42
5836 67
5837 89
5838 44
5839 74
5840 84
5841 53
5842 86
5843 50
5844 43
5845 102
5846 65
5847 54
5848 63
5849 90
5850 31
5851 48
5852 35
5853 8
5854 37
5855 68
5856 71
5857 84
5858 73
5859 63
5860 13
5861 86
5862 72
5863 77
5864 92
5865 1
5866 98
5867 78
5868 103
5869 99
5870 42
5871 13
5872 22
5873 103
5874 48
5875 65
5876 56
5877 56
5878 46
5879 104
5880 61
5881 97
5882 75
5883 79
5884 57
5885 59
5886 87
5887 71
5888 66
5889 67
5890 95
5891 64
5892 49
5893 92
5894 89
5895 61
5896 79
5897 76
5898 90
5899 72
5900 104
5901 98
5902 59
5903 105
5904 76
5905 29
5906 19
5907 52
5908 27
5909 106
5910 14
5911 107
5912 4
5913 23
5914 105
5915 91
5916 16
5917 33
5918 26
5919 108
5920 30
5921 70
5922 10
5923 6
5924 52
5925 3
5926 50
5927 69
5928 1
5929 2
5930 74
5931 57
5932 2
5933 7
5934 77
5935 5
5936 62
5937 60
5938 34
5939 96
5940 83
5941 94
5942 64
5943 100
5944 15
5945 19
5946 6
5947 15
5948 91
5949 25
5950 40
5951 40
5952 38
5953 34
5954 29
5955 26
5956 23
5957 14
5958 21
5959 88
5960 36
5961 43
5962 41
5963 28
5964 44
5965 31
5966 11
5967 83
5968 12
5969 89
5970 70
5971 18
5972 20
5973 10
5974 25
5975 75
5976 9
5977 36
5978 3
5979 30
5980 18
5981 46
5982 32
5983 27
5984 81
5985 20
5986 45
5987 66
5988 8
5989 21
5990 54
5991 73
5992 5
5993 35
5994 28
5995 50
5996 58
5997 62
5998 47
5999 37
6000 53
6001 12
6002 7
6003 9
6004 51
6005 39
6006 55
6007 82
6008 48
6009 24
6010 60
6011 49
6012 82
6013 41
6014 68
6015 81
6016 17
6017 1
6018 72
6019 56
6020 73
6021 4
6022 33
6023 93
6024 69
6025 51
6026 94
6027 53
6028 31
6029 11
6030 66
6031 44
6032 24
6033 90
6034 63
6035 48
6036 65
6037 17
6038 67
6039 58
6040 84
6041 45
6042 37
6043 64
6044 39
6045 92
6046 85
6047 42
6048 42
6049 32
6050 57
6051 16
6052 88
6053 80
6054 78
6055 22
6056 80
6057 85
6058 56
6059 47
6060 99
6061 101
6062 93
6063 95
6064 100
6065 65
6066 59
6067 78
6068 97
6069 13
6070 101
6071 76
6072 46
6073 86
6074 92
6075 87
6076 106
6077 29
6078 13
6079 109
6080 89
6081 84
6082 2
6083 59
6084 98
6085 2
6086 79
6087 61
6088 62
6089 5
6090 96
6091 63
6092 95
6093 57
6094 43
6095 38
6096 23
6097 33
6098 35
6099 74
6100 105
6101 97
6102 22
6103 7
6104 41
6105 43
6106 52
6107 6
6108 15
6109 108
6110 26
6111 105
6112 75
6113 52
6114 9
6115 31
6116 30
6117 28
6118 10
6119 98
6120 36
6121 69
6122 32
6123 3
6124 4
6125 50
6126 76
6127 8
6128 28
6129 75
6130 19
6131 19
6132 86
6133 71
6134 20
6135 10
6136 53
6137 9
6138 34
6139 15
6140 40
6141 40
6142 87
6143 25
6144 49
6145 55
6146 25
6147 54
6148 7
6149 18
6150 72
6151 1
6152 77
6153 72
6154 45
6155 41
6156 44
6157 39
6158 71
6159 12
6160 54
6161 56
6162 58
6163 30
6164 64
6165 14
6166 83
6167 68
6168 57
6169 81
6170 29
6171 34
6172 66
6173 23
6174 55
6175 36
6176 1
6177 67
6178 6
6179 79
6180 11
6181 94
6182 84
6183 60
6184 21
6185 80
6186 24
6187 35
6188 50
6189 20
6190 42
6191 70
6192 60
6193 66
6194 39
6195 11
6196 3
6197 26
6198 91
6199 89
6200 74
6201 27
6202 14
6203 99
6204 102
6205 47
6206 18
6207 44
6208 12
6209 73
6210 90
6211 21
6212 27
6213 49
6214 16
6215 77
6216 61
6217 42
6218 63
6219 65
6220 33
6221 17
6222 17
6223 37
6224 99
6225 45
6226 5
6227 58
6228 70
6229 22
6230 48
6231 46
6232 103
6233 91
6234 69
6235 103
6236 31
6237 78
6238 108
6239 102
6240 94
6241 88
6242 37
6243 4
6244 62
6245 83
6246 38
6247 85
6248 56
6249 59
6250 104
6251 82
6252 78
6253 95
6254 47
6255 16
6256 107
6257 32
6258 68
6259 86
6260 35
6261 64
6262 101
6263 87
6264 43
6265 74
6266 46
6267 33
6268 96
6269 38
6270 8
6271 8
6272 59
6273 63
6274 89
6275 51
6276 32
6277 53
6278 36
6279 98
6280 51
6281 24
6282 106
6283 90
6284 67
6285 3
6286 65
6287 71
6288 81
6289 84
6290 26
6291 75
6292 13
6293 29
6294 75
6295 97
6296 82
6297 100
6298 85
6299 61
6300 52
6301 54
6302 30
6303 43
6304 49
6305 7
6306 66
6307 104
6308 92
6309 48
6310 54
6311 62
6312 50
6313 68
6314 72
6315 1
6316 22
6317 13
6318 7
6319 55
6320 28
6321 101
6322 45
6323 41
6324 44
6325 72
6326 2
6327 57
6328 53
6329 11
6330 97
6331 28
6332 4
6333 106
6334 6
6335 52
6336 98
6337 14
6338 19
6339 35
6340 80
6341 50
6342 39
6343 17
6344 41
6345 18
6346 11
6347 20
6348 76
6349 5
6350 10
6351 23
6352 18
6353 34
6354 58
6355 21
6356 12
6357 12
6358 25
6359 15
6360 77
6361 26
6362 88
6363 9
6364 21
6365 2
6366 15
6367 37
6368 23
6369 10
6370 20
6371 107
6372 63
6373 47
6374 34
6375 40
6376 61
6377 69
6378 74
6379 77
6380 57
6381 108
6382 27
6383 60
6384 40
6385 31
6386 42
6387 19
6388 9
6389 44
6390 84
6391 6
6392 83
6393 27
6394 29
6395 67
6396 3
6397 36
6398 1
6399 42
6400 60
6401 25
6402 95
6403 30
6404 55
6405 16
6406 31
6407 93
6408 79
6409 76
6410 100
6411 79
6412 64
6413 80
6414 14
6415 32
6416 90
6417 92
6418 56
6419 73
6420 93
6421 70
6422 87
6423 81
6424 71
6425 85
6426 69
6427 56
6428 62
6429 109
6430 105
6431 39
6432 70
6433 48
6434 101
6435 64
6436 73
6437 103
6438 37
6439 58
6440 5
6441 54
6442 86
6443 61
6444 109
6445 51
6446 33
6447 45
6448 72
6449 68
6450 110
6451 83
6452 91
6453 33
6454 81
6455 74
6456 96
6457 99
6458 46
6459 96
6460 43
6461 65
6462 51
6463 66
6464 75
6465 86
6466 32
6467 22
6468 26
6469 102
6470 65
6471 90
6472 92
6473 62
6474 17
6475 11
6476 102
6477 3
6478 38
6479 98
6480 24
6481 4
6482 85
6483 38
6484 8
6485 63
6486 59
6487 106
6488 13
6489 94
6490 47
6491 82
6492 15
6493 41
6494 82
6495 59
6496 35
6497 55
6498 28
6499 13
6500 22
6501 35
6502 36
6503 1
6504 20
6505 95
6506 54
6507 14
6508 97
6509 15
6510 25
6511 84
6512 88
6513 46
6514 52
6515 88
6516 44
6517 87
6518 80
6519 2
6520 94
6521 29
6522 49
6523 57
6524 7
6525 19
6526 103
6527 53
6528 61
6529 8
6530 6
6531 104
6532 2
6533 52
6534 45
6535 69
6536 4
6537 37
6538 10
6539 43
6540 16
6541 9
6542 89
6543 40
6544 42
6545 7
6546 68
6547 91
6548 48
6549 44
6550 23
6551 77
6552 18
6553 16
6554 12
6555 21
6556 27
6557 18
6558 58
6559 32
6560 39
6561 80
6562 84
6563 25
6564 21
6565 5
6566 78
6567 36
6568 30
6569 24
6570 9
6571 27
6572 63
6573 105
6574 104
6575 34
6576 66
6577 23
6578 100
6579 17
6580 40
6581 26
6582 62
6583 56
6584 69
6585 47
6586 67
6587 49
6588 107
6589 72
6590 99
6591 28
6592 50
6593 39
6594 5
6595 89
6596 14
6597 74
6598 53
6599 81
6600 11
6601 64
6602 101
6603 78
6604 64
6605 73
6606 96
6607 48
6608 90
6609 61
6610 57
6611 71
6612 71
6613 10
6614 34
6615 93
6616 60
6617 100
6618 31
6619 79
6620 19
6621 30
6622 56
6623 65
6624 65
6625 76
6626 73
6627 85
6628 77
6629 110
6630 81
6631 50
6632 1
6633 20
6634 3
6635 92
6636 98
6637 75
6638 83
6639 6
6640 51
6641 42
6642 91
6643 95
6644 36
6645 68
6646 29
6647 45
6648 79
6649 31
6650 41
6651 107
6652 74
6653 12
6654 49
6655 82
6656 15
6657 94
6658 106
6659 62
6660 108
6661 2
6662 43
6663 60
6664 76
6665 22
6666 55
6667 4
6668 95
6669 66
6670 25
6671 3
6672 17
6673 83
6674 46
6675 67
6676 111
6677 102
6678 103
6679 97
6680 92
6681 104
6682 35
6683 86
6684 112
6685 46
6686 33
6687 103
6688 13
6689 88
6690 32
6691 99
6692 52
6693 9
6694 8
6695 29
6696 10
6697 14
6698 39
6699 84
6700 54
6701 101
6702 87
6703 33
6704 45
6705 96
6706 2
6707 57
6708 28
6709 13
6710 24
6711 38
6712 47
6713 58
6714 7
6715 98
6716 22
6717 16
6718 69
6719 43
6720 27
6721 25
6722 12
6723 11
6724 38
6725 55
6726 23
6727 40
6728 37
6729 87
6730 44
6731 111
6732 9
6733 19
6734 85
6735 17
6736 40
6737 15
6738 75
6739 41
6740 6
6741 24
6742 100
6743 39
6744 57
6745 53
6746 93
6747 1
6748 64
6749 5
6750 67
6751 70
6752 70
6753 59
6754 19
6755 35
6756 53
6757 73
6758 61
6759 78
6760 66
6761 47
6762 88
6763 74
6764 5
6765 100
6766 82
6767 44
6768 59
6769 51
6770 58
6771 18
6772 48
6773 7
6774 63
6775 49
6776 50
6777 77
6778 16
6779 37
6780 20
6781 27
6782 72
6783 23
6784 4
6785 26
6786 102
6787 52
6788 78
6789 91
6790 86
6791 8
6792 42
6793 34
6794 89
6795 32
6796 34
6797 54
6798 18
6799 106
6800 30
6801 63
6802 97
6803 89
6804 21
6805 105
6806 84
6807 80
6808 14
6809 108
6810 68
6811 21
6812 94
6813 31
6814 79
6815 45
6816 109
6817 69
6818 105
6819 109
6820 83
6821 93
6822 43
6823 66
6824 71
6825 112
6826 110
6827 22
6828 15
6829 60
6830 49
6831 50
6832 80
6833 90
6834 26
6835 65
6836 104
6837 6
6838 107
6839 99
6840 98
6841 72
6842 91
6843 76
6844 1
6845 113
6846 99
6847 71
6848 62
6849 85
6850 11
6851 4
6852 51
6853 61
6854 81
6855 62
6856 22
6857 83
6858 3
6859 36
6860 90
6861 12
6862 113
6863 13
6864 77
6865 82
6866 106
6867 30
6868 114
6869 46
6870 56
6871 40
6872 35
6873 20
6874 31
6875 10
6876 12
6877 79
6878 65
6879 92
6880 29
6881 75
6882 8
6883 35
6884 7
6885 9
6886 38
6887 15
6888 24
6889 67
6890 76
6891 14
6892 47
6893 28
6894 25
6895 102
6896 19
6897 81
6898 41
6899 19
6900 17
6901 38
6902 45
6903 5
6904 2
6905 11
6906 46
6907 51
6908 60
6909 88
6910 44
6911 41
6912 5
6913 59
6914 82
6915 94
6916 27
6917 2
6918 33
6919 47
6920 9
6921 43
6922 10
6923 48
6924 101
6925 58
6926 13
6927 3
6928 55
6929 33
6930 32
6931 16
6932 54
6933 68
6934 57
6935 64
6936 30
6937 24
6938 70
6939 39
6940 23
6941 17
6942 72
6943 18
6944 39
6945 86
6946 52
6947 70
6948 50
6949 25
6950 64
6951 55
6952 100
6953 23
6954 66
6955 27
6956 40
6957 44
6958 103
6959 100
6960 58
6961 97
6962 37
6963 42
6964 67
6965 84
6966 71
6967 52
6968 73
6969 26
6970 6
6971 56
6972 74
6973 1
6974 36
6975 98
6976 79
6977 57
6978 4
6979 96
6980 53
6981 77
6982 87
6983 37
6984 93
6985 7
6986 75
6987 95
6988 84
6989 8
6990 59
6991 29
6992 108
6993 101
6994 85
6995 78
6996 69
6997 4
6998 96
6999 50
7000 86
7001 71
7002 95
7003 87
7004 110
7005 49
7006 28
7007 107
7008 68
7009 93
7010 20
7011 103
7012 92
7013 53
7014 109
7015 45
7016 97
7017 104
7018 88
7019 21
7020 61
7021 110
7022 111
7023 75
7024 112
7025 105
7026 115
7027 63
7028 113
7029 106
7030 102
7031 111
7032 116
7033 114
7034 89
7035 31
7036 49
7037 9
7038 29
7039 79
7040 12
7041 76
7042 26
7043 20
7044 43
7045 89
7046 107
7047 109
7048 91
7049 69
7050 106
7051 74
7052 18
7053 81
7054 48
7055 65
7056 42
7057 36
7058 17
7059 54
7060 76
7061 51
7062 78
7063 80
7064 104
7065 43
7066 77
7067 47
7068 80
7069 112
7070 24
7071 6
7072 99
7073 32
7074 22
7075 35
7076 63
7077 15
7078 41
7079 60
7080 46
7081 72
7082 82
7083 34
7084 90
7085 19
7086 44
7087 82
7088 15
7089 86
7090 31
7091 12
7092 51
7093 28
7094 23
7095 25
7096 25
7097 52
7098 1
7099 33
7100 3
7101 40
7102 27
7103 11
7104 21
7105 39
7106 55
7107 30
7108 47
7109 58
7110 2
7111 17
7112 14
7113 62
7114 32
7115 57
7116 4
7117 55
7118 34
7119 5
7120 5
7121 10
7122 30
7123 14
7124 9
7125 16
7126 45
7127 66
7128 33
7129 24
7130 65
7131 41
7132 38
7133 108
7134 8
7135 68
7136 11
7137 44
7138 16
7139 8
7140 10
7141 48
7142 50
7143 73
7144 35
7145 70
7146 19
7147 4
7148 59
7149 88
7150 81
7151 90
7152 62
7153 7
7154 72
7155 37
7156 52
7157 56
7158 53
7159 26
7160 54
7161 13
7162 6
7163 42
7164 37
7165 38
7166 71
7167 71
7168 40
7169 83
7170 7
7171 3
7172 67
7173 22
7174 56
7175 85
7176 13
7177 2
7178 58
7179 23
7180 83
7181 77
7182 64
7183 59
7184 85
7185 46
7186 57
7187 91
7188 60
7189 1
7190 66
7191 94
7192 105
7193 61
7194 94
7195 96
7196 74
7197 113
7198 70
7199 98
7200 98
7201 99
7202 117
7203 67
7204 36
7205 115
7206 103
7207 54
7208 118
7209 18
7210 73
7211 92
7212 48
7213 97
7214 101
7215 100
7216 100
7217 116
7218 119
7219 117
7220 114
7221 118
7222 43
7223 102
7224 120
7225 119
7226 121
7227 120
7228 122
7229 64
7230 123
7231 121
7232 124
7233 101
7234 93
7235 80
7236 78
7237 51
7238 113
7239 122
7240 109
7241 21
7242 42
7243 103
7244 26
7245 105
7246 112
7247 81
7248 29
7249 49
7250 20
7251 45
7252 89
7253 107
7254 91
7255 89
7256 102
7257 93
7258 68
7259 20
7260 115
7261 106
7262 12
7263 10
7264 95
7265 5
7266 34
7267 76
7268 11
7269 31
7270 8
7271 70
7272 77
7273 43
7274 3
7275 62
7276 22
7277 63
7278 25
7279 39
7280 2
7281 72
7282 14
7283 12
7284 1
7285 34
7286 21
7287 82
7288 55
7289 6
7290 5
7291 42
7292 28
7293 29
7294 33
7295 13
7296 15
7297 75
7298 16
7299 87
7300 31
7301 53
7302 35
7303 19
7304 51
7305 50
7306 67
7307 4
7308 49
7309 8
7310 9
7311 38
7312 10
7313 37
7314 18
7315 32
7316 39
7317 26
7318 50
7319 84
7320 65
7321 17
7322 19
7323 15
7324 38
7325 57
7326 63
7327 35
7328 76
7329 11
7330 46
7331 16
7332 32
7333 25
7334 87
7335 22
7336 79
7337 52
7338 13
7339 14
7340 24
7341 27
7342 23
7343 44
7344 58
7345 47
7346 27
7347 24
7348 4
7349 60
7350 52
7351 7
7352 40
7353 83
7354 44
7355 41
7356 53
7357 86
7358 88
7359 30
7360 47
7361 69
7362 17
7363 66
7364 41
7365 40
7366 96
7367 9
7368 45
7369 68
7370 62
7371 90
7372 59
7373 88
7374 69
7375 95
7376 86
7377 78
7378 80
7379 33
7380 107
7381 108
7382 54
7383 79
7384 66
7385 110
7386 48
7387 92
7388 92
7389 111
7390 30
7391 59
7392 84
7393 109
7394 82
7395 36
7396 106
7397 28
7398 37
7399 98
7400 6
7401 73
7402 74
7403 104
7404 61
7405 55
7406 99
7407 114
7408 97
7409 48
7410 75
7411 58
7412 108
7413 46
7414 111
7415 102
7416 64
7417 96
7418 94
7419 117
7420 116
7421 65
7422 72
7423 100
7424 125
7425 91
7426 90
7427 71
7428 73
7429 112
7430 110
7431 119
7432 71
7433 115
7434 36
7435 101
7436 114
7437 56
7438 93
7439 116
7440 122
7441 74
7442 7
7443 113
7444 55
7445 106
7446 103
7447 118
7448 81
7449 93
7450 102
7451 123
7452 100
7453 10
7454 115
7455 50
7456 85
7457 61
7458 126
7459 12
7460 50
7461 1
7462 60
7463 75
7464 89
7465 63
7466 57
7467 34
7468 29
7469 43
7470 83
7471 6
7472 127
7473 21
7474 24
7475 13
7476 1
7477 31
7478 25
7479 35
7480 104
7481 62
7482 20
7483 27
7484 28
7485 67
7486 112
7487 76
7488 95
7489 14
7490 39
7491 20
7492 109
7493 29
7494 34
7495 2
7496 5
7497 45
7498 13
7499 22
7500 79
7501 40
7502 76
7503 30
7504 14
7505 103
7506 12
7507 49
7508 23
7509 84
7510 15
7511 52
7512 33
7513 5
7514 67
7515 25
7516 17
7517 64
7518 16
7519 3
7520 31
7521 57
7522 8
7523 44
7524 4
7525 17
7526 43
7527 26
7528 19
7529 81
7530 80
7531 47
7532 10
7533 11
7534 21
7535 97
7536 38
7537 23
7538 3
7539 32
7540 26
7541 4
7542 47
7543 18
7544 65
7545 53
7546 18
7547 60
7548 51
7549 33
7550 70
7551 37
7552 40
7553 7
7554 35
7555 39
7556 42
7557 24
7558 88
7559 15
7560 46
7561 9
7562 54
7563 85
7564 56
7565 70
7566 9
7567 19
7568 49
7569 42
7570 53
7571 54
7572 11
7573 41
7574 62
7575 28
7576 22
7577 94
7578 68
7579 72
7580 110
7581 59
7582 73
7583 86
7584 32
7585 89
7586 44
7587 38
7588 77
7589 77
7590 101
7591 51
7592 94
7593 8
7594 78
7595 108
7596 58
7597 87
7598 2
7599 78
7600 75
7601 80
7602 69
7603 107
7604 45
7605 68
7606 82
7607 99
7608 41
7609 48
7610 96
7611 88
7612 52
7613 105
7614 117
7615 69
7616 66
7617 73
7618 48
7619 83
7620 30
7621 93
7622 98
7623 118
7624 91
7625 106
7626 36
7627 113
7628 105
7629 98
7630 118
7631 92
7632 106
7633 56
7634 114
7635 79
7636 113
7637 115
7638 119
7639 90
7640 92
7641 16
7642 120
7643 95
7644 111
7645 82
7646 83
7647 58
7648 108
7649 120
7650 97
7651 117
7652 121
7653 96
7654 60
7655 102
7656 123
7657 104
7658 74
7659 121
7660 122
7661 63
7662 59
7663 91
7664 99
7665 109
7666 84
7667 124
7668 8
7669 20
7670 31
7671 50
7672 13
7673 76
7674 7
7675 84
7676 102
7677 10
7678 100
7679 123
7680 14
7681 111
7682 86
7683 125
7684 61
7685 67
7686 104
7687 35
7688 1
7689 13
7690 128
7691 39
7692 19
7693 11
7694 5
7695 2
7696 16
7697 21
7698 79
7699 62
7700 12
7701 61
7702 37
7703 3
7704 107
7705 54
7706 25
7707 18
7708 33
7709 1
7710 64
7711 27
7712 56
7713 23
7714 4
7715 24
7716 46
7717 47
7718 15
7719 42
7720 85
7721 14
7722 20
7723 52
7724 50
7725 8
7726 63
7727 44
7728 17
7729 28
7730 3
7731 19
7732 9
7733 53
7734 53
7735 30
7736 6
7737 45
7738 34
7739 17
7740 67
7741 36
7742 39
7743 101
7744 49
7745 7
7746 29
7747 74
7748 27
7749 55
7750 43
7751 12
7752 81
7753 26
7754 36
7755 60
7756 11
7757 41
7758 35
7759 9
7760 26
7761 15
7762 45
7763 5
7764 24
7765 57
7766 21
7767 29
7768 32
7769 33
7770 44
7771 97
7772 10
7773 31
7774 18
7775 46
7776 57
7777 37
7778 23
7779 32
7780 38
7781 103
7782 22
7783 25
7784 62
7785 22
7786 28
7787 43
7788 88
7789 100
7790 48
7791 4
7792 71
7793 38
7794 54
7795 65
7796 76
7797 86
7798 96
7799 66
7800 42
7801 40
7802 68
7803 94
7804 80
7805 110
7806 65
7807 75
7808 87
7809 71
7810 89
7811 34
7812 109
7813 112
7814 55
7815 114
7816 94
7817 116
7818 103
7819 122
7820 40
7821 49
7822 51
7823 6
7824 93
7825 63
7826 112
7827 105
7828 116
7829 64
7830 115
7831 70
7832 125
7833 81
7834 72
7835 68
7836 97
7837 107
7838 47
7839 59
7840 110
7841 126
7842 111
7843 87
7844 90
7845 119
7846 124
7847 90
7848 126
7849 127
7850 113
7851 79
7852 114
7853 13
7854 92
7855 35
7856 58
7857 67
7858 61
7859 82
7860 37
7861 61
7862 106
7863 118
7864 100
7865 69
7866 119
7867 115
7868 129
7869 1
7870 66
7871 128
7872 117
7873 72
7874 1
7875 124
7876 104
7877 85
7878 69
7879 21
7880 79
7881 78
7882 122
7883 23
7884 30
7885 83
7886 73
7887 84
7888 7
7889 18
7890 6
7891 77
7892 77
7893 47
7894 3
7895 24
7896 53
7897 44
7898 70
7899 27
7900 63
7901 48
7902 128
7903 51
7904 25
7905 55
7906 64
7907 102
7908 18
7909 74
7910 75
7911 42
7912 23
7913 17
7914 16
7915 46
7916 14
7917 30
7918 39
7919 26
7920 49
7921 11
7922 41
7923 28
7924 19
7925 31
7926 20
7927 3
7928 24
7929 20
7930 15
7931 36
7932 2
7933 94
7934 13
7935 5
7936 95
7937 101
7938 76
7939 15
7940 43
7941 22
7942 29
7943 38
7944 27
7945 14
7946 35
7947 7
7948 9
7949 10
7950 101
7951 58
7952 38
7953 92
7954 91
7955 45
7956 33
7957 19
7958 17
7959 53
7960 12
7961 73
7962 98
7963 60
7964 28
7965 76
7966 96
7967 80
7968 31
7969 16
7970 4
7971 62
7972 50
7973 52
7974 82
7975 8
7976 81
7977 41
7978 83
7979 96
7980 5
7981 54
7982 46
7983 29
7984 32
7985 32
7986 8
7987 99
7988 102
7989 63
7990 34
7991 89
7992 51
7993 88
7994 74
7995 12
7996 67
7997 39
7998 36
7999 95
8000 45
8001 56
8002 44
8003 33
8004 86
8005 98
8006 21
8007 75
8008 105
8009 109
8010 26
8011 113
8012 52
8013 4
8014 22
8015 100
8016 120
8017 108
8018 42
8019 50
8020 57
8021 93
8022 60
8023 86
8024 48
8025 90
8026 11
8027 37
8028 84
8029 87
8030 59
8031 1
8032 78
8033 59
8034 56
8035 25
8036 85
8037 118
8038 97
8039 81
8040 37
8041 106
8042 107
8043 97
8044 115
8045 2
8046 40
8047 57
8048 61
8049 67
8050 93
8051 104
8052 55
8053 9
8054 66
8055 49
8056 90
8057 116
8058 1
8059 72
8060 109
8061 114
8062 99
8063 91
8064 68
8065 111
8066 72
8067 117
8068 80
8069 69
8070 106
8071 13
8072 113
8073 83
8074 112
8075 27
8076 70
8077 21
8078 69
8079 24
8080 92
8081 85
8082 62
8083 120
8084 100
8085 43
8086 95
8087 18
8088 3
8089 119
8090 111
8091 22
8092 20
8093 20
8094 77
8095 105
8096 58
8097 35
8098 104
8099 70
8100 2
8101 121
8102 15
8103 110
8104 64
8105 40
8106 25
8107 6
8108 108
8109 11
8110 47
8111 107
8112 88
8113 51
8114 71
8115 82
8116 103
8117 123
8118 65
8119 77
8120 7
8121 60
8122 12
8123 68
8124 41
8125 36
8126 114
8127 46
8128 33
8129 32
8130 73
8131 23
8132 75
8133 10
8134 9
8135 58
8136 10
8137 17
8138 98
8139 5
8140 6
8141 88
8142 89
8143 53
8144 24
8145 44
8146 82
8147 34
8148 45
8149 8
8150 50
8151 52
8152 122
8153 16
8154 81
8155 14
8156 14
8157 102
8158 54
8159 3
8160 28
8161 96
8162 30
8163 15
8164 118
8165 29
8166 31
8167 42
8168 5
8169 30
8170 26
8171 75
8172 38
8173 7
8174 18
8175 28
8176 22
8177 48
8178 32
8179 19
8180 39
8181 64
8182 105
8183 55
8184 16
8185 38
8186 46
8187 74
8188 34
8189 31
8190 13
8191 90
8192 117
8193 26
8194 17
8195 78
8196 76
8197 54
8198 29
8199 9
8200 27
8201 12
8202 49
8203 61
8204 42
8205 45
8206 84
8207 65
8208 23
8209 4
8210 4
8211 80
8212 91
8213 92
8214 116
8215 89
8216 19
8217 84
8218 21
8219 94
8220 78
8221 109
8222 53
8223 85
8224 43
8225 71
8226 52
8227 67
8228 48
8229 99
8230 63
8231 2
8232 79
8233 95
8234 74
8235 33
8236 20
8237 66
8238 51
8239 41
8240 68
8241 39
8242 87
8243 101
8244 94
8245 62
8246 59
8247 112
8248 92
8249 103
8250 56
8251 79
8252 55
8253 81
8254 36
8255 73
8256 96
8257 50
8258 83
8259 56
8260 61
8261 86
8262 15
8263 93
8264 110
8265 70
8266 90
8267 35
8268 40
8269 76
8270 1
8271 97
8272 85
8273 113
8274 37
8275 47
8276 102
8277 118
8278 11
8279 125
8280 44
8281 57
8282 62
8283 121
8284 121
8285 122
8286 119
8287 37
8288 58
8289 27
8290 35
8291 104
8292 60
8293 22
8294 125
8295 115
8296 95
8297 117
8298 72
8299 32
8300 86
8301 46
8302 3
8303 124
8304 7
8305 43
8306 80
8307 100
8308 100
8309 110
8310 101
8311 77
8312 65
8313 21
8314 41
8315 107
8316 108
8317 98
8318 8
8319 13
8320 66
8321 6
8322 99
8323 40
8324 64
8325 111
8326 75
8327 49
8328 25
8329 91
8330 47
8331 20
8332 71
8333 105
8334 118
8335 116
8336 30
8337 126
8338 28
8339 36
8340 93
8341 18
8342 113
8343 53
8344 6
8345 60
8346 57
8347 108
8348 82
8349 45
8350 69
8351 24
8352 22
8353 28
8354 97
8355 87
8356 38
8357 14
8358 23
8359 30
8360 10
8361 68
8362 16
8363 23
8364 49
8365 10
8366 42
8367 5
8368 2
8369 71
8370 14
8371 59
8372 26
8373 9
8374 78
8375 48
8376 63
8377 114
8378 67
8379 31
8380 103
8381 88
8382 13
8383 1
8384 4
8385 44
8386 89
8387 12
8388 106
8389 8
8390 27
8391 52
8392 98
8393 96
8394 109
8395 82
8396 54
8397 26
8398 53
8399 34
8400 77
8401 83
8402 31
8403 80
8404 45
8405 15
8406 40
8407 64
8408 88
8409 17
8410 32
8411 25
8412 17
8413 51
8414 24
8415 7
8416 48
8417 55
8418 9
8419 58
8420 56
8421 72
8422 12
8423 54
8424 70
8425 74
8426 5
8427 50
8428 46
8429 29
8430 51
8431 69
8432 21
8433 38
8434 107
8435 11
8436 74
8437 92
8438 39
8439 67
8440 68
8441 99
8442 105
8443 4
8444 110
8445 41
8446 18
8447 66
8448 52
8449 56
8450 114
8451 42
8452 73
8453 90
8454 86
8455 61
8456 33
8457 78
8458 81
8459 63
8460 84
8461 85
8462 92
8463 106
8464 123
8465 102
8466 94
8467 123
8468 19
8469 89
8470 29
8471 19
8472 43
8473 109
8474 111
8475 21
8476 65
8477 16
8478 102
8479 47
8480 100
8481 94
8482 44
8483 27
8484 104
8485 120
8486 120
8487 33
8488 58
8489 70
8490 95
8491 57
8492 121
8493 115
8494 115
8495 119
8496 60
8497 93
8498 50
8499 86
8500 35
8501 112
8502 20
8503 62
8504 76
8505 73
8506 87
8507 118
8508 36
8509 79
8510 15
8511 101
8512 7
8513 75
8514 83
8515 37
8516 96
8517 127
8518 62
8519 35
8520 34
8521 2
8522 122
8523 103
8524 6
8525 53
8526 61
8527 95
8528 11
8529 87
8530 14
8531 39
8532 37
8533 113
8534 69
8535 96
8536 1
8537 20
8538 16
8539 3
8540 82
8541 12
8542 91
8543 14
8544 112
8545 88
8546 30
8547 6
8548 103
8549 81
8550 38
8551 105
8552 13
8553 91
8554 59
8555 22
8556 78
8557 45
8558 108
8559 5
8560 64
8561 36
8562 4
8563 17
8564 79
8565 10
8566 80
8567 59
8568 57
8569 76
8570 2
8571 51
8572 90
8573 28
8574 22
8575 60
8576 23
8577 77
8578 75
8579 24
8580 45
8581 13
8582 72
8583 69
8584 67
8585 1
8586 3
8587 18
8588 25
8589 43
8590 77
8591 71
8592 109
8593 40
8594 55
8595 110
8596 39
8597 100
8598 54
8599 54
8600 26
8601 65
8602 47
8603 58
8604 41
8605 8
8606 46
8607 9
8608 24
8609 74
8610 28
8611 72
8612 85
8613 98
8614 49
8615 124
8616 101
8617 29
8618 66
8619 48
8620 88
8621 32
8622 17
8623 97
8624 99
8625 23
8626 31
8627 30
8628 40
8629 7
8630 124
8631 50
8632 33
8633 104
8634 8
8635 90
8636 32
8637 52
8638 27
8639 78
8640 5
8641 66
8642 42
8643 99
8644 43
8645 34
8646 70
8647 4
8648 68
8649 114
8650 63
8651 61
8652 110
8653 111
8654 107
8655 46
8656 71
8657 26
8658 51
8659 84
8660 18
8661 92
8662 10
8663 15
8664 105
8665 83
8666 113
8667 49
8668 48
8669 44
8670 111
8671 107
8672 9
8673 25
8674 12
8675 82
8676 36
8677 122
8678 56
8679 55
8680 76
8681 79
8682 53
8683 112
8684 89
8685 121
8686 112
8687 31
8688 116
8689 56
8690 86
8691 3
8692 16
8693 11
8694 114
8695 96
8696 81
8697 68
8698 37
8699 64
8700 21
8701 27
8702 106
8703 57
8704 61
8705 63
8706 102
8707 16
8708 117
8709 19
8710 34
8711 108
8712 73
8713 94
8714 29
8715 39
8716 94
8717 106
8718 74
8719 41
8720 52
8721 101
8722 84
8723 103
8724 118
8725 37
8726 119
8727 125
8728 98
8729 126
8730 58
8731 115
8732 59
8733 80
8734 2
8735 33
8736 15
8737 51
8738 115
8739 2
8740 87
8741 67
8742 97
8743 70
8744 96
8745 116
8746 64
8747 86
8748 44
8749 93
8750 100
8751 109
8752 104
8753 119
8754 120
8755 21
8756 23
8757 47
8758 93
8759 102
8760 55
8761 13
8762 19
8763 71
8764 75
8765 113
8766 46
8767 62
8768 3
8769 65
8770 92
8771 54
8772 65
8773 75
8774 80
8775 6
8776 79
8777 91
8778 83
8779 105
8780 62
8781 81
8782 1
8783 5
8784 6
8785 1
8786 7
8787 17
8788 69
8789 10
8790 45
8791 12
8792 108
8793 60
8794 128
8795 42
8796 30
8797 76
8798 91
8799 38
8800 90
8801 89
8802 47
8803 48
8804 107
8805 95
8806 4
8807 74
8808 70
8809 29
8810 72
8811 118
8812 14
8813 7
8814 43
8815 22
8816 13
8817 8
8818 95
8819 40
8820 32
8821 88
8822 88
8823 35
8824 17
8825 20
8826 77
8827 36
8828 54
8829 97
8830 31
8831 30
8832 26
8833 24
8834 24
8835 46
8836 57
8837 61
8838 49
8839 28
8840 66
8841 92
8842 8
8843 26
8844 85
8845 53
8846 101
8847 52
8848 82
8849 79
8850 67
8851 9
8852 22
8853 45
8854 63
8855 14
8856 99
8857 50
8858 60
8859 66
8860 35
8861 34
8862 50
8863 90
8864 110
8865 72
8866 33
8867 85
8868 86
8869 23
8870 28
8871 77
8872 112
8873 104
8874 71
8875 87
8876 103
8877 16
8878 123
8879 82
8880 126
8881 117
8882 127
8883 32
8884 41
8885 25
8886 111
8887 68
8888 109
8889 96
8890 39
8891 43
8892 18
8893 111
8894 98
8895 120
8896 78
8897 37
8898 68
8899 4
8900 116
8901 73
8902 21
8903 58
8904 11
8905 98
8906 20
8907 27
8908 124
8909 31
8910 73
8911 121
8912 37
8913 99
8914 27
8915 59
8916 5
8917 107
8918 61
8919 56
8920 53
8921 49
8922 129
8923 55
8924 121
8925 106
8926 74
8927 19
8928 25
8929 83
8930 40
8931 63
8932 119
8933 69
8934 106
8935 103
8936 38
8937 78
8938 56
8939 112
8940 12
8941 123
8942 76
8943 18
8944 117
8945 44
8946 36
8947 110
8948 48
8949 80
8950 16
8951 115
8952 42
8953 12
8954 113
8955 100
8956 69
8957 54
8958 51
8959 76
8960 107
8961 38
8962 52
8963 60
8964 19
8965 13
8966 58
8967 39
8968 6
8969 125
8970 79
8971 1
8972 9
8973 2
8974 65
8975 65
8976 43
8977 29
8978 46
8979 62
8980 4
8981 42
8982 96
8983 48
8984 94
8985 67
8986 80
8987 10
8988 34
8989 3
8990 84
8991 109
8992 7
8993 9
8994 83
8995 71
8996 81
8997 64
8998 15
8999 8
9000 55
9001 6
9002 44
9003 11
9004 59
9005 86
9006 1
9007 47
9008 87
9009 93
9010 10
9011 28
9012 57
9013 33
9014 100
9015 89
9016 122
9017 24
9018 92
9019 15
9020 62
9021 50
9022 8
9023 20
9024 75
9025 127
9026 115
9027 57
9028 13
9029 84
9030 23
9031 102
9032 14
9033 116
9034 24
9035 52
9036 22
9037 41
9038 30
9039 26
9040 82
9041 101
9042 47
9043 5
9044 32
9045 40
9046 99
9047 34
9048 29
9049 70
9050 64
9051 94
9052 77
9053 22
9054 17
9055 21
9056 101
9057 45
9058 3
9059 46
9060 54
9061 88
9062 89
9063 95
9064 85
9065 7
9066 63
9067 74
9068 2
9069 105
9070 70
9071 30
9072 91
9073 118
9074 110
9075 108
9076 88
9077 114
9078 97
9079 128
9080 114
9081 17
9082 49
9083 4
9084 105
9085 119
9086 93
9087 35
9088 98
9089 75
9090 71
9091 36
9092 39
9093 87
9094 95
9095 53
9096 104
9097 81
9098 90
9099 69
9100 72
9101 61
9102 40
9103 23
9104 125
9105 51
9106 103
9107 72
9108 35
9109 66
9110 112
9111 77
9112 56
9113 58
9114 27
9115 73
9116 21
9117 80
9118 106
9119 31
9120 68
9121 59
9122 109
9123 98
9124 11
9125 106
9126 74
9127 43
9128 45
9129 117
9130 111
9131 124
9132 41
9133 120
9134 61
9135 97
9136 126
9137 91
9138 31
9139 18
9140 67
9141 121
9142 118
9143 104
9144 102
9145 27
9146 127
9147 44
9148 28
9149 85
9150 116
9151 82
9152 16
9153 112
9154 25
9155 90
9156 18
9157 111
9158 4
9159 12
9160 86
9161 3
9162 12
9163 14
9164 128
9165 25
9166 9
9167 54
9168 51
9169 42
9170 66
9171 122
9172 15
9173 29
9174 108
9175 19
9176 96
9177 125
9178 48
9179 55
9180 37
9181 57
9182 80
9183 38
9184 76
9185 113
9186 26
9187 79
9188 58
9189 39
9190 38
9191 13
9192 52
9193 56
9194 60
9195 65
9196 19
9197 1
9198 121
9199 33
9200 36
9201 110
9202 53
9203 63
9204 34
9205 123
9206 78
9207 37
9208 117
9209 22
9210 77
9211 48
9212 5
9213 8
9214 46
9215 16
9216 20
9217 32
9218 42
9219 83
9220 50
9221 76
9222 73
9223 20
9224 62
9225 100
9226 63
9227 116
9228 32
9229 84
9230 89
9231 49
9232 6
9233 74
9234 120
9235 78
9236 33
9237 96
9238 8
9239 70
9240 10
9241 68
9242 79
9243 47
9244 7
9245 101
9246 2
9247 15
9248 107
9249 7
9250 14
9251 93
9252 22
9253 52
9254 13
9255 11
9256 59
9257 62
9258 83
9259 99
9260 43
9261 17
9262 29
9263 50
9264 47
9265 95
9266 94
9267 71
9268 44
9269 41
9270 64
9271 5
9272 115
9273 10
9274 82
9275 53
9276 65
9277 92
9278 100
9279 107
9280 24
9281 30
9282 27
9283 46
9284 23
9285 115
9286 101
9287 6
9288 49
9289 67
9290 3
9291 51
9292 54
9293 86
9294 17
9295 45
9296 69
9297 94
9298 56
9299 28
9300 123
9301 73
9302 72
9303 72
9304 30
9305 36
9306 71
9307 88
9308 98
9309 2
9310 92
9311 24
9312 87
9313 90
9314 119
9315 61
9316 113
9317 9
9318 39
9319 60
9320 129
9321 75
9322 114
9323 35
9324 74
9325 89
9326 70
9327 34
9328 110
9329 59
9330 75
9331 64
9332 81
9333 80
9334 88
9335 26
9336 57
9337 91
9338 124
9339 102
9340 55
9341 105
9342 28
9343 77
9344 90
9345 81
9346 102
9347 21
9348 91
9349 66
9350 35
9351 69
9352 122
9353 85
9354 126
9355 14
9356 99
9357 27
9358 130
9359 126
9360 95
9361 117
9362 109
9363 18
9364 31
9365 40
9366 111
9367 4
9368 1
9369 118
9370 58
9371 103
9372 86
9373 111
9374 66
9375 43
9376 97
9377 54
9378 16
9379 55
9380 50
9381 97
9382 42
9383 32
9384 61
9385 113
9386 125
9387 42
9388 93
9389 104
9390 77
9391 114
9392 67
9393 108
9394 96
9395 112
9396 12
9397 47
9398 15
9399 12
9400 25
9401 56
9402 85
9403 38
9404 9
9405 70
9406 60
9407 22
9408 6
9409 13
9410 76
9411 19
9412 108
9413 124
9414 18
9415 110
9416 32
9417 121
9418 46
9419 82
9420 33
9421 65
9422 52
9423 122
9424 103
9425 33
9426 38
9427 119
9428 26
9429 25
9430 40
9431 44
9432 105
9433 31
9434 104
9435 98
9436 44
9437 83
9438 78
9439 95
9440 79
9441 93
9442 53
9443 125
9444 51
9445 49
9446 121
9447 76
9448 11
9449 11
9450 36
9451 68
9452 118
9453 8
9454 29
9455 128
9456 21
9457 71
9458 62
9459 58
9460 107
9461 16
9462 4
9463 7
9464 19
9465 10
9466 89
9467 37
9468 73
9469 1
9470 20
9471 48
9472 41
9473 63
9474 14
9475 5
9476 106
9477 3
9478 117
9479 23
9480 80
9481 67
9482 43
9483 29
9484 13
9485 39
9486 37
9487 74
9488 48
9489 62
9490 49
9491 79
9492 5
9493 41
9494 22
9495 20
9496 124
9497 100
9498 23
9499 87
9500 27
9501 89
9502 24
9503 34
9504 45
9505 30
9506 55
9507 50
9508 82
9509 57
9510 116
9511 92
9512 47
9513 80
9514 92
9515 15
9516 64
9517 52
9518 83
9519 24
9520 110
9521 109
9522 74
9523 84
9524 59
9525 96
9526 98
9527 75
9528 56
9529 99
9530 99
9531 72
9532 72
9533 86
9534 8
9535 45
9536 63
9537 9
9538 86
9539 40
9540 71
9541 18
9542 54
9543 46
9544 88
9545 53
9546 102
9547 28
9548 112
9549 60
9550 28
9551 90
9552 68
9553 27
9554 119
9555 107
9556 100
9557 26
9558 84
9559 17
9560 17
9561 2
9562 87
9563 51
9564 2
9565 106
9566 113
9567 73
9568 61
9569 69
9570 65
9571 36
9572 69
9573 21
9574 127
9575 81
9576 39
9577 61
9578 30
9579 101
9580 10
9581 43
9582 66
9583 115
9584 1
9585 94
9586 7
9587 70
9588 90
9589 78
9590 75
9591 6
9592 95
9593 116
9594 101
9595 47
9596 128
9597 14
9598 114
9599 85
9600 122
9601 126
9602 67
9603 114
9604 81
9605 104
9606 126
9607 120
9608 91
9609 113
9610 35
9611 25
9612 94
9613 97
9614 115
9615 4
9616 57
9617 102
9618 131
9619 56
9620 25
9621 117
9622 50
9623 103
9624 130
9625 91
9626 12
9627 112
9628 40
9629 35
9630 31
9631 64
9632 93
9633 42
9634 70
9635 127
9636 32
9637 123
9638 6
9639 82
9640 85
9641 128
9642 29
9643 110
9644 132
9645 88
9646 3
9647 108
9648 11
9649 129
9650 133
9651 12
9652 21
9653 95
9654 104
9655 31
9656 105
9657 130
9658 34
9659 22
9660 42
9661 11
9662 73
9663 38
9664 108
9665 29
9666 15
9667 65
9668 79
9669 54
9670 38
9671 16
9672 125
9673 83
9674 44
9675 55
9676 58
9677 131
9678 121
9679 44
9680 51
9681 24
9682 53
9683 52
9684 109
9685 15
9686 76
9687 80
9688 103
9689 1
9690 134
9691 84
9692 14
9693 66
9694 19
9695 18
9696 26
9697 109
9698 18
9699 13
9700 55
9701 57
9702 13
9703 37
9704 48
9705 33
9706 9
9707 34
9708 5
9709 23
9710 27
9711 3
9712 22
9713 7
9714 37
9715 77
9716 20
9717 59
9718 56
9719 19
9720 74
9721 39
9722 45
9723 8
9724 28
9725 49
9726 43
9727 58
9728 49
9729 20
9730 106
9731 5
9732 92
9733 41
9734 2
9735 48
9736 41
9737 51
9738 33
9739 76
9740 62
9741 30
9742 52
9743 10
9744 24
9745 27
9746 36
9747 32
9748 71
9749 9
9750 78
9751 71
9752 112
9753 68
9754 72
9755 75
9756 88
9757 50
9758 7
9759 99
9760 77
9761 63
9762 82
9763 45
9764 54
9765 62
9766 16
9767 53
9768 46
9769 25
9770 1
9771 87
9772 97
9773 79
9774 66
9775 92
9776 81
9777 72
9778 120
9779 60
9780 8
9781 118
9782 47
9783 74
9784 59
9785 17
9786 4
9787 73
9788 100
9789 67
9790 80
9791 94
9792 67
9793 70
9794 83
9795 85
9796 116
9797 98
9798 60
9799 47
9800 23
9801 46
9802 98
9803 111
9804 107
9805 78
9806 90
9807 119
9808 64
9809 132
9810 65
9811 89
9812 89
9813 105
9814 111
9815 100
9816 84
9817 90
9818 63
9819 133
9820 127
9821 121
9822 68
9823 123
9824 99
9825 124
9826 110
9827 122
9828 93
9829 93
9830 118
9831 125
9832 40
9833 112
9834 86
9835 40
9836 117
9837 134
9838 96
9839 86
9840 123
9841 56
9842 129
9843 96
9844 135
9845 135
9846 34
9847 102
9848 57
9849 43
9850 136
9851 95
9852 137
9853 136
9854 124
9855 81
9856 138
9857 108
9858 126
9859 126
9860 132
9861 130
9862 30
9863 66
9864 122
9865 137
9866 134
9867 138
9868 87
9869 36
9870 76
9871 116
9872 61
9873 64
9874 103
9875 139
9876 130
9877 65
9878 121
9879 131
9880 139
9881 115
9882 50
9883 117
9884 5
9885 107
9886 92
9887 21
9888 39
9889 37
9890 13
9891 140
9892 35
9893 7
9894 18
9895 31
9896 94
9897 3
9898 10
9899 12
9900 14
9901 11
9902 91
9903 44
9904 21
9905 104
9906 6
9907 129
9908 44
9909 14
9910 19
9911 29
9912 70
9913 6
9914 62
9915 82
9916 3
9917 22
9918 26
9919 2
9920 9
9921 101
9922 7
9923 35
9924 31
9925 57
9926 11
9927 49
9928 75
9929 19
9930 12
9931 30
9932 53
9933 28
9934 38
9935 25
9936 25
9937 59
9938 20
9939 79
9940 17
9941 15
9942 32
9943 13
9944 27
9945 24
9946 66
9947 26
9948 101
9949 114
9950 22
9951 39
9952 69
9953 60
9954 60
9955 62
9956 45
9957 23
9958 98
9959 4
9960 1
9961 34
9962 15
9963 73
9964 37
9965 20
9966 71
9967 94
9968 47
9969 9
9970 85
9971 10
9972 8
9973 41
9974 49
9975 53
9976 29
9977 18
9978 24
9979 5
9980 72
9981 48
9982 23
9983 8
9984 41
9985 32
9986 28
9987 55
9988 43
9989 54
9990 42
9991 61
9992 54
9993 42
9994 79
9995 16
9996 77
9997 63
9998 51
9999 45
10000 88
