1 1
2 1
3 1
4 2
5 1
6 3
7 5
8 1
9 7
10 4
11 9
12 12
13 1
14 17
15 21
16 28
17 6
18 27
19 2
20 16
21 14
22 22
23 41
24 1
25 50
26 11
27 33
28 61
29 9
30 4
31 73
32 58
33 88
34 97
35 40
36 2
37 26
38 19
39 95
40 82
41 45
42 15
43 1
44 96
45 54
46 66
47 125
48 143
49 57
50 138
51 10
52 1
53 171
54 92
55 184
56 178
57 191
58 54
59 110
60 160
61 13
62 3
63 202
64 217
65 122
66 88
67 42
68 242
69 102
70 258
71 68
72 12
73 254
74 30
75 4
76 56
77 277
78 312
79 22
80 184
81 237
82 327
83 6
84 111
85 244
86 36
87 148
88 345
89 26
90 2
91 207
92 373
93 174
94 370
95 390
96 401
97 424
98 447
99 464
100 157
101 488
102 122
103 512
104 5
105 332
106 62
107 542
108 534
109 295
110 111
111 152
112 196
113 575
114 21
115 362
116 280
117 596
118 240
119 540
120 615
121 84
122 267
123 25
124 2
125 322
126 508
127 665
128 698
129 360
130 128
131 736
132 50
133 729
134 78
135 463
136 210
137 94
138 457
139 794
140 651
141 585
142 852
143 21
144 769
145 167
146 317
147 836
148 882
149 10
150 414
151 32
152 435
153 914
154 952
155 979
156 1018
157 4
158 59
159 1033
160 943
161 675
162 190
163 655
164 911
165 1
166 1111
167 291
168 1146
169 1057
170 69
171 1164
172 1198
173 22
174 1006
175 214
176 1233
177 648
178 98
179 385
180 38
181 473
182 764
183 1281
184 699
185 1329
186 1154
187 1370
188 525
189 72
190 612
191 1258
192 336
193 5
194 309
195 406
196 1427
197 1459
198 1382
199 1277
200 859
201 1
202 1369
203 1225
204 536
205 35
206 204
207 1503
208 120
209 1552
210 1599
211 928
212 1643
213 1576
214 1018
215 1060
216 1688
217 249
218 229
219 1724
220 5
221 207
222 1760
223 1604
224 1833
225 901
226 425
227 381
228 665
229 1899
230 506
231 186
232 165
233 655
234 1946
235 24
236 61
237 892
238 1783
239 2043
240 1199
241 2000
242 316
243 1003
244 542
245 2112
246 151
247 788
248 2004
249 936
250 1917
251 2181
252 476
253 746
254 38
255 452
256 820
257 1852
258 2260
259 2285
260 1975
261 138
262 79
263 2317
264 1750
265 2392
266 2351
267 1353
268 2454
269 1118
270 27
271 1620
272 1535
273 488
274 1021
275 2215
276 2505
277 2276
278 722
279 23
280 2596
281 2584
282 2647
283 2701
284 2307
285 3
286 1185
287 351
288 1454
289 801
290 2805
291 308
292 1659
293 1546
294 184
295 48
296 1152
297 2471
298 1555
299 2682
300 61
301 2754
302 2020
303 2862
304 495
305 2986
306 247
307 2839
308 25
309 235
310 1359
311 3085
312 1414
313 3054
314 35
315 3128
316 3188
317 731
318 10
319 2139
320 2084
321 3286
322 1863
323 1927
324 3354
325 3336
326 100
327 3425
328 1719
329 3219
330 453
331 786
332 1105
333 3517
334 214
335 1968
336 3306
337 597
338 527
339 29
340 858
341 1016
342 3061
343 2
344 927
345 2557
346 1826
347 1162
348 3472
349 1405
350 3629
351 3729
352 208
353 1274
354 2423
355 3785
356 3842
357 464
358 3880
359 3942
360 3506
361 3617
362 3754
363 176
364 16
365 2307
366 3297
367 327
368 699
369 1737
370 2715
371 430
372 4080
373 4123
374 4190
375 149
376 4273
377 2410
378 4349
379 4316
380 8
381 2977
382 3280
383 4460
384 4526
385 484
386 651
387 4001
388 2842
389 91
390 3672
391 114
392 1084
393 4545
394 2908
395 4395
396 4609
397 4681
398 4767
399 1486
400 4704
401 2240
402 248
403 10
404 4794
405 3459
406 3848
407 1225
408 122
409 4964
410 1421
411 1095
412 740
413 606
414 4279
415 5025
416 4916
417 794
418 5072
419 1637
420 4559
421 5174
422 485
423 5133
424 308
425 58
426 1786
427 2777
428 1397
429 5277
430 2390
431 1500
432 3066
433 108
434 2695
435 5334
436 3501
437 1978
438 2168
439 2075
440 5525
441 3568
442 4367
443 5475
444 4
445 280
446 5433
447 1747
448 144
449 4666
450 1593
451 831
452 5761
453 3387
454 5828
455 2308
456 5541
457 5925
458 5951
459 373
460 1381
461 4272
462 5711
463 6025
464 6118
465 5900
466 6047
467 6232
468 241
469 68
470 15
471 6352
472 6317
473 825
474 1126
475 6405
476 6479
477 3253
478 563
479 2509
480 1033
481 3944
482 363
483 5169
484 6171
485 3896
486 6527
487 6346
488 1735
489 5858
490 6696
491 355
492 6589
493 6717
494 115
495 1439
496 498
497 2984
498 6773
499 170
500 6993
501 2039
502 1259
503 2722
504 344
505 888
506 1801
507 7115
508 6983
509 7092
510 36
511 3790
512 4445
513 994
514 7172
515 6907
516 3412
517 7302
518 4922
519 2665
520 7458
521 40
522 2192
523 2728
524 5239
525 7390
526 4209
527 7560
528 2010
529 7669
530 7742
531 7836
532 7820
533 7935
534 4453
535 4676
536 278
537 5588
538 7620
539 6954
540 8002
541 47
542 623
543 2789
544 557
545 1988
546 669
547 75
548 4952
549 7376
550 327
551 6458
552 7970
553 879
554 26
555 246
556 8138
557 7874
558 8251
559 2427
560 5516
561 1157
562 7557
563 3449
564 8344
565 4850
566 4309
567 674
568 1691
569 8564
570 8449
571 8532
572 7037
573 6
574 8726
575 8088
576 8828
577 8628
578 2098
579 8904
580 6156
581 8949
582 9033
583 9115
584 9173
585 4158
586 2924
587 332
588 9316
589 104
590 3735
591 4043
592 3342
593 219
594 567
595 5380
596 9465
597 8049
598 9235
599 5029
600 9656
601 6929
602 9620
603 1063
604 8460
605 7742
606 157
607 2052
608 9771
609 2962
610 3606
611 9958
612 1954
613 134
614 611
615 95
616 5162
617 3046
618 6019
619 5770
620 873
621 1535
622 794
623 1182
624 51
625 3320
626 1504
627 9017
628 9878
629 9965
630 10156
631 1999
632 10281
633 7220
634 10239
635 10094
636 10604
637 10481
638 9097
639 8217
640 1925
641 3088
642 636
643 10407
644 9570
645 6395
646 10730
647 2502
648 2642
649 4046
650 9439
651 10970
652 10860
653 3
654 5182
655 559
