1 1
2 1
3 1
4 1
5 1
6 2
7 1
8 1
9 2
10 2
11 1
12 1
13 3
14 2
15 3
16 1
17 2
18 1
19 3
20 2
21 3
22 1
23 3
24 1
25 4
26 4
27 2
28 3
29 2
30 3
31 1
32 1
33 4
34 4
35 2
36 3
37 1
38 3
39 4
40 1
41 5
42 5
43 2
44 4
45 3
46 3
47 2
48 4
49 1
50 1
51 5
52 5
53 2
54 4
55 3
56 2
57 1
58 5
59 6
60 1
61 7
62 7
63 2
64 6
65 3
66 4
67 4
68 3
69 6
70 2
71 7
72 7
73 1
74 1
75 6
76 2
77 5
78 4
79 2
80 4
81 1
82 7
83 8
84 1
85 9
86 9
87 2
88 8
89 3
90 4
91 6
92 4
93 6
94 7
95 2
96 8
97 1
98 1
99 9
100 9
101 2
102 8
103 3
104 4
105 6
106 3
107 5
108 2
109 8
110 9
111 1
112 1
113 11
114 11
115 2
116 10
117 3
118 4
119 8
120 7
121 5
122 4
123 8
124 9
125 2
126 10
127 1
128 1
129 11
130 11
131 2
132 10
133 3
134 4
135 8
136 7
137 4
138 3
139 8
140 2
141 11
142 12
143 1
144 1
145 14
146 14
147 2
148 13
149 3
150 4
151 11
152 7
153 9
154 6
155 8
156 4
157 11
158 12
159 2
160 13
161 1
162 1
163 14
164 14
165 2
166 13
167 3
168 4
169 11
170 7
171 9
