1 1
2 1
3 2
4 1
5 2
6 1
7 3
8 1
9 2
10 3
11 1
12 2
13 4
14 1
15 2
16 5
17 1
18 2
19 6
20 1
21 2
22 3
23 6
24 1
25 2
26 3
27 7
28 1
29 2
30 3
31 8
32 1
33 2
34 3
35 9
36 1
37 2
38 6
39 11
40 1
41 2
42 3
43 4
44 10
45 1
46 2
47 3
48 4
49 11
50 1
51 2
52 3
53 4
54 12
55 1
56 2
57 3
58 7
59 14
60 1
61 2
62 3
63 8
64 15
65 1
66 2
67 3
68 9
69 16
70 1
71 2
72 7
73 13
74 17
75 1
76 2
77 3
78 4
79 8
80 17
81 1
82 2
83 3
84 4
85 9
86 18
87 1
88 2
89 3
90 4
91 10
92 19
93 1
94 2
95 3
96 4
97 11
98 20
99 1
100 2
101 3
102 4
103 12
104 21
105 1
106 2
107 3
108 9
109 16
110 23
111 1
112 2
113 3
114 10
115 17
116 23
117 1
118 2
119 3
120 10
121 18
122 24
123 1
124 2
125 3
126 4
127 5
128 13
129 24
130 1
131 2
132 3
133 4
134 5
135 14
136 25
137 1
138 2
139 3
140 4
141 5
142 15
143 26
144 1
145 2
146 3
147 4
148 10
149 19
150 28
151 1
152 2
153 3
154 4
155 11
156 20
157 29
158 1
159 2
160 3
161 4
162 12
163 21
164 30
165 1
166 2
167 3
168 4
169 13
170 22
171 30
172 1
173 2
174 3
175 4
176 13
177 23
178 31
179 1
180 5
181 7
182 16
183 19
184 29
185 32
186 1
187 2
188 3
189 4
190 5
191 11
192 22
193 33
194 1
195 2
196 3
197 4
198 5
199 12
200 23
201 34
202 1
203 2
204 3
205 4
206 5
207 13
208 24
209 35
210 1
211 2
212 3
213 4
214 5
215 14
216 25
217 36
218 1
219 2
220 3
221 4
222 5
223 15
224 26
225 37
226 1
227 2
228 3
229 4
230 5
231 16
232 27
233 37
234 1
235 2
236 3
237 4
238 5
239 16
240 28
241 38
242 1
243 2
244 3
245 4
246 13
247 22
248 32
249 40
250 1
251 2
252 3
253 4
254 13
255 23
256 33
257 41
258 1
259 2
260 3
261 13
262 19
263 28
264 36
265 43
