1 1
2 2
3 6
4 8
5 11
6 14
7 18
8 20
9 24
10 26
11 30
12 32
13 36
14 38
15 42
16 44
17 48
18 50
19 54
20 56
21 60
22 62
23 66
24 68
25 72
26 74
27 78
28 80
29 84
30 86
31 90
32 92
33 96
34 98
35 102
36 104
37 108
38 110
39 114
40 116
41 120
42 122
43 126
44 128
45 132
46 134
47 138
48 140
49 144
50 146
51 150
52 152
53 156
54 158
55 162
56 164
57 168
58 170
59 174
60 176
61 180
62 182
63 186
64 188
65 192
66 194
67 198
68 200
69 204
70 206
71 210
72 212
73 216
74 218
75 222
76 224
77 228
78 230
79 234
80 236
81 240
82 242
83 246
84 248
85 252
86 254
87 258
88 260
89 264
90 266
91 270
92 272
93 276
94 278
95 282
96 284
97 288
98 290
99 294
100 296
101 300
102 302
103 306
104 308
105 312
106 314
107 318
108 320
109 324
110 326
111 330
112 332
113 336
114 338
115 342
116 344
117 348
118 350
119 354
120 356
121 360
122 362
123 366
124 368
125 372
126 374
127 378
128 380
129 384
130 386
131 390
132 392
133 396
134 398
135 402
136 404
137 408
138 410
139 414
140 416
141 420
142 422
143 426
144 428
145 432
146 434
147 438
148 440
149 444
150 446
151 450
152 452
153 456
154 458
155 462
156 464
157 468
158 470
159 474
160 476
161 480
162 482
163 486
164 488
165 492
166 494
167 498
168 500
169 504
170 506
171 510
172 512
173 516
174 518
175 522
176 524
177 528
178 530
179 534
180 536
181 540
182 542
183 546
184 548
185 552
186 554
187 558
188 560
189 564
190 566
191 570
192 572
193 576
194 578
195 582
196 584
197 588
198 590
199 594
200 596
201 600
202 602
203 606
204 608
205 612
206 614
207 618
208 620
209 624
210 626
211 630
212 632
213 636
214 638
215 642
216 644
217 648
218 650
219 654
220 656
221 660
222 662
223 666
224 668
225 672
226 674
227 678
228 680
229 684
230 686
231 690
232 692
233 696
234 698
235 702
236 704
237 708
238 710
239 714
240 716
241 720
242 722
243 726
244 728
245 732
246 734
247 738
248 740
249 744
250 746
251 750
252 752
253 756
254 758
255 762
256 764
257 768
258 770
259 774
260 776
261 780
262 782
263 786
264 788
265 792
266 794
267 798
268 800
269 804
270 806
271 810
272 812
273 816
274 818
275 822
276 824
277 828
278 830
279 834
280 836
281 840
282 842
283 846
284 848
285 852
286 854
287 858
288 860
289 864
290 866
291 870
292 872
293 876
294 878
295 882
296 884
297 888
298 890
299 894
300 896
301 900
302 902
303 906
304 908
305 912
306 914
307 918
308 920
309 924
310 926
311 930
312 932
313 936
314 938
315 942
316 944
317 948
318 950
319 954
320 956
321 960
322 962
323 966
324 968
325 972
326 974
327 978
328 980
329 984
330 986
331 990
332 992
333 996
334 998
335 1002
336 1004
337 1008
338 1010
339 1014
340 1016
341 1020
342 1022
343 1026
344 1028
345 1032
346 1034
347 1038
348 1040
349 1044
350 1046
351 1050
352 1052
353 1056
354 1058
355 1062
356 1064
357 1068
358 1070
359 1074
360 1076
361 1080
362 1082
363 1086
364 1088
365 1092
366 1094
367 1098
368 1100
369 1104
370 1106
371 1110
372 1112
373 1116
374 1118
375 1122
376 1124
377 1128
378 1130
379 1134
380 1136
381 1140
382 1142
383 1146
384 1148
385 1152
386 1154
387 1158
388 1160
389 1164
390 1166
391 1170
392 1172
393 1176
394 1178
395 1182
396 1184
397 1188
398 1190
399 1194
400 1196
401 1200
402 1202
403 1206
404 1208
405 1212
406 1214
407 1218
408 1220
409 1224
410 1226
411 1230
412 1232
413 1236
414 1238
415 1242
416 1244
417 1248
418 1250
419 1254
420 1256
421 1260
422 1262
423 1266
424 1268
425 1272
426 1274
427 1278
428 1280
429 1284
430 1286
431 1290
432 1292
433 1296
434 1298
435 1302
436 1304
437 1308
438 1310
439 1314
440 1316
441 1320
442 1322
443 1326
444 1328
445 1332
446 1334
447 1338
448 1340
449 1344
450 1346
451 1350
452 1352
453 1356
454 1358
455 1362
456 1364
457 1368
458 1370
459 1374
460 1376
461 1380
462 1382
463 1386
464 1388
465 1392
466 1394
467 1398
468 1400
469 1404
470 1406
471 1410
472 1412
473 1416
474 1418
475 1422
476 1424
477 1428
478 1430
479 1434
480 1436
481 1440
482 1442
483 1446
484 1448
485 1452
486 1454
487 1458
488 1460
489 1464
490 1466
491 1470
492 1472
493 1476
494 1478
495 1482
496 1484
497 1488
498 1490
499 1494
500 1496
501 1500
502 1502
503 1506
504 1508
505 1512
506 1514
507 1518
508 1520
509 1524
510 1526
511 1530
512 1532
513 1536
514 1538
515 1542
516 1544
517 1548
518 1550
519 1554
520 1556
521 1560
522 1562
523 1566
524 1568
525 1572
526 1574
527 1578
528 1580
529 1584
530 1586
531 1590
532 1592
533 1596
534 1598
535 1602
536 1604
537 1608
538 1610
539 1614
540 1616
541 1620
542 1622
543 1626
544 1628
545 1632
546 1634
547 1638
548 1640
549 1644
550 1646
551 1650
552 1652
553 1656
554 1658
555 1662
556 1664
557 1668
558 1670
559 1674
560 1676
561 1680
562 1682
563 1686
564 1688
565 1692
566 1694
567 1698
568 1700
569 1704
570 1706
571 1710
572 1712
573 1716
574 1718
575 1722
576 1724
577 1728
578 1730
579 1734
580 1736
581 1740
582 1742
583 1746
584 1748
585 1752
586 1754
587 1758
588 1760
589 1764
590 1766
591 1770
592 1772
593 1776
594 1778
595 1782
596 1784
597 1788
598 1790
599 1794
600 1796
601 1800
602 1802
603 1806
604 1808
605 1812
606 1814
607 1818
608 1820
609 1824
610 1826
611 1830
612 1832
613 1836
614 1838
615 1842
616 1844
617 1848
618 1850
619 1854
620 1856
621 1860
622 1862
623 1866
624 1868
625 1872
626 1874
627 1878
628 1880
629 1884
630 1886
631 1890
632 1892
633 1896
634 1898
635 1902
636 1904
637 1908
638 1910
639 1914
640 1916
641 1920
642 1922
643 1926
644 1928
645 1932
646 1934
647 1938
648 1940
649 1944
650 1946
651 1950
652 1952
653 1956
654 1958
655 1962
656 1964
657 1968
658 1970
659 1974
660 1976
661 1980
662 1982
663 1986
664 1988
665 1992
666 1994
667 1998
668 2000
669 2004
670 2006
671 2010
672 2012
673 2016
674 2018
675 2022
676 2024
677 2028
678 2030
679 2034
680 2036
681 2040
682 2042
683 2046
684 2048
685 2052
686 2054
687 2058
688 2060
689 2064
690 2066
691 2070
692 2072
693 2076
694 2078
695 2082
696 2084
697 2088
698 2090
699 2094
700 2096
701 2100
702 2102
703 2106
704 2108
705 2112
706 2114
707 2118
708 2120
709 2124
710 2126
711 2130
712 2132
713 2136
714 2138
715 2142
716 2144
717 2148
718 2150
719 2154
720 2156
721 2160
722 2162
723 2166
724 2168
725 2172
726 2174
727 2178
728 2180
729 2184
730 2186
731 2190
732 2192
733 2196
734 2198
735 2202
736 2204
737 2208
738 2210
739 2214
740 2216
741 2220
742 2222
743 2226
744 2228
745 2232
746 2234
747 2238
748 2240
749 2244
750 2246
751 2250
752 2252
753 2256
754 2258
755 2262
756 2264
757 2268
758 2270
759 2274
760 2276
761 2280
762 2282
763 2286
764 2288
765 2292
766 2294
767 2298
768 2300
769 2304
770 2306
771 2310
772 2312
773 2316
774 2318
775 2322
776 2324
777 2328
778 2330
779 2334
780 2336
781 2340
782 2342
783 2346
784 2348
785 2352
786 2354
787 2358
788 2360
789 2364
790 2366
791 2370
792 2372
793 2376
794 2378
795 2382
796 2384
797 2388
798 2390
799 2394
800 2396
801 2400
802 2402
803 2406
804 2408
805 2412
806 2414
807 2418
808 2420
809 2424
810 2426
811 2430
812 2432
813 2436
814 2438
815 2442
816 2444
817 2448
818 2450
819 2454
820 2456
821 2460
822 2462
823 2466
824 2468
825 2472
826 2474
827 2478
828 2480
829 2484
830 2486
831 2490
832 2492
833 2496
834 2498
835 2502
836 2504
837 2508
838 2510
839 2514
840 2516
841 2520
842 2522
843 2526
844 2528
845 2532
846 2534
847 2538
848 2540
849 2544
850 2546
851 2550
852 2552
853 2556
854 2558
855 2562
856 2564
857 2568
858 2570
859 2574
860 2576
861 2580
862 2582
863 2586
864 2588
865 2592
866 2594
867 2598
868 2600
869 2604
870 2606
871 2610
872 2612
873 2616
874 2618
875 2622
876 2624
877 2628
878 2630
879 2634
880 2636
881 2640
882 2642
883 2646
884 2648
885 2652
886 2654
887 2658
888 2660
889 2664
890 2666
891 2670
892 2672
893 2676
894 2678
895 2682
896 2684
897 2688
898 2690
899 2694
900 2696
901 2700
902 2702
903 2706
904 2708
905 2712
906 2714
907 2718
908 2720
909 2724
910 2726
911 2730
912 2732
913 2736
914 2738
915 2742
916 2744
917 2748
918 2750
919 2754
920 2756
921 2760
922 2762
923 2766
924 2768
925 2772
926 2774
927 2778
928 2780
929 2784
930 2786
931 2790
932 2792
933 2796
934 2798
935 2802
936 2804
937 2808
938 2810
939 2814
940 2816
941 2820
942 2822
943 2826
944 2828
945 2832
946 2834
947 2838
948 2840
949 2844
950 2846
951 2850
952 2852
953 2856
954 2858
955 2862
956 2864
957 2868
958 2870
959 2874
960 2876
961 2880
962 2882
963 2886
964 2888
965 2892
966 2894
967 2898
968 2900
969 2904
970 2906
971 2910
972 2912
973 2916
974 2918
975 2922
976 2924
977 2928
978 2930
979 2934
980 2936
981 2940
982 2942
983 2946
984 2948
985 2952
986 2954
987 2958
988 2960
989 2964
990 2966
991 2970
992 2972
993 2976
994 2978
995 2982
996 2984
997 2988
998 2990
999 2994
1000 2996
