1 1
2 2
3 3
4 3
5 4
6 4
7 5
8 5
9 5
10 6
11 6
12 7
13 6
14 7
15 7
16 8
17 7
18 8
19 9
20 8
21 9
22 8
23 9
24 10
25 9
26 10
27 11
28 9
29 10
30 11
31 10
32 11
33 12
34 10
35 11
36 12
37 13
38 11
39 12
40 13
41 11
42 12
43 13
44 14
45 12
46 13
47 14
48 15
49 12
50 13
51 14
52 15
53 13
54 14
55 15
56 16
57 13
58 14
59 15
60 16
61 17
62 14
63 15
64 16
65 17
66 14
67 15
68 16
69 17
70 18
71 15
72 16
73 17
74 18
75 19
76 15
77 16
78 17
79 18
80 19
81 16
82 17
83 18
84 19
85 20
86 16
87 17
88 18
89 19
90 20
91 21
92 17
93 18
94 19
95 20
96 21
97 17
98 18
99 19
100 20
101 21
102 22
103 18
104 19
105 20
106 21
107 22
108 23
109 18
110 19
111 20
112 21
113 22
114 23
115 19
116 20
117 21
118 22
119 23
120 24
121 19
122 20
123 21
124 22
125 23
126 24
127 25
128 20
129 21
130 22
131 23
132 24
133 25
134 20
135 21
136 22
137 23
138 24
139 25
140 26
141 21
142 22
143 23
144 24
145 25
146 26
147 27
148 21
149 22
150 23
151 24
152 25
153 26
154 27
155 22
156 23
157 24
158 25
159 26
160 27
161 28
162 22
163 23
164 24
165 25
166 26
167 27
168 28
169 29
170 23
171 24
172 25
173 26
174 27
175 28
176 29
177 23
178 24
179 25
180 26
181 27
182 28
183 29
184 30
185 24
186 25
187 26
188 27
189 28
190 29
191 30
192 31
193 24
194 25
195 26
196 27
197 28
198 29
199 30
200 31
201 25
202 26
203 27
204 28
205 29
206 30
207 31
208 32
209 25
210 26
211 27
212 28
213 29
214 30
215 31
216 32
217 33
218 26
219 27
220 28
221 29
222 30
223 31
224 32
225 33
226 26
227 27
228 28
229 29
230 30
231 31
232 32
233 33
234 34
235 27
236 28
237 29
238 30
239 31
240 32
241 33
242 34
243 35
244 27
245 28
246 29
247 30
248 31
249 32
250 33
251 34
252 35
253 28
254 29
255 30
256 31
257 32
258 33
259 34
260 35
261 36
262 28
263 29
264 30
265 31
266 32
267 33
268 34
269 35
270 36
271 37
272 29
273 30
274 31
275 32
276 33
277 34
278 35
279 36
280 37
281 29
282 30
283 31
284 32
285 33
286 34
287 35
288 36
289 37
290 38
291 30
292 31
293 32
294 33
295 34
296 35
297 36
298 37
299 38
300 39
301 30
302 31
303 32
304 33
305 34
306 35
307 36
308 37
309 38
310 39
311 31
312 32
313 33
314 34
315 35
316 36
317 37
318 38
319 39
320 40
321 31
322 32
323 33
324 34
325 35
326 36
327 37
328 38
329 39
330 40
331 41
332 32
333 33
334 34
335 35
336 36
337 37
338 38
339 39
340 40
341 41
342 32
343 33
344 34
345 35
346 36
347 37
348 38
349 39
350 40
351 41
352 42
353 33
354 34
355 35
356 36
357 37
358 38
359 39
360 40
361 41
362 42
363 43
364 33
365 34
366 35
367 36
368 37
369 38
370 39
371 40
372 41
373 42
374 43
375 34
376 35
377 36
378 37
379 38
380 39
381 40
382 41
383 42
384 43
385 44
386 34
387 35
388 36
389 37
390 38
391 39
392 40
393 41
394 42
395 43
396 44
397 45
398 35
399 36
400 37
401 38
402 39
403 40
404 41
405 42
406 43
407 44
408 45
409 35
410 36
411 37
412 38
413 39
414 40
415 41
416 42
417 43
418 44
419 45
420 46
421 36
422 37
423 38
424 39
425 40
426 41
427 42
428 43
429 44
430 45
431 46
432 47
433 36
434 37
435 38
436 39
437 40
438 41
439 42
440 43
441 44
442 45
443 46
444 47
445 37
446 38
447 39
448 40
449 41
450 42
451 43
452 44
453 45
454 46
455 47
456 48
457 37
458 38
459 39
460 40
461 41
462 42
463 43
464 44
465 45
466 46
467 47
468 48
469 49
470 38
471 39
472 40
473 41
474 42
475 43
476 44
477 45
478 46
479 47
480 48
481 49
482 38
483 39
484 40
485 41
486 42
487 43
488 44
489 45
490 46
491 47
492 48
493 49
494 50
495 39
496 40
497 41
498 42
499 43
500 44
501 45
502 46
503 47
504 48
505 49
506 50
507 51
508 39
509 40
510 41
511 42
512 43
513 44
514 45
515 46
516 47
517 48
518 49
519 50
520 51
521 40
522 41
523 42
524 43
525 44
526 45
527 46
528 47
529 48
530 49
531 50
532 51
533 52
534 40
535 41
536 42
537 43
538 44
539 45
540 46
541 47
542 48
543 49
544 50
545 51
546 52
547 53
548 41
549 42
550 43
551 44
552 45
553 46
554 47
555 48
556 49
557 50
558 51
559 52
560 53
561 41
562 42
563 43
564 44
565 45
566 46
567 47
568 48
569 49
570 50
571 51
572 52
573 53
574 54
575 42
576 43
577 44
578 45
579 46
580 47
581 48
582 49
583 50
584 51
585 52
586 53
587 54
588 55
589 42
590 43
591 44
592 45
593 46
594 47
595 48
596 49
597 50
598 51
599 52
600 53
601 54
602 55
603 43
604 44
605 45
606 46
607 47
608 48
609 49
610 50
611 51
612 52
613 53
614 54
615 55
616 56
617 43
618 44
619 45
620 46
621 47
622 48
623 49
624 50
625 51
626 52
627 53
628 54
629 55
630 56
631 57
632 44
633 45
634 46
635 47
636 48
637 49
638 50
639 51
640 52
641 53
642 54
643 55
644 56
645 57
646 44
647 45
648 46
649 47
650 48
651 49
652 50
653 51
654 52
655 53
656 54
657 55
658 56
659 57
660 58
661 45
662 46
663 47
664 48
665 49
666 50
667 51
668 52
669 53
670 54
671 55
672 56
673 57
674 58
675 59
676 45
677 46
678 47
679 48
680 49
681 50
682 51
683 52
684 53
685 54
686 55
687 56
688 57
689 58
690 59
691 46
692 47
693 48
694 49
695 50
696 51
697 52
698 53
699 54
700 55
701 56
702 57
703 58
704 59
705 60
706 46
707 47
708 48
709 49
710 50
711 51
712 52
713 53
714 54
715 55
716 56
717 57
718 58
719 59
720 60
721 61
722 47
723 48
724 49
725 50
726 51
727 52
728 53
729 54
730 55
731 56
732 57
733 58
734 59
735 60
736 61
737 47
738 48
739 49
740 50
741 51
742 52
743 53
744 54
745 55
746 56
747 57
748 58
749 59
750 60
751 61
752 62
753 48
754 49
755 50
756 51
757 52
758 53
759 54
760 55
761 56
762 57
763 58
764 59
765 60
766 61
767 62
768 63
769 48
770 49
771 50
772 51
773 52
774 53
775 54
776 55
777 56
778 57
779 58
780 59
781 60
782 61
783 62
784 63
785 49
786 50
787 51
788 52
789 53
790 54
791 55
792 56
793 57
794 58
795 59
796 60
797 61
798 62
799 63
800 64
801 49
802 50
803 51
804 52
805 53
806 54
807 55
808 56
809 57
810 58
811 59
812 60
813 61
814 62
815 63
816 64
817 65
818 50
819 51
820 52
821 53
822 54
823 55
824 56
825 57
826 58
827 59
828 60
829 61
830 62
831 63
832 64
833 65
834 50
835 51
836 52
837 53
838 54
839 55
840 56
841 57
842 58
843 59
844 60
845 61
846 62
847 63
848 64
849 65
850 66
851 51
852 52
853 53
854 54
855 55
856 56
857 57
858 58
859 59
860 60
861 61
862 62
863 63
864 64
865 65
866 66
867 67
868 51
869 52
870 53
871 54
872 55
873 56
874 57
875 58
876 59
877 60
878 61
879 62
880 63
881 64
882 65
883 66
884 67
885 52
886 53
887 54
888 55
889 56
890 57
891 58
892 59
893 60
894 61
895 62
896 63
897 64
898 65
899 66
900 67
901 68
902 52
903 53
904 54
905 55
906 56
907 57
908 58
909 59
910 60
911 61
912 62
913 63
914 64
915 65
916 66
917 67
918 68
919 69
920 53
921 54
922 55
923 56
924 57
925 58
926 59
927 60
928 61
929 62
930 63
931 64
932 65
933 66
934 67
935 68
936 69
937 53
938 54
939 55
940 56
941 57
942 58
943 59
944 60
945 61
946 62
947 63
948 64
949 65
950 66
951 67
952 68
953 69
954 70
955 54
956 55
957 56
958 57
959 58
960 59
961 60
962 61
963 62
964 63
965 64
966 65
967 66
968 67
969 68
970 69
971 70
972 71
973 54
974 55
975 56
976 57
977 58
978 59
979 60
980 61
981 62
982 63
983 64
984 65
985 66
986 67
987 68
988 69
989 70
990 71
991 55
992 56
993 57
994 58
995 59
996 60
997 61
998 62
999 63
1000 64
1001 65
1002 66
1003 67
1004 68
1005 69
1006 70
1007 71
1008 72
1009 55
1010 56
1011 57
1012 58
1013 59
1014 60
1015 61
1016 62
1017 63
1018 64
1019 65
1020 66
1021 67
1022 68
1023 69
1024 70
1025 71
1026 72
1027 73
1028 56
1029 57
1030 58
1031 59
1032 60
1033 61
1034 62
1035 63
1036 64
1037 65
1038 66
1039 67
1040 68
1041 69
1042 70
1043 71
1044 72
1045 73
1046 56
1047 57
1048 58
1049 59
1050 60
1051 61
1052 62
1053 63
1054 64
1055 65
1056 66
1057 67
1058 68
1059 69
1060 70
1061 71
1062 72
1063 73
1064 74
1065 57
1066 58
1067 59
1068 60
1069 61
1070 62
1071 63
1072 64
1073 65
1074 66
1075 67
1076 68
1077 69
1078 70
1079 71
1080 72
1081 73
1082 74
1083 75
1084 57
1085 58
1086 59
1087 60
1088 61
1089 62
1090 63
1091 64
1092 65
1093 66
1094 67
1095 68
1096 69
1097 70
1098 71
1099 72
1100 73
1101 74
1102 75
1103 58
1104 59
1105 60
1106 61
1107 62
1108 63
1109 64
1110 65
1111 66
1112 67
1113 68
1114 69
1115 70
1116 71
1117 72
1118 73
1119 74
1120 75
1121 76
1122 58
1123 59
1124 60
1125 61
1126 62
1127 63
1128 64
1129 65
1130 66
1131 67
1132 68
1133 69
1134 70
1135 71
1136 72
1137 73
1138 74
1139 75
1140 76
1141 77
1142 59
1143 60
1144 61
1145 62
1146 63
1147 64
1148 65
1149 66
1150 67
1151 68
1152 69
1153 70
1154 71
1155 72
1156 73
1157 74
1158 75
1159 76
1160 77
1161 59
1162 60
1163 61
1164 62
1165 63
1166 64
1167 65
1168 66
1169 67
1170 68
1171 69
1172 70
1173 71
1174 72
1175 73
1176 74
1177 75
1178 76
1179 77
1180 78
1181 60
1182 61
1183 62
1184 63
1185 64
1186 65
1187 66
1188 67
1189 68
1190 69
1191 70
1192 71
1193 72
1194 73
1195 74
1196 75
1197 76
1198 77
1199 78
1200 79
1201 60
1202 61
1203 62
1204 63
1205 64
1206 65
1207 66
1208 67
1209 68
1210 69
1211 70
1212 71
1213 72
1214 73
1215 74
1216 75
1217 76
1218 77
1219 78
1220 79
1221 61
1222 62
1223 63
1224 64
1225 65
1226 66
1227 67
1228 68
1229 69
1230 70
1231 71
1232 72
1233 73
1234 74
1235 75
1236 76
1237 77
1238 78
1239 79
1240 80
1241 61
1242 62
1243 63
1244 64
1245 65
1246 66
1247 67
1248 68
1249 69
1250 70
1251 71
1252 72
1253 73
1254 74
1255 75
1256 76
1257 77
1258 78
1259 79
1260 80
1261 81
1262 62
1263 63
1264 64
1265 65
1266 66
1267 67
1268 68
1269 69
1270 70
1271 71
1272 72
1273 73
1274 74
1275 75
1276 76
1277 77
1278 78
1279 79
1280 80
1281 81
1282 62
1283 63
1284 64
1285 65
1286 66
1287 67
1288 68
1289 69
1290 70
1291 71
1292 72
1293 73
1294 74
1295 75
1296 76
1297 77
1298 78
1299 79
1300 80
1301 81
1302 82
1303 63
1304 64
1305 65
1306 66
1307 67
1308 68
1309 69
1310 70
1311 71
1312 72
1313 73
1314 74
1315 75
1316 76
1317 77
1318 78
1319 79
1320 80
1321 81
1322 82
1323 83
1324 63
1325 64
1326 65
1327 66
1328 67
1329 68
1330 69
1331 70
1332 71
1333 72
1334 73
1335 74
1336 75
1337 76
1338 77
1339 78
1340 79
1341 80
1342 81
1343 82
1344 83
1345 64
1346 65
1347 66
1348 67
1349 68
1350 69
1351 70
1352 71
1353 72
1354 73
1355 74
1356 75
1357 76
1358 77
1359 78
1360 79
1361 80
1362 81
1363 82
1364 83
1365 84
1366 64
1367 65
1368 66
1369 67
1370 68
1371 69
1372 70
1373 71
1374 72
1375 73
1376 74
1377 75
1378 76
1379 77
1380 78
1381 79
1382 80
1383 81
1384 82
1385 83
1386 84
1387 85
1388 65
1389 66
1390 67
1391 68
1392 69
1393 70
1394 71
1395 72
1396 73
1397 74
1398 75
1399 76
1400 77
1401 78
1402 79
1403 80
1404 81
1405 82
1406 83
1407 84
1408 85
1409 65
1410 66
1411 67
1412 68
1413 69
1414 70
1415 71
1416 72
1417 73
1418 74
1419 75
1420 76
1421 77
1422 78
1423 79
1424 80
1425 81
1426 82
1427 83
1428 84
1429 85
1430 86
1431 66
1432 67
1433 68
1434 69
1435 70
1436 71
1437 72
1438 73
1439 74
1440 75
1441 76
1442 77
1443 78
1444 79
1445 80
1446 81
1447 82
1448 83
1449 84
1450 85
1451 86
1452 87
1453 66
1454 67
1455 68
1456 69
1457 70
1458 71
1459 72
1460 73
1461 74
1462 75
1463 76
1464 77
1465 78
1466 79
1467 80
1468 81
1469 82
1470 83
1471 84
1472 85
1473 86
1474 87
1475 67
1476 68
1477 69
1478 70
1479 71
1480 72
1481 73
1482 74
1483 75
1484 76
1485 77
1486 78
1487 79
1488 80
1489 81
1490 82
1491 83
1492 84
1493 85
1494 86
1495 87
1496 88
1497 67
1498 68
1499 69
1500 70
1501 71
1502 72
1503 73
1504 74
1505 75
1506 76
1507 77
1508 78
1509 79
1510 80
1511 81
1512 82
1513 83
1514 84
1515 85
1516 86
1517 87
1518 88
1519 89
1520 68
1521 69
1522 70
1523 71
1524 72
1525 73
1526 74
1527 75
1528 76
1529 77
1530 78
1531 79
1532 80
1533 81
1534 82
1535 83
1536 84
1537 85
1538 86
1539 87
1540 88
1541 89
1542 68
1543 69
1544 70
1545 71
1546 72
1547 73
1548 74
1549 75
1550 76
1551 77
1552 78
1553 79
1554 80
1555 81
1556 82
1557 83
1558 84
1559 85
1560 86
1561 87
1562 88
1563 89
1564 90
1565 69
1566 70
1567 71
1568 72
1569 73
1570 74
1571 75
1572 76
1573 77
1574 78
1575 79
1576 80
1577 81
1578 82
1579 83
1580 84
1581 85
1582 86
1583 87
1584 88
1585 89
1586 90
1587 91
1588 69
1589 70
1590 71
1591 72
1592 73
1593 74
1594 75
1595 76
1596 77
1597 78
1598 79
1599 80
1600 81
1601 82
1602 83
1603 84
1604 85
1605 86
1606 87
1607 88
1608 89
1609 90
1610 91
1611 70
1612 71
1613 72
1614 73
1615 74
1616 75
1617 76
1618 77
1619 78
1620 79
1621 80
1622 81
1623 82
1624 83
1625 84
1626 85
1627 86
1628 87
1629 88
1630 89
1631 90
1632 91
1633 92
1634 70
1635 71
1636 72
1637 73
1638 74
1639 75
1640 76
1641 77
1642 78
1643 79
1644 80
1645 81
1646 82
1647 83
1648 84
1649 85
1650 86
1651 87
1652 88
1653 89
1654 90
1655 91
1656 92
1657 93
1658 71
1659 72
1660 73
1661 74
1662 75
1663 76
1664 77
1665 78
1666 79
1667 80
1668 81
1669 82
1670 83
1671 84
1672 85
1673 86
1674 87
1675 88
1676 89
1677 90
1678 91
1679 92
1680 93
1681 71
1682 72
1683 73
1684 74
1685 75
1686 76
1687 77
1688 78
1689 79
1690 80
1691 81
1692 82
1693 83
1694 84
1695 85
1696 86
1697 87
1698 88
1699 89
1700 90
1701 91
1702 92
1703 93
1704 94
1705 72
1706 73
1707 74
1708 75
1709 76
1710 77
1711 78
1712 79
1713 80
1714 81
1715 82
1716 83
1717 84
1718 85
1719 86
1720 87
1721 88
1722 89
1723 90
1724 91
1725 92
1726 93
1727 94
1728 95
1729 72
1730 73
1731 74
1732 75
1733 76
1734 77
1735 78
1736 79
1737 80
1738 81
1739 82
1740 83
1741 84
1742 85
1743 86
1744 87
1745 88
1746 89
1747 90
1748 91
1749 92
1750 93
1751 94
1752 95
1753 73
1754 74
1755 75
1756 76
1757 77
1758 78
1759 79
1760 80
1761 81
1762 82
1763 83
1764 84
1765 85
1766 86
1767 87
1768 88
1769 89
1770 90
1771 91
1772 92
1773 93
1774 94
1775 95
1776 96
1777 73
1778 74
1779 75
1780 76
1781 77
1782 78
1783 79
1784 80
1785 81
1786 82
1787 83
1788 84
1789 85
1790 86
1791 87
1792 88
1793 89
1794 90
1795 91
1796 92
1797 93
1798 94
1799 95
1800 96
1801 97
1802 74
1803 75
1804 76
1805 77
1806 78
1807 79
1808 80
1809 81
1810 82
1811 83
1812 84
1813 85
1814 86
1815 87
1816 88
1817 89
1818 90
1819 91
1820 92
1821 93
1822 94
1823 95
1824 96
1825 97
1826 74
1827 75
1828 76
1829 77
1830 78
1831 79
1832 80
1833 81
1834 82
1835 83
1836 84
1837 85
1838 86
1839 87
1840 88
1841 89
1842 90
1843 91
1844 92
1845 93
1846 94
1847 95
1848 96
1849 97
1850 98
1851 75
1852 76
1853 77
1854 78
1855 79
1856 80
1857 81
1858 82
1859 83
1860 84
1861 85
1862 86
1863 87
1864 88
1865 89
1866 90
1867 91
1868 92
1869 93
1870 94
1871 95
1872 96
1873 97
1874 98
1875 99
1876 75
1877 76
1878 77
1879 78
1880 79
1881 80
1882 81
1883 82
1884 83
1885 84
1886 85
1887 86
1888 87
1889 88
1890 89
1891 90
1892 91
1893 92
1894 93
1895 94
1896 95
1897 96
1898 97
1899 98
1900 99
1901 76
1902 77
1903 78
1904 79
1905 80
1906 81
1907 82
1908 83
1909 84
1910 85
1911 86
1912 87
1913 88
1914 89
1915 90
1916 91
1917 92
1918 93
1919 94
1920 95
1921 96
1922 97
1923 98
1924 99
1925 100
1926 76
1927 77
1928 78
1929 79
1930 80
1931 81
1932 82
1933 83
1934 84
1935 85
1936 86
1937 87
1938 88
1939 89
1940 90
1941 91
1942 92
1943 93
1944 94
1945 95
1946 96
1947 97
1948 98
1949 99
1950 100
1951 101
1952 77
1953 78
1954 79
1955 80
1956 81
1957 82
1958 83
1959 84
1960 85
1961 86
1962 87
1963 88
1964 89
1965 90
1966 91
1967 92
1968 93
1969 94
1970 95
1971 96
1972 97
1973 98
1974 99
1975 100
1976 101
1977 77
1978 78
1979 79
1980 80
1981 81
1982 82
1983 83
1984 84
1985 85
1986 86
1987 87
1988 88
1989 89
1990 90
1991 91
1992 92
1993 93
1994 94
1995 95
1996 96
1997 97
1998 98
1999 99
2000 100
2001 101
2002 102
2003 78
2004 79
2005 80
2006 81
2007 82
2008 83
2009 84
2010 85
2011 86
2012 87
2013 88
2014 89
2015 90
2016 91
2017 92
2018 93
2019 94
2020 95
2021 96
2022 97
2023 98
2024 99
2025 100
2026 101
2027 102
2028 103
2029 78
2030 79
2031 80
2032 81
2033 82
2034 83
2035 84
2036 85
2037 86
2038 87
2039 88
2040 89
2041 90
2042 91
2043 92
2044 93
2045 94
2046 95
2047 96
2048 97
2049 98
2050 99
2051 100
2052 101
2053 102
2054 103
2055 79
2056 80
2057 81
2058 82
2059 83
2060 84
2061 85
2062 86
2063 87
2064 88
2065 89
2066 90
2067 91
2068 92
2069 93
2070 94
2071 95
2072 96
2073 97
2074 98
2075 99
2076 100
2077 101
2078 102
2079 103
2080 104
2081 79
2082 80
2083 81
2084 82
2085 83
2086 84
2087 85
2088 86
2089 87
2090 88
2091 89
2092 90
2093 91
2094 92
2095 93
2096 94
2097 95
2098 96
2099 97
2100 98
2101 99
2102 100
2103 101
2104 102
2105 103
2106 104
2107 105
2108 80
2109 81
2110 82
2111 83
2112 84
2113 85
2114 86
2115 87
2116 88
2117 89
2118 90
2119 91
2120 92
2121 93
2122 94
2123 95
2124 96
2125 97
2126 98
2127 99
2128 100
2129 101
2130 102
2131 103
2132 104
2133 105
2134 80
2135 81
2136 82
2137 83
2138 84
2139 85
2140 86
2141 87
2142 88
2143 89
2144 90
2145 91
2146 92
2147 93
2148 94
2149 95
2150 96
2151 97
2152 98
2153 99
2154 100
2155 101
2156 102
2157 103
2158 104
2159 105
2160 106
2161 81
2162 82
2163 83
2164 84
2165 85
2166 86
2167 87
2168 88
2169 89
2170 90
2171 91
2172 92
2173 93
2174 94
2175 95
2176 96
2177 97
2178 98
2179 99
2180 100
2181 101
2182 102
2183 103
2184 104
2185 105
2186 106
2187 107
2188 81
2189 82
2190 83
2191 84
2192 85
2193 86
2194 87
2195 88
2196 89
2197 90
2198 91
2199 92
2200 93
2201 94
2202 95
2203 96
2204 97
2205 98
2206 99
2207 100
2208 101
2209 102
2210 103
2211 104
2212 105
2213 106
2214 107
2215 82
2216 83
2217 84
2218 85
2219 86
2220 87
2221 88
2222 89
2223 90
2224 91
2225 92
2226 93
2227 94
2228 95
2229 96
2230 97
2231 98
2232 99
2233 100
2234 101
2235 102
2236 103
2237 104
2238 105
2239 106
2240 107
2241 108
2242 82
2243 83
2244 84
2245 85
2246 86
2247 87
2248 88
2249 89
2250 90
2251 91
2252 92
2253 93
2254 94
2255 95
2256 96
2257 97
2258 98
2259 99
2260 100
2261 101
2262 102
2263 103
2264 104
2265 105
2266 106
2267 107
2268 108
2269 109
2270 83
2271 84
2272 85
2273 86
2274 87
2275 88
2276 89
2277 90
2278 91
2279 92
2280 93
2281 94
2282 95
2283 96
2284 97
2285 98
2286 99
2287 100
2288 101
2289 102
2290 103
2291 104
2292 105
2293 106
2294 107
2295 108
2296 109
2297 83
2298 84
2299 85
2300 86
2301 87
2302 88
2303 89
2304 90
2305 91
2306 92
2307 93
2308 94
2309 95
2310 96
2311 97
2312 98
2313 99
2314 100
2315 101
2316 102
2317 103
2318 104
2319 105
2320 106
2321 107
2322 108
2323 109
2324 110
2325 84
2326 85
2327 86
2328 87
2329 88
2330 89
2331 90
2332 91
2333 92
2334 93
2335 94
2336 95
2337 96
2338 97
2339 98
2340 99
2341 100
2342 101
2343 102
2344 103
2345 104
2346 105
2347 106
2348 107
2349 108
2350 109
2351 110
2352 111
2353 84
2354 85
2355 86
2356 87
2357 88
2358 89
2359 90
2360 91
2361 92
2362 93
2363 94
2364 95
2365 96
2366 97
2367 98
2368 99
2369 100
2370 101
2371 102
2372 103
2373 104
2374 105
2375 106
2376 107
2377 108
2378 109
2379 110
2380 111
2381 85
2382 86
2383 87
2384 88
2385 89
2386 90
2387 91
2388 92
2389 93
2390 94
2391 95
2392 96
2393 97
2394 98
2395 99
2396 100
2397 101
2398 102
2399 103
2400 104
2401 105
2402 106
2403 107
2404 108
2405 109
2406 110
2407 111
2408 112
2409 85
2410 86
2411 87
2412 88
2413 89
2414 90
2415 91
2416 92
2417 93
2418 94
2419 95
2420 96
2421 97
2422 98
2423 99
2424 100
2425 101
2426 102
2427 103
2428 104
2429 105
2430 106
2431 107
2432 108
2433 109
2434 110
2435 111
2436 112
2437 113
2438 86
2439 87
2440 88
2441 89
2442 90
2443 91
2444 92
2445 93
2446 94
2447 95
2448 96
2449 97
2450 98
2451 99
2452 100
2453 101
2454 102
2455 103
2456 104
2457 105
2458 106
2459 107
2460 108
2461 109
2462 110
2463 111
2464 112
2465 113
2466 86
2467 87
2468 88
2469 89
2470 90
2471 91
2472 92
2473 93
2474 94
2475 95
2476 96
2477 97
2478 98
2479 99
2480 100
2481 101
2482 102
2483 103
2484 104
2485 105
2486 106
2487 107
2488 108
2489 109
2490 110
2491 111
2492 112
2493 113
2494 114
2495 87
2496 88
2497 89
2498 90
2499 91
2500 92
2501 93
2502 94
2503 95
2504 96
2505 97
2506 98
2507 99
2508 100
2509 101
2510 102
2511 103
2512 104
2513 105
2514 106
2515 107
2516 108
2517 109
2518 110
2519 111
2520 112
2521 113
2522 114
2523 115
2524 87
2525 88
2526 89
2527 90
2528 91
2529 92
2530 93
2531 94
2532 95
2533 96
2534 97
2535 98
2536 99
2537 100
2538 101
2539 102
2540 103
2541 104
2542 105
2543 106
2544 107
2545 108
2546 109
2547 110
2548 111
2549 112
2550 113
2551 114
2552 115
2553 88
2554 89
2555 90
2556 91
2557 92
2558 93
2559 94
2560 95
2561 96
2562 97
2563 98
2564 99
2565 100
2566 101
2567 102
2568 103
2569 104
2570 105
2571 106
2572 107
2573 108
2574 109
2575 110
2576 111
2577 112
2578 113
2579 114
2580 115
2581 116
2582 88
2583 89
2584 90
2585 91
2586 92
2587 93
2588 94
2589 95
2590 96
2591 97
2592 98
2593 99
2594 100
2595 101
2596 102
2597 103
2598 104
2599 105
2600 106
2601 107
2602 108
2603 109
2604 110
2605 111
2606 112
2607 113
2608 114
2609 115
2610 116
2611 117
2612 89
2613 90
2614 91
2615 92
2616 93
2617 94
2618 95
2619 96
2620 97
2621 98
2622 99
2623 100
2624 101
2625 102
2626 103
2627 104
2628 105
2629 106
2630 107
2631 108
2632 109
2633 110
2634 111
2635 112
2636 113
2637 114
2638 115
2639 116
2640 117
2641 89
2642 90
2643 91
2644 92
2645 93
2646 94
2647 95
2648 96
2649 97
2650 98
2651 99
2652 100
2653 101
2654 102
2655 103
2656 104
2657 105
2658 106
2659 107
2660 108
2661 109
2662 110
2663 111
2664 112
2665 113
2666 114
2667 115
2668 116
2669 117
2670 118
2671 90
2672 91
2673 92
2674 93
2675 94
2676 95
2677 96
2678 97
2679 98
2680 99
2681 100
2682 101
2683 102
2684 103
2685 104
2686 105
2687 106
2688 107
2689 108
2690 109
2691 110
2692 111
2693 112
2694 113
2695 114
2696 115
2697 116
2698 117
2699 118
2700 119
2701 90
2702 91
2703 92
2704 93
2705 94
2706 95
2707 96
2708 97
2709 98
2710 99
2711 100
2712 101
2713 102
2714 103
2715 104
2716 105
2717 106
2718 107
2719 108
2720 109
2721 110
2722 111
2723 112
2724 113
2725 114
2726 115
2727 116
2728 117
2729 118
2730 119
2731 91
2732 92
2733 93
2734 94
2735 95
2736 96
2737 97
2738 98
2739 99
2740 100
2741 101
2742 102
2743 103
2744 104
2745 105
2746 106
2747 107
2748 108
2749 109
2750 110
2751 111
2752 112
2753 113
2754 114
2755 115
2756 116
2757 117
2758 118
2759 119
2760 120
2761 91
2762 92
2763 93
2764 94
2765 95
2766 96
2767 97
2768 98
2769 99
2770 100
2771 101
2772 102
2773 103
2774 104
2775 105
2776 106
2777 107
2778 108
2779 109
2780 110
2781 111
2782 112
2783 113
2784 114
2785 115
2786 116
2787 117
2788 118
2789 119
2790 120
2791 121
2792 92
2793 93
2794 94
2795 95
2796 96
2797 97
2798 98
2799 99
2800 100
2801 101
2802 102
2803 103
2804 104
2805 105
2806 106
2807 107
2808 108
2809 109
2810 110
2811 111
2812 112
2813 113
2814 114
2815 115
2816 116
2817 117
2818 118
2819 119
2820 120
2821 121
2822 92
2823 93
2824 94
2825 95
2826 96
2827 97
2828 98
2829 99
2830 100
2831 101
2832 102
2833 103
2834 104
2835 105
2836 106
2837 107
2838 108
2839 109
2840 110
2841 111
2842 112
2843 113
2844 114
2845 115
2846 116
2847 117
2848 118
2849 119
2850 120
2851 121
2852 122
2853 93
2854 94
2855 95
2856 96
2857 97
2858 98
2859 99
2860 100
2861 101
2862 102
2863 103
2864 104
2865 105
2866 106
2867 107
2868 108
2869 109
2870 110
2871 111
2872 112
2873 113
2874 114
2875 115
2876 116
2877 117
2878 118
2879 119
2880 120
2881 121
2882 122
2883 123
2884 93
2885 94
2886 95
2887 96
2888 97
2889 98
2890 99
2891 100
2892 101
2893 102
2894 103
2895 104
2896 105
2897 106
2898 107
2899 108
2900 109
2901 110
2902 111
2903 112
2904 113
2905 114
2906 115
2907 116
2908 117
2909 118
2910 119
2911 120
2912 121
2913 122
2914 123
2915 94
2916 95
2917 96
2918 97
2919 98
2920 99
2921 100
2922 101
2923 102
2924 103
2925 104
2926 105
2927 106
2928 107
2929 108
2930 109
2931 110
2932 111
2933 112
2934 113
2935 114
2936 115
2937 116
2938 117
2939 118
2940 119
2941 120
2942 121
2943 122
2944 123
2945 124
2946 94
2947 95
2948 96
2949 97
2950 98
2951 99
2952 100
2953 101
2954 102
2955 103
2956 104
2957 105
2958 106
2959 107
2960 108
2961 109
2962 110
2963 111
2964 112
2965 113
2966 114
2967 115
2968 116
2969 117
2970 118
2971 119
2972 120
2973 121
2974 122
2975 123
2976 124
2977 125
2978 95
2979 96
2980 97
2981 98
2982 99
2983 100
2984 101
2985 102
2986 103
2987 104
2988 105
2989 106
2990 107
2991 108
2992 109
2993 110
2994 111
2995 112
2996 113
2997 114
2998 115
2999 116
3000 117
3001 118
3002 119
3003 120
3004 121
3005 122
3006 123
3007 124
3008 125
3009 95
3010 96
3011 97
3012 98
3013 99
3014 100
3015 101
3016 102
3017 103
3018 104
3019 105
3020 106
3021 107
3022 108
3023 109
3024 110
3025 111
3026 112
3027 113
3028 114
3029 115
3030 116
3031 117
3032 118
3033 119
3034 120
3035 121
3036 122
3037 123
3038 124
3039 125
3040 126
3041 96
3042 97
3043 98
3044 99
3045 100
3046 101
3047 102
3048 103
3049 104
3050 105
3051 106
3052 107
3053 108
3054 109
3055 110
3056 111
3057 112
3058 113
3059 114
3060 115
3061 116
3062 117
3063 118
3064 119
3065 120
3066 121
3067 122
3068 123
3069 124
3070 125
3071 126
3072 127
3073 96
3074 97
3075 98
3076 99
3077 100
3078 101
3079 102
3080 103
3081 104
3082 105
3083 106
3084 107
3085 108
3086 109
3087 110
3088 111
3089 112
3090 113
3091 114
3092 115
3093 116
3094 117
3095 118
3096 119
3097 120
3098 121
3099 122
3100 123
3101 124
3102 125
3103 126
3104 127
3105 97
3106 98
3107 99
3108 100
3109 101
3110 102
3111 103
3112 104
3113 105
3114 106
3115 107
3116 108
3117 109
3118 110
3119 111
3120 112
3121 113
3122 114
3123 115
3124 116
3125 117
3126 118
3127 119
3128 120
3129 121
3130 122
3131 123
3132 124
3133 125
3134 126
3135 127
3136 128
3137 97
3138 98
3139 99
3140 100
3141 101
3142 102
3143 103
3144 104
3145 105
3146 106
3147 107
3148 108
3149 109
3150 110
3151 111
3152 112
3153 113
3154 114
3155 115
3156 116
3157 117
3158 118
3159 119
3160 120
3161 121
3162 122
3163 123
3164 124
3165 125
3166 126
3167 127
3168 128
3169 129
3170 98
3171 99
3172 100
3173 101
3174 102
3175 103
3176 104
3177 105
3178 106
3179 107
3180 108
3181 109
3182 110
3183 111
3184 112
3185 113
3186 114
3187 115
3188 116
3189 117
3190 118
3191 119
3192 120
3193 121
3194 122
3195 123
3196 124
3197 125
3198 126
3199 127
3200 128
3201 129
3202 98
3203 99
3204 100
3205 101
3206 102
3207 103
3208 104
3209 105
3210 106
3211 107
3212 108
3213 109
3214 110
3215 111
3216 112
3217 113
3218 114
3219 115
3220 116
3221 117
3222 118
3223 119
3224 120
3225 121
3226 122
3227 123
3228 124
3229 125
3230 126
3231 127
3232 128
3233 129
3234 130
3235 99
3236 100
3237 101
3238 102
3239 103
3240 104
3241 105
3242 106
3243 107
3244 108
3245 109
3246 110
3247 111
3248 112
3249 113
3250 114
3251 115
3252 116
3253 117
3254 118
3255 119
3256 120
3257 121
3258 122
3259 123
3260 124
3261 125
3262 126
3263 127
3264 128
3265 129
3266 130
3267 131
3268 99
3269 100
3270 101
3271 102
3272 103
3273 104
3274 105
3275 106
3276 107
3277 108
3278 109
3279 110
3280 111
3281 112
3282 113
3283 114
3284 115
3285 116
3286 117
3287 118
3288 119
3289 120
3290 121
3291 122
3292 123
3293 124
3294 125
3295 126
3296 127
3297 128
3298 129
3299 130
3300 131
3301 100
3302 101
3303 102
3304 103
3305 104
3306 105
3307 106
3308 107
3309 108
3310 109
3311 110
3312 111
3313 112
3314 113
3315 114
3316 115
3317 116
3318 117
3319 118
3320 119
3321 120
3322 121
3323 122
3324 123
3325 124
3326 125
3327 126
3328 127
3329 128
3330 129
3331 130
3332 131
3333 132
3334 100
3335 101
3336 102
3337 103
3338 104
3339 105
3340 106
3341 107
3342 108
3343 109
3344 110
3345 111
3346 112
3347 113
3348 114
3349 115
3350 116
3351 117
3352 118
3353 119
3354 120
3355 121
3356 122
3357 123
3358 124
3359 125
3360 126
3361 127
3362 128
3363 129
3364 130
3365 131
3366 132
3367 133
3368 101
3369 102
3370 103
3371 104
3372 105
3373 106
3374 107
3375 108
3376 109
3377 110
3378 111
3379 112
3380 113
3381 114
3382 115
3383 116
3384 117
3385 118
3386 119
3387 120
3388 121
3389 122
3390 123
3391 124
3392 125
3393 126
3394 127
3395 128
3396 129
3397 130
3398 131
3399 132
3400 133
3401 101
3402 102
3403 103
3404 104
3405 105
3406 106
3407 107
3408 108
3409 109
3410 110
3411 111
3412 112
3413 113
3414 114
3415 115
3416 116
3417 117
3418 118
3419 119
3420 120
3421 121
3422 122
3423 123
3424 124
3425 125
3426 126
3427 127
3428 128
3429 129
3430 130
3431 131
3432 132
3433 133
3434 134
3435 102
3436 103
3437 104
3438 105
3439 106
3440 107
3441 108
3442 109
3443 110
3444 111
3445 112
3446 113
3447 114
3448 115
3449 116
3450 117
3451 118
3452 119
3453 120
3454 121
3455 122
3456 123
3457 124
3458 125
3459 126
3460 127
3461 128
3462 129
3463 130
3464 131
3465 132
3466 133
3467 134
3468 135
3469 102
3470 103
3471 104
3472 105
3473 106
3474 107
3475 108
3476 109
3477 110
3478 111
3479 112
3480 113
3481 114
3482 115
3483 116
3484 117
3485 118
3486 119
3487 120
3488 121
3489 122
3490 123
3491 124
3492 125
3493 126
3494 127
3495 128
3496 129
3497 130
3498 131
3499 132
3500 133
3501 134
3502 135
3503 103
3504 104
3505 105
3506 106
3507 107
3508 108
3509 109
3510 110
3511 111
3512 112
3513 113
3514 114
3515 115
3516 116
3517 117
3518 118
3519 119
3520 120
3521 121
3522 122
3523 123
3524 124
3525 125
3526 126
3527 127
3528 128
3529 129
3530 130
3531 131
3532 132
3533 133
3534 134
3535 135
3536 136
3537 103
3538 104
3539 105
3540 106
3541 107
3542 108
3543 109
3544 110
3545 111
3546 112
3547 113
3548 114
3549 115
3550 116
3551 117
3552 118
3553 119
3554 120
3555 121
3556 122
3557 123
3558 124
3559 125
3560 126
3561 127
3562 128
3563 129
3564 130
3565 131
3566 132
3567 133
3568 134
3569 135
3570 136
3571 137
3572 104
3573 105
3574 106
3575 107
3576 108
3577 109
3578 110
3579 111
3580 112
3581 113
3582 114
3583 115
3584 116
3585 117
3586 118
3587 119
3588 120
3589 121
3590 122
3591 123
3592 124
3593 125
3594 126
3595 127
3596 128
3597 129
3598 130
3599 131
3600 132
3601 133
3602 134
3603 135
3604 136
3605 137
3606 104
3607 105
3608 106
3609 107
3610 108
3611 109
3612 110
3613 111
3614 112
3615 113
3616 114
3617 115
3618 116
3619 117
3620 118
3621 119
3622 120
3623 121
3624 122
3625 123
3626 124
3627 125
3628 126
3629 127
3630 128
3631 129
3632 130
3633 131
3634 132
3635 133
3636 134
3637 135
3638 136
3639 137
3640 138
3641 105
3642 106
3643 107
3644 108
3645 109
3646 110
3647 111
3648 112
3649 113
3650 114
3651 115
3652 116
3653 117
3654 118
3655 119
3656 120
3657 121
3658 122
3659 123
3660 124
3661 125
3662 126
3663 127
3664 128
3665 129
3666 130
3667 131
3668 132
3669 133
3670 134
3671 135
3672 136
3673 137
3674 138
3675 139
3676 105
3677 106
3678 107
3679 108
3680 109
3681 110
3682 111
3683 112
3684 113
3685 114
3686 115
3687 116
3688 117
3689 118
3690 119
3691 120
3692 121
3693 122
3694 123
3695 124
3696 125
3697 126
3698 127
3699 128
3700 129
3701 130
3702 131
3703 132
3704 133
3705 134
3706 135
3707 136
3708 137
3709 138
3710 139
3711 106
3712 107
3713 108
3714 109
3715 110
3716 111
3717 112
3718 113
3719 114
3720 115
3721 116
3722 117
3723 118
3724 119
3725 120
3726 121
3727 122
3728 123
3729 124
3730 125
3731 126
3732 127
3733 128
3734 129
3735 130
3736 131
3737 132
3738 133
3739 134
3740 135
3741 136
3742 137
3743 138
3744 139
3745 140
3746 106
3747 107
3748 108
3749 109
3750 110
3751 111
3752 112
3753 113
3754 114
3755 115
3756 116
3757 117
3758 118
3759 119
3760 120
3761 121
3762 122
3763 123
3764 124
3765 125
3766 126
3767 127
3768 128
3769 129
3770 130
3771 131
3772 132
3773 133
3774 134
3775 135
3776 136
3777 137
3778 138
3779 139
3780 140
3781 141
3782 107
3783 108
3784 109
3785 110
3786 111
3787 112
3788 113
3789 114
3790 115
3791 116
3792 117
3793 118
3794 119
3795 120
3796 121
3797 122
3798 123
3799 124
3800 125
3801 126
3802 127
3803 128
3804 129
3805 130
3806 131
3807 132
3808 133
3809 134
3810 135
3811 136
3812 137
3813 138
3814 139
3815 140
3816 141
3817 107
3818 108
3819 109
3820 110
3821 111
3822 112
3823 113
3824 114
3825 115
3826 116
3827 117
3828 118
3829 119
3830 120
3831 121
3832 122
3833 123
3834 124
3835 125
3836 126
3837 127
3838 128
3839 129
3840 130
3841 131
3842 132
3843 133
3844 134
3845 135
3846 136
3847 137
3848 138
3849 139
3850 140
3851 141
3852 142
3853 108
3854 109
3855 110
3856 111
3857 112
3858 113
3859 114
3860 115
3861 116
3862 117
3863 118
3864 119
3865 120
3866 121
3867 122
3868 123
3869 124
3870 125
3871 126
3872 127
3873 128
3874 129
3875 130
3876 131
3877 132
3878 133
3879 134
3880 135
3881 136
3882 137
3883 138
3884 139
3885 140
3886 141
3887 142
3888 143
3889 108
3890 109
3891 110
3892 111
3893 112
3894 113
3895 114
3896 115
3897 116
3898 117
3899 118
3900 119
3901 120
3902 121
3903 122
3904 123
3905 124
3906 125
3907 126
3908 127
3909 128
3910 129
3911 130
3912 131
3913 132
3914 133
3915 134
3916 135
3917 136
3918 137
3919 138
3920 139
3921 140
3922 141
3923 142
3924 143
3925 109
3926 110
3927 111
3928 112
3929 113
3930 114
3931 115
3932 116
3933 117
3934 118
3935 119
3936 120
3937 121
3938 122
3939 123
3940 124
3941 125
3942 126
3943 127
3944 128
3945 129
3946 130
3947 131
3948 132
3949 133
3950 134
3951 135
3952 136
3953 137
3954 138
3955 139
3956 140
3957 141
3958 142
3959 143
3960 144
3961 109
3962 110
3963 111
3964 112
3965 113
3966 114
3967 115
3968 116
3969 117
3970 118
3971 119
3972 120
3973 121
3974 122
3975 123
3976 124
3977 125
3978 126
3979 127
3980 128
3981 129
3982 130
3983 131
3984 132
3985 133
3986 134
3987 135
3988 136
3989 137
3990 138
3991 139
3992 140
3993 141
3994 142
3995 143
3996 144
3997 145
3998 110
3999 111
4000 112
4001 113
4002 114
4003 115
4004 116
4005 117
4006 118
4007 119
4008 120
4009 121
4010 122
4011 123
4012 124
4013 125
4014 126
4015 127
4016 128
4017 129
4018 130
4019 131
4020 132
4021 133
4022 134
4023 135
4024 136
4025 137
4026 138
4027 139
4028 140
4029 141
4030 142
4031 143
4032 144
4033 145
4034 110
4035 111
4036 112
4037 113
4038 114
4039 115
4040 116
4041 117
4042 118
4043 119
4044 120
4045 121
4046 122
4047 123
4048 124
4049 125
4050 126
4051 127
4052 128
4053 129
4054 130
4055 131
4056 132
4057 133
4058 134
4059 135
4060 136
4061 137
4062 138
4063 139
4064 140
4065 141
4066 142
4067 143
4068 144
4069 145
4070 146
4071 111
4072 112
4073 113
4074 114
4075 115
4076 116
4077 117
4078 118
4079 119
4080 120
4081 121
4082 122
4083 123
4084 124
4085 125
4086 126
4087 127
4088 128
4089 129
4090 130
4091 131
4092 132
4093 133
4094 134
4095 135
4096 136
4097 137
4098 138
4099 139
4100 140
4101 141
4102 142
4103 143
4104 144
4105 145
4106 146
4107 147
4108 111
4109 112
4110 113
4111 114
4112 115
4113 116
4114 117
4115 118
4116 119
4117 120
4118 121
4119 122
4120 123
4121 124
4122 125
4123 126
4124 127
4125 128
4126 129
4127 130
4128 131
4129 132
4130 133
4131 134
4132 135
4133 136
4134 137
4135 138
4136 139
4137 140
4138 141
4139 142
4140 143
4141 144
4142 145
4143 146
4144 147
4145 112
4146 113
4147 114
4148 115
4149 116
4150 117
4151 118
4152 119
4153 120
4154 121
4155 122
4156 123
4157 124
4158 125
4159 126
4160 127
4161 128
4162 129
4163 130
4164 131
4165 132
4166 133
4167 134
4168 135
4169 136
4170 137
4171 138
4172 139
4173 140
4174 141
4175 142
4176 143
4177 144
4178 145
4179 146
4180 147
4181 148
4182 112
4183 113
4184 114
4185 115
4186 116
4187 117
4188 118
4189 119
4190 120
4191 121
4192 122
4193 123
4194 124
4195 125
4196 126
4197 127
4198 128
4199 129
4200 130
4201 131
4202 132
4203 133
4204 134
4205 135
4206 136
4207 137
4208 138
4209 139
4210 140
4211 141
4212 142
4213 143
4214 144
4215 145
4216 146
4217 147
4218 148
4219 149
4220 113
4221 114
4222 115
4223 116
4224 117
4225 118
4226 119
4227 120
4228 121
4229 122
4230 123
4231 124
4232 125
4233 126
4234 127
4235 128
4236 129
4237 130
4238 131
4239 132
4240 133
4241 134
4242 135
4243 136
4244 137
4245 138
4246 139
4247 140
4248 141
4249 142
4250 143
4251 144
4252 145
4253 146
4254 147
4255 148
4256 149
4257 113
4258 114
4259 115
4260 116
4261 117
4262 118
4263 119
4264 120
4265 121
4266 122
4267 123
4268 124
4269 125
4270 126
4271 127
4272 128
4273 129
4274 130
4275 131
4276 132
4277 133
4278 134
4279 135
4280 136
4281 137
4282 138
4283 139
4284 140
4285 141
4286 142
4287 143
4288 144
4289 145
4290 146
4291 147
4292 148
4293 149
4294 150
4295 114
4296 115
4297 116
4298 117
4299 118
4300 119
4301 120
4302 121
4303 122
4304 123
4305 124
4306 125
4307 126
4308 127
4309 128
4310 129
4311 130
4312 131
4313 132
4314 133
4315 134
4316 135
4317 136
4318 137
4319 138
4320 139
4321 140
4322 141
4323 142
4324 143
4325 144
4326 145
4327 146
4328 147
4329 148
4330 149
4331 150
4332 151
4333 114
4334 115
4335 116
4336 117
4337 118
4338 119
4339 120
4340 121
4341 122
4342 123
4343 124
4344 125
4345 126
4346 127
4347 128
4348 129
4349 130
4350 131
4351 132
4352 133
4353 134
4354 135
4355 136
4356 137
4357 138
4358 139
4359 140
4360 141
4361 142
4362 143
4363 144
4364 145
4365 146
4366 147
4367 148
4368 149
4369 150
4370 151
4371 115
4372 116
4373 117
4374 118
4375 119
4376 120
4377 121
4378 122
4379 123
4380 124
4381 125
4382 126
4383 127
4384 128
4385 129
4386 130
4387 131
4388 132
4389 133
4390 134
4391 135
4392 136
4393 137
4394 138
4395 139
4396 140
4397 141
4398 142
4399 143
4400 144
4401 145
4402 146
4403 147
4404 148
4405 149
4406 150
4407 151
4408 152
4409 115
4410 116
4411 117
4412 118
4413 119
4414 120
4415 121
4416 122
4417 123
4418 124
4419 125
4420 126
4421 127
4422 128
4423 129
4424 130
4425 131
4426 132
4427 133
4428 134
4429 135
4430 136
4431 137
4432 138
4433 139
4434 140
4435 141
4436 142
4437 143
4438 144
4439 145
4440 146
4441 147
4442 148
4443 149
4444 150
4445 151
4446 152
4447 153
4448 116
4449 117
4450 118
4451 119
4452 120
4453 121
4454 122
4455 123
4456 124
4457 125
4458 126
4459 127
4460 128
4461 129
4462 130
4463 131
4464 132
4465 133
4466 134
4467 135
4468 136
4469 137
4470 138
4471 139
4472 140
4473 141
4474 142
4475 143
4476 144
4477 145
4478 146
4479 147
4480 148
4481 149
4482 150
4483 151
4484 152
4485 153
4486 116
4487 117
4488 118
4489 119
4490 120
4491 121
4492 122
4493 123
4494 124
4495 125
4496 126
4497 127
4498 128
4499 129
4500 130
4501 131
4502 132
4503 133
4504 134
4505 135
4506 136
4507 137
4508 138
4509 139
4510 140
4511 141
4512 142
4513 143
4514 144
4515 145
4516 146
4517 147
4518 148
4519 149
4520 150
4521 151
4522 152
4523 153
4524 154
4525 117
4526 118
4527 119
4528 120
4529 121
4530 122
4531 123
4532 124
4533 125
4534 126
4535 127
4536 128
4537 129
4538 130
4539 131
4540 132
4541 133
4542 134
4543 135
4544 136
4545 137
4546 138
4547 139
4548 140
4549 141
4550 142
4551 143
4552 144
4553 145
4554 146
4555 147
4556 148
4557 149
4558 150
4559 151
4560 152
4561 153
4562 154
4563 155
4564 117
4565 118
4566 119
4567 120
4568 121
4569 122
4570 123
4571 124
4572 125
4573 126
4574 127
4575 128
4576 129
4577 130
4578 131
4579 132
4580 133
4581 134
4582 135
4583 136
4584 137
4585 138
4586 139
4587 140
4588 141
4589 142
4590 143
4591 144
4592 145
4593 146
4594 147
4595 148
4596 149
4597 150
4598 151
4599 152
4600 153
4601 154
4602 155
4603 118
4604 119
4605 120
4606 121
4607 122
4608 123
4609 124
4610 125
4611 126
4612 127
4613 128
4614 129
4615 130
4616 131
4617 132
4618 133
4619 134
4620 135
4621 136
4622 137
4623 138
4624 139
4625 140
4626 141
4627 142
4628 143
4629 144
4630 145
4631 146
4632 147
4633 148
4634 149
4635 150
4636 151
4637 152
4638 153
4639 154
4640 155
4641 156
4642 118
4643 119
4644 120
4645 121
4646 122
4647 123
4648 124
4649 125
4650 126
4651 127
4652 128
4653 129
4654 130
4655 131
4656 132
4657 133
4658 134
4659 135
4660 136
4661 137
4662 138
4663 139
4664 140
4665 141
4666 142
4667 143
4668 144
4669 145
4670 146
4671 147
4672 148
4673 149
4674 150
4675 151
4676 152
4677 153
4678 154
4679 155
4680 156
4681 157
4682 119
4683 120
4684 121
4685 122
4686 123
4687 124
4688 125
4689 126
4690 127
4691 128
4692 129
4693 130
4694 131
4695 132
4696 133
4697 134
4698 135
4699 136
4700 137
4701 138
4702 139
4703 140
4704 141
4705 142
4706 143
4707 144
4708 145
4709 146
4710 147
4711 148
4712 149
4713 150
4714 151
4715 152
4716 153
4717 154
4718 155
4719 156
4720 157
4721 119
4722 120
4723 121
4724 122
4725 123
4726 124
4727 125
4728 126
4729 127
4730 128
4731 129
4732 130
4733 131
4734 132
4735 133
4736 134
4737 135
4738 136
4739 137
4740 138
4741 139
4742 140
4743 141
4744 142
4745 143
4746 144
4747 145
4748 146
4749 147
4750 148
4751 149
4752 150
4753 151
4754 152
4755 153
4756 154
4757 155
4758 156
4759 157
4760 158
4761 120
4762 121
4763 122
4764 123
4765 124
4766 125
4767 126
4768 127
4769 128
4770 129
4771 130
4772 131
4773 132
4774 133
4775 134
4776 135
4777 136
4778 137
4779 138
4780 139
4781 140
4782 141
4783 142
4784 143
4785 144
4786 145
4787 146
4788 147
4789 148
4790 149
4791 150
4792 151
4793 152
4794 153
4795 154
4796 155
4797 156
4798 157
4799 158
4800 159
4801 120
4802 121
4803 122
4804 123
4805 124
4806 125
4807 126
4808 127
4809 128
4810 129
4811 130
4812 131
4813 132
4814 133
4815 134
4816 135
4817 136
4818 137
4819 138
4820 139
4821 140
4822 141
4823 142
4824 143
4825 144
4826 145
4827 146
4828 147
4829 148
4830 149
4831 150
4832 151
4833 152
4834 153
4835 154
4836 155
4837 156
4838 157
4839 158
4840 159
4841 121
4842 122
4843 123
4844 124
4845 125
4846 126
4847 127
4848 128
4849 129
4850 130
4851 131
4852 132
4853 133
4854 134
4855 135
4856 136
4857 137
4858 138
4859 139
4860 140
4861 141
4862 142
4863 143
4864 144
4865 145
4866 146
4867 147
4868 148
4869 149
4870 150
4871 151
4872 152
4873 153
4874 154
4875 155
4876 156
4877 157
4878 158
4879 159
4880 160
4881 121
4882 122
4883 123
4884 124
4885 125
4886 126
4887 127
4888 128
4889 129
4890 130
4891 131
4892 132
4893 133
4894 134
4895 135
4896 136
4897 137
4898 138
4899 139
4900 140
4901 141
4902 142
4903 143
4904 144
4905 145
4906 146
4907 147
4908 148
4909 149
4910 150
4911 151
4912 152
4913 153
4914 154
4915 155
4916 156
4917 157
4918 158
4919 159
4920 160
4921 161
4922 122
4923 123
4924 124
4925 125
4926 126
4927 127
4928 128
4929 129
4930 130
4931 131
4932 132
4933 133
4934 134
4935 135
4936 136
4937 137
4938 138
4939 139
4940 140
4941 141
4942 142
4943 143
4944 144
4945 145
4946 146
4947 147
4948 148
4949 149
4950 150
4951 151
4952 152
4953 153
4954 154
4955 155
4956 156
4957 157
4958 158
4959 159
4960 160
4961 161
4962 122
4963 123
4964 124
4965 125
4966 126
4967 127
4968 128
4969 129
4970 130
4971 131
4972 132
4973 133
4974 134
4975 135
4976 136
4977 137
4978 138
4979 139
4980 140
4981 141
4982 142
4983 143
4984 144
4985 145
4986 146
4987 147
4988 148
4989 149
4990 150
4991 151
4992 152
4993 153
4994 154
4995 155
4996 156
4997 157
4998 158
4999 159
5000 160
