1 1
2 2
3 3
4 3
5 5
6 6
7 4
8 7
9 9
10 10
11 5
12 9
13 12
14 14
15 15
16 6
17 11
18 15
19 17
20 19
21 20
22 7
23 13
24 18
25 21
26 24
27 26
28 27
29 8
30 15
31 21
32 25
33 29
34 31
35 33
36 34
37 9
38 17
39 24
40 29
41 33
42 36
43 39
44 41
45 42
46 10
47 19
48 27
49 33
50 38
51 42
52 45
53 48
54 50
55 51
56 11
57 21
58 30
59 37
60 43
61 48
62 51
63 55
64 58
65 60
66 61
67 12
68 23
69 33
70 41
71 48
72 53
73 57
74 61
75 65
76 68
77 70
78 71
79 13
80 25
81 36
82 45
83 53
84 59
85 64
86 69
87 73
88 77
89 80
90 82
91 83
92 14
93 27
94 39
95 49
96 58
97 64
98 70
99 75
100 79
101 84
102 88
103 91
104 93
105 94
106 15
107 29
108 42
109 53
110 63
111 70
112 76
113 82
114 87
115 93
116 96
117 100
118 103
119 105
120 106
121 16
122 31
123 45
124 57
125 68
126 76
127 83
128 90
129 96
130 101
131 105
132 110
133 114
134 117
135 119
136 120
137 17
138 33
139 48
140 61
141 73
142 82
143 90
144 98
145 104
146 110
147 115
148 120
149 125
150 129
151 132
152 134
153 135
154 18
155 35
156 51
157 65
158 78
159 88
160 97
161 105
162 111
163 118
164 123
165 128
166 134
167 138
168 142
169 145
170 147
171 148
172 19
173 37
174 54
175 69
176 83
177 94
178 103
179 112
180 119
181 127
182 133
183 139
184 145
185 150
186 155
187 159
188 162
189 164
190 165
191 20
192 39
193 57
194 73
195 88
196 100
197 110
198 120
199 128
200 136
201 143
202 148
203 155
204 159
205 165
206 170
207 174
208 177
209 179
210 180
211 21
212 41
213 60
214 77
215 93
216 106
217 117
218 128
219 136
220 145
221 153
222 159
223 166
224 171
225 178
226 183
227 188
228 192
229 195
230 197
231 198
232 22
233 43
234 63
235 81
236 98
237 112
238 124
239 136
240 145
241 154
242 163
243 169
244 176
245 182
246 190
247 195
248 201
249 206
250 210
251 213
252 215
253 216
254 23
255 45
256 66
257 85
258 103
259 118
260 131
261 144
262 154
263 164
264 173
265 180
266 188
267 194
268 201
269 207
270 214
271 220
272 225
273 229
274 232
275 234
276 235
277 24
278 47
279 69
280 89
281 108
282 124
283 138
284 151
285 162
286 172
287 182
288 190
289 199
290 204
291 212
292 219
293 226
294 231
295 237
296 242
297 246
298 249
299 251
300 252
301 25
302 49
303 72
304 93
305 113
306 130
307 145
308 159
309 171
310 182
311 193
312 202
313 211
314 217
315 226
316 233
317 239
318 245
319 252
320 258
321 263
322 267
323 270
324 272
325 273
326 26
327 51
328 75
329 97
330 118
331 136
332 152
333 166
334 179
335 191
336 202
337 211
338 221
339 228
340 237
341 245
342 252
343 258
344 266
345 273
346 279
347 284
348 288
349 291
350 293
351 294
352 27
353 53
354 78
355 101
356 123
357 142
358 159
359 174
360 188
361 201
362 211
363 221
364 232
365 240
366 249
367 258
368 265
369 272
370 280
371 287
372 294
373 300
374 305
375 309
376 312
377 314
378 315
379 28
380 55
381 81
382 105
383 128
384 148
385 166
386 182
387 197
388 211
389 222
390 233
391 245
392 253
393 263
394 271
395 279
396 286
397 294
398 302
399 310
400 316
401 322
402 327
403 331
404 334
405 336
406 337
407 29
408 57
409 84
410 109
411 133
412 154
413 173
414 190
415 205
416 220
417 232
418 244
419 256
420 265
421 276
422 285
423 293
424 300
425 309
426 318
427 325
428 332
429 339
430 345
431 350
432 354
433 357
434 359
435 360
436 30
437 59
438 87
439 113
440 138
441 160
442 180
443 198
444 214
445 230
446 243
447 254
448 267
449 276
450 288
451 298
452 306
453 314
454 324
455 332
456 339
457 346
458 354
459 361
460 367
461 372
462 376
463 379
464 381
465 382
466 31
467 61
468 90
469 117
470 143
471 166
472 187
473 206
474 223
475 240
476 254
477 266
478 280
479 290
480 302
481 312
482 321
483 330
484 338
485 347
486 355
487 363
488 372
489 380
490 387
491 393
492 398
493 402
494 405
495 407
496 408
497 32
498 63
499 93
500 121
501 148
502 172
503 194
504 214
505 232
506 250
507 265
508 277
509 292
510 302
511 315
512 326
513 336
514 344
515 353
516 362
517 370
518 378
519 388
520 396
521 404
522 410
523 416
524 421
525 425
526 428
527 430
528 431
529 33
530 65
531 96
532 125
533 153
534 178
535 201
536 222
537 240
538 259
539 275
540 288
541 303
542 314
543 328
544 340
545 350
546 358
547 368
548 377
549 386
550 395
551 405
552 413
553 422
554 429
555 436
556 442
557 447
558 451
559 454
560 456
561 457
562 34
563 67
564 99
565 129
566 158
567 184
568 208
569 230
570 249
571 268
572 285
573 299
574 315
575 327
576 342
577 354
578 365
579 373
580 383
581 392
582 402
583 411
584 422
585 430
586 440
587 448
588 456
589 463
590 469
591 474
592 478
593 481
594 483
595 484
596 35
597 69
598 102
599 133
600 163
601 190
602 215
603 238
604 258
605 278
606 296
607 311
608 328
609 341
610 355
611 368
612 379
613 388
614 398
615 408
616 418
617 428
618 437
619 445
620 456
621 465
622 472
623 480
624 487
625 493
626 498
627 502
628 505
629 507
630 508
631 36
632 71
633 105
634 137
635 168
636 196
637 222
638 246
639 267
640 288
641 307
642 323
643 341
644 354
645 369
646 383
647 395
648 404
649 415
650 424
651 434
652 444
653 454
654 463
655 475
656 484
657 492
658 501
659 508
660 515
661 521
662 526
663 530
664 533
665 535
666 536
667 37
668 73
669 108
670 141
671 173
672 202
673 229
674 254
675 276
676 298
677 318
678 335
679 353
680 367
681 383
682 398
683 410
684 420
685 432
686 442
687 453
688 463
689 474
690 484
691 494
692 504
693 513
694 523
695 531
696 539
697 546
698 552
699 557
700 561
701 564
702 566
703 567
704 38
705 75
706 111
707 145
708 178
709 208
710 236
711 262
712 285
713 308
714 329
715 347
716 365
717 379
718 396
719 411
720 424
721 434
722 447
723 457
724 468
725 479
726 491
727 500
728 511
729 522
730 531
731 541
732 550
733 559
734 567
735 574
736 580
737 585
738 589
739 592
740 594
741 595
742 39
743 77
744 114
745 149
746 183
747 214
748 243
749 270
750 294
751 318
752 339
753 358
754 377
755 392
756 409
757 425
758 439
759 449
760 462
761 473
762 485
763 497
764 508
765 518
766 530
767 541
768 549
769 559
770 569
771 579
772 588
773 596
774 603
775 609
776 614
777 618
778 621
779 623
780 624
781 40
782 79
783 117
784 153
785 188
786 220
787 250
788 278
789 303
790 327
791 349
792 369
793 389
794 405
795 423
796 439
797 454
798 464
799 478
800 490
801 503
802 514
803 526
804 537
805 548
806 559
807 568
808 577
809 588
810 599
811 609
812 617
813 625
814 632
815 638
816 643
817 647
818 650
819 652
820 653
821 41
822 81
823 120
824 157
825 193
826 226
827 257
828 286
829 312
830 337
831 360
832 381
833 402
834 419
835 438
836 455
837 469
838 480
839 495
840 508
841 521
842 533
843 546
844 557
845 568
846 579
847 589
848 599
849 611
850 623
851 633
852 642
853 651
854 659
855 666
856 672
857 677
858 681
859 684
860 686
861 687
862 42
863 83
864 123
865 161
866 198
867 232
868 264
869 294
870 321
871 346
872 370
873 392
874 414
875 431
876 450
877 467
878 482
879 494
880 510
881 523
882 537
883 550
884 563
885 574
886 586
887 596
888 607
889 618
890 630
891 640
892 651
893 660
894 670
895 679
896 687
897 694
898 700
899 705
900 709
901 712
902 714
903 715
904 43
905 85
906 126
907 165
908 203
909 238
910 271
911 302
912 330
913 356
914 381
915 404
916 427
917 445
918 465
919 483
920 499
921 512
922 527
923 541
924 556
925 569
926 582
927 594
928 606
929 617
930 628
931 640
932 653
933 664
934 673
935 683
936 694
937 704
938 713
939 721
940 728
941 734
942 739
943 743
944 746
945 748
946 749
947 44
948 87
949 129
950 169
951 208
952 244
953 278
954 310
955 339
956 366
957 392
958 415
959 439
960 457
961 478
962 497
963 514
964 527
965 543
966 558
967 574
968 588
969 601
970 612
971 625
972 637
973 648
974 660
975 674
976 684
977 694
978 705
979 716
980 727
981 736
982 745
983 753
984 760
985 766
986 771
987 775
988 778
989 780
990 781
991 45
992 89
993 132
994 173
995 213
996 250
997 285
998 318
999 348
1000 376
1001 403
1002 427
1003 452
1004 471
1005 493
1006 513
1007 529
1008 543
1009 560
1010 575
1011 591
1012 606
1013 620
1014 632
1015 645
1016 657
1017 668
1018 681
1019 693
1020 704
1021 715
1022 725
1023 737
1024 749
1025 759
1026 769
1027 777
1028 785
1029 792
1030 798
1031 803
1032 807
1033 810
1034 812
1035 813
1036 46
1037 91
1038 135
1039 177
1040 218
1041 256
1042 292
1043 326
1044 357
1045 386
1046 414
1047 439
1048 465
1049 485
1050 508
1051 528
1052 545
1053 560
1054 578
1055 593
1056 610
1057 625
1058 640
1059 652
1060 665
1061 677
1062 689
1063 701
1064 714
1065 726
1066 738
1067 749
1068 762
1069 774
1070 785
1071 796
1072 805
1073 814
1074 822
1075 829
1076 835
1077 840
1078 844
1079 847
1080 849
1081 850
1082 47
1083 93
1084 138
1085 181
1086 223
1087 262
1088 299
1089 334
1090 366
1091 396
1092 424
1093 450
1094 477
1095 498
1096 521
1097 542
1098 560
1099 576
1100 594
1101 610
1102 628
1103 644
1104 659
1105 672
1106 686
1107 699
1108 709
1109 722
1110 736
1111 748
1112 761
1113 771
1114 784
1115 797
1116 807
1117 819
1118 829
1119 839
1120 848
1121 856
1122 863
1123 869
1124 874
1125 878
1126 881
1127 883
1128 884
1129 48
1130 95
1131 141
1132 185
1133 228
1134 268
1135 306
1136 342
1137 375
1138 406
1139 435
1140 462
1141 490
1142 512
1143 536
1144 558
1145 577
1146 592
1147 611
1148 627
1149 646
1150 662
1151 678
1152 690
1153 705
1154 718
1155 729
1156 743
1157 758
1158 771
1159 785
1160 795
1161 809
1162 820
1163 831
1164 844
1165 855
1166 864
1167 874
1168 883
1169 891
1170 898
1171 904
1172 909
1173 913
1174 916
1175 918
1176 919
1177 49
1178 97
1179 144
1180 189
1181 233
1182 274
1183 313
1184 350
1185 384
1186 416
1187 446
1188 474
1189 502
1190 525
1191 550
1192 573
1193 593
1194 609
1195 629
1196 646
1197 665
1198 682
1199 699
1200 712
1201 727
1202 741
1203 753
1204 766
1205 781
1206 795
1207 809
1208 820
1209 833
1210 844
1211 856
1212 870
1213 881
1214 891
1215 902
1216 912
1217 921
1218 929
1219 936
1220 942
1221 947
1222 951
1223 954
1224 956
1225 957
1226 50
1227 99
1228 147
1229 193
1230 238
1231 280
1232 320
1233 358
1234 393
1235 426
1236 457
1237 486
1238 515
1239 539
1240 564
1241 588
1242 608
1243 625
1244 646
1245 663
1246 683
1247 701
1248 719
1249 733
1250 749
1251 764
1252 776
1253 789
1254 805
1255 818
1256 833
1257 842
1258 855
1259 867
1260 880
1261 894
1262 905
1263 916
1264 928
1265 939
1266 949
1267 957
1268 965
1269 972
1270 978
1271 983
1272 987
1273 990
1274 992
1275 993
1276 51
1277 101
1278 150
1279 197
1280 243
1281 286
1282 327
1283 366
1284 402
1285 436
1286 467
1287 497
1288 527
1289 552
1290 577
1291 602
1292 623
1293 641
1294 662
1295 680
1296 700
1297 719
1298 736
1299 751
1300 768
1301 784
1302 796
1303 810
1304 826
1305 840
1306 855
1307 865
1308 879
1309 892
1310 905
1311 918
1312 930
1313 942
1314 954
1315 966
1316 977
1317 986
1318 995
1319 1003
1320 1010
1321 1016
1322 1021
1323 1025
1324 1028
1325 1030
1326 1031
1327 52
1328 103
1329 153
1330 201
1331 248
1332 292
1333 334
1334 374
1335 411
1336 446
1337 478
1338 509
1339 540
1340 566
1341 592
1342 617
1343 639
1344 658
1345 680
1346 698
1347 719
1348 737
1349 755
1350 771
1351 788
1352 805
1353 817
1354 831
1355 848
1356 862
1357 877
1358 888
1359 903
1360 915
1361 929
1362 943
1363 956
1364 968
1365 981
1366 993
1367 1004
1368 1014
1369 1024
1370 1033
1371 1041
1372 1048
1373 1054
1374 1059
1375 1063
1376 1066
1377 1068
1378 1069
1379 53
1380 105
1381 156
1382 205
1383 253
1384 298
1385 341
1386 382
1387 420
1388 456
1389 489
1390 521
1391 553
1392 580
1393 607
1394 633
1395 656
1396 676
1397 699
1398 718
1399 738
1400 757
1401 776
1402 793
1403 810
1404 827
1405 840
1406 855
1407 871
1408 885
1409 901
1410 913
1411 925
1412 938
1413 953
1414 967
1415 980
1416 993
1417 1006
1418 1019
1419 1031
1420 1042
1421 1053
1422 1063
1423 1072
1424 1080
1425 1087
1426 1093
1427 1098
1428 1102
1429 1105
1430 1107
1431 1108
1432 54
1433 107
1434 159
1435 209
1436 258
1437 304
1438 348
1439 390
1440 429
1441 466
1442 500
1443 532
1444 565
1445 592
1446 620
1447 647
1448 671
1449 691
1450 715
1451 734
1452 755
1453 775
1454 795
1455 812
1456 830
1457 847
1458 861
1459 876
1460 891
1461 906
1462 923
1463 934
1464 947
1465 961
1466 976
1467 989
1468 1003
1469 1013
1470 1026
1471 1040
1472 1053
1473 1065
1474 1077
1475 1087
1476 1097
1477 1106
1478 1114
1479 1121
1480 1127
1481 1132
1482 1136
1483 1139
1484 1141
1485 1142
1486 55
1487 109
1488 162
1489 213
1490 263
1491 310
1492 355
1493 398
1494 438
1495 476
1496 511
1497 544
1498 578
1499 606
1500 635
1501 663
1502 688
1503 709
1504 733
1505 753
1506 775
1507 795
1508 815
1509 833
1510 852
1511 870
1512 883
1513 899
1514 915
1515 931
1516 947
1517 959
1518 973
1519 987
1520 1001
1521 1015
1522 1029
1523 1040
1524 1053
1525 1068
1526 1082
1527 1094
1528 1106
1529 1117
1530 1128
1531 1137
1532 1146
1533 1154
1534 1161
1535 1167
1536 1172
1537 1176
1538 1179
1539 1181
1540 1182
1541 56
1542 111
1543 165
1544 217
1545 268
1546 316
1547 362
1548 406
1549 447
1550 486
1551 522
1552 556
1553 591
1554 620
1555 650
1556 678
1557 704
1558 726
1559 751
1560 772
1561 795
1562 815
1563 836
1564 854
1565 874
1566 891
1567 905
1568 922
1569 939
1570 954
1571 971
1572 984
1573 998
1574 1012
1575 1027
1576 1041
1577 1056
1578 1068
1579 1082
1580 1098
1581 1111
1582 1123
1583 1136
1584 1147
1585 1159
1586 1169
1587 1179
1588 1188
1589 1196
1590 1203
1591 1209
1592 1214
1593 1218
1594 1221
1595 1223
1596 1224
1597 57
1598 113
1599 168
1600 221
1601 273
1602 322
1603 369
1604 414
1605 456
1606 496
1607 533
1608 568
1609 604
1610 634
1611 665
1612 694
1613 720
1614 743
1615 769
1616 791
1617 814
1618 834
1619 856
1620 875
1621 895
1622 913
1623 928
1624 946
1625 963
1626 979
1627 997
1628 1010
1629 1024
1630 1039
1631 1054
1632 1068
1633 1084
1634 1096
1635 1111
1636 1127
1637 1139
1638 1152
1639 1166
1640 1178
1641 1191
1642 1202
1643 1213
1644 1223
1645 1232
1646 1240
1647 1247
1648 1253
1649 1258
1650 1262
1651 1265
1652 1267
1653 1268
1654 58
1655 115
1656 171
1657 225
1658 278
1659 328
1660 376
1661 422
1662 465
1663 506
1664 544
1665 580
1666 617
1667 648
1668 680
1669 709
1670 736
1671 760
1672 786
1673 809
1674 833
1675 854
1676 877
1677 896
1678 917
1679 936
1680 952
1681 969
1682 987
1683 1004
1684 1022
1685 1035
1686 1050
1687 1063
1688 1079
1689 1094
1690 1110
1691 1123
1692 1139
1693 1153
1694 1166
1695 1180
1696 1195
1697 1207
1698 1221
1699 1233
1700 1245
1701 1256
1702 1266
1703 1275
1704 1283
1705 1290
1706 1296
1707 1301
1708 1305
1709 1308
1710 1310
1711 1311
1712 59
1713 117
1714 174
1715 229
1716 283
1717 334
1718 383
1719 430
1720 474
1721 516
1722 555
1723 592
1724 630
1725 662
1726 694
1727 724
1728 752
1729 777
1730 804
1731 828
1732 853
1733 875
1734 897
1735 917
1736 939
1737 959
1738 974
1739 992
1740 1011
1741 1029
1742 1048
1743 1062
1744 1077
1745 1090
1746 1106
1747 1121
1748 1138
1749 1152
1750 1166
1751 1181
1752 1194
1753 1209
1754 1224
1755 1237
1756 1252
1757 1265
1758 1277
1759 1289
1760 1300
1761 1310
1762 1319
1763 1327
1764 1334
1765 1340
1766 1345
1767 1349
1768 1352
1769 1354
1770 1355
1771 60
1772 119
1773 177
1774 233
1775 288
1776 340
1777 390
1778 438
1779 483
1780 526
1781 566
1782 603
1783 642
1784 675
1785 708
1786 739
1787 768
1788 794
1789 822
1790 846
1791 872
1792 894
1793 917
1794 938
1795 961
1796 981
1797 997
1798 1016
1799 1036
1800 1054
1801 1074
1802 1086
1803 1101
1804 1114
1805 1130
1806 1146
1807 1164
1808 1178
1809 1193
1810 1208
1811 1222
1812 1235
1813 1251
1814 1265
1815 1281
1816 1295
1817 1307
1818 1320
1819 1332
1820 1342
1821 1352
1822 1361
1823 1369
1824 1376
1825 1382
1826 1387
1827 1391
1828 1394
1829 1396
1830 1397
1831 61
1832 121
1833 180
1834 237
1835 293
1836 346
1837 397
1838 446
1839 492
1840 536
1841 577
1842 615
1843 654
1844 688
1845 722
1846 754
1847 784
1848 811
1849 840
1850 865
1851 891
1852 914
1853 938
1854 960
1855 982
1856 1003
1857 1020
1858 1040
1859 1060
1860 1079
1861 1099
1862 1112
1863 1128
1864 1141
1865 1158
1866 1175
1867 1191
1868 1206
1869 1222
1870 1238
1871 1253
1872 1267
1873 1284
1874 1299
1875 1315
1876 1329
1877 1342
1878 1356
1879 1369
1880 1380
1881 1391
1882 1401
1883 1410
1884 1418
1885 1425
1886 1431
1887 1436
1888 1440
1889 1443
1890 1445
1891 1446
1892 62
1893 123
1894 183
1895 241
1896 298
1897 352
1898 404
1899 454
1900 501
1901 546
1902 588
1903 626
1904 666
1905 701
1906 736
1907 769
1908 799
1909 826
1910 856
1911 880
1912 907
1913 931
1914 956
1915 978
1916 1001
1917 1023
1918 1041
1919 1061
1920 1082
1921 1099
1922 1120
1923 1134
1924 1150
1925 1164
1926 1182
1927 1199
1928 1216
1929 1232
1930 1248
1931 1264
1932 1280
1933 1293
1934 1311
1935 1325
1936 1341
1937 1356
1938 1370
1939 1384
1940 1398
1941 1410
1942 1422
1943 1433
1944 1443
1945 1452
1946 1460
1947 1467
1948 1473
1949 1478
1950 1482
1951 1485
1952 1487
1953 1488
1954 63
1955 125
1956 186
1957 245
1958 303
1959 358
1960 411
1961 462
1962 510
1963 556
1964 599
1965 638
1966 679
1967 715
1968 751
1969 785
1970 816
1971 844
1972 875
1973 900
1974 928
1975 953
1976 976
1977 998
1978 1022
1979 1045
1980 1062
1981 1083
1982 1105
1983 1123
1984 1145
1985 1160
1986 1177
1987 1192
1988 1209
1989 1227
1990 1245
1991 1260
1992 1274
1993 1291
1994 1307
1995 1321
1996 1338
1997 1352
1998 1369
1999 1385
2000 1398
2001 1413
2002 1428
2003 1441
2004 1452
2005 1464
2006 1475
2007 1485
2008 1494
2009 1502
2010 1509
2011 1515
2012 1520
2013 1524
2014 1527
2015 1529
2016 1530
2017 64
2018 127
2019 189
2020 249
2021 308
2022 364
2023 418
2024 470
2025 519
2026 566
2027 610
2028 650
2029 692
2030 729
2031 766
2032 800
2033 832
2034 861
2035 893
2036 919
2037 948
2038 974
2039 998
2040 1021
2041 1046
2042 1069
2043 1087
2044 1108
2045 1130
2046 1148
2047 1171
2048 1187
2049 1205
2050 1218
2051 1236
2052 1255
2053 1273
2054 1288
2055 1303
2056 1320
2057 1337
2058 1350
2059 1366
2060 1381
2061 1399
2062 1415
2063 1429
2064 1444
2065 1460
2066 1473
2067 1485
2068 1498
2069 1510
2070 1521
2071 1531
2072 1540
2073 1548
2074 1555
2075 1561
2076 1566
2077 1570
2078 1573
2079 1575
2080 1576
2081 65
2082 129
2083 192
2084 253
2085 313
2086 370
2087 425
2088 478
2089 528
2090 576
2091 621
2092 662
2093 705
2094 743
2095 781
2096 816
2097 848
2098 878
2099 911
2100 938
2101 967
2102 994
2103 1019
2104 1043
2105 1068
2106 1092
2107 1111
2108 1133
2109 1155
2110 1174
2111 1198
2112 1214
2113 1232
2114 1246
2115 1264
2116 1283
2117 1300
2118 1316
2119 1331
2120 1349
2121 1365
2122 1378
2123 1395
2124 1411
2125 1426
2126 1443
2127 1457
2128 1473
2129 1490
2130 1504
2131 1517
2132 1531
2133 1544
2134 1555
2135 1566
2136 1576
2137 1585
2138 1593
2139 1600
2140 1606
2141 1611
2142 1615
2143 1618
2144 1620
2145 1621
2146 66
2147 131
2148 195
2149 257
2150 318
2151 376
2152 432
2153 486
2154 537
2155 586
2156 632
2157 674
2158 718
2159 757
2160 796
2161 832
2162 864
2163 895
2164 929
2165 957
2166 986
2167 1014
2168 1040
2169 1063
2170 1089
2171 1113
2172 1133
2173 1155
2174 1178
2175 1198
2176 1223
2177 1239
2178 1258
2179 1273
2180 1291
2181 1311
2182 1329
2183 1344
2184 1360
2185 1379
2186 1396
2187 1410
2188 1428
2189 1445
2190 1461
2191 1477
2192 1492
2193 1508
2194 1526
2195 1540
2196 1554
2197 1569
2198 1583
2199 1595
2200 1607
2201 1617
2202 1627
2203 1636
2204 1644
2205 1651
2206 1657
2207 1662
2208 1666
2209 1669
2210 1671
2211 1672
2212 67
2213 133
2214 198
2215 261
2216 323
2217 382
2218 439
2219 494
2220 546
2221 596
2222 643
2223 686
2224 731
2225 771
2226 811
2227 848
2228 881
2229 913
2230 947
2231 976
2232 1006
2233 1035
2234 1062
2235 1086
2236 1113
2237 1138
2238 1158
2239 1181
2240 1205
2241 1226
2242 1250
2243 1267
2244 1287
2245 1303
2246 1320
2247 1341
2248 1359
2249 1375
2250 1391
2251 1409
2252 1427
2253 1442
2254 1459
2255 1477
2256 1494
2257 1510
2258 1524
2259 1541
2260 1560
2261 1574
2262 1589
2263 1605
2264 1620
2265 1632
2266 1645
2267 1656
2268 1667
2269 1677
2270 1686
2271 1694
2272 1701
2273 1707
2274 1712
2275 1716
2276 1719
2277 1721
2278 1722
2279 68
2280 135
2281 201
2282 265
2283 328
2284 388
2285 446
2286 502
2287 555
2288 606
2289 654
2290 698
2291 744
2292 784
2293 825
2294 863
2295 897
2296 929
2297 964
2298 994
2299 1025
2300 1055
2301 1083
2302 1107
2303 1135
2304 1160
2305 1181
2306 1205
2307 1229
2308 1250
2309 1275
2310 1292
2311 1312
2312 1328
2313 1346
2314 1366
2315 1385
2316 1402
2317 1418
2318 1437
2319 1456
2320 1471
2321 1489
2322 1505
2323 1523
2324 1539
2325 1554
2326 1570
2327 1589
2328 1604
2329 1620
2330 1637
2331 1651
2332 1664
2333 1678
2334 1690
2335 1702
2336 1713
2337 1723
2338 1732
2339 1740
2340 1747
2341 1753
2342 1758
2343 1762
2344 1765
2345 1767
2346 1768
2347 69
2348 137
2349 204
2350 269
2351 333
2352 394
2353 453
2354 510
2355 564
2356 616
2357 665
2358 710
2359 756
2360 797
2361 839
2362 878
2363 912
2364 945
2365 981
2366 1012
2367 1043
2368 1074
2369 1103
2370 1128
2371 1156
2372 1182
2373 1204
2374 1229
2375 1252
2376 1274
2377 1300
2378 1318
2379 1337
2380 1354
2381 1373
2382 1394
2383 1413
2384 1430
2385 1447
2386 1467
2387 1485
2388 1501
2389 1520
2390 1536
2391 1552
2392 1569
2393 1584
2394 1599
2395 1618
2396 1634
2397 1651
2398 1669
2399 1682
2400 1696
2401 1711
2402 1724
2403 1737
2404 1749
2405 1760
2406 1770
2407 1779
2408 1787
2409 1794
2410 1800
2411 1805
2412 1809
2413 1812
2414 1814
2415 1815
2416 70
2417 139
2418 207
2419 273
2420 338
2421 400
2422 460
2423 518
2424 573
2425 626
2426 676
2427 722
2428 769
2429 811
2430 854
2431 894
2432 929
2433 963
2434 1000
2435 1032
2436 1064
2437 1094
2438 1124
2439 1150
2440 1179
2441 1206
2442 1229
2443 1253
2444 1277
2445 1299
2446 1326
2447 1345
2448 1365
2449 1383
2450 1403
2451 1425
2452 1442
2453 1460
2454 1478
2455 1497
2456 1516
2457 1533
2458 1552
2459 1567
2460 1584
2461 1600
2462 1616
2463 1632
2464 1651
2465 1668
2466 1686
2467 1702
2468 1716
2469 1731
2470 1747
2471 1761
2472 1775
2473 1787
2474 1799
2475 1810
2476 1820
2477 1829
2478 1837
2479 1844
2480 1850
2481 1855
2482 1859
2483 1862
2484 1864
2485 1865
2486 71
2487 141
2488 210
2489 277
2490 343
2491 406
2492 467
2493 526
2494 582
2495 636
2496 687
2497 734
2498 782
2499 825
2500 869
2501 910
2502 946
2503 981
2504 1019
2505 1052
2506 1085
2507 1116
2508 1147
2509 1174
2510 1204
2511 1231
2512 1253
2513 1278
2514 1303
2515 1326
2516 1353
2517 1373
2518 1394
2519 1413
2520 1433
2521 1455
2522 1473
2523 1492
2524 1508
2525 1528
2526 1547
2527 1564
2528 1582
2529 1598
2530 1616
2531 1633
2532 1650
2533 1667
2534 1687
2535 1705
2536 1723
2537 1740
2538 1755
2539 1771
2540 1788
2541 1803
2542 1817
2543 1830
2544 1843
2545 1855
2546 1866
2547 1876
2548 1885
2549 1893
2550 1900
2551 1906
2552 1911
2553 1915
2554 1918
2555 1920
2556 1921
2557 72
2558 143
2559 213
2560 281
2561 348
2562 412
2563 474
2564 534
2565 591
2566 646
2567 698
2568 746
2569 795
2570 839
2571 884
2572 926
2573 963
2574 998
2575 1037
2576 1070
2577 1104
2578 1136
2579 1168
2580 1196
2581 1227
2582 1254
2583 1277
2584 1303
2585 1329
2586 1351
2587 1379
2588 1399
2589 1421
2590 1440
2591 1461
2592 1484
2593 1503
2594 1521
2595 1538
2596 1557
2597 1576
2598 1591
2599 1610
2600 1626
2601 1645
2602 1663
2603 1680
2604 1698
2605 1719
2606 1734
2607 1753
2608 1771
2609 1787
2610 1804
2611 1821
2612 1836
2613 1851
2614 1864
2615 1878
2616 1891
2617 1903
2618 1913
2619 1923
2620 1932
2621 1940
2622 1947
2623 1953
2624 1958
2625 1962
2626 1965
2627 1967
2628 1968
2629 73
2630 145
2631 216
2632 285
2633 353
2634 418
2635 481
2636 542
2637 600
2638 656
2639 709
2640 758
2641 807
2642 852
2643 898
2644 941
2645 979
2646 1015
2647 1055
2648 1089
2649 1124
2650 1157
2651 1190
2652 1219
2653 1250
2654 1278
2655 1302
2656 1328
2657 1354
2658 1377
2659 1406
2660 1427
2661 1449
2662 1468
2663 1490
2664 1514
2665 1533
2666 1552
2667 1570
2668 1589
2669 1609
2670 1625
2671 1644
2672 1661
2673 1681
2674 1699
2675 1717
2676 1735
2677 1752
2678 1768
2679 1788
2680 1806
2681 1823
2682 1840
2683 1858
2684 1874
2685 1890
2686 1904
2687 1919
2688 1933
2689 1946
2690 1957
2691 1968
2692 1978
2693 1987
2694 1995
2695 2002
2696 2008
2697 2013
2698 2017
2699 2020
2700 2022
2701 2023
2702 74
2703 147
2704 219
2705 289
2706 358
2707 424
2708 488
2709 550
2710 609
2711 666
2712 720
2713 770
2714 820
2715 866
2716 913
2717 957
2718 996
2719 1031
2720 1071
2721 1106
2722 1142
2723 1176
2724 1209
2725 1238
2726 1270
2727 1299
2728 1324
2729 1350
2730 1377
2731 1401
2732 1431
2733 1451
2734 1474
2735 1494
2736 1517
2737 1542
2738 1562
2739 1580
2740 1598
2741 1618
2742 1639
2743 1655
2744 1675
2745 1693
2746 1713
2747 1732
2748 1751
2749 1767
2750 1784
2751 1801
2752 1822
2753 1840
2754 1856
2755 1871
2756 1890
2757 1906
2758 1923
2759 1937
2760 1953
2761 1968
2762 1982
2763 1994
2764 2006
2765 2017
2766 2027
2767 2036
2768 2044
2769 2051
2770 2057
2771 2062
2772 2066
2773 2069
2774 2071
2775 2072
2776 75
2777 149
2778 222
2779 293
2780 363
2781 430
2782 495
2783 558
2784 618
2785 676
2786 731
2787 782
2788 833
2789 880
2790 927
2791 972
2792 1012
2793 1048
2794 1089
2795 1125
2796 1162
2797 1197
2798 1231
2799 1261
2800 1293
2801 1323
2802 1347
2803 1374
2804 1402
2805 1427
2806 1457
2807 1478
2808 1502
2809 1523
2810 1544
2811 1570
2812 1591
2813 1610
2814 1627
2815 1648
2816 1669
2817 1686
2818 1706
2819 1725
2820 1746
2821 1766
2822 1781
2823 1797
2824 1815
2825 1832
2826 1854
2827 1872
2828 1888
2829 1904
2830 1923
2831 1940
2832 1958
2833 1973
2834 1989
2835 2004
2836 2019
2837 2031
2838 2044
2839 2056
2840 2067
2841 2077
2842 2086
2843 2094
2844 2101
2845 2107
2846 2112
2847 2116
2848 2119
2849 2121
2850 2122
2851 76
2852 151
2853 225
2854 297
2855 368
2856 436
2857 502
2858 566
2859 627
2860 686
2861 742
2862 794
2863 846
2864 894
2865 942
2866 988
2867 1029
2868 1066
2869 1108
2870 1145
2871 1183
2872 1218
2873 1253
2874 1284
2875 1317
2876 1348
2877 1373
2878 1400
2879 1429
2880 1454
2881 1484
2882 1506
2883 1531
2884 1552
2885 1574
2886 1599
2887 1621
2888 1640
2889 1658
2890 1678
2891 1700
2892 1717
2893 1737
2894 1757
2895 1779
2896 1798
2897 1814
2898 1831
2899 1850
2900 1868
2901 1891
2902 1907
2903 1924
2904 1941
2905 1961
2906 1978
2907 1997
2908 2012
2909 2028
2910 2044
2911 2060
2912 2073
2913 2087
2914 2100
2915 2112
2916 2123
2917 2133
2918 2142
2919 2150
2920 2157
2921 2163
2922 2168
2923 2172
2924 2175
2925 2177
2926 2178
2927 77
2928 153
2929 228
2930 301
2931 373
2932 442
2933 509
2934 574
2935 636
2936 696
2937 753
2938 806
2939 859
2940 908
2941 957
2942 1004
2943 1046
2944 1084
2945 1127
2946 1165
2947 1203
2948 1239
2949 1275
2950 1307
2951 1341
2952 1373
2953 1399
2954 1427
2955 1455
2956 1481
2957 1512
2958 1535
2959 1559
2960 1581
2961 1603
2962 1629
2963 1651
2964 1671
2965 1690
2966 1711
2967 1734
2968 1749
2969 1770
2970 1790
2971 1811
2972 1831
2973 1848
2974 1866
2975 1886
2976 1904
2977 1927
2978 1944
2979 1960
2980 1978
2981 1998
2982 2016
2983 2033
2984 2049
2985 2066
2986 2083
2987 2100
2988 2114
2989 2129
2990 2143
2991 2155
2992 2167
2993 2178
2994 2188
2995 2197
2996 2205
2997 2212
2998 2218
2999 2223
3000 2227
3001 2230
3002 2232
3003 2233
3004 78
3005 155
3006 231
3007 305
3008 378
3009 448
3010 516
3011 582
3012 645
3013 706
3014 764
3015 818
3016 872
3017 921
3018 971
3019 1019
3020 1062
3021 1101
3022 1145
3023 1184
3024 1223
3025 1260
3026 1297
3027 1329
3028 1364
3029 1396
3030 1423
3031 1451
3032 1480
3033 1507
3034 1539
3035 1562
3036 1587
3037 1610
3038 1633
3039 1658
3040 1681
3041 1701
3042 1720
3043 1741
3044 1764
3045 1780
3046 1801
3047 1821
3048 1843
3049 1864
3050 1881
3051 1899
3052 1920
3053 1938
3054 1962
3055 1979
3056 1995
3057 2012
3058 2033
3059 2051
3060 2069
3061 2086
3062 2103
3063 2120
3064 2138
3065 2153
3066 2169
3067 2184
3068 2197
3069 2210
3070 2221
3071 2232
3072 2242
3073 2251
3074 2259
3075 2266
3076 2272
3077 2277
3078 2281
3079 2284
3080 2286
3081 2287
3082 79
3083 157
3084 234
3085 309
3086 383
3087 454
3088 523
3089 590
3090 654
3091 716
3092 775
3093 830
3094 885
3095 935
3096 986
3097 1035
3098 1079
3099 1119
3100 1162
3101 1202
3102 1242
3103 1280
3104 1317
3105 1350
3106 1386
3107 1419
3108 1447
3109 1475
3110 1505
3111 1533
3112 1564
3113 1588
3114 1614
3115 1638
3116 1661
3117 1687
3118 1711
3119 1732
3120 1752
3121 1774
3122 1798
3123 1815
3124 1835
3125 1856
3126 1879
3127 1900
3128 1917
3129 1936
3130 1956
3131 1975
3132 1999
3133 2016
3134 2033
3135 2051
3136 2070
3137 2089
3138 2108
3139 2124
3140 2142
3141 2160
3142 2179
3143 2195
3144 2211
3145 2227
3146 2241
3147 2255
3148 2267
3149 2279
3150 2290
3151 2300
3152 2309
3153 2317
3154 2324
3155 2330
3156 2335
3157 2339
3158 2342
3159 2344
3160 2345
3161 80
3162 159
3163 237
3164 313
3165 388
3166 460
3167 530
3168 598
3169 663
3170 726
3171 786
3172 842
3173 898
3174 949
3175 1001
3176 1051
3177 1096
3178 1137
3179 1181
3180 1221
3181 1262
3182 1301
3183 1339
3184 1372
3185 1409
3186 1442
3187 1471
3188 1500
3189 1531
3190 1558
3191 1590
3192 1614
3193 1641
3194 1665
3195 1689
3196 1715
3197 1740
3198 1761
3199 1782
3200 1805
3201 1829
3202 1846
3203 1867
3204 1889
3205 1912
3206 1934
3207 1951
3208 1969
3209 1990
3210 2006
3211 2030
3212 2047
3213 2065
3214 2083
3215 2102
3216 2122
3217 2141
3218 2158
3219 2177
3220 2195
3221 2215
3222 2231
3223 2248
3224 2265
3225 2280
3226 2293
3227 2306
3228 2319
3229 2331
3230 2342
3231 2352
3232 2361
3233 2369
3234 2376
3235 2382
3236 2387
3237 2391
3238 2394
3239 2396
3240 2397
3241 81
3242 161
3243 240
3244 317
3245 393
3246 466
3247 537
3248 606
3249 672
3250 736
3251 797
3252 854
3253 911
3254 963
3255 1016
3256 1067
3257 1113
3258 1155
3259 1200
3260 1241
3261 1283
3262 1323
3263 1362
3264 1396
3265 1434
3266 1467
3267 1497
3268 1527
3269 1557
3270 1585
3271 1618
3272 1643
3273 1669
3274 1694
3275 1719
3276 1746
3277 1771
3278 1793
3279 1815
3280 1839
3281 1862
3282 1880
3283 1902
3284 1924
3285 1947
3286 1970
3287 1987
3288 2006
3289 2027
3290 2044
3291 2068
3292 2086
3293 2105
3294 2124
3295 2144
3296 2164
3297 2183
3298 2201
3299 2221
3300 2240
3301 2260
3302 2277
3303 2295
3304 2313
3305 2328
3306 2342
3307 2356
3308 2370
3309 2383
3310 2395
3311 2406
3312 2416
3313 2425
3314 2433
3315 2440
3316 2446
3317 2451
3318 2455
3319 2458
3320 2460
3321 2461
3322 82
3323 163
3324 243
3325 321
3326 398
3327 472
3328 544
3329 614
3330 681
3331 746
3332 808
3333 866
3334 924
3335 977
3336 1031
3337 1082
3338 1129
3339 1172
3340 1217
3341 1259
3342 1302
3343 1342
3344 1382
3345 1417
3346 1455
3347 1489
3348 1520
3349 1551
3350 1582
3351 1611
3352 1645
3353 1669
3354 1696
3355 1722
3356 1748
3357 1775
3358 1801
3359 1824
3360 1847
3361 1870
3362 1894
3363 1913
3364 1935
3365 1957
3366 1981
3367 2003
3368 2021
3369 2041
3370 2062
3371 2078
3372 2103
3373 2119
3374 2139
3375 2159
3376 2179
3377 2199
3378 2219
3379 2237
3380 2258
3381 2277
3382 2298
3383 2316
3384 2335
3385 2353
3386 2369
3387 2384
3388 2399
3389 2414
3390 2428
3391 2441
3392 2453
3393 2464
3394 2474
3395 2483
3396 2491
3397 2498
3398 2504
3399 2509
3400 2513
3401 2516
3402 2518
3403 2519
3404 83
3405 165
3406 246
3407 325
3408 403
3409 478
3410 551
3411 622
3412 690
3413 756
3414 819
3415 878
3416 937
3417 991
3418 1046
3419 1098
3420 1146
3421 1190
3422 1235
3423 1278
3424 1322
3425 1363
3426 1403
3427 1439
3428 1478
3429 1513
3430 1544
3431 1576
3432 1607
3433 1637
3434 1671
3435 1696
3436 1724
3437 1751
3438 1777
3439 1805
3440 1832
3441 1854
3442 1875
3443 1899
3444 1924
3445 1944
3446 1966
3447 1988
3448 2012
3449 2035
3450 2053
3451 2074
3452 2096
3453 2113
3454 2137
3455 2154
3456 2175
3457 2195
3458 2215
3459 2236
3460 2256
3461 2275
3462 2293
3463 2313
3464 2335
3465 2353
3466 2371
3467 2390
3468 2407
3469 2422
3470 2438
3471 2454
3472 2469
3473 2483
3474 2496
3475 2508
3476 2519
3477 2529
3478 2538
3479 2546
3480 2553
3481 2559
3482 2564
3483 2568
3484 2571
3485 2573
3486 2574
3487 84
3488 167
3489 249
3490 329
3491 408
3492 484
3493 558
3494 630
3495 699
3496 766
3497 830
3498 890
3499 950
3500 1004
3501 1060
3502 1113
3503 1162
3504 1207
3505 1253
3506 1296
3507 1341
3508 1383
3509 1424
3510 1461
3511 1501
3512 1537
3513 1569
3514 1601
3515 1633
3516 1662
3517 1697
3518 1722
3519 1750
3520 1777
3521 1804
3522 1833
3523 1861
3524 1883
3525 1904
3526 1929
3527 1955
3528 1975
3529 1998
3530 2018
3531 2043
3532 2067
3533 2085
3534 2106
3535 2129
3536 2146
3537 2170
3538 2188
3539 2209
3540 2227
3541 2248
3542 2269
3543 2290
3544 2309
3545 2328
3546 2349
3547 2372
3548 2390
3549 2408
3550 2428
3551 2445
3552 2461
3553 2478
3554 2494
3555 2510
3556 2525
3557 2539
3558 2551
3559 2563
3560 2574
3561 2584
3562 2593
3563 2601
3564 2608
3565 2614
3566 2619
3567 2623
3568 2626
3569 2628
3570 2629
3571 85
3572 169
3573 252
3574 333
3575 413
3576 490
3577 565
3578 638
3579 708
3580 776
3581 841
3582 902
3583 963
3584 1018
3585 1075
3586 1129
3587 1179
3588 1225
3589 1272
3590 1316
3591 1362
3592 1405
3593 1447
3594 1485
3595 1525
3596 1562
3597 1595
3598 1628
3599 1660
3600 1690
3601 1726
3602 1752
3603 1780
3604 1808
3605 1836
3606 1866
3607 1892
3608 1915
3609 1937
3610 1963
3611 1990
3612 2011
3613 2034
3614 2055
3615 2080
3616 2104
3617 2123
3618 2145
3619 2167
3620 2185
3621 2210
3622 2228
3623 2248
3624 2267
3625 2289
3626 2311
3627 2331
3628 2351
3629 2371
3630 2392
3631 2413
3632 2431
3633 2450
3634 2471
3635 2489
3636 2506
3637 2524
3638 2541
3639 2558
3640 2573
3641 2588
3642 2601
3643 2614
3644 2626
3645 2637
3646 2647
3647 2656
3648 2664
3649 2671
3650 2677
3651 2682
3652 2686
3653 2689
3654 2691
3655 2692
3656 86
3657 171
3658 255
3659 337
3660 418
3661 496
3662 572
3663 646
3664 717
3665 786
3666 852
3667 914
3668 976
3669 1031
3670 1089
3671 1144
3672 1195
3673 1242
3674 1290
3675 1334
3676 1380
3677 1424
3678 1467
3679 1506
3680 1547
3681 1584
3682 1618
3683 1652
3684 1685
3685 1715
3686 1752
3687 1778
3688 1807
3689 1836
3690 1865
3691 1895
3692 1922
3693 1946
3694 1969
3695 1995
3696 2023
3697 2044
3698 2068
3699 2088
3700 2113
3701 2136
3702 2156
3703 2178
3704 2201
3705 2220
3706 2244
3707 2263
3708 2284
3709 2303
3710 2326
3711 2348
3712 2369
3713 2390
3714 2410
3715 2431
3716 2452
3717 2471
3718 2491
3719 2513
3720 2532
3721 2550
3722 2569
3723 2586
3724 2604
3725 2620
3726 2636
3727 2650
3728 2664
3729 2677
3730 2689
3731 2700
3732 2710
3733 2719
3734 2727
3735 2734
3736 2740
3737 2745
3738 2749
3739 2752
3740 2754
3741 2755
3742 87
3743 173
3744 258
3745 341
3746 423
3747 502
3748 579
3749 654
3750 726
3751 796
3752 863
3753 926
3754 989
3755 1045
3756 1103
3757 1159
3758 1211
3759 1259
3760 1308
3761 1353
3762 1400
3763 1445
3764 1488
3765 1528
3766 1570
3767 1608
3768 1641
3769 1676
3770 1710
3771 1741
3772 1778
3773 1804
3774 1834
3775 1864
3776 1892
3777 1923
3778 1951
3779 1976
3780 2000
3781 2027
3782 2056
3783 2078
3784 2103
3785 2124
3786 2149
3787 2173
3788 2190
3789 2213
3790 2237
3791 2256
3792 2281
3793 2301
3794 2322
3795 2342
3796 2364
3797 2386
3798 2408
3799 2430
3800 2448
3801 2468
3802 2490
3803 2509
3804 2530
3805 2553
3806 2572
3807 2591
3808 2611
3809 2629
3810 2647
3811 2664
3812 2681
3813 2696
3814 2711
3815 2725
3816 2738
3817 2750
3818 2761
3819 2771
3820 2780
3821 2788
3822 2795
3823 2801
3824 2806
3825 2810
3826 2813
3827 2815
3828 2816
3829 88
3830 175
3831 261
3832 345
3833 428
3834 508
3835 586
3836 662
3837 735
3838 806
3839 874
3840 938
3841 1002
3842 1059
3843 1118
3844 1175
3845 1228
3846 1277
3847 1327
3848 1373
3849 1421
3850 1467
3851 1511
3852 1551
3853 1594
3854 1633
3855 1667
3856 1702
3857 1737
3858 1769
3859 1807
3860 1834
3861 1865
3862 1894
3863 1923
3864 1955
3865 1984
3866 2009
3867 2034
3868 2059
3869 2089
3870 2111
3871 2137
3872 2159
3873 2185
3874 2209
3875 2227
3876 2251
3877 2274
3878 2294
3879 2320
3880 2340
3881 2362
3882 2382
3883 2405
3884 2428
3885 2451
3886 2470
3887 2489
3888 2510
3889 2531
3890 2550
3891 2572
3892 2593
3893 2613
3894 2633
3895 2653
3896 2671
3897 2690
3898 2708
3899 2726
3900 2742
3901 2758
3902 2772
3903 2786
3904 2799
3905 2811
3906 2822
3907 2832
3908 2841
3909 2849
3910 2856
3911 2862
3912 2867
3913 2871
3914 2874
3915 2876
3916 2877
3917 89
3918 177
3919 264
3920 349
3921 433
3922 514
3923 593
3924 670
3925 744
3926 816
3927 885
3928 950
3929 1015
3930 1073
3931 1133
3932 1191
3933 1244
3934 1294
3935 1345
3936 1392
3937 1440
3938 1487
3939 1532
3940 1573
3941 1617
3942 1657
3943 1692
3944 1728
3945 1764
3946 1797
3947 1836
3948 1864
3949 1893
3950 1923
3951 1953
3952 1986
3953 2015
3954 2040
3955 2065
3956 2091
3957 2121
3958 2144
3959 2171
3960 2194
3961 2220
3962 2245
3963 2264
3964 2288
3965 2311
3966 2332
3967 2358
3968 2379
3969 2398
3970 2418
3971 2442
3972 2465
3973 2486
3974 2506
3975 2526
3976 2547
3977 2569
3978 2589
3979 2610
3980 2632
3981 2653
3982 2674
3983 2695
3984 2713
3985 2731
3986 2750
3987 2769
3988 2786
3989 2802
3990 2817
3991 2832
3992 2846
3993 2859
3994 2871
3995 2882
3996 2892
3997 2901
3998 2909
3999 2916
4000 2922
4001 2927
4002 2931
4003 2934
4004 2936
4005 2937
4006 90
4007 179
4008 267
4009 353
4010 438
4011 520
4012 600
4013 678
4014 753
4015 826
4016 896
4017 962
4018 1028
4019 1087
4020 1148
4021 1207
4022 1261
4023 1312
4024 1364
4025 1411
4026 1460
4027 1508
4028 1554
4029 1595
4030 1640
4031 1680
4032 1715
4033 1752
4034 1789
4035 1823
4036 1863
4037 1891
4038 1921
4039 1952
4040 1983
4041 2016
4042 2046
4043 2072
4044 2098
4045 2124
4046 2155
4047 2176
4048 2204
4049 2227
4050 2252
4051 2278
4052 2297
4053 2321
4054 2345
4055 2366
4056 2393
4057 2415
4058 2434
4059 2455
4060 2479
4061 2501
4062 2523
4063 2544
4064 2565
4065 2586
4066 2609
4067 2626
4068 2648
4069 2669
4070 2690
4071 2711
4072 2733
4073 2751
4074 2770
4075 2790
4076 2810
4077 2826
4078 2843
4079 2858
4080 2874
4081 2889
4082 2902
4083 2915
4084 2927
4085 2938
4086 2948
4087 2957
4088 2965
4089 2972
4090 2978
4091 2983
4092 2987
4093 2990
4094 2992
4095 2993
4096 91
4097 181
4098 270
4099 357
4100 443
4101 526
4102 607
4103 686
4104 762
4105 836
4106 907
4107 974
4108 1041
4109 1101
4110 1163
4111 1223
4112 1278
4113 1330
4114 1383
4115 1431
4116 1481
4117 1530
4118 1577
4119 1619
4120 1665
4121 1706
4122 1742
4123 1779
4124 1817
4125 1852
4126 1892
4127 1921
4128 1952
4129 1984
4130 2015
4131 2049
4132 2080
4133 2107
4134 2133
4135 2160
4136 2192
4137 2214
4138 2241
4139 2265
4140 2291
4141 2317
4142 2336
4143 2361
4144 2385
4145 2407
4146 2433
4147 2455
4148 2475
4149 2497
4150 2519
4151 2542
4152 2565
4153 2586
4154 2608
4155 2630
4156 2654
4157 2672
4158 2694
4159 2716
4160 2738
4161 2759
4162 2780
4163 2799
4164 2819
4165 2840
4166 2861
4167 2877
4168 2895
4169 2911
4170 2928
4171 2944
4172 2958
4173 2972
4174 2984
4175 2996
4176 3007
4177 3017
4178 3026
4179 3034
4180 3041
4181 3047
4182 3052
4183 3056
4184 3059
4185 3061
4186 3062
4187 92
4188 183
4189 273
4190 361
4191 448
4192 532
4193 614
4194 694
4195 771
4196 846
4197 918
4198 986
4199 1054
4200 1115
4201 1178
4202 1239
4203 1295
4204 1348
4205 1402
4206 1450
4207 1501
4208 1550
4209 1598
4210 1640
4211 1687
4212 1729
4213 1766
4214 1804
4215 1843
4216 1879
4217 1920
4218 1950
4219 1982
4220 2014
4221 2045
4222 2079
4223 2111
4224 2137
4225 2164
4226 2192
4227 2225
4228 2246
4229 2274
4230 2299
4231 2326
4232 2353
4233 2373
4234 2398
4235 2423
4236 2444
4237 2470
4238 2493
4239 2514
4240 2535
4241 2558
4242 2582
4243 2605
4244 2626
4245 2649
4246 2669
4247 2694
4248 2710
4249 2732
4250 2755
4251 2776
4252 2798
4253 2820
4254 2840
4255 2861
4256 2882
4257 2903
4258 2920
4259 2939
4260 2956
4261 2974
4262 2991
4263 3006
4264 3021
4265 3034
4266 3047
4267 3059
4268 3070
4269 3080
4270 3089
4271 3097
4272 3104
4273 3110
4274 3115
4275 3119
4276 3122
4277 3124
4278 3125
4279 93
4280 185
4281 276
4282 365
4283 453
4284 538
4285 621
4286 702
4287 780
4288 856
4289 929
4290 998
4291 1067
4292 1129
4293 1193
4294 1255
4295 1312
4296 1366
4297 1421
4298 1470
4299 1521
4300 1571
4301 1620
4302 1663
4303 1711
4304 1754
4305 1792
4306 1830
4307 1869
4308 1905
4309 1947
4310 1978
4311 2010
4312 2043
4313 2075
4314 2110
4315 2142
4316 2169
4317 2197
4318 2226
4319 2258
4320 2279
4321 2308
4322 2333
4323 2360
4324 2388
4325 2409
4326 2435
4327 2459
4328 2480
4329 2507
4330 2531
4331 2549
4332 2571
4333 2595
4334 2620
4335 2643
4336 2665
4337 2688
4338 2709
4339 2734
4340 2751
4341 2772
4342 2795
4343 2816
4344 2839
4345 2862
4346 2883
4347 2902
4348 2924
4349 2946
4350 2964
4351 2984
4352 3002
4353 3021
4354 3039
4355 3055
4356 3071
4357 3085
4358 3099
4359 3112
4360 3124
4361 3135
4362 3145
4363 3154
4364 3162
4365 3169
4366 3175
4367 3180
4368 3184
4369 3187
4370 3189
4371 3190
4372 94
4373 187
4374 279
4375 369
4376 458
4377 544
4378 628
4379 710
4380 789
4381 866
4382 940
4383 1010
4384 1080
4385 1143
4386 1208
4387 1271
4388 1329
4389 1384
4390 1440
4391 1490
4392 1542
4393 1592
4394 1642
4395 1686
4396 1735
4397 1779
4398 1818
4399 1855
4400 1895
4401 1932
4402 1975
4403 2007
4404 2040
4405 2073
4406 2106
4407 2141
4408 2174
4409 2201
4410 2230
4411 2259
4412 2292
4413 2314
4414 2343
4415 2369
4416 2397
4417 2425
4418 2447
4419 2473
4420 2497
4421 2519
4422 2547
4423 2569
4424 2588
4425 2611
4426 2634
4427 2660
4428 2684
4429 2705
4430 2729
4431 2749
4432 2774
4433 2792
4434 2814
4435 2836
4436 2858
4437 2882
4438 2906
4439 2927
4440 2946
4441 2968
4442 2991
4443 3010
4444 3031
4445 3050
4446 3070
4447 3088
4448 3105
4449 3121
4450 3136
4451 3151
4452 3165
4453 3178
4454 3190
4455 3201
4456 3211
4457 3220
4458 3228
4459 3235
4460 3241
4461 3246
4462 3250
4463 3253
4464 3255
4465 3256
4466 95
4467 189
4468 282
4469 373
4470 463
4471 550
4472 635
4473 718
4474 798
4475 876
4476 951
4477 1022
4478 1093
4479 1157
4480 1222
4481 1286
4482 1345
4483 1401
4484 1458
4485 1509
4486 1562
4487 1613
4488 1664
4489 1709
4490 1759
4491 1804
4492 1843
4493 1881
4494 1922
4495 1960
4496 2004
4497 2036
4498 2070
4499 2104
4500 2136
4501 2172
4502 2206
4503 2234
4504 2262
4505 2291
4506 2325
4507 2348
4508 2377
4509 2404
4510 2433
4511 2462
4512 2482
4513 2509
4514 2534
4515 2555
4516 2583
4517 2606
4518 2626
4519 2649
4520 2673
4521 2700
4522 2725
4523 2747
4524 2770
4525 2790
4526 2816
4527 2834
4528 2855
4529 2878
4530 2901
4531 2926
4532 2948
4533 2970
4534 2990
4535 3013
4536 3037
4537 3056
4538 3078
4539 3098
4540 3117
4541 3136
4542 3154
4543 3170
4544 3186
4545 3202
4546 3217
4547 3231
4548 3244
4549 3256
4550 3267
4551 3277
4552 3286
4553 3294
4554 3301
4555 3307
4556 3312
4557 3316
4558 3319
4559 3321
4560 3322
4561 96
4562 191
4563 285
4564 377
4565 468
4566 556
4567 642
4568 726
4569 807
4570 886
4571 962
4572 1034
4573 1106
4574 1171
4575 1237
4576 1301
4577 1361
4578 1417
4579 1475
4580 1527
4581 1581
4582 1633
4583 1685
4584 1731
4585 1782
4586 1827
4587 1867
4588 1906
4589 1948
4590 1987
4591 2032
4592 2064
4593 2099
4594 2133
4595 2166
4596 2202
4597 2237
4598 2265
4599 2294
4600 2324
4601 2358
4602 2381
4603 2411
4604 2438
4605 2468
4606 2498
4607 2519
4608 2547
4609 2573
4610 2594
4611 2623
4612 2647
4613 2667
4614 2690
4615 2715
4616 2742
4617 2768
4618 2790
4619 2814
4620 2833
4621 2860
4622 2879
4623 2901
4624 2925
4625 2949
4626 2972
4627 2995
4628 3017
4629 3038
4630 3062
4631 3086
4632 3106
4633 3129
4634 3148
4635 3168
4636 3188
4637 3207
4638 3224
4639 3241
4640 3258
4641 3274
4642 3288
4643 3302
4644 3315
4645 3327
4646 3338
4647 3348
4648 3357
4649 3365
4650 3372
4651 3378
4652 3383
4653 3387
4654 3390
4655 3392
4656 3393
4657 97
4658 193
4659 288
4660 381
4661 473
4662 562
4663 649
4664 734
4665 816
4666 896
4667 973
4668 1046
4669 1119
4670 1185
4671 1252
4672 1317
4673 1378
4674 1435
4675 1494
4676 1547
4677 1602
4678 1655
4679 1708
4680 1755
4681 1805
4682 1851
4683 1892
4684 1932
4685 1975
4686 2015
4687 2061
4688 2094
4689 2130
4690 2165
4691 2199
4692 2236
4693 2269
4694 2298
4695 2328
4696 2358
4697 2392
4698 2416
4699 2447
4700 2475
4701 2504
4702 2535
4703 2557
4704 2586
4705 2612
4706 2634
4707 2664
4708 2687
4709 2708
4710 2732
4711 2756
4712 2784
4713 2810
4714 2832
4715 2857
4716 2877
4717 2903
4718 2923
4719 2946
4720 2970
4721 2993
4722 3017
4723 3040
4724 3063
4725 3084
4726 3108
4727 3133
4728 3154
4729 3176
4730 3196
4731 3217
4732 3237
4733 3257
4734 3275
4735 3293
4736 3311
4737 3328
4738 3343
4739 3358
4740 3372
4741 3385
4742 3397
4743 3408
4744 3418
4745 3427
4746 3435
4747 3442
4748 3448
4749 3453
4750 3457
4751 3460
4752 3462
4753 3463
4754 98
4755 195
4756 291
4757 385
4758 478
4759 568
4760 656
4761 742
4762 825
4763 906
4764 984
4765 1058
4766 1132
4767 1199
4768 1267
4769 1333
4770 1395
4771 1453
4772 1513
4773 1567
4774 1622
4775 1676
4776 1729
4777 1777
4778 1828
4779 1875
4780 1917
4781 1958
4782 2001
4783 2041
4784 2088
4785 2122
4786 2159
4787 2194
4788 2229
4789 2266
4790 2300
4791 2330
4792 2361
4793 2391
4794 2426
4795 2451
4796 2483
4797 2509
4798 2539
4799 2571
4800 2594
4801 2621
4802 2648
4803 2671
4804 2701
4805 2725
4806 2747
4807 2769
4808 2794
4809 2823
4810 2849
4811 2870
4812 2896
4813 2915
4814 2942
4815 2963
4816 2986
4817 3010
4818 3034
4819 3056
4820 3080
4821 3103
4822 3123
4823 3148
4824 3174
4825 3195
4826 3218
4827 3237
4828 3259
4829 3280
4830 3301
4831 3320
4832 3339
4833 3357
4834 3375
4835 3391
4836 3407
4837 3422
4838 3436
4839 3448
4840 3460
4841 3471
4842 3481
4843 3490
4844 3498
4845 3505
4846 3511
4847 3516
4848 3520
4849 3523
4850 3525
4851 3526
4852 99
4853 197
4854 294
4855 389
4856 483
4857 574
4858 663
4859 750
4860 834
4861 916
4862 995
4863 1070
4864 1145
4865 1213
4866 1281
4867 1348
4868 1411
4869 1470
4870 1531
4871 1586
4872 1642
4873 1697
4874 1750
4875 1799
4876 1851
4877 1899
4878 1942
4879 1984
4880 2027
4881 2068
4882 2116
4883 2151
4884 2188
4885 2224
4886 2259
4887 2297
4888 2332
4889 2363
4890 2393
4891 2424
4892 2460
4893 2486
4894 2517
4895 2544
4896 2575
4897 2608
4898 2632
4899 2660
4900 2688
4901 2712
4902 2743
4903 2768
4904 2790
4905 2813
4906 2838
4907 2867
4908 2894
4909 2916
4910 2940
4911 2960
4912 2988
4913 3009
4914 3029
4915 3053
4916 3077
4917 3100
4918 3125
4919 3147
4920 3168
4921 3194
4922 3218
4923 3240
4924 3263
4925 3283
4926 3306
4927 3328
4928 3350
4929 3370
4930 3389
4931 3408
4932 3427
4933 3444
4934 3459
4935 3475
4936 3490
4937 3503
4938 3516
4939 3528
4940 3539
4941 3549
4942 3558
4943 3566
4944 3573
4945 3579
4946 3584
4947 3588
4948 3591
4949 3593
4950 3594
4951 100
4952 199
4953 297
4954 393
4955 488
4956 580
4957 670
4958 758
4959 843
4960 926
4961 1006
4962 1082
4963 1158
4964 1227
4965 1296
4966 1364
4967 1428
4968 1488
4969 1550
4970 1606
4971 1663
4972 1718
4973 1772
4974 1822
4975 1875
4976 1924
4977 1968
4978 2010
4979 2054
4980 2095
4981 2144
4982 2180
4983 2218
4984 2255
4985 2290
4986 2329
4987 2365
4988 2396
4989 2427
4990 2458
4991 2495
4992 2521
4993 2553
4994 2581
4995 2613
4996 2646
4997 2671
4998 2700
4999 2729
5000 2753
5001 2785
5002 2807
5003 2830
5004 2853
5005 2878
5006 2908
5007 2936
5008 2957
5009 2982
5010 3003
5011 3031
5012 3052
5013 3073
5014 3097
5015 3122
5016 3146
5017 3170
5018 3193
5019 3215
5020 3238
5021 3263
5022 3285
5023 3309
5024 3330
5025 3354
5026 3376
5027 3398
5028 3419
5029 3439
5030 3459
5031 3479
5032 3496
5033 3512
5034 3529
5035 3545
5036 3559
5037 3573
5038 3586
5039 3598
5040 3609
5041 3619
5042 3628
5043 3636
5044 3643
5045 3649
5046 3654
5047 3658
5048 3661
5049 3663
5050 3664
5051 101
5052 201
5053 300
5054 397
5055 493
5056 586
5057 677
5058 766
5059 852
5060 936
5061 1017
5062 1094
5063 1171
5064 1241
5065 1311
5066 1380
5067 1445
5068 1506
5069 1569
5070 1626
5071 1683
5072 1739
5073 1794
5074 1845
5075 1899
5076 1949
5077 1994
5078 2037
5079 2081
5080 2123
5081 2173
5082 2210
5083 2248
5084 2286
5085 2322
5086 2361
5087 2397
5088 2429
5089 2461
5090 2493
5091 2529
5092 2556
5093 2589
5094 2618
5095 2648
5096 2682
5097 2708
5098 2738
5099 2767
5100 2792
5101 2825
5102 2848
5103 2871
5104 2894
5105 2920
5106 2950
5107 2976
5108 2998
5109 3024
5110 3045
5111 3072
5112 3093
5113 3115
5114 3140
5115 3166
5116 3190
5117 3215
5118 3239
5119 3260
5120 3284
5121 3308
5122 3331
5123 3356
5124 3378
5125 3403
5126 3426
5127 3448
5128 3470
5129 3491
5130 3512
5131 3532
5132 3550
5133 3567
5134 3585
5135 3602
5136 3617
5137 3632
5138 3646
5139 3659
5140 3671
5141 3682
5142 3692
5143 3701
5144 3709
5145 3716
5146 3722
5147 3727
5148 3731
5149 3734
5150 3736
5151 3737
5152 102
5153 203
5154 303
5155 401
5156 498
5157 592
5158 684
5159 774
5160 861
5161 946
5162 1028
5163 1106
5164 1184
5165 1255
5166 1326
5167 1396
5168 1462
5169 1524
5170 1588
5171 1646
5172 1703
5173 1760
5174 1816
5175 1868
5176 1923
5177 1973
5178 2019
5179 2063
5180 2108
5181 2149
5182 2200
5183 2237
5184 2276
5185 2315
5186 2352
5187 2391
5188 2428
5189 2460
5190 2493
5191 2525
5192 2562
5193 2590
5194 2624
5195 2653
5196 2683
5197 2718
5198 2744
5199 2774
5200 2804
5201 2828
5202 2862
5203 2885
5204 2907
5205 2929
5206 2956
5207 2986
5208 3013
5209 3036
5210 3063
5211 3083
5212 3111
5213 3130
5214 3153
5215 3178
5216 3205
5217 3230
5218 3256
5219 3279
5220 3300
5221 3323
5222 3347
5223 3371
5224 3397
5225 3419
5226 3443
5227 3467
5228 3490
5229 3513
5230 3535
5231 3556
5232 3577
5233 3595
5234 3613
5235 3632
5236 3650
5237 3666
5238 3681
5239 3696
5240 3710
5241 3723
5242 3735
5243 3746
5244 3756
5245 3765
5246 3773
5247 3780
5248 3786
5249 3791
5250 3795
5251 3798
5252 3800
5253 3801
5254 103
5255 205
5256 306
5257 405
5258 503
5259 598
5260 691
5261 782
5262 870
5263 956
5264 1039
5265 1118
5266 1197
5267 1269
5268 1341
5269 1412
5270 1479
5271 1542
5272 1606
5273 1665
5274 1723
5275 1781
5276 1838
5277 1891
5278 1947
5279 1998
5280 2045
5281 2090
5282 2136
5283 2178
5284 2229
5285 2267
5286 2307
5287 2346
5288 2384
5289 2424
5290 2462
5291 2495
5292 2527
5293 2560
5294 2598
5295 2627
5296 2659
5297 2689
5298 2720
5299 2755
5300 2781
5301 2812
5302 2842
5303 2867
5304 2902
5305 2926
5306 2948
5307 2971
5308 2997
5309 3028
5310 3056
5311 3079
5312 3105
5313 3126
5314 3154
5315 3174
5316 3197
5317 3221
5318 3249
5319 3275
5320 3298
5321 3321
5322 3343
5323 3366
5324 3391
5325 3416
5326 3443
5327 3465
5328 3488
5329 3513
5330 3537
5331 3561
5332 3582
5333 3604
5334 3625
5335 3644
5336 3663
5337 3683
5338 3702
5339 3719
5340 3735
5341 3751
5342 3766
5343 3780
5344 3793
5345 3805
5346 3816
5347 3826
5348 3835
5349 3843
5350 3850
5351 3856
5352 3861
5353 3865
5354 3868
5355 3870
5356 3871
5357 104
5358 207
5359 309
5360 409
5361 508
5362 604
5363 698
5364 790
5365 879
5366 966
5367 1050
5368 1130
5369 1210
5370 1283
5371 1356
5372 1428
5373 1496
5374 1560
5375 1625
5376 1685
5377 1744
5378 1803
5379 1861
5380 1913
5381 1970
5382 2021
5383 2069
5384 2115
5385 2162
5386 2205
5387 2257
5388 2296
5389 2337
5390 2377
5391 2416
5392 2456
5393 2495
5394 2527
5395 2560
5396 2594
5397 2632
5398 2661
5399 2694
5400 2725
5401 2757
5402 2792
5403 2819
5404 2848
5405 2879
5406 2904
5407 2940
5408 2965
5409 2988
5410 3010
5411 3037
5412 3069
5413 3097
5414 3120
5415 3147
5416 3168
5417 3197
5418 3217
5419 3240
5420 3265
5421 3294
5422 3319
5423 3343
5424 3367
5425 3389
5426 3412
5427 3438
5428 3463
5429 3490
5430 3509
5431 3533
5432 3559
5433 3584
5434 3607
5435 3629
5436 3650
5437 3672
5438 3692
5439 3712
5440 3733
5441 3753
5442 3771
5443 3787
5444 3804
5445 3820
5446 3834
5447 3848
5448 3861
5449 3873
5450 3884
5451 3894
5452 3903
5453 3911
5454 3918
5455 3924
5456 3929
5457 3933
5458 3936
5459 3938
5460 3939
5461 105
5462 209
5463 312
5464 413
5465 513
5466 610
5467 705
5468 798
5469 888
5470 976
5471 1061
5472 1142
5473 1223
5474 1297
5475 1371
5476 1444
5477 1512
5478 1577
5479 1643
5480 1704
5481 1764
5482 1824
5483 1883
5484 1936
5485 1994
5486 2046
5487 2095
5488 2142
5489 2189
5490 2232
5491 2285
5492 2325
5493 2366
5494 2407
5495 2447
5496 2488
5497 2527
5498 2560
5499 2594
5500 2629
5501 2666
5502 2695
5503 2729
5504 2761
5505 2793
5506 2829
5507 2857
5508 2887
5509 2918
5510 2944
5511 2980
5512 3006
5513 3030
5514 3053
5515 3081
5516 3113
5517 3140
5518 3164
5519 3191
5520 3213
5521 3243
5522 3263
5523 3287
5524 3313
5525 3338
5526 3364
5527 3389
5528 3413
5529 3436
5530 3460
5531 3486
5532 3509
5533 3536
5534 3555
5535 3580
5536 3607
5537 3629
5538 3653
5539 3676
5540 3698
5541 3720
5542 3741
5543 3762
5544 3784
5545 3805
5546 3823
5547 3840
5548 3858
5549 3875
5550 3890
5551 3905
5552 3918
5553 3931
5554 3943
5555 3954
5556 3964
5557 3973
5558 3981
5559 3988
5560 3994
5561 3999
5562 4003
5563 4006
5564 4008
5565 4009
5566 106
5567 211
5568 315
5569 417
5570 518
5571 616
5572 712
5573 806
5574 897
5575 986
5576 1072
5577 1154
5578 1236
5579 1311
5580 1386
5581 1459
5582 1528
5583 1594
5584 1661
5585 1723
5586 1784
5587 1844
5588 1904
5589 1958
5590 2017
5591 2069
5592 2119
5593 2167
5594 2215
5595 2259
5596 2312
5597 2353
5598 2395
5599 2436
5600 2477
5601 2518
5602 2558
5603 2592
5604 2627
5605 2661
5606 2699
5607 2729
5608 2764
5609 2796
5610 2829
5611 2866
5612 2895
5613 2925
5614 2957
5615 2984
5616 3021
5617 3047
5618 3072
5619 3096
5620 3124
5621 3157
5622 3185
5623 3208
5624 3236
5625 3259
5626 3288
5627 3309
5628 3334
5629 3358
5630 3384
5631 3409
5632 3435
5633 3460
5634 3484
5635 3508
5636 3534
5637 3557
5638 3585
5639 3605
5640 3631
5641 3656
5642 3679
5643 3704
5644 3728
5645 3751
5646 3773
5647 3795
5648 3817
5649 3840
5650 3861
5651 3880
5652 3898
5653 3917
5654 3935
5655 3951
5656 3967
5657 3981
5658 3995
5659 4008
5660 4020
5661 4031
5662 4041
5663 4050
5664 4058
5665 4065
5666 4071
5667 4076
5668 4080
5669 4083
5670 4085
5671 4086
5672 107
5673 213
5674 318
5675 421
5676 523
5677 622
5678 719
5679 814
5680 906
5681 996
5682 1083
5683 1166
5684 1249
5685 1325
5686 1401
5687 1475
5688 1545
5689 1612
5690 1680
5691 1743
5692 1805
5693 1866
5694 1926
5695 1981
5696 2041
5697 2094
5698 2143
5699 2192
5700 2241
5701 2285
5702 2339
5703 2381
5704 2424
5705 2466
5706 2505
5707 2547
5708 2588
5709 2623
5710 2658
5711 2693
5712 2732
5713 2763
5714 2798
5715 2831
5716 2865
5717 2903
5718 2931
5719 2962
5720 2995
5721 3022
5722 3059
5723 3086
5724 3112
5725 3137
5726 3164
5727 3197
5728 3224
5729 3248
5730 3277
5731 3300
5732 3330
5733 3352
5734 3375
5735 3400
5736 3427
5737 3453
5738 3480
5739 3506
5740 3530
5741 3555
5742 3579
5743 3603
5744 3632
5745 3653
5746 3675
5747 3701
5748 3724
5749 3750
5750 3775
5751 3798
5752 3821
5753 3844
5754 3867
5755 3890
5756 3912
5757 3932
5758 3950
5759 3970
5760 3989
5761 4006
5762 4023
5763 4038
5764 4053
5765 4067
5766 4080
5767 4092
5768 4103
5769 4113
5770 4122
5771 4130
5772 4137
5773 4143
5774 4148
5775 4152
5776 4155
5777 4157
5778 4158
5779 108
5780 215
5781 321
5782 425
5783 528
5784 628
5785 726
5786 822
5787 915
5788 1006
5789 1094
5790 1178
5791 1262
5792 1339
5793 1416
5794 1491
5795 1562
5796 1630
5797 1699
5798 1763
5799 1826
5800 1888
5801 1949
5802 2005
5803 2066
5804 2120
5805 2170
5806 2220
5807 2270
5808 2314
5809 2369
5810 2411
5811 2455
5812 2498
5813 2538
5814 2581
5815 2623
5816 2656
5817 2691
5818 2727
5819 2767
5820 2798
5821 2834
5822 2866
5823 2901
5824 2939
5825 2968
5826 2997
5827 3031
5828 3058
5829 3096
5830 3124
5831 3151
5832 3175
5833 3203
5834 3235
5835 3263
5836 3287
5837 3316
5838 3340
5839 3371
5840 3392
5841 3415
5842 3440
5843 3467
5844 3494
5845 3522
5846 3548
5847 3572
5848 3596
5849 3621
5850 3646
5851 3676
5852 3697
5853 3720
5854 3746
5855 3769
5856 3795
5857 3821
5858 3845
5859 3868
5860 3892
5861 3914
5862 3937
5863 3960
5864 3980
5865 3999
5866 4020
5867 4040
5868 4058
5869 4076
5870 4091
5871 4107
5872 4122
5873 4136
5874 4149
5875 4161
5876 4172
5877 4182
5878 4191
5879 4199
5880 4206
5881 4212
5882 4217
5883 4221
5884 4224
5885 4226
5886 4227
5887 109
5888 217
5889 324
5890 429
5891 533
5892 634
5893 733
5894 830
5895 924
5896 1016
5897 1105
5898 1190
5899 1275
5900 1353
5901 1431
5902 1507
5903 1579
5904 1648
5905 1718
5906 1783
5907 1847
5908 1910
5909 1972
5910 2029
5911 2090
5912 2145
5913 2196
5914 2247
5915 2298
5916 2343
5917 2399
5918 2442
5919 2487
5920 2531
5921 2572
5922 2616
5923 2658
5924 2692
5925 2728
5926 2765
5927 2805
5928 2837
5929 2873
5930 2906
5931 2941
5932 2980
5933 3010
5934 3040
5935 3072
5936 3100
5937 3139
5938 3168
5939 3194
5940 3219
5941 3248
5942 3281
5943 3309
5944 3333
5945 3363
5946 3388
5947 3418
5948 3440
5949 3464
5950 3489
5951 3516
5952 3544
5953 3572
5954 3599
5955 3621
5956 3646
5957 3672
5958 3698
5959 3725
5960 3747
5961 3771
5962 3798
5963 3820
5964 3846
5965 3873
5966 3898
5967 3922
5968 3947
5969 3969
5970 3993
5971 4016
5972 4037
5973 4057
5974 4079
5975 4100
5976 4119
5977 4137
5978 4153
5979 4170
5980 4186
5981 4201
5982 4215
5983 4228
5984 4240
5985 4251
5986 4261
5987 4270
5988 4278
5989 4285
5990 4291
5991 4296
5992 4300
5993 4303
5994 4305
5995 4306
5996 110
5997 219
5998 327
5999 433
6000 538
6001 640
6002 740
6003 838
6004 933
6005 1026
6006 1116
6007 1202
6008 1288
6009 1367
6010 1446
6011 1523
6012 1596
6013 1666
6014 1737
6015 1802
6016 1867
6017 1930
6018 1993
6019 2051
6020 2113
6021 2169
6022 2221
6023 2273
6024 2325
6025 2370
6026 2427
6027 2470
6028 2516
6029 2561
6030 2603
6031 2648
6032 2691
6033 2726
6034 2763
6035 2800
6036 2841
6037 2873
6038 2910
6039 2942
6040 2977
6041 3017
6042 3047
6043 3078
6044 3111
6045 3140
6046 3180
6047 3209
6048 3235
6049 3260
6050 3290
6051 3324
6052 3352
6053 3377
6054 3408
6055 3430
6056 3460
6057 3480
6058 3504
6059 3530
6060 3558
6061 3586
6062 3615
6063 3640
6064 3663
6065 3689
6066 3716
6067 3742
6068 3770
6069 3792
6070 3816
6071 3843
6072 3865
6073 3891
6074 3919
6075 3945
6076 3970
6077 3995
6078 4018
6079 4043
6080 4067
6081 4089
6082 4110
6083 4132
6084 4154
6085 4173
6086 4192
6087 4208
6088 4226
6089 4243
6090 4259
6091 4274
6092 4288
6093 4301
6094 4313
6095 4324
6096 4334
6097 4343
6098 4351
6099 4358
6100 4364
6101 4369
6102 4373
6103 4376
6104 4378
6105 4379
6106 111
6107 221
6108 330
6109 437
6110 543
6111 646
6112 747
6113 846
6114 942
6115 1036
6116 1127
6117 1214
6118 1301
6119 1381
6120 1461
6121 1539
6122 1613
6123 1684
6124 1756
6125 1822
6126 1888
6127 1952
6128 2016
6129 2075
6130 2138
6131 2195
6132 2247
6133 2300
6134 2353
6135 2399
6136 2456
6137 2500
6138 2547
6139 2592
6140 2634
6141 2679
6142 2723
6143 2759
6144 2796
6145 2834
6146 2876
6147 2909
6148 2946
6149 2979
6150 3015
6151 3056
6152 3085
6153 3117
6154 3151
6155 3181
6156 3219
6157 3249
6158 3276
6159 3302
6160 3333
6161 3367
6162 3396
6163 3422
6164 3451
6165 3474
6166 3505
6167 3525
6168 3550
6169 3577
6170 3605
6171 3633
6172 3662
6173 3688
6174 3712
6175 3739
6176 3764
6177 3791
6178 3820
6179 3843
6180 3867
6181 3894
6182 3917
6183 3944
6184 3973
6185 4000
6186 4024
6187 4050
6188 4073
6189 4099
6190 4124
6191 4147
6192 4168
6193 4191
6194 4214
6195 4234
6196 4254
6197 4271
6198 4290
6199 4308
6200 4325
6201 4341
6202 4356
6203 4370
6204 4383
6205 4395
6206 4406
6207 4416
6208 4425
6209 4433
6210 4440
6211 4446
6212 4451
6213 4455
6214 4458
6215 4460
6216 4461
6217 112
6218 223
6219 333
6220 441
6221 548
6222 652
6223 754
6224 854
6225 951
6226 1046
6227 1138
6228 1226
6229 1314
6230 1395
6231 1476
6232 1554
6233 1629
6234 1701
6235 1774
6236 1841
6237 1908
6238 1972
6239 2037
6240 2097
6241 2161
6242 2219
6243 2272
6244 2325
6245 2379
6246 2426
6247 2484
6248 2529
6249 2577
6250 2623
6251 2666
6252 2712
6253 2756
6254 2793
6255 2831
6256 2868
6257 2911
6258 2944
6259 2982
6260 3016
6261 3053
6262 3094
6263 3124
6264 3157
6265 3192
6266 3222
6267 3261
6268 3291
6269 3319
6270 3346
6271 3378
6272 3413
6273 3443
6274 3468
6275 3498
6276 3521
6277 3552
6278 3572
6279 3598
6280 3625
6281 3654
6282 3683
6283 3712
6284 3739
6285 3764
6286 3789
6287 3815
6288 3841
6289 3870
6290 3893
6291 3918
6292 3944
6293 3968
6294 3995
6295 4024
6296 4050
6297 4075
6298 4098
6299 4122
6300 4149
6301 4175
6302 4198
6303 4220
6304 4244
6305 4268
6306 4289
6307 4310
6308 4328
6309 4348
6310 4367
6311 4385
6312 4402
6313 4418
6314 4432
6315 4446
6316 4459
6317 4471
6318 4482
6319 4492
6320 4501
6321 4509
6322 4516
6323 4522
6324 4527
6325 4531
6326 4534
6327 4536
6328 4537
6329 113
6330 225
6331 336
6332 445
6333 553
6334 658
6335 761
6336 862
6337 960
6338 1056
6339 1149
6340 1238
6341 1327
6342 1409
6343 1491
6344 1570
6345 1646
6346 1719
6347 1793
6348 1861
6349 1929
6350 1994
6351 2060
6352 2121
6353 2186
6354 2245
6355 2299
6356 2353
6357 2407
6358 2455
6359 2514
6360 2559
6361 2606
6362 2653
6363 2697
6364 2744
6365 2789
6366 2827
6367 2866
6368 2904
6369 2947
6370 2981
6371 3019
6372 3054
6373 3090
6374 3132
6375 3163
6376 3197
6377 3232
6378 3262
6379 3302
6380 3333
6381 3362
6382 3390
6383 3423
6384 3459
6385 3489
6386 3515
6387 3546
6388 3569
6389 3601
6390 3622
6391 3648
6392 3676
6393 3704
6394 3733
6395 3763
6396 3791
6397 3815
6398 3841
6399 3867
6400 3894
6401 3923
6402 3946
6403 3971
6404 3998
6405 4023
6406 4049
6407 4078
6408 4105
6409 4129
6410 4153
6411 4178
6412 4205
6413 4232
6414 4256
6415 4279
6416 4304
6417 4327
6418 4349
6419 4371
6420 4390
6421 4410
6422 4430
6423 4449
6424 4467
6425 4484
6426 4499
6427 4514
6428 4528
6429 4541
6430 4553
6431 4564
6432 4574
6433 4583
6434 4591
6435 4598
6436 4604
6437 4609
6438 4613
6439 4616
6440 4618
6441 4619
6442 114
6443 227
6444 339
6445 449
6446 558
6447 664
6448 768
6449 870
6450 969
6451 1066
6452 1160
6453 1250
6454 1340
6455 1423
6456 1506
6457 1585
6458 1662
6459 1735
6460 1810
6461 1879
6462 1948
6463 2014
6464 2080
6465 2141
6466 2207
6467 2266
6468 2321
6469 2376
6470 2431
6471 2480
6472 2540
6473 2586
6474 2633
6475 2681
6476 2726
6477 2774
6478 2820
6479 2858
6480 2898
6481 2936
6482 2980
6483 3014
6484 3053
6485 3087
6486 3124
6487 3167
6488 3199
6489 3232
6490 3267
6491 3298
6492 3339
6493 3370
6494 3400
6495 3429
6496 3463
6497 3500
6498 3531
6499 3557
6500 3587
6501 3610
6502 3643
6503 3664
6504 3689
6505 3717
6506 3745
6507 3775
6508 3806
6509 3833
6510 3858
6511 3884
6512 3910
6513 3935
6514 3965
6515 3987
6516 4012
6517 4040
6518 4066
6519 4091
6520 4121
6521 4148
6522 4173
6523 4198
6524 4223
6525 4251
6526 4279
6527 4302
6528 4326
6529 4352
6530 4376
6531 4399
6532 4421
6533 4441
6534 4462
6535 4483
6536 4502
6537 4521
6538 4538
6539 4554
6540 4570
6541 4585
6542 4599
6543 4612
6544 4624
6545 4635
6546 4645
6547 4654
6548 4662
6549 4669
6550 4675
6551 4680
6552 4684
6553 4687
6554 4689
6555 4690
6556 115
6557 229
6558 342
6559 453
6560 563
6561 670
6562 775
6563 878
6564 978
6565 1076
6566 1171
6567 1262
6568 1353
6569 1437
6570 1521
6571 1601
6572 1679
6573 1753
6574 1829
6575 1899
6576 1969
6577 2036
6578 2103
6579 2165
6580 2232
6581 2292
6582 2347
6583 2403
6584 2459
6585 2509
6586 2568
6587 2615
6588 2663
6589 2712
6590 2758
6591 2807
6592 2853
6593 2892
6594 2933
6595 2971
6596 3016
6597 3051
6598 3090
6599 3125
6600 3163
6601 3207
6602 3239
6603 3273
6604 3309
6605 3341
6606 3382
6607 3412
6608 3443
6609 3473
6610 3504
6611 3542
6612 3574
6613 3601
6614 3631
6615 3655
6616 3688
6617 3710
6618 3735
6619 3763
6620 3792
6621 3823
6622 3851
6623 3879
6624 3905
6625 3932
6626 3958
6627 3984
6628 4014
6629 4037
6630 4062
6631 4089
6632 4116
6633 4142
6634 4170
6635 4198
6636 4224
6637 4246
6638 4272
6639 4301
6640 4330
6641 4354
6642 4378
6643 4405
6644 4430
6645 4452
6646 4475
6647 4496
6648 4518
6649 4538
6650 4558
6651 4578
6652 4596
6653 4613
6654 4630
6655 4646
6656 4661
6657 4675
6658 4688
6659 4700
6660 4711
6661 4721
6662 4730
6663 4738
6664 4745
6665 4751
6666 4756
6667 4760
6668 4763
6669 4765
6670 4766
6671 116
6672 231
6673 345
6674 457
6675 568
6676 676
6677 782
6678 886
6679 987
6680 1086
6681 1182
6682 1274
6683 1366
6684 1451
6685 1536
6686 1617
6687 1696
6688 1771
6689 1848
6690 1919
6691 1990
6692 2058
6693 2126
6694 2189
6695 2257
6696 2317
6697 2373
6698 2430
6699 2487
6700 2538
6701 2598
6702 2646
6703 2695
6704 2745
6705 2792
6706 2841
6707 2888
6708 2927
6709 2969
6710 3008
6711 3053
6712 3088
6713 3128
6714 3164
6715 3203
6716 3246
6717 3279
6718 3313
6719 3350
6720 3382
6721 3423
6722 3454
6723 3486
6724 3516
6725 3548
6726 3585
6727 3618
6728 3645
6729 3676
6730 3700
6731 3733
6732 3755
6733 3780
6734 3809
6735 3839
6736 3870
6737 3899
6738 3926
6739 3952
6740 3979
6741 4005
6742 4031
6743 4062
6744 4086
6745 4112
6746 4138
6747 4166
6748 4192
6749 4221
6750 4250
6751 4275
6752 4298
6753 4325
6754 4353
6755 4383
6756 4408
6757 4433
6758 4461
6759 4486
6760 4508
6761 4532
6762 4554
6763 4577
6764 4597
6765 4618
6766 4639
6767 4658
6768 4676
6769 4694
6770 4711
6771 4727
6772 4742
6773 4756
6774 4769
6775 4781
6776 4792
6777 4802
6778 4811
6779 4819
6780 4826
6781 4832
6782 4837
6783 4841
6784 4844
6785 4846
6786 4847
6787 117
6788 233
6789 348
6790 461
6791 573
6792 682
6793 789
6794 894
6795 996
6796 1096
6797 1193
6798 1286
6799 1379
6800 1465
6801 1551
6802 1633
6803 1712
6804 1788
6805 1866
6806 1938
6807 2009
6808 2078
6809 2147
6810 2211
6811 2280
6812 2341
6813 2398
6814 2456
6815 2513
6816 2565
6817 2626
6818 2674
6819 2724
6820 2775
6821 2823
6822 2873
6823 2921
6824 2961
6825 3004
6826 3044
6827 3089
6828 3125
6829 3166
6830 3203
6831 3240
6832 3284
6833 3318
6834 3353
6835 3390
6836 3423
6837 3465
6838 3497
6839 3528
6840 3559
6841 3592
6842 3630
6843 3663
6844 3691
6845 3723
6846 3747
6847 3780
6848 3802
6849 3828
6850 3858
6851 3887
6852 3919
6853 3948
6854 3975
6855 4001
6856 4029
6857 4055
6858 4080
6859 4111
6860 4135
6861 4162
6862 4189
6863 4215
6864 4242
6865 4272
6866 4300
6867 4323
6868 4347
6869 4375
6870 4404
6871 4433
6872 4459
6873 4485
6874 4514
6875 4538
6876 4561
6877 4586
6878 4609
6879 4631
6880 4652
6881 4674
6882 4696
6883 4716
6884 4735
6885 4754
6886 4772
6887 4788
6888 4804
6889 4819
6890 4833
6891 4846
6892 4858
6893 4869
6894 4879
6895 4888
6896 4896
6897 4903
6898 4909
6899 4914
6900 4918
6901 4921
6902 4923
6903 4924
6904 118
6905 235
6906 351
6907 465
6908 578
6909 688
6910 796
6911 902
6912 1005
6913 1106
6914 1204
6915 1298
6916 1392
6917 1479
6918 1566
6919 1649
6920 1729
6921 1806
6922 1885
6923 1958
6924 2030
6925 2100
6926 2170
6927 2235
6928 2305
6929 2367
6930 2425
6931 2483
6932 2541
6933 2594
6934 2656
6935 2705
6936 2756
6937 2806
6938 2855
6939 2906
6940 2955
6941 2994
6942 3038
6943 3079
6944 3125
6945 3162
6946 3204
6947 3241
6948 3279
6949 3323
6950 3358
6951 3393
6952 3430
6953 3464
6954 3507
6955 3537
6956 3569
6957 3599
6958 3633
6959 3672
6960 3706
6961 3735
6962 3768
6963 3792
6964 3825
6965 3848
6966 3875
6967 3904
6968 3934
6969 3967
6970 3997
6971 4024
6972 4051
6973 4080
6974 4107
6975 4133
6976 4163
6977 4187
6978 4215
6979 4239
6980 4266
6981 4294
6982 4324
6983 4352
6984 4376
6985 4398
6986 4427
6987 4454
6988 4484
6989 4511
6990 4538
6991 4566
6992 4590
6993 4614
6994 4640
6995 4664
6996 4687
6997 4707
6998 4730
6999 4753
7000 4774
7001 4794
7002 4814
7003 4833
7004 4850
7005 4867
7006 4883
7007 4898
7008 4912
7009 4925
7010 4937
7011 4948
7012 4958
7013 4967
7014 4975
7015 4982
7016 4988
7017 4993
7018 4997
7019 5000
7020 5002
7021 5003
7022 119
7023 237
7024 354
7025 469
7026 583
7027 694
7028 803
7029 910
7030 1014
7031 1116
7032 1215
7033 1310
7034 1405
7035 1493
7036 1581
7037 1665
7038 1746
7039 1824
7040 1904
7041 1978
7042 2051
7043 2122
7044 2192
7045 2258
7046 2329
7047 2392
7048 2450
7049 2509
7050 2568
7051 2622
7052 2685
7053 2735
7054 2787
7055 2838
7056 2887
7057 2939
7058 2989
7059 3029
7060 3072
7061 3114
7062 3161
7063 3199
7064 3241
7065 3278
7066 3317
7067 3362
7068 3397
7069 3433
7070 3471
7071 3506
7072 3549
7073 3580
7074 3613
7075 3643
7076 3678
7077 3718
7078 3753
7079 3783
7080 3814
7081 3839
7082 3873
7083 3897
7084 3920
7085 3950
7086 3980
7087 4013
7088 4043
7089 4070
7090 4097
7091 4127
7092 4155
7093 4181
7094 4212
7095 4237
7096 4265
7097 4290
7098 4318
7099 4346
7100 4375
7101 4404
7102 4429
7103 4452
7104 4478
7105 4505
7106 4536
7107 4564
7108 4591
7109 4619
7110 4644
7111 4669
7112 4695
7113 4719
7114 4742
7115 4763
7116 4787
7117 4811
7118 4833
7119 4854
7120 4874
7121 4894
7122 4912
7123 4930
7124 4947
7125 4962
7126 4977
7127 4991
7128 5004
7129 5016
7130 5027
7131 5037
7132 5046
7133 5054
7134 5061
7135 5067
7136 5072
7137 5076
7138 5079
7139 5081
7140 5082
7141 120
7142 239
7143 357
7144 473
7145 588
7146 700
7147 810
7148 918
7149 1023
7150 1126
7151 1226
7152 1322
7153 1418
7154 1507
7155 1596
7156 1681
7157 1763
7158 1842
7159 1923
7160 1998
7161 2072
7162 2144
7163 2215
7164 2282
7165 2354
7166 2418
7167 2477
7168 2537
7169 2597
7170 2652
7171 2716
7172 2765
7173 2818
7174 2870
7175 2920
7176 2972
7177 3023
7178 3064
7179 3108
7180 3151
7181 3199
7182 3236
7183 3279
7184 3316
7185 3356
7186 3401
7187 3437
7188 3474
7189 3513
7190 3547
7191 3591
7192 3623
7193 3657
7194 3687
7195 3723
7196 3763
7197 3797
7198 3827
7199 3859
7200 3885
7201 3920
7202 3943
7203 3967
7204 3998
7205 4028
7206 4062
7207 4093
7208 4120
7209 4148
7210 4179
7211 4207
7212 4232
7213 4264
7214 4287
7215 4316
7216 4342
7217 4370
7218 4398
7219 4428
7220 4455
7221 4481
7222 4502
7223 4529
7224 4557
7225 4588
7226 4617
7227 4643
7228 4672
7229 4698
7230 4722
7231 4749
7232 4772
7233 4796
7234 4818
7235 4843
7236 4868
7237 4891
7238 4912
7239 4933
7240 4954
7241 4973
7242 4990
7243 5008
7244 5024
7245 5040
7246 5054
7247 5068
7248 5081
7249 5093
7250 5104
7251 5114
7252 5123
7253 5131
7254 5138
7255 5144
7256 5149
7257 5153
7258 5156
7259 5158
7260 5159
7261 121
7262 241
7263 360
7264 477
7265 593
7266 706
7267 817
7268 926
7269 1032
7270 1136
7271 1237
7272 1334
7273 1431
7274 1521
7275 1611
7276 1697
7277 1780
7278 1860
7279 1942
7280 2018
7281 2093
7282 2166
7283 2238
7284 2306
7285 2378
7286 2443
7287 2503
7288 2564
7289 2625
7290 2681
7291 2746
7292 2796
7293 2850
7294 2903
7295 2954
7296 3007
7297 3058
7298 3100
7299 3145
7300 3189
7301 3237
7302 3275
7303 3319
7304 3357
7305 3397
7306 3442
7307 3479
7308 3517
7309 3554
7310 3589
7311 3634
7312 3667
7313 3701
7314 3732
7315 3769
7316 3809
7317 3843
7318 3874
7319 3907
7320 3934
7321 3968
7322 3992
7323 4017
7324 4048
7325 4079
7326 4114
7327 4145
7328 4173
7329 4201
7330 4231
7331 4260
7332 4286
7333 4316
7334 4340
7335 4370
7336 4396
7337 4424
7338 4453
7339 4484
7340 4512
7341 4539
7342 4561
7343 4589
7344 4618
7345 4649
7346 4678
7347 4705
7348 4735
7349 4761
7350 4786
7351 4813
7352 4837
7353 4862
7354 4885
7355 4911
7356 4937
7357 4960
7358 4982
7359 5004
7360 5026
7361 5045
7362 5063
7363 5082
7364 5099
7365 5116
7366 5131
7367 5146
7368 5160
7369 5173
7370 5185
7371 5196
7372 5206
7373 5215
7374 5223
7375 5230
7376 5236
7377 5241
7378 5245
7379 5248
7380 5250
7381 5251
7382 122
7383 243
7384 363
7385 481
7386 598
7387 712
7388 824
7389 934
7390 1041
7391 1146
7392 1248
7393 1346
7394 1444
7395 1535
7396 1626
7397 1713
7398 1797
7399 1878
7400 1961
7401 2038
7402 2114
7403 2188
7404 2260
7405 2328
7406 2401
7407 2467
7408 2527
7409 2589
7410 2651
7411 2707
7412 2773
7413 2823
7414 2878
7415 2932
7416 2983
7417 3037
7418 3089
7419 3132
7420 3178
7421 3223
7422 3272
7423 3309
7424 3354
7425 3392
7426 3432
7427 3478
7428 3516
7429 3554
7430 3592
7431 3626
7432 3672
7433 3706
7434 3741
7435 3773
7436 3811
7437 3851
7438 3886
7439 3918
7440 3952
7441 3979
7442 4014
7443 4037
7444 4062
7445 4093
7446 4125
7447 4159
7448 4190
7449 4219
7450 4247
7451 4278
7452 4308
7453 4334
7454 4365
7455 4390
7456 4420
7457 4447
7458 4476
7459 4505
7460 4537
7461 4562
7462 4589
7463 4612
7464 4641
7465 4670
7466 4701
7467 4731
7468 4759
7469 4789
7470 4816
7471 4840
7472 4868
7473 4893
7474 4919
7475 4943
7476 4970
7477 4996
7478 5020
7479 5043
7480 5066
7481 5089
7482 5109
7483 5128
7484 5148
7485 5166
7486 5184
7487 5200
7488 5216
7489 5231
7490 5245
7491 5258
7492 5270
7493 5281
7494 5291
7495 5300
7496 5308
7497 5315
7498 5321
7499 5326
7500 5330
7501 5333
7502 5335
7503 5336
7504 123
7505 245
7506 366
7507 485
7508 603
7509 718
7510 831
7511 942
7512 1050
7513 1156
7514 1259
7515 1358
7516 1457
7517 1549
7518 1641
7519 1729
7520 1814
7521 1896
7522 1979
7523 2057
7524 2134
7525 2209
7526 2281
7527 2350
7528 2424
7529 2491
7530 2552
7531 2615
7532 2678
7533 2735
7534 2802
7535 2852
7536 2907
7537 2962
7538 3013
7539 3068
7540 3121
7541 3165
7542 3210
7543 3256
7544 3306
7545 3344
7546 3389
7547 3428
7548 3469
7549 3516
7550 3554
7551 3593
7552 3632
7553 3667
7554 3713
7555 3748
7556 3784
7557 3815
7558 3853
7559 3894
7560 3930
7561 3963
7562 3994
7563 4022
7564 4058
7565 4082
7566 4108
7567 4140
7568 4172
7569 4207
7570 4239
7571 4267
7572 4296
7573 4328
7574 4357
7575 4384
7576 4416
7577 4440
7578 4471
7579 4499
7580 4528
7581 4558
7582 4588
7583 4613
7584 4641
7585 4665
7586 4691
7587 4720
7588 4752
7589 4782
7590 4809
7591 4840
7592 4867
7593 4892
7594 4921
7595 4947
7596 4974
7597 4999
7598 5026
7599 5052
7600 5077
7601 5101
7602 5124
7603 5148
7604 5169
7605 5189
7606 5210
7607 5229
7608 5248
7609 5265
7610 5282
7611 5298
7612 5313
7613 5327
7614 5340
7615 5352
7616 5363
7617 5373
7618 5382
7619 5390
7620 5397
7621 5403
7622 5408
7623 5412
7624 5415
7625 5417
7626 5418
7627 124
7628 247
7629 369
7630 489
7631 608
7632 724
7633 838
7634 950
7635 1059
7636 1166
7637 1270
7638 1370
7639 1470
7640 1563
7641 1656
7642 1745
7643 1831
7644 1914
7645 1998
7646 2077
7647 2155
7648 2230
7649 2303
7650 2373
7651 2448
7652 2516
7653 2578
7654 2640
7655 2704
7656 2762
7657 2830
7658 2881
7659 2937
7660 2992
7661 3044
7662 3100
7663 3154
7664 3199
7665 3244
7666 3290
7667 3341
7668 3380
7669 3425
7670 3465
7671 3507
7672 3554
7673 3592
7674 3632
7675 3671
7676 3706
7677 3753
7678 3788
7679 3825
7680 3855
7681 3894
7682 3936
7683 3973
7684 4006
7685 4038
7686 4067
7687 4104
7688 4128
7689 4155
7690 4186
7691 4219
7692 4255
7693 4287
7694 4314
7695 4344
7696 4375
7697 4405
7698 4433
7699 4465
7700 4489
7701 4521
7702 4546
7703 4576
7704 4606
7705 4636
7706 4662
7707 4691
7708 4715
7709 4742
7710 4772
7711 4804
7712 4834
7713 4862
7714 4889
7715 4917
7716 4943
7717 4973
7718 5000
7719 5027
7720 5052
7721 5079
7722 5106
7723 5132
7724 5157
7725 5181
7726 5206
7727 5228
7728 5248
7729 5269
7730 5289
7731 5309
7732 5327
7733 5345
7734 5362
7735 5378
7736 5393
7737 5407
7738 5420
7739 5432
7740 5443
7741 5453
7742 5462
7743 5470
7744 5477
7745 5483
7746 5488
7747 5492
7748 5495
7749 5497
7750 5498
7751 125
7752 249
7753 372
7754 493
7755 613
7756 730
7757 845
7758 958
7759 1068
7760 1176
7761 1281
7762 1382
7763 1483
7764 1577
7765 1671
7766 1761
7767 1847
7768 1931
7769 2016
7770 2096
7771 2175
7772 2251
7773 2325
7774 2396
7775 2472
7776 2541
7777 2604
7778 2667
7779 2731
7780 2790
7781 2859
7782 2911
7783 2967
7784 3023
7785 3076
7786 3133
7787 3187
7788 3233
7789 3279
7790 3326
7791 3378
7792 3418
7793 3464
7794 3505
7795 3545
7796 3593
7797 3631
7798 3672
7799 3711
7800 3747
7801 3795
7802 3831
7803 3867
7804 3898
7805 3938
7806 3981
7807 4017
7808 4051
7809 4084
7810 4114
7811 4152
7812 4177
7813 4205
7814 4237
7815 4270
7816 4306
7817 4339
7818 4367
7819 4396
7820 4428
7821 4459
7822 4487
7823 4519
7824 4544
7825 4575
7826 4601
7827 4627
7828 4657
7829 4688
7830 4714
7831 4742
7832 4767
7833 4795
7834 4825
7835 4856
7836 4887
7837 4915
7838 4943
7839 4972
7840 4999
7841 5030
7842 5057
7843 5083
7844 5109
7845 5137
7846 5165
7847 5192
7848 5218
7849 5243
7850 5269
7851 5290
7852 5310
7853 5332
7854 5353
7855 5373
7856 5392
7857 5411
7858 5429
7859 5446
7860 5462
7861 5477
7862 5491
7863 5504
7864 5516
7865 5527
7866 5537
7867 5546
7868 5554
7869 5561
7870 5567
7871 5572
7872 5576
7873 5579
7874 5581
7875 5582
7876 126
7877 251
7878 375
7879 497
7880 618
7881 736
7882 852
7883 966
7884 1077
7885 1186
7886 1292
7887 1394
7888 1496
7889 1591
7890 1686
7891 1777
7892 1864
7893 1949
7894 2035
7895 2116
7896 2196
7897 2273
7898 2348
7899 2420
7900 2497
7901 2567
7902 2631
7903 2695
7904 2760
7905 2819
7906 2889
7907 2942
7908 2999
7909 3056
7910 3110
7911 3165
7912 3220
7913 3266
7914 3313
7915 3361
7916 3414
7917 3455
7918 3502
7919 3543
7920 3584
7921 3632
7922 3671
7923 3712
7924 3752
7925 3788
7926 3837
7927 3873
7928 3910
7929 3942
7930 3983
7931 4024
7932 4061
7933 4096
7934 4130
7935 4160
7936 4199
7937 4224
7938 4252
7939 4284
7940 4317
7941 4352
7942 4386
7943 4414
7944 4444
7945 4477
7946 4507
7947 4534
7948 4567
7949 4592
7950 4624
7951 4651
7952 4678
7953 4709
7954 4741
7955 4768
7956 4796
7957 4822
7958 4851
7959 4879
7960 4911
7961 4939
7962 4968
7963 4997
7964 5027
7965 5055
7966 5086
7967 5112
7968 5139
7969 5166
7970 5195
7971 5223
7972 5251
7973 5278
7974 5304
7975 5329
7976 5351
7977 5372
7978 5395
7979 5417
7980 5438
7981 5458
7982 5477
7983 5496
7984 5514
7985 5530
7986 5546
7987 5561
7988 5575
7989 5588
7990 5600
7991 5611
7992 5621
7993 5630
7994 5638
7995 5645
7996 5651
7997 5656
7998 5660
7999 5663
8000 5665
8001 5666
8002 127
8003 253
8004 378
8005 501
8006 623
8007 742
8008 859
8009 974
8010 1086
8011 1196
8012 1303
8013 1406
8014 1509
8015 1605
8016 1701
8017 1793
8018 1881
8019 1967
8020 2054
8021 2136
8022 2217
8023 2295
8024 2371
8025 2444
8026 2522
8027 2593
8028 2658
8029 2723
8030 2789
8031 2849
8032 2919
8033 2973
8034 3031
8035 3089
8036 3144
8037 3200
8038 3256
8039 3303
8040 3351
8041 3399
8042 3453
8043 3495
8044 3542
8045 3584
8046 3626
8047 3675
8048 3714
8049 3756
8050 3797
8051 3834
8052 3883
8053 3920
8054 3958
8055 3991
8056 4030
8057 4072
8058 4109
8059 4145
8060 4179
8061 4210
8062 4250
8063 4275
8064 4303
8065 4335
8066 4369
8067 4405
8068 4436
8069 4465
8070 4496
8071 4528
8072 4559
8073 4587
8074 4620
8075 4646
8076 4677
8077 4704
8078 4732
8079 4764
8080 4795
8081 4823
8082 4852
8083 4879
8084 4907
8085 4936
8086 4967
8087 4996
8088 5025
8089 5055
8090 5086
8091 5114
8092 5143
8093 5170
8094 5198
8095 5226
8096 5255
8097 5284
8098 5313
8099 5341
8100 5367
8101 5393
8102 5416
8103 5438
8104 5462
8105 5485
8106 5507
8107 5528
8108 5548
8109 5568
8110 5587
8111 5604
8112 5621
8113 5637
8114 5652
8115 5666
8116 5679
8117 5691
8118 5702
8119 5712
8120 5721
8121 5729
8122 5736
8123 5742
8124 5747
8125 5751
8126 5754
8127 5756
8128 5757
8129 128
8130 255
8131 381
8132 505
8133 628
8134 748
8135 866
8136 982
8137 1095
8138 1206
8139 1314
8140 1418
8141 1522
8142 1619
8143 1716
8144 1809
8145 1898
8146 1984
8147 2072
8148 2155
8149 2237
8150 2316
8151 2393
8152 2466
8153 2545
8154 2616
8155 2682
8156 2747
8157 2814
8158 2875
8159 2946
8160 3001
8161 3060
8162 3119
8163 3175
8164 3232
8165 3289
8166 3337
8167 3386
8168 3435
8169 3490
8170 3533
8171 3581
8172 3623
8173 3666
8174 3715
8175 3755
8176 3797
8177 3839
8178 3875
8179 3925
8180 3963
8181 4002
8182 4035
8183 4075
8184 4116
8185 4154
8186 4190
8187 4225
8188 4257
8189 4298
8190 4324
8191 4352
8192 4384
8193 4419
8194 4455
8195 4487
8196 4517
8197 4548
8198 4580
8199 4612
8200 4639
8201 4673
8202 4698
8203 4729
8204 4757
8205 4785
8206 4816
8207 4848
8208 4877
8209 4907
8210 4934
8211 4961
8212 4987
8213 5019
8214 5049
8215 5078
8216 5109
8217 5139
8218 5166
8219 5196
8220 5224
8221 5253
8222 5281
8223 5310
8224 5339
8225 5369
8226 5395
8227 5422
8228 5449
8229 5473
8230 5496
8231 5521
8232 5544
8233 5567
8234 5589
8235 5610
8236 5631
8237 5651
8238 5669
8239 5687
8240 5704
8241 5720
8242 5734
8243 5748
8244 5761
8245 5773
8246 5784
8247 5794
8248 5803
8249 5811
8250 5818
8251 5824
8252 5829
8253 5833
8254 5836
8255 5838
8256 5839
8257 129
8258 257
8259 384
8260 509
8261 633
8262 754
8263 873
8264 990
8265 1104
8266 1216
8267 1325
8268 1430
8269 1535
8270 1633
8271 1731
8272 1825
8273 1914
8274 2001
8275 2090
8276 2174
8277 2257
8278 2337
8279 2415
8280 2489
8281 2569
8282 2641
8283 2708
8284 2774
8285 2840
8286 2902
8287 2974
8288 3030
8289 3089
8290 3148
8291 3205
8292 3263
8293 3321
8294 3369
8295 3419
8296 3469
8297 3523
8298 3567
8299 3616
8300 3659
8301 3702
8302 3752
8303 3793
8304 3835
8305 3877
8306 3914
8307 3965
8308 4004
8309 4042
8310 4076
8311 4117
8312 4159
8313 4196
8314 4233
8315 4269
8316 4302
8317 4344
8318 4371
8319 4399
8320 4432
8321 4467
8322 4504
8323 4537
8324 4567
8325 4596
8326 4629
8327 4661
8328 4689
8329 4721
8330 4747
8331 4779
8332 4808
8333 4836
8334 4868
8335 4901
8336 4930
8337 4958
8338 4986
8339 5013
8340 5040
8341 5073
8342 5104
8343 5134
8344 5165
8345 5191
8346 5219
8347 5250
8348 5279
8349 5306
8350 5335
8351 5365
8352 5395
8353 5426
8354 5452
8355 5480
8356 5508
8357 5532
8358 5556
8359 5582
8360 5605
8361 5629
8362 5652
8363 5673
8364 5695
8365 5716
8366 5735
8367 5754
8368 5772
8369 5789
8370 5804
8371 5819
8372 5833
8373 5846
8374 5858
8375 5869
8376 5879
8377 5888
8378 5896
8379 5903
8380 5909
8381 5914
8382 5918
8383 5921
8384 5923
8385 5924
8386 130
8387 259
8388 387
8389 513
8390 638
8391 760
8392 880
8393 998
8394 1113
8395 1226
8396 1336
8397 1442
8398 1548
8399 1647
8400 1746
8401 1841
8402 1931
8403 2019
8404 2109
8405 2194
8406 2278
8407 2359
8408 2438
8409 2513
8410 2593
8411 2666
8412 2734
8413 2801
8414 2868
8415 2931
8416 3004
8417 3060
8418 3120
8419 3179
8420 3237
8421 3296
8422 3354
8423 3403
8424 3454
8425 3503
8426 3558
8427 3602
8428 3652
8429 3696
8430 3740
8431 3790
8432 3832
8433 3874
8434 3917
8435 3955
8436 4007
8437 4045
8438 4084
8439 4119
8440 4161
8441 4204
8442 4242
8443 4280
8444 4317
8445 4350
8446 4392
8447 4419
8448 4448
8449 4481
8450 4517
8451 4555
8452 4586
8453 4617
8454 4647
8455 4678
8456 4711
8457 4740
8458 4773
8459 4800
8460 4832
8461 4862
8462 4891
8463 4924
8464 4957
8465 4984
8466 5013
8467 5040
8468 5068
8469 5095
8470 5128
8471 5160
8472 5191
8473 5220
8474 5247
8475 5276
8476 5308
8477 5336
8478 5364
8479 5394
8480 5425
8481 5456
8482 5487
8483 5514
8484 5543
8485 5570
8486 5595
8487 5620
8488 5646
8489 5670
8490 5695
8491 5718
8492 5740
8493 5763
8494 5785
8495 5805
8496 5825
8497 5843
8498 5861
8499 5877
8500 5893
8501 5908
8502 5922
8503 5935
8504 5947
8505 5958
8506 5968
8507 5977
8508 5985
8509 5992
8510 5998
8511 6003
8512 6007
8513 6010
8514 6012
8515 6013
8516 131
8517 261
8518 390
8519 517
8520 643
8521 766
8522 887
8523 1006
8524 1122
8525 1236
8526 1347
8527 1454
8528 1561
8529 1661
8530 1761
8531 1857
8532 1948
8533 2037
8534 2128
8535 2214
8536 2299
8537 2381
8538 2460
8539 2536
8540 2617
8541 2691
8542 2760
8543 2828
8544 2896
8545 2960
8546 3034
8547 3091
8548 3151
8549 3211
8550 3270
8551 3330
8552 3389
8553 3439
8554 3490
8555 3540
8556 3595
8557 3640
8558 3691
8559 3736
8560 3781
8561 3831
8562 3871
8563 3914
8564 3958
8565 3997
8566 4047
8567 4086
8568 4126
8569 4162
8570 4204
8571 4247
8572 4286
8573 4325
8574 4362
8575 4396
8576 4439
8577 4467
8578 4496
8579 4530
8580 4567
8581 4605
8582 4637
8583 4669
8584 4699
8585 4731
8586 4765
8587 4794
8588 4828
8589 4855
8590 4885
8591 4916
8592 4946
8593 4979
8594 5013
8595 5040
8596 5070
8597 5098
8598 5127
8599 5155
8600 5189
8601 5222
8602 5251
8603 5281
8604 5309
8605 5339
8606 5369
8607 5397
8608 5426
8609 5457
8610 5487
8611 5519
8612 5551
8613 5579
8614 5607
8615 5635
8616 5661
8617 5686
8618 5713
8619 5738
8620 5764
8621 5788
8622 5811
8623 5835
8624 5858
8625 5879
8626 5899
8627 5918
8628 5937
8629 5954
8630 5971
8631 5987
8632 6002
8633 6016
8634 6029
8635 6041
8636 6052
8637 6062
8638 6071
8639 6079
8640 6086
8641 6092
8642 6097
8643 6101
8644 6104
8645 6106
8646 6107
8647 132
8648 263
8649 393
8650 521
8651 648
8652 772
8653 894
8654 1014
8655 1131
8656 1246
8657 1358
8658 1466
8659 1574
8660 1675
8661 1776
8662 1873
8663 1965
8664 2055
8665 2147
8666 2233
8667 2319
8668 2402
8669 2482
8670 2558
8671 2640
8672 2715
8673 2785
8674 2854
8675 2923
8676 2987
8677 3062
8678 3119
8679 3180
8680 3241
8681 3301
8682 3362
8683 3422
8684 3473
8685 3525
8686 3576
8687 3632
8688 3678
8689 3730
8690 3776
8691 3821
8692 3871
8693 3912
8694 3956
8695 4001
8696 4040
8697 4091
8698 4129
8699 4170
8700 4205
8701 4248
8702 4291
8703 4330
8704 4369
8705 4407
8706 4440
8707 4484
8708 4509
8709 4539
8710 4574
8711 4612
8712 4650
8713 4683
8714 4714
8715 4745
8716 4777
8717 4811
8718 4841
8719 4876
8720 4902
8721 4932
8722 4964
8723 4994
8724 5026
8725 5061
8726 5086
8727 5117
8728 5146
8729 5176
8730 5205
8731 5240
8732 5273
8733 5301
8734 5332
8735 5361
8736 5389
8737 5420
8738 5449
8739 5479
8740 5511
8741 5541
8742 5574
8743 5607
8744 5636
8745 5665
8746 5692
8747 5718
8748 5743
8749 5771
8750 5796
8751 5823
8752 5848
8753 5872
8754 5896
8755 5920
8756 5941
8757 5962
8758 5981
8759 6001
8760 6019
8761 6037
8762 6054
8763 6070
8764 6085
8765 6099
8766 6112
8767 6124
8768 6135
8769 6145
8770 6154
8771 6162
8772 6169
8773 6175
8774 6180
8775 6184
8776 6187
8777 6189
8778 6190
8779 133
8780 265
8781 396
8782 525
8783 653
8784 778
8785 901
8786 1022
8787 1140
8788 1256
8789 1369
8790 1478
8791 1587
8792 1689
8793 1791
8794 1889
8795 1982
8796 2073
8797 2166
8798 2253
8799 2340
8800 2424
8801 2505
8802 2582
8803 2665
8804 2741
8805 2812
8806 2882
8807 2951
8808 3016
8809 3092
8810 3150
8811 3212
8812 3273
8813 3334
8814 3396
8815 3456
8816 3508
8817 3561
8818 3613
8819 3670
8820 3717
8821 3770
8822 3817
8823 3863
8824 3914
8825 3956
8826 4001
8827 4045
8828 4085
8829 4137
8830 4176
8831 4217
8832 4253
8833 4297
8834 4341
8835 4380
8836 4418
8837 4457
8838 4491
8839 4534
8840 4560
8841 4591
8842 4627
8843 4665
8844 4704
8845 4738
8846 4770
8847 4800
8848 4832
8849 4867
8850 4898
8851 4930
8852 4957
8853 4988
8854 5020
8855 5049
8856 5081
8857 5115
8858 5141
8859 5173
8860 5202
8861 5233
8862 5263
8863 5296
8864 5330
8865 5359
8866 5390
8867 5419
8868 5448
8869 5479
8870 5509
8871 5538
8872 5568
8873 5599
8874 5633
8875 5666
8876 5696
8877 5725
8878 5753
8879 5780
8880 5806
8881 5835
8882 5861
8883 5889
8884 5915
8885 5939
8886 5964
8887 5988
8888 6010
8889 6032
8890 6052
8891 6073
8892 6092
8893 6111
8894 6128
8895 6145
8896 6161
8897 6176
8898 6190
8899 6203
8900 6215
8901 6226
8902 6236
8903 6245
8904 6253
8905 6260
8906 6266
8907 6271
8908 6275
8909 6278
8910 6280
8911 6281
8912 134
8913 267
8914 399
8915 529
8916 658
8917 784
8918 908
8919 1030
8920 1149
8921 1266
8922 1380
8923 1490
8924 1600
8925 1703
8926 1806
8927 1905
8928 1999
8929 2091
8930 2185
8931 2273
8932 2361
8933 2446
8934 2528
8935 2605
8936 2689
8937 2766
8938 2838
8939 2909
8940 2978
8941 3043
8942 3120
8943 3179
8944 3242
8945 3304
8946 3366
8947 3429
8948 3490
8949 3541
8950 3595
8951 3648
8952 3706
8953 3753
8954 3807
8955 3853
8956 3900
8957 3952
8958 3995
8959 4040
8960 4085
8961 4126
8962 4179
8963 4218
8964 4259
8965 4295
8966 4340
8967 4384
8968 4424
8969 4463
8970 4503
8971 4537
8972 4581
8973 4608
8974 4640
8975 4676
8976 4715
8977 4754
8978 4789
8979 4821
8980 4851
8981 4884
8982 4919
8983 4950
8984 4983
8985 5011
8986 5042
8987 5075
8988 5105
8989 5135
8990 5170
8991 5197
8992 5229
8993 5259
8994 5290
8995 5317
8996 5351
8997 5386
8998 5415
8999 5446
9000 5475
9001 5505
9002 5537
9003 5565
9004 5594
9005 5625
9006 5657
9007 5691
9008 5725
9009 5755
9010 5783
9011 5812
9012 5840
9013 5866
9014 5896
9015 5923
9016 5952
9017 5978
9018 6003
9019 6028
9020 6053
9021 6076
9022 6098
9023 6119
9024 6141
9025 6161
9026 6181
9027 6199
9028 6217
9029 6234
9030 6250
9031 6265
9032 6279
9033 6292
9034 6304
9035 6315
9036 6325
9037 6334
9038 6342
9039 6349
9040 6355
9041 6360
9042 6364
9043 6367
9044 6369
9045 6370
9046 135
9047 269
9048 402
9049 533
9050 663
9051 790
9052 915
9053 1038
9054 1158
9055 1276
9056 1391
9057 1502
9058 1613
9059 1717
9060 1821
9061 1921
9062 2016
9063 2109
9064 2204
9065 2293
9066 2382
9067 2468
9068 2551
9069 2629
9070 2714
9071 2792
9072 2864
9073 2936
9074 3006
9075 3072
9076 3150
9077 3210
9078 3274
9079 3337
9080 3398
9081 3461
9082 3523
9083 3575
9084 3630
9085 3684
9086 3743
9087 3790
9088 3845
9089 3892
9090 3940
9091 3993
9092 4034
9093 4080
9094 4126
9095 4168
9096 4221
9097 4261
9098 4303
9099 4339
9100 4384
9101 4429
9102 4469
9103 4509
9104 4548
9105 4583
9106 4628
9107 4656
9108 4687
9109 4724
9110 4763
9111 4803
9112 4837
9113 4870
9114 4901
9115 4935
9116 4969
9117 5000
9118 5034
9119 5062
9120 5093
9121 5127
9122 5157
9123 5188
9124 5223
9125 5250
9126 5283
9127 5314
9128 5344
9129 5372
9130 5407
9131 5442
9132 5469
9133 5501
9134 5531
9135 5562
9136 5594
9137 5622
9138 5652
9139 5684
9140 5714
9141 5749
9142 5783
9143 5814
9144 5842
9145 5872
9146 5901
9147 5927
9148 5958
9149 5986
9150 6014
9151 6041
9152 6065
9153 6091
9154 6117
9155 6140
9156 6163
9157 6185
9158 6208
9159 6229
9160 6250
9161 6269
9162 6288
9163 6306
9164 6322
9165 6338
9166 6353
9167 6367
9168 6380
9169 6392
9170 6403
9171 6413
9172 6422
9173 6430
9174 6437
9175 6443
9176 6448
9177 6452
9178 6455
9179 6457
9180 6458
9181 136
9182 271
9183 405
9184 537
9185 668
9186 796
9187 922
9188 1046
9189 1167
9190 1286
9191 1402
9192 1514
9193 1626
9194 1731
9195 1836
9196 1937
9197 2033
9198 2127
9199 2223
9200 2313
9201 2403
9202 2490
9203 2574
9204 2653
9205 2739
9206 2818
9207 2891
9208 2964
9209 3035
9210 3102
9211 3181
9212 3242
9213 3307
9214 3370
9215 3432
9216 3496
9217 3559
9218 3612
9219 3668
9220 3722
9221 3781
9222 3829
9223 3885
9224 3933
9225 3982
9226 4034
9227 4076
9228 4122
9229 4169
9230 4211
9231 4265
9232 4305
9233 4348
9234 4384
9235 4430
9236 4475
9237 4516
9238 4555
9239 4595
9240 4631
9241 4677
9242 4706
9243 4738
9244 4774
9245 4814
9246 4855
9247 4890
9248 4924
9249 4956
9250 4989
9251 5024
9252 5056
9253 5090
9254 5118
9255 5150
9256 5182
9257 5213
9258 5245
9259 5280
9260 5308
9261 5342
9262 5372
9263 5403
9264 5432
9265 5468
9266 5504
9267 5532
9268 5564
9269 5595
9270 5626
9271 5658
9272 5687
9273 5718
9274 5751
9275 5782
9276 5816
9277 5851
9278 5882
9279 5911
9280 5941
9281 5971
9282 5998
9283 6030
9284 6058
9285 6087
9286 6113
9287 6138
9288 6165
9289 6192
9290 6216
9291 6240
9292 6263
9293 6287
9294 6309
9295 6331
9296 6351
9297 6371
9298 6390
9299 6407
9300 6424
9301 6439
9302 6454
9303 6468
9304 6481
9305 6493
9306 6504
9307 6514
9308 6523
9309 6531
9310 6538
9311 6544
9312 6549
9313 6553
9314 6556
9315 6558
9316 6559
9317 137
9318 273
9319 408
9320 541
9321 673
9322 802
9323 929
9324 1054
9325 1176
9326 1296
9327 1413
9328 1526
9329 1639
9330 1745
9331 1851
9332 1953
9333 2050
9334 2145
9335 2242
9336 2333
9337 2424
9338 2512
9339 2597
9340 2677
9341 2763
9342 2843
9343 2917
9344 2991
9345 3063
9346 3131
9347 3211
9348 3273
9349 3338
9350 3402
9351 3465
9352 3530
9353 3594
9354 3648
9355 3705
9356 3760
9357 3819
9358 3868
9359 3925
9360 3974
9361 4023
9362 4076
9363 4119
9364 4166
9365 4213
9366 4255
9367 4310
9368 4351
9369 4394
9370 4431
9371 4478
9372 4524
9373 4564
9374 4604
9375 4645
9376 4681
9377 4727
9378 4757
9379 4790
9380 4827
9381 4865
9382 4907
9383 4943
9384 4978
9385 5011
9386 5045
9387 5081
9388 5112
9389 5146
9390 5174
9391 5206
9392 5239
9393 5270
9394 5302
9395 5338
9396 5367
9397 5399
9398 5429
9399 5461
9400 5490
9401 5525
9402 5562
9403 5590
9404 5623
9405 5652
9406 5683
9407 5716
9408 5746
9409 5776
9410 5810
9411 5840
9412 5874
9413 5908
9414 5940
9415 5970
9416 6000
9417 6031
9418 6059
9419 6092
9420 6121
9421 6149
9422 6176
9423 6202
9424 6230
9425 6258
9426 6282
9427 6307
9428 6331
9429 6356
9430 6379
9431 6402
9432 6423
9433 6443
9434 6463
9435 6481
9436 6499
9437 6515
9438 6531
9439 6546
9440 6560
9441 6573
9442 6585
9443 6596
9444 6606
9445 6615
9446 6623
9447 6630
9448 6636
9449 6641
9450 6645
9451 6648
9452 6650
9453 6651
9454 138
9455 275
9456 411
9457 545
9458 678
9459 808
9460 936
9461 1062
9462 1185
9463 1306
9464 1424
9465 1538
9466 1652
9467 1759
9468 1866
9469 1969
9470 2067
9471 2162
9472 2260
9473 2352
9474 2444
9475 2533
9476 2619
9477 2699
9478 2786
9479 2866
9480 2941
9481 3016
9482 3089
9483 3158
9484 3239
9485 3302
9486 3368
9487 3432
9488 3496
9489 3562
9490 3627
9491 3681
9492 3738
9493 3793
9494 3853
9495 3903
9496 3961
9497 4011
9498 4061
9499 4115
9500 4159
9501 4206
9502 4254
9503 4297
9504 4353
9505 4394
9506 4436
9507 4473
9508 4521
9509 4567
9510 4608
9511 4649
9512 4691
9513 4726
9514 4773
9515 4804
9516 4838
9517 4876
9518 4915
9519 4958
9520 4995
9521 5029
9522 5063
9523 5098
9524 5134
9525 5165
9526 5200
9527 5226
9528 5259
9529 5293
9530 5324
9531 5357
9532 5394
9533 5423
9534 5455
9535 5486
9536 5518
9537 5545
9538 5581
9539 5617
9540 5646
9541 5677
9542 5705
9543 5737
9544 5771
9545 5800
9546 5831
9547 5865
9548 5895
9549 5928
9550 5963
9551 5993
9552 6023
9553 6054
9554 6086
9555 6114
9556 6148
9557 6177
9558 6206
9559 6234
9560 6261
9561 6290
9562 6318
9563 6343
9564 6369
9565 6394
9566 6420
9567 6443
9568 6467
9569 6489
9570 6509
9571 6530
9572 6549
9573 6568
9574 6585
9575 6602
9576 6618
9577 6633
9578 6647
9579 6660
9580 6672
9581 6683
9582 6693
9583 6702
9584 6710
9585 6717
9586 6723
9587 6728
9588 6732
9589 6735
9590 6737
9591 6738
9592 139
9593 277
9594 414
9595 549
9596 683
9597 814
9598 943
9599 1070
9600 1194
9601 1316
9602 1435
9603 1550
9604 1665
9605 1773
9606 1881
9607 1985
9608 2084
9609 2180
9610 2278
9611 2371
9612 2464
9613 2554
9614 2641
9615 2722
9616 2810
9617 2891
9618 2967
9619 3043
9620 3117
9621 3187
9622 3267
9623 3331
9624 3398
9625 3462
9626 3527
9627 3594
9628 3660
9629 3715
9630 3773
9631 3829
9632 3890
9633 3941
9634 3998
9635 4049
9636 4100
9637 4155
9638 4200
9639 4248
9640 4297
9641 4341
9642 4397
9643 4439
9644 4482
9645 4520
9646 4567
9647 4614
9648 4656
9649 4698
9650 4739
9651 4775
9652 4823
9653 4855
9654 4889
9655 4928
9656 4968
9657 5012
9658 5049
9659 5084
9660 5119
9661 5155
9662 5192
9663 5224
9664 5257
9665 5284
9666 5317
9667 5351
9668 5383
9669 5417
9670 5452
9671 5482
9672 5515
9673 5546
9674 5577
9675 5603
9676 5639
9677 5676
9678 5704
9679 5735
9680 5764
9681 5797
9682 5830
9683 5860
9684 5892
9685 5924
9686 5955
9687 5989
9688 6024
9689 6054
9690 6084
9691 6116
9692 6149
9693 6178
9694 6210
9695 6240
9696 6270
9697 6299
9698 6327
9699 6356
9700 6385
9701 6411
9702 6438
9703 6464
9704 6491
9705 6515
9706 6539
9707 6562
9708 6583
9709 6605
9710 6625
9711 6645
9712 6663
9713 6681
9714 6698
9715 6714
9716 6729
9717 6743
9718 6756
9719 6768
9720 6779
9721 6789
9722 6798
9723 6806
9724 6813
9725 6819
9726 6824
9727 6828
9728 6831
9729 6833
9730 6834
9731 140
9732 279
9733 417
9734 553
9735 688
9736 820
9737 950
9738 1078
9739 1203
9740 1326
9741 1446
9742 1562
9743 1678
9744 1787
9745 1896
9746 2001
9747 2101
9748 2198
9749 2297
9750 2391
9751 2485
9752 2576
9753 2664
9754 2746
9755 2835
9756 2917
9757 2994
9758 3071
9759 3146
9760 3215
9761 3296
9762 3361
9763 3429
9764 3494
9765 3560
9766 3627
9767 3694
9768 3749
9769 3808
9770 3865
9771 3927
9772 3978
9773 4036
9774 4086
9775 4138
9776 4194
9777 4240
9778 4289
9779 4338
9780 4382
9781 4439
9782 4481
9783 4525
9784 4563
9785 4611
9786 4659
9787 4702
9788 4744
9789 4786
9790 4821
9791 4870
9792 4900
9793 4935
9794 4975
9795 5015
9796 5060
9797 5098
9798 5134
9799 5170
9800 5204
9801 5242
9802 5273
9803 5307
9804 5334
9805 5367
9806 5402
9807 5435
9808 5468
9809 5504
9810 5535
9811 5568
9812 5599
9813 5631
9814 5657
9815 5694
9816 5728
9817 5756
9818 5788
9819 5818
9820 5850
9821 5884
9822 5913
9823 5946
9824 5978
9825 6010
9826 6042
9827 6077
9828 6108
9829 6139
9830 6171
9831 6205
9832 6233
9833 6266
9834 6296
9835 6326
9836 6356
9837 6383
9838 6413
9839 6443
9840 6470
9841 6498
9842 6525
9843 6553
9844 6577
9845 6602
9846 6626
9847 6648
9848 6671
9849 6692
9850 6713
9851 6732
9852 6750
9853 6768
9854 6785
9855 6801
9856 6816
9857 6830
9858 6843
9859 6855
9860 6866
9861 6876
9862 6885
9863 6893
9864 6900
9865 6906
9866 6911
9867 6915
9868 6918
9869 6920
9870 6921
9871 141
9872 281
9873 420
9874 557
9875 693
9876 826
9877 957
9878 1086
9879 1212
9880 1336
9881 1457
9882 1574
9883 1691
9884 1801
9885 1911
9886 2017
9887 2118
9888 2216
9889 2316
9890 2411
9891 2505
9892 2597
9893 2686
9894 2769
9895 2859
9896 2942
9897 3020
9898 3098
9899 3174
9900 3244
9901 3326
9902 3392
9903 3461
9904 3527
9905 3594
9906 3662
9907 3730
9908 3786
9909 3846
9910 3904
9911 3966
9912 4018
9913 4077
9914 4128
9915 4180
9916 4237
9917 4284
9918 4334
9919 4383
9920 4428
9921 4485
9922 4528
9923 4571
9924 4610
9925 4659
9926 4708
9927 4751
9928 4794
9929 4837
9930 4873
9931 4922
9932 4953
9933 4989
9934 5030
9935 5070
9936 5115
9937 5154
9938 5191
9939 5226
9940 5261
9941 5299
9942 5331
9943 5366
9944 5393
9945 5427
9946 5463
9947 5494
9948 5527
9949 5564
9950 5595
9951 5626
9952 5658
9953 5690
9954 5717
9955 5753
9956 5787
9957 5816
9958 5849
9959 5879
9960 5912
9961 5947
9962 5977
9963 6011
9964 6044
9965 6077
9966 6108
9967 6144
9968 6176
9969 6208
9970 6241
9971 6273
9972 6302
9973 6336
9974 6367
9975 6398
9976 6428
9977 6456
9978 6486
9979 6517
9980 6545
9981 6574
9982 6602
9983 6630
9984 6654
9985 6680
9986 6705
9987 6728
9988 6752
9989 6774
9990 6796
9991 6816
9992 6835
9993 6854
9994 6872
9995 6889
9996 6905
9997 6920
9998 6934
9999 6947
10000 6959
10001 6970
10002 6980
10003 6989
10004 6997
10005 7004
10006 7010
10007 7015
10008 7019
10009 7022
10010 7024
10011 7025
10012 142
10013 283
10014 423
10015 561
10016 698
10017 832
10018 964
10019 1094
10020 1221
10021 1346
10022 1468
10023 1586
10024 1704
10025 1815
10026 1926
10027 2033
10028 2135
10029 2234
10030 2335
10031 2431
10032 2526
10033 2619
10034 2709
10035 2793
10036 2883
10037 2967
10038 3046
10039 3124
10040 3201
10041 3271
10042 3354
10043 3421
10044 3491
10045 3557
10046 3625
10047 3694
10048 3763
10049 3820
10050 3881
