0 0
1 3
2 5
3 8
4 7
5 6
6 5
7 6
8 12
9 11
10 10
11 9
12 12
13 11
14 11
15 10
16 10
17 9
18 8
19 16
20 15
21 14
22 13
23 12
24 12
25 11
26 10
27 9
28 8
29 7
30 9
31 10
32 13
33 12
34 11
35 12
36 12
37 12
38 11
39 10
40 11
41 14
42 13
43 12
44 11
45 10
46 9
47 17
48 16
49 15
50 16
51 15
52 16
53 17
54 16
55 15
56 14
57 17
58 16
59 15
60 14
61 13
62 12
63 12
64 11
65 10
66 16
67 15
68 16
69 15
70 14
71 13
72 15
73 15
74 14
75 13
76 14
77 13
78 12
79 13
80 13
81 15
82 14
83 14
84 14
85 13
86 12
87 19
88 18
89 17
90 16
91 15
92 14
93 13
94 12
95 11
96 12
97 19
98 19
99 18
100 19
101 18
102 17
103 16
104 17
105 16
106 19
107 22
108 21
109 20
110 19
111 18
112 17
113 20
114 19
115 18
116 17
117 16
118 15
119 14
120 13
121 12
122 11
123 10
124 9
125 11
126 10
127 15
128 14
129 13
130 16
131 15
132 16
133 15
134 14
135 13
136 16
137 15
138 14
139 13
140 12
141 11
142 17
143 16
144 17
145 16
146 17
147 16
148 17
149 16
150 17
151 16
152 19
153 20
154 19
155 18
156 17
157 16
158 15
159 14
160 16
161 16
162 15
163 14
164 17
165 16
166 15
167 17
168 17
169 16
170 15
171 18
172 17
173 16
174 15
175 15
176 20
177 22
178 21
179 21
180 23
181 22
182 21
183 20
184 19
185 18
186 17
187 16
188 15
189 14
190 13
191 15
192 14
193 17
194 16
195 15
196 15
197 14
198 13
199 21
200 21
201 21
202 20
203 21
204 20
205 21
206 20
207 19
208 20
209 20
210 20
211 19
212 20
213 19
214 18
215 17
216 24
217 23
218 22
219 21
220 20
221 19
222 18
223 17
224 18
225 17
226 20
227 23
228 23
229 23
230 22
231 21
232 22
233 21
234 20
235 19
236 22
237 21
238 20
239 19
240 19
241 24
242 24
243 23
244 22
245 21
246 21
247 20
248 19
249 18
250 17
251 16
252 15
253 14
254 14
255 13
256 12
257 20
258 19
259 18
260 17
261 16
262 19
263 19
264 18
265 17
266 17
267 16
268 15
269 14
270 17
271 16
272 17
273 16
274 16
275 16
276 15
277 14
278 20
279 19
280 19
281 20
282 19
283 18
284 17
285 16
286 15
287 14
288 19
289 19
290 19
291 21
292 20
293 19
294 18
295 17
296 18
297 19
298 19
299 19
300 20
301 19
302 18
303 17
304 18
305 17
306 20
307 20
308 21
309 20
310 19
311 18
312 17
313 16
314 15
315 14
316 13
317 12
318 18
319 17
320 18
321 17
322 18
323 17
324 18
325 17
326 20
327 20
328 20
329 20
330 20
331 19
332 18
333 17
334 16
335 15
336 18
337 19
338 18
339 19
340 18
341 19
342 18
343 23
344 22
345 21
346 20
347 19
348 18
349 17
350 16
