0 1
1 1
2 2
3 2
4 3
5 3
6 4
7 4
8 4
9 4
10 6
11 6
12 6
13 6
14 8
15 8
16 5
17 5
18 8
19 8
20 9
21 9
22 12
23 12
24 8
25 8
26 12
27 12
28 12
29 12
30 16
31 16
32 6
33 6
34 10
35 10
36 12
37 12
38 16
39 16
40 12
41 12
42 18
43 18
44 18
45 18
46 24
47 24
48 10
49 10
50 16
51 16
52 18
53 18
54 24
55 24
56 16
57 16
58 24
59 24
60 24
61 24
62 32
63 32
64 7
65 7
66 12
67 12
68 15
69 15
70 20
71 20
72 16
73 16
74 24
75 24
76 24
77 24
78 32
79 32
80 15
81 15
82 24
83 24
84 27
85 27
86 36
87 36
88 24
89 24
90 36
91 36
92 36
93 36
94 48
95 48
96 12
97 12
98 20
99 20
100 24
101 24
102 32
103 32
104 24
105 24
106 36
107 36
108 36
109 36
110 48
111 48
112 20
113 20
114 32
115 32
116 36
117 36
118 48
119 48
120 32
121 32
122 48
123 48
124 48
125 48
126 64
127 64
128 8
129 8
130 14
131 14
132 18
133 18
134 24
135 24
136 20
137 20
138 30
139 30
140 30
141 30
142 40
143 40
144 20
145 20
146 32
147 32
148 36
149 36
150 48
151 48
152 32
153 32
154 48
155 48
156 48
157 48
158 64
159 64
160 18
161 18
162 30
163 30
164 36
165 36
166 48
167 48
168 36
169 36
170 54
171 54
172 54
173 54
174 72
175 72
176 30
177 30
178 48
179 48
180 54
181 54
182 72
183 72
184 48
185 48
186 72
187 72
188 72
189 72
190 96
191 96
192 14
193 14
194 24
195 24
196 30
197 30
198 40
199 40
200 32
201 32
202 48
203 48
204 48
205 48
206 64
207 64
208 30
209 30
210 48
211 48
212 54
213 54
214 72
215 72
216 48
217 48
218 72
219 72
220 72
221 72
222 96
223 96
224 24
225 24
226 40
227 40
228 48
229 48
230 64
231 64
232 48
233 48
234 72
235 72
236 72
237 72
238 96
239 96
240 40
241 40
242 64
243 64
244 72
245 72
246 96
247 96
248 64
249 64
250 96
251 96
252 96
253 96
254 128
255 128
256 9
257 9
258 16
259 16
260 21
261 21
262 28
263 28
264 24
265 24
266 36
267 36
268 36
269 36
270 48
271 48
272 25
273 25
274 40
275 40
276 45
277 45
278 60
279 60
280 40
281 40
282 60
283 60
284 60
285 60
286 80
287 80
288 24
289 24
290 40
291 40
292 48
293 48
294 64
295 64
296 48
297 48
298 72
299 72
300 72
301 72
302 96
303 96
304 40
305 40
306 64
307 64
308 72
309 72
310 96
311 96
312 64
313 64
314 96
315 96
316 96
317 96
318 128
319 128
320 21
321 21
322 36
323 36
324 45
325 45
326 60
327 60
328 48
329 48
330 72
331 72
332 72
333 72
334 96
335 96
336 45
337 45
338 72
339 72
340 81
341 81
342 108
343 108
344 72
345 72
346 108
347 108
348 108
349 108
350 144
351 144
352 36
353 36
354 60
355 60
356 72
357 72
358 96
359 96
360 72
361 72
362 108
363 108
364 108
365 108
366 144
367 144
368 60
369 60
370 96
371 96
372 108
373 108
374 144
375 144
376 96
377 96
378 144
379 144
380 144
381 144
382 192
383 192
384 16
385 16
386 28
387 28
388 36
389 36
390 48
391 48
392 40
393 40
394 60
395 60
396 60
397 60
398 80
399 80
400 40
401 40
402 64
403 64
404 72
405 72
406 96
407 96
408 64
409 64
410 96
411 96
412 96
413 96
414 128
415 128
416 36
417 36
418 60
419 60
420 72
421 72
422 96
423 96
424 72
425 72
426 108
427 108
428 108
429 108
430 144
431 144
432 60
433 60
434 96
435 96
436 108
437 108
438 144
439 144
440 96
441 96
442 144
443 144
444 144
445 144
446 192
447 192
448 28
449 28
450 48
451 48
452 60
453 60
454 80
455 80
456 64
457 64
458 96
459 96
460 96
461 96
462 128
463 128
464 60
465 60
466 96
467 96
468 108
469 108
470 144
471 144
472 96
473 96
474 144
475 144
476 144
477 144
478 192
479 192
480 48
481 48
482 80
483 80
484 96
485 96
486 128
487 128
488 96
489 96
490 144
491 144
492 144
493 144
494 192
495 192
496 80
497 80
498 128
499 128
500 144
501 144
502 192
503 192
504 128
505 128
506 192
507 192
508 192
509 192
510 256
511 256
512 10
513 10
514 18
515 18
516 24
517 24
518 32
519 32
520 28
521 28
522 42
523 42
524 42
525 42
526 56
527 56
528 30
529 30
530 48
531 48
532 54
533 54
534 72
535 72
536 48
537 48
538 72
539 72
540 72
541 72
542 96
543 96
544 30
545 30
546 50
547 50
548 60
549 60
550 80
551 80
552 60
553 60
554 90
555 90
556 90
557 90
558 120
559 120
560 50
561 50
562 80
563 80
564 90
565 90
566 120
567 120
568 80
569 80
570 120
571 120
572 120
573 120
574 160
575 160
576 28
577 28
578 48
579 48
580 60
581 60
582 80
583 80
584 64
585 64
586 96
587 96
588 96
589 96
590 128
591 128
592 60
593 60
594 96
595 96
596 108
597 108
598 144
599 144
600 96
601 96
602 144
603 144
604 144
605 144
606 192
607 192
608 48
609 48
610 80
611 80
612 96
613 96
614 128
615 128
616 96
617 96
618 144
619 144
620 144
621 144
622 192
623 192
624 80
625 80
626 128
627 128
628 144
629 144
630 192
631 192
632 128
633 128
634 192
635 192
636 192
637 192
638 256
639 256
640 24
641 24
642 42
643 42
644 54
645 54
646 72
647 72
648 60
649 60
650 90
651 90
652 90
653 90
654 120
655 120
656 60
657 60
658 96
659 96
660 108
661 108
662 144
663 144
664 96
665 96
666 144
667 144
668 144
669 144
670 192
671 192
672 54
673 54
674 90
675 90
676 108
677 108
678 144
679 144
680 108
681 108
682 162
683 162
684 162
685 162
686 216
687 216
688 90
689 90
690 144
691 144
692 162
693 162
694 216
695 216
696 144
697 144
698 216
699 216
700 216
701 216
702 288
703 288
704 42
705 42
706 72
707 72
708 90
709 90
710 120
711 120
712 96
713 96
714 144
715 144
716 144
717 144
718 192
719 192
720 90
721 90
722 144
723 144
724 162
725 162
726 216
727 216
728 144
729 144
730 216
731 216
732 216
733 216
734 288
735 288
736 72
737 72
738 120
739 120
740 144
741 144
742 192
743 192
744 144
745 144
746 216
747 216
748 216
749 216
750 288
751 288
752 120
753 120
754 192
755 192
756 216
757 216
758 288
759 288
760 192
761 192
762 288
763 288
764 288
765 288
766 384
767 384
768 18
769 18
770 32
771 32
772 42
773 42
774 56
775 56
776 48
777 48
778 72
779 72
780 72
781 72
782 96
783 96
784 50
785 50
786 80
787 80
788 90
789 90
790 120
791 120
792 80
793 80
794 120
795 120
796 120
797 120
798 160
799 160
800 48
801 48
802 80
803 80
804 96
805 96
806 128
807 128
808 96
809 96
810 144
811 144
812 144
813 144
814 192
815 192
816 80
817 80
818 128
819 128
820 144
821 144
822 192
823 192
824 128
825 128
826 192
827 192
828 192
829 192
830 256
831 256
832 42
833 42
834 72
835 72
836 90
837 90
838 120
839 120
840 96
841 96
842 144
843 144
844 144
845 144
846 192
847 192
848 90
849 90
850 144
851 144
852 162
853 162
854 216
855 216
856 144
857 144
858 216
859 216
860 216
861 216
862 288
863 288
864 72
865 72
866 120
867 120
868 144
869 144
870 192
871 192
872 144
873 144
874 216
875 216
876 216
877 216
878 288
879 288
880 120
881 120
882 192
883 192
884 216
885 216
886 288
887 288
888 192
889 192
890 288
891 288
892 288
893 288
894 384
895 384
896 32
897 32
898 56
899 56
900 72
901 72
902 96
903 96
904 80
905 80
906 120
907 120
908 120
909 120
910 160
911 160
912 80
913 80
914 128
915 128
916 144
917 144
918 192
919 192
920 128
921 128
922 192
923 192
924 192
925 192
926 256
927 256
928 72
929 72
930 120
931 120
932 144
933 144
934 192
935 192
936 144
937 144
938 216
939 216
940 216
941 216
942 288
943 288
944 120
945 120
946 192
947 192
948 216
949 216
950 288
951 288
952 192
953 192
954 288
955 288
956 288
957 288
958 384
959 384
960 56
961 56
962 96
963 96
964 120
965 120
966 160
967 160
968 128
969 128
970 192
971 192
972 192
973 192
974 256
975 256
976 120
977 120
978 192
979 192
980 216
981 216
982 288
983 288
984 192
985 192
986 288
987 288
988 288
989 288
990 384
991 384
992 96
993 96
994 160
995 160
996 192
997 192
998 256
999 256
1000 192
1001 192
1002 288
1003 288
1004 288
1005 288
1006 384
1007 384
1008 160
1009 160
1010 256
1011 256
1012 288
1013 288
1014 384
1015 384
1016 256
1017 256
1018 384
1019 384
1020 384
1021 384
1022 512
1023 512
1024 11
1025 11
1026 20
1027 20
1028 27
1029 27
1030 36
1031 36
1032 32
1033 32
1034 48
1035 48
1036 48
1037 48
1038 64
1039 64
1040 35
1041 35
1042 56
1043 56
1044 63
1045 63
1046 84
1047 84
1048 56
1049 56
1050 84
1051 84
1052 84
1053 84
1054 112
1055 112
1056 36
1057 36
1058 60
1059 60
1060 72
1061 72
1062 96
1063 96
1064 72
1065 72
1066 108
1067 108
1068 108
1069 108
1070 144
1071 144
1072 60
1073 60
1074 96
1075 96
1076 108
1077 108
1078 144
1079 144
1080 96
1081 96
1082 144
1083 144
1084 144
1085 144
1086 192
1087 192
1088 35
1089 35
1090 60
1091 60
1092 75
1093 75
1094 100
1095 100
1096 80
1097 80
1098 120
1099 120
1100 120
1101 120
1102 160
1103 160
1104 75
1105 75
1106 120
1107 120
1108 135
1109 135
1110 180
1111 180
1112 120
1113 120
1114 180
1115 180
1116 180
1117 180
1118 240
1119 240
1120 60
1121 60
1122 100
1123 100
1124 120
1125 120
1126 160
1127 160
1128 120
1129 120
1130 180
1131 180
1132 180
1133 180
1134 240
1135 240
1136 100
1137 100
1138 160
1139 160
1140 180
1141 180
1142 240
1143 240
1144 160
1145 160
1146 240
1147 240
1148 240
1149 240
1150 320
1151 320
1152 32
1153 32
1154 56
1155 56
1156 72
1157 72
1158 96
1159 96
1160 80
1161 80
1162 120
1163 120
1164 120
1165 120
1166 160
1167 160
1168 80
1169 80
1170 128
1171 128
1172 144
1173 144
1174 192
1175 192
1176 128
1177 128
1178 192
1179 192
1180 192
1181 192
1182 256
1183 256
1184 72
1185 72
1186 120
1187 120
1188 144
1189 144
1190 192
1191 192
1192 144
1193 144
1194 216
1195 216
1196 216
1197 216
1198 288
1199 288
1200 120
1201 120
1202 192
1203 192
1204 216
1205 216
1206 288
1207 288
1208 192
1209 192
1210 288
1211 288
1212 288
1213 288
1214 384
1215 384
1216 56
1217 56
1218 96
1219 96
1220 120
1221 120
1222 160
1223 160
1224 128
1225 128
1226 192
1227 192
1228 192
1229 192
1230 256
1231 256
1232 120
1233 120
1234 192
1235 192
1236 216
1237 216
1238 288
1239 288
1240 192
1241 192
1242 288
1243 288
1244 288
1245 288
1246 384
1247 384
1248 96
1249 96
1250 160
1251 160
1252 192
1253 192
1254 256
1255 256
1256 192
1257 192
1258 288
1259 288
1260 288
1261 288
1262 384
1263 384
1264 160
1265 160
1266 256
1267 256
1268 288
1269 288
1270 384
1271 384
1272 256
1273 256
1274 384
1275 384
1276 384
1277 384
1278 512
1279 512
1280 27
1281 27
1282 48
1283 48
1284 63
1285 63
1286 84
1287 84
1288 72
1289 72
1290 108
1291 108
1292 108
1293 108
1294 144
1295 144
1296 75
1297 75
1298 120
1299 120
1300 135
1301 135
1302 180
1303 180
1304 120
1305 120
1306 180
1307 180
1308 180
1309 180
1310 240
1311 240
1312 72
1313 72
1314 120
1315 120
1316 144
1317 144
1318 192
1319 192
1320 144
1321 144
1322 216
1323 216
1324 216
1325 216
1326 288
1327 288
1328 120
1329 120
1330 192
1331 192
1332 216
1333 216
1334 288
1335 288
1336 192
1337 192
1338 288
1339 288
1340 288
1341 288
1342 384
1343 384
1344 63
1345 63
1346 108
1347 108
1348 135
1349 135
1350 180
1351 180
1352 144
1353 144
1354 216
1355 216
1356 216
1357 216
1358 288
1359 288
1360 135
1361 135
1362 216
1363 216
1364 243
1365 243
1366 324
1367 324
1368 216
1369 216
1370 324
1371 324
1372 324
1373 324
1374 432
1375 432
1376 108
1377 108
1378 180
1379 180
1380 216
1381 216
1382 288
1383 288
1384 216
1385 216
1386 324
1387 324
1388 324
1389 324
1390 432
1391 432
1392 180
1393 180
1394 288
1395 288
1396 324
1397 324
1398 432
1399 432
1400 288
1401 288
1402 432
1403 432
1404 432
1405 432
1406 576
1407 576
1408 48
1409 48
1410 84
1411 84
1412 108
1413 108
1414 144
1415 144
1416 120
1417 120
1418 180
1419 180
1420 180
1421 180
1422 240
1423 240
1424 120
1425 120
1426 192
1427 192
1428 216
1429 216
1430 288
1431 288
1432 192
1433 192
1434 288
1435 288
1436 288
1437 288
1438 384
1439 384
1440 108
1441 108
1442 180
1443 180
1444 216
1445 216
1446 288
1447 288
1448 216
1449 216
1450 324
1451 324
1452 324
1453 324
1454 432
1455 432
1456 180
1457 180
1458 288
1459 288
1460 324
1461 324
1462 432
1463 432
1464 288
1465 288
1466 432
1467 432
1468 432
1469 432
1470 576
1471 576
1472 84
1473 84
1474 144
1475 144
1476 180
1477 180
1478 240
1479 240
1480 192
1481 192
1482 288
1483 288
1484 288
1485 288
1486 384
1487 384
1488 180
1489 180
1490 288
1491 288
1492 324
1493 324
1494 432
1495 432
1496 288
1497 288
1498 432
1499 432
1500 432
1501 432
1502 576
1503 576
1504 144
1505 144
1506 240
1507 240
1508 288
1509 288
1510 384
1511 384
1512 288
1513 288
1514 432
1515 432
1516 432
1517 432
1518 576
1519 576
1520 240
1521 240
1522 384
1523 384
1524 432
1525 432
1526 576
1527 576
1528 384
1529 384
1530 576
1531 576
1532 576
1533 576
1534 768
1535 768
1536 20
1537 20
1538 36
1539 36
1540 48
1541 48
1542 64
1543 64
1544 56
1545 56
1546 84
1547 84
1548 84
1549 84
1550 112
1551 112
1552 60
1553 60
1554 96
1555 96
1556 108
1557 108
1558 144
1559 144
1560 96
1561 96
1562 144
1563 144
1564 144
1565 144
1566 192
1567 192
1568 60
1569 60
1570 100
1571 100
1572 120
1573 120
1574 160
1575 160
1576 120
1577 120
1578 180
1579 180
1580 180
1581 180
1582 240
1583 240
1584 100
1585 100
1586 160
1587 160
1588 180
1589 180
1590 240
1591 240
1592 160
1593 160
1594 240
1595 240
1596 240
1597 240
1598 320
1599 320
1600 56
1601 56
1602 96
1603 96
1604 120
1605 120
1606 160
1607 160
1608 128
1609 128
1610 192
1611 192
1612 192
1613 192
1614 256
1615 256
1616 120
1617 120
1618 192
1619 192
1620 216
1621 216
1622 288
1623 288
1624 192
1625 192
1626 288
1627 288
1628 288
1629 288
1630 384
1631 384
1632 96
1633 96
1634 160
1635 160
1636 192
1637 192
1638 256
1639 256
1640 192
1641 192
1642 288
1643 288
1644 288
1645 288
1646 384
1647 384
1648 160
1649 160
1650 256
1651 256
1652 288
1653 288
1654 384
1655 384
1656 256
1657 256
1658 384
1659 384
1660 384
1661 384
1662 512
1663 512
1664 48
1665 48
1666 84
1667 84
1668 108
1669 108
1670 144
1671 144
1672 120
1673 120
1674 180
1675 180
1676 180
1677 180
1678 240
1679 240
1680 120
1681 120
1682 192
1683 192
1684 216
1685 216
1686 288
1687 288
1688 192
1689 192
1690 288
1691 288
1692 288
1693 288
1694 384
1695 384
1696 108
1697 108
1698 180
1699 180
1700 216
1701 216
1702 288
1703 288
1704 216
1705 216
1706 324
1707 324
1708 324
1709 324
1710 432
1711 432
1712 180
1713 180
1714 288
1715 288
1716 324
1717 324
1718 432
1719 432
1720 288
1721 288
1722 432
1723 432
1724 432
1725 432
1726 576
1727 576
1728 84
1729 84
1730 144
1731 144
1732 180
1733 180
1734 240
1735 240
1736 192
1737 192
1738 288
1739 288
1740 288
1741 288
1742 384
1743 384
1744 180
1745 180
1746 288
1747 288
1748 324
1749 324
1750 432
1751 432
1752 288
1753 288
1754 432
1755 432
1756 432
1757 432
1758 576
1759 576
1760 144
1761 144
1762 240
1763 240
1764 288
1765 288
1766 384
1767 384
1768 288
1769 288
1770 432
1771 432
1772 432
1773 432
1774 576
1775 576
1776 240
1777 240
1778 384
1779 384
1780 432
1781 432
1782 576
1783 576
1784 384
1785 384
1786 576
1787 576
1788 576
1789 576
1790 768
1791 768
1792 36
1793 36
1794 64
1795 64
1796 84
1797 84
1798 112
1799 112
1800 96
1801 96
1802 144
1803 144
1804 144
1805 144
1806 192
1807 192
1808 100
1809 100
1810 160
1811 160
1812 180
1813 180
1814 240
1815 240
1816 160
1817 160
1818 240
1819 240
1820 240
1821 240
1822 320
1823 320
1824 96
1825 96
1826 160
1827 160
1828 192
1829 192
1830 256
1831 256
1832 192
1833 192
1834 288
1835 288
1836 288
1837 288
1838 384
1839 384
1840 160
1841 160
1842 256
1843 256
1844 288
1845 288
1846 384
1847 384
1848 256
1849 256
1850 384
1851 384
1852 384
1853 384
1854 512
1855 512
1856 84
1857 84
1858 144
1859 144
1860 180
1861 180
1862 240
1863 240
1864 192
1865 192
1866 288
1867 288
1868 288
1869 288
1870 384
1871 384
1872 180
1873 180
1874 288
1875 288
1876 324
1877 324
1878 432
1879 432
1880 288
1881 288
1882 432
1883 432
1884 432
1885 432
1886 576
1887 576
1888 144
1889 144
1890 240
1891 240
1892 288
1893 288
1894 384
1895 384
1896 288
1897 288
1898 432
1899 432
1900 432
1901 432
1902 576
1903 576
1904 240
1905 240
1906 384
1907 384
1908 432
1909 432
1910 576
1911 576
1912 384
1913 384
1914 576
1915 576
1916 576
1917 576
1918 768
1919 768
1920 64
1921 64
1922 112
1923 112
1924 144
1925 144
1926 192
1927 192
1928 160
1929 160
1930 240
1931 240
1932 240
1933 240
1934 320
1935 320
1936 160
1937 160
1938 256
1939 256
1940 288
1941 288
1942 384
1943 384
1944 256
1945 256
1946 384
1947 384
1948 384
1949 384
1950 512
1951 512
1952 144
1953 144
1954 240
1955 240
1956 288
1957 288
1958 384
1959 384
1960 288
1961 288
1962 432
1963 432
1964 432
1965 432
1966 576
1967 576
1968 240
1969 240
1970 384
1971 384
1972 432
1973 432
1974 576
1975 576
1976 384
1977 384
1978 576
1979 576
1980 576
1981 576
1982 768
1983 768
1984 112
1985 112
1986 192
1987 192
1988 240
1989 240
1990 320
1991 320
1992 256
1993 256
1994 384
1995 384
1996 384
1997 384
1998 512
1999 512
2000 240
2001 240
2002 384
2003 384
2004 432
2005 432
2006 576
2007 576
2008 384
2009 384
2010 576
2011 576
2012 576
2013 576
2014 768
2015 768
2016 192
2017 192
2018 320
2019 320
2020 384
2021 384
2022 512
2023 512
2024 384
2025 384
2026 576
2027 576
2028 576
2029 576
2030 768
2031 768
2032 320
2033 320
2034 512
2035 512
2036 576
2037 576
2038 768
2039 768
2040 512
2041 512
2042 768
2043 768
2044 768
2045 768
2046 1024
2047 1024
2048 12
2049 12
2050 22
2051 22
2052 30
2053 30
2054 40
2055 40
2056 36
2057 36
2058 54
2059 54
2060 54
2061 54
2062 72
2063 72
2064 40
2065 40
2066 64
2067 64
2068 72
2069 72
2070 96
2071 96
2072 64
2073 64
2074 96
2075 96
2076 96
2077 96
2078 128
2079 128
2080 42
2081 42
2082 70
2083 70
2084 84
2085 84
2086 112
2087 112
2088 84
2089 84
2090 126
2091 126
2092 126
2093 126
2094 168
2095 168
2096 70
2097 70
2098 112
2099 112
2100 126
2101 126
2102 168
2103 168
2104 112
2105 112
2106 168
2107 168
2108 168
2109 168
2110 224
2111 224
2112 42
2113 42
2114 72
2115 72
2116 90
2117 90
2118 120
2119 120
2120 96
2121 96
2122 144
2123 144
2124 144
2125 144
2126 192
2127 192
2128 90
2129 90
2130 144
2131 144
2132 162
2133 162
2134 216
2135 216
2136 144
2137 144
2138 216
2139 216
2140 216
2141 216
2142 288
2143 288
2144 72
2145 72
2146 120
2147 120
2148 144
2149 144
2150 192
2151 192
2152 144
2153 144
2154 216
2155 216
2156 216
2157 216
2158 288
2159 288
2160 120
2161 120
2162 192
2163 192
2164 216
2165 216
2166 288
2167 288
2168 192
2169 192
2170 288
2171 288
2172 288
2173 288
2174 384
2175 384
2176 40
2177 40
2178 70
2179 70
2180 90
2181 90
2182 120
2183 120
2184 100
2185 100
2186 150
2187 150
2188 150
2189 150
2190 200
2191 200
2192 100
2193 100
2194 160
2195 160
2196 180
2197 180
2198 240
2199 240
2200 160
2201 160
2202 240
2203 240
2204 240
2205 240
2206 320
2207 320
2208 90
2209 90
2210 150
2211 150
2212 180
2213 180
2214 240
2215 240
2216 180
2217 180
2218 270
2219 270
2220 270
2221 270
2222 360
2223 360
2224 150
2225 150
2226 240
2227 240
2228 270
2229 270
2230 360
2231 360
2232 240
2233 240
2234 360
2235 360
2236 360
2237 360
2238 480
2239 480
2240 70
2241 70
2242 120
2243 120
2244 150
2245 150
2246 200
2247 200
2248 160
2249 160
2250 240
2251 240
2252 240
2253 240
2254 320
2255 320
2256 150
2257 150
2258 240
2259 240
2260 270
2261 270
2262 360
2263 360
2264 240
2265 240
2266 360
2267 360
2268 360
2269 360
2270 480
2271 480
2272 120
2273 120
2274 200
2275 200
2276 240
2277 240
2278 320
2279 320
2280 240
2281 240
2282 360
2283 360
2284 360
2285 360
2286 480
2287 480
2288 200
2289 200
2290 320
2291 320
2292 360
2293 360
2294 480
2295 480
2296 320
2297 320
2298 480
2299 480
2300 480
2301 480
2302 640
2303 640
2304 36
2305 36
2306 64
2307 64
2308 84
2309 84
2310 112
2311 112
2312 96
2313 96
2314 144
2315 144
2316 144
2317 144
2318 192
2319 192
2320 100
2321 100
2322 160
2323 160
2324 180
2325 180
2326 240
2327 240
2328 160
2329 160
2330 240
2331 240
2332 240
2333 240
2334 320
2335 320
2336 96
2337 96
2338 160
2339 160
2340 192
2341 192
2342 256
2343 256
2344 192
2345 192
2346 288
2347 288
2348 288
2349 288
2350 384
2351 384
2352 160
2353 160
2354 256
2355 256
2356 288
2357 288
2358 384
2359 384
2360 256
2361 256
2362 384
2363 384
2364 384
2365 384
2366 512
2367 512
2368 84
2369 84
2370 144
2371 144
2372 180
2373 180
2374 240
2375 240
2376 192
2377 192
2378 288
2379 288
2380 288
2381 288
2382 384
2383 384
2384 180
2385 180
2386 288
2387 288
2388 324
2389 324
2390 432
2391 432
2392 288
2393 288
2394 432
2395 432
2396 432
2397 432
2398 576
2399 576
2400 144
2401 144
2402 240
2403 240
2404 288
2405 288
2406 384
2407 384
2408 288
2409 288
2410 432
2411 432
2412 432
2413 432
2414 576
2415 576
2416 240
2417 240
2418 384
2419 384
2420 432
2421 432
2422 576
2423 576
2424 384
2425 384
2426 576
2427 576
2428 576
2429 576
2430 768
2431 768
2432 64
2433 64
2434 112
2435 112
2436 144
2437 144
2438 192
2439 192
2440 160
2441 160
2442 240
2443 240
2444 240
2445 240
2446 320
2447 320
2448 160
2449 160
2450 256
2451 256
2452 288
2453 288
2454 384
2455 384
2456 256
2457 256
2458 384
2459 384
2460 384
2461 384
2462 512
2463 512
2464 144
2465 144
2466 240
2467 240
2468 288
2469 288
2470 384
2471 384
2472 288
2473 288
2474 432
2475 432
2476 432
2477 432
2478 576
2479 576
2480 240
2481 240
2482 384
2483 384
2484 432
2485 432
2486 576
2487 576
2488 384
2489 384
2490 576
2491 576
2492 576
2493 576
2494 768
2495 768
2496 112
2497 112
2498 192
2499 192
2500 240
2501 240
2502 320
2503 320
2504 256
2505 256
2506 384
2507 384
2508 384
2509 384
2510 512
2511 512
2512 240
2513 240
2514 384
2515 384
2516 432
2517 432
2518 576
2519 576
2520 384
2521 384
2522 576
2523 576
2524 576
2525 576
2526 768
2527 768
2528 192
2529 192
2530 320
2531 320
2532 384
2533 384
2534 512
2535 512
2536 384
2537 384
2538 576
2539 576
2540 576
2541 576
2542 768
2543 768
2544 320
2545 320
2546 512
2547 512
2548 576
2549 576
2550 768
2551 768
2552 512
2553 512
2554 768
2555 768
2556 768
2557 768
2558 1024
2559 1024
2560 30
2561 30
2562 54
2563 54
2564 72
2565 72
2566 96
2567 96
2568 84
2569 84
2570 126
2571 126
2572 126
2573 126
2574 168
2575 168
2576 90
2577 90
2578 144
2579 144
2580 162
2581 162
2582 216
2583 216
2584 144
2585 144
2586 216
2587 216
2588 216
2589 216
2590 288
2591 288
2592 90
2593 90
2594 150
2595 150
2596 180
2597 180
2598 240
2599 240
2600 180
2601 180
2602 270
2603 270
2604 270
2605 270
2606 360
2607 360
2608 150
2609 150
2610 240
2611 240
2612 270
2613 270
2614 360
2615 360
2616 240
2617 240
2618 360
2619 360
2620 360
2621 360
2622 480
2623 480
2624 84
2625 84
2626 144
2627 144
2628 180
2629 180
2630 240
2631 240
2632 192
2633 192
2634 288
2635 288
2636 288
2637 288
2638 384
2639 384
2640 180
2641 180
2642 288
2643 288
2644 324
2645 324
2646 432
2647 432
2648 288
2649 288
2650 432
2651 432
2652 432
2653 432
2654 576
2655 576
2656 144
2657 144
2658 240
2659 240
2660 288
2661 288
2662 384
2663 384
2664 288
2665 288
2666 432
2667 432
2668 432
2669 432
2670 576
2671 576
2672 240
2673 240
2674 384
2675 384
2676 432
2677 432
2678 576
2679 576
2680 384
2681 384
2682 576
2683 576
2684 576
2685 576
2686 768
2687 768
2688 72
2689 72
2690 126
2691 126
2692 162
2693 162
2694 216
2695 216
2696 180
2697 180
2698 270
2699 270
2700 270
2701 270
2702 360
2703 360
2704 180
2705 180
2706 288
2707 288
2708 324
2709 324
2710 432
2711 432
2712 288
2713 288
2714 432
2715 432
2716 432
2717 432
2718 576
2719 576
2720 162
2721 162
2722 270
2723 270
2724 324
2725 324
2726 432
2727 432
2728 324
2729 324
2730 486
2731 486
2732 486
2733 486
2734 648
2735 648
2736 270
2737 270
2738 432
2739 432
2740 486
2741 486
2742 648
2743 648
2744 432
2745 432
2746 648
2747 648
2748 648
2749 648
2750 864
2751 864
2752 126
2753 126
2754 216
2755 216
2756 270
2757 270
2758 360
2759 360
2760 288
2761 288
2762 432
2763 432
2764 432
2765 432
2766 576
2767 576
2768 270
2769 270
2770 432
2771 432
2772 486
2773 486
2774 648
2775 648
2776 432
2777 432
2778 648
2779 648
2780 648
2781 648
2782 864
2783 864
2784 216
2785 216
2786 360
2787 360
2788 432
2789 432
2790 576
2791 576
2792 432
2793 432
2794 648
2795 648
2796 648
2797 648
2798 864
2799 864
2800 360
2801 360
2802 576
2803 576
2804 648
2805 648
2806 864
2807 864
2808 576
2809 576
2810 864
2811 864
2812 864
2813 864
2814 1152
2815 1152
2816 54
2817 54
2818 96
2819 96
2820 126
2821 126
2822 168
2823 168
2824 144
2825 144
2826 216
2827 216
2828 216
2829 216
2830 288
2831 288
2832 150
2833 150
2834 240
2835 240
2836 270
2837 270
2838 360
2839 360
2840 240
2841 240
2842 360
2843 360
2844 360
2845 360
2846 480
2847 480
2848 144
2849 144
2850 240
2851 240
2852 288
2853 288
2854 384
2855 384
2856 288
2857 288
2858 432
2859 432
2860 432
2861 432
2862 576
2863 576
2864 240
2865 240
2866 384
2867 384
2868 432
2869 432
2870 576
2871 576
2872 384
2873 384
2874 576
2875 576
2876 576
2877 576
2878 768
2879 768
2880 126
2881 126
2882 216
2883 216
2884 270
2885 270
2886 360
2887 360
2888 288
2889 288
2890 432
2891 432
2892 432
2893 432
2894 576
2895 576
2896 270
2897 270
2898 432
2899 432
2900 486
2901 486
2902 648
2903 648
2904 432
2905 432
2906 648
2907 648
2908 648
2909 648
2910 864
2911 864
2912 216
2913 216
2914 360
2915 360
2916 432
2917 432
2918 576
2919 576
2920 432
2921 432
2922 648
2923 648
2924 648
2925 648
2926 864
2927 864
2928 360
2929 360
2930 576
2931 576
2932 648
2933 648
2934 864
2935 864
2936 576
2937 576
2938 864
2939 864
2940 864
2941 864
2942 1152
2943 1152
2944 96
2945 96
2946 168
2947 168
2948 216
2949 216
2950 288
2951 288
2952 240
2953 240
2954 360
2955 360
2956 360
2957 360
2958 480
2959 480
2960 240
2961 240
2962 384
2963 384
2964 432
2965 432
2966 576
2967 576
2968 384
2969 384
2970 576
2971 576
2972 576
2973 576
2974 768
2975 768
2976 216
2977 216
2978 360
2979 360
2980 432
2981 432
2982 576
2983 576
2984 432
2985 432
2986 648
2987 648
2988 648
2989 648
2990 864
2991 864
2992 360
2993 360
2994 576
2995 576
2996 648
2997 648
2998 864
2999 864
3000 576
3001 576
3002 864
3003 864
3004 864
3005 864
3006 1152
3007 1152
3008 168
3009 168
3010 288
3011 288
3012 360
3013 360
3014 480
3015 480
3016 384
3017 384
3018 576
3019 576
3020 576
3021 576
3022 768
3023 768
3024 360
3025 360
3026 576
3027 576
3028 648
3029 648
3030 864
3031 864
3032 576
3033 576
3034 864
3035 864
3036 864
3037 864
3038 1152
3039 1152
3040 288
3041 288
3042 480
3043 480
3044 576
3045 576
3046 768
3047 768
3048 576
3049 576
3050 864
3051 864
3052 864
3053 864
3054 1152
3055 1152
3056 480
3057 480
3058 768
3059 768
3060 864
3061 864
3062 1152
3063 1152
3064 768
3065 768
3066 1152
3067 1152
3068 1152
3069 1152
3070 1536
3071 1536
3072 22
3073 22
3074 40
3075 40
3076 54
3077 54
3078 72
3079 72
3080 64
3081 64
3082 96
3083 96
3084 96
3085 96
3086 128
3087 128
3088 70
3089 70
3090 112
3091 112
3092 126
3093 126
3094 168
3095 168
3096 112
3097 112
3098 168
3099 168
3100 168
3101 168
3102 224
3103 224
3104 72
3105 72
3106 120
3107 120
3108 144
3109 144
3110 192
3111 192
3112 144
3113 144
3114 216
3115 216
3116 216
3117 216
3118 288
3119 288
3120 120
3121 120
3122 192
3123 192
3124 216
3125 216
3126 288
3127 288
3128 192
3129 192
3130 288
3131 288
3132 288
3133 288
3134 384
3135 384
3136 70
3137 70
3138 120
3139 120
3140 150
3141 150
3142 200
3143 200
3144 160
3145 160
3146 240
3147 240
3148 240
3149 240
3150 320
3151 320
3152 150
3153 150
3154 240
3155 240
3156 270
3157 270
3158 360
3159 360
3160 240
3161 240
3162 360
3163 360
3164 360
3165 360
3166 480
3167 480
3168 120
3169 120
3170 200
3171 200
3172 240
3173 240
3174 320
3175 320
3176 240
3177 240
3178 360
3179 360
3180 360
3181 360
3182 480
3183 480
3184 200
3185 200
3186 320
3187 320
3188 360
3189 360
3190 480
3191 480
3192 320
3193 320
3194 480
3195 480
3196 480
3197 480
3198 640
3199 640
3200 64
3201 64
3202 112
3203 112
3204 144
3205 144
3206 192
3207 192
3208 160
3209 160
3210 240
3211 240
3212 240
3213 240
3214 320
3215 320
3216 160
3217 160
3218 256
3219 256
3220 288
3221 288
3222 384
3223 384
3224 256
3225 256
3226 384
3227 384
3228 384
3229 384
3230 512
3231 512
3232 144
3233 144
3234 240
3235 240
3236 288
3237 288
3238 384
3239 384
3240 288
3241 288
3242 432
3243 432
3244 432
3245 432
3246 576
3247 576
3248 240
3249 240
3250 384
3251 384
3252 432
3253 432
3254 576
3255 576
3256 384
3257 384
3258 576
3259 576
3260 576
3261 576
3262 768
3263 768
3264 112
3265 112
3266 192
3267 192
3268 240
3269 240
3270 320
3271 320
3272 256
3273 256
3274 384
3275 384
3276 384
3277 384
3278 512
3279 512
3280 240
3281 240
3282 384
3283 384
3284 432
3285 432
3286 576
3287 576
3288 384
3289 384
3290 576
3291 576
3292 576
3293 576
3294 768
3295 768
3296 192
3297 192
3298 320
3299 320
3300 384
3301 384
3302 512
3303 512
3304 384
3305 384
3306 576
3307 576
3308 576
3309 576
3310 768
3311 768
3312 320
3313 320
3314 512
3315 512
3316 576
3317 576
3318 768
3319 768
3320 512
3321 512
3322 768
3323 768
3324 768
3325 768
3326 1024
3327 1024
3328 54
3329 54
3330 96
3331 96
3332 126
3333 126
3334 168
3335 168
3336 144
3337 144
3338 216
3339 216
3340 216
3341 216
3342 288
3343 288
3344 150
3345 150
3346 240
3347 240
3348 270
3349 270
3350 360
3351 360
3352 240
3353 240
3354 360
3355 360
3356 360
3357 360
3358 480
3359 480
3360 144
3361 144
3362 240
3363 240
3364 288
3365 288
3366 384
3367 384
3368 288
3369 288
3370 432
3371 432
3372 432
3373 432
3374 576
3375 576
3376 240
3377 240
3378 384
3379 384
3380 432
3381 432
3382 576
3383 576
3384 384
3385 384
3386 576
3387 576
3388 576
3389 576
3390 768
3391 768
3392 126
3393 126
3394 216
3395 216
3396 270
3397 270
3398 360
3399 360
3400 288
3401 288
3402 432
3403 432
3404 432
3405 432
3406 576
3407 576
3408 270
3409 270
3410 432
3411 432
3412 486
3413 486
3414 648
3415 648
3416 432
3417 432
3418 648
3419 648
3420 648
3421 648
3422 864
3423 864
3424 216
3425 216
3426 360
3427 360
3428 432
3429 432
3430 576
3431 576
3432 432
3433 432
3434 648
3435 648
3436 648
3437 648
3438 864
3439 864
3440 360
3441 360
3442 576
3443 576
3444 648
3445 648
3446 864
3447 864
3448 576
3449 576
3450 864
3451 864
3452 864
3453 864
3454 1152
3455 1152
3456 96
3457 96
3458 168
3459 168
3460 216
3461 216
3462 288
3463 288
3464 240
3465 240
3466 360
3467 360
3468 360
3469 360
3470 480
3471 480
3472 240
3473 240
3474 384
3475 384
3476 432
3477 432
3478 576
3479 576
3480 384
3481 384
3482 576
3483 576
3484 576
3485 576
3486 768
3487 768
3488 216
3489 216
3490 360
3491 360
3492 432
3493 432
3494 576
3495 576
3496 432
3497 432
3498 648
3499 648
3500 648
3501 648
3502 864
3503 864
3504 360
3505 360
3506 576
3507 576
3508 648
3509 648
3510 864
3511 864
3512 576
3513 576
3514 864
3515 864
3516 864
3517 864
3518 1152
3519 1152
3520 168
3521 168
3522 288
3523 288
3524 360
3525 360
3526 480
3527 480
3528 384
3529 384
3530 576
3531 576
3532 576
3533 576
3534 768
3535 768
3536 360
3537 360
3538 576
3539 576
3540 648
3541 648
3542 864
3543 864
3544 576
3545 576
3546 864
3547 864
3548 864
3549 864
3550 1152
3551 1152
3552 288
3553 288
3554 480
3555 480
3556 576
3557 576
3558 768
3559 768
3560 576
3561 576
3562 864
3563 864
3564 864
3565 864
3566 1152
3567 1152
3568 480
3569 480
3570 768
3571 768
3572 864
3573 864
3574 1152
3575 1152
3576 768
3577 768
3578 1152
3579 1152
3580 1152
3581 1152
3582 1536
3583 1536
3584 40
3585 40
3586 72
3587 72
3588 96
3589 96
3590 128
3591 128
3592 112
3593 112
3594 168
3595 168
3596 168
3597 168
3598 224
3599 224
3600 120
3601 120
3602 192
3603 192
3604 216
3605 216
3606 288
3607 288
3608 192
3609 192
3610 288
3611 288
3612 288
3613 288
3614 384
3615 384
3616 120
3617 120
3618 200
3619 200
3620 240
3621 240
3622 320
3623 320
3624 240
3625 240
3626 360
3627 360
3628 360
3629 360
3630 480
3631 480
3632 200
3633 200
3634 320
3635 320
3636 360
3637 360
3638 480
3639 480
3640 320
3641 320
3642 480
3643 480
3644 480
3645 480
3646 640
3647 640
3648 112
3649 112
3650 192
3651 192
3652 240
3653 240
3654 320
3655 320
3656 256
3657 256
3658 384
3659 384
3660 384
3661 384
3662 512
3663 512
3664 240
3665 240
3666 384
3667 384
3668 432
3669 432
3670 576
3671 576
3672 384
3673 384
3674 576
3675 576
3676 576
3677 576
3678 768
3679 768
3680 192
3681 192
3682 320
3683 320
3684 384
3685 384
3686 512
3687 512
3688 384
3689 384
3690 576
3691 576
3692 576
3693 576
3694 768
3695 768
3696 320
3697 320
3698 512
3699 512
3700 576
3701 576
3702 768
3703 768
3704 512
3705 512
3706 768
3707 768
3708 768
3709 768
3710 1024
3711 1024
3712 96
3713 96
3714 168
3715 168
3716 216
3717 216
3718 288
3719 288
3720 240
3721 240
3722 360
3723 360
3724 360
3725 360
3726 480
3727 480
3728 240
3729 240
3730 384
3731 384
3732 432
3733 432
3734 576
3735 576
3736 384
3737 384
3738 576
3739 576
3740 576
3741 576
3742 768
3743 768
3744 216
3745 216
3746 360
3747 360
3748 432
3749 432
3750 576
3751 576
3752 432
3753 432
3754 648
3755 648
3756 648
3757 648
3758 864
3759 864
3760 360
3761 360
3762 576
3763 576
3764 648
3765 648
3766 864
3767 864
3768 576
3769 576
3770 864
3771 864
3772 864
3773 864
3774 1152
3775 1152
3776 168
3777 168
3778 288
3779 288
3780 360
3781 360
3782 480
3783 480
3784 384
3785 384
3786 576
3787 576
3788 576
3789 576
3790 768
3791 768
3792 360
3793 360
3794 576
3795 576
3796 648
3797 648
3798 864
3799 864
3800 576
3801 576
3802 864
3803 864
3804 864
3805 864
3806 1152
3807 1152
3808 288
3809 288
3810 480
3811 480
3812 576
3813 576
3814 768
3815 768
3816 576
3817 576
3818 864
3819 864
3820 864
3821 864
3822 1152
3823 1152
3824 480
3825 480
3826 768
3827 768
3828 864
3829 864
3830 1152
3831 1152
3832 768
3833 768
3834 1152
3835 1152
3836 1152
3837 1152
3838 1536
3839 1536
3840 72
3841 72
3842 128
3843 128
3844 168
3845 168
3846 224
3847 224
3848 192
3849 192
3850 288
3851 288
3852 288
3853 288
3854 384
3855 384
3856 200
3857 200
3858 320
3859 320
3860 360
3861 360
3862 480
3863 480
3864 320
3865 320
3866 480
3867 480
3868 480
3869 480
3870 640
3871 640
3872 192
3873 192
3874 320
3875 320
3876 384
3877 384
3878 512
3879 512
3880 384
3881 384
3882 576
3883 576
3884 576
3885 576
3886 768
3887 768
3888 320
3889 320
3890 512
3891 512
3892 576
3893 576
3894 768
3895 768
3896 512
3897 512
3898 768
3899 768
3900 768
3901 768
3902 1024
3903 1024
3904 168
3905 168
3906 288
3907 288
3908 360
3909 360
3910 480
3911 480
3912 384
3913 384
3914 576
3915 576
3916 576
3917 576
3918 768
3919 768
3920 360
3921 360
3922 576
3923 576
3924 648
3925 648
3926 864
3927 864
3928 576
3929 576
3930 864
3931 864
3932 864
3933 864
3934 1152
3935 1152
3936 288
3937 288
3938 480
3939 480
3940 576
3941 576
3942 768
3943 768
3944 576
3945 576
3946 864
3947 864
3948 864
3949 864
3950 1152
3951 1152
3952 480
3953 480
3954 768
3955 768
3956 864
3957 864
3958 1152
3959 1152
3960 768
3961 768
3962 1152
3963 1152
3964 1152
3965 1152
3966 1536
3967 1536
3968 128
3969 128
3970 224
3971 224
3972 288
3973 288
3974 384
3975 384
3976 320
3977 320
3978 480
3979 480
3980 480
3981 480
3982 640
3983 640
3984 320
3985 320
3986 512
3987 512
3988 576
3989 576
3990 768
3991 768
3992 512
3993 512
3994 768
3995 768
3996 768
3997 768
3998 1024
3999 1024
4000 288
4001 288
4002 480
4003 480
4004 576
4005 576
4006 768
4007 768
4008 576
4009 576
4010 864
4011 864
4012 864
4013 864
4014 1152
4015 1152
4016 480
4017 480
4018 768
4019 768
4020 864
4021 864
4022 1152
4023 1152
4024 768
4025 768
4026 1152
4027 1152
4028 1152
4029 1152
4030 1536
4031 1536
4032 224
4033 224
4034 384
4035 384
4036 480
4037 480
4038 640
4039 640
4040 512
4041 512
4042 768
4043 768
4044 768
4045 768
4046 1024
4047 1024
4048 480
4049 480
4050 768
4051 768
4052 864
4053 864
4054 1152
4055 1152
4056 768
4057 768
4058 1152
4059 1152
4060 1152
4061 1152
4062 1536
4063 1536
4064 384
4065 384
4066 640
4067 640
4068 768
4069 768
4070 1024
4071 1024
4072 768
4073 768
4074 1152
4075 1152
4076 1152
4077 1152
4078 1536
4079 1536
4080 640
4081 640
4082 1024
4083 1024
4084 1152
4085 1152
4086 1536
4087 1536
4088 1024
4089 1024
4090 1536
4091 1536
4092 1536
4093 1536
4094 2048
4095 2048
4096 13
4097 13
4098 24
4099 24
4100 33
4101 33
4102 44
4103 44
4104 40
4105 40
4106 60
4107 60
4108 60
4109 60
4110 80
4111 80
4112 45
4113 45
4114 72
4115 72
4116 81
4117 81
4118 108
4119 108
4120 72
4121 72
4122 108
4123 108
4124 108
4125 108
4126 144
4127 144
4128 48
4129 48
4130 80
4131 80
4132 96
4133 96
4134 128
4135 128
4136 96
4137 96
4138 144
4139 144
4140 144
4141 144
4142 192
4143 192
4144 80
4145 80
4146 128
4147 128
4148 144
4149 144
4150 192
4151 192
4152 128
4153 128
4154 192
4155 192
4156 192
4157 192
4158 256
4159 256
4160 49
4161 49
4162 84
4163 84
4164 105
4165 105
4166 140
4167 140
4168 112
4169 112
4170 168
4171 168
4172 168
4173 168
4174 224
4175 224
4176 105
4177 105
4178 168
4179 168
4180 189
4181 189
4182 252
4183 252
4184 168
4185 168
4186 252
4187 252
4188 252
4189 252
4190 336
4191 336
4192 84
4193 84
4194 140
4195 140
4196 168
4197 168
4198 224
4199 224
4200 168
4201 168
4202 252
4203 252
4204 252
4205 252
4206 336
4207 336
4208 140
4209 140
4210 224
4211 224
4212 252
4213 252
4214 336
4215 336
4216 224
4217 224
4218 336
4219 336
4220 336
4221 336
4222 448
4223 448
4224 48
4225 48
4226 84
4227 84
4228 108
4229 108
4230 144
4231 144
4232 120
4233 120
4234 180
4235 180
4236 180
4237 180
4238 240
4239 240
4240 120
4241 120
4242 192
4243 192
4244 216
4245 216
4246 288
4247 288
4248 192
4249 192
4250 288
4251 288
4252 288
4253 288
4254 384
4255 384
4256 108
4257 108
4258 180
4259 180
4260 216
4261 216
4262 288
4263 288
4264 216
4265 216
4266 324
4267 324
4268 324
4269 324
4270 432
4271 432
4272 180
4273 180
4274 288
4275 288
4276 324
4277 324
4278 432
4279 432
4280 288
4281 288
4282 432
4283 432
4284 432
4285 432
4286 576
4287 576
4288 84
4289 84
4290 144
4291 144
4292 180
4293 180
4294 240
4295 240
4296 192
4297 192
4298 288
4299 288
4300 288
4301 288
4302 384
4303 384
4304 180
4305 180
4306 288
4307 288
4308 324
4309 324
4310 432
4311 432
4312 288
4313 288
4314 432
4315 432
4316 432
4317 432
4318 576
4319 576
4320 144
4321 144
4322 240
4323 240
4324 288
4325 288
4326 384
4327 384
4328 288
4329 288
4330 432
4331 432
4332 432
4333 432
4334 576
4335 576
4336 240
4337 240
4338 384
4339 384
4340 432
4341 432
4342 576
4343 576
4344 384
4345 384
4346 576
4347 576
4348 576
4349 576
4350 768
4351 768
4352 45
4353 45
4354 80
4355 80
4356 105
4357 105
4358 140
4359 140
4360 120
4361 120
4362 180
4363 180
4364 180
4365 180
4366 240
4367 240
4368 125
4369 125
4370 200
4371 200
4372 225
4373 225
4374 300
4375 300
4376 200
4377 200
4378 300
4379 300
4380 300
4381 300
4382 400
4383 400
4384 120
4385 120
4386 200
4387 200
4388 240
4389 240
4390 320
4391 320
4392 240
4393 240
4394 360
4395 360
4396 360
4397 360
4398 480
4399 480
4400 200
4401 200
4402 320
4403 320
4404 360
4405 360
4406 480
4407 480
4408 320
4409 320
4410 480
4411 480
4412 480
4413 480
4414 640
4415 640
4416 105
4417 105
4418 180
4419 180
4420 225
4421 225
4422 300
4423 300
4424 240
4425 240
4426 360
4427 360
4428 360
4429 360
4430 480
4431 480
4432 225
4433 225
4434 360
4435 360
4436 405
4437 405
4438 540
4439 540
4440 360
4441 360
4442 540
4443 540
4444 540
4445 540
4446 720
4447 720
4448 180
4449 180
4450 300
4451 300
4452 360
4453 360
4454 480
4455 480
4456 360
4457 360
4458 540
4459 540
4460 540
4461 540
4462 720
4463 720
4464 300
4465 300
4466 480
4467 480
4468 540
4469 540
4470 720
4471 720
4472 480
4473 480
4474 720
4475 720
4476 720
4477 720
4478 960
4479 960
4480 80
4481 80
4482 140
4483 140
4484 180
4485 180
4486 240
4487 240
4488 200
4489 200
4490 300
4491 300
4492 300
4493 300
4494 400
4495 400
4496 200
4497 200
4498 320
4499 320
4500 360
4501 360
4502 480
4503 480
4504 320
4505 320
4506 480
4507 480
4508 480
4509 480
4510 640
4511 640
4512 180
4513 180
4514 300
4515 300
4516 360
4517 360
4518 480
4519 480
4520 360
4521 360
4522 540
4523 540
4524 540
4525 540
4526 720
4527 720
4528 300
4529 300
4530 480
4531 480
4532 540
4533 540
4534 720
4535 720
4536 480
4537 480
4538 720
4539 720
4540 720
4541 720
4542 960
4543 960
4544 140
4545 140
4546 240
4547 240
4548 300
4549 300
4550 400
4551 400
4552 320
4553 320
4554 480
4555 480
4556 480
4557 480
4558 640
4559 640
4560 300
4561 300
4562 480
4563 480
4564 540
4565 540
4566 720
4567 720
4568 480
4569 480
4570 720
4571 720
4572 720
4573 720
4574 960
4575 960
4576 240
4577 240
4578 400
4579 400
4580 480
4581 480
4582 640
4583 640
4584 480
4585 480
4586 720
4587 720
4588 720
4589 720
4590 960
4591 960
4592 400
4593 400
4594 640
4595 640
4596 720
4597 720
4598 960
4599 960
4600 640
4601 640
4602 960
4603 960
4604 960
4605 960
4606 1280
4607 1280
4608 40
4609 40
4610 72
4611 72
4612 96
4613 96
4614 128
4615 128
4616 112
4617 112
4618 168
4619 168
4620 168
4621 168
4622 224
4623 224
4624 120
4625 120
4626 192
4627 192
4628 216
4629 216
4630 288
4631 288
4632 192
4633 192
4634 288
4635 288
4636 288
4637 288
4638 384
4639 384
4640 120
4641 120
4642 200
4643 200
4644 240
4645 240
4646 320
4647 320
4648 240
4649 240
4650 360
4651 360
4652 360
4653 360
4654 480
4655 480
4656 200
4657 200
4658 320
4659 320
4660 360
4661 360
4662 480
4663 480
4664 320
4665 320
4666 480
4667 480
4668 480
4669 480
4670 640
4671 640
4672 112
4673 112
4674 192
4675 192
4676 240
4677 240
4678 320
4679 320
4680 256
4681 256
4682 384
4683 384
4684 384
4685 384
4686 512
4687 512
4688 240
4689 240
4690 384
4691 384
4692 432
4693 432
4694 576
4695 576
4696 384
4697 384
4698 576
4699 576
4700 576
4701 576
4702 768
4703 768
4704 192
4705 192
4706 320
4707 320
4708 384
4709 384
4710 512
4711 512
4712 384
4713 384
4714 576
4715 576
4716 576
4717 576
4718 768
4719 768
4720 320
4721 320
4722 512
4723 512
4724 576
4725 576
4726 768
4727 768
4728 512
4729 512
4730 768
4731 768
4732 768
4733 768
4734 1024
4735 1024
4736 96
4737 96
4738 168
4739 168
4740 216
4741 216
4742 288
4743 288
4744 240
4745 240
4746 360
4747 360
4748 360
4749 360
4750 480
4751 480
4752 240
4753 240
4754 384
4755 384
4756 432
4757 432
4758 576
4759 576
4760 384
4761 384
4762 576
4763 576
4764 576
4765 576
4766 768
4767 768
4768 216
4769 216
4770 360
4771 360
4772 432
4773 432
4774 576
4775 576
4776 432
4777 432
4778 648
4779 648
4780 648
4781 648
4782 864
4783 864
4784 360
4785 360
4786 576
4787 576
4788 648
4789 648
4790 864
4791 864
4792 576
4793 576
4794 864
4795 864
4796 864
4797 864
4798 1152
4799 1152
4800 168
4801 168
4802 288
4803 288
4804 360
4805 360
4806 480
4807 480
4808 384
4809 384
4810 576
4811 576
4812 576
4813 576
4814 768
4815 768
4816 360
4817 360
4818 576
4819 576
4820 648
4821 648
4822 864
4823 864
4824 576
4825 576
4826 864
4827 864
4828 864
4829 864
4830 1152
4831 1152
4832 288
4833 288
4834 480
4835 480
4836 576
4837 576
4838 768
4839 768
4840 576
4841 576
4842 864
4843 864
4844 864
4845 864
4846 1152
4847 1152
4848 480
4849 480
4850 768
4851 768
4852 864
4853 864
4854 1152
4855 1152
4856 768
4857 768
4858 1152
4859 1152
4860 1152
4861 1152
4862 1536
4863 1536
4864 72
4865 72
4866 128
4867 128
4868 168
4869 168
4870 224
4871 224
4872 192
4873 192
4874 288
4875 288
4876 288
4877 288
4878 384
4879 384
4880 200
4881 200
4882 320
4883 320
4884 360
4885 360
4886 480
4887 480
4888 320
4889 320
4890 480
4891 480
4892 480
4893 480
4894 640
4895 640
4896 192
4897 192
4898 320
4899 320
4900 384
4901 384
4902 512
4903 512
4904 384
4905 384
4906 576
4907 576
4908 576
4909 576
4910 768
4911 768
4912 320
4913 320
4914 512
4915 512
4916 576
4917 576
4918 768
4919 768
4920 512
4921 512
4922 768
4923 768
4924 768
4925 768
4926 1024
4927 1024
4928 168
4929 168
4930 288
4931 288
4932 360
4933 360
4934 480
4935 480
4936 384
4937 384
4938 576
4939 576
4940 576
4941 576
4942 768
4943 768
4944 360
4945 360
4946 576
4947 576
4948 648
4949 648
4950 864
4951 864
4952 576
4953 576
4954 864
4955 864
4956 864
4957 864
4958 1152
4959 1152
4960 288
4961 288
4962 480
4963 480
4964 576
4965 576
4966 768
4967 768
4968 576
4969 576
4970 864
4971 864
4972 864
4973 864
4974 1152
4975 1152
4976 480
4977 480
4978 768
4979 768
4980 864
4981 864
4982 1152
4983 1152
4984 768
4985 768
4986 1152
4987 1152
4988 1152
4989 1152
4990 1536
4991 1536
4992 128
4993 128
4994 224
4995 224
4996 288
4997 288
4998 384
4999 384
5000 320
5001 320
5002 480
5003 480
5004 480
5005 480
5006 640
5007 640
5008 320
5009 320
5010 512
5011 512
5012 576
5013 576
5014 768
5015 768
5016 512
5017 512
5018 768
5019 768
5020 768
5021 768
5022 1024
5023 1024
5024 288
5025 288
5026 480
5027 480
5028 576
5029 576
5030 768
5031 768
5032 576
5033 576
5034 864
5035 864
5036 864
5037 864
5038 1152
5039 1152
5040 480
5041 480
5042 768
5043 768
5044 864
5045 864
5046 1152
5047 1152
5048 768
5049 768
5050 1152
5051 1152
5052 1152
5053 1152
5054 1536
5055 1536
5056 224
5057 224
5058 384
5059 384
5060 480
5061 480
5062 640
5063 640
5064 512
5065 512
5066 768
5067 768
5068 768
5069 768
5070 1024
5071 1024
5072 480
5073 480
5074 768
5075 768
5076 864
5077 864
5078 1152
5079 1152
5080 768
5081 768
5082 1152
5083 1152
5084 1152
5085 1152
5086 1536
5087 1536
5088 384
5089 384
5090 640
5091 640
5092 768
5093 768
5094 1024
5095 1024
5096 768
5097 768
5098 1152
5099 1152
5100 1152
5101 1152
5102 1536
5103 1536
5104 640
5105 640
5106 1024
5107 1024
5108 1152
5109 1152
5110 1536
5111 1536
5112 1024
5113 1024
5114 1536
5115 1536
5116 1536
5117 1536
5118 2048
5119 2048
5120 33
5121 33
5122 60
5123 60
5124 81
5125 81
5126 108
5127 108
5128 96
5129 96
5130 144
5131 144
5132 144
5133 144
5134 192
5135 192
5136 105
5137 105
5138 168
5139 168
5140 189
5141 189
5142 252
5143 252
5144 168
5145 168
5146 252
5147 252
5148 252
5149 252
5150 336
5151 336
5152 108
5153 108
5154 180
5155 180
5156 216
5157 216
5158 288
5159 288
5160 216
5161 216
5162 324
5163 324
5164 324
5165 324
5166 432
5167 432
5168 180
5169 180
5170 288
5171 288
5172 324
5173 324
5174 432
5175 432
5176 288
5177 288
5178 432
5179 432
5180 432
5181 432
5182 576
5183 576
5184 105
5185 105
5186 180
5187 180
5188 225
5189 225
5190 300
5191 300
5192 240
5193 240
5194 360
5195 360
5196 360
5197 360
5198 480
5199 480
5200 225
5201 225
5202 360
5203 360
5204 405
5205 405
5206 540
5207 540
5208 360
5209 360
5210 540
5211 540
5212 540
5213 540
5214 720
5215 720
5216 180
5217 180
5218 300
5219 300
5220 360
5221 360
5222 480
5223 480
5224 360
5225 360
5226 540
5227 540
5228 540
5229 540
5230 720
5231 720
5232 300
5233 300
5234 480
5235 480
5236 540
5237 540
5238 720
5239 720
5240 480
5241 480
5242 720
5243 720
5244 720
5245 720
5246 960
5247 960
5248 96
5249 96
5250 168
5251 168
5252 216
5253 216
5254 288
5255 288
5256 240
5257 240
5258 360
5259 360
5260 360
5261 360
5262 480
5263 480
5264 240
5265 240
5266 384
5267 384
5268 432
5269 432
5270 576
5271 576
5272 384
5273 384
5274 576
5275 576
5276 576
5277 576
5278 768
5279 768
5280 216
5281 216
5282 360
5283 360
5284 432
5285 432
5286 576
5287 576
5288 432
5289 432
5290 648
5291 648
5292 648
5293 648
5294 864
5295 864
5296 360
5297 360
5298 576
5299 576
5300 648
5301 648
5302 864
5303 864
5304 576
5305 576
5306 864
5307 864
5308 864
5309 864
5310 1152
5311 1152
5312 168
5313 168
5314 288
5315 288
5316 360
5317 360
5318 480
5319 480
5320 384
5321 384
5322 576
5323 576
5324 576
5325 576
5326 768
5327 768
5328 360
5329 360
5330 576
5331 576
5332 648
5333 648
5334 864
5335 864
5336 576
5337 576
5338 864
5339 864
5340 864
5341 864
5342 1152
5343 1152
5344 288
5345 288
5346 480
5347 480
5348 576
5349 576
5350 768
5351 768
5352 576
5353 576
5354 864
5355 864
5356 864
5357 864
5358 1152
5359 1152
5360 480
5361 480
5362 768
5363 768
5364 864
5365 864
5366 1152
5367 1152
5368 768
5369 768
5370 1152
5371 1152
5372 1152
5373 1152
5374 1536
5375 1536
5376 81
5377 81
5378 144
5379 144
5380 189
5381 189
5382 252
5383 252
5384 216
5385 216
5386 324
5387 324
5388 324
5389 324
5390 432
5391 432
5392 225
5393 225
5394 360
5395 360
5396 405
5397 405
5398 540
5399 540
5400 360
5401 360
5402 540
5403 540
5404 540
5405 540
5406 720
5407 720
5408 216
5409 216
5410 360
5411 360
5412 432
5413 432
5414 576
5415 576
5416 432
5417 432
5418 648
5419 648
5420 648
5421 648
5422 864
5423 864
5424 360
5425 360
5426 576
5427 576
5428 648
5429 648
5430 864
5431 864
5432 576
5433 576
5434 864
5435 864
5436 864
5437 864
5438 1152
5439 1152
5440 189
5441 189
5442 324
5443 324
5444 405
5445 405
5446 540
5447 540
5448 432
5449 432
5450 648
5451 648
5452 648
5453 648
5454 864
5455 864
5456 405
5457 405
5458 648
5459 648
5460 729
5461 729
5462 972
5463 972
5464 648
5465 648
5466 972
5467 972
5468 972
5469 972
5470 1296
5471 1296
5472 324
5473 324
5474 540
5475 540
5476 648
5477 648
5478 864
5479 864
5480 648
5481 648
5482 972
5483 972
5484 972
5485 972
5486 1296
5487 1296
5488 540
5489 540
5490 864
5491 864
5492 972
5493 972
5494 1296
5495 1296
5496 864
5497 864
5498 1296
5499 1296
5500 1296
5501 1296
5502 1728
5503 1728
5504 144
5505 144
5506 252
5507 252
5508 324
5509 324
5510 432
5511 432
5512 360
5513 360
5514 540
5515 540
5516 540
5517 540
5518 720
5519 720
5520 360
5521 360
5522 576
5523 576
5524 648
5525 648
5526 864
5527 864
5528 576
5529 576
5530 864
5531 864
5532 864
5533 864
5534 1152
5535 1152
5536 324
5537 324
5538 540
5539 540
5540 648
5541 648
5542 864
5543 864
5544 648
5545 648
5546 972
5547 972
5548 972
5549 972
5550 1296
5551 1296
5552 540
5553 540
5554 864
5555 864
5556 972
5557 972
5558 1296
5559 1296
5560 864
5561 864
5562 1296
5563 1296
5564 1296
5565 1296
5566 1728
5567 1728
5568 252
5569 252
5570 432
5571 432
5572 540
5573 540
5574 720
5575 720
5576 576
5577 576
5578 864
5579 864
5580 864
5581 864
5582 1152
5583 1152
5584 540
5585 540
5586 864
5587 864
5588 972
5589 972
5590 1296
5591 1296
5592 864
5593 864
5594 1296
5595 1296
5596 1296
5597 1296
5598 1728
5599 1728
5600 432
5601 432
5602 720
5603 720
5604 864
5605 864
5606 1152
5607 1152
5608 864
5609 864
5610 1296
5611 1296
5612 1296
5613 1296
5614 1728
5615 1728
5616 720
5617 720
5618 1152
5619 1152
5620 1296
5621 1296
5622 1728
5623 1728
5624 1152
5625 1152
5626 1728
5627 1728
5628 1728
5629 1728
5630 2304
5631 2304
5632 60
5633 60
5634 108
5635 108
5636 144
5637 144
5638 192
5639 192
5640 168
5641 168
5642 252
5643 252
5644 252
5645 252
5646 336
5647 336
5648 180
5649 180
5650 288
5651 288
5652 324
5653 324
5654 432
5655 432
5656 288
5657 288
5658 432
5659 432
5660 432
5661 432
5662 576
5663 576
5664 180
5665 180
5666 300
5667 300
5668 360
5669 360
5670 480
5671 480
5672 360
5673 360
5674 540
5675 540
5676 540
5677 540
5678 720
5679 720
5680 300
5681 300
5682 480
5683 480
5684 540
5685 540
5686 720
5687 720
5688 480
5689 480
5690 720
5691 720
5692 720
5693 720
5694 960
5695 960
5696 168
5697 168
5698 288
5699 288
5700 360
5701 360
5702 480
5703 480
5704 384
5705 384
5706 576
5707 576
5708 576
5709 576
5710 768
5711 768
5712 360
5713 360
5714 576
5715 576
5716 648
5717 648
5718 864
5719 864
5720 576
5721 576
5722 864
5723 864
5724 864
5725 864
5726 1152
5727 1152
5728 288
5729 288
5730 480
5731 480
5732 576
5733 576
5734 768
5735 768
5736 576
5737 576
5738 864
5739 864
5740 864
5741 864
5742 1152
5743 1152
5744 480
5745 480
5746 768
5747 768
5748 864
5749 864
5750 1152
5751 1152
5752 768
5753 768
5754 1152
5755 1152
5756 1152
5757 1152
5758 1536
5759 1536
5760 144
5761 144
5762 252
5763 252
5764 324
5765 324
5766 432
5767 432
5768 360
5769 360
5770 540
5771 540
5772 540
5773 540
5774 720
5775 720
5776 360
5777 360
5778 576
5779 576
5780 648
5781 648
5782 864
5783 864
5784 576
5785 576
5786 864
5787 864
5788 864
5789 864
5790 1152
5791 1152
5792 324
5793 324
5794 540
5795 540
5796 648
5797 648
5798 864
5799 864
5800 648
5801 648
5802 972
5803 972
5804 972
5805 972
5806 1296
5807 1296
5808 540
5809 540
5810 864
5811 864
5812 972
5813 972
5814 1296
5815 1296
5816 864
5817 864
5818 1296
5819 1296
5820 1296
5821 1296
5822 1728
5823 1728
5824 252
5825 252
5826 432
5827 432
5828 540
5829 540
5830 720
5831 720
5832 576
5833 576
5834 864
5835 864
5836 864
5837 864
5838 1152
5839 1152
5840 540
5841 540
5842 864
5843 864
5844 972
5845 972
5846 1296
5847 1296
5848 864
5849 864
5850 1296
5851 1296
5852 1296
5853 1296
5854 1728
5855 1728
5856 432
5857 432
5858 720
5859 720
5860 864
5861 864
5862 1152
5863 1152
5864 864
5865 864
5866 1296
5867 1296
5868 1296
5869 1296
5870 1728
5871 1728
5872 720
5873 720
5874 1152
5875 1152
5876 1296
5877 1296
5878 1728
5879 1728
5880 1152
5881 1152
5882 1728
5883 1728
5884 1728
5885 1728
5886 2304
5887 2304
5888 108
5889 108
5890 192
5891 192
5892 252
5893 252
5894 336
5895 336
5896 288
5897 288
5898 432
5899 432
5900 432
5901 432
5902 576
5903 576
5904 300
5905 300
5906 480
5907 480
5908 540
5909 540
5910 720
5911 720
5912 480
5913 480
5914 720
5915 720
5916 720
5917 720
5918 960
5919 960
5920 288
5921 288
5922 480
5923 480
5924 576
5925 576
5926 768
5927 768
5928 576
5929 576
5930 864
5931 864
5932 864
5933 864
5934 1152
5935 1152
5936 480
5937 480
5938 768
5939 768
5940 864
5941 864
5942 1152
5943 1152
5944 768
5945 768
5946 1152
5947 1152
5948 1152
5949 1152
5950 1536
5951 1536
5952 252
5953 252
5954 432
5955 432
5956 540
5957 540
5958 720
5959 720
5960 576
5961 576
5962 864
5963 864
5964 864
5965 864
5966 1152
5967 1152
5968 540
5969 540
5970 864
5971 864
5972 972
5973 972
5974 1296
5975 1296
5976 864
5977 864
5978 1296
5979 1296
5980 1296
5981 1296
5982 1728
5983 1728
5984 432
5985 432
5986 720
5987 720
5988 864
5989 864
5990 1152
5991 1152
5992 864
5993 864
5994 1296
5995 1296
5996 1296
5997 1296
5998 1728
5999 1728
6000 720
6001 720
6002 1152
6003 1152
6004 1296
6005 1296
6006 1728
6007 1728
6008 1152
6009 1152
6010 1728
6011 1728
6012 1728
6013 1728
6014 2304
6015 2304
6016 192
6017 192
6018 336
6019 336
6020 432
6021 432
6022 576
6023 576
6024 480
6025 480
6026 720
6027 720
6028 720
6029 720
6030 960
6031 960
6032 480
6033 480
6034 768
6035 768
6036 864
6037 864
6038 1152
6039 1152
6040 768
6041 768
6042 1152
6043 1152
6044 1152
6045 1152
6046 1536
6047 1536
6048 432
6049 432
6050 720
6051 720
6052 864
6053 864
6054 1152
6055 1152
6056 864
6057 864
6058 1296
6059 1296
6060 1296
6061 1296
6062 1728
6063 1728
6064 720
6065 720
6066 1152
6067 1152
6068 1296
6069 1296
6070 1728
6071 1728
6072 1152
6073 1152
6074 1728
6075 1728
6076 1728
6077 1728
6078 2304
6079 2304
6080 336
6081 336
6082 576
6083 576
6084 720
6085 720
6086 960
6087 960
6088 768
6089 768
6090 1152
6091 1152
6092 1152
6093 1152
6094 1536
6095 1536
6096 720
6097 720
6098 1152
6099 1152
6100 1296
6101 1296
6102 1728
6103 1728
6104 1152
6105 1152
6106 1728
6107 1728
6108 1728
6109 1728
6110 2304
6111 2304
6112 576
6113 576
6114 960
6115 960
6116 1152
6117 1152
6118 1536
6119 1536
6120 1152
6121 1152
6122 1728
6123 1728
6124 1728
6125 1728
6126 2304
6127 2304
6128 960
6129 960
6130 1536
6131 1536
6132 1728
6133 1728
6134 2304
6135 2304
6136 1536
6137 1536
6138 2304
6139 2304
6140 2304
6141 2304
6142 3072
6143 3072
6144 24
6145 24
6146 44
6147 44
6148 60
6149 60
6150 80
6151 80
6152 72
6153 72
6154 108
6155 108
6156 108
6157 108
6158 144
6159 144
6160 80
6161 80
6162 128
6163 128
6164 144
6165 144
6166 192
6167 192
6168 128
6169 128
6170 192
6171 192
6172 192
6173 192
6174 256
6175 256
6176 84
6177 84
6178 140
6179 140
6180 168
6181 168
6182 224
6183 224
6184 168
6185 168
6186 252
6187 252
6188 252
6189 252
6190 336
6191 336
6192 140
6193 140
6194 224
6195 224
6196 252
6197 252
6198 336
6199 336
6200 224
6201 224
6202 336
6203 336
6204 336
6205 336
6206 448
6207 448
6208 84
6209 84
6210 144
6211 144
6212 180
6213 180
6214 240
6215 240
6216 192
6217 192
6218 288
6219 288
6220 288
6221 288
6222 384
6223 384
6224 180
6225 180
6226 288
6227 288
6228 324
6229 324
6230 432
6231 432
6232 288
6233 288
6234 432
6235 432
6236 432
6237 432
6238 576
6239 576
6240 144
6241 144
6242 240
6243 240
6244 288
6245 288
6246 384
6247 384
6248 288
6249 288
6250 432
6251 432
6252 432
6253 432
6254 576
6255 576
6256 240
6257 240
6258 384
6259 384
6260 432
6261 432
6262 576
6263 576
6264 384
6265 384
6266 576
6267 576
6268 576
6269 576
6270 768
6271 768
6272 80
6273 80
6274 140
6275 140
6276 180
6277 180
6278 240
6279 240
6280 200
6281 200
6282 300
6283 300
6284 300
6285 300
6286 400
6287 400
6288 200
6289 200
6290 320
6291 320
6292 360
6293 360
6294 480
6295 480
6296 320
6297 320
6298 480
6299 480
6300 480
6301 480
6302 640
6303 640
6304 180
6305 180
6306 300
6307 300
6308 360
6309 360
6310 480
6311 480
6312 360
6313 360
6314 540
6315 540
6316 540
6317 540
6318 720
6319 720
6320 300
6321 300
6322 480
6323 480
6324 540
6325 540
6326 720
6327 720
6328 480
6329 480
6330 720
6331 720
6332 720
6333 720
6334 960
6335 960
6336 140
6337 140
6338 240
6339 240
6340 300
6341 300
6342 400
6343 400
6344 320
6345 320
6346 480
6347 480
6348 480
6349 480
6350 640
6351 640
6352 300
6353 300
6354 480
6355 480
6356 540
6357 540
6358 720
6359 720
6360 480
6361 480
6362 720
6363 720
6364 720
6365 720
6366 960
6367 960
6368 240
6369 240
6370 400
6371 400
6372 480
6373 480
6374 640
6375 640
6376 480
6377 480
6378 720
6379 720
6380 720
6381 720
6382 960
6383 960
6384 400
6385 400
6386 640
6387 640
6388 720
6389 720
6390 960
6391 960
6392 640
6393 640
6394 960
6395 960
6396 960
6397 960
6398 1280
6399 1280
6400 72
6401 72
6402 128
6403 128
6404 168
6405 168
6406 224
6407 224
6408 192
6409 192
6410 288
6411 288
6412 288
6413 288
6414 384
6415 384
6416 200
6417 200
6418 320
6419 320
6420 360
6421 360
6422 480
6423 480
6424 320
6425 320
6426 480
6427 480
6428 480
6429 480
6430 640
6431 640
6432 192
6433 192
6434 320
6435 320
6436 384
6437 384
6438 512
6439 512
6440 384
6441 384
6442 576
6443 576
6444 576
6445 576
6446 768
6447 768
6448 320
6449 320
6450 512
6451 512
6452 576
6453 576
6454 768
6455 768
6456 512
6457 512
6458 768
6459 768
6460 768
6461 768
6462 1024
6463 1024
6464 168
6465 168
6466 288
6467 288
6468 360
6469 360
6470 480
6471 480
6472 384
6473 384
6474 576
6475 576
6476 576
6477 576
6478 768
6479 768
6480 360
6481 360
6482 576
6483 576
6484 648
6485 648
6486 864
6487 864
6488 576
6489 576
6490 864
6491 864
6492 864
6493 864
6494 1152
6495 1152
6496 288
6497 288
6498 480
6499 480
6500 576
6501 576
6502 768
6503 768
6504 576
6505 576
6506 864
6507 864
6508 864
6509 864
6510 1152
6511 1152
6512 480
6513 480
6514 768
6515 768
6516 864
6517 864
6518 1152
6519 1152
6520 768
6521 768
6522 1152
6523 1152
6524 1152
6525 1152
6526 1536
6527 1536
6528 128
6529 128
6530 224
6531 224
6532 288
6533 288
6534 384
6535 384
6536 320
6537 320
6538 480
6539 480
6540 480
6541 480
6542 640
6543 640
6544 320
6545 320
6546 512
6547 512
6548 576
6549 576
6550 768
6551 768
6552 512
6553 512
6554 768
6555 768
6556 768
6557 768
6558 1024
6559 1024
6560 288
6561 288
6562 480
6563 480
6564 576
6565 576
6566 768
6567 768
6568 576
6569 576
6570 864
6571 864
6572 864
6573 864
6574 1152
6575 1152
6576 480
6577 480
6578 768
6579 768
6580 864
6581 864
6582 1152
6583 1152
6584 768
6585 768
6586 1152
6587 1152
6588 1152
6589 1152
6590 1536
6591 1536
6592 224
6593 224
6594 384
6595 384
6596 480
6597 480
6598 640
6599 640
6600 512
6601 512
6602 768
6603 768
6604 768
6605 768
6606 1024
6607 1024
6608 480
6609 480
6610 768
6611 768
6612 864
6613 864
6614 1152
6615 1152
6616 768
6617 768
6618 1152
6619 1152
6620 1152
6621 1152
6622 1536
6623 1536
6624 384
6625 384
6626 640
6627 640
6628 768
6629 768
6630 1024
6631 1024
6632 768
6633 768
6634 1152
6635 1152
6636 1152
6637 1152
6638 1536
6639 1536
6640 640
6641 640
6642 1024
6643 1024
6644 1152
6645 1152
6646 1536
6647 1536
6648 1024
6649 1024
6650 1536
6651 1536
6652 1536
6653 1536
6654 2048
6655 2048
6656 60
6657 60
6658 108
6659 108
6660 144
6661 144
6662 192
6663 192
6664 168
6665 168
6666 252
6667 252
6668 252
6669 252
6670 336
6671 336
6672 180
6673 180
6674 288
6675 288
6676 324
6677 324
6678 432
6679 432
6680 288
6681 288
6682 432
6683 432
6684 432
6685 432
6686 576
6687 576
6688 180
6689 180
6690 300
6691 300
6692 360
6693 360
6694 480
6695 480
6696 360
6697 360
6698 540
6699 540
6700 540
6701 540
6702 720
6703 720
6704 300
6705 300
6706 480
6707 480
6708 540
6709 540
6710 720
6711 720
6712 480
6713 480
6714 720
6715 720
6716 720
6717 720
6718 960
6719 960
6720 168
6721 168
6722 288
6723 288
6724 360
6725 360
6726 480
6727 480
6728 384
6729 384
6730 576
6731 576
6732 576
6733 576
6734 768
6735 768
6736 360
6737 360
6738 576
6739 576
6740 648
6741 648
6742 864
6743 864
6744 576
6745 576
6746 864
6747 864
6748 864
6749 864
6750 1152
6751 1152
6752 288
6753 288
6754 480
6755 480
6756 576
6757 576
6758 768
6759 768
6760 576
6761 576
6762 864
6763 864
6764 864
6765 864
6766 1152
6767 1152
6768 480
6769 480
6770 768
6771 768
6772 864
6773 864
6774 1152
6775 1152
6776 768
6777 768
6778 1152
6779 1152
6780 1152
6781 1152
6782 1536
6783 1536
6784 144
6785 144
6786 252
6787 252
6788 324
6789 324
6790 432
6791 432
6792 360
6793 360
6794 540
6795 540
6796 540
6797 540
6798 720
6799 720
6800 360
6801 360
6802 576
6803 576
6804 648
6805 648
6806 864
6807 864
6808 576
6809 576
6810 864
6811 864
6812 864
6813 864
6814 1152
6815 1152
6816 324
6817 324
6818 540
6819 540
6820 648
6821 648
6822 864
6823 864
6824 648
6825 648
6826 972
6827 972
6828 972
6829 972
6830 1296
6831 1296
6832 540
6833 540
6834 864
6835 864
6836 972
6837 972
6838 1296
6839 1296
6840 864
6841 864
6842 1296
6843 1296
6844 1296
6845 1296
6846 1728
6847 1728
6848 252
6849 252
6850 432
6851 432
6852 540
6853 540
6854 720
6855 720
6856 576
6857 576
6858 864
6859 864
6860 864
6861 864
6862 1152
6863 1152
6864 540
6865 540
6866 864
6867 864
6868 972
6869 972
6870 1296
6871 1296
6872 864
6873 864
6874 1296
6875 1296
6876 1296
6877 1296
6878 1728
6879 1728
6880 432
6881 432
6882 720
6883 720
6884 864
6885 864
6886 1152
6887 1152
6888 864
6889 864
6890 1296
6891 1296
6892 1296
6893 1296
6894 1728
6895 1728
6896 720
6897 720
6898 1152
6899 1152
6900 1296
6901 1296
6902 1728
6903 1728
6904 1152
6905 1152
6906 1728
6907 1728
6908 1728
6909 1728
6910 2304
6911 2304
6912 108
6913 108
6914 192
6915 192
6916 252
6917 252
6918 336
6919 336
6920 288
6921 288
6922 432
6923 432
6924 432
6925 432
6926 576
6927 576
6928 300
6929 300
6930 480
6931 480
6932 540
6933 540
6934 720
6935 720
6936 480
6937 480
6938 720
6939 720
6940 720
6941 720
6942 960
6943 960
6944 288
6945 288
6946 480
6947 480
6948 576
6949 576
6950 768
6951 768
6952 576
6953 576
6954 864
6955 864
6956 864
6957 864
6958 1152
6959 1152
6960 480
6961 480
6962 768
6963 768
6964 864
6965 864
6966 1152
6967 1152
6968 768
6969 768
6970 1152
6971 1152
6972 1152
6973 1152
6974 1536
6975 1536
6976 252
6977 252
6978 432
6979 432
6980 540
6981 540
6982 720
6983 720
6984 576
6985 576
6986 864
6987 864
6988 864
6989 864
6990 1152
6991 1152
6992 540
6993 540
6994 864
6995 864
6996 972
6997 972
6998 1296
6999 1296
7000 864
7001 864
7002 1296
7003 1296
7004 1296
7005 1296
7006 1728
7007 1728
7008 432
7009 432
7010 720
7011 720
7012 864
7013 864
7014 1152
7015 1152
7016 864
7017 864
7018 1296
7019 1296
7020 1296
7021 1296
7022 1728
7023 1728
7024 720
7025 720
7026 1152
7027 1152
7028 1296
7029 1296
7030 1728
7031 1728
7032 1152
7033 1152
7034 1728
7035 1728
7036 1728
7037 1728
7038 2304
7039 2304
7040 192
7041 192
7042 336
7043 336
7044 432
7045 432
7046 576
7047 576
7048 480
7049 480
7050 720
7051 720
7052 720
7053 720
7054 960
7055 960
7056 480
7057 480
7058 768
7059 768
7060 864
7061 864
7062 1152
7063 1152
7064 768
7065 768
7066 1152
7067 1152
7068 1152
7069 1152
7070 1536
7071 1536
7072 432
7073 432
7074 720
7075 720
7076 864
7077 864
7078 1152
7079 1152
7080 864
7081 864
7082 1296
7083 1296
7084 1296
7085 1296
7086 1728
7087 1728
7088 720
7089 720
7090 1152
7091 1152
7092 1296
7093 1296
7094 1728
7095 1728
7096 1152
7097 1152
7098 1728
7099 1728
7100 1728
7101 1728
7102 2304
7103 2304
7104 336
7105 336
7106 576
7107 576
7108 720
7109 720
7110 960
7111 960
7112 768
7113 768
7114 1152
7115 1152
7116 1152
7117 1152
7118 1536
7119 1536
7120 720
7121 720
7122 1152
7123 1152
7124 1296
7125 1296
7126 1728
7127 1728
7128 1152
7129 1152
7130 1728
7131 1728
7132 1728
7133 1728
7134 2304
7135 2304
7136 576
7137 576
7138 960
7139 960
7140 1152
7141 1152
7142 1536
7143 1536
7144 1152
7145 1152
7146 1728
7147 1728
7148 1728
7149 1728
7150 2304
7151 2304
7152 960
7153 960
7154 1536
7155 1536
7156 1728
7157 1728
7158 2304
7159 2304
7160 1536
7161 1536
7162 2304
7163 2304
7164 2304
7165 2304
7166 3072
7167 3072
7168 44
7169 44
7170 80
7171 80
7172 108
7173 108
7174 144
7175 144
7176 128
7177 128
7178 192
7179 192
7180 192
7181 192
7182 256
7183 256
7184 140
7185 140
7186 224
7187 224
7188 252
7189 252
7190 336
7191 336
7192 224
7193 224
7194 336
7195 336
7196 336
7197 336
7198 448
7199 448
7200 144
7201 144
7202 240
7203 240
7204 288
7205 288
7206 384
7207 384
7208 288
7209 288
7210 432
7211 432
7212 432
7213 432
7214 576
7215 576
7216 240
7217 240
7218 384
7219 384
7220 432
7221 432
7222 576
7223 576
7224 384
7225 384
7226 576
7227 576
7228 576
7229 576
7230 768
7231 768
7232 140
7233 140
7234 240
7235 240
7236 300
7237 300
7238 400
7239 400
7240 320
7241 320
7242 480
7243 480
7244 480
7245 480
7246 640
7247 640
7248 300
7249 300
7250 480
7251 480
7252 540
7253 540
7254 720
7255 720
7256 480
7257 480
7258 720
7259 720
7260 720
7261 720
7262 960
7263 960
7264 240
7265 240
7266 400
7267 400
7268 480
7269 480
7270 640
7271 640
7272 480
7273 480
7274 720
7275 720
7276 720
7277 720
7278 960
7279 960
7280 400
7281 400
7282 640
7283 640
7284 720
7285 720
7286 960
7287 960
7288 640
7289 640
7290 960
7291 960
7292 960
7293 960
7294 1280
7295 1280
7296 128
7297 128
7298 224
7299 224
7300 288
7301 288
7302 384
7303 384
7304 320
7305 320
7306 480
7307 480
7308 480
7309 480
7310 640
7311 640
7312 320
7313 320
7314 512
7315 512
7316 576
7317 576
7318 768
7319 768
7320 512
7321 512
7322 768
7323 768
7324 768
7325 768
7326 1024
7327 1024
7328 288
7329 288
7330 480
7331 480
7332 576
7333 576
7334 768
7335 768
7336 576
7337 576
7338 864
7339 864
7340 864
7341 864
7342 1152
7343 1152
7344 480
7345 480
7346 768
7347 768
7348 864
7349 864
7350 1152
7351 1152
7352 768
7353 768
7354 1152
7355 1152
7356 1152
7357 1152
7358 1536
7359 1536
7360 224
7361 224
7362 384
7363 384
7364 480
7365 480
7366 640
7367 640
7368 512
7369 512
7370 768
7371 768
7372 768
7373 768
7374 1024
7375 1024
7376 480
7377 480
7378 768
7379 768
7380 864
7381 864
7382 1152
7383 1152
7384 768
7385 768
7386 1152
7387 1152
7388 1152
7389 1152
7390 1536
7391 1536
7392 384
7393 384
7394 640
7395 640
7396 768
7397 768
7398 1024
7399 1024
7400 768
7401 768
7402 1152
7403 1152
7404 1152
7405 1152
7406 1536
7407 1536
7408 640
7409 640
7410 1024
7411 1024
7412 1152
7413 1152
7414 1536
7415 1536
7416 1024
7417 1024
7418 1536
7419 1536
7420 1536
7421 1536
7422 2048
7423 2048
7424 108
7425 108
7426 192
7427 192
7428 252
7429 252
7430 336
7431 336
7432 288
7433 288
7434 432
7435 432
7436 432
7437 432
7438 576
7439 576
7440 300
7441 300
7442 480
7443 480
7444 540
7445 540
7446 720
7447 720
7448 480
7449 480
7450 720
7451 720
7452 720
7453 720
7454 960
7455 960
7456 288
7457 288
7458 480
7459 480
7460 576
7461 576
7462 768
7463 768
7464 576
7465 576
7466 864
7467 864
7468 864
7469 864
7470 1152
7471 1152
7472 480
7473 480
7474 768
7475 768
7476 864
7477 864
7478 1152
7479 1152
7480 768
7481 768
7482 1152
7483 1152
7484 1152
7485 1152
7486 1536
7487 1536
7488 252
7489 252
7490 432
7491 432
7492 540
7493 540
7494 720
7495 720
7496 576
7497 576
7498 864
7499 864
7500 864
7501 864
7502 1152
7503 1152
7504 540
7505 540
7506 864
7507 864
7508 972
7509 972
7510 1296
7511 1296
7512 864
7513 864
7514 1296
7515 1296
7516 1296
7517 1296
7518 1728
7519 1728
7520 432
7521 432
7522 720
7523 720
7524 864
7525 864
7526 1152
7527 1152
7528 864
7529 864
7530 1296
7531 1296
7532 1296
7533 1296
7534 1728
7535 1728
7536 720
7537 720
7538 1152
7539 1152
7540 1296
7541 1296
7542 1728
7543 1728
7544 1152
7545 1152
7546 1728
7547 1728
7548 1728
7549 1728
7550 2304
7551 2304
7552 192
7553 192
7554 336
7555 336
7556 432
7557 432
7558 576
7559 576
7560 480
7561 480
7562 720
7563 720
7564 720
7565 720
7566 960
7567 960
7568 480
7569 480
7570 768
7571 768
7572 864
7573 864
7574 1152
7575 1152
7576 768
7577 768
7578 1152
7579 1152
7580 1152
7581 1152
7582 1536
7583 1536
7584 432
7585 432
7586 720
7587 720
7588 864
7589 864
7590 1152
7591 1152
7592 864
7593 864
7594 1296
7595 1296
7596 1296
7597 1296
7598 1728
7599 1728
7600 720
7601 720
7602 1152
7603 1152
7604 1296
7605 1296
7606 1728
7607 1728
7608 1152
7609 1152
7610 1728
7611 1728
7612 1728
7613 1728
7614 2304
7615 2304
7616 336
7617 336
7618 576
7619 576
7620 720
7621 720
7622 960
7623 960
7624 768
7625 768
7626 1152
7627 1152
7628 1152
7629 1152
7630 1536
7631 1536
7632 720
7633 720
7634 1152
7635 1152
7636 1296
7637 1296
7638 1728
7639 1728
7640 1152
7641 1152
7642 1728
7643 1728
7644 1728
7645 1728
7646 2304
7647 2304
7648 576
7649 576
7650 960
7651 960
7652 1152
7653 1152
7654 1536
7655 1536
7656 1152
7657 1152
7658 1728
7659 1728
7660 1728
7661 1728
7662 2304
7663 2304
7664 960
7665 960
7666 1536
7667 1536
7668 1728
7669 1728
7670 2304
7671 2304
7672 1536
7673 1536
7674 2304
7675 2304
7676 2304
7677 2304
7678 3072
7679 3072
7680 80
7681 80
7682 144
7683 144
7684 192
7685 192
7686 256
7687 256
7688 224
7689 224
7690 336
7691 336
7692 336
7693 336
7694 448
7695 448
7696 240
7697 240
7698 384
7699 384
7700 432
7701 432
7702 576
7703 576
7704 384
7705 384
7706 576
7707 576
7708 576
7709 576
7710 768
7711 768
7712 240
7713 240
7714 400
7715 400
7716 480
7717 480
7718 640
7719 640
7720 480
7721 480
7722 720
7723 720
7724 720
7725 720
7726 960
7727 960
7728 400
7729 400
7730 640
7731 640
7732 720
7733 720
7734 960
7735 960
7736 640
7737 640
7738 960
7739 960
7740 960
7741 960
7742 1280
7743 1280
7744 224
7745 224
7746 384
7747 384
7748 480
7749 480
7750 640
7751 640
7752 512
7753 512
7754 768
7755 768
7756 768
7757 768
7758 1024
7759 1024
7760 480
7761 480
7762 768
7763 768
7764 864
7765 864
7766 1152
7767 1152
7768 768
7769 768
7770 1152
7771 1152
7772 1152
7773 1152
7774 1536
7775 1536
7776 384
7777 384
7778 640
7779 640
7780 768
7781 768
7782 1024
7783 1024
7784 768
7785 768
7786 1152
7787 1152
7788 1152
7789 1152
7790 1536
7791 1536
7792 640
7793 640
7794 1024
7795 1024
7796 1152
7797 1152
7798 1536
7799 1536
7800 1024
7801 1024
7802 1536
7803 1536
7804 1536
7805 1536
7806 2048
7807 2048
7808 192
7809 192
7810 336
7811 336
7812 432
7813 432
7814 576
7815 576
7816 480
7817 480
7818 720
7819 720
7820 720
7821 720
7822 960
7823 960
7824 480
7825 480
7826 768
7827 768
7828 864
7829 864
7830 1152
7831 1152
7832 768
7833 768
7834 1152
7835 1152
7836 1152
7837 1152
7838 1536
7839 1536
7840 432
7841 432
7842 720
7843 720
7844 864
7845 864
7846 1152
7847 1152
7848 864
7849 864
7850 1296
7851 1296
7852 1296
7853 1296
7854 1728
7855 1728
7856 720
7857 720
7858 1152
7859 1152
7860 1296
7861 1296
7862 1728
7863 1728
7864 1152
7865 1152
7866 1728
7867 1728
7868 1728
7869 1728
7870 2304
7871 2304
7872 336
7873 336
7874 576
7875 576
7876 720
7877 720
7878 960
7879 960
7880 768
7881 768
7882 1152
7883 1152
7884 1152
7885 1152
7886 1536
7887 1536
7888 720
7889 720
7890 1152
7891 1152
7892 1296
7893 1296
7894 1728
7895 1728
7896 1152
7897 1152
7898 1728
7899 1728
7900 1728
7901 1728
7902 2304
7903 2304
7904 576
7905 576
7906 960
7907 960
7908 1152
7909 1152
7910 1536
7911 1536
7912 1152
7913 1152
7914 1728
7915 1728
7916 1728
7917 1728
7918 2304
7919 2304
7920 960
7921 960
7922 1536
7923 1536
7924 1728
7925 1728
7926 2304
7927 2304
7928 1536
7929 1536
7930 2304
7931 2304
7932 2304
7933 2304
7934 3072
7935 3072
7936 144
7937 144
7938 256
7939 256
7940 336
7941 336
7942 448
7943 448
7944 384
7945 384
7946 576
7947 576
7948 576
7949 576
7950 768
7951 768
7952 400
7953 400
7954 640
7955 640
7956 720
7957 720
7958 960
7959 960
7960 640
7961 640
7962 960
7963 960
7964 960
7965 960
7966 1280
7967 1280
7968 384
7969 384
7970 640
7971 640
7972 768
7973 768
7974 1024
7975 1024
7976 768
7977 768
7978 1152
7979 1152
7980 1152
7981 1152
7982 1536
7983 1536
7984 640
7985 640
7986 1024
7987 1024
7988 1152
7989 1152
7990 1536
7991 1536
7992 1024
7993 1024
7994 1536
7995 1536
7996 1536
7997 1536
7998 2048
7999 2048
8000 336
8001 336
8002 576
8003 576
8004 720
8005 720
8006 960
8007 960
8008 768
8009 768
8010 1152
8011 1152
8012 1152
8013 1152
8014 1536
8015 1536
8016 720
8017 720
8018 1152
8019 1152
8020 1296
8021 1296
8022 1728
8023 1728
8024 1152
8025 1152
8026 1728
8027 1728
8028 1728
8029 1728
8030 2304
8031 2304
8032 576
8033 576
8034 960
8035 960
8036 1152
8037 1152
8038 1536
8039 1536
8040 1152
8041 1152
8042 1728
8043 1728
8044 1728
8045 1728
8046 2304
8047 2304
8048 960
8049 960
8050 1536
8051 1536
8052 1728
8053 1728
8054 2304
8055 2304
8056 1536
8057 1536
8058 2304
8059 2304
8060 2304
8061 2304
8062 3072
8063 3072
8064 256
8065 256
8066 448
8067 448
8068 576
8069 576
8070 768
8071 768
8072 640
8073 640
8074 960
8075 960
8076 960
8077 960
8078 1280
8079 1280
8080 640
8081 640
8082 1024
8083 1024
8084 1152
8085 1152
8086 1536
8087 1536
8088 1024
8089 1024
8090 1536
8091 1536
8092 1536
8093 1536
8094 2048
8095 2048
8096 576
8097 576
8098 960
8099 960
8100 1152
8101 1152
8102 1536
8103 1536
8104 1152
8105 1152
8106 1728
8107 1728
8108 1728
8109 1728
8110 2304
8111 2304
8112 960
8113 960
8114 1536
8115 1536
8116 1728
8117 1728
8118 2304
8119 2304
8120 1536
8121 1536
8122 2304
8123 2304
8124 2304
8125 2304
8126 3072
8127 3072
8128 448
8129 448
8130 768
8131 768
8132 960
8133 960
8134 1280
8135 1280
8136 1024
8137 1024
8138 1536
8139 1536
8140 1536
8141 1536
8142 2048
8143 2048
8144 960
8145 960
8146 1536
8147 1536
8148 1728
8149 1728
8150 2304
8151 2304
8152 1536
8153 1536
8154 2304
8155 2304
8156 2304
8157 2304
8158 3072
8159 3072
8160 768
8161 768
8162 1280
8163 1280
8164 1536
8165 1536
8166 2048
8167 2048
8168 1536
8169 1536
8170 2304
8171 2304
8172 2304
8173 2304
8174 3072
8175 3072
8176 1280
8177 1280
8178 2048
8179 2048
8180 2304
8181 2304
8182 3072
8183 3072
8184 2048
8185 2048
8186 3072
8187 3072
8188 3072
8189 3072
8190 4096
8191 4096
8192 14
