2 1
3 1
4 1
5 1
6 1
7 1
8 1
9 1
10 1
11 1
12 2
13 2
14 1
15 1
16 1
17 1
18 1
19 1
20 2
21 2
22 1
23 1
24 2
25 2
26 2
27 2
28 1
29 1
30 1
31 1
32 2
33 2
34 1
35 1
36 1
37 1
38 1
39 1
40 2
41 2
42 1
43 1
44 2
45 2
46 1
47 1
48 2
49 2
50 2
51 2
52 2
53 2
54 2
55 2
56 1
57 1
58 1
59 1
60 1
61 1
62 1
63 1
64 2
65 2
66 1
67 1
68 2
69 2
70 1
71 1
72 2
73 2
74 1
75 1
76 1
77 1
78 1
79 1
80 2
81 2
82 2
83 2
84 1
85 1
86 2
87 2
88 2
89 2
90 1
91 1
92 2
93 2
94 1
95 1
96 2
97 2
98 2
99 2
100 2
101 2
102 2
103 2
104 2
105 2
106 2
107 2
108 2
109 2
110 1
111 1
112 2
113 2
114 1
115 1
116 1
117 1
118 1
119 1
120 1
121 1
122 1
123 1
124 1
125 1
126 1
127 1
128 2
129 2
130 1
131 1
132 1
133 1
134 1
135 1
136 2
137 2
138 2
139 2
140 1
141 1
142 1
143 1
144 2
145 2
146 2
147 2
148 1
149 1
150 1
151 1
152 1
153 1
154 1
155 1
156 2
157 2
158 2
159 2
160 2
161 2
162 2
163 2
164 2
165 2
166 2
167 2
168 1
169 1
170 1
171 1
172 2
173 2
174 2
175 2
176 2
177 2
178 2
179 2
180 1
181 1
182 2
183 2
184 2
185 2
186 4
187 4
188 1
189 1
190 1
191 1
192 2
193 2
194 2
195 2
196 2
197 2
198 2
199 2
200 2
201 2
202 2
203 2
204 2
205 2
206 2
207 2
208 2
209 2
210 1
211 1
212 1
213 1
214 1
215 1
216 2
217 2
218 2
219 2
220 1
221 1
222 1
223 1
224 1
225 1
226 3
227 3
228 1
229 1
230 1
231 1
232 1
233 1
234 1
235 1
236 1
237 1
238 1
239 1
240 2
241 2
242 1
243 1
244 1
245 1
246 1
247 1
248 1
249 1
250 1
251 1
252 1
253 1
254 1
255 1
256 2
257 2
258 1
259 1
260 2
261 2
262 1
263 1
264 1
265 1
266 1
267 1
268 1
269 1
270 1
271 1
272 3
273 3
274 2
275 2
276 2
277 2
278 2
279 2
280 1
281 1
282 1
283 1
284 1
285 1
286 1
287 1
288 2
289 2
290 2
291 2
292 2
293 2
294 2
295 2
296 1
297 1
298 1
299 1
300 1
301 1
302 1
303 1
304 1
305 1
306 1
307 1
308 2
309 2
310 1
311 1
312 2
313 2
314 2
315 2
316 2
317 2
318 2
319 2
320 2
321 2
322 2
323 2
324 2
325 2
326 2
327 2
328 2
329 2
330 2
331 2
332 2
333 2
334 2
335 2
336 1
337 1
338 1
339 1
340 1
341 1
342 1
343 1
344 1
345 1
346 1
347 1
348 2
349 2
350 1
351 1
352 1
353 1
354 1
355 1
356 2
357 2
358 2
359 2
360 1
361 1
362 1
363 1
364 2
365 2
366 2
367 2
368 2
369 2
370 2
371 2
372 4
373 4
374 4
375 4
376 1
377 1
378 1
379 1
380 1
381 1
382 1
383 1
384 3
385 3
386 2
387 2
388 2
389 2
390 2
391 2
392 2
393 2
394 2
395 2
396 2
397 2
398 2
399 2
400 2
401 2
402 2
403 2
404 2
405 2
406 2
407 2
408 2
409 2
410 2
411 2
412 2
413 2
414 2
415 2
416 2
417 2
418 2
419 2
420 2
421 2
422 2
423 2
424 3
425 3
426 1
427 1
428 1
429 1
430 1
431 1
432 2
433 2
434 2
435 2
436 2
437 2
438 2
439 2
440 1
441 1
442 1
443 1
444 1
445 1
446 1
447 1
448 1
449 1
450 1
451 1
452 3
453 3
454 3
455 3
456 1
457 1
458 1
459 1
460 1
461 1
462 2
463 2
464 2
465 2
466 2
467 2
468 1
469 1
470 1
471 1
472 1
473 1
474 1
475 1
476 1
477 1
478 1
479 1
480 2
481 2
482 2
483 2
484 1
485 1
486 1
487 1
488 1
489 1
490 1
491 1
492 1
493 1
494 1
495 1
496 1
497 1
498 1
499 1
500 1
501 1
502 1
503 1
504 1
505 1
506 1
507 1
508 1
509 1
510 1
511 1
512 2
513 2
514 1
515 1
516 1
517 1
518 1
519 1
520 3
521 3
522 2
523 2
524 1
525 1
526 1
527 1
528 1
529 1
530 1
531 1
532 1
533 1
534 1
535 1
536 1
537 1
538 1
539 1
540 1
541 1
542 1
543 1
544 3
545 3
546 3
547 3
548 2
549 2
550 2
551 2
552 1
553 1
554 3
555 3
556 2
557 2
558 2
559 2
560 1
561 1
562 1
563 1
564 1
565 1
566 1
567 1
568 1
569 1
570 1
571 1
572 1
573 1
574 1
575 1
576 2
577 2
578 2
579 2
580 2
581 2
582 2
583 2
584 2
585 2
586 2
587 2
588 2
589 2
590 2
591 2
592 1
593 1
594 1
595 1
596 1
597 1
598 1
599 1
600 2
601 2
602 2
603 2
604 2
605 2
606 3
607 3
608 1
609 1
610 1
611 1
612 1
613 1
614 1
615 1
616 2
617 2
618 2
619 2
620 1
621 1
622 1
623 1
624 2
625 2
626 2
627 2
628 2
629 2
630 1
631 1
632 1
633 1
634 1
635 1
636 2
637 2
638 2
639 2
640 2
641 2
642 2
643 2
644 2
645 2
646 2
647 2
648 2
649 2
650 2
651 2
652 2
653 2
654 2
655 2
656 2
657 2
658 2
659 2
660 2
661 2
662 2
663 2
664 2
665 2
666 2
667 2
668 2
669 2
670 2
671 2
672 1
673 1
674 1
675 1
676 1
677 1
678 1
679 1
680 1
681 1
682 1
683 1
684 1
685 1
686 1
687 1
688 1
689 1
690 1
691 1
692 1
693 1
694 1
695 1
696 2
697 2
698 2
699 2
700 1
701 1
702 3
703 3
704 1
705 1
706 1
707 1
708 1
709 1
710 1
711 1
712 2
713 2
714 2
715 2
716 2
717 2
718 2
719 2
720 1
721 1
722 1
723 1
724 1
725 1
726 1
727 1
728 2
729 2
730 2
731 2
732 1
733 1
734 1
735 1
736 1
737 1
738 1
739 1
740 1
741 1
742 1
743 1
744 5
745 5
746 4
747 4
748 4
749 4
750 4
751 4
752 1
753 1
754 1
755 1
756 2
757 2
758 2
759 2
760 1
761 1
762 1
763 1
764 1
765 1
766 1
767 1
768 3
769 3
770 3
771 3
772 2
773 2
774 2
775 2
776 2
777 2
778 2
779 2
780 2
781 2
782 2
783 2
784 2
785 2
786 2
787 2
788 2
789 2
790 2
791 2
792 2
793 2
794 2
795 2
796 2
797 2
798 2
799 2
800 2
801 2
802 2
803 2
804 2
805 2
806 2
807 2
808 2
809 2
810 2
811 2
812 1
813 1
814 1
815 1
816 1
817 1
818 3
819 3
820 2
821 2
822 2
823 2
824 2
825 2
826 2
827 2
828 2
829 2
830 2
831 2
832 2
833 2
834 2
835 2
836 2
837 2
838 2
839 2
840 2
841 2
842 2
843 2
844 2
845 2
846 2
847 2
848 3
849 3
850 3
851 3
852 1
853 1
854 1
855 1
856 1
857 1
858 1
859 1
860 1
861 1
862 1
863 1
864 2
865 2
866 2
867 2
868 2
869 2
870 1
871 1
872 1
873 1
874 1
875 1
876 3
877 3
878 2
879 2
880 1
881 1
882 1
883 1
884 1
885 1
886 1
887 1
888 1
889 1
890 1
891 1
892 1
893 1
894 1
895 1
896 1
897 1
898 1
899 1
900 1
901 1
902 1
903 1
904 3
905 3
906 3
907 3
908 3
909 3
910 3
911 3
912 1
913 1
914 1
915 1
916 1
917 1
918 1
919 1
920 1
921 1
922 1
923 1
924 2
925 2
926 2
927 2
928 2
929 2
930 1
931 1
932 1
933 1
934 1
935 1
936 1
937 1
938 2
939 2
940 1
941 1
942 1
943 1
944 1
945 1
946 1
947 1
948 1
949 1
950 1
951 1
952 1
953 1
954 1
955 1
956 1
957 1
958 1
959 1
960 2
961 2
962 2
963 2
964 2
965 2
966 2
967 2
968 1
969 1
970 1
971 1
972 1
973 1
974 1
975 1
976 1
977 1
978 1
979 1
980 1
981 1
982 1
983 1
984 1
985 1
986 1
987 1
988 1
989 1
990 1
991 1
992 1
993 1
994 1
995 1
996 1
997 1
998 1
999 1
1000 1
1001 1
1002 1
1003 1
1004 1
1005 1
1006 1
1007 1
1008 1
1009 1
1010 1
1011 1
1012 1
1013 1
1014 2
1015 2
1016 1
1017 1
1018 1
1019 1
1020 1
1021 1
1022 1
1023 1
1024 2
1025 2
1026 1
1027 1
1028 2
1029 2
1030 1
1031 1
1032 1
1033 1
1034 1
1035 1
1036 1
1037 1
1038 1
1039 1
1040 3
1041 3
1042 3
1043 3
1044 2
1045 2
1046 2
1047 2
1048 1
1049 1
1050 1
1051 1
1052 1
1053 1
1054 1
1055 1
1056 3
1057 3
1058 1
1059 1
1060 1
1061 1
1062 1
1063 1
1064 1
1065 1
1066 1
1067 1
1068 1
1069 1
1070 1
1071 1
1072 1
1073 1
1074 1
1075 1
1076 1
1077 1
1078 1
1079 1
1080 1
1081 1
1082 1
1083 1
1084 1
1085 1
1086 1
1087 1
1088 3
1089 3
1090 3
1091 3
1092 3
1093 3
1094 3
1095 3
1096 2
1097 2
1098 2
1099 2
1100 2
1101 2
1102 2
1103 2
1104 1
1105 1
1106 1
1107 1
1108 3
1109 3
1110 3
1111 3
1112 2
1113 2
1114 2
1115 2
1116 2
1117 2
1118 2
1119 2
1120 1
1121 1
1122 2
1123 2
1124 3
1125 3
1126 1
1127 1
1128 1
1129 1
1130 1
1131 1
1132 1
1133 1
1134 1
1135 1
1136 1
1137 1
1138 1
1139 1
1140 1
1141 1
1142 1
1143 1
1144 1
1145 1
1146 1
1147 1
1148 1
1149 1
1150 1
1151 1
1152 2
1153 2
1154 2
1155 2
1156 2
1157 2
1158 2
1159 2
1160 2
1161 2
1162 2
1163 2
1164 2
1165 2
1166 2
1167 2
1168 2
1169 2
1170 2
1171 2
1172 2
1173 2
1174 2
1175 2
1176 2
1177 2
1178 2
1179 2
1180 2
1181 2
1182 2
1183 2
1184 1
1185 1
1186 1
1187 1
1188 1
1189 1
1190 1
1191 1
1192 1
1193 1
1194 1
1195 1
1196 1
1197 1
1198 1
1199 1
1200 2
1201 2
1202 2
1203 2
1204 2
1205 2
1206 2
1207 2
1208 2
1209 2
1210 2
1211 2
1212 3
1213 3
1214 3
1215 3
1216 1
1217 1
1218 1
1219 1
1220 1
1221 1
1222 1
1223 1
1224 1
1225 1
1226 1
1227 1
1228 1
1229 1
1230 1
1231 1
1232 2
1233 2
1234 2
1235 2
1236 2
1237 2
1238 2
1239 2
1240 1
1241 1
1242 1
1243 1
1244 1
1245 1
1246 1
1247 1
1248 2
1249 2
1250 2
1251 2
1252 2
1253 2
1254 2
1255 2
1256 2
1257 2
1258 2
1259 2
1260 1
1261 1
1262 2
1263 2
1264 1
1265 1
1266 1
1267 1
1268 1
1269 1
1270 1
1271 1
1272 2
1273 2
1274 2
1275 2
1276 2
1277 2
1278 2
1279 2
1280 2
1281 2
1282 2
1283 2
1284 2
1285 2
1286 2
1287 2
1288 2
1289 2
1290 2
1291 2
1292 2
1293 2
1294 2
1295 2
1296 2
1297 2
1298 2
1299 2
1300 2
1301 2
1302 1
1303 1
1304 1
1305 1
1306 1
1307 1
1308 1
1309 1
1310 1
1311 1
1312 2
1313 2
1314 2
1315 2
1316 2
1317 2
1318 2
1319 2
1320 2
1321 2
1322 2
1323 2
1324 2
1325 2
1326 2
1327 2
1328 2
1329 2
1330 2
1331 2
1332 1
1333 1
1334 1
1335 1
1336 1
1337 1
1338 1
1339 1
1340 1
1341 1
1342 1
1343 1
1344 1
1345 1
1346 2
1347 2
1348 1
1349 1
1350 1
1351 1
1352 1
1353 1
1354 1
1355 1
1356 1
1357 1
1358 1
1359 1
1360 1
1361 1
1362 1
1363 1
1364 1
1365 1
1366 1
1367 1
1368 1
1369 1
1370 1
1371 1
1372 1
1373 1
1374 1
1375 1
1376 1
1377 1
1378 1
1379 1
1380 1
1381 1
1382 1
1383 1
1384 1
1385 1
1386 1
1387 1
1388 1
1389 1
1390 1
1391 1
1392 2
1393 2
1394 2
1395 2
1396 2
1397 2
1398 2
1399 2
1400 1
1401 1
1402 1
1403 1
1404 3
1405 3
1406 1
1407 1
1408 1
1409 1
1410 2
1411 2
1412 1
1413 1
1414 1
1415 1
1416 1
1417 1
1418 1
1419 1
1420 1
1421 1
1422 1
1423 1
1424 2
1425 2
1426 2
1427 2
1428 2
1429 2
1430 2
1431 2
1432 2
1433 2
1434 2
1435 2
1436 2
1437 2
1438 2
1439 2
1440 1
1441 1
1442 1
1443 1
1444 1
1445 1
1446 1
1447 1
1448 1
1449 1
1450 1
1451 1
1452 1
1453 1
1454 1
1455 1
1456 2
1457 2
1458 2
1459 2
1460 2
1461 2
1462 2
1463 2
1464 1
1465 1
1466 1
1467 1
1468 1
1469 1
1470 1
1471 1
1472 1
1473 1
1474 1
1475 1
1476 1
1477 1
1478 1
1479 1
1480 1
1481 1
1482 1
1483 1
1484 1
1485 1
1486 1
1487 1
1488 1
1489 1
1490 6
1491 6
1492 4
1493 4
1494 4
1495 4
1496 4
1497 4
1498 4
1499 4
1500 4
1501 4
1502 4
1503 4
1504 1
1505 1
1506 1
1507 1
1508 1
1509 1
1510 1
1511 1
1512 2
1513 2
1514 2
1515 2
1516 2
1517 2
1518 2
1519 2
1520 1
1521 1
1522 1
1523 1
1524 1
1525 1
1526 1
1527 1
1528 1
1529 1
1530 1
1531 1
1532 1
1533 1
1534 1
1535 1
1536 3
1537 3
1538 3
1539 3
1540 3
1541 3
1542 3
1543 3
1544 2
1545 2
1546 2
1547 2
1548 2
1549 2
1550 2
1551 2
1552 2
1553 2
1554 2
1555 2
1556 2
1557 2
1558 2
1559 2
1560 1
1561 1
1562 1
1563 1
1564 1
1565 1
1566 1
1567 1
1568 2
1569 2
1570 2
1571 2
1572 2
1573 2
1574 2
1575 2
1576 2
1577 2
1578 2
1579 2
1580 2
1581 2
1582 2
1583 2
1584 2
1585 2
1586 2
1587 2
1588 2
1589 2
1590 2
1591 2
1592 2
1593 2
1594 2
1595 2
1596 2
1597 2
1598 2
1599 2
1600 2
1601 2
1602 2
1603 2
1604 2
1605 2
1606 2
1607 2
1608 2
1609 2
1610 2
1611 2
1612 2
1613 2
1614 2
1615 2
1616 2
1617 2
1618 2
1619 2
1620 2
1621 2
1622 2
1623 2
1624 1
1625 1
1626 1
1627 1
1628 1
1629 1
1630 1
1631 1
1632 1
1633 1
1634 1
1635 1
1636 3
1637 3
1638 3
1639 3
1640 2
1641 2
1642 2
1643 2
1644 2
1645 2
1646 2
1647 2
1648 4
1649 4
1650 2
1651 2
1652 2
1653 2
1654 2
1655 2
1656 2
1657 2
1658 2
1659 2
1660 2
1661 2
1662 2
1663 2
1664 2
1665 2
1666 2
1667 2
1668 2
1669 2
1670 2
1671 2
1672 2
1673 2
1674 2
1675 2
1676 2
1677 2
1678 2
1679 2
1680 2
1681 2
1682 2
1683 2
1684 2
1685 2
1686 2
1687 2
1688 2
1689 2
1690 2
1691 2
1692 2
1693 2
1694 2
1695 2
1696 3
1697 3
1698 3
1699 3
1700 3
1701 3
1702 3
1703 3
1704 1
1705 1
1706 1
1707 1
1708 1
1709 1
1710 1
1711 1
1712 1
1713 1
1714 1
1715 1
1716 1
1717 1
1718 1
1719 1
1720 1
1721 1
1722 2
1723 2
1724 2
1725 2
1726 2
1727 2
1728 4
1729 4
1730 2
1731 2
1732 2
1733 2
1734 2
1735 2
1736 2
1737 2
1738 2
1739 2
1740 2
1741 2
1742 2
1743 2
1744 2
1745 2
1746 2
1747 2
1748 3
1749 3
1750 1
1751 1
1752 3
1753 3
1754 3
1755 3
1756 2
1757 2
1758 2
1759 2
1760 1
1761 1
1762 1
1763 1
1764 1
1765 1
1766 1
1767 1
1768 1
1769 1
1770 1
1771 1
1772 1
1773 1
1774 1
1775 1
1776 1
1777 1
1778 1
1779 1
1780 1
1781 1
1782 1
1783 1
1784 1
1785 1
1786 1
1787 1
1788 1
1789 1
1790 1
1791 1
1792 1
1793 1
1794 1
1795 1
1796 1
1797 1
1798 1
1799 1
1800 1
1801 1
1802 1
1803 1
1804 1
1805 1
1806 1
1807 1
1808 1
1809 1
1810 1
1811 1
1812 1
1813 1
1814 4
1815 4
1816 3
1817 3
1818 3
1819 3
1820 3
1821 3
1822 3
1823 3
1824 1
1825 1
1826 1
1827 1
1828 1
1829 1
1830 1
1831 1
1832 1
1833 1
1834 1
1835 1
1836 1
1837 1
1838 1
1839 1
1840 1
1841 1
1842 1
1843 1
1844 1
1845 1
1846 1
1847 1
1848 2
1849 2
1850 2
1851 2
1852 2
1853 2
1854 2
1855 2
1856 2
1857 2
1858 2
1859 2
1860 1
1861 1
1862 1
1863 1
1864 1
1865 1
1866 1
1867 1
1868 1
1869 1
1870 1
1871 1
1872 1
1873 1
1874 1
1875 1
1876 2
1877 2
1878 2
1879 2
1880 1
1881 1
1882 1
1883 1
1884 1
1885 1
1886 1
1887 1
1888 1
1889 1
1890 1
1891 1
1892 1
1893 1
1894 1
1895 1
1896 1
1897 1
1898 1
1899 1
1900 1
1901 1
1902 2
1903 2
1904 1
1905 1
1906 1
1907 1
1908 1
1909 1
1910 1
1911 1
1912 1
1913 1
1914 1
1915 1
1916 1
1917 1
1918 1
1919 1
1920 2
1921 2
1922 2
1923 2
1924 2
1925 2
1926 2
1927 2
1928 2
1929 2
1930 2
1931 2
1932 2
1933 2
1934 2
1935 2
1936 1
1937 1
1938 1
1939 1
1940 1
1941 1
1942 1
1943 1
1944 1
1945 1
1946 1
1947 1
1948 1
1949 1
1950 1
1951 1
1952 1
1953 1
1954 1
1955 1
1956 1
1957 1
1958 1
1959 1
1960 1
1961 1
1962 1
1963 1
1964 1
1965 1
1966 1
1967 1
1968 1
1969 1
1970 1
1971 1
1972 1
1973 1
1974 1
1975 1
1976 1
1977 1
1978 1
1979 1
1980 2
1981 2
1982 2
1983 2
1984 1
1985 1
1986 1
1987 1
1988 1
1989 1
1990 1
1991 1
1992 1
1993 1
1994 1
1995 1
1996 1
1997 1
1998 1
1999 1
2000 1
2001 1
2002 1
2003 1
2004 1
2005 1
2006 1
2007 1
2008 1
2009 1
2010 1
2011 1
2012 1
2013 1
2014 1
2015 1
2016 1
2017 1
2018 1
2019 1
2020 1
2021 1
2022 1
2023 1
2024 1
2025 1
2026 1
2027 1
2028 2
2029 2
2030 2
2031 2
2032 1
2033 1
2034 1
2035 1
2036 1
2037 1
2038 1
2039 1
2040 1
2041 1
2042 1
2043 1
2044 1
2045 1
2046 1
2047 1
2048 2
2049 2
2050 1
2051 1
2052 1
2053 1
2054 1
2055 1
2056 2
2057 2
2058 2
2059 2
2060 1
2061 1
2062 1
2063 1
2064 1
2065 1
2066 1
2067 1
2068 1
2069 1
2070 3
2071 3
2072 1
2073 1
2074 1
2075 1
2076 1
2077 1
2078 1
2079 1
2080 3
2081 3
2082 3
2083 3
2084 3
2085 3
2086 3
2087 3
2088 2
2089 2
2090 2
2091 2
2092 2
2093 2
2094 2
2095 2
2096 1
2097 1
2098 1
2099 1
2100 1
2101 1
2102 1
2103 1
2104 1
2105 1
2106 1
2107 1
2108 1
2109 1
2110 1
2111 1
2112 3
2113 3
2114 3
2115 3
2116 1
2117 1
2118 1
2119 1
2120 1
2121 1
2122 1
2123 1
2124 1
2125 1
2126 1
2127 1
2128 1
2129 1
2130 1
2131 1
2132 1
2133 1
2134 1
2135 1
2136 1
2137 1
2138 1
2139 1
2140 1
2141 1
2142 1
2143 1
2144 1
2145 1
2146 1
2147 1
2148 1
2149 1
2150 1
2151 1
2152 1
2153 1
2154 1
2155 1
2156 1
2157 1
2158 1
2159 1
2160 1
2161 1
2162 1
2163 1
2164 1
2165 1
2166 2
2167 2
2168 1
2169 1
2170 1
2171 1
2172 1
2173 1
2174 1
2175 1
2176 3
2177 3
2178 3
2179 3
2180 3
2181 3
2182 3
2183 3
2184 3
2185 3
2186 3
2187 3
2188 3
2189 3
2190 1
2191 1
2192 1
2193 1
2194 1
2195 1
2196 1
2197 1
2198 3
2199 3
2200 2
2201 2
2202 2
2203 2
2204 2
2205 2
2206 2
2207 2
2208 1
2209 1
2210 2
2211 2
2212 2
2213 2
2214 2
2215 2
2216 3
2217 3
2218 3
2219 3
2220 3
2221 3
2222 3
2223 3
2224 2
2225 2
2226 2
2227 2
2228 2
2229 2
2230 2
2231 2
2232 2
2233 2
2234 2
2235 2
2236 2
2237 2
2238 2
2239 2
2240 1
2241 1
2242 1
2243 1
2244 2
2245 2
2246 2
2247 2
2248 3
2249 3
2250 3
2251 3
2252 1
2253 1
2254 1
2255 1
2256 1
2257 1
2258 1
2259 1
2260 1
2261 1
2262 1
2263 1
2264 1
2265 1
2266 1
2267 1
2268 1
2269 1
2270 1
2271 1
2272 1
2273 1
2274 1
2275 1
2276 1
2277 1
2278 1
2279 1
2280 1
2281 1
2282 1
2283 1
2284 1
2285 1
2286 1
2287 1
2288 1
2289 1
2290 1
2291 1
2292 1
2293 1
2294 1
2295 1
2296 1
2297 1
2298 1
2299 1
2300 1
2301 1
2302 1
2303 1
2304 2
2305 2
2306 2
2307 2
2308 2
2309 2
2310 2
2311 2
2312 2
2313 2
2314 2
2315 2
2316 2
2317 2
2318 2
2319 2
2320 2
2321 2
2322 2
2323 2
2324 2
2325 2
2326 2
2327 2
2328 2
2329 2
2330 2
2331 2
2332 2
2333 2
2334 2
2335 2
2336 2
2337 2
2338 2
2339 2
2340 2
2341 2
2342 2
2343 2
2344 2
2345 2
2346 2
2347 2
2348 2
2349 2
2350 2
2351 2
2352 2
2353 2
2354 2
2355 2
2356 2
2357 2
2358 2
2359 2
2360 2
2361 2
2362 2
2363 2
2364 2
2365 2
2366 2
2367 2
2368 1
2369 1
2370 1
2371 1
2372 1
2373 1
2374 1
2375 1
2376 1
2377 1
2378 1
2379 1
2380 1
2381 1
2382 1
2383 1
2384 1
2385 1
2386 1
2387 1
2388 1
2389 1
2390 1
2391 1
2392 1
2393 1
2394 1
2395 1
2396 1
2397 1
2398 1
2399 1
2400 2
2401 2
2402 2
2403 2
2404 2
2405 2
2406 2
2407 2
2408 1
2409 1
2410 1
2411 1
2412 1
2413 1
2414 1
2415 1
2416 2
2417 2
2418 2
2419 2
2420 2
2421 2
2422 2
2423 2
2424 3
2425 3
2426 3
2427 3
2428 3
2429 3
2430 3
2431 3
2432 1
2433 1
2434 1
2435 1
2436 1
2437 1
2438 1
2439 1
2440 1
2441 1
2442 1
2443 1
2444 1
2445 1
2446 1
2447 1
2448 1
2449 1
2450 2
2451 2
2452 2
2453 2
2454 3
2455 3
2456 1
2457 1
2458 1
2459 1
2460 1
2461 1
2462 1
2463 1
2464 2
2465 2
2466 2
2467 2
2468 2
2469 2
2470 2
2471 2
2472 2
2473 2
2474 2
2475 2
2476 2
2477 2
2478 2
2479 2
2480 1
2481 1
2482 1
2483 1
2484 1
2485 1
2486 1
2487 1
2488 1
2489 1
2490 1
2491 1
2492 1
2493 1
2494 1
2495 1
2496 2
2497 2
2498 2
2499 2
2500 2
2501 2
2502 2
2503 2
2504 2
2505 2
2506 2
2507 2
2508 2
2509 2
2510 2
2511 2
2512 2
2513 2
2514 2
2515 2
2516 2
2517 2
2518 2
2519 2
2520 1
2521 1
2522 1
2523 1
2524 2
2525 2
2526 2
2527 2
2528 1
2529 1
2530 1
2531 1
2532 1
2533 1
2534 1
2535 1
2536 1
2537 1
2538 1
2539 1
2540 1
2541 1
2542 1
2543 1
2544 2
2545 2
2546 2
2547 2
2548 2
2549 2
2550 2
2551 2
2552 2
2553 2
2554 2
2555 2
2556 4
2557 4
2558 2
2559 2
2560 2
2561 2
2562 2
2563 2
2564 2
2565 2
2566 2
2567 2
2568 2
2569 2
2570 2
2571 2
2572 2
2573 2
2574 2
2575 2
2576 2
2577 2
2578 2
2579 2
2580 2
2581 2
2582 2
2583 2
2584 2
2585 2
2586 2
2587 2
2588 2
2589 2
2590 2
2591 2
2592 2
2593 2
2594 2
2595 2
2596 2
2597 2
2598 2
2599 2
2600 2
2601 2
2602 2
2603 2
2604 1
2605 1
2606 1
2607 1
2608 1
2609 1
2610 1
2611 1
2612 1
2613 1
2614 1
2615 1
2616 1
2617 1
2618 1
2619 1
2620 1
2621 1
2622 1
2623 1
2624 2
2625 2
2626 2
2627 2
2628 2
2629 2
2630 2
2631 2
2632 2
2633 2
2634 2
2635 2
2636 2
2637 2
2638 2
2639 2
2640 2
2641 2
2642 2
2643 2
2644 2
2645 2
2646 2
2647 2
2648 2
2649 2
2650 2
2651 2
2652 2
2653 2
2654 2
2655 2
2656 4
2657 4
2658 2
2659 2
2660 2
2661 2
2662 2
2663 2
2664 1
2665 1
2666 1
2667 1
2668 1
2669 1
2670 1
2671 1
2672 1
2673 1
2674 1
2675 1
2676 1
2677 1
2678 1
2679 1
2680 1
2681 1
2682 1
2683 1
2684 1
2685 1
2686 1
2687 1
2688 1
2689 1
2690 1
2691 1
2692 2
2693 2
2694 2
2695 2
2696 1
2697 1
2698 1
2699 1
2700 1
2701 1
2702 1
2703 1
2704 1
2705 1
2706 1
2707 1
2708 1
2709 1
2710 1
2711 1
2712 1
2713 1
2714 1
2715 1
2716 1
2717 1
2718 1
2719 1
2720 1
2721 1
2722 1
2723 1
2724 1
2725 1
2726 1
2727 1
2728 1
2729 1
2730 1
2731 1
2732 1
2733 1
2734 1
2735 1
2736 1
2737 1
2738 1
2739 1
2740 1
2741 1
2742 1
2743 1
2744 1
2745 1
2746 1
2747 1
2748 1
2749 1
2750 1
2751 1
2752 1
2753 1
2754 1
2755 1
2756 2
2757 2
2758 1
2759 1
2760 1
2761 1
2762 1
2763 1
2764 1
2765 1
2766 1
2767 1
2768 1
2769 1
2770 1
2771 1
2772 1
2773 1
2774 1
2775 1
2776 1
2777 1
2778 1
2779 1
2780 1
2781 1
2782 1
2783 1
2784 2
2785 2
2786 2
2787 2
2788 2
2789 2
2790 2
2791 2
2792 2
2793 2
2794 2
2795 2
2796 2
2797 2
2798 2
2799 2
2800 1
2801 1
2802 1
2803 1
2804 1
2805 1
2806 1
2807 1
2808 3
2809 3
2810 3
2811 3
2812 1
2813 1
2814 1
2815 1
2816 1
2817 1
2818 1
2819 1
2820 2
2821 2
2822 2
2823 2
2824 1
2825 1
2826 1
2827 1
2828 1
2829 1
2830 1
2831 1
2832 1
2833 1
2834 1
2835 1
2836 1
2837 1
2838 1
2839 1
2840 1
2841 1
2842 1
2843 1
2844 1
2845 1
2846 1
2847 1
2848 2
2849 2
2850 2
2851 2
2852 2
2853 2
2854 2
2855 2
2856 2
2857 2
2858 2
2859 2
2860 2
2861 2
2862 2
2863 2
2864 2
2865 2
2866 2
2867 2
2868 4
2869 4
2870 2
2871 2
2872 2
2873 2
2874 2
2875 2
2876 2
2877 2
2878 2
2879 2
2880 1
2881 1
2882 1
2883 1
2884 1
2885 1
2886 1
2887 1
2888 1
2889 1
2890 1
2891 1
2892 1
2893 1
2894 1
2895 1
2896 1
2897 1
2898 1
2899 1
2900 1
2901 1
2902 1
2903 1
2904 1
2905 1
2906 1
2907 1
2908 1
2909 1
2910 1
2911 1
2912 2
2913 2
2914 2
2915 2
2916 2
2917 2
2918 2
2919 2
2920 2
2921 2
2922 2
2923 2
2924 2
2925 2
2926 2
2927 2
2928 1
2929 1
2930 1
2931 1
2932 1
2933 1
2934 1
2935 1
2936 1
2937 1
2938 1
2939 1
2940 1
2941 1
2942 1
2943 1
2944 1
2945 1
2946 1
2947 1
2948 1
2949 1
2950 1
2951 1
2952 1
2953 1
2954 1
2955 1
2956 1
2957 1
2958 1
2959 1
2960 1
2961 1
2962 1
2963 1
2964 1
2965 1
2966 1
2967 1
2968 1
2969 1
2970 2
2971 2
2972 3
2973 3
2974 1
2975 1
2976 1
2977 1
2978 1
2979 1
2980 6
2981 6
2982 6
2983 6
2984 4
2985 4
2986 4
2987 4
2988 4
2989 4
2990 4
2991 4
2992 4
2993 4
2994 4
2995 4
2996 4
2997 4
2998 4
2999 4
3000 4
3001 4
3002 4
3003 4
3004 4
3005 4
3006 4
3007 4
3008 1
3009 1
3010 1
3011 1
3012 1
3013 1
3014 1
3015 1
3016 1
3017 1
3018 1
3019 1
3020 1
3021 1
3022 1
3023 1
3024 2
3025 2
3026 2
3027 2
3028 2
3029 2
3030 2
3031 2
3032 2
3033 2
3034 2
3035 2
3036 2
3037 2
3038 2
3039 2
3040 1
3041 1
3042 1
3043 1
3044 1
3045 1
3046 1
3047 1
3048 1
3049 1
3050 1
3051 1
3052 1
3053 1
3054 1
3055 1
3056 1
3057 1
3058 1
3059 1
3060 1
3061 1
3062 1
3063 1
3064 1
3065 1
3066 1
3067 1
3068 1
3069 1
3070 1
3071 1
3072 3
3073 3
3074 3
3075 3
3076 3
3077 3
3078 3
3079 3
3080 2
3081 2
3082 2
3083 2
3084 5
3085 5
3086 3
3087 3
3088 2
3089 2
3090 2
3091 2
3092 2
3093 2
3094 2
3095 2
3096 2
3097 2
3098 2
3099 2
3100 2
3101 2
3102 2
3103 2
3104 2
3105 2
3106 2
3107 2
3108 2
3109 2
3110 2
3111 2
3112 2
3113 2
3114 2
3115 2
3116 2
3117 2
3118 2
3119 2
3120 1
3121 1
3122 1
3123 1
3124 1
3125 1
3126 1
3127 1
3128 1
3129 1
3130 1
3131 1
3132 1
3133 1
3134 1
3135 1
3136 1
3137 1
3138 1
3139 1
3140 2
3141 2
3142 2
3143 2
3144 2
3145 2
3146 2
3147 2
3148 2
3149 2
3150 2
3151 2
3152 2
3153 2
3154 2
3155 2
3156 2
3157 2
3158 2
3159 2
3160 2
3161 2
3162 2
3163 2
3164 2
3165 2
3166 2
3167 2
3168 2
3169 2
3170 2
3171 2
3172 2
3173 2
3174 2
3175 2
3176 2
3177 2
3178 2
3179 2
3180 2
3181 2
3182 2
3183 2
3184 2
3185 2
3186 2
3187 2
3188 2
3189 2
3190 2
3191 2
3192 1
3193 1
3194 1
3195 1
3196 1
3197 1
3198 1
3199 1
3200 2
3201 2
3202 2
3203 2
3204 2
3205 2
3206 2
3207 2
3208 2
3209 2
3210 2
3211 2
3212 2
3213 2
3214 2
3215 2
3216 2
3217 2
3218 2
3219 2
3220 2
3221 2
3222 2
3223 2
3224 2
3225 2
3226 2
3227 2
3228 2
3229 2
3230 2
3231 2
3232 2
3233 2
3234 2
3235 2
3236 2
3237 2
3238 2
3239 2
3240 2
3241 2
3242 2
3243 2
3244 2
3245 2
3246 2
3247 2
3248 1
3249 1
3250 1
3251 1
3252 1
3253 1
3254 1
3255 1
3256 1
3257 1
3258 1
3259 1
3260 1
3261 1
3262 1
3263 1
3264 1
3265 1
3266 1
3267 1
3268 1
3269 1
3270 1
3271 1
3272 3
3273 3
3274 3
3275 3
3276 3
3277 3
3278 3
3279 3
3280 2
3281 2
3282 2
3283 2
3284 2
3285 2
3286 2
3287 2
3288 2
3289 2
3290 2
3291 2
3292 2
3293 2
3294 2
3295 2
3296 4
3297 4
3298 4
3299 4
3300 2
3301 2
3302 2
3303 2
3304 2
3305 2
3306 1
3307 1
3308 1
3309 1
3310 1
3311 1
3312 1
3313 1
3314 1
3315 1
3316 3
3317 3
3318 2
3319 2
3320 2
3321 2
3322 2
3323 2
3324 2
3325 2
3326 2
3327 2
3328 2
3329 2
3330 2
3331 2
3332 2
3333 2
3334 2
3335 2
3336 2
3337 2
3338 2
3339 2
3340 2
3341 2
3342 2
3343 2
3344 2
3345 2
3346 2
3347 2
3348 2
3349 2
3350 2
3351 2
3352 2
3353 2
3354 2
3355 2
3356 2
3357 2
3358 2
3359 2
3360 2
3361 2
3362 2
3363 2
3364 2
3365 2
3366 2
3367 2
3368 2
3369 2
3370 2
3371 2
3372 2
3373 2
3374 2
3375 2
3376 2
3377 2
3378 2
3379 2
3380 2
3381 2
3382 2
3383 2
3384 2
3385 2
3386 2
3387 2
3388 2
3389 2
3390 1
3391 1
3392 1
3393 1
3394 1
3395 1
3396 4
3397 4
3398 3
3399 3
3400 3
3401 3
3402 3
3403 3
3404 3
3405 3
3406 3
3407 3
3408 1
3409 1
3410 1
3411 1
3412 1
3413 1
3414 1
3415 1
3416 1
3417 1
3418 1
3419 1
3420 1
3421 1
3422 1
3423 1
3424 1
3425 1
3426 1
3427 1
3428 1
3429 1
3430 2
3431 2
3432 1
3433 1
3434 1
3435 1
3436 1
3437 1
3438 1
3439 1
3440 1
3441 1
3442 1
3443 1
3444 2
3445 2
3446 2
3447 2
3448 2
3449 2
3450 2
3451 2
3452 2
3453 2
3454 2
3455 2
3456 4
3457 4
3458 4
3459 4
3460 2
3461 2
3462 2
3463 2
3464 2
3465 2
3466 2
3467 2
3468 2
3469 2
3470 2
3471 2
3472 2
3473 2
3474 2
3475 2
3476 2
3477 2
3478 2
3479 2
3480 2
3481 2
3482 2
3483 2
3484 2
3485 2
3486 2
3487 2
3488 2
3489 2
3490 2
3491 2
3492 2
3493 2
3494 2
3495 2
3496 3
3497 3
3498 3
3499 3
3500 1
3501 1
3502 1
3503 1
3504 3
3505 3
3506 3
3507 3
3508 3
3509 3
3510 3
3511 3
3512 2
3513 2
3514 2
3515 2
3516 2
3517 2
3518 2
3519 2
3520 1
3521 1
3522 1
3523 1
3524 1
3525 1
3526 1
3527 1
3528 1
3529 1
3530 1
3531 1
3532 1
3533 1
3534 1
3535 1
3536 1
3537 1
3538 1
3539 1
3540 1
3541 1
3542 1
3543 1
3544 1
3545 1
3546 1
3547 1
3548 1
3549 1
3550 1
3551 1
3552 1
3553 1
3554 1
3555 1
3556 1
3557 1
3558 1
3559 1
3560 1
3561 1
3562 1
3563 1
3564 1
3565 1
3566 1
3567 1
3568 1
3569 1
3570 1
3571 1
3572 1
3573 1
3574 1
3575 1
3576 1
3577 1
3578 1
3579 1
3580 1
3581 1
3582 1
3583 1
3584 1
3585 1
3586 1
3587 1
3588 1
3589 1
3590 1
3591 1
3592 1
3593 1
3594 1
3595 1
3596 1
3597 1
3598 1
3599 1
3600 1
3601 1
3602 1
3603 1
3604 1
3605 1
3606 1
3607 1
3608 1
3609 1
3610 1
3611 1
3612 1
3613 1
3614 1
3615 1
3616 1
3617 1
3618 1
3619 1
3620 1
3621 1
3622 1
3623 1
3624 1
3625 1
3626 1
3627 1
3628 4
3629 4
3630 4
3631 4
3632 3
3633 3
3634 3
3635 3
3636 3
3637 3
3638 3
3639 3
3640 3
3641 3
3642 3
3643 3
3644 3
3645 3
3646 3
3647 3
3648 1
3649 1
3650 1
3651 1
3652 1
3653 1
3654 1
3655 1
3656 1
3657 1
3658 1
3659 1
3660 1
3661 1
3662 1
3663 1
3664 1
3665 1
3666 1
3667 1
3668 2
3669 2
3670 1
3671 1
3672 1
3673 1
3674 1
3675 1
3676 1
3677 1
3678 1
3679 1
3680 1
3681 1
3682 1
3683 1
3684 1
3685 1
3686 1
3687 1
3688 1
3689 1
3690 1
3691 1
3692 1
3693 1
3694 1
3695 1
3696 2
3697 2
3698 2
3699 2
3700 2
3701 2
3702 2
3703 2
3704 2
3705 2
3706 2
3707 2
3708 2
3709 2
3710 2
3711 2
3712 2
3713 2
3714 2
3715 2
3716 2
3717 2
3718 2
3719 2
3720 1
3721 1
3722 1
3723 1
3724 1
3725 1
3726 1
3727 1
3728 1
3729 1
3730 1
3731 1
3732 1
3733 1
3734 1
3735 1
3736 1
3737 1
3738 1
3739 1
3740 1
3741 1
3742 1
3743 1
3744 1
3745 1
3746 1
3747 1
3748 1
3749 1
3750 1
3751 1
3752 2
3753 2
3754 2
3755 2
3756 2
3757 2
3758 2
3759 2
3760 1
3761 1
3762 1
3763 1
3764 1
3765 1
3766 1
3767 1
3768 1
3769 1
3770 1
3771 1
3772 1
3773 1
3774 1
3775 1
3776 1
3777 1
3778 1
3779 1
3780 1
3781 1
3782 1
3783 1
3784 1
3785 1
3786 1
3787 1
3788 1
3789 1
3790 1
3791 1
3792 1
3793 1
3794 1
3795 1
3796 1
3797 1
3798 1
3799 1
3800 1
3801 1
3802 1
3803 1
3804 2
3805 2
3806 2
3807 2
3808 1
3809 1
3810 1
3811 1
3812 1
3813 1
3814 1
3815 1
3816 1
3817 1
3818 1
3819 1
3820 1
3821 1
3822 1
3823 1
3824 1
3825 1
3826 1
3827 1
3828 1
3829 1
3830 1
3831 1
3832 1
3833 1
3834 1
3835 1
3836 1
3837 1
3838 1
3839 1
3840 2
3841 2
3842 2
3843 2
3844 2
3845 2
3846 2
3847 2
3848 2
3849 2
3850 2
3851 2
3852 2
3853 2
3854 2
3855 2
3856 2
3857 2
3858 2
3859 2
3860 2
3861 2
3862 2
3863 2
3864 2
3865 2
3866 2
3867 2
3868 2
3869 2
3870 2
3871 2
3872 1
3873 1
3874 1
3875 1
3876 1
3877 1
3878 1
3879 1
3880 1
3881 1
3882 1
3883 1
3884 1
3885 1
3886 1
3887 1
3888 1
3889 1
3890 1
3891 1
3892 1
3893 1
3894 1
3895 1
3896 1
3897 1
3898 1
3899 1
3900 1
3901 1
3902 1
3903 1
3904 1
3905 1
3906 1
3907 1
3908 1
3909 1
3910 1
3911 1
3912 2
3913 2
3914 1
3915 1
3916 1
3917 1
3918 1
3919 1
3920 1
3921 1
3922 1
3923 1
3924 1
3925 1
3926 1
3927 1
3928 1
3929 1
3930 1
3931 1
3932 1
3933 1
3934 1
3935 1
3936 1
3937 1
3938 1
3939 1
3940 1
3941 1
3942 1
3943 1
3944 1
3945 1
3946 1
3947 1
3948 1
3949 1
3950 1
3951 1
3952 1
3953 1
3954 1
3955 1
3956 1
3957 1
3958 1
3959 1
3960 2
3961 2
3962 2
3963 2
3964 2
3965 2
3966 2
3967 2
3968 1
3969 1
3970 1
3971 1
3972 1
3973 1
3974 1
3975 1
3976 1
3977 1
3978 1
3979 1
3980 1
3981 1
3982 1
3983 1
3984 1
3985 1
3986 1
3987 1
3988 1
3989 1
3990 1
3991 1
3992 1
3993 1
3994 1
3995 1
3996 1
3997 1
3998 1
3999 1
4000 1
4001 1
4002 1
4003 1
4004 1
4005 1
4006 1
4007 1
4008 1
4009 1
4010 1
4011 1
4012 1
4013 1
4014 1
4015 1
4016 1
4017 1
4018 1
4019 1
4020 1
4021 1
4022 1
4023 1
4024 1
4025 1
4026 1
4027 1
4028 1
4029 1
4030 1
4031 1
4032 1
4033 1
4034 1
4035 1
4036 1
4037 1
4038 1
4039 1
4040 1
4041 1
4042 1
4043 1
4044 1
4045 1
4046 1
4047 1
4048 1
4049 1
4050 1
4051 1
4052 1
4053 1
4054 1
4055 1
4056 2
4057 2
4058 2
4059 2
4060 2
4061 2
4062 2
4063 2
4064 1
4065 1
4066 1
4067 1
4068 1
4069 1
4070 1
4071 1
4072 1
4073 1
4074 1
4075 1
4076 1
4077 1
4078 1
4079 1
4080 1
4081 1
4082 1
4083 1
4084 1
4085 1
4086 1
4087 1
4088 1
4089 1
4090 1
4091 1
4092 1
4093 1
4094 1
4095 1
4096 2
4097 2
4098 1
4099 1
4100 2
4101 2
4102 1
4103 1
4104 2
4105 2
4106 1
4107 1
4108 1
4109 1
4110 1
4111 1
4112 3
4113 3
4114 2
4115 2
4116 2
4117 2
4118 2
4119 2
4120 1
4121 1
4122 1
4123 1
4124 1
4125 1
4126 1
4127 1
4128 1
4129 1
4130 1
4131 1
4132 1
4133 1
4134 1
4135 1
4136 1
4137 1
4138 1
4139 1
4140 3
4141 3
4142 3
4143 3
4144 1
4145 1
4146 1
4147 1
4148 1
4149 1
4150 1
4151 1
4152 1
4153 1
4154 1
4155 1
4156 1
4157 1
4158 1
4159 1
4160 5
4161 5
4162 3
4163 3
4164 3
4165 3
4166 3
4167 3
4168 3
4169 3
4170 3
4171 3
4172 3
4173 3
4174 3
4175 3
4176 2
4177 2
4178 2
4179 2
4180 2
4181 2
4182 2
4183 2
4184 2
4185 2
4186 2
4187 2
4188 2
4189 2
4190 2
4191 2
4192 1
4193 1
4194 1
4195 1
4196 1
4197 1
4198 1
4199 1
4200 1
4201 1
4202 1
4203 1
4204 1
4205 1
4206 1
4207 1
4208 1
4209 1
4210 1
4211 1
4212 1
4213 1
4214 1
4215 1
4216 1
4217 1
4218 1
4219 1
4220 1
4221 1
4222 1
4223 1
4224 3
4225 3
4226 3
4227 3
4228 3
4229 3
4230 3
4231 3
4232 1
4233 1
4234 1
4235 1
4236 1
4237 1
4238 1
4239 1
4240 1
4241 1
4242 1
4243 1
4244 1
4245 1
4246 1
4247 1
4248 1
4249 1
4250 1
4251 1
4252 1
4253 1
4254 1
4255 1
4256 1
4257 1
4258 1
4259 1
4260 1
4261 1
4262 1
4263 1
4264 1
4265 1
4266 1
4267 1
4268 1
4269 1
4270 1
4271 1
4272 1
4273 1
4274 1
4275 1
4276 1
4277 1
4278 1
4279 1
4280 1
4281 1
4282 1
4283 1
4284 1
4285 1
4286 1
4287 1
4288 1
4289 1
4290 2
4291 2
4292 3
4293 3
4294 1
4295 1
4296 1
4297 1
4298 1
4299 1
4300 1
4301 1
4302 1
4303 1
4304 1
4305 1
4306 1
4307 1
4308 1
4309 1
4310 1
4311 1
4312 1
4313 1
4314 1
4315 1
4316 1
4317 1
4318 1
4319 1
4320 1
4321 1
4322 1
4323 1
4324 1
4325 1
4326 1
4327 1
4328 1
4329 1
4330 1
4331 1
4332 2
4333 2
4334 2
4335 2
4336 1
4337 1
4338 1
4339 1
4340 1
4341 1
4342 1
4343 1
4344 1
4345 1
4346 1
4347 1
4348 1
4349 1
4350 1
4351 1
4352 3
4353 3
4354 3
4355 3
4356 3
4357 3
4358 3
4359 3
4360 3
4361 3
4362 3
4363 3
4364 3
4365 3
4366 3
4367 3
4368 3
4369 3
4370 3
4371 3
4372 3
4373 3
4374 3
4375 3
4376 3
4377 3
4378 3
4379 3
4380 1
4381 1
4382 1
4383 1
4384 1
4385 1
4386 1
4387 1
4388 1
4389 1
4390 1
4391 1
4392 1
4393 1
4394 1
4395 1
4396 3
4397 3
4398 3
4399 3
4400 2
4401 2
4402 2
4403 2
4404 2
4405 2
4406 2
4407 2
4408 2
4409 2
4410 2
4411 2
4412 2
4413 2
4414 2
4415 2
4416 1
4417 1
4418 1
4419 1
4420 2
4421 2
4422 1
4423 1
4424 1
4425 1
4426 1
4427 1
4428 1
4429 1
4430 3
4431 3
4432 3
4433 3
4434 3
4435 3
4436 3
4437 3
4438 3
4439 3
4440 3
4441 3
4442 3
4443 3
4444 3
4445 3
4446 3
4447 3
4448 2
4449 2
4450 2
4451 2
4452 2
4453 2
4454 2
4455 2
4456 2
4457 2
4458 2
4459 2
4460 2
4461 2
4462 2
4463 2
4464 2
4465 2
4466 2
4467 2
4468 2
4469 2
4470 2
4471 2
4472 2
4473 2
4474 2
4475 2
4476 2
4477 2
4478 2
4479 2
4480 1
4481 1
4482 1
4483 1
4484 1
4485 1
4486 1
4487 1
4488 2
4489 2
4490 2
4491 2
4492 2
4493 2
4494 2
4495 2
4496 3
4497 3
4498 3
4499 3
4500 3
4501 3
4502 3
4503 3
4504 1
4505 1
4506 1
4507 1
4508 1
4509 1
4510 1
4511 1
4512 1
4513 1
4514 1
4515 1
4516 1
4517 1
4518 1
4519 1
4520 1
4521 1
4522 1
4523 1
4524 1
4525 1
4526 1
4527 1
4528 1
4529 1
4530 1
4531 1
4532 1
4533 1
4534 1
4535 1
4536 1
4537 1
4538 1
4539 1
4540 1
4541 1
4542 1
4543 1
4544 1
4545 1
4546 1
4547 1
4548 1
4549 1
4550 1
4551 1
4552 1
4553 1
4554 1
4555 1
4556 1
4557 1
4558 1
4559 1
4560 1
4561 1
4562 1
4563 1
4564 1
4565 1
4566 2
4567 2
4568 1
4569 1
4570 1
4571 1
4572 1
4573 1
4574 1
4575 1
4576 1
4577 1
4578 1
4579 1
4580 1
4581 1
4582 1
4583 1
4584 1
4585 1
4586 1
4587 1
4588 1
4589 1
4590 1
4591 1
4592 1
4593 1
4594 1
4595 1
4596 1
4597 1
4598 1
4599 1
4600 1
4601 1
4602 1
4603 1
4604 1
4605 1
4606 1
4607 1
4608 2
4609 2
4610 2
4611 2
4612 2
4613 2
4614 2
4615 2
4616 2
4617 2
4618 2
4619 2
4620 2
4621 2
4622 2
4623 2
4624 2
4625 2
4626 2
4627 2
4628 2
4629 2
4630 2
4631 2
4632 2
4633 2
4634 2
4635 2
4636 2
4637 2
4638 2
4639 2
4640 2
4641 2
4642 2
4643 2
4644 2
4645 2
4646 2
4647 2
4648 2
4649 2
4650 2
4651 2
4652 2
4653 2
4654 2
4655 2
4656 2
4657 2
4658 2
4659 2
4660 2
4661 2
4662 2
4663 2
4664 2
4665 2
4666 2
4667 2
4668 2
4669 2
4670 2
4671 2
4672 2
4673 2
4674 2
4675 2
4676 2
4677 2
4678 2
4679 2
4680 2
4681 2
4682 2
4683 2
4684 2
4685 2
4686 2
4687 2
4688 2
4689 2
4690 2
4691 2
4692 2
4693 2
4694 2
4695 2
4696 2
4697 2
4698 2
4699 2
4700 2
4701 2
4702 2
4703 2
4704 2
4705 2
4706 2
4707 2
4708 2
4709 2
4710 2
4711 2
4712 2
4713 2
4714 2
4715 2
4716 2
4717 2
4718 2
4719 2
4720 2
4721 2
4722 2
4723 2
4724 2
4725 2
4726 2
4727 2
4728 2
4729 2
4730 2
4731 2
4732 2
4733 2
4734 2
4735 2
4736 1
4737 1
4738 1
4739 1
4740 1
4741 1
4742 1
4743 1
4744 1
4745 1
4746 1
4747 1
4748 1
4749 1
4750 1
4751 1
4752 1
4753 1
4754 1
4755 1
4756 1
4757 1
4758 1
4759 1
4760 1
4761 1
4762 1
4763 1
4764 1
4765 1
4766 1
4767 1
4768 1
4769 1
4770 1
4771 1
4772 1
4773 1
4774 1
4775 1
4776 1
4777 1
4778 1
4779 1
4780 1
4781 1
4782 1
4783 1
4784 1
4785 1
4786 1
4787 1
4788 1
4789 1
4790 1
4791 1
4792 1
4793 1
4794 1
4795 1
4796 1
4797 1
4798 1
4799 1
4800 2
4801 2
4802 2
4803 2
4804 2
4805 2
4806 2
4807 2
4808 2
4809 2
4810 2
4811 2
4812 2
4813 2
4814 2
4815 2
4816 1
4817 1
4818 1
4819 1
4820 1
4821 1
4822 1
4823 1
4824 1
4825 1
4826 1
4827 1
4828 1
4829 1
4830 2
4831 2
4832 2
4833 2
4834 2
4835 2
4836 2
4837 2
4838 2
4839 2
4840 2
4841 2
4842 2
4843 2
4844 2
4845 2
4846 2
4847 2
4848 3
4849 3
4850 3
4851 3
4852 3
4853 3
4854 3
4855 3
4856 3
4857 3
4858 3
4859 3
4860 3
4861 3
4862 3
4863 3
4864 1
4865 1
4866 1
4867 1
4868 1
4869 1
4870 1
4871 1
4872 1
4873 1
4874 1
4875 1
4876 1
4877 1
4878 1
4879 1
4880 1
4881 1
4882 1
4883 1
4884 1
4885 1
4886 1
4887 1
4888 1
4889 1
4890 1
4891 1
4892 1
4893 1
4894 1
4895 1
4896 1
4897 1
4898 1
4899 1
4900 2
4901 2
4902 2
4903 2
4904 2
4905 2
4906 2
4907 2
4908 3
4909 3
4910 3
4911 3
4912 1
4913 1
4914 1
4915 1
4916 1
4917 1
4918 1
4919 1
4920 1
4921 1
4922 1
4923 1
4924 1
4925 1
4926 1
4927 1
4928 2
4929 2
4930 1
4931 1
4932 1
4933 1
4934 1
4935 1
4936 1
4937 1
4938 3
4939 3
4940 2
4941 2
4942 2
4943 2
4944 2
4945 2
4946 2
4947 2
4948 2
4949 2
4950 2
4951 2
4952 2
4953 2
4954 2
4955 2
4956 2
4957 2
4958 2
4959 2
4960 1
4961 1
4962 1
4963 1
4964 1
4965 1
4966 1
4967 1
4968 1
4969 1
4970 1
4971 1
4972 1
4973 1
4974 1
4975 1
4976 1
4977 1
4978 1
4979 1
4980 2
4981 2
4982 1
4983 1
4984 1
4985 1
4986 1
4987 1
4988 1
4989 1
4990 1
4991 1
4992 2
4993 2
4994 2
4995 2
4996 2
4997 2
4998 2
4999 2
5000 2
5001 2
5002 2
5003 2
5004 2
5005 2
5006 2
5007 2
5008 2
5009 2
5010 2
5011 2
5012 2
5013 2
5014 2
5015 2
5016 2
5017 2
5018 2
5019 2
5020 2
5021 2
5022 2
5023 2
5024 2
5025 2
5026 2
5027 2
5028 2
5029 2
5030 2
5031 2
5032 2
5033 2
5034 2
5035 2
5036 2
5037 2
5038 2
5039 2
5040 1
5041 1
5042 1
5043 1
5044 1
5045 1
5046 1
5047 1
5048 2
5049 2
5050 2
5051 2
5052 2
5053 2
5054 2
5055 2
5056 1
5057 1
5058 1
5059 1
5060 1
5061 1
5062 1
5063 1
5064 1
5065 1
5066 1
5067 1
5068 1
5069 1
5070 1
5071 1
5072 1
5073 1
5074 1
5075 1
5076 1
5077 1
5078 1
5079 1
5080 1
5081 1
5082 1
5083 1
5084 1
5085 1
5086 1
5087 1
5088 2
5089 2
5090 2
5091 2
5092 2
5093 2
5094 2
5095 2
5096 2
5097 2
5098 2
5099 2
5100 2
5101 2
5102 2
5103 2
5104 2
5105 2
5106 2
5107 2
5108 2
5109 2
5110 2
5111 2
5112 1
5113 1
5114 1
5115 1
5116 1
5117 1
5118 1
5119 1
5120 2
5121 2
5122 2
5123 2
5124 2
5125 2
5126 2
5127 2
5128 2
5129 2
5130 2
5131 2
5132 2
5133 2
5134 2
5135 2
5136 2
5137 2
5138 2
5139 2
5140 2
5141 2
5142 2
5143 2
5144 2
5145 2
5146 2
5147 2
5148 2
5149 2
5150 2
5151 2
5152 2
5153 2
5154 2
5155 2
5156 2
5157 2
5158 2
5159 2
5160 2
5161 2
5162 2
5163 2
5164 2
5165 2
5166 2
5167 2
5168 2
5169 2
5170 2
5171 2
5172 2
5173 2
5174 2
5175 2
5176 2
5177 2
5178 2
5179 2
5180 2
5181 2
5182 2
5183 2
5184 2
5185 2
5186 2
5187 2
5188 2
5189 2
5190 2
5191 2
5192 2
5193 2
5194 2
5195 2
5196 2
5197 2
5198 2
5199 2
5200 2
5201 2
5202 2
5203 2
5204 2
5205 2
5206 2
5207 2
5208 1
5209 1
5210 1
5211 1
5212 1
5213 1
5214 1
5215 1
5216 1
5217 1
5218 1
5219 1
5220 1
5221 1
5222 1
5223 1
5224 1
5225 1
5226 1
5227 1
5228 1
5229 1
5230 1
5231 1
5232 1
5233 1
5234 1
5235 1
5236 1
5237 1
5238 1
5239 1
5240 1
5241 1
5242 1
5243 1
5244 1
5245 1
5246 1
5247 1
5248 2
5249 2
5250 2
5251 2
5252 2
5253 2
5254 2
5255 2
5256 2
5257 2
5258 2
5259 2
5260 2
5261 2
5262 2
5263 2
5264 4
5265 4
5266 2
5267 2
5268 2
5269 2
5270 2
5271 2
5272 2
5273 2
5274 2
5275 2
5276 2
5277 2
5278 2
5279 2
5280 2
5281 2
5282 2
5283 2
5284 2
5285 2
5286 2
5287 2
5288 2
5289 2
5290 2
5291 2
5292 2
5293 2
5294 2
5295 2
5296 2
5297 2
5298 2
5299 2
5300 2
5301 2
5302 2
5303 2
5304 2
5305 2
5306 2
5307 2
5308 2
5309 2
5310 2
5311 2
5312 4
5313 4
5314 4
5315 4
5316 2
5317 2
5318 2
5319 2
5320 2
5321 2
5322 2
5323 2
5324 2
5325 2
5326 2
5327 2
5328 1
5329 1
5330 1
5331 1
5332 1
5333 1
5334 1
5335 1
5336 1
5337 1
5338 1
5339 1
5340 1
5341 1
5342 1
5343 1
5344 1
5345 1
5346 1
5347 1
5348 1
5349 1
5350 1
5351 1
5352 1
5353 1
5354 1
5355 1
5356 1
5357 1
5358 1
5359 1
5360 1
5361 1
5362 1
5363 1
5364 1
5365 1
5366 1
5367 1
5368 1
5369 1
5370 1
5371 1
5372 1
5373 1
5374 1
5375 1
5376 1
5377 1
5378 1
5379 1
5380 1
5381 1
5382 1
5383 1
5384 2
5385 2
5386 2
5387 2
5388 2
5389 2
5390 2
5391 2
5392 1
5393 1
5394 1
5395 1
5396 1
5397 1
5398 1
5399 1
5400 1
5401 1
5402 2
5403 2
5404 2
5405 2
5406 2
5407 2
5408 1
5409 1
5410 1
5411 1
5412 1
5413 1
5414 1
5415 1
5416 1
5417 1
5418 1
5419 1
5420 1
5421 1
5422 1
5423 1
5424 1
5425 1
5426 1
5427 1
5428 1
5429 1
5430 1
5431 1
5432 1
5433 1
5434 1
5435 1
5436 1
5437 1
5438 1
5439 1
5440 1
5441 1
5442 1
5443 1
5444 1
5445 1
5446 1
5447 1
5448 1
5449 1
5450 1
5451 1
5452 1
5453 1
5454 1
5455 1
5456 1
5457 1
5458 1
5459 1
5460 1
5461 1
5462 1
5463 1
5464 1
5465 1
5466 1
5467 1
5468 1
5469 1
5470 1
5471 1
5472 1
5473 1
5474 1
5475 1
5476 1
5477 1
5478 1
5479 1
5480 1
5481 1
5482 1
5483 1
5484 1
5485 1
5486 1
5487 1
5488 1
5489 1
5490 1
5491 1
5492 1
5493 1
5494 1
5495 1
5496 1
5497 1
5498 1
5499 1
5500 1
5501 1
5502 1
5503 1
5504 1
5505 1
5506 1
5507 1
5508 1
5509 1
5510 1
5511 1
5512 2
5513 2
5514 2
5515 2
5516 1
5517 1
5518 1
5519 1
5520 1
5521 1
5522 1
5523 1
5524 1
5525 1
5526 1
5527 1
5528 1
5529 1
5530 1
5531 1
5532 1
5533 1
5534 1
5535 1
5536 1
5537 1
5538 1
5539 1
5540 1
5541 1
5542 1
5543 1
5544 1
5545 1
5546 1
5547 1
5548 1
5549 1
5550 1
5551 1
5552 1
5553 1
5554 1
5555 1
5556 1
5557 1
5558 2
5559 2
5560 1
5561 1
5562 1
5563 1
5564 1
5565 1
5566 1
5567 1
5568 2
5569 2
5570 2
5571 2
5572 2
5573 2
5574 2
5575 2
5576 2
5577 2
5578 2
5579 2
5580 2
5581 2
5582 2
5583 2
5584 2
5585 2
5586 2
5587 2
5588 2
5589 2
5590 2
5591 2
5592 2
5593 2
5594 2
5595 2
5596 2
5597 2
5598 2
5599 2
5600 1
5601 1
5602 1
5603 1
5604 1
5605 1
5606 1
5607 1
5608 1
5609 1
5610 1
5611 1
5612 1
5613 1
5614 1
5615 1
5616 3
5617 3
5618 3
5619 3
5620 3
5621 3
5622 3
5623 3
5624 1
5625 1
5626 1
5627 1
5628 1
5629 1
5630 1
5631 1
5632 1
5633 1
5634 1
5635 1
5636 1
5637 1
5638 1
5639 1
5640 2
5641 2
5642 2
5643 2
5644 2
5645 2
5646 2
5647 2
5648 1
5649 1
5650 1
5651 1
5652 1
5653 1
5654 1
5655 1
5656 1
5657 1
5658 1
5659 1
5660 1
5661 1
5662 1
5663 1
5664 1
5665 1
5666 1
5667 1
5668 1
5669 1
5670 1
5671 1
5672 1
5673 1
5674 1
5675 1
5676 1
5677 1
5678 1
5679 1
5680 1
5681 1
5682 1
5683 1
5684 1
5685 1
5686 1
5687 1
5688 1
5689 1
5690 1
5691 1
5692 1
5693 1
5694 1
5695 1
5696 2
5697 2
5698 2
5699 2
5700 1
5701 1
5702 1
5703 1
5704 1
5705 1
5706 1
5707 1
5708 3
5709 3
5710 2
5711 2
5712 2
5713 2
5714 2
5715 2
5716 2
5717 2
5718 2
5719 2
5720 2
5721 2
5722 2
5723 2
5724 2
5725 2
5726 2
5727 2
5728 2
5729 2
5730 2
5731 2
5732 2
5733 2
5734 2
5735 2
5736 4
5737 4
5738 4
5739 4
5740 2
5741 2
5742 2
5743 2
5744 2
5745 2
5746 2
5747 2
5748 2
5749 2
5750 2
5751 2
5752 2
5753 2
5754 2
5755 2
5756 2
5757 2
5758 2
5759 2
5760 1
5761 1
5762 1
5763 1
5764 1
5765 1
5766 1
5767 1
5768 1
5769 1
5770 1
5771 1
5772 1
5773 1
5774 1
5775 1
5776 1
5777 1
5778 1
5779 1
5780 1
5781 1
5782 1
5783 1
5784 1
5785 1
5786 1
5787 1
5788 1
5789 1
5790 1
5791 1
5792 1
5793 1
5794 1
5795 1
5796 1
5797 1
5798 1
5799 1
5800 1
5801 1
5802 1
5803 1
5804 1
5805 1
5806 1
5807 1
5808 1
5809 1
5810 1
5811 1
5812 1
5813 1
5814 1
5815 1
5816 1
5817 1
5818 1
5819 1
5820 1
5821 1
5822 1
5823 1
5824 2
5825 2
5826 2
5827 2
5828 2
5829 2
5830 2
5831 2
5832 2
5833 2
5834 2
5835 2
5836 2
5837 2
5838 2
5839 2
5840 2
5841 2
5842 2
5843 2
5844 2
5845 2
5846 2
5847 2
5848 2
5849 2
5850 1
5851 1
5852 1
5853 1
5854 1
5855 1
5856 1
5857 1
5858 1
5859 1
5860 1
5861 1
5862 1
5863 1
5864 1
5865 1
5866 1
5867 1
5868 1
5869 1
5870 1
5871 1
5872 1
5873 1
5874 1
5875 1
5876 1
5877 1
5878 1
5879 1
5880 1
5881 1
5882 1
5883 1
5884 1
5885 1
5886 1
5887 1
5888 1
5889 1
5890 1
5891 1
5892 1
5893 1
5894 1
5895 1
5896 1
5897 1
5898 1
5899 1
5900 1
5901 1
5902 1
5903 1
5904 1
5905 1
5906 1
5907 1
5908 1
5909 1
5910 1
5911 1
5912 1
5913 1
5914 1
5915 1
5916 1
5917 1
5918 1
5919 1
5920 1
5921 1
5922 1
5923 1
5924 1
5925 1
5926 1
5927 1
5928 1
5929 1
5930 1
5931 1
5932 1
5933 1
5934 1
5935 1
5936 1
5937 1
5938 1
5939 1
5940 2
5941 2
5942 2
5943 2
5944 3
5945 3
5946 3
5947 3
5948 1
5949 1
5950 1
5951 1
5952 1
5953 1
5954 1
5955 1
5956 1
5957 1
5958 1
5959 1
5960 6
5961 6
5962 6
5963 6
5964 6
5965 6
5966 6
5967 6
5968 4
5969 4
5970 4
5971 4
5972 4
5973 4
5974 4
5975 4
5976 4
5977 4
5978 4
5979 4
5980 4
5981 4
5982 4
5983 4
5984 4
5985 4
5986 4
5987 4
5988 4
5989 4
5990 4
5991 4
5992 4
5993 4
5994 4
5995 4
5996 4
5997 4
5998 4
5999 4
6000 4
6001 4
6002 4
6003 4
6004 4
6005 4
6006 1
6007 1
6008 1
6009 1
6010 1
6011 1
6012 1
6013 1
6014 1
6015 1
6016 1
6017 1
6018 1
6019 1
6020 1
6021 1
6022 1
6023 1
6024 1
6025 1
6026 1
6027 1
6028 1
6029 1
6030 1
6031 1
6032 1
6033 1
6034 1
6035 1
6036 1
6037 1
6038 1
6039 1
6040 1
6041 1
6042 1
6043 1
6044 1
6045 1
6046 1
6047 1
6048 2
6049 2
6050 2
6051 2
6052 2
6053 2
6054 2
6055 2
6056 2
6057 2
6058 2
6059 2
6060 2
6061 2
6062 2
6063 2
6064 2
6065 2
6066 2
6067 2
6068 2
6069 2
6070 2
6071 2
6072 2
6073 2
6074 2
6075 2
6076 2
6077 2
6078 2
6079 2
6080 1
6081 1
6082 1
6083 1
6084 1
6085 1
6086 1
6087 1
6088 1
6089 1
6090 1
6091 1
6092 1
6093 1
6094 1
6095 1
6096 1
6097 1
6098 1
6099 1
6100 1
6101 1
6102 1
6103 1
6104 1
6105 1
6106 1
6107 1
6108 1
6109 1
6110 1
6111 1
6112 1
6113 1
6114 1
6115 1
6116 1
6117 1
6118 1
6119 1
6120 1
6121 1
6122 1
6123 1
6124 1
6125 1
6126 1
6127 1
6128 1
6129 1
6130 1
6131 1
6132 1
6133 1
6134 1
6135 1
6136 1
6137 1
6138 1
6139 1
6140 1
6141 1
6142 1
6143 1
6144 3
6145 3
6146 3
6147 3
6148 3
6149 3
6150 3
6151 3
6152 3
6153 3
6154 3
6155 3
6156 3
6157 3
6158 3
6159 3
6160 2
6161 2
6162 1
6163 1
6164 1
6165 1
6166 1
6167 1
6168 1
6169 1
6170 6
6171 6
6172 3
6173 3
6174 3
6175 3
6176 2
6177 2
6178 2
6179 2
6180 2
6181 2
6182 2
6183 2
6184 2
6185 2
6186 2
6187 2
6188 2
6189 2
6190 2
6191 2
6192 2
6193 2
6194 2
6195 2
6196 2
6197 2
6198 2
6199 2
6200 2
6201 2
6202 2
6203 2
6204 2
6205 2
6206 2
6207 2
6208 2
6209 2
6210 2
6211 2
6212 2
6213 2
6214 2
6215 2
6216 2
6217 2
6218 2
6219 2
6220 2
6221 2
6222 2
6223 2
6224 2
6225 2
6226 2
6227 2
6228 2
6229 2
6230 2
6231 2
6232 2
6233 2
6234 2
6235 2
6236 2
6237 2
6238 2
6239 2
6240 1
6241 1
6242 1
6243 1
6244 1
6245 1
6246 1
6247 1
6248 1
6249 1
6250 1
6251 1
6252 1
6253 1
6254 1
6255 1
6256 1
6257 1
6258 1
6259 1
6260 1
6261 1
6262 1
6263 1
6264 1
6265 1
6266 1
6267 1
6268 1
6269 1
6270 1
6271 1
6272 1
6273 1
6274 1
6275 1
6276 1
6277 1
6278 1
6279 1
6280 2
6281 2
6282 2
6283 2
6284 2
6285 2
6286 2
6287 2
6288 2
6289 2
6290 2
6291 2
6292 2
6293 2
6294 2
6295 2
6296 2
6297 2
6298 2
6299 2
6300 2
6301 2
6302 2
6303 2
6304 2
6305 2
6306 2
6307 2
6308 2
6309 2
6310 2
6311 2
6312 2
6313 2
6314 2
6315 2
6316 2
6317 2
6318 2
6319 2
6320 1
6321 1
6322 1
6323 1
6324 1
6325 1
6326 1
6327 1
6328 3
6329 3
6330 2
6331 2
6332 2
6333 2
6334 2
6335 2
6336 2
6337 2
6338 2
6339 2
6340 2
6341 2
6342 2
6343 2
6344 2
6345 2
6346 2
6347 2
6348 2
6349 2
6350 2
6351 2
6352 2
6353 2
6354 2
6355 2
6356 2
6357 2
6358 2
6359 2
6360 2
6361 2
6362 2
6363 2
6364 2
6365 2
6366 2
6367 2
6368 2
6369 2
6370 2
6371 2
6372 2
6373 2
6374 2
6375 2
6376 2
6377 2
6378 2
6379 2
6380 2
6381 2
6382 2
6383 2
6384 1
6385 1
6386 1
6387 1
6388 1
6389 1
6390 1
6391 1
6392 1
6393 1
6394 1
6395 1
6396 1
6397 1
6398 1
6399 1
6400 2
6401 2
6402 2
6403 2
6404 2
6405 2
6406 2
6407 2
6408 2
6409 2
6410 2
6411 2
6412 2
6413 2
6414 2
6415 2
6416 2
6417 2
6418 2
6419 2
6420 2
6421 2
6422 2
6423 2
6424 2
6425 2
6426 2
6427 2
6428 2
6429 2
6430 2
6431 2
6432 2
6433 2
6434 2
6435 2
6436 2
6437 2
6438 2
6439 2
6440 2
6441 2
6442 2
6443 2
6444 2
6445 2
6446 2
6447 2
6448 2
6449 2
6450 2
6451 2
6452 2
6453 2
6454 2
6455 2
6456 2
6457 2
6458 2
6459 2
6460 2
6461 2
6462 2
6463 2
6464 2
6465 2
6466 2
6467 2
6468 2
6469 2
6470 2
6471 2
6472 2
6473 2
6474 2
6475 2
6476 2
6477 2
6478 2
6479 2
6480 2
6481 2
6482 2
6483 2
6484 2
6485 2
6486 2
6487 2
6488 2
6489 2
6490 2
6491 2
6492 2
6493 2
6494 2
6495 2
6496 1
6497 1
6498 1
6499 1
6500 1
6501 1
6502 1
6503 1
6504 1
6505 1
6506 1
6507 1
6508 1
6509 1
6510 1
6511 1
6512 1
6513 1
6514 1
6515 1
6516 1
6517 1
6518 1
6519 1
6520 1
6521 1
6522 1
6523 1
6524 1
6525 1
6526 1
6527 1
6528 1
6529 1
6530 1
6531 1
6532 1
6533 1
6534 1
6535 1
6536 1
6537 1
6538 1
6539 1
6540 1
6541 1
6542 1
6543 1
6544 3
6545 3
6546 3
6547 3
6548 3
6549 3
6550 3
6551 3
6552 3
6553 3
6554 3
6555 3
6556 3
6557 3
6558 3
6559 3
6560 2
6561 2
6562 2
6563 2
6564 1
6565 1
6566 1
6567 1
6568 1
6569 1
6570 1
6571 1
6572 1
6573 1
6574 1
6575 1
6576 3
6577 3
6578 2
6579 2
6580 2
6581 2
6582 2
6583 2
6584 2
6585 2
6586 2
6587 2
6588 2
6589 2
6590 2
6591 2
6592 4
6593 4
6594 4
6595 4
6596 4
6597 4
6598 4
6599 4
6600 2
6601 2
6602 2
6603 2
6604 2
6605 2
6606 2
6607 2
6608 2
6609 2
6610 2
6611 2
6612 1
6613 1
6614 1
6615 1
6616 1
6617 1
6618 1
6619 1
6620 1
6621 1
6622 1
6623 1
6624 1
6625 1
6626 1
6627 1
6628 1
6629 1
6630 1
6631 1
6632 3
6633 3
6634 3
6635 3
6636 2
6637 2
6638 2
6639 2
6640 2
6641 2
6642 2
6643 2
6644 2
6645 2
6646 2
6647 2
6648 2
6649 2
6650 2
6651 2
6652 2
6653 2
6654 2
6655 2
6656 2
6657 2
6658 2
6659 2
6660 2
6661 2
6662 2
6663 2
6664 2
6665 2
6666 2
6667 2
6668 2
6669 2
6670 2
6671 2
6672 2
6673 2
6674 2
6675 2
6676 2
6677 2
6678 2
6679 2
6680 2
6681 2
6682 2
6683 2
6684 2
6685 2
6686 2
6687 2
6688 2
6689 2
6690 2
6691 2
6692 2
6693 2
6694 2
6695 2
6696 2
6697 2
6698 2
6699 2
6700 2
6701 2
6702 2
6703 2
6704 2
6705 2
6706 2
6707 2
6708 2
6709 2
6710 2
6711 2
6712 2
6713 2
6714 2
6715 2
6716 2
6717 2
6718 2
6719 2
6720 2
6721 2
6722 2
6723 2
6724 2
6725 2
6726 2
6727 2
6728 2
6729 2
6730 2
6731 2
6732 2
6733 2
6734 2
6735 2
6736 2
6737 2
6738 2
6739 2
6740 2
6741 2
6742 2
6743 2
6744 2
6745 2
6746 2
6747 2
6748 2
6749 2
6750 2
6751 2
6752 2
6753 2
6754 2
6755 2
6756 2
6757 2
6758 2
6759 2
6760 2
6761 2
6762 2
6763 2
6764 2
6765 2
6766 2
6767 2
6768 2
6769 2
6770 2
6771 2
6772 2
6773 2
6774 2
6775 2
6776 2
6777 2
6778 2
6779 2
6780 1
6781 1
6782 1
6783 1
6784 1
6785 1
6786 1
6787 1
6788 1
6789 1
6790 1
6791 1
6792 4
6793 4
6794 4
6795 4
6796 3
6797 3
6798 3
6799 3
6800 3
6801 3
6802 3
6803 3
6804 3
6805 3
6806 2
6807 2
6808 2
6809 2
6810 2
6811 2
6812 2
6813 2
6814 2
6815 2
6816 1
6817 1
6818 1
6819 1
6820 1
6821 1
6822 1
6823 1
6824 1
6825 1
6826 1
6827 1
6828 1
6829 1
6830 1
6831 1
6832 1
6833 1
6834 1
6835 1
6836 1
6837 1
6838 1
6839 1
6840 1
6841 1
6842 1
6843 1
6844 1
6845 1
6846 1
6847 1
6848 1
6849 1
6850 1
6851 1
6852 1
6853 1
6854 1
6855 1
6856 1
6857 1
6858 1
6859 1
6860 2
6861 2
6862 2
6863 2
6864 1
6865 1
6866 1
6867 1
6868 1
6869 1
6870 1
6871 1
6872 1
6873 1
6874 1
6875 1
6876 1
6877 1
6878 1
6879 1
6880 1
6881 1
6882 1
6883 1
6884 1
6885 1
6886 1
6887 1
6888 2
6889 2
6890 2
6891 2
6892 2
6893 2
6894 2
6895 2
6896 2
6897 2
6898 2
6899 2
6900 2
6901 2
6902 2
6903 2
6904 2
6905 2
6906 2
6907 2
6908 2
6909 2
6910 2
6911 2
6912 4
6913 4
6914 4
6915 4
6916 4
6917 4
6918 4
6919 4
6920 2
6921 2
6922 2
6923 2
6924 2
6925 2
6926 2
6927 2
6928 2
6929 2
6930 2
6931 2
6932 2
6933 2
6934 2
6935 2
6936 2
6937 2
6938 2
6939 2
6940 2
6941 2
6942 2
6943 2
6944 2
6945 2
6946 2
6947 2
6948 2
6949 2
6950 2
6951 2
6952 2
6953 2
6954 2
6955 2
6956 2
6957 2
6958 2
6959 2
6960 2
6961 2
6962 2
6963 2
6964 2
6965 2
6966 2
6967 2
6968 2
6969 2
6970 2
6971 2
6972 2
6973 2
6974 4
6975 4
6976 2
6977 2
6978 2
6979 2
6980 2
6981 2
6982 2
6983 2
6984 2
6985 2
6986 2
6987 2
6988 2
6989 2
6990 2
6991 2
6992 3
6993 3
6994 3
6995 3
6996 3
6997 3
6998 3
6999 3
7000 1
7001 1
7002 1
7003 1
7004 1
7005 1
7006 1
7007 1
7008 3
7009 3
7010 3
7011 3
7012 3
7013 3
7014 3
7015 3
7016 3
7017 3
7018 3
7019 3
7020 3
7021 3
7022 3
7023 3
7024 2
7025 2
7026 2
7027 2
7028 2
7029 2
7030 2
7031 2
7032 2
7033 2
7034 2
7035 2
7036 2
7037 2
7038 2
7039 2
7040 1
7041 1
7042 1
7043 1
7044 1
7045 1
7046 1
7047 1
7048 1
7049 1
7050 1
7051 1
7052 1
7053 1
7054 1
7055 1
7056 1
7057 1
7058 1
7059 1
7060 1
7061 1
7062 1
7063 1
7064 1
7065 1
7066 1
7067 1
7068 1
7069 1
7070 1
7071 1
7072 1
7073 1
7074 1
7075 1
7076 1
7077 1
7078 1
7079 1
7080 1
7081 1
7082 1
7083 1
7084 1
7085 1
7086 1
7087 1
7088 1
7089 1
7090 1
7091 1
7092 1
7093 1
7094 1
7095 1
7096 1
7097 1
7098 1
7099 1
7100 1
7101 1
7102 1
7103 1
7104 1
7105 1
7106 1
7107 1
7108 1
7109 1
7110 1
7111 1
7112 1
7113 1
7114 1
7115 1
7116 1
7117 1
7118 1
7119 1
7120 1
7121 1
7122 1
7123 1
7124 1
7125 1
7126 1
7127 1
7128 1
7129 1
7130 1
7131 1
7132 1
7133 1
7134 1
7135 1
7136 1
7137 1
7138 1
7139 1
7140 1
7141 1
7142 1
7143 1
7144 1
7145 1
7146 1
7147 1
7148 1
7149 1
7150 1
7151 1
7152 1
7153 1
7154 1
7155 1
7156 1
7157 1
7158 1
7159 1
7160 1
7161 1
7162 1
7163 1
7164 1
7165 1
7166 1
7167 1
7168 1
7169 1
7170 1
7171 1
7172 1
7173 1
7174 1
7175 1
7176 1
7177 1
7178 1
7179 1
7180 1
7181 1
7182 1
7183 1
7184 1
7185 1
7186 1
7187 1
7188 1
7189 1
7190 1
7191 1
7192 1
7193 1
7194 1
7195 1
7196 1
7197 1
7198 1
7199 1
7200 1
7201 1
7202 1
7203 1
7204 1
7205 1
7206 1
7207 1
7208 1
7209 1
7210 1
7211 1
7212 1
7213 1
7214 1
7215 1
7216 1
7217 1
7218 1
7219 1
7220 1
7221 1
7222 1
7223 1
7224 1
7225 1
7226 1
7227 1
7228 1
7229 1
7230 1
7231 1
7232 1
7233 1
7234 1
7235 1
7236 1
7237 1
7238 1
7239 1
7240 1
7241 1
7242 1
7243 1
7244 1
7245 1
7246 1
7247 1
7248 1
7249 1
7250 1
7251 1
7252 1
7253 1
7254 1
7255 1
7256 4
7257 4
7258 4
7259 4
7260 4
7261 4
7262 4
7263 4
7264 3
7265 3
7266 3
7267 3
7268 3
7269 3
7270 3
7271 3
7272 3
7273 3
7274 3
7275 3
7276 3
7277 3
7278 3
7279 3
7280 3
7281 3
7282 3
7283 3
7284 3
7285 3
7286 3
7287 3
7288 3
7289 3
7290 3
7291 3
7292 3
7293 3
7294 3
7295 3
7296 1
7297 1
7298 1
7299 1
7300 1
7301 1
7302 1
7303 1
7304 1
7305 1
7306 1
7307 1
7308 1
7309 1
7310 1
7311 1
7312 1
7313 1
7314 1
7315 1
7316 1
7317 1
7318 1
7319 1
7320 1
7321 1
7322 1
7323 1
7324 1
7325 1
7326 1
7327 1
7328 1
7329 1
7330 1
7331 1
7332 1
7333 1
7334 1
7335 1
7336 2
7337 2
7338 2
7339 2
7340 1
7341 1
7342 1
7343 1
7344 1
7345 1
7346 1
7347 1
7348 1
7349 1
7350 1
7351 1
7352 1
7353 1
7354 1
7355 1
7356 1
7357 1
7358 1
7359 1
7360 1
7361 1
7362 1
7363 1
7364 1
7365 1
7366 1
7367 1
7368 1
7369 1
7370 1
7371 1
7372 1
7373 1
7374 1
7375 1
7376 1
7377 1
7378 1
7379 1
7380 1
7381 1
7382 1
7383 1
7384 1
7385 1
7386 1
7387 1
7388 1
7389 1
7390 1
7391 1
7392 2
7393 2
7394 2
7395 2
7396 2
7397 2
7398 2
7399 2
7400 2
7401 2
7402 2
7403 2
7404 2
7405 2
7406 2
7407 2
7408 2
7409 2
7410 2
7411 2
7412 2
7413 2
7414 2
7415 2
7416 2
7417 2
7418 2
7419 2
7420 2
7421 2
7422 2
7423 2
7424 2
7425 2
7426 2
7427 2
7428 2
7429 2
7430 2
7431 2
7432 2
7433 2
7434 2
7435 2
7436 2
7437 2
7438 2
7439 2
7440 1
7441 1
7442 1
7443 1
7444 1
7445 1
7446 1
7447 1
7448 1
7449 1
7450 1
7451 1
7452 1
7453 1
7454 1
7455 1
7456 1
7457 1
7458 1
7459 1
7460 1
7461 1
7462 1
7463 1
7464 1
7465 1
7466 1
7467 1
7468 1
7469 1
7470 1
7471 1
7472 1
7473 1
7474 1
7475 1
7476 1
7477 1
7478 1
7479 1
7480 1
7481 1
7482 2
7483 2
7484 2
7485 2
7486 2
7487 2
7488 2
7489 2
7490 3
7491 3
7492 1
7493 1
7494 1
7495 1
7496 1
7497 1
7498 1
7499 1
7500 1
7501 1
7502 1
7503 1
7504 2
7505 2
7506 2
7507 2
7508 2
7509 2
7510 2
7511 2
7512 2
7513 2
7514 2
7515 2
7516 2
7517 2
7518 2
7519 2
7520 1
7521 1
7522 1
7523 1
7524 1
7525 1
7526 1
7527 1
7528 1
7529 1
7530 1
7531 1
7532 1
7533 1
7534 1
7535 1
7536 1
7537 1
7538 1
7539 1
7540 1
7541 1
7542 1
7543 1
7544 1
7545 1
7546 1
7547 1
7548 1
7549 1
7550 1
7551 1
7552 1
7553 1
7554 1
7555 1
7556 1
7557 1
7558 1
7559 1
7560 1
7561 1
7562 1
7563 1
7564 1
7565 1
7566 1
7567 1
7568 1
7569 1
7570 1
7571 1
7572 1
7573 1
7574 1
7575 1
7576 1
7577 1
7578 1
7579 1
7580 1
7581 1
7582 1
7583 1
7584 1
7585 1
7586 1
7587 1
7588 1
7589 1
7590 1
7591 1
7592 1
7593 1
7594 1
7595 1
7596 1
7597 1
7598 1
7599 1
7600 1
7601 1
7602 1
7603 1
7604 1
7605 1
7606 1
7607 1
7608 2
7609 2
7610 2
7611 2
7612 2
7613 2
7614 2
7615 2
7616 1
7617 1
7618 1
7619 1
7620 1
7621 1
7622 1
7623 1
7624 1
7625 1
7626 1
7627 1
7628 1
7629 1
7630 1
7631 1
7632 1
7633 1
7634 1
7635 1
7636 1
7637 1
7638 1
7639 1
7640 1
7641 1
7642 1
7643 1
7644 1
7645 1
7646 1
7647 1
7648 1
7649 1
7650 1
7651 1
7652 1
7653 1
7654 1
7655 1
7656 2
7657 2
7658 2
7659 2
7660 2
7661 2
7662 2
7663 2
7664 2
7665 2
7666 2
7667 2
7668 1
7669 1
7670 1
7671 1
7672 1
7673 1
7674 1
7675 1
7676 1
7677 1
7678 1
7679 1
7680 2
7681 2
7682 2
7683 2
7684 2
7685 2
7686 2
7687 2
7688 2
7689 2
7690 2
7691 2
7692 2
7693 2
7694 2
7695 2
7696 2
7697 2
7698 2
7699 2
7700 2
7701 2
7702 2
7703 2
7704 2
7705 2
7706 2
7707 2
7708 2
7709 2
7710 2
7711 2
7712 2
7713 2
7714 2
7715 2
7716 2
7717 2
7718 2
7719 2
7720 2
7721 2
7722 2
7723 2
7724 2
7725 2
7726 2
7727 2
7728 2
7729 2
7730 2
7731 2
7732 2
7733 2
7734 2
7735 2
7736 2
7737 2
7738 2
7739 2
7740 2
7741 2
7742 2
7743 2
7744 1
7745 1
7746 1
7747 1
7748 1
7749 1
7750 1
7751 1
7752 1
7753 1
7754 1
7755 1
7756 1
7757 1
7758 1
7759 1
7760 1
7761 1
7762 1
7763 1
7764 1
7765 1
7766 1
7767 1
7768 1
7769 1
7770 1
7771 1
7772 1
7773 1
7774 1
7775 1
7776 1
7777 1
7778 1
7779 1
7780 1
7781 1
7782 1
7783 1
7784 1
7785 1
7786 1
7787 1
7788 1
7789 1
7790 1
7791 1
7792 1
7793 1
7794 2
7795 2
7796 1
7797 1
7798 1
7799 1
7800 1
7801 1
7802 1
7803 1
7804 1
7805 1
7806 1
7807 1
7808 1
7809 1
7810 1
7811 1
7812 1
7813 1
7814 1
7815 1
7816 1
7817 1
7818 1
7819 1
7820 1
7821 1
7822 1
7823 1
7824 2
7825 2
7826 2
7827 2
7828 1
7829 1
7830 1
7831 1
7832 2
7833 2
7834 2
7835 2
7836 2
7837 2
7838 2
7839 2
7840 1
7841 1
7842 1
7843 1
7844 1
7845 1
7846 1
7847 1
7848 1
7849 1
7850 1
7851 1
7852 1
7853 1
7854 1
7855 1
7856 1
7857 1
7858 1
7859 1
7860 1
7861 1
7862 1
7863 1
7864 1
7865 1
7866 1
7867 1
7868 1
7869 1
7870 1
7871 1
7872 1
7873 1
7874 1
7875 1
7876 1
7877 1
7878 1
7879 1
7880 1
7881 1
7882 1
7883 1
7884 1
7885 1
7886 1
7887 1
7888 1
7889 1
7890 1
7891 1
7892 1
7893 1
7894 1
7895 1
7896 1
7897 1
7898 1
7899 1
7900 1
7901 1
7902 1
7903 1
7904 1
7905 1
7906 1
7907 1
7908 1
7909 1
7910 1
7911 1
7912 1
7913 1
7914 1
7915 1
7916 1
7917 1
7918 1
7919 1
7920 2
7921 2
7922 2
7923 2
7924 2
7925 2
7926 2
7927 2
7928 2
7929 2
7930 2
7931 2
7932 2
7933 2
7934 2
7935 2
7936 1
7937 1
7938 1
7939 1
7940 1
7941 1
7942 1
7943 1
7944 1
7945 1
7946 1
7947 1
7948 1
7949 1
7950 1
7951 1
7952 1
7953 1
7954 1
7955 1
7956 1
7957 1
7958 1
7959 1
7960 1
7961 1
7962 1
7963 1
7964 1
7965 1
7966 1
7967 1
7968 1
7969 1
7970 1
7971 1
7972 1
7973 1
7974 1
7975 1
7976 1
7977 1
7978 1
7979 1
7980 1
7981 1
7982 1
7983 1
7984 1
7985 1
7986 1
7987 1
7988 1
7989 1
7990 1
7991 1
7992 1
7993 1
7994 1
7995 1
7996 1
7997 1
7998 1
7999 1
8000 1
8001 1
8002 1
8003 1
8004 1
8005 1
8006 1
8007 1
8008 1
8009 1
8010 2
8011 2
8012 2
8013 2
8014 2
8015 2
8016 1
8017 1
8018 1
8019 1
8020 2
8021 2
8022 2
8023 2
8024 2
8025 2
8026 2
8027 2
8028 2
8029 2
8030 2
8031 2
8032 1
8033 1
8034 1
8035 1
8036 1
8037 1
8038 1
8039 1
8040 1
8041 1
8042 1
8043 1
8044 1
8045 1
8046 1
8047 1
8048 1
8049 1
8050 1
8051 1
8052 1
8053 1
8054 1
8055 1
8056 1
8057 1
8058 1
8059 1
8060 1
8061 1
8062 1
8063 1
8064 1
8065 1
8066 1
8067 1
8068 1
8069 1
8070 1
8071 1
8072 1
8073 1
8074 1
8075 1
8076 1
8077 1
8078 1
8079 1
8080 1
8081 1
8082 1
8083 1
8084 1
8085 1
8086 1
8087 1
8088 1
8089 1
8090 1
8091 1
8092 1
8093 1
8094 1
8095 1
8096 1
8097 1
8098 1
8099 1
8100 1
8101 1
8102 1
8103 1
8104 1
8105 1
8106 1
8107 1
8108 1
8109 1
8110 1
8111 1
8112 2
8113 2
8114 2
8115 2
8116 2
8117 2
8118 2
8119 2
8120 2
8121 2
8122 2
8123 2
8124 2
8125 2
8126 2
8127 2
8128 1
8129 1
8130 1
8131 1
8132 1
8133 1
8134 1
8135 1
8136 1
8137 1
8138 1
8139 1
8140 1
8141 1
8142 1
8143 1
8144 1
8145 1
8146 1
8147 1
8148 1
8149 1
8150 1
8151 1
8152 1
8153 1
8154 1
8155 1
8156 1
8157 1
8158 1
8159 1
8160 1
8161 1
8162 1
8163 1
8164 1
8165 1
8166 1
8167 1
8168 1
8169 1
8170 1
8171 1
8172 1
8173 1
8174 1
8175 1
8176 1
8177 1
8178 1
8179 1
8180 1
8181 1
8182 1
8183 1
8184 1
8185 1
8186 1
8187 1
8188 1
8189 1
8190 1
8191 1
8192 1
8193 1
8194 1
8195 1
8196 1
8197 1
8198 1
8199 1
8200 2
8201 2
8202 2
8203 2
8204 1
8205 1
8206 1
8207 1
8208 2
8209 2
8210 2
8211 2
8212 1
8213 1
8214 1
8215 1
8216 1
8217 1
8218 1
8219 1
8220 1
8221 1
8222 1
8223 1
8224 3
8225 3
8226 3
8227 3
8228 2
8229 2
8230 2
8231 2
8232 2
8233 2
8234 2
8235 2
8236 2
8237 2
8238 2
8239 2
8240 1
8241 1
8242 1
8243 1
8244 1
8245 1
8246 1
8247 1
8248 1
8249 1
8250 1
8251 1
8252 1
8253 1
8254 1
8255 1
8256 1
8257 1
8258 1
8259 1
8260 1
8261 1
8262 1
8263 1
8264 1
8265 1
8266 1
8267 1
8268 1
8269 1
8270 1
8271 1
8272 1
8273 1
8274 1
8275 1
8276 1
8277 1
8278 1
8279 1
8280 3
8281 3
8282 3
8283 3
8284 3
8285 3
8286 3
8287 3
8288 1
8289 1
8290 1
8291 1
8292 1
8293 1
8294 1
8295 1
8296 1
8297 1
8298 1
8299 1
8300 1
8301 1
8302 1
8303 1
8304 1
8305 1
8306 1
8307 1
8308 1
8309 1
8310 1
8311 1
8312 1
8313 1
8314 1
8315 1
8316 1
8317 1
8318 1
8319 1
8320 5
8321 5
8322 5
8323 5
8324 3
8325 3
8326 3
8327 3
8328 3
8329 3
8330 3
8331 3
8332 3
8333 3
8334 3
8335 3
8336 3
8337 3
8338 3
8339 3
8340 3
8341 3
8342 3
8343 3
8344 3
8345 3
8346 3
8347 3
8348 3
8349 3
8350 3
8351 3
8352 2
8353 2
8354 2
8355 2
8356 2
8357 2
8358 2
8359 2
8360 2
8361 2
8362 2
8363 2
8364 2
8365 2
8366 2
8367 2
8368 2
8369 2
8370 2
8371 2
8372 1
8373 1
8374 1
8375 1
8376 3
8377 3
8378 2
8379 2
8380 2
8381 2
8382 2
8383 2
8384 1
8385 1
8386 1
8387 1
8388 1
8389 1
8390 1
8391 1
8392 1
8393 1
8394 1
8395 1
8396 1
8397 1
8398 1
8399 1
8400 1
8401 1
8402 1
8403 1
8404 1
8405 1
8406 1
8407 1
8408 1
8409 1
8410 1
8411 1
8412 1
8413 1
8414 1
8415 1
8416 1
8417 1
8418 1
8419 1
8420 1
8421 1
8422 1
8423 1
8424 1
8425 1
8426 1
8427 1
8428 1
8429 1
8430 1
8431 1
8432 1
8433 1
8434 1
8435 1
8436 1
8437 1
8438 1
8439 1
8440 1
8441 1
8442 1
8443 1
8444 1
8445 1
8446 1
8447 1
8448 3
8449 3
8450 3
8451 3
8452 3
8453 3
8454 3
8455 3
8456 3
8457 3
8458 3
8459 3
8460 3
8461 3
8462 3
8463 3
8464 1
8465 1
8466 1
8467 1
8468 1
8469 1
8470 1
8471 1
8472 1
8473 1
8474 1
8475 1
8476 1
8477 1
8478 1
8479 1
8480 1
8481 1
8482 1
8483 1
8484 1
8485 1
8486 1
8487 1
8488 1
8489 1
8490 1
8491 1
8492 1
8493 1
8494 1
8495 1
8496 1
8497 1
8498 1
8499 1
8500 1
8501 1
8502 1
8503 1
8504 1
8505 1
8506 1
8507 1
8508 1
8509 1
8510 1
8511 1
8512 1
8513 1
8514 1
8515 1
8516 1
8517 1
8518 1
8519 1
8520 1
8521 1
8522 1
8523 1
8524 1
8525 1
8526 1
8527 1
8528 1
8529 1
8530 1
8531 1
8532 1
8533 1
8534 1
8535 1
8536 1
8537 1
8538 1
8539 1
8540 1
8541 1
8542 1
8543 1
8544 1
8545 1
8546 1
8547 1
8548 1
8549 1
8550 1
8551 1
8552 1
8553 1
8554 1
8555 1
8556 2
8557 2
8558 2
8559 2
8560 3
8561 3
8562 1
8563 1
8564 1
8565 1
8566 1
8567 1
8568 1
8569 1
8570 1
8571 1
8572 1
8573 1
8574 1
8575 1
8576 1
8577 1
8578 1
8579 1
8580 2
8581 2
8582 2
8583 2
8584 3
8585 3
8586 3
8587 3
8588 1
8589 1
8590 1
8591 1
8592 1
8593 1
8594 1
8595 1
8596 1
8597 1
8598 1
8599 1
8600 1
8601 1
8602 1
8603 1
8604 1
8605 1
8606 1
8607 1
8608 1
8609 1
8610 1
8611 1
8612 1
8613 1
8614 1
8615 1
8616 1
8617 1
8618 1
8619 1
8620 1
8621 1
8622 1
8623 1
8624 1
8625 1
8626 1
8627 1
8628 1
8629 1
8630 1
8631 1
8632 1
8633 1
8634 1
8635 1
8636 1
8637 1
8638 1
8639 1
8640 1
8641 1
8642 1
8643 1
8644 1
8645 1
8646 1
8647 1
8648 1
8649 1
8650 1
8651 1
8652 1
8653 1
8654 1
8655 1
8656 1
8657 1
8658 1
8659 1
8660 1
8661 1
8662 1
8663 1
8664 2
8665 2
8666 2
8667 2
8668 2
8669 2
8670 2
8671 2
8672 1
8673 1
8674 1
8675 1
8676 1
8677 1
8678 1
8679 1
8680 1
8681 1
8682 1
8683 1
8684 1
8685 1
8686 1
8687 1
8688 1
8689 1
8690 1
8691 1
8692 1
8693 1
8694 1
8695 1
8696 1
8697 1
8698 1
8699 1
8700 1
8701 1
8702 1
8703 1
8704 3
8705 3
8706 3
8707 3
8708 3
8709 3
8710 3
8711 3
8712 3
8713 3
8714 3
8715 3
8716 3
8717 3
8718 3
8719 3
8720 3
8721 3
8722 3
8723 3
8724 3
8725 3
8726 3
8727 3
8728 3
8729 3
8730 3
8731 3
8732 3
8733 3
8734 3
8735 3
8736 3
8737 3
8738 3
8739 3
8740 3
8741 3
8742 2
8743 2
8744 2
8745 2
8746 5
8747 5
8748 3
8749 3
8750 3
8751 3
8752 3
8753 3
8754 3
8755 3
8756 3
8757 3
8758 3
8759 3
8760 1
8761 1
8762 1
8763 1
8764 1
8765 1
8766 1
8767 1
8768 1
8769 1
8770 1
8771 1
8772 1
8773 1
8774 1
8775 1
8776 1
8777 1
8778 1
8779 1
8780 1
8781 1
8782 1
8783 1
8784 1
8785 1
8786 1
8787 1
8788 1
8789 1
8790 1
8791 1
8792 3
8793 3
8794 3
8795 3
8796 3
8797 3
8798 3
8799 3
8800 2
8801 2
8802 2
8803 2
8804 2
8805 2
8806 2
8807 2
8808 2
8809 2
8810 2
8811 2
8812 2
8813 2
8814 2
8815 2
8816 2
8817 2
8818 2
8819 2
8820 2
8821 2
8822 2
8823 2
8824 2
8825 2
8826 2
8827 2
8828 2
8829 2
8830 2
8831 2
8832 1
8833 1
8834 1
8835 1
8836 1
8837 1
8838 1
8839 1
8840 2
8841 2
8842 2
8843 2
8844 1
8845 1
8846 1
8847 1
8848 1
8849 1
8850 1
8851 1
8852 1
8853 1
8854 1
8855 1
8856 1
8857 1
8858 1
8859 1
8860 3
8861 3
8862 3
8863 3
8864 3
8865 3
8866 3
8867 3
8868 3
8869 3
8870 3
8871 3
8872 3
8873 3
8874 3
8875 3
8876 3
8877 3
8878 3
8879 3
8880 3
8881 3
8882 3
8883 3
8884 3
8885 3
8886 3
8887 3
8888 3
8889 3
8890 3
8891 3
8892 3
8893 3
8894 3
8895 3
8896 2
8897 2
8898 2
8899 2
8900 2
8901 2
8902 2
8903 2
8904 2
8905 2
8906 2
8907 2
8908 2
8909 2
8910 2
8911 2
8912 2
8913 2
8914 2
8915 2
8916 2
8917 2
8918 2
8919 2
8920 2
8921 2
8922 2
8923 2
8924 2
8925 2
8926 2
8927 2
8928 2
8929 2
8930 1
8931 1
8932 1
8933 1
8934 1
8935 1
8936 2
8937 2
8938 2
8939 2
8940 2
8941 2
8942 2
8943 2
8944 2
8945 2
8946 2
8947 2
8948 2
8949 2
8950 2
8951 2
8952 2
8953 2
8954 2
8955 2
8956 2
8957 2
8958 2
8959 2
8960 1
8961 1
8962 1
8963 1
8964 1
8965 1
8966 1
8967 1
8968 1
8969 1
8970 1
8971 1
8972 1
8973 1
8974 1
8975 1
8976 2
8977 2
8978 2
8979 2
8980 2
8981 2
8982 2
8983 2
8984 2
8985 2
8986 2
8987 2
8988 2
8989 2
8990 2
8991 2
8992 3
8993 3
8994 3
8995 3
8996 3
8997 3
8998 3
8999 3
9000 3
9001 3
9002 3
9003 3
9004 3
9005 3
9006 3
9007 3
9008 1
9009 1
9010 1
9011 1
9012 1
9013 1
9014 1
9015 1
9016 1
9017 1
9018 1
9019 1
9020 1
9021 1
9022 1
9023 1
9024 1
9025 1
9026 1
9027 1
9028 1
9029 1
9030 1
9031 1
9032 1
9033 1
9034 1
9035 1
9036 1
9037 1
9038 1
9039 1
9040 1
9041 1
9042 1
9043 1
9044 1
9045 1
9046 1
9047 1
9048 1
9049 1
9050 1
9051 1
9052 1
9053 1
9054 1
9055 1
9056 1
9057 1
9058 1
9059 1
9060 1
9061 1
9062 1
9063 1
9064 1
9065 1
9066 1
9067 1
9068 1
9069 1
9070 1
9071 1
9072 1
9073 1
9074 1
9075 1
9076 1
9077 1
9078 1
9079 1
9080 1
9081 1
9082 1
9083 1
9084 1
9085 1
9086 1
9087 1
9088 1
9089 1
9090 1
9091 1
9092 1
9093 1
9094 1
9095 1
9096 1
9097 1
9098 1
9099 1
9100 1
9101 1
9102 1
9103 1
9104 1
9105 1
9106 1
9107 1
9108 1
9109 1
9110 1
9111 1
9112 1
9113 1
9114 1
9115 1
9116 1
9117 1
9118 1
9119 1
9120 1
9121 1
9122 1
9123 1
9124 1
9125 1
9126 1
9127 1
9128 1
9129 1
9130 1
9131 1
9132 2
9133 2
9134 2
9135 2
9136 1
9137 1
9138 1
9139 1
9140 1
9141 1
9142 1
9143 1
9144 1
9145 1
9146 1
9147 1
9148 1
9149 1
9150 1
9151 1
9152 1
9153 1
9154 1
9155 1
9156 1
9157 1
9158 1
9159 1
9160 1
9161 1
9162 1
9163 1
9164 1
9165 1
9166 1
9167 1
9168 1
9169 1
9170 1
9171 1
9172 1
9173 1
9174 1
9175 1
9176 1
9177 1
9178 1
9179 1
9180 1
9181 1
9182 1
9183 1
9184 1
9185 1
9186 1
9187 1
9188 1
9189 1
9190 1
9191 1
9192 1
9193 1
9194 1
9195 1
9196 1
9197 1
9198 1
9199 1
9200 1
9201 1
9202 1
9203 1
9204 1
9205 1
9206 1
9207 1
9208 1
9209 1
9210 1
9211 1
9212 1
9213 1
9214 1
9215 1
9216 2
9217 2
9218 2
9219 2
9220 2
9221 2
9222 2
9223 2
9224 2
9225 2
9226 2
9227 2
9228 2
9229 2
9230 2
9231 2
9232 2
9233 2
9234 2
9235 2
9236 2
9237 2
9238 2
9239 2
9240 2
9241 2
9242 2
9243 2
9244 2
9245 2
9246 2
9247 2
9248 2
9249 2
9250 2
9251 2
9252 2
9253 2
9254 2
9255 2
9256 2
9257 2
9258 2
9259 2
9260 2
9261 2
9262 2
9263 2
9264 2
9265 2
9266 2
9267 2
9268 2
9269 2
9270 2
9271 2
9272 2
9273 2
9274 2
9275 2
9276 2
9277 2
9278 2
9279 2
9280 2
9281 2
9282 2
9283 2
9284 2
9285 2
9286 2
9287 2
9288 2
9289 2
9290 2
9291 2
9292 2
9293 2
9294 2
9295 2
9296 2
9297 2
9298 2
9299 2
9300 2
9301 2
9302 2
9303 2
9304 2
9305 2
9306 2
9307 2
9308 2
9309 2
9310 2
9311 2
9312 2
9313 2
9314 2
9315 2
9316 2
9317 2
9318 2
9319 2
9320 2
9321 2
9322 2
9323 2
9324 2
9325 2
9326 2
9327 2
9328 2
9329 2
9330 2
9331 2
9332 2
9333 2
9334 2
9335 2
9336 2
9337 2
9338 2
9339 2
9340 2
9341 2
9342 2
9343 2
9344 2
9345 2
9346 2
9347 2
9348 2
9349 2
9350 2
9351 2
9352 2
9353 2
9354 2
9355 2
9356 2
9357 2
9358 2
9359 2
9360 2
9361 2
9362 2
9363 2
9364 2
9365 2
9366 2
9367 2
9368 2
9369 2
9370 2
9371 2
9372 2
9373 2
9374 2
9375 2
9376 2
9377 2
9378 2
9379 2
9380 2
9381 2
9382 2
9383 2
9384 2
9385 2
9386 2
9387 2
9388 2
9389 2
9390 2
9391 2
9392 2
9393 2
9394 2
9395 2
9396 2
9397 2
9398 2
9399 2
9400 2
9401 2
9402 2
9403 2
9404 2
9405 2
9406 2
9407 2
9408 2
9409 2
9410 2
9411 2
9412 2
9413 2
9414 2
9415 2
9416 2
9417 2
9418 2
9419 2
9420 2
9421 2
9422 2
9423 2
9424 2
9425 2
9426 2
9427 2
9428 2
9429 2
9430 2
9431 2
9432 2
9433 2
9434 2
9435 2
9436 2
9437 2
9438 2
9439 2
9440 2
9441 2
9442 2
9443 2
9444 2
9445 2
9446 2
9447 2
9448 2
9449 2
9450 2
9451 2
9452 2
9453 2
9454 2
9455 2
9456 2
9457 2
9458 2
9459 2
9460 2
9461 2
9462 2
9463 2
9464 2
9465 2
9466 2
9467 2
9468 2
9469 2
9470 2
9471 2
9472 1
9473 1
9474 1
9475 1
9476 1
9477 1
9478 1
9479 1
9480 1
9481 1
9482 1
9483 1
9484 1
9485 1
9486 1
9487 1
9488 1
9489 1
9490 1
9491 1
9492 1
9493 1
9494 1
9495 1
9496 1
9497 1
9498 1
9499 1
9500 1
9501 1
9502 1
9503 1
9504 1
9505 1
9506 2
9507 2
9508 2
9509 2
9510 2
9511 2
9512 3
9513 3
9514 1
9515 1
9516 1
9517 1
9518 1
9519 1
9520 1
9521 1
9522 1
9523 1
9524 1
9525 1
9526 1
9527 1
9528 1
9529 1
9530 1
9531 1
9532 1
9533 1
9534 1
9535 1
9536 1
9537 1
9538 1
9539 1
9540 1
9541 1
9542 1
9543 1
9544 1
9545 1
9546 1
9547 1
9548 1
9549 1
9550 1
9551 1
9552 1
9553 1
9554 1
9555 1
9556 1
9557 1
9558 1
9559 1
9560 1
9561 1
9562 1
9563 1
9564 1
9565 1
9566 1
9567 1
9568 1
9569 1
9570 1
9571 1
9572 1
9573 1
9574 1
9575 1
9576 1
9577 1
9578 1
9579 1
9580 1
9581 1
9582 1
9583 1
9584 1
9585 1
9586 1
9587 1
9588 1
9589 1
9590 1
9591 1
9592 1
9593 1
9594 1
9595 1
9596 1
9597 1
9598 1
9599 1
9600 2
9601 2
9602 2
9603 2
9604 2
9605 2
9606 2
9607 2
9608 2
9609 2
9610 2
9611 2
9612 2
9613 2
9614 2
9615 2
9616 2
9617 2
9618 2
9619 2
9620 2
9621 2
9622 2
9623 2
9624 2
9625 2
9626 2
9627 2
9628 2
9629 2
9630 2
9631 2
9632 1
9633 1
9634 1
9635 1
9636 1
9637 1
9638 1
9639 1
9640 1
9641 1
9642 1
9643 1
9644 1
9645 1
9646 1
9647 1
9648 1
9649 1
9650 1
9651 1
9652 1
9653 1
9654 1
9655 1
9656 1
9657 1
9658 1
9659 1
9660 2
9661 2
9662 2
9663 2
9664 2
9665 2
9666 2
9667 2
9668 2
9669 2
9670 2
9671 2
9672 2
9673 2
9674 2
9675 2
9676 2
9677 2
9678 2
9679 2
9680 2
9681 2
9682 2
9683 2
9684 2
9685 2
9686 2
9687 2
9688 2
9689 2
9690 2
9691 2
9692 2
9693 2
9694 2
9695 2
9696 3
9697 3
9698 3
9699 3
9700 3
9701 3
9702 2
9703 2
9704 2
9705 2
9706 2
9707 2
9708 2
9709 2
9710 2
9711 2
9712 3
9713 3
9714 3
9715 3
9716 3
9717 3
9718 3
9719 3
9720 3
9721 3
9722 3
9723 3
9724 3
9725 3
9726 3
9727 3
9728 1
9729 1
9730 1
9731 1
9732 1
9733 1
9734 1
9735 1
9736 1
9737 1
9738 1
9739 1
9740 1
9741 1
9742 1
9743 1
9744 1
9745 1
9746 1
9747 1
9748 1
9749 1
9750 1
9751 1
9752 1
9753 1
9754 1
9755 1
9756 1
9757 1
9758 1
9759 1
9760 1
9761 1
9762 1
9763 1
9764 1
9765 1
9766 1
9767 1
9768 1
9769 1
9770 1
9771 1
9772 1
9773 1
9774 1
9775 1
9776 1
9777 1
9778 1
9779 1
9780 1
9781 1
9782 1
9783 1
9784 1
9785 1
9786 1
9787 1
9788 1
9789 1
9790 1
9791 1
9792 1
9793 1
9794 1
9795 1
9796 1
9797 1
9798 1
9799 1
9800 2
9801 2
9802 2
9803 2
9804 2
9805 2
9806 2
9807 2
9808 2
9809 2
9810 2
9811 2
9812 2
9813 2
9814 2
9815 2
9816 3
9817 3
9818 3
9819 3
9820 3
9821 3
9822 3
9823 3
9824 1
9825 1
9826 1
9827 1
9828 1
9829 1
9830 1
9831 1
9832 1
9833 1
9834 1
9835 1
9836 1
9837 1
9838 1
9839 1
9840 1
9841 1
9842 1
9843 1
9844 1
9845 1
9846 1
9847 1
9848 1
9849 1
9850 1
9851 1
9852 1
9853 1
9854 1
9855 1
9856 2
9857 2
9858 2
9859 2
9860 1
9861 1
9862 1
9863 1
9864 1
9865 1
9866 1
9867 1
9868 1
9869 1
9870 1
9871 1
9872 1
9873 1
9874 1
9875 1
9876 3
9877 3
9878 3
9879 3
9880 2
9881 2
9882 2
9883 2
9884 2
9885 2
9886 2
9887 2
9888 2
9889 2
9890 2
9891 2
9892 2
9893 2
9894 2
9895 2
9896 2
9897 2
9898 2
9899 2
9900 2
9901 2
9902 2
9903 2
9904 2
9905 2
9906 2
9907 2
9908 2
9909 2
9910 2
9911 2
9912 2
9913 2
9914 2
9915 2
9916 2
9917 2
9918 2
9919 2
9920 1
9921 1
9922 1
9923 1
9924 1
9925 1
9926 1
9927 1
9928 1
9929 1
9930 1
9931 1
9932 1
9933 1
9934 1
9935 1
9936 1
9937 1
9938 1
9939 1
9940 1
9941 1
9942 1
9943 1
9944 1
9945 1
9946 1
9947 1
9948 1
9949 1
9950 1
9951 1
9952 1
9953 1
9954 1
9955 1
9956 1
9957 1
9958 1
9959 1
9960 2
9961 2
9962 2
9963 2
9964 1
9965 1
9966 1
9967 1
9968 1
9969 1
9970 1
9971 1
9972 1
9973 1
9974 1
9975 1
9976 1
9977 1
9978 1
9979 1
9980 1
9981 1
9982 1
9983 1
9984 2
9985 2
9986 2
9987 2
9988 2
9989 2
9990 2
9991 2
9992 2
9993 2
9994 2
9995 2
9996 2
9997 2
9998 2
9999 2
10000 2
