1 0
2 -1
3 1
4 0
5 -1
6 1
7 -1
8 0
9 1
10 -1
11 0
12 2
13 1
14 3
15 2
16 1
17 -1
18 -2
19 -3
20 -1
21 -2
22 -3
23 -1
24 1
25 3
26 2
27 0
28 2
29 3
30 2
31 0
32 -2
33 -3
34 -2
35 -3
36 -1
37 -2
38 0
39 2
40 3
41 2
42 0
43 -2
44 -3
45 -4
46 -2
47 0
48 2
49 3
50 4
51 5
52 4
53 2
54 0
55 -2
56 -3
57 -4
58 -5
59 -4
60 -2
61 0
62 1
63 3
64 4
65 2
66 3
67 1
68 3
69 4
70 5
71 4
72 3
73 1
74 -1
75 -3
76 -4
77 -5
78 -4
79 -2
80 0
81 2
82 4
83 5
84 6
85 4
86 5
87 3
88 1
89 -1
90 -3
91 -4
92 -5
93 -6
94 -4
95 -5
96 -3
97 -1
98 1
99 3
100 5
101 4
102 5
103 6
104 4
105 5
106 4
107 2
108 0
109 -2
110 -4
111 -5
112 -6
113 -7
114 -6
115 -5
116 -3
117 -1
118 1
119 3
120 4
121 5
122 6
123 5
124 6
125 7
126 5
127 3
128 1
129 -1
130 -2
131 -4
132 -5
133 -6
134 -7
135 -6
136 -4
137 -2
138 0
139 1
140 3
141 5
142 6
143 4
144 5
145 6
146 7
147 6
148 7
149 5
150 3
151 4
152 2
153 0
154 -2
155 -3
156 -4
157 -5
158 -6
159 -7
160 -5
161 -3
162 -1
163 1
164 3
165 5
166 6
167 7
168 8
169 6
170 7
171 8
172 7
173 6
174 5
175 3
176 1
177 -1
178 -3
179 -4
180 -5
181 -6
182 -7
183 -8
184 -7
185 -6
186 -4
187 -2
188 0
189 2
190 4
191 6
192 7
193 8
194 9
195 7
196 8
197 9
198 8
199 6
200 4
201 2
202 0
203 1
204 -1
205 -3
206 -5
207 -6
208 -7
209 -8
210 -9
211 -8
212 -6
213 -4
214 -2
215 0
216 2
217 4
218 6
219 7
220 8
221 6
222 7
223 8
224 9
225 7
226 6
227 7
228 6
229 4
230 6
231 5
232 7
233 6
234 8
235 7
236 5
237 7
238 6
239 4
240 2
241 0
242 -2
243 -4
244 -3
245 -5
246 -6
247 -7
248 -8
249 -9
250 -8
251 -7
252 -5
253 -3
254 -1
255 1
256 3
257 5
258 7
259 8
260 9
261 10
262 11
263 9
264 10
265 8
266 9
267 8
268 7
269 5
270 3
271 1
272 -1
273 -3
274 -4
275 -6
276 -7
277 -8
278 -9
279 -10
280 -8
281 -7
282 -6
283 -4
284 -2
285 0
286 2
287 4
288 5
289 7
290 8
291 9
292 10
293 11
294 12
295 10
296 8
297 9
298 10
299 8
300 9
301 8
302 9
303 10
304 11
305 9
306 8
307 6
308 4
309 2
310 0
311 -2
312 -4
313 -5
314 -6
315 -7
316 -8
317 -9
318 -10
319 -9
320 -7
321 -5
322 -3
323 -1
324 1
325 3
326 5
327 7
328 8
329 9
330 7
331 8
332 9
333 7
334 8
335 9
336 10
337 11
338 12
339 10
340 9
341 7
342 5
343 3
344 1
345 -1
346 -3
347 -2
348 -1
349 -3
350 -5
351 -6
352 -7
353 -8
354 -9
355 -10
356 -11
357 -10
358 -9
359 -8
360 -6
361 -4
362 -5
363 -3
364 -1
365 1
366 3
367 2
368 4
369 6
370 8
371 9
372 10
373 11
374 12
375 10
376 11
377 12
378 11
379 10
380 9
381 8
382 10
383 9
384 7
385 9
386 8
387 10
388 11
389 12
390 10
391 11
392 12
393 10
394 11
395 12
396 10
397 11
398 9
399 7
400 6
401 4
402 2
403 0
404 -2
405 -4
406 -5
407 -7
408 -8
409 -9
410 -10
411 -11
412 -12
413 -11
414 -9
415 -8
416 -7
417 -5
418 -3
419 -1
420 1
421 3
422 2
423 4
424 6
425 8
426 9
427 10
428 11
429 9
430 10
431 11
432 12
433 13
434 14
435 12
436 13
437 14
438 12
439 13
440 11
441 9
442 7
443 5
444 3
445 1
446 -1
447 -3
448 -4
449 -5
450 -6
451 -7
452 -8
453 -9
454 -10
455 -11
456 -10
457 -9
458 -8
459 -6
460 -8
461 -7
462 -9
463 -8
464 -10
465 -9
466 -7
467 -9
468 -10
469 -11
470 -9
471 -10
472 -11
473 -10
474 -8
475 -6
476 -4
477 -2
478 0
479 2
480 4
481 6
482 8
483 9
484 10
485 11
486 10
487 11
488 12
489 10
490 11
491 12
492 10
493 11
494 12
495 13
496 12
497 11
498 13
499 12
500 13
501 14
502 13
503 11
504 9
505 8
506 6
507 4
508 2
509 0
510 -2
511 -4
512 -6
513 -7
514 -8
515 -9
516 -10
517 -11
518 -12
519 -13
520 -11
521 -10
522 -11
523 -10
524 -9
525 -7
526 -5
527 -3
528 -1
529 1
530 3
531 5
532 7
533 9
534 10
535 11
536 9
537 10
538 11
539 12
540 13
541 12
542 13
543 14
544 13
545 14
546 15
547 13
548 14
549 13
550 11
551 9
552 8
553 6
554 4
555 2
556 0
557 -2
558 -4
559 -5
560 -6
561 -8
562 -9
563 -10
564 -11
565 -12
566 -13
567 -12
568 -11
569 -12
570 -13
571 -11
572 -12
573 -11
574 -12
575 -13
576 -14
577 -12
578 -10
579 -8
580 -6
581 -4
582 -2
583 0
584 2
585 4
586 5
587 7
588 9
589 10
590 11
591 12
592 13
593 12
594 13
595 14
596 15
597 13
598 14
599 15
600 14
601 15
602 14
603 12
604 10
605 8
606 6
607 5
608 3
609 1
610 -1
611 -3
612 -5
613 -6
614 -7
615 -9
616 -7
617 -8
618 -9
619 -10
620 -11
621 -12
622 -13
623 -12
624 -13
625 -14
626 -12
627 -11
628 -13
629 -12
630 -11
631 -9
632 -7
633 -5
634 -3
635 -1
636 1
637 3
638 5
639 7
640 6
641 8
642 10
643 11
644 12
645 13
646 12
647 13
648 14
649 13
650 14
651 15
652 16
653 14
654 15
655 16
656 15
657 14
658 12
659 10
660 8
661 6
662 5
663 3
664 1
665 -1
666 -3
667 -5
668 -7
669 -8
670 -9
671 -10
672 -11
673 -12
674 -13
675 -14
676 -15
677 -13
678 -12
679 -13
680 -14
681 -12
682 -10
683 -8
684 -6
685 -4
686 -5
687 -3
688 -4
689 -2
690 0
691 2
692 4
693 6
694 8
695 10
696 11
697 12
698 13
699 14
700 12
701 13
702 14
703 13
704 14
705 15
706 16
707 17
708 15
709 16
710 17
711 15
712 16
713 15
714 13
715 11
716 9
717 7
718 5
719 3
720 1
721 -1
722 -3
723 -5
724 -6
725 -7
726 -8
727 -9
728 -10
729 -11
730 -12
731 -13
732 -14
733 -15
734 -13
735 -14
736 -15
737 -13
738 -12
739 -10
740 -8
741 -6
742 -4
743 -2
744 0
745 2
746 4
747 5
748 7
749 9
750 11
751 12
752 11
753 12
754 13
755 14
756 15
757 14
758 15
759 16
760 17
761 18
762 16
763 17
764 16
765 15
766 13
767 11
768 9
769 8
770 7
771 5
772 4
773 2
774 0
775 -2
776 -4
777 -6
778 -5
779 -6
780 -8
781 -10
782 -11
783 -12
784 -10
785 -11
786 -12
787 -13
788 -14
789 -15
790 -14
791 -15
792 -16
793 -15
794 -14
795 -13
796 -11
797 -13
798 -12
799 -14
800 -15
801 -16
802 -14
803 -15
804 -13
805 -14
806 -15
807 -14
808 -16
809 -15
810 -13
811 -11
812 -9
813 -7
814 -5
815 -3
816 -2
817 0
818 2
819 4
820 6
821 8
822 10
823 11
824 12
825 10
826 12
827 13
828 14
829 15
830 14
831 15
832 16
833 14
834 15
835 16
836 17
837 16
838 17
839 18
840 17
841 16
842 14
843 12
844 10
845 8
846 7
847 5
848 4
849 2
850 3
851 1
852 2
853 0
854 -2
855 -4
856 -6
857 -7
858 -9
859 -11
860 -9
861 -10
862 -11
863 -12
864 -13
865 -14
866 -15
867 -14
868 -15
869 -16
870 -14
871 -15
872 -16
873 -17
874 -18
875 -16
876 -14
877 -15
878 -16
879 -17
880 -15
881 -13
882 -11
883 -9
884 -7
885 -5
886 -3
887 -1
888 1
889 3
890 5
891 7
892 9
893 11
894 13
895 14
896 13
897 14
898 15
899 16
900 17
901 15
902 16
903 17
904 18
905 19
906 18
907 19
908 18
909 16
910 15
911 13
912 11
913 9
914 7
915 6
916 4
917 3
918 1
919 -1
920 -3
921 -5
922 -7
923 -8
924 -10
925 -9
926 -10
927 -11
928 -12
929 -13
930 -14
931 -15
932 -16
933 -17
934 -16
935 -14
936 -15
937 -16
938 -17
939 -18
940 -17
941 -16
942 -18
943 -17
944 -16
945 -14
946 -12
947 -10
948 -8
949 -6
950 -4
951 -2
952 -1
953 1
954 3
955 5
956 7
957 9
958 11
959 12
960 13
961 14
962 15
963 13
964 14
965 15
966 16
967 17
968 18
969 16
970 17
971 15
972 16
973 17
974 18
975 17
976 18
977 17
978 16
979 14
980 12
981 10
982 8
983 6
984 5
985 4
986 2
987 0
988 -2
989 -4
990 -6
991 -7
992 -8
993 -10
994 -11
995 -12
996 -13
997 -14
998 -15
999 -16
1000 -17
1001 -16
1002 -17
1003 -18
1004 -17
1005 -16
1006 -17
1007 -18
1008 -17
1009 -15
1010 -13
1011 -12
1012 -10
1013 -8
1014 -6
1015 -4
1016 -2
1017 0
1018 2
1019 4
1020 6
1021 8
1022 9
1023 10
1024 12
1025 13
1026 14
1027 15
1028 16
1029 17
1030 15
1031 16
1032 17
1033 18
1034 19
1035 18
1036 19
1037 20
1038 19
1039 18
1040 17
1041 15
1042 13
1043 11
1044 9
1045 10
1046 8
1047 7
1048 5
1049 4
1050 2
1051 0
1052 -1
1053 -3
1054 -5
1055 -7
1056 -8
1057 -9
1058 -10
1059 -11
1060 -12
1061 -13
1062 -14
1063 -15
1064 -16
1065 -17
1066 -16
1067 -17
1068 -18
1069 -17
1070 -18
1071 -19
1072 -20
1073 -18
1074 -16
1075 -17
1076 -15
1077 -13
1078 -11
1079 -9
1080 -7
1081 -5
1082 -3
1083 -1
1084 1
1085 3
1086 5
1087 6
1088 8
1089 10
1090 12
1091 13
1092 14
1093 15
1094 16
1095 17
1096 16
1097 17
1098 18
1099 17
1100 18
1101 19
1102 20
1103 19
1104 20
1105 18
1106 17
1107 16
1108 14
1109 12
1110 10
1111 8
1112 6
1113 4
1114 3
1115 1
1116 -1
1117 -2
1118 -4
1119 -6
1120 -7
1121 -8
1122 -9
1123 -11
1124 -12
1125 -13
1126 -14
1127 -15
1128 -13
1129 -14
1130 -15
1131 -16
1132 -17
1133 -16
1134 -17
1135 -18
1136 -19
1137 -20
1138 -19
1139 -20
1140 -18
1141 -19
1142 -20
1143 -18
1144 -19
1145 -20
1146 -18
1147 -19
1148 -17
1149 -15
1150 -14
1151 -12
1152 -10
1153 -8
1154 -9
1155 -7
1156 -5
1157 -3
1158 -1
1159 1
1160 3
1161 5
1162 7
1163 9
1164 10
1165 12
1166 14
1167 15
1168 16
1169 17
1170 15
1171 16
1172 17
1173 18
1174 19
1175 18
1176 19
1177 18
1178 19
1179 20
1180 19
1181 20
1182 19
1183 17
1184 15
1185 13
1186 11
1187 9
1188 7
1189 5
1190 6
1191 7
1192 5
1193 3
1194 1
1195 3
1196 2
1197 0
1198 -2
1199 -4
1200 -6
1201 -8
1202 -9
1203 -10
1204 -11
1205 -12
1206 -13
1207 -14
1208 -15
1209 -16
1210 -17
1211 -18
1212 -19
1213 -18
1214 -19
1215 -17
1216 -18
1217 -19
1218 -20
1219 -21
1220 -22
1221 -21
1222 -19
1223 -17
1224 -15
1225 -13
1226 -12
1227 -11
1228 -9
1229 -7
1230 -5
1231 -6
1232 -4
1233 -2
1234 0
1235 2
1236 4
1237 6
1238 8
1239 10
1240 11
1241 13
1242 15
1243 14
1244 15
1245 16
1246 17
1247 16
1248 17
1249 18
1250 19
1251 20
1252 21
1253 19
1254 20
1255 21
1256 20
1257 21
1258 20
1259 19
1260 18
1261 16
1262 14
1263 12
1264 10
1265 8
1266 6
1267 4
1268 3
1269 1
1270 0
1271 -2
1272 -4
1273 -6
1274 -8
1275 -9
1276 -11
1277 -12
1278 -13
1279 -14
1280 -12
1281 -13
1282 -14
1283 -15
1284 -16
1285 -17
1286 -18
1287 -19
1288 -18
1289 -19
1290 -20
1291 -18
1292 -19
1293 -20
1294 -21
1295 -22
1296 -20
1297 -21
1298 -22
1299 -20
1300 -21
1301 -19
1302 -17
1303 -16
1304 -14
1305 -12
1306 -10
1307 -8
1308 -7
1309 -5
1310 -3
1311 -1
1312 -2
1313 0
1314 2
1315 4
1316 6
1317 8
1318 10
1319 11
1320 13
1321 15
1322 16
1323 17
1324 18
1325 19
1326 18
1327 19
1328 20
1329 19
1330 20
1331 21
1332 22
1333 20
1334 21
1335 22
1336 21
1337 19
1338 18
1339 17
1340 15
1341 13
1342 11
1343 9
1344 7
1345 6
1346 4
1347 2
1348 0
1349 -2
1350 -3
1351 -5
1352 -7
1353 -8
1354 -10
1355 -12
1356 -13
1357 -14
1358 -15
1359 -16
1360 -17
1361 -18
1362 -16
1363 -17
1364 -18
1365 -19
1366 -18
1367 -19
1368 -20
1369 -19
1370 -20
1371 -21
1372 -22
1373 -23
1374 -24
1375 -22
1376 -20
1377 -18
1378 -16
1379 -14
1380 -12
1381 -11
1382 -9
1383 -10
1384 -8
1385 -6
1386 -4
1387 -2
1388 -1
1389 1
1390 3
1391 5
1392 7
1393 9
1394 11
1395 12
1396 14
1397 16
1398 15
1399 16
1400 17
1401 18
1402 19
1403 20
1404 18
1405 19
1406 20
1407 21
1408 22
1409 20
1410 21
1411 22
1412 21
1413 22
1414 21
1415 20
1416 19
1417 18
1418 16
1419 14
1420 12
1421 10
1422 8
1423 6
1424 4
1425 2
1426 0
1427 -1
1428 -3
1429 -5
1430 -7
1431 -9
1432 -10
1433 -11
1434 -12
1435 -13
1436 -14
1437 -15
1438 -16
1439 -17
1440 -18
1441 -19
1442 -20
1443 -18
1444 -19
1445 -20
1446 -19
1447 -20
1448 -21
1449 -22
1450 -23
1451 -24
1452 -23
1453 -21
1454 -19
1455 -17
1456 -15
1457 -13
1458 -11
1459 -10
1460 -8
1461 -6
1462 -4
1463 -3
1464 -1
1465 1
1466 0
1467 2
1468 4
1469 6
1470 8
1471 7
1472 9
1473 11
1474 13
1475 14
1476 16
1477 17
1478 18
1479 19
1480 18
1481 19
1482 20
1483 21
1484 22
1485 20
1486 21
1487 22
1488 23
1489 24
1490 22
1491 23
1492 22
1493 20
1494 19
1495 18
1496 16
1497 14
1498 12
1499 10
1500 8
1501 7
1502 5
1503 3
1504 1
1505 -1
1506 -3
1507 -4
1508 -5
1509 -7
1510 -9
1511 -10
1512 -12
1513 -13
1514 -14
1515 -15
1516 -16
1517 -17
1518 -15
1519 -16
1520 -17
1521 -18
1522 -19
1523 -20
1524 -21
1525 -22
1526 -20
1527 -21
1528 -22
1529 -20
1530 -21
1531 -22
1532 -21
1533 -22
1534 -23
1535 -24
1536 -22
1537 -23
1538 -21
1539 -19
1540 -17
1541 -16
1542 -14
1543 -12
1544 -11
1545 -9
1546 -7
1547 -5
1548 -6
1549 -4
1550 -2
1551 0
1552 2
1553 4
1554 5
1555 7
1556 9
1557 11
1558 12
1559 14
1560 16
1561 17
1562 18
1563 16
1564 17
1565 18
1566 19
1567 18
1568 19
1569 20
1570 21
1571 22
1572 23
1573 22
1574 23
1575 21
1576 22
1577 21
1578 20
1579 19
1580 17
1581 15
1582 13
1583 11
1584 9
1585 7
1586 5
1587 4
1588 3
1589 1
1590 -1
1591 -3
1592 -5
1593 -7
1594 -8
1595 -9
1596 -11
1597 -13
1598 -14
1599 -15
1600 -16
1601 -17
1602 -18
1603 -19
1604 -20
1605 -21
1606 -19
1607 -20
1608 -21
1609 -20
1610 -21
1611 -22
1612 -23
1613 -21
1614 -22
1615 -23
1616 -24
1617 -25
1618 -24
1619 -22
1620 -20
1621 -18
1622 -16
1623 -14
1624 -13
1625 -11
1626 -9
1627 -7
1628 -6
1629 -4
1630 -2
1631 0
1632 1
1633 3
1634 5
1635 7
1636 6
1637 8
1638 10
1639 12
1640 14
1641 15
1642 17
1643 18
1644 19
1645 20
1646 21
1647 20
1648 21
1649 22
1650 23
1651 21
1652 22
1653 23
1654 24
1655 23
1656 24
1657 23
1658 22
1659 21
1660 20
1661 18
1662 16
1663 17
1664 15
1665 13
1666 11
1667 9
1668 7
1669 5
1670 3
1671 5
1672 4
1673 2
1674 0
1675 -2
1676 -4
1677 -6
1678 -8
1679 -10
1680 -11
1681 -12
1682 -13
1683 -14
1684 -15
1685 -16
1686 -17
1687 -18
1688 -19
1689 -20
1690 -21
1691 -22
1692 -20
1693 -21
1694 -22
1695 -21
1696 -22
1697 -23
1698 -24
1699 -25
1700 -26
1701 -25
1702 -23
1703 -21
1704 -19
1705 -17
1706 -18
1707 -16
1708 -14
1709 -15
1710 -13
1711 -11
1712 -10
1713 -8
1714 -6
1715 -7
1716 -5
1717 -3
1718 -1
1719 1
1720 0
1721 2
1722 4
1723 6
1724 8
1725 10
1726 12
1727 13
1728 15
1729 17
1730 18
1731 19
1732 17
1733 18
1734 19
1735 20
1736 21
1737 22
1738 20
1739 21
1740 22
1741 23
1742 24
1743 25
1744 26
1745 24
1746 25
1747 23
1748 24
1749 25
1750 23
1751 22
1752 21
1753 20
1754 18
1755 16
1756 14
1757 12
1758 10
1759 8
1760 6
1761 4
1762 2
1763 0
1764 -2
1765 -4
1766 -6
1767 -8
1768 -10
1769 -11
1770 -13
1771 -14
1772 -15
1773 -16
1774 -17
1775 -18
1776 -19
1777 -20
1778 -18
1779 -19
1780 -20
1781 -21
1782 -22
1783 -23
1784 -24
1785 -23
1786 -21
1787 -22
1788 -23
1789 -24
1790 -25
1791 -26
1792 -25
1793 -23
1794 -21
1795 -19
1796 -17
1797 -15
1798 -13
1799 -11
1800 -10
1801 -9
1802 -7
1803 -5
1804 -3
1805 -1
1806 1
1807 3
1808 5
1809 7
1810 6
1811 8
1812 10
1813 12
1814 13
1815 15
1816 17
1817 18
1818 19
1819 20
1820 21
1821 19
1822 20
1823 21
1824 22
1825 23
1826 21
1827 22
1828 23
1829 24
1830 25
1831 26
1832 25
1833 24
1834 23
1835 21
1836 20
1837 19
1838 17
1839 15
1840 13
1841 11
1842 9
1843 7
1844 5
1845 6
1846 4
1847 3
1848 2
1849 1
1850 -1
1851 -3
1852 -5
1853 -7
1854 -9
1855 -11
1856 -12
1857 -13
1858 -14
1859 -15
1860 -16
1861 -17
1862 -18
1863 -19
1864 -20
1865 -21
1866 -22
1867 -23
1868 -24
1869 -22
1870 -23
1871 -24
1872 -25
1873 -23
1874 -24
1875 -25
1876 -23
1877 -24
1878 -25
1879 -26
1880 -25
1881 -23
1882 -21
1883 -20
1884 -18
1885 -16
1886 -15
1887 -13
1888 -12
1889 -10
1890 -8
1891 -6
1892 -4
1893 -2
1894 0
1895 2
1896 3
1897 5
1898 7
1899 9
1900 11
1901 13
1902 15
1903 16
1904 18
1905 19
1906 20
1907 21
1908 22
1909 23
1910 24
1911 22
1912 20
1913 21
1914 22
1915 23
1916 24
1917 23
1918 24
1919 25
1920 26
1921 24
1922 25
1923 24
1924 23
1925 22
1926 21
1927 19
1928 17
1929 15
1930 13
1931 14
1932 12
1933 10
1934 8
1935 6
1936 4
1937 3
1938 1
1939 -1
1940 1
1941 0
1942 -2
1943 -4
1944 -6
1945 -8
1946 -9
1947 -10
1948 -12
1949 -14
1950 -15
1951 -16
1952 -17
1953 -18
1954 -19
1955 -20
1956 -21
1957 -22
1958 -23
1959 -24
1960 -22
1961 -21
1962 -22
1963 -23
1964 -24
1965 -25
1966 -26
1967 -24
1968 -25
1969 -26
1970 -27
1971 -28
1972 -26
1973 -24
1974 -22
1975 -20
1976 -18
1977 -16
1978 -15
1979 -14
1980 -12
1981 -10
1982 -8
1983 -6
1984 -5
1985 -3
1986 -1
1987 1
1988 2
1989 4
1990 6
1991 8
1992 9
1993 11
1994 13
1995 14
1996 16
1997 18
1998 19
1999 20
2000 21
2001 22
2002 20
2003 21
2004 22
2005 23
2006 24
2007 25
2008 23
2009 24
2010 25
2011 26
2012 27
2013 28
2014 27
2015 25
2016 23
