0 1
1 1
2 2
3 4
4 6
5 12
6 22
7 44
8 88
9 136
10 252
11 504
12 896
13 1792
14 3392
15 6352
16 9720
17 19440
18 35664
19 71328
20 129952
21 247232
22 477664
23 955328
24 1700416
25 2657280
26 5184000
27 10368000
28 19407360
29 38814720
30 68868352
31 137736704
32 260693504
33 505830400
34 999641600
35 1882820608
36 2807196672
37 5614393344
38 11132433408
39 21769843200
40 39652335104
41 79304670208
42 144670336000
43 289340672000
44 559951058944
45 1056312983552
46 2104409718784
47 4208819437568
48 7656364926976
49 12086796853248
50 23123317936128
51 45739398684672
52 89412091109376
53 178824182218752
54 335831469391872
55 648832344391680
56 1191668794892288
57 2365857328513024
58 4725992105811968
59 9451984211623936
60 17218756635508736
61 34437513271017472
62 68820552205942784
63 129373538721857536
64 204606855283802112
65 398985792939491328
66 761764478748327936
67 1523528957496655872
68 3009285923413426176
69 6000276303122006016
70 11155719918694957056
71 22311439837389914112
72 39905212357843025920
73 79810424715686051840
74 159581337939488604160
75 313314314514525716480
76 621702683205687967744
77 1188010096382300913664
78 2303902918772981235712
79 4607805837545962471424
80 8533283188412709339136
81 13494429334659498246144
82 26986003986478937407488
83 53972007972957874814976
84 100416844876240845275136
85 198461510807770430963712
86 396896321818107407499264
87 793094370710070352674816
88 1498922269986459827306496
89 2997844539972919654612992
90 5451983553411892923072512
91 10523868719477173801451520
92 20975481478588715759566848
93 41926229591522877552721920
94 83850163325625776147005440
95 166436899233165210361528320
96 312002898761906720778223616
97 624005797523813441556447232
98 1212534384125021138651709440
99 2288742856612927496934916096
100 3602734031008461014880485376
