1 1
2 1
3 2
4 1
5 2
6 4
7 1
8 2
9 4
10 3
11 1
12 2
13 4
14 3
15 6
16 1
17 2
18 4
19 3
20 6
21 10
22 1
23 2
24 4
25 3
26 6
27 11
28 5
29 1
30 2
31 4
32 3
33 6
34 11
35 5
36 11
37 1
38 2
39 4
40 3
41 6
42 11
43 5
44 9
45 7
46 1
47 2
48 4
49 3
50 6
51 11
52 5
53 9
54 7
55 12
56 1
57 2
58 4
59 3
60 6
61 11
62 5
63 9
64 7
65 13
66 9
67 1
68 2
69 4
70 3
71 6
72 11
73 5
74 9
75 7
76 13
77 10
78 16
79 1
80 2
81 4
82 3
83 6
84 11
85 5
86 9
87 7
88 13
89 10
90 18
91 8
92 1
93 2
94 4
95 3
96 6
97 11
98 5
99 9
100 7
101 13
102 10
103 18
104 8
105 17
106 1
107 2
108 4
109 3
110 6
111 11
112 5
113 9
114 7
115 13
116 10
117 18
118 8
119 15
120 15
121 1
122 2
123 4
124 3
125 6
126 11
127 5
128 9
129 7
130 13
131 10
132 18
133 8
134 15
135 25
136 23
137 1
138 2
139 4
140 3
141 6
142 11
143 5
144 9
145 7
146 13
147 10
148 18
149 8
150 15
151 25
152 12
153 13
154 1
155 2
156 4
157 3
158 6
159 11
160 5
161 9
162 7
163 13
164 10
165 18
166 8
167 15
168 27
169 12
170 21
171 24
172 1
173 2
174 4
175 3
176 6
177 11
178 5
179 9
180 7
181 13
182 10
183 18
184 8
185 15
186 27
187 12
188 21
189 14
190 18
191 1
192 2
193 4
194 3
195 6
196 11
197 5
198 9
199 7
200 13
201 10
202 18
203 8
204 15
205 27
206 12
207 21
208 14
209 26
210 28
211 1
212 2
213 4
214 3
215 6
216 11
217 5
218 9
219 7
220 13
221 10
222 18
223 8
224 15
225 27
226 14
227 21
228 14
229 27
230 17
231 14
232 1
233 2
234 4
235 3
236 6
237 11
238 5
239 9
240 7
241 13
242 10
243 18
244 8
245 15
246 27
247 14
248 23
249 14
250 25
251 16
252 28
253 26
254 1
255 2
256 4
257 3
258 6
259 11
260 5
261 9
262 7
263 13
264 10
265 18
266 8
267 15
268 27
269 14
270 23
271 12
272 25
273 16
274 28
275 20
276 19
277 1
278 2
279 4
280 3
281 6
282 11
283 5
284 9
285 7
286 13
287 10
288 18
289 8
290 15
291 27
292 14
293 23
294 12
295 22
296 16
297 26
298 20
299 33
300 32
301 1
302 2
303 4
304 3
305 6
306 11
307 5
308 9
309 7
310 13
311 10
312 18
313 8
314 15
315 27
316 14
317 23
318 12
319 22
320 17
321 26
322 48
323 31
324 16
325 20
326 1
327 2
328 4
329 3
330 6
331 11
332 5
333 9
334 7
335 13
336 10
337 18
338 8
339 15
340 27
341 14
342 23
343 12
344 22
345 17
346 28
347 48
348 17
349 49
350 30
351 34
352 1
353 2
354 4
355 3
356 6
357 11
358 5
359 9
360 7
361 13
362 10
363 18
364 8
365 15
366 27
367 14
368 23
369 12
370 22
371 17
372 28
373 16
374 17
375 30
376 17
377 19
378 21
379 1
380 2
381 4
382 3
383 6
384 11
385 5
386 9
387 7
388 13
389 10
390 18
391 8
392 15
393 27
394 14
395 23
396 12
397 22
398 17
399 28
400 16
401 29
402 30
403 19
404 32
405 34
406 36
407 1
408 2
409 4
410 3
411 6
412 11
413 5
414 9
415 7
416 13
417 10
418 18
419 8
420 15
421 27
422 14
423 23
424 12
425 22
426 17
427 28
428 16
429 29
430 20
431 19
432 33
433 46
434 22
435 25
436 1
437 2
438 4
439 3
440 6
441 11
442 5
443 9
444 7
445 13
446 10
447 18
448 8
449 15
450 27
451 14
452 23
453 12
454 22
455 17
456 28
457 16
458 29
459 20
460 34
461 33
462 28
463 19
464 38
465 41
466 1
467 2
468 4
469 3
470 6
471 11
472 5
473 9
474 7
475 13
476 10
477 18
478 8
479 15
480 27
481 14
482 23
483 12
484 22
485 17
486 28
487 16
488 29
489 20
490 34
491 19
492 28
493 44
494 35
495 23
496 22
497 1
498 2
499 4
500 3
501 6
502 11
503 5
504 9
505 7
506 13
507 10
508 18
509 8
510 15
511 27
512 14
513 23
514 12
515 22
516 17
517 28
518 16
519 29
520 20
521 34
522 19
523 35
524 44
525 20
526 23
527 40
528 39
529 1
530 2
531 4
532 3
533 6
534 11
535 5
536 9
537 7
538 13
539 10
540 18
541 8
542 15
543 27
544 14
545 23
546 12
547 22
548 17
549 28
550 16
551 29
552 20
553 34
554 19
555 35
556 21
557 20
558 35
559 40
560 24
561 30
562 1
563 2
564 4
565 3
566 6
567 11
568 5
569 9
570 7
571 13
572 10
573 18
574 8
575 15
576 27
577 14
578 23
579 12
580 22
581 17
582 28
583 16
584 29
585 20
586 34
587 19
588 35
589 21
590 36
591 35
592 22
593 22
594 42
595 48
596 1
597 2
598 4
599 3
600 6
601 11
602 5
603 9
604 7
605 13
606 10
607 18
608 8
609 15
610 27
611 14
612 23
613 12
614 22
615 17
616 28
617 16
618 29
619 20
620 34
621 19
622 35
623 21
624 36
625 32
626 22
627 39
628 41
629 65
630 27
631 1
632 2
633 4
634 3
635 6
636 11
637 5
638 9
639 7
640 13
641 10
642 18
643 8
644 15
645 27
646 14
647 23
648 12
649 22
650 17
651 28
652 16
653 29
654 20
655 34
656 19
657 35
658 21
659 36
660 32
661 24
662 39
663 23
664 24
665 27
666 46
667 1
668 2
669 4
670 3
671 6
672 11
673 5
674 9
675 7
676 13
677 10
678 18
679 8
680 15
681 27
682 14
683 23
684 12
685 22
686 17
687 28
688 16
689 29
690 20
691 34
692 19
693 35
694 21
695 36
696 32
697 24
698 42
699 23
700 41
701 45
702 46
703 29
704 1
705 2
706 4
707 3
708 6
709 11
710 5
711 9
712 7
713 13
714 10
715 18
716 8
717 15
718 27
719 14
720 23
721 12
722 22
723 17
724 28
725 16
726 29
727 20
728 34
729 19
730 35
731 21
732 36
733 32
734 24
735 42
736 26
737 41
738 24
739 26
740 41
741 49
742 1
743 2
744 4
745 3
746 6
747 11
748 5
749 9
750 7
751 13
752 10
753 18
754 8
755 15
756 27
757 14
758 23
759 12
760 22
761 17
762 28
763 16
764 29
765 20
766 34
767 19
768 35
769 21
770 36
771 32
772 24
773 42
774 26
775 43
776 24
777 45
778 48
779 61
780 31
781 1
782 2
783 4
784 3
785 6
786 11
787 5
788 9
789 7
790 13
791 10
792 18
793 8
794 15
795 27
796 14
797 23
798 12
799 22
800 17
801 28
802 16
803 29
804 20
805 34
806 19
807 35
808 21
809 36
810 32
811 24
812 42
813 26
814 43
815 25
816 45
817 65
818 39
819 29
820 52
821 1
822 2
823 4
824 3
825 6
826 11
827 5
828 9
829 7
830 13
831 10
832 18
833 8
834 15
835 27
836 14
837 23
838 12
839 22
840 17
841 28
842 16
843 29
844 20
845 34
846 19
847 35
848 21
849 36
850 32
851 24
852 42
853 26
854 43
855 25
856 44
857 65
858 29
859 62
860 50
861 37
862 1
863 2
864 4
865 3
866 6
867 11
868 5
869 9
870 7
871 13
872 10
873 18
874 8
875 15
876 27
877 14
878 23
879 12
880 22
881 17
882 28
883 16
884 29
885 20
886 34
887 19
888 35
889 21
890 36
891 32
892 24
893 42
894 26
895 43
896 25
897 44
898 66
899 29
900 52
901 29
902 31
903 59
904 1
905 2
906 4
907 3
908 6
909 11
910 5
911 9
912 7
913 13
914 10
915 18
916 8
917 15
918 27
919 14
920 23
921 12
922 22
923 17
924 28
925 16
926 29
927 20
928 34
929 19
930 35
931 21
932 36
933 32
934 24
935 42
936 26
937 43
938 25
939 44
940 66
941 33
942 52
943 31
944 53
945 53
946 33
947 1
948 2
949 4
950 3
951 6
952 11
953 5
954 9
955 7
956 13
957 10
958 18
959 8
960 15
961 27
962 14
963 23
964 12
965 22
966 17
967 28
968 16
969 29
970 20
971 34
972 19
973 35
974 21
975 36
976 32
977 24
978 42
979 26
980 43
981 25
982 44
983 66
984 33
985 53
986 31
987 50
988 30
989 32
990 56
991 1
992 2
993 4
994 3
995 6
996 11
997 5
998 9
999 7
1000 13
1001 10
1002 18
1003 8
1004 15
1005 27
1006 14
1007 23
1008 12
1009 22
1010 17
1011 28
1012 16
1013 29
1014 20
1015 34
1016 19
1017 35
1018 21
1019 36
1020 32
1021 24
1022 42
1023 26
1024 43
1025 25
1026 44
1027 66
1028 33
1029 53
1030 30
1031 50
1032 32
1033 55
1034 56
1035 40
1036 1
1037 2
1038 4
1039 3
1040 6
1041 11
1042 5
1043 9
1044 7
1045 13
1046 10
1047 18
1048 8
1049 15
1050 27
1051 14
1052 23
1053 12
1054 22
1055 17
1056 28
1057 16
1058 29
1059 20
1060 34
1061 19
1062 35
1063 21
1064 36
1065 32
1066 24
1067 42
1068 26
1069 43
1070 25
1071 44
1072 66
1073 33
1074 53
1075 30
1076 51
1077 32
1078 57
1079 34
1080 36
1081 64
1082 1
1083 2
1084 4
1085 3
1086 6
1087 11
1088 5
1089 9
1090 7
1091 13
1092 10
1093 18
1094 8
1095 15
1096 27
1097 14
1098 23
1099 12
1100 22
1101 17
1102 28
1103 16
1104 29
1105 20
1106 34
1107 19
1108 35
1109 21
1110 36
1111 32
1112 24
1113 42
1114 26
1115 43
1116 25
1117 44
1118 66
1119 33
1120 53
1121 30
1122 51
1123 31
1124 57
1125 34
1126 63
1127 62
1128 35
1129 1
1130 2
1131 4
1132 3
1133 6
1134 11
1135 5
1136 9
1137 7
1138 13
1139 10
1140 18
1141 8
1142 15
1143 27
1144 14
1145 23
1146 12
1147 22
1148 17
1149 28
1150 16
1151 29
1152 20
1153 34
1154 19
1155 35
1156 21
1157 36
1158 32
1159 24
1160 42
1161 26
1162 43
1163 25
1164 44
1165 66
1166 33
1167 53
1168 30
1169 51
1170 31
1171 54
1172 34
1173 58
1174 33
1175 35
1176 60
1177 1
1178 2
1179 4
1180 3
1181 6
1182 11
1183 5
1184 9
1185 7
1186 13
1187 10
1188 18
1189 8
1190 15
1191 27
1192 14
1193 23
1194 12
1195 22
1196 17
1197 28
1198 16
1199 29
1200 20
1201 34
1202 19
1203 35
1204 21
1205 36
1206 32
1207 24
1208 42
1209 26
1210 43
1211 25
1212 44
1213 66
1214 33
1215 53
1216 30
1217 51
1218 31
1219 54
1220 37
1221 58
1222 36
1223 59
1224 60
1225 38
1226 1
1227 2
1228 4
1229 3
1230 6
1231 11
1232 5
1233 9
1234 7
1235 13
1236 10
1237 18
1238 8
1239 15
1240 27
1241 14
1242 23
1243 12
1244 22
1245 17
1246 28
1247 16
1248 29
1249 20
1250 34
1251 19
1252 35
1253 21
1254 36
1255 32
1256 24
1257 42
1258 26
1259 43
1260 25
1261 44
1262 66
1263 33
1264 53
1265 30
1266 51
1267 31
1268 54
1269 37
1270 61
1271 36
1272 64
1273 43
1274 37
1275 65
1276 1
1277 2
1278 4
1279 3
1280 6
1281 11
1282 5
1283 9
1284 7
1285 13
1286 10
1287 18
1288 8
1289 15
1290 27
1291 14
1292 23
1293 12
1294 22
1295 17
1296 28
1297 16
1298 29
1299 20
1300 34
1301 19
1302 35
1303 21
1304 36
1305 32
1306 24
1307 42
1308 26
1309 43
1310 25
1311 44
1312 66
1313 33
1314 53
1315 30
1316 51
1317 31
1318 54
1319 37
1320 61
1321 39
1322 64
1323 37
1324 71
1325 64
1326 42
1327 1
1328 2
1329 4
1330 3
1331 6
1332 11
1333 5
1334 9
1335 7
1336 13
1337 10
1338 18
1339 8
1340 15
1341 27
1342 14
1343 23
1344 12
1345 22
1346 17
1347 28
1348 16
1349 29
1350 20
1351 34
1352 19
1353 35
1354 21
1355 36
1356 32
1357 24
1358 42
1359 26
1360 43
1361 25
1362 44
1363 66
1364 33
1365 53
1366 30
1367 51
1368 31
1369 54
1370 37
1371 61
1372 39
1373 64
1374 37
1375 63
1376 36
1377 97
1378 68
1379 1
1380 2
1381 4
1382 3
1383 6
1384 11
1385 5
1386 9
1387 7
1388 13
1389 10
1390 18
1391 8
1392 15
1393 27
1394 14
1395 23
1396 12
1397 22
1398 17
1399 28
1400 16
1401 29
1402 20
1403 34
1404 19
1405 35
1406 21
1407 36
1408 32
1409 24
1410 42
1411 26
1412 43
1413 25
1414 44
1415 66
1416 33
1417 53
1418 30
1419 51
1420 31
1421 54
1422 37
1423 61
1424 39
1425 64
1426 38
1427 63
1428 38
1429 56
1430 39
1431 43
1432 1
1433 2
1434 4
1435 3
1436 6
1437 11
1438 5
1439 9
1440 7
1441 13
1442 10
1443 18
1444 8
1445 15
1446 27
1447 14
1448 23
1449 12
1450 22
1451 17
1452 28
1453 16
1454 29
1455 20
1456 34
1457 19
1458 35
1459 21
1460 36
1461 32
1462 24
1463 42
1464 26
1465 43
1466 25
1467 44
1468 66
1469 33
1470 53
1471 30
1472 51
1473 31
1474 54
1475 37
1476 61
1477 39
1478 64
1479 38
1480 67
1481 38
1482 67
1483 42
1484 67
1485 71
1486 1
1487 2
1488 4
1489 3
1490 6
1491 11
1492 5
1493 9
1494 7
1495 13
1496 10
1497 18
1498 8
1499 15
1500 27
1501 14
1502 23
1503 12
1504 22
1505 17
1506 28
1507 16
1508 29
1509 20
1510 34
1511 19
1512 35
1513 21
1514 36
1515 32
1516 24
1517 42
1518 26
1519 43
1520 25
1521 44
1522 66
1523 33
1524 53
1525 30
1526 51
1527 31
1528 54
1529 37
1530 61
1531 39
1532 64
1533 38
1534 67
1535 40
1536 67
1537 53
1538 37
1539 45
1540 44
1541 1
1542 2
1543 4
1544 3
1545 6
1546 11
1547 5
1548 9
1549 7
1550 13
1551 10
1552 18
1553 8
1554 15
1555 27
1556 14
1557 23
1558 12
1559 22
1560 17
1561 28
1562 16
1563 29
1564 20
1565 34
1566 19
1567 35
1568 21
1569 36
1570 32
1571 24
1572 42
1573 26
1574 43
1575 25
1576 44
1577 66
1578 33
1579 53
1580 30
1581 51
1582 31
1583 54
1584 37
1585 61
1586 39
1587 64
1588 38
1589 67
1590 40
1591 70
1592 53
1593 84
1594 67
1595 74
1596 73
1597 1
1598 2
1599 4
1600 3
1601 6
1602 11
1603 5
1604 9
1605 7
1606 13
1607 10
1608 18
1609 8
1610 15
1611 27
1612 14
1613 23
1614 12
1615 22
1616 17
1617 28
1618 16
1619 29
1620 20
1621 34
1622 19
1623 35
1624 21
1625 36
1626 32
1627 24
1628 42
1629 26
1630 43
1631 25
1632 44
1633 66
1634 33
1635 53
1636 30
1637 51
1638 31
1639 54
1640 37
1641 61
1642 39
1643 64
1644 38
1645 67
1646 40
1647 70
1648 41
1649 84
1650 40
1651 52
1652 43
1653 45
1654 1
1655 2
1656 4
1657 3
1658 6
1659 11
1660 5
1661 9
1662 7
1663 13
1664 10
1665 18
1666 8
1667 15
1668 27
1669 14
1670 23
1671 12
1672 22
1673 17
1674 28
1675 16
1676 29
1677 20
1678 34
1679 19
1680 35
1681 21
1682 36
1683 32
1684 24
1685 42
1686 26
1687 43
1688 25
1689 44
1690 66
1691 33
1692 53
1693 30
1694 51
1695 31
1696 54
1697 37
1698 61
1699 39
1700 64
1701 38
1702 67
1703 40
1704 70
1705 41
1706 68
1707 40
1708 70
1709 79
1710 73
1711 75
1712 1
1713 2
1714 4
1715 3
1716 6
1717 11
1718 5
1719 9
1720 7
1721 13
1722 10
1723 18
1724 8
1725 15
1726 27
1727 14
1728 23
1729 12
1730 22
1731 17
1732 28
1733 16
1734 29
1735 20
1736 34
1737 19
1738 35
1739 21
1740 36
1741 32
1742 24
1743 42
1744 26
1745 43
1746 25
1747 44
1748 66
1749 33
1750 53
1751 30
1752 51
1753 31
1754 54
1755 37
1756 61
1757 39
1758 64
1759 38
1760 67
1761 40
1762 70
1763 41
1764 68
1765 47
1766 70
1767 42
1768 38
1769 44
1770 51
1771 1
1772 2
1773 4
1774 3
1775 6
1776 11
1777 5
1778 9
1779 7
1780 13
1781 10
1782 18
1783 8
1784 15
1785 27
1786 14
1787 23
1788 12
1789 22
1790 17
1791 28
1792 16
1793 29
1794 20
1795 34
1796 19
1797 35
1798 21
1799 36
1800 32
1801 24
1802 42
1803 26
1804 43
1805 25
1806 44
1807 66
1808 33
1809 53
1810 30
1811 51
1812 31
1813 54
1814 37
1815 61
1816 39
1817 64
1818 38
1819 67
1820 40
1821 70
1822 41
1823 68
1824 47
1825 75
1826 42
1827 69
1828 69
1829 75
1830 82
1831 1
1832 2
1833 4
1834 3
1835 6
1836 11
1837 5
1838 9
1839 7
1840 13
1841 10
1842 18
1843 8
1844 15
1845 27
1846 14
1847 23
1848 12
1849 22
1850 17
1851 28
1852 16
1853 29
1854 20
1855 34
1856 19
1857 35
1858 21
1859 36
1860 32
1861 24
1862 42
1863 26
1864 43
1865 25
1866 44
1867 66
1868 33
1869 53
1870 30
1871 51
1872 31
1873 54
1874 37
1875 61
1876 39
1877 64
1878 38
1879 67
1880 40
1881 70
1882 41
1883 68
1884 47
1885 75
1886 50
1887 69
1888 49
1889 47
1890 49
1891 47
1892 1
1893 2
1894 4
1895 3
1896 6
1897 11
1898 5
1899 9
1900 7
1901 13
1902 10
1903 18
1904 8
1905 15
1906 27
1907 14
1908 23
1909 12
1910 22
1911 17
1912 28
1913 16
1914 29
1915 20
1916 34
1917 19
1918 35
1919 21
1920 36
1921 32
1922 24
1923 42
1924 26
1925 43
1926 25
1927 44
1928 66
1929 33
1930 53
1931 30
1932 51
1933 31
1934 54
1935 37
1936 61
1937 39
1938 64
1939 38
1940 67
1941 40
1942 70
1943 41
1944 68
1945 47
1946 75
1947 50
1948 76
1949 49
1950 81
1951 83
1952 81
1953 79
1954 1
1955 2
1956 4
1957 3
1958 6
1959 11
1960 5
1961 9
1962 7
1963 13
1964 10
1965 18
1966 8
1967 15
1968 27
1969 14
1970 23
1971 12
1972 22
1973 17
1974 28
1975 16
1976 29
1977 20
1978 34
1979 19
1980 35
1981 21
1982 36
1983 32
1984 24
1985 42
1986 26
1987 43
1988 25
1989 44
1990 66
1991 33
1992 53
1993 30
1994 51
1995 31
1996 54
1997 37
1998 61
1999 39
2000 64
2001 38
2002 67
2003 40
2004 70
2005 41
2006 68
2007 47
2008 75
2009 50
2010 76
2011 45
2012 81
2013 43
2014 44
2015 47
2016 112
2017 1
2018 2
2019 4
2020 3
2021 6
2022 11
2023 5
2024 9
2025 7
2026 13
2027 10
2028 18
2029 8
2030 15
2031 27
2032 14
2033 23
2034 12
2035 22
2036 17
2037 28
2038 16
2039 29
2040 20
2041 34
2042 19
2043 35
2044 21
2045 36
2046 32
2047 24
2048 42
2049 26
2050 43
2051 25
2052 44
2053 66
2054 33
2055 53
2056 30
2057 51
2058 31
2059 54
2060 37
2061 61
2062 39
2063 64
2064 38
2065 67
2066 40
2067 70
2068 41
2069 68
2070 47
2071 75
2072 50
2073 76
2074 45
2075 77
2076 43
2077 76
2078 76
2079 82
2080 50
2081 1
2082 2
2083 4
2084 3
2085 6
2086 11
2087 5
2088 9
2089 7
2090 13
2091 10
2092 18
2093 8
2094 15
2095 27
2096 14
2097 23
2098 12
2099 22
2100 17
2101 28
2102 16
2103 29
2104 20
2105 34
2106 19
2107 35
2108 21
2109 36
2110 32
2111 24
2112 42
2113 26
2114 43
2115 25
2116 44
2117 66
2118 33
2119 53
2120 30
2121 51
2122 31
2123 54
2124 37
2125 61
2126 39
2127 64
2128 38
2129 67
2130 40
2131 70
2132 41
2133 68
2134 47
2135 75
2136 50
2137 76
2138 45
2139 77
2140 49
2141 76
2142 46
2143 50
2144 52
2145 84
2146 1
2147 2
2148 4
2149 3
2150 6
2151 11
2152 5
2153 9
2154 7
2155 13
2156 10
2157 18
2158 8
2159 15
2160 27
2161 14
2162 23
2163 12
2164 22
2165 17
2166 28
2167 16
2168 29
2169 20
2170 34
2171 19
2172 35
2173 21
2174 36
2175 32
2176 24
2177 42
2178 26
2179 43
2180 25
2181 44
2182 66
2183 33
2184 53
2185 30
2186 51
2187 31
2188 54
2189 37
2190 61
2191 39
2192 64
2193 38
2194 67
2195 40
2196 70
2197 41
2198 68
2199 47
2200 75
2201 50
2202 76
2203 45
2204 77
2205 49
2206 80
2207 46
2208 80
2209 85
2210 86
2211 53
2212 1
2213 2
2214 4
2215 3
2216 6
2217 11
2218 5
2219 9
2220 7
2221 13
2222 10
2223 18
2224 8
2225 15
2226 27
2227 14
2228 23
2229 12
2230 22
2231 17
2232 28
2233 16
2234 29
2235 20
2236 34
2237 19
2238 35
2239 21
2240 36
2241 32
2242 24
2243 42
2244 26
2245 43
2246 25
2247 44
2248 66
2249 33
2250 53
2251 30
2252 51
2253 31
2254 54
2255 37
2256 61
2257 39
2258 64
2259 38
2260 67
2261 40
2262 70
2263 41
2264 68
2265 47
2266 75
2267 50
2268 76
2269 45
2270 77
2271 49
2272 80
2273 48
2274 80
2275 47
2276 51
2277 51
2278 88
2279 1
2280 2
2281 4
2282 3
2283 6
2284 11
2285 5
2286 9
2287 7
2288 13
2289 10
2290 18
2291 8
2292 15
2293 27
2294 14
2295 23
2296 12
2297 22
2298 17
2299 28
2300 16
2301 29
2302 20
2303 34
2304 19
2305 35
2306 21
2307 36
2308 32
2309 24
2310 42
2311 26
2312 43
2313 25
2314 44
2315 66
2316 33
2317 53
2318 30
2319 51
2320 31
2321 54
2322 37
2323 61
2324 39
2325 64
2326 38
2327 67
2328 40
2329 70
2330 41
2331 68
2332 47
2333 75
2334 50
2335 76
2336 45
2337 77
2338 49
2339 80
2340 48
2341 81
2342 47
2343 82
2344 84
2345 87
2346 54
2347 1
2348 2
2349 4
2350 3
2351 6
2352 11
2353 5
2354 9
2355 7
2356 13
2357 10
2358 18
2359 8
2360 15
2361 27
2362 14
2363 23
2364 12
2365 22
2366 17
2367 28
2368 16
2369 29
2370 20
2371 34
2372 19
2373 35
2374 21
2375 36
2376 32
2377 24
2378 42
2379 26
2380 43
2381 25
2382 44
2383 66
2384 33
2385 53
2386 30
2387 51
2388 31
2389 54
2390 37
2391 61
2392 39
2393 64
2394 38
2395 67
2396 40
2397 70
2398 41
2399 68
2400 47
2401 75
2402 50
2403 76
2404 45
2405 77
2406 49
2407 80
2408 48
2409 81
2410 46
2411 82
2412 56
2413 60
2414 48
2415 90
2416 1
2417 2
2418 4
2419 3
2420 6
2421 11
2422 5
2423 9
2424 7
2425 13
2426 10
2427 18
2428 8
2429 15
2430 27
2431 14
2432 23
2433 12
2434 22
2435 17
2436 28
2437 16
2438 29
2439 20
2440 34
2441 19
2442 35
2443 21
2444 36
2445 32
2446 24
2447 42
2448 26
2449 43
2450 25
2451 44
2452 66
2453 33
2454 53
2455 30
2456 51
2457 31
2458 54
2459 37
2460 61
2461 39
2462 64
2463 38
2464 67
2465 40
2466 70
2467 41
2468 68
2469 47
2470 75
2471 50
2472 76
2473 45
2474 77
2475 49
2476 80
2477 48
2478 81
2479 46
2480 82
2481 56
2482 92
2483 99
2484 85
2485 57
2486 1
2487 2
2488 4
2489 3
2490 6
2491 11
2492 5
2493 9
2494 7
2495 13
2496 10
2497 18
2498 8
2499 15
2500 27
2501 14
2502 23
2503 12
2504 22
2505 17
2506 28
2507 16
2508 29
2509 20
2510 34
2511 19
2512 35
2513 21
2514 36
2515 32
2516 24
2517 42
2518 26
2519 43
2520 25
2521 44
2522 66
2523 33
2524 53
2525 30
2526 51
2527 31
2528 54
2529 37
2530 61
2531 39
2532 64
2533 38
2534 67
2535 40
2536 70
2537 41
2538 68
2539 47
2540 75
2541 50
2542 76
2543 45
2544 77
2545 49
2546 80
2547 48
2548 81
2549 46
2550 82
2551 52
2552 92
2553 51
2554 54
2555 71
2556 94
2557 1
2558 2
2559 4
2560 3
2561 6
2562 11
2563 5
2564 9
2565 7
2566 13
2567 10
2568 18
2569 8
2570 15
2571 27
2572 14
2573 23
2574 12
2575 22
2576 17
2577 28
2578 16
2579 29
2580 20
2581 34
2582 19
2583 35
2584 21
2585 36
2586 32
2587 24
2588 42
2589 26
2590 43
2591 25
2592 44
2593 66
2594 33
2595 53
2596 30
2597 51
2598 31
2599 54
2600 37
2601 61
2602 39
2603 64
2604 38
2605 67
2606 40
2607 70
2608 41
2609 68
2610 47
2611 75
2612 50
2613 76
2614 45
2615 77
2616 49
2617 80
2618 48
2619 81
2620 46
2621 82
2622 52
2623 86
2624 51
2625 88
2626 88
2627 111
2628 55
2629 1
2630 2
2631 4
2632 3
2633 6
2634 11
2635 5
2636 9
2637 7
2638 13
2639 10
2640 18
2641 8
2642 15
2643 27
2644 14
2645 23
2646 12
2647 22
2648 17
2649 28
2650 16
2651 29
2652 20
2653 34
2654 19
2655 35
2656 21
2657 36
2658 32
2659 24
2660 42
2661 26
2662 43
2663 25
2664 44
2665 66
2666 33
2667 53
2668 30
2669 51
2670 31
2671 54
2672 37
2673 61
2674 39
2675 64
2676 38
2677 67
2678 40
2679 70
2680 41
2681 68
2682 47
2683 75
2684 50
2685 76
2686 45
2687 77
2688 49
2689 80
2690 48
2691 81
2692 46
2693 82
2694 52
2695 86
2696 127
2697 88
2698 54
2699 57
2700 54
2701 93
2702 1
2703 2
2704 4
2705 3
2706 6
2707 11
2708 5
2709 9
2710 7
2711 13
2712 10
2713 18
2714 8
2715 15
2716 27
2717 14
2718 23
2719 12
2720 22
2721 17
2722 28
2723 16
2724 29
2725 20
2726 34
2727 19
2728 35
2729 21
2730 36
2731 32
2732 24
2733 42
2734 26
2735 43
2736 25
2737 44
2738 66
2739 33
2740 53
2741 30
2742 51
2743 31
2744 54
2745 37
2746 61
2747 39
2748 64
2749 38
2750 67
2751 40
2752 70
2753 41
2754 68
2755 47
2756 75
2757 50
2758 76
2759 45
2760 77
2761 49
2762 80
2763 48
2764 81
2765 46
2766 82
2767 52
2768 86
2769 127
2770 55
2771 54
2772 93
2773 94
2774 92
2775 61
2776 1
2777 2
2778 4
2779 3
2780 6
2781 11
2782 5
2783 9
2784 7
2785 13
2786 10
2787 18
2788 8
2789 15
2790 27
2791 14
2792 23
2793 12
2794 22
2795 17
2796 28
2797 16
2798 29
2799 20
2800 34
2801 19
2802 35
2803 21
2804 36
2805 32
2806 24
2807 42
2808 26
2809 43
2810 25
2811 44
2812 66
2813 33
2814 53
2815 30
2816 51
2817 31
2818 54
2819 37
2820 61
2821 39
2822 64
2823 38
2824 67
2825 40
2826 70
2827 41
2828 68
2829 47
2830 75
2831 50
2832 76
2833 45
2834 77
2835 49
2836 80
2837 48
2838 81
2839 46
2840 82
2841 52
2842 86
2843 127
2844 55
2845 90
2846 93
2847 135
2848 58
2849 59
2850 100
2851 1
2852 2
2853 4
2854 3
2855 6
2856 11
2857 5
2858 9
2859 7
2860 13
2861 10
2862 18
2863 8
2864 15
2865 27
2866 14
2867 23
2868 12
2869 22
2870 17
2871 28
2872 16
2873 29
2874 20
2875 34
2876 19
2877 35
2878 21
2879 36
2880 32
2881 24
2882 42
2883 26
2884 43
2885 25
2886 44
2887 66
2888 33
2889 53
2890 30
2891 51
2892 31
2893 54
2894 37
2895 61
2896 39
2897 64
2898 38
2899 67
2900 40
2901 70
2902 41
2903 68
2904 47
2905 75
2906 50
2907 76
2908 45
2909 77
2910 49
2911 80
2912 48
2913 81
2914 46
2915 82
2916 52
2917 86
2918 127
2919 55
2920 90
2921 56
2922 135
2923 55
2924 96
2925 55
2926 58
2927 1
2928 2
2929 4
2930 3
2931 6
2932 11
2933 5
2934 9
2935 7
2936 13
2937 10
2938 18
2939 8
2940 15
2941 27
2942 14
2943 23
2944 12
2945 22
2946 17
2947 28
2948 16
2949 29
2950 20
2951 34
2952 19
2953 35
2954 21
2955 36
2956 32
2957 24
2958 42
2959 26
2960 43
2961 25
2962 44
2963 66
2964 33
2965 53
2966 30
2967 51
2968 31
2969 54
2970 37
2971 61
2972 39
2973 64
2974 38
2975 67
2976 40
2977 70
2978 41
2979 68
2980 47
2981 75
2982 50
2983 76
2984 45
2985 77
2986 49
2987 80
2988 48
2989 81
2990 46
2991 82
2992 52
2993 86
2994 127
2995 55
2996 90
2997 56
2998 94
2999 55
3000 95
3001 68
3002 94
3003 98
3004 1
3005 2
3006 4
3007 3
3008 6
3009 11
3010 5
3011 9
3012 7
3013 13
3014 10
3015 18
3016 8
3017 15
3018 27
3019 14
3020 23
3021 12
3022 22
3023 17
3024 28
3025 16
3026 29
3027 20
3028 34
3029 19
3030 35
3031 21
3032 36
3033 32
3034 24
3035 42
3036 26
3037 43
3038 25
3039 44
3040 66
3041 33
3042 53
3043 30
3044 51
3045 31
3046 54
3047 37
3048 61
3049 39
3050 64
3051 38
3052 67
3053 40
3054 70
3055 41
3056 68
3057 47
3058 75
3059 50
3060 76
3061 45
3062 77
3063 49
3064 80
3065 48
3066 81
3067 46
3068 82
3069 52
3070 86
3071 127
3072 55
3073 90
3074 56
3075 94
3076 57
3077 95
3078 66
3079 64
3080 57
3081 62
3082 1
3083 2
3084 4
3085 3
3086 6
3087 11
3088 5
3089 9
3090 7
3091 13
3092 10
3093 18
3094 8
3095 15
3096 27
3097 14
3098 23
3099 12
3100 22
3101 17
3102 28
3103 16
3104 29
3105 20
3106 34
3107 19
3108 35
3109 21
3110 36
3111 32
3112 24
3113 42
3114 26
3115 43
3116 25
3117 44
3118 66
3119 33
3120 53
3121 30
3122 51
3123 31
3124 54
3125 37
3126 61
3127 39
3128 64
3129 38
3130 67
3131 40
3132 70
3133 41
3134 68
3135 47
3136 75
3137 50
3138 76
3139 45
3140 77
3141 49
3142 80
3143 48
3144 81
3145 46
3146 82
3147 52
3148 86
3149 127
3150 55
3151 90
3152 56
3153 94
3154 57
3155 96
3156 66
3157 104
3158 106
3159 98
3160 103
3161 1
3162 2
3163 4
3164 3
3165 6
3166 11
3167 5
3168 9
3169 7
3170 13
3171 10
3172 18
3173 8
3174 15
3175 27
3176 14
3177 23
3178 12
3179 22
3180 17
3181 28
3182 16
3183 29
3184 20
3185 34
3186 19
3187 35
3188 21
3189 36
3190 32
3191 24
3192 42
3193 26
3194 43
3195 25
3196 44
3197 66
3198 33
3199 53
3200 30
3201 51
3202 31
3203 54
3204 37
3205 61
3206 39
3207 64
3208 38
3209 67
3210 40
3211 70
3212 41
3213 68
3214 47
3215 75
3216 50
3217 76
3218 45
3219 77
3220 49
3221 80
3222 48
3223 81
3224 46
3225 82
3226 52
3227 86
3228 127
3229 55
3230 90
3231 56
3232 94
3233 57
3234 96
3235 58
3236 104
3237 59
3238 66
3239 58
3240 63
3241 1
3242 2
3243 4
3244 3
3245 6
3246 11
3247 5
3248 9
3249 7
3250 13
3251 10
3252 18
3253 8
3254 15
3255 27
3256 14
3257 23
3258 12
3259 22
3260 17
3261 28
3262 16
3263 29
3264 20
3265 34
3266 19
3267 35
3268 21
3269 36
3270 32
3271 24
3272 42
3273 26
3274 43
3275 25
3276 44
3277 66
3278 33
3279 53
3280 30
3281 51
3282 31
3283 54
3284 37
3285 61
3286 39
3287 64
3288 38
3289 67
3290 40
3291 70
3292 41
3293 68
3294 47
3295 75
3296 50
3297 76
3298 45
3299 77
3300 49
3301 80
3302 48
3303 81
3304 46
3305 82
3306 52
3307 86
3308 127
3309 55
3310 90
3311 56
3312 94
3313 57
3314 96
3315 58
3316 95
3317 59
3318 100
3319 109
3320 100
3321 105
3322 1
3323 2
3324 4
3325 3
3326 6
3327 11
3328 5
3329 9
3330 7
3331 13
3332 10
3333 18
3334 8
3335 15
3336 27
3337 14
3338 23
3339 12
3340 22
3341 17
3342 28
3343 16
3344 29
3345 20
3346 34
3347 19
3348 35
3349 21
3350 36
3351 32
3352 24
3353 42
3354 26
3355 43
3356 25
3357 44
3358 66
3359 33
3360 53
3361 30
3362 51
3363 31
3364 54
3365 37
3366 61
3367 39
3368 64
3369 38
3370 67
3371 40
3372 70
3373 41
3374 68
3375 47
3376 75
3377 50
3378 76
3379 45
3380 77
3381 49
3382 80
3383 48
3384 81
3385 46
3386 82
3387 52
3388 86
3389 127
3390 55
3391 90
3392 56
3393 94
3394 57
3395 96
3396 58
3397 95
3398 88
3399 100
3400 60
3401 61
3402 72
3403 67
3404 1
3405 2
3406 4
3407 3
3408 6
3409 11
3410 5
3411 9
3412 7
3413 13
3414 10
3415 18
3416 8
3417 15
3418 27
3419 14
3420 23
3421 12
3422 22
3423 17
3424 28
3425 16
3426 29
3427 20
3428 34
3429 19
3430 35
3431 21
3432 36
3433 32
3434 24
3435 42
3436 26
3437 43
3438 25
3439 44
3440 66
3441 33
3442 53
3443 30
3444 51
3445 31
3446 54
3447 37
3448 61
3449 39
3450 64
3451 38
3452 67
3453 40
3454 70
3455 41
3456 68
3457 47
3458 75
3459 50
3460 76
3461 45
3462 77
3463 49
3464 80
3465 48
3466 81
3467 46
3468 82
3469 52
3470 86
3471 127
3472 55
3473 90
3474 56
3475 94
3476 57
3477 96
3478 58
3479 95
3480 88
3481 69
3482 60
3483 103
3484 101
3485 116
3486 110
3487 1
3488 2
3489 4
3490 3
3491 6
3492 11
3493 5
3494 9
3495 7
3496 13
3497 10
3498 18
3499 8
3500 15
3501 27
3502 14
3503 23
3504 12
3505 22
3506 17
3507 28
3508 16
3509 29
3510 20
3511 34
3512 19
3513 35
3514 21
3515 36
3516 32
3517 24
3518 42
3519 26
3520 43
3521 25
3522 44
3523 66
3524 33
3525 53
3526 30
3527 51
3528 31
3529 54
3530 37
3531 61
3532 39
3533 64
3534 38
3535 67
3536 40
3537 70
3538 41
3539 68
3540 47
3541 75
3542 50
3543 76
3544 45
3545 77
3546 49
3547 80
3548 48
3549 81
3550 46
3551 82
3552 52
3553 86
3554 127
3555 55
3556 90
3557 56
3558 94
3559 57
3560 96
3561 58
3562 95
3563 88
3564 69
3565 111
3566 103
3567 61
3568 81
3569 66
3570 66
3571 1
3572 2
3573 4
3574 3
3575 6
3576 11
3577 5
3578 9
3579 7
3580 13
3581 10
3582 18
3583 8
3584 15
3585 27
3586 14
3587 23
3588 12
3589 22
3590 17
3591 28
3592 16
3593 29
3594 20
3595 34
3596 19
3597 35
3598 21
3599 36
3600 32
3601 24
3602 42
3603 26
3604 43
3605 25
3606 44
3607 66
3608 33
3609 53
3610 30
3611 51
3612 31
3613 54
3614 37
3615 61
3616 39
3617 64
3618 38
3619 67
3620 40
3621 70
3622 41
3623 68
3624 47
3625 75
3626 50
3627 76
3628 45
3629 77
3630 49
3631 80
3632 48
3633 81
3634 46
3635 82
3636 52
3637 86
3638 127
3639 55
3640 90
3641 56
3642 94
3643 57
3644 96
3645 58
3646 95
3647 88
3648 69
3649 111
3650 59
3651 61
3652 106
3653 125
3654 109
3655 111
3656 1
3657 2
3658 4
3659 3
3660 6
3661 11
3662 5
3663 9
3664 7
3665 13
3666 10
3667 18
3668 8
3669 15
3670 27
3671 14
3672 23
3673 12
3674 22
3675 17
3676 28
3677 16
3678 29
3679 20
3680 34
3681 19
3682 35
3683 21
3684 36
3685 32
3686 24
3687 42
3688 26
3689 43
3690 25
3691 44
3692 66
3693 33
3694 53
3695 30
3696 51
3697 31
3698 54
3699 37
3700 61
3701 39
3702 64
3703 38
3704 67
3705 40
3706 70
3707 41
3708 68
3709 47
3710 75
3711 50
3712 76
3713 45
3714 77
3715 49
3716 80
3717 48
3718 81
3719 46
3720 82
3721 52
3722 86
3723 127
3724 55
3725 90
3726 56
3727 94
3728 57
3729 96
3730 58
3731 95
3732 88
3733 69
3734 111
3735 59
3736 99
3737 106
3738 87
3739 65
3740 63
3741 70
3742 1
3743 2
3744 4
3745 3
3746 6
3747 11
3748 5
3749 9
3750 7
3751 13
3752 10
3753 18
3754 8
3755 15
3756 27
3757 14
3758 23
3759 12
3760 22
3761 17
3762 28
3763 16
3764 29
3765 20
3766 34
3767 19
3768 35
3769 21
3770 36
3771 32
3772 24
3773 42
3774 26
3775 43
3776 25
3777 44
3778 66
3779 33
3780 53
3781 30
3782 51
3783 31
3784 54
3785 37
3786 61
3787 39
3788 64
3789 38
3790 67
3791 40
3792 70
3793 41
3794 68
3795 47
3796 75
3797 50
3798 76
3799 45
3800 77
3801 49
3802 80
3803 48
3804 81
3805 46
3806 82
3807 52
3808 86
3809 127
3810 55
3811 90
3812 56
3813 94
3814 57
3815 96
3816 58
3817 95
3818 88
3819 69
3820 111
3821 59
3822 99
3823 60
3824 94
3825 75
3826 110
3827 108
3828 114
3829 1
3830 2
3831 4
3832 3
3833 6
3834 11
3835 5
3836 9
3837 7
3838 13
3839 10
3840 18
3841 8
3842 15
3843 27
3844 14
3845 23
3846 12
3847 22
3848 17
3849 28
3850 16
3851 29
3852 20
3853 34
3854 19
3855 35
3856 21
3857 36
3858 32
3859 24
3860 42
3861 26
3862 43
3863 25
3864 44
3865 66
3866 33
3867 53
3868 30
3869 51
3870 31
3871 54
3872 37
3873 61
3874 39
3875 64
3876 38
3877 67
3878 40
3879 70
3880 41
3881 68
3882 47
3883 75
3884 50
3885 76
3886 45
3887 77
3888 49
3889 80
3890 48
3891 81
3892 46
3893 82
3894 52
3895 86
3896 127
3897 55
3898 90
3899 56
3900 94
3901 57
3902 96
3903 58
3904 95
3905 88
3906 69
3907 111
3908 59
3909 99
3910 60
3911 103
3912 75
3913 123
3914 72
3915 90
3916 69
3917 1
3918 2
3919 4
3920 3
3921 6
3922 11
3923 5
3924 9
3925 7
3926 13
3927 10
3928 18
3929 8
3930 15
3931 27
3932 14
3933 23
3934 12
3935 22
3936 17
3937 28
3938 16
3939 29
3940 20
3941 34
3942 19
3943 35
3944 21
3945 36
3946 32
3947 24
3948 42
3949 26
3950 43
3951 25
3952 44
3953 66
3954 33
3955 53
3956 30
3957 51
3958 31
3959 54
3960 37
3961 61
3962 39
3963 64
3964 38
3965 67
3966 40
3967 70
3968 41
3969 68
3970 47
3971 75
3972 50
3973 76
3974 45
3975 77
3976 49
3977 80
3978 48
3979 81
3980 46
3981 82
3982 52
3983 86
3984 127
3985 55
3986 90
3987 56
3988 94
3989 57
3990 96
3991 58
3992 95
3993 88
3994 69
3995 111
3996 59
3997 99
3998 60
3999 103
4000 62
4001 71
4002 62
4003 118
4004 137
4005 115
4006 1
4007 2
4008 4
4009 3
4010 6
4011 11
4012 5
4013 9
4014 7
4015 13
4016 10
4017 18
4018 8
4019 15
4020 27
4021 14
4022 23
4023 12
4024 22
4025 17
4026 28
4027 16
4028 29
4029 20
4030 34
4031 19
4032 35
4033 21
4034 36
4035 32
4036 24
4037 42
4038 26
4039 43
4040 25
4041 44
4042 66
4043 33
4044 53
4045 30
4046 51
4047 31
4048 54
4049 37
4050 61
4051 39
4052 64
4053 38
4054 67
4055 40
4056 70
4057 41
4058 68
4059 47
4060 75
4061 50
4062 76
4063 45
4064 77
4065 49
4066 80
4067 48
4068 81
4069 46
4070 82
4071 52
4072 86
4073 127
4074 55
4075 90
4076 56
4077 94
4078 57
4079 96
4080 58
4081 95
4082 88
4083 69
4084 111
4085 59
4086 99
4087 60
4088 103
4089 62
4090 106
4091 118
4092 108
4093 75
4094 68
4095 72
4096 1
4097 2
4098 4
4099 3
4100 6
4101 11
4102 5
4103 9
4104 7
4105 13
4106 10
4107 18
4108 8
4109 15
4110 27
4111 14
4112 23
4113 12
4114 22
4115 17
4116 28
4117 16
4118 29
4119 20
4120 34
4121 19
4122 35
4123 21
4124 36
4125 32
4126 24
4127 42
4128 26
4129 43
4130 25
4131 44
4132 66
4133 33
4134 53
4135 30
4136 51
4137 31
4138 54
4139 37
4140 61
4141 39
4142 64
4143 38
4144 67
4145 40
4146 70
4147 41
4148 68
4149 47
4150 75
4151 50
4152 76
4153 45
4154 77
4155 49
4156 80
4157 48
4158 81
4159 46
4160 82
4161 52
4162 86
4163 127
4164 55
4165 90
4166 56
4167 94
4168 57
4169 96
4170 58
4171 95
4172 88
4173 69
4174 111
4175 59
4176 99
4177 60
4178 103
4179 62
4180 106
4181 63
4182 62
4183 152
4184 123
4185 114
4186 119
4187 1
4188 2
4189 4
4190 3
4191 6
4192 11
4193 5
4194 9
4195 7
4196 13
4197 10
4198 18
4199 8
4200 15
4201 27
4202 14
4203 23
4204 12
4205 22
4206 17
4207 28
4208 16
4209 29
4210 20
4211 34
4212 19
4213 35
4214 21
4215 36
4216 32
4217 24
4218 42
4219 26
4220 43
4221 25
4222 44
4223 66
4224 33
4225 53
4226 30
4227 51
4228 31
4229 54
4230 37
4231 61
4232 39
4233 64
4234 38
4235 67
4236 40
4237 70
4238 41
4239 68
4240 47
4241 75
4242 50
4243 76
4244 45
4245 77
4246 49
4247 80
4248 48
4249 81
4250 46
4251 82
4252 52
4253 86
4254 127
4255 55
4256 90
4257 56
4258 94
4259 57
4260 96
4261 58
4262 95
4263 88
4264 69
4265 111
4266 59
4267 99
4268 60
4269 103
4270 62
4271 106
4272 63
4273 108
4274 108
4275 68
4276 70
4277 70
4278 89
4279 1
4280 2
4281 4
4282 3
4283 6
4284 11
4285 5
4286 9
4287 7
4288 13
4289 10
4290 18
4291 8
4292 15
4293 27
4294 14
4295 23
4296 12
4297 22
4298 17
4299 28
4300 16
4301 29
4302 20
4303 34
4304 19
4305 35
4306 21
4307 36
4308 32
4309 24
4310 42
4311 26
4312 43
4313 25
4314 44
4315 66
4316 33
4317 53
4318 30
4319 51
4320 31
4321 54
4322 37
4323 61
4324 39
4325 64
4326 38
4327 67
4328 40
4329 70
4330 41
4331 68
4332 47
4333 75
4334 50
4335 76
4336 45
4337 77
4338 49
4339 80
4340 48
4341 81
4342 46
4343 82
4344 52
4345 86
4346 127
4347 55
4348 90
4349 56
4350 94
4351 57
4352 96
4353 58
4354 95
4355 88
4356 69
4357 111
4358 59
4359 99
4360 60
4361 103
4362 62
4363 106
4364 63
4365 108
4366 72
4367 160
4368 117
4369 111
4370 118
4371 137
4372 1
4373 2
4374 4
4375 3
4376 6
4377 11
4378 5
4379 9
4380 7
4381 13
4382 10
4383 18
4384 8
4385 15
4386 27
4387 14
4388 23
4389 12
4390 22
4391 17
4392 28
4393 16
4394 29
4395 20
4396 34
4397 19
4398 35
4399 21
4400 36
4401 32
4402 24
4403 42
4404 26
4405 43
4406 25
4407 44
4408 66
4409 33
4410 53
4411 30
4412 51
4413 31
4414 54
4415 37
4416 61
4417 39
4418 64
4419 38
4420 67
4421 40
4422 70
4423 41
4424 68
4425 47
4426 75
4427 50
4428 76
4429 45
4430 77
4431 49
4432 80
4433 48
4434 81
4435 46
4436 82
4437 52
4438 86
4439 127
4440 55
4441 90
4442 56
4443 94
4444 57
4445 96
4446 58
4447 95
4448 88
4449 69
4450 111
4451 59
4452 99
4453 60
4454 103
4455 62
4456 106
4457 63
4458 108
4459 72
4460 119
4461 77
4462 71
4463 74
4464 93
4465 74
4466 1
4467 2
4468 4
4469 3
4470 6
4471 11
4472 5
4473 9
4474 7
4475 13
4476 10
4477 18
4478 8
4479 15
4480 27
4481 14
4482 23
4483 12
4484 22
4485 17
4486 28
4487 16
4488 29
4489 20
4490 34
4491 19
4492 35
4493 21
4494 36
4495 32
4496 24
4497 42
4498 26
4499 43
4500 25
4501 44
4502 66
4503 33
4504 53
4505 30
4506 51
4507 31
4508 54
4509 37
4510 61
4511 39
4512 64
4513 38
4514 67
4515 40
4516 70
4517 41
4518 68
4519 47
4520 75
4521 50
4522 76
4523 45
4524 77
4525 49
4526 80
4527 48
4528 81
4529 46
4530 82
4531 52
4532 86
4533 127
4534 55
4535 90
4536 56
4537 94
4538 57
4539 96
4540 58
4541 95
4542 88
4543 69
4544 111
4545 59
4546 99
4547 60
4548 103
4549 62
4550 106
4551 63
4552 108
4553 72
4554 119
4555 65
4556 121
4557 118
4558 127
4559 142
4560 123
4561 1
4562 2
4563 4
4564 3
4565 6
4566 11
4567 5
4568 9
4569 7
4570 13
4571 10
4572 18
4573 8
4574 15
4575 27
4576 14
4577 23
4578 12
4579 22
4580 17
4581 28
4582 16
4583 29
4584 20
4585 34
4586 19
4587 35
4588 21
4589 36
4590 32
4591 24
4592 42
4593 26
4594 43
4595 25
4596 44
4597 66
4598 33
4599 53
4600 30
4601 51
4602 31
4603 54
4604 37
4605 61
4606 39
4607 64
4608 38
4609 67
4610 40
4611 70
4612 41
4613 68
4614 47
4615 75
4616 50
4617 76
4618 45
4619 77
4620 49
4621 80
4622 48
4623 81
4624 46
4625 82
4626 52
4627 86
4628 127
4629 55
4630 90
4631 56
4632 94
4633 57
4634 96
4635 58
4636 95
4637 88
4638 69
4639 111
4640 59
4641 99
4642 60
4643 103
4644 62
4645 106
4646 63
4647 108
4648 72
4649 119
4650 65
4651 113
4652 68
4653 79
4654 73
4655 69
4656 76
4657 1
4658 2
4659 4
4660 3
4661 6
4662 11
4663 5
4664 9
4665 7
4666 13
4667 10
4668 18
4669 8
4670 15
4671 27
4672 14
4673 23
4674 12
4675 22
4676 17
4677 28
4678 16
4679 29
4680 20
4681 34
4682 19
4683 35
4684 21
4685 36
4686 32
4687 24
4688 42
4689 26
4690 43
4691 25
4692 44
4693 66
4694 33
4695 53
4696 30
4697 51
4698 31
4699 54
4700 37
4701 61
4702 39
4703 64
4704 38
4705 67
4706 40
4707 70
4708 41
4709 68
4710 47
4711 75
4712 50
4713 76
4714 45
4715 77
4716 49
4717 80
4718 48
4719 81
4720 46
4721 82
4722 52
4723 86
4724 127
4725 55
4726 90
4727 56
4728 94
4729 57
4730 96
4731 58
4732 95
4733 88
4734 69
4735 111
4736 59
4737 99
4738 60
4739 103
4740 62
4741 106
4742 63
4743 108
4744 72
4745 119
4746 65
4747 113
4748 71
4749 116
4750 129
4751 120
4752 119
4753 126
4754 1
4755 2
4756 4
4757 3
4758 6
4759 11
4760 5
4761 9
4762 7
4763 13
4764 10
4765 18
4766 8
4767 15
4768 27
4769 14
4770 23
4771 12
4772 22
4773 17
4774 28
4775 16
4776 29
4777 20
4778 34
4779 19
4780 35
4781 21
4782 36
4783 32
4784 24
4785 42
4786 26
4787 43
4788 25
4789 44
4790 66
4791 33
4792 53
4793 30
4794 51
4795 31
4796 54
4797 37
4798 61
4799 39
4800 64
4801 38
4802 67
4803 40
4804 70
4805 41
4806 68
4807 47
4808 75
4809 50
4810 76
4811 45
4812 77
4813 49
4814 80
4815 48
4816 81
4817 46
4818 82
4819 52
4820 86
4821 127
4822 55
4823 90
4824 56
4825 94
4826 57
4827 96
4828 58
4829 95
4830 88
4831 69
4832 111
4833 59
4834 99
4835 60
4836 103
4837 62
4838 106
4839 63
4840 108
4841 72
4842 119
4843 65
4844 113
4845 71
4846 120
4847 73
4848 72
4849 91
4850 76
4851 77
4852 1
4853 2
4854 4
4855 3
4856 6
4857 11
4858 5
4859 9
4860 7
4861 13
4862 10
4863 18
4864 8
4865 15
4866 27
4867 14
4868 23
4869 12
4870 22
4871 17
4872 28
4873 16
4874 29
4875 20
4876 34
4877 19
4878 35
4879 21
4880 36
4881 32
4882 24
4883 42
4884 26
4885 43
4886 25
4887 44
4888 66
4889 33
4890 53
4891 30
4892 51
4893 31
4894 54
4895 37
4896 61
4897 39
4898 64
4899 38
4900 67
4901 40
4902 70
4903 41
4904 68
4905 47
4906 75
4907 50
4908 76
4909 45
4910 77
4911 49
4912 80
4913 48
4914 81
4915 46
4916 82
4917 52
4918 86
4919 127
4920 55
4921 90
4922 56
4923 94
4924 57
4925 96
4926 58
4927 95
4928 88
4929 69
4930 111
4931 59
4932 99
4933 60
4934 103
4935 62
4936 106
4937 63
4938 108
4939 72
4940 119
4941 65
4942 113
4943 71
4944 120
4945 73
4946 122
4947 125
4948 140
4949 127
4950 128
4951 1
4952 2
4953 4
4954 3
4955 6
4956 11
4957 5
4958 9
4959 7
4960 13
4961 10
4962 18
4963 8
4964 15
4965 27
4966 14
4967 23
4968 12
4969 22
4970 17
4971 28
4972 16
4973 29
4974 20
4975 34
4976 19
4977 35
4978 21
4979 36
4980 32
4981 24
4982 42
4983 26
4984 43
4985 25
4986 44
4987 66
4988 33
4989 53
4990 30
4991 51
4992 31
4993 54
4994 37
4995 61
4996 39
4997 64
4998 38
4999 67
5000 40
5001 70
5002 41
5003 68
5004 47
5005 75
5006 50
5007 76
5008 45
5009 77
5010 49
5011 80
5012 48
5013 81
5014 46
5015 82
5016 52
5017 86
5018 127
5019 55
5020 90
5021 56
5022 94
5023 57
5024 96
5025 58
5026 95
5027 88
5028 69
5029 111
5030 59
5031 99
5032 60
5033 103
5034 62
5035 106
5036 63
5037 108
5038 72
5039 119
5040 65
5041 113
5042 71
5043 120
5044 73
5045 123
5046 72
5047 73
5048 77
5049 78
5050 78
5051 1
5052 2
5053 4
5054 3
5055 6
5056 11
5057 5
5058 9
5059 7
5060 13
5061 10
5062 18
5063 8
5064 15
5065 27
5066 14
5067 23
5068 12
5069 22
5070 17
5071 28
5072 16
5073 29
5074 20
5075 34
5076 19
5077 35
5078 21
5079 36
5080 32
5081 24
5082 42
5083 26
5084 43
5085 25
5086 44
5087 66
5088 33
5089 53
5090 30
5091 51
5092 31
5093 54
5094 37
5095 61
5096 39
5097 64
5098 38
5099 67
5100 40
5101 70
5102 41
5103 68
5104 47
5105 75
5106 50
5107 76
5108 45
5109 77
5110 49
5111 80
5112 48
5113 81
5114 46
5115 82
5116 52
5117 86
5118 127
5119 55
5120 90
5121 56
5122 94
5123 57
5124 96
5125 58
5126 95
5127 88
5128 69
5129 111
5130 59
5131 99
5132 60
5133 103
5134 62
5135 106
5136 63
5137 108
5138 72
5139 119
5140 65
5141 113
5142 71
5143 120
5144 73
5145 123
5146 179
5147 125
5148 124
5149 128
5150 130
5151 130
5152 1
5153 2
5154 4
5155 3
5156 6
5157 11
5158 5
5159 9
5160 7
5161 13
5162 10
5163 18
5164 8
5165 15
5166 27
5167 14
5168 23
5169 12
5170 22
5171 17
5172 28
5173 16
5174 29
5175 20
5176 34
5177 19
5178 35
5179 21
5180 36
5181 32
5182 24
5183 42
5184 26
5185 43
5186 25
5187 44
5188 66
5189 33
5190 53
5191 30
5192 51
5193 31
5194 54
5195 37
5196 61
5197 39
5198 64
5199 38
5200 67
5201 40
5202 70
5203 41
5204 68
5205 47
5206 75
5207 50
5208 76
5209 45
5210 77
5211 49
5212 80
5213 48
5214 81
5215 46
5216 82
5217 52
5218 86
5219 127
5220 55
5221 90
5222 56
5223 94
5224 57
5225 96
5226 58
5227 95
5228 88
5229 69
5230 111
5231 59
5232 99
5233 60
5234 103
5235 62
5236 106
5237 63
5238 108
5239 72
5240 119
5241 65
5242 113
5243 71
5244 120
5245 73
5246 123
5247 179
5248 74
5249 74
5250 74
5251 82
5252 77
5253 183
5254 1
5255 2
5256 4
5257 3
5258 6
5259 11
5260 5
5261 9
5262 7
5263 13
5264 10
5265 18
5266 8
5267 15
5268 27
5269 14
5270 23
5271 12
5272 22
5273 17
5274 28
5275 16
5276 29
5277 20
5278 34
5279 19
5280 35
5281 21
5282 36
5283 32
5284 24
5285 42
5286 26
5287 43
5288 25
5289 44
5290 66
5291 33
5292 53
5293 30
5294 51
5295 31
5296 54
5297 37
5298 61
5299 39
5300 64
5301 38
5302 67
5303 40
5304 70
5305 41
5306 68
5307 47
5308 75
5309 50
5310 76
5311 45
5312 77
5313 49
5314 80
5315 48
5316 81
5317 46
5318 82
5319 52
5320 86
5321 127
5322 55
5323 90
5324 56
5325 94
5326 57
5327 96
5328 58
5329 95
5330 88
5331 69
5332 111
5333 59
5334 99
5335 60
5336 103
5337 62
5338 106
5339 63
5340 108
5341 72
5342 119
5343 65
5344 113
5345 71
5346 120
5347 73
5348 123
5349 179
5350 74
5351 125
5352 128
5353 126
5354 132
5355 131
5356 80
5357 1
5358 2
5359 4
5360 3
5361 6
5362 11
5363 5
5364 9
5365 7
5366 13
5367 10
5368 18
5369 8
5370 15
5371 27
5372 14
5373 23
5374 12
5375 22
5376 17
5377 28
5378 16
5379 29
5380 20
5381 34
5382 19
5383 35
5384 21
5385 36
5386 32
5387 24
5388 42
5389 26
5390 43
5391 25
5392 44
5393 66
5394 33
5395 53
5396 30
5397 51
5398 31
5399 54
5400 37
5401 61
5402 39
5403 64
5404 38
5405 67
5406 40
5407 70
5408 41
5409 68
5410 47
5411 75
5412 50
5413 76
5414 45
5415 77
5416 49
5417 80
5418 48
5419 81
5420 46
5421 82
5422 52
5423 86
5424 127
5425 55
5426 90
5427 56
5428 94
5429 57
5430 96
5431 58
5432 95
5433 88
5434 69
5435 111
5436 59
5437 99
5438 60
5439 103
5440 62
5441 106
5442 63
5443 108
5444 72
5445 119
5446 65
5447 113
5448 71
5449 120
5450 73
5451 123
5452 179
5453 74
5454 125
5455 79
5456 89
5457 78
5458 80
5459 79
5460 134
5461 1
5462 2
5463 4
5464 3
5465 6
5466 11
5467 5
5468 9
5469 7
5470 13
5471 10
5472 18
5473 8
5474 15
5475 27
5476 14
5477 23
5478 12
5479 22
5480 17
5481 28
5482 16
5483 29
5484 20
5485 34
5486 19
5487 35
5488 21
5489 36
5490 32
5491 24
5492 42
5493 26
5494 43
5495 25
5496 44
5497 66
5498 33
5499 53
5500 30
5501 51
5502 31
5503 54
5504 37
5505 61
5506 39
5507 64
5508 38
5509 67
5510 40
5511 70
5512 41
5513 68
5514 47
5515 75
5516 50
5517 76
5518 45
5519 77
5520 49
5521 80
5522 48
5523 81
5524 46
5525 82
5526 52
5527 86
5528 127
5529 55
5530 90
5531 56
5532 94
5533 57
5534 96
5535 58
5536 95
5537 88
5538 69
5539 111
5540 59
5541 99
5542 60
5543 103
5544 62
5545 106
5546 63
5547 108
5548 72
5549 119
5550 65
5551 113
5552 71
5553 120
5554 73
5555 123
5556 179
5557 74
5558 125
5559 79
5560 131
5561 139
5562 134
5563 136
5564 132
5565 81
5566 1
5567 2
5568 4
5569 3
5570 6
5571 11
5572 5
5573 9
5574 7
5575 13
5576 10
5577 18
5578 8
5579 15
5580 27
5581 14
5582 23
5583 12
5584 22
5585 17
5586 28
5587 16
5588 29
5589 20
5590 34
5591 19
5592 35
5593 21
5594 36
5595 32
5596 24
5597 42
5598 26
5599 43
5600 25
5601 44
5602 66
5603 33
5604 53
5605 30
5606 51
5607 31
5608 54
5609 37
5610 61
5611 39
5612 64
5613 38
5614 67
5615 40
5616 70
5617 41
5618 68
5619 47
5620 75
5621 50
5622 76
5623 45
5624 77
5625 49
5626 80
5627 48
5628 81
5629 46
5630 82
5631 52
5632 86
5633 127
5634 55
5635 90
5636 56
5637 94
5638 57
5639 96
5640 58
5641 95
5642 88
5643 69
5644 111
5645 59
5646 99
5647 60
5648 103
5649 62
5650 106
5651 63
5652 108
5653 72
5654 119
5655 65
5656 113
5657 71
5658 120
5659 73
5660 123
5661 179
5662 74
5663 125
5664 79
5665 131
5666 78
5667 78
5668 91
5669 78
5670 84
5671 136
5672 1
5673 2
5674 4
5675 3
5676 6
5677 11
5678 5
5679 9
5680 7
5681 13
5682 10
5683 18
5684 8
5685 15
5686 27
5687 14
5688 23
5689 12
5690 22
5691 17
5692 28
5693 16
5694 29
5695 20
5696 34
5697 19
5698 35
5699 21
5700 36
5701 32
5702 24
5703 42
5704 26
5705 43
5706 25
5707 44
5708 66
5709 33
5710 53
5711 30
5712 51
5713 31
5714 54
5715 37
5716 61
5717 39
5718 64
5719 38
5720 67
5721 40
5722 70
5723 41
5724 68
5725 47
5726 75
5727 50
5728 76
5729 45
5730 77
5731 49
5732 80
5733 48
5734 81
5735 46
5736 82
5737 52
5738 86
5739 127
5740 55
5741 90
5742 56
5743 94
5744 57
5745 96
5746 58
5747 95
5748 88
5749 69
5750 111
5751 59
5752 99
5753 60
5754 103
5755 62
5756 106
5757 63
5758 108
5759 72
5760 119
5761 65
5762 113
5763 71
5764 120
5765 73
5766 123
5767 179
5768 74
5769 125
5770 79
5771 131
5772 78
5773 124
5774 129
5775 83
5776 130
5777 139
5778 85
5779 1
5780 2
5781 4
5782 3
5783 6
5784 11
5785 5
5786 9
5787 7
5788 13
5789 10
5790 18
5791 8
5792 15
5793 27
5794 14
5795 23
5796 12
5797 22
5798 17
5799 28
5800 16
5801 29
5802 20
5803 34
5804 19
5805 35
5806 21
5807 36
5808 32
5809 24
5810 42
5811 26
5812 43
5813 25
5814 44
5815 66
5816 33
5817 53
5818 30
5819 51
5820 31
5821 54
5822 37
5823 61
5824 39
5825 64
5826 38
5827 67
5828 40
5829 70
5830 41
5831 68
5832 47
5833 75
5834 50
5835 76
5836 45
5837 77
5838 49
5839 80
5840 48
5841 81
5842 46
5843 82
5844 52
5845 86
5846 127
5847 55
5848 90
5849 56
5850 94
5851 57
5852 96
5853 58
5854 95
5855 88
5856 69
5857 111
5858 59
5859 99
5860 60
5861 103
5862 62
5863 106
5864 63
5865 108
5866 72
5867 119
5868 65
5869 113
5870 71
5871 120
5872 73
5873 123
5874 179
5875 74
5876 125
5877 79
5878 131
5879 78
5880 124
5881 84
5882 193
5883 138
5884 86
5885 80
5886 141
5887 1
5888 2
5889 4
5890 3
5891 6
5892 11
5893 5
5894 9
5895 7
5896 13
5897 10
5898 18
5899 8
5900 15
5901 27
5902 14
5903 23
5904 12
5905 22
5906 17
5907 28
5908 16
5909 29
5910 20
5911 34
5912 19
5913 35
5914 21
5915 36
5916 32
5917 24
5918 42
5919 26
5920 43
5921 25
5922 44
5923 66
5924 33
5925 53
5926 30
5927 51
5928 31
5929 54
5930 37
5931 61
5932 39
5933 64
5934 38
5935 67
5936 40
5937 70
5938 41
5939 68
5940 47
5941 75
5942 50
5943 76
5944 45
5945 77
5946 49
5947 80
5948 48
5949 81
5950 46
5951 82
5952 52
5953 86
5954 127
5955 55
5956 90
5957 56
5958 94
5959 57
5960 96
5961 58
5962 95
5963 88
5964 69
5965 111
5966 59
5967 99
5968 60
5969 103
5970 62
5971 106
5972 63
5973 108
5974 72
5975 119
5976 65
5977 113
5978 71
5979 120
5980 73
5981 123
5982 179
5983 74
5984 125
5985 79
5986 131
5987 78
5988 124
5989 84
5990 137
5991 83
5992 85
5993 144
5994 138
5995 83
5996 1
5997 2
5998 4
5999 3
6000 6
6001 11
6002 5
6003 9
6004 7
6005 13
6006 10
6007 18
6008 8
6009 15
6010 27
6011 14
6012 23
6013 12
6014 22
6015 17
6016 28
6017 16
6018 29
6019 20
6020 34
6021 19
6022 35
6023 21
6024 36
6025 32
6026 24
6027 42
6028 26
6029 43
6030 25
6031 44
6032 66
6033 33
6034 53
6035 30
6036 51
6037 31
6038 54
6039 37
6040 61
6041 39
6042 64
6043 38
6044 67
6045 40
6046 70
6047 41
6048 68
6049 47
6050 75
6051 50
6052 76
6053 45
6054 77
6055 49
6056 80
6057 48
6058 81
6059 46
6060 82
6061 52
6062 86
6063 127
6064 55
6065 90
6066 56
6067 94
6068 57
6069 96
6070 58
6071 95
6072 88
6073 69
6074 111
6075 59
6076 99
6077 60
6078 103
6079 62
6080 106
6081 63
6082 108
6083 72
6084 119
6085 65
6086 113
6087 71
6088 120
6089 73
6090 123
6091 179
6092 74
6093 125
6094 79
6095 131
6096 78
6097 124
6098 84
6099 137
6100 87
6101 138
6102 143
6103 87
6104 83
6105 140
6106 1
6107 2
6108 4
6109 3
6110 6
6111 11
6112 5
6113 9
6114 7
6115 13
6116 10
6117 18
6118 8
6119 15
6120 27
6121 14
6122 23
6123 12
6124 22
6125 17
6126 28
6127 16
6128 29
6129 20
6130 34
6131 19
6132 35
6133 21
6134 36
6135 32
6136 24
6137 42
6138 26
6139 43
6140 25
6141 44
6142 66
6143 33
6144 53
6145 30
6146 51
6147 31
6148 54
6149 37
6150 61
6151 39
6152 64
6153 38
6154 67
6155 40
6156 70
6157 41
6158 68
6159 47
6160 75
6161 50
6162 76
6163 45
6164 77
6165 49
6166 80
6167 48
6168 81
6169 46
6170 82
6171 52
6172 86
6173 127
6174 55
6175 90
6176 56
6177 94
6178 57
6179 96
6180 58
6181 95
6182 88
6183 69
6184 111
6185 59
6186 99
6187 60
6188 103
6189 62
6190 106
6191 63
6192 108
6193 72
6194 119
6195 65
6196 113
6197 71
6198 120
6199 73
6200 123
6201 179
6202 74
6203 125
6204 79
6205 131
6206 78
6207 124
6208 84
6209 137
6210 87
6211 141
6212 79
6213 77
6214 142
6215 140
6216 86
6217 1
6218 2
6219 4
6220 3
6221 6
6222 11
6223 5
6224 9
6225 7
6226 13
6227 10
6228 18
6229 8
6230 15
6231 27
6232 14
6233 23
6234 12
6235 22
6236 17
6237 28
6238 16
6239 29
6240 20
6241 34
6242 19
6243 35
6244 21
6245 36
6246 32
6247 24
6248 42
6249 26
6250 43
6251 25
6252 44
6253 66
6254 33
6255 53
6256 30
6257 51
6258 31
6259 54
6260 37
6261 61
6262 39
6263 64
6264 38
6265 67
6266 40
6267 70
6268 41
6269 68
6270 47
6271 75
6272 50
6273 76
6274 45
6275 77
6276 49
6277 80
6278 48
6279 81
6280 46
6281 82
6282 52
6283 86
6284 127
6285 55
6286 90
6287 56
6288 94
6289 57
6290 96
6291 58
6292 95
6293 88
6294 69
6295 111
6296 59
6297 99
6298 60
6299 103
6300 62
6301 106
6302 63
6303 108
6304 72
6305 119
6306 65
6307 113
6308 71
6309 120
6310 73
6311 123
6312 179
6313 74
6314 125
6315 79
6316 131
6317 78
6318 124
6319 84
6320 137
6321 87
6322 141
6323 83
6324 136
6325 136
6326 203
6327 89
6328 144
6329 1
6330 2
6331 4
6332 3
6333 6
6334 11
6335 5
6336 9
6337 7
6338 13
6339 10
6340 18
6341 8
6342 15
6343 27
6344 14
6345 23
6346 12
6347 22
6348 17
6349 28
6350 16
6351 29
6352 20
6353 34
6354 19
6355 35
6356 21
6357 36
6358 32
6359 24
6360 42
6361 26
6362 43
6363 25
6364 44
6365 66
6366 33
6367 53
6368 30
6369 51
6370 31
6371 54
6372 37
6373 61
6374 39
6375 64
6376 38
6377 67
6378 40
6379 70
6380 41
6381 68
6382 47
6383 75
6384 50
6385 76
6386 45
6387 77
6388 49
6389 80
6390 48
6391 81
6392 46
6393 82
6394 52
6395 86
6396 127
6397 55
6398 90
6399 56
6400 94
6401 57
6402 96
6403 58
6404 95
6405 88
6406 69
6407 111
6408 59
6409 99
6410 60
6411 103
6412 62
6413 106
6414 63
6415 108
6416 72
6417 119
6418 65
6419 113
6420 71
6421 120
6422 73
6423 123
6424 179
6425 74
6426 125
6427 79
6428 131
6429 78
6430 124
6431 84
6432 137
6433 87
6434 141
6435 83
6436 138
6437 87
6438 89
6439 89
6440 148
6441 87
6442 1
6443 2
6444 4
6445 3
6446 6
6447 11
6448 5
6449 9
6450 7
6451 13
6452 10
6453 18
6454 8
6455 15
6456 27
6457 14
6458 23
6459 12
6460 22
6461 17
6462 28
6463 16
6464 29
6465 20
6466 34
6467 19
6468 35
6469 21
6470 36
6471 32
6472 24
6473 42
6474 26
6475 43
6476 25
6477 44
6478 66
6479 33
6480 53
6481 30
6482 51
6483 31
6484 54
6485 37
6486 61
6487 39
6488 64
6489 38
6490 67
6491 40
6492 70
6493 41
6494 68
6495 47
6496 75
6497 50
6498 76
6499 45
6500 77
6501 49
6502 80
6503 48
6504 81
6505 46
6506 82
6507 52
6508 86
6509 127
6510 55
6511 90
6512 56
6513 94
6514 57
6515 96
6516 58
6517 95
6518 88
6519 69
6520 111
6521 59
6522 99
6523 60
6524 103
6525 62
6526 106
6527 63
6528 108
6529 72
6530 119
6531 65
6532 113
6533 71
6534 120
6535 73
6536 123
6537 179
6538 74
6539 125
6540 79
6541 131
6542 78
6543 124
6544 84
6545 137
6546 87
6547 141
6548 83
6549 138
6550 89
6551 145
6552 150
6553 143
6554 88
6555 146
6556 1
6557 2
6558 4
6559 3
6560 6
6561 11
6562 5
6563 9
6564 7
6565 13
6566 10
6567 18
6568 8
6569 15
6570 27
6571 14
6572 23
6573 12
6574 22
6575 17
6576 28
6577 16
6578 29
6579 20
6580 34
6581 19
6582 35
6583 21
6584 36
6585 32
6586 24
6587 42
6588 26
6589 43
6590 25
6591 44
6592 66
6593 33
6594 53
6595 30
6596 51
6597 31
6598 54
6599 37
6600 61
6601 39
6602 64
6603 38
6604 67
6605 40
6606 70
6607 41
6608 68
6609 47
6610 75
6611 50
6612 76
6613 45
6614 77
6615 49
6616 80
6617 48
6618 81
6619 46
6620 82
6621 52
6622 86
6623 127
6624 55
6625 90
6626 56
6627 94
6628 57
6629 96
6630 58
6631 95
6632 88
6633 69
6634 111
6635 59
6636 99
6637 60
6638 103
6639 62
6640 106
6641 63
6642 108
6643 72
6644 119
6645 65
6646 113
6647 71
6648 120
6649 73
6650 123
6651 179
6652 74
6653 125
6654 79
6655 131
6656 78
6657 124
6658 84
6659 137
6660 87
6661 141
6662 83
6663 138
6664 89
6665 146
6666 85
6667 86
6668 92
6669 144
6670 91
6671 1
6672 2
6673 4
6674 3
6675 6
6676 11
6677 5
6678 9
6679 7
6680 13
6681 10
6682 18
6683 8
6684 15
6685 27
6686 14
6687 23
6688 12
6689 22
6690 17
6691 28
6692 16
6693 29
6694 20
6695 34
6696 19
6697 35
6698 21
6699 36
6700 32
6701 24
6702 42
6703 26
6704 43
6705 25
6706 44
6707 66
6708 33
6709 53
6710 30
6711 51
6712 31
6713 54
6714 37
6715 61
6716 39
6717 64
6718 38
6719 67
6720 40
6721 70
6722 41
6723 68
6724 47
6725 75
6726 50
6727 76
6728 45
6729 77
6730 49
6731 80
6732 48
6733 81
6734 46
6735 82
6736 52
6737 86
6738 127
6739 55
6740 90
6741 56
6742 94
6743 57
6744 96
6745 58
6746 95
6747 88
6748 69
6749 111
6750 59
6751 99
6752 60
6753 103
6754 62
6755 106
6756 63
6757 108
6758 72
6759 119
6760 65
6761 113
6762 71
6763 120
6764 73
6765 123
6766 179
6767 74
6768 125
6769 79
6770 131
6771 78
6772 124
6773 84
6774 137
6775 87
6776 141
6777 83
6778 138
6779 89
6780 146
6781 85
6782 144
6783 140
6784 152
6785 102
6786 151
6787 1
6788 2
6789 4
6790 3
6791 6
6792 11
6793 5
6794 9
6795 7
6796 13
6797 10
6798 18
6799 8
6800 15
6801 27
6802 14
6803 23
6804 12
6805 22
6806 17
6807 28
6808 16
6809 29
6810 20
6811 34
6812 19
6813 35
6814 21
6815 36
6816 32
6817 24
6818 42
6819 26
6820 43
6821 25
6822 44
6823 66
6824 33
6825 53
6826 30
6827 51
6828 31
6829 54
6830 37
6831 61
6832 39
6833 64
6834 38
6835 67
6836 40
6837 70
6838 41
6839 68
6840 47
6841 75
6842 50
6843 76
6844 45
6845 77
6846 49
6847 80
6848 48
6849 81
6850 46
6851 82
6852 52
6853 86
6854 127
6855 55
6856 90
6857 56
6858 94
6859 57
6860 96
6861 58
6862 95
6863 88
6864 69
6865 111
6866 59
6867 99
6868 60
6869 103
6870 62
6871 106
6872 63
6873 108
6874 72
6875 119
6876 65
6877 113
6878 71
6879 120
6880 73
6881 123
6882 179
6883 74
6884 125
6885 79
6886 131
6887 78
6888 124
6889 84
6890 137
6891 87
6892 141
6893 83
6894 138
6895 89
6896 146
6897 85
6898 143
6899 86
6900 105
6901 90
6902 162
6903 92
6904 1
6905 2
6906 4
6907 3
6908 6
6909 11
6910 5
6911 9
6912 7
6913 13
6914 10
6915 18
6916 8
6917 15
6918 27
6919 14
6920 23
6921 12
6922 22
6923 17
6924 28
6925 16
6926 29
6927 20
6928 34
6929 19
6930 35
6931 21
6932 36
6933 32
6934 24
6935 42
6936 26
6937 43
6938 25
6939 44
6940 66
6941 33
6942 53
6943 30
6944 51
6945 31
6946 54
6947 37
6948 61
6949 39
6950 64
6951 38
6952 67
6953 40
6954 70
6955 41
6956 68
6957 47
6958 75
6959 50
6960 76
6961 45
6962 77
6963 49
6964 80
6965 48
6966 81
6967 46
6968 82
6969 52
6970 86
6971 127
6972 55
6973 90
6974 56
6975 94
6976 57
6977 96
6978 58
6979 95
6980 88
6981 69
6982 111
6983 59
6984 99
6985 60
6986 103
6987 62
6988 106
6989 63
6990 108
6991 72
6992 119
6993 65
6994 113
6995 71
6996 120
6997 73
6998 123
6999 179
7000 74
7001 125
7002 79
7003 131
7004 78
7005 124
7006 84
7007 137
7008 87
7009 141
7010 83
7011 138
7012 89
7013 146
7014 85
7015 143
7016 92
7017 142
7018 101
7019 147
7020 91
7021 153
7022 1
7023 2
7024 4
7025 3
7026 6
7027 11
7028 5
7029 9
7030 7
7031 13
7032 10
7033 18
7034 8
7035 15
7036 27
7037 14
7038 23
7039 12
7040 22
7041 17
7042 28
7043 16
7044 29
7045 20
7046 34
7047 19
7048 35
7049 21
7050 36
7051 32
7052 24
7053 42
7054 26
7055 43
7056 25
7057 44
7058 66
7059 33
7060 53
7061 30
7062 51
7063 31
7064 54
7065 37
7066 61
7067 39
7068 64
7069 38
7070 67
7071 40
7072 70
7073 41
7074 68
7075 47
7076 75
7077 50
7078 76
7079 45
7080 77
7081 49
7082 80
7083 48
7084 81
7085 46
7086 82
7087 52
7088 86
7089 127
7090 55
7091 90
7092 56
7093 94
7094 57
7095 96
7096 58
7097 95
7098 88
7099 69
7100 111
7101 59
7102 99
7103 60
7104 103
7105 62
7106 106
7107 63
7108 108
7109 72
7110 119
7111 65
7112 113
7113 71
7114 120
7115 73
7116 123
7117 179
7118 74
7119 125
7120 79
7121 131
7122 78
7123 124
7124 84
7125 137
7126 87
7127 141
7128 83
7129 138
7130 89
7131 146
7132 85
7133 143
7134 92
7135 151
7136 96
7137 158
7138 98
7139 152
7140 97
7141 1
7142 2
7143 4
7144 3
7145 6
7146 11
7147 5
7148 9
7149 7
7150 13
7151 10
7152 18
7153 8
7154 15
7155 27
7156 14
7157 23
7158 12
7159 22
7160 17
7161 28
7162 16
7163 29
7164 20
7165 34
7166 19
7167 35
7168 21
7169 36
7170 32
7171 24
7172 42
7173 26
7174 43
7175 25
7176 44
7177 66
7178 33
7179 53
7180 30
7181 51
7182 31
7183 54
7184 37
7185 61
7186 39
7187 64
7188 38
7189 67
7190 40
7191 70
7192 41
7193 68
7194 47
7195 75
7196 50
7197 76
7198 45
7199 77
7200 49
7201 80
7202 48
7203 81
7204 46
7205 82
7206 52
7207 86
7208 127
7209 55
7210 90
7211 56
7212 94
7213 57
7214 96
7215 58
7216 95
7217 88
7218 69
7219 111
7220 59
7221 99
7222 60
7223 103
7224 62
7225 106
7226 63
7227 108
7228 72
7229 119
7230 65
7231 113
7232 71
7233 120
7234 73
7235 123
7236 179
7237 74
7238 125
7239 79
7240 131
7241 78
7242 124
7243 84
7244 137
7245 87
7246 141
7247 83
7248 138
7249 89
7250 146
7251 85
7252 143
7253 92
7254 151
7255 91
7256 156
7257 96
7258 162
7259 96
7260 159
7261 1
7262 2
7263 4
7264 3
7265 6
7266 11
7267 5
7268 9
7269 7
7270 13
7271 10
7272 18
7273 8
7274 15
7275 27
7276 14
7277 23
7278 12
7279 22
7280 17
7281 28
7282 16
7283 29
7284 20
7285 34
7286 19
7287 35
7288 21
7289 36
7290 32
7291 24
7292 42
7293 26
7294 43
7295 25
7296 44
7297 66
7298 33
7299 53
7300 30
7301 51
7302 31
7303 54
7304 37
7305 61
7306 39
7307 64
7308 38
7309 67
7310 40
7311 70
7312 41
7313 68
7314 47
7315 75
7316 50
7317 76
7318 45
7319 77
7320 49
7321 80
7322 48
7323 81
7324 46
7325 82
7326 52
7327 86
7328 127
7329 55
7330 90
7331 56
7332 94
7333 57
7334 96
7335 58
7336 95
7337 88
7338 69
7339 111
7340 59
7341 99
7342 60
7343 103
7344 62
7345 106
7346 63
7347 108
7348 72
7349 119
7350 65
7351 113
7352 71
7353 120
7354 73
7355 123
7356 179
7357 74
7358 125
7359 79
7360 131
7361 78
7362 124
7363 84
7364 137
7365 87
7366 141
7367 83
7368 138
7369 89
7370 146
7371 85
7372 143
7373 92
7374 151
7375 91
7376 152
7377 90
7378 156
7379 93
7380 158
7381 95
7382 1
7383 2
7384 4
7385 3
7386 6
7387 11
7388 5
7389 9
7390 7
7391 13
7392 10
7393 18
7394 8
7395 15
7396 27
7397 14
7398 23
7399 12
7400 22
7401 17
7402 28
7403 16
7404 29
7405 20
7406 34
7407 19
7408 35
7409 21
7410 36
7411 32
7412 24
7413 42
7414 26
7415 43
7416 25
7417 44
7418 66
7419 33
7420 53
7421 30
7422 51
7423 31
7424 54
7425 37
7426 61
7427 39
7428 64
7429 38
7430 67
7431 40
7432 70
7433 41
7434 68
7435 47
7436 75
7437 50
7438 76
7439 45
7440 77
7441 49
7442 80
7443 48
7444 81
7445 46
7446 82
7447 52
7448 86
7449 127
7450 55
7451 90
7452 56
7453 94
7454 57
7455 96
7456 58
7457 95
7458 88
7459 69
7460 111
7461 59
7462 99
7463 60
7464 103
7465 62
7466 106
7467 63
7468 108
7469 72
7470 119
7471 65
7472 113
7473 71
7474 120
7475 73
7476 123
7477 179
7478 74
7479 125
7480 79
7481 131
7482 78
7483 124
7484 84
7485 137
7486 87
7487 141
7488 83
7489 138
7490 89
7491 146
7492 85
7493 143
7494 92
7495 151
7496 91
7497 152
7498 93
7499 152
7500 98
7501 155
7502 95
7503 158
7504 1
7505 2
7506 4
7507 3
7508 6
7509 11
7510 5
7511 9
7512 7
7513 13
7514 10
7515 18
7516 8
7517 15
7518 27
7519 14
7520 23
7521 12
7522 22
7523 17
7524 28
7525 16
7526 29
7527 20
7528 34
7529 19
7530 35
7531 21
7532 36
7533 32
7534 24
7535 42
7536 26
7537 43
7538 25
7539 44
7540 66
7541 33
7542 53
7543 30
7544 51
7545 31
7546 54
7547 37
7548 61
7549 39
7550 64
7551 38
7552 67
7553 40
7554 70
7555 41
7556 68
7557 47
7558 75
7559 50
7560 76
7561 45
7562 77
7563 49
7564 80
7565 48
7566 81
7567 46
7568 82
7569 52
7570 86
7571 127
7572 55
7573 90
7574 56
7575 94
7576 57
7577 96
7578 58
7579 95
7580 88
7581 69
7582 111
7583 59
7584 99
7585 60
7586 103
7587 62
7588 106
7589 63
7590 108
7591 72
7592 119
7593 65
7594 113
7595 71
7596 120
7597 73
7598 123
7599 179
7600 74
7601 125
7602 79
7603 131
7604 78
7605 124
7606 84
7607 137
7608 87
7609 141
7610 83
7611 138
7612 89
7613 146
7614 85
7615 143
7616 92
7617 151
7618 91
7619 152
7620 93
7621 156
7622 98
7623 161
7624 100
7625 159
7626 106
7627 1
7628 2
7629 4
7630 3
7631 6
7632 11
7633 5
7634 9
7635 7
7636 13
7637 10
7638 18
7639 8
7640 15
7641 27
7642 14
7643 23
7644 12
7645 22
7646 17
7647 28
7648 16
7649 29
7650 20
7651 34
7652 19
7653 35
7654 21
7655 36
7656 32
7657 24
7658 42
7659 26
7660 43
7661 25
7662 44
7663 66
7664 33
7665 53
7666 30
7667 51
7668 31
7669 54
7670 37
7671 61
7672 39
7673 64
7674 38
7675 67
7676 40
7677 70
7678 41
7679 68
7680 47
7681 75
7682 50
7683 76
7684 45
7685 77
7686 49
7687 80
7688 48
7689 81
7690 46
7691 82
7692 52
7693 86
7694 127
7695 55
7696 90
7697 56
7698 94
7699 57
7700 96
7701 58
7702 95
7703 88
7704 69
7705 111
7706 59
7707 99
7708 60
7709 103
7710 62
7711 106
7712 63
7713 108
7714 72
7715 119
7716 65
7717 113
7718 71
7719 120
7720 73
7721 123
7722 179
7723 74
7724 125
7725 79
7726 131
7727 78
7728 124
7729 84
7730 137
7731 87
7732 141
7733 83
7734 138
7735 89
7736 146
7737 85
7738 143
7739 92
7740 151
7741 91
7742 152
7743 93
7744 156
7745 228
7746 161
7747 90
7748 163
7749 105
7750 170
7751 1
7752 2
7753 4
7754 3
7755 6
7756 11
7757 5
7758 9
7759 7
7760 13
7761 10
7762 18
7763 8
7764 15
7765 27
7766 14
7767 23
7768 12
7769 22
7770 17
7771 28
7772 16
7773 29
7774 20
7775 34
7776 19
7777 35
7778 21
7779 36
7780 32
7781 24
7782 42
7783 26
7784 43
7785 25
7786 44
7787 66
7788 33
7789 53
7790 30
7791 51
7792 31
7793 54
7794 37
7795 61
7796 39
7797 64
7798 38
7799 67
7800 40
7801 70
7802 41
7803 68
7804 47
7805 75
7806 50
7807 76
7808 45
7809 77
7810 49
7811 80
7812 48
7813 81
7814 46
7815 82
7816 52
7817 86
7818 127
7819 55
7820 90
7821 56
7822 94
7823 57
7824 96
7825 58
7826 95
7827 88
7828 69
7829 111
7830 59
7831 99
7832 60
7833 103
7834 62
7835 106
7836 63
7837 108
7838 72
7839 119
7840 65
7841 113
7842 71
7843 120
7844 73
7845 123
7846 179
7847 74
7848 125
7849 79
7850 131
7851 78
7852 124
7853 84
7854 137
7855 87
7856 141
7857 83
7858 138
7859 89
7860 146
7861 85
7862 143
7863 92
7864 151
7865 91
7866 152
7867 93
7868 156
7869 228
7870 97
7871 91
7872 154
7873 95
7874 170
7875 96
7876 1
7877 2
7878 4
7879 3
7880 6
7881 11
7882 5
7883 9
7884 7
7885 13
7886 10
7887 18
7888 8
7889 15
7890 27
7891 14
7892 23
7893 12
7894 22
7895 17
7896 28
7897 16
7898 29
7899 20
7900 34
7901 19
7902 35
7903 21
7904 36
7905 32
7906 24
7907 42
7908 26
7909 43
7910 25
7911 44
7912 66
7913 33
7914 53
7915 30
7916 51
7917 31
7918 54
7919 37
7920 61
7921 39
7922 64
7923 38
7924 67
7925 40
7926 70
7927 41
7928 68
7929 47
7930 75
7931 50
7932 76
7933 45
7934 77
7935 49
7936 80
7937 48
7938 81
7939 46
7940 82
7941 52
7942 86
7943 127
7944 55
7945 90
7946 56
7947 94
7948 57
7949 96
7950 58
7951 95
7952 88
7953 69
7954 111
7955 59
7956 99
7957 60
7958 103
7959 62
7960 106
7961 63
7962 108
7963 72
7964 119
7965 65
7966 113
7967 71
7968 120
7969 73
7970 123
7971 179
7972 74
7973 125
7974 79
7975 131
7976 78
7977 124
7978 84
7979 137
7980 87
7981 141
7982 83
7983 138
7984 89
7985 146
7986 85
7987 143
7988 92
7989 151
7990 91
7991 152
7992 93
7993 156
7994 228
7995 97
7996 157
7997 157
7998 232
7999 154
8000 103
8001 161
8002 1
8003 2
8004 4
8005 3
8006 6
8007 11
8008 5
8009 9
8010 7
8011 13
8012 10
8013 18
8014 8
8015 15
8016 27
8017 14
8018 23
8019 12
8020 22
8021 17
8022 28
8023 16
8024 29
8025 20
8026 34
8027 19
8028 35
8029 21
8030 36
8031 32
8032 24
8033 42
8034 26
8035 43
8036 25
8037 44
8038 66
8039 33
8040 53
8041 30
8042 51
8043 31
8044 54
8045 37
8046 61
8047 39
8048 64
8049 38
8050 67
8051 40
8052 70
8053 41
8054 68
8055 47
8056 75
8057 50
8058 76
8059 45
8060 77
8061 49
8062 80
8063 48
8064 81
8065 46
8066 82
8067 52
8068 86
8069 127
8070 55
8071 90
8072 56
8073 94
8074 57
8075 96
8076 58
8077 95
8078 88
8079 69
8080 111
8081 59
8082 99
8083 60
8084 103
8085 62
8086 106
8087 63
8088 108
8089 72
8090 119
8091 65
8092 113
8093 71
8094 120
8095 73
8096 123
8097 179
8098 74
8099 125
8100 79
8101 131
8102 78
8103 124
8104 84
8105 137
8106 87
8107 141
8108 83
8109 138
8110 89
8111 146
8112 85
8113 143
8114 92
8115 151
8116 91
8117 152
8118 93
8119 156
8120 228
8121 97
8122 157
8123 100
8124 102
8125 94
8126 104
8127 166
8128 101
8129 1
8130 2
8131 4
8132 3
8133 6
8134 11
8135 5
8136 9
8137 7
8138 13
8139 10
8140 18
8141 8
8142 15
8143 27
8144 14
8145 23
8146 12
8147 22
8148 17
8149 28
8150 16
8151 29
8152 20
8153 34
8154 19
8155 35
8156 21
8157 36
8158 32
8159 24
8160 42
8161 26
8162 43
8163 25
8164 44
8165 66
8166 33
8167 53
8168 30
8169 51
8170 31
8171 54
8172 37
8173 61
8174 39
8175 64
8176 38
8177 67
8178 40
8179 70
8180 41
8181 68
8182 47
8183 75
8184 50
8185 76
8186 45
8187 77
8188 49
8189 80
8190 48
8191 81
8192 46
8193 82
8194 52
8195 86
8196 127
8197 55
8198 90
8199 56
8200 94
8201 57
8202 96
8203 58
8204 95
8205 88
8206 69
8207 111
8208 59
8209 99
8210 60
8211 103
8212 62
8213 106
8214 63
8215 108
8216 72
8217 119
8218 65
8219 113
8220 71
8221 120
8222 73
8223 123
8224 179
8225 74
8226 125
8227 79
8228 131
8229 78
8230 124
8231 84
8232 137
8233 87
8234 141
8235 83
8236 138
8237 89
8238 146
8239 85
8240 143
8241 92
8242 151
8243 91
8244 152
8245 93
8246 156
8247 228
8248 97
8249 157
8250 100
8251 167
8252 169
8253 159
8254 170
8255 101
8256 167
8257 1
8258 2
8259 4
8260 3
8261 6
8262 11
8263 5
8264 9
8265 7
8266 13
8267 10
8268 18
8269 8
8270 15
8271 27
8272 14
8273 23
8274 12
8275 22
8276 17
8277 28
8278 16
8279 29
8280 20
8281 34
8282 19
8283 35
8284 21
8285 36
8286 32
8287 24
8288 42
8289 26
8290 43
8291 25
8292 44
8293 66
8294 33
8295 53
8296 30
8297 51
8298 31
8299 54
8300 37
8301 61
8302 39
8303 64
8304 38
8305 67
8306 40
8307 70
8308 41
8309 68
8310 47
8311 75
8312 50
8313 76
8314 45
8315 77
8316 49
8317 80
8318 48
8319 81
8320 46
8321 82
8322 52
8323 86
8324 127
8325 55
8326 90
8327 56
8328 94
8329 57
8330 96
8331 58
8332 95
8333 88
8334 69
8335 111
8336 59
8337 99
8338 60
8339 103
8340 62
8341 106
8342 63
8343 108
8344 72
8345 119
8346 65
8347 113
8348 71
8349 120
8350 73
8351 123
8352 179
8353 74
8354 125
8355 79
8356 131
8357 78
8358 124
8359 84
8360 137
8361 87
8362 141
8363 83
8364 138
8365 89
8366 146
8367 85
8368 143
8369 92
8370 151
8371 91
8372 152
8373 93
8374 156
8375 228
8376 97
8377 157
8378 100
8379 167
8380 98
8381 97
8382 110
8383 97
8384 167
8385 99
8386 1
8387 2
8388 4
8389 3
8390 6
8391 11
8392 5
8393 9
8394 7
8395 13
8396 10
8397 18
8398 8
8399 15
8400 27
8401 14
8402 23
8403 12
8404 22
8405 17
8406 28
8407 16
8408 29
8409 20
8410 34
8411 19
8412 35
8413 21
8414 36
8415 32
8416 24
8417 42
8418 26
8419 43
8420 25
8421 44
8422 66
8423 33
8424 53
8425 30
8426 51
8427 31
8428 54
8429 37
8430 61
8431 39
8432 64
8433 38
8434 67
8435 40
8436 70
8437 41
8438 68
8439 47
8440 75
8441 50
8442 76
8443 45
8444 77
8445 49
8446 80
8447 48
8448 81
8449 46
8450 82
8451 52
8452 86
8453 127
8454 55
8455 90
8456 56
8457 94
8458 57
8459 96
8460 58
8461 95
8462 88
8463 69
8464 111
8465 59
8466 99
8467 60
8468 103
8469 62
8470 106
8471 63
8472 108
8473 72
8474 119
8475 65
8476 113
8477 71
8478 120
8479 73
8480 123
8481 179
8482 74
8483 125
8484 79
8485 131
8486 78
8487 124
8488 84
8489 137
8490 87
8491 141
8492 83
8493 138
8494 89
8495 146
8496 85
8497 143
8498 92
8499 151
8500 91
8501 152
8502 93
8503 156
8504 228
8505 97
8506 157
8507 100
8508 167
8509 98
8510 160
8511 158
8512 176
8513 164
8514 99
8515 166
8516 1
8517 2
8518 4
8519 3
8520 6
8521 11
8522 5
8523 9
8524 7
8525 13
8526 10
8527 18
8528 8
8529 15
8530 27
8531 14
8532 23
8533 12
8534 22
8535 17
8536 28
8537 16
8538 29
8539 20
8540 34
8541 19
8542 35
8543 21
8544 36
8545 32
8546 24
8547 42
8548 26
8549 43
8550 25
8551 44
8552 66
8553 33
8554 53
8555 30
8556 51
8557 31
8558 54
8559 37
8560 61
8561 39
8562 64
8563 38
8564 67
8565 40
8566 70
8567 41
8568 68
8569 47
8570 75
8571 50
8572 76
8573 45
8574 77
8575 49
8576 80
8577 48
8578 81
8579 46
8580 82
8581 52
8582 86
8583 127
8584 55
8585 90
8586 56
8587 94
8588 57
8589 96
8590 58
8591 95
8592 88
8593 69
8594 111
8595 59
8596 99
8597 60
8598 103
8599 62
8600 106
8601 63
8602 108
8603 72
8604 119
8605 65
8606 113
8607 71
8608 120
8609 73
8610 123
8611 179
8612 74
8613 125
8614 79
8615 131
8616 78
8617 124
8618 84
8619 137
8620 87
8621 141
8622 83
8623 138
8624 89
8625 146
8626 85
8627 143
8628 92
8629 151
8630 91
8631 152
8632 93
8633 156
8634 228
8635 97
8636 157
8637 100
8638 167
8639 98
8640 160
8641 115
8642 110
8643 99
8644 103
8645 168
8646 118
8647 1
8648 2
8649 4
8650 3
8651 6
8652 11
8653 5
8654 9
8655 7
8656 13
8657 10
8658 18
8659 8
8660 15
8661 27
8662 14
8663 23
8664 12
8665 22
8666 17
8667 28
8668 16
8669 29
8670 20
8671 34
8672 19
8673 35
8674 21
8675 36
8676 32
8677 24
8678 42
8679 26
8680 43
8681 25
8682 44
8683 66
8684 33
8685 53
8686 30
8687 51
8688 31
8689 54
8690 37
8691 61
8692 39
8693 64
8694 38
8695 67
8696 40
8697 70
8698 41
8699 68
8700 47
8701 75
8702 50
8703 76
8704 45
8705 77
8706 49
8707 80
8708 48
8709 81
8710 46
8711 82
8712 52
8713 86
8714 127
8715 55
8716 90
8717 56
8718 94
8719 57
8720 96
8721 58
8722 95
8723 88
8724 69
8725 111
8726 59
8727 99
8728 60
8729 103
8730 62
8731 106
8732 63
8733 108
8734 72
8735 119
8736 65
8737 113
8738 71
8739 120
8740 73
8741 123
8742 179
8743 74
8744 125
8745 79
8746 131
8747 78
8748 124
8749 84
8750 137
8751 87
8752 141
8753 83
8754 138
8755 89
8756 146
8757 85
8758 143
8759 92
8760 151
8761 91
8762 152
8763 93
8764 156
8765 228
8766 97
8767 157
8768 100
8769 167
8770 98
8771 160
8772 115
8773 181
8774 175
8775 166
8776 168
8777 104
8778 186
8779 1
8780 2
8781 4
8782 3
8783 6
8784 11
8785 5
8786 9
8787 7
8788 13
8789 10
8790 18
8791 8
8792 15
8793 27
8794 14
8795 23
8796 12
8797 22
8798 17
8799 28
8800 16
8801 29
8802 20
8803 34
8804 19
8805 35
8806 21
8807 36
8808 32
8809 24
8810 42
8811 26
8812 43
8813 25
8814 44
8815 66
8816 33
8817 53
8818 30
8819 51
8820 31
8821 54
8822 37
8823 61
8824 39
8825 64
8826 38
8827 67
8828 40
8829 70
8830 41
8831 68
8832 47
8833 75
8834 50
8835 76
8836 45
8837 77
8838 49
8839 80
8840 48
8841 81
8842 46
8843 82
8844 52
8845 86
8846 127
8847 55
8848 90
8849 56
8850 94
8851 57
8852 96
8853 58
8854 95
8855 88
8856 69
8857 111
8858 59
8859 99
8860 60
8861 103
8862 62
8863 106
8864 63
8865 108
8866 72
8867 119
8868 65
8869 113
8870 71
8871 120
8872 73
8873 123
8874 179
8875 74
8876 125
8877 79
8878 131
8879 78
8880 124
8881 84
8882 137
8883 87
8884 141
8885 83
8886 138
8887 89
8888 146
8889 85
8890 143
8891 92
8892 151
8893 91
8894 152
8895 93
8896 156
8897 228
8898 97
8899 157
8900 100
8901 167
8902 98
8903 160
8904 115
8905 181
8906 101
8907 99
8908 97
8909 112
8910 174
8911 102
8912 1
8913 2
8914 4
8915 3
8916 6
8917 11
8918 5
8919 9
8920 7
8921 13
8922 10
8923 18
8924 8
8925 15
8926 27
8927 14
8928 23
8929 12
8930 22
8931 17
8932 28
8933 16
8934 29
8935 20
8936 34
8937 19
8938 35
8939 21
8940 36
8941 32
8942 24
8943 42
8944 26
8945 43
8946 25
8947 44
8948 66
8949 33
8950 53
8951 30
8952 51
8953 31
8954 54
8955 37
8956 61
8957 39
8958 64
8959 38
8960 67
8961 40
8962 70
8963 41
8964 68
8965 47
8966 75
8967 50
8968 76
8969 45
8970 77
8971 49
8972 80
8973 48
8974 81
8975 46
8976 82
8977 52
8978 86
8979 127
8980 55
8981 90
8982 56
8983 94
8984 57
8985 96
8986 58
8987 95
8988 88
8989 69
8990 111
8991 59
8992 99
8993 60
8994 103
8995 62
8996 106
8997 63
8998 108
8999 72
9000 119
9001 65
9002 113
9003 71
9004 120
9005 73
9006 123
9007 179
9008 74
9009 125
9010 79
9011 131
9012 78
9013 124
9014 84
9015 137
9016 87
9017 141
9018 83
9019 138
9020 89
9021 146
9022 85
9023 143
9024 92
9025 151
9026 91
9027 152
9028 93
9029 156
9030 228
9031 97
9032 157
9033 100
9034 167
9035 98
9036 160
9037 115
9038 181
9039 101
9040 165
9041 167
9042 165
9043 180
9044 129
9045 171
9046 1
9047 2
9048 4
9049 3
9050 6
9051 11
9052 5
9053 9
9054 7
9055 13
9056 10
9057 18
9058 8
9059 15
9060 27
9061 14
9062 23
9063 12
9064 22
9065 17
9066 28
9067 16
9068 29
9069 20
9070 34
9071 19
9072 35
9073 21
9074 36
9075 32
9076 24
9077 42
9078 26
9079 43
9080 25
9081 44
9082 66
9083 33
9084 53
9085 30
9086 51
9087 31
9088 54
9089 37
9090 61
9091 39
9092 64
9093 38
9094 67
9095 40
9096 70
9097 41
9098 68
9099 47
9100 75
9101 50
9102 76
9103 45
9104 77
9105 49
9106 80
9107 48
9108 81
9109 46
9110 82
9111 52
9112 86
9113 127
9114 55
9115 90
9116 56
9117 94
9118 57
9119 96
9120 58
9121 95
9122 88
9123 69
9124 111
9125 59
9126 99
9127 60
9128 103
9129 62
9130 106
9131 63
9132 108
9133 72
9134 119
9135 65
9136 113
9137 71
9138 120
9139 73
9140 123
9141 179
9142 74
9143 125
9144 79
9145 131
9146 78
9147 124
9148 84
9149 137
9150 87
9151 141
9152 83
9153 138
9154 89
9155 146
9156 85
9157 143
9158 92
9159 151
9160 91
9161 152
9162 93
9163 156
9164 228
9165 97
9166 157
9167 100
9168 167
9169 98
9170 160
9171 115
9172 181
9173 101
9174 165
9175 102
9176 105
9177 102
9178 102
9179 197
9180 104
9181 1
9182 2
9183 4
9184 3
9185 6
9186 11
9187 5
9188 9
9189 7
9190 13
9191 10
9192 18
9193 8
9194 15
9195 27
9196 14
9197 23
9198 12
9199 22
9200 17
9201 28
9202 16
9203 29
9204 20
9205 34
9206 19
9207 35
9208 21
9209 36
9210 32
9211 24
9212 42
9213 26
9214 43
9215 25
9216 44
9217 66
9218 33
9219 53
9220 30
9221 51
9222 31
9223 54
9224 37
9225 61
9226 39
9227 64
9228 38
9229 67
9230 40
9231 70
9232 41
9233 68
9234 47
9235 75
9236 50
9237 76
9238 45
9239 77
9240 49
9241 80
9242 48
9243 81
9244 46
9245 82
9246 52
9247 86
9248 127
9249 55
9250 90
9251 56
9252 94
9253 57
9254 96
9255 58
9256 95
9257 88
9258 69
9259 111
9260 59
9261 99
9262 60
9263 103
9264 62
9265 106
9266 63
9267 108
9268 72
9269 119
9270 65
9271 113
9272 71
9273 120
9274 73
9275 123
9276 179
9277 74
9278 125
9279 79
9280 131
9281 78
9282 124
9283 84
9284 137
9285 87
9286 141
9287 83
9288 138
9289 89
9290 146
9291 85
9292 143
9293 92
9294 151
9295 91
9296 152
9297 93
9298 156
9299 228
9300 97
9301 157
9302 100
9303 167
9304 98
9305 160
9306 115
9307 181
9308 101
9309 165
9310 102
9311 171
9312 174
9313 171
9314 171
9315 106
9316 174
9317 1
9318 2
9319 4
9320 3
9321 6
9322 11
9323 5
9324 9
9325 7
9326 13
9327 10
9328 18
9329 8
9330 15
9331 27
9332 14
9333 23
9334 12
9335 22
9336 17
9337 28
9338 16
9339 29
9340 20
9341 34
9342 19
9343 35
9344 21
9345 36
9346 32
9347 24
9348 42
9349 26
9350 43
9351 25
9352 44
9353 66
9354 33
9355 53
9356 30
9357 51
9358 31
9359 54
9360 37
9361 61
9362 39
9363 64
9364 38
9365 67
9366 40
9367 70
9368 41
9369 68
9370 47
9371 75
9372 50
9373 76
9374 45
9375 77
9376 49
9377 80
9378 48
9379 81
9380 46
9381 82
9382 52
9383 86
9384 127
9385 55
9386 90
9387 56
9388 94
9389 57
9390 96
9391 58
9392 95
9393 88
9394 69
9395 111
9396 59
9397 99
9398 60
9399 103
9400 62
9401 106
9402 63
9403 108
9404 72
9405 119
9406 65
9407 113
9408 71
9409 120
9410 73
9411 123
9412 179
9413 74
9414 125
9415 79
9416 131
9417 78
9418 124
9419 84
9420 137
9421 87
9422 141
9423 83
9424 138
9425 89
9426 146
9427 85
9428 143
9429 92
9430 151
9431 91
9432 152
9433 93
9434 156
9435 228
9436 97
9437 157
9438 100
9439 167
9440 98
9441 160
9442 115
9443 181
9444 101
9445 165
9446 102
9447 171
9448 105
9449 101
9450 111
9451 105
9452 173
9453 108
9454 1
9455 2
9456 4
9457 3
9458 6
9459 11
9460 5
9461 9
9462 7
9463 13
9464 10
9465 18
9466 8
9467 15
9468 27
9469 14
9470 23
9471 12
9472 22
9473 17
9474 28
9475 16
9476 29
9477 20
9478 34
9479 19
9480 35
9481 21
9482 36
9483 32
9484 24
9485 42
9486 26
9487 43
9488 25
9489 44
9490 66
9491 33
9492 53
9493 30
9494 51
9495 31
9496 54
9497 37
9498 61
9499 39
9500 64
9501 38
9502 67
9503 40
9504 70
9505 41
9506 68
9507 47
9508 75
9509 50
9510 76
9511 45
9512 77
9513 49
9514 80
9515 48
9516 81
9517 46
9518 82
9519 52
9520 86
9521 127
9522 55
9523 90
9524 56
9525 94
9526 57
9527 96
9528 58
9529 95
9530 88
9531 69
9532 111
9533 59
9534 99
9535 60
9536 103
9537 62
9538 106
9539 63
9540 108
9541 72
9542 119
9543 65
9544 113
9545 71
9546 120
9547 73
9548 123
9549 179
9550 74
9551 125
9552 79
9553 131
9554 78
9555 124
9556 84
9557 137
9558 87
9559 141
9560 83
9561 138
9562 89
9563 146
9564 85
9565 143
9566 92
9567 151
9568 91
9569 152
9570 93
9571 156
9572 228
9573 97
9574 157
9575 100
9576 167
9577 98
9578 160
9579 115
9580 181
9581 101
9582 165
9583 102
9584 171
9585 105
9586 173
9587 176
9588 181
9589 175
9590 247
9591 179
9592 1
9593 2
9594 4
9595 3
9596 6
9597 11
9598 5
9599 9
9600 7
9601 13
9602 10
9603 18
9604 8
9605 15
9606 27
9607 14
9608 23
9609 12
9610 22
9611 17
9612 28
9613 16
9614 29
9615 20
9616 34
9617 19
9618 35
9619 21
9620 36
9621 32
9622 24
9623 42
9624 26
9625 43
9626 25
9627 44
9628 66
9629 33
9630 53
9631 30
9632 51
9633 31
9634 54
9635 37
9636 61
9637 39
9638 64
9639 38
9640 67
9641 40
9642 70
9643 41
9644 68
9645 47
9646 75
9647 50
9648 76
9649 45
9650 77
9651 49
9652 80
9653 48
9654 81
9655 46
9656 82
9657 52
9658 86
9659 127
9660 55
9661 90
9662 56
9663 94
9664 57
9665 96
9666 58
9667 95
9668 88
9669 69
9670 111
9671 59
9672 99
9673 60
9674 103
9675 62
9676 106
9677 63
9678 108
9679 72
9680 119
9681 65
9682 113
9683 71
9684 120
9685 73
9686 123
9687 179
9688 74
9689 125
9690 79
9691 131
9692 78
9693 124
9694 84
9695 137
9696 87
9697 141
9698 83
9699 138
9700 89
9701 146
9702 85
9703 143
9704 92
9705 151
9706 91
9707 152
9708 93
9709 156
9710 228
9711 97
9712 157
9713 100
9714 167
9715 98
9716 160
9717 115
9718 181
9719 101
9720 165
9721 102
9722 171
9723 105
9724 173
9725 109
9726 107
9727 107
9728 116
9729 107
9730 107
9731 1
9732 2
9733 4
9734 3
9735 6
9736 11
9737 5
9738 9
9739 7
9740 13
9741 10
9742 18
9743 8
9744 15
9745 27
9746 14
9747 23
9748 12
9749 22
9750 17
9751 28
9752 16
9753 29
9754 20
9755 34
9756 19
9757 35
9758 21
9759 36
9760 32
9761 24
9762 42
9763 26
9764 43
9765 25
9766 44
9767 66
9768 33
9769 53
9770 30
9771 51
9772 31
9773 54
9774 37
9775 61
9776 39
9777 64
9778 38
9779 67
9780 40
9781 70
9782 41
9783 68
9784 47
9785 75
9786 50
9787 76
9788 45
9789 77
9790 49
9791 80
9792 48
9793 81
9794 46
9795 82
9796 52
9797 86
9798 127
9799 55
9800 90
9801 56
9802 94
9803 57
9804 96
9805 58
9806 95
9807 88
9808 69
9809 111
9810 59
9811 99
9812 60
9813 103
9814 62
9815 106
9816 63
9817 108
9818 72
9819 119
9820 65
9821 113
9822 71
9823 120
9824 73
9825 123
9826 179
9827 74
9828 125
9829 79
9830 131
9831 78
9832 124
9833 84
9834 137
9835 87
9836 141
9837 83
9838 138
9839 89
9840 146
9841 85
9842 143
9843 92
9844 151
9845 91
9846 152
9847 93
9848 156
9849 228
9850 97
9851 157
9852 100
9853 167
9854 98
9855 160
9856 115
9857 181
9858 101
9859 165
9860 102
9861 171
9862 105
9863 173
9864 109
9865 184
9866 177
9867 169
9868 187
9869 178
9870 180
9871 1
9872 2
9873 4
9874 3
9875 6
9876 11
9877 5
9878 9
9879 7
9880 13
9881 10
9882 18
9883 8
9884 15
9885 27
9886 14
9887 23
9888 12
9889 22
9890 17
9891 28
9892 16
9893 29
9894 20
9895 34
9896 19
9897 35
9898 21
9899 36
9900 32
9901 24
9902 42
9903 26
9904 43
9905 25
9906 44
9907 66
9908 33
9909 53
9910 30
9911 51
9912 31
9913 54
9914 37
9915 61
9916 39
9917 64
9918 38
9919 67
9920 40
9921 70
9922 41
9923 68
9924 47
9925 75
9926 50
9927 76
9928 45
9929 77
9930 49
9931 80
9932 48
9933 81
9934 46
9935 82
9936 52
9937 86
9938 127
9939 55
9940 90
9941 56
9942 94
9943 57
9944 96
9945 58
9946 95
9947 88
9948 69
9949 111
9950 59
9951 99
9952 60
9953 103
9954 62
9955 106
9956 63
9957 108
9958 72
9959 119
9960 65
9961 113
9962 71
9963 120
9964 73
9965 123
9966 179
9967 74
9968 125
9969 79
9970 131
9971 78
9972 124
9973 84
9974 137
9975 87
9976 141
9977 83
9978 138
9979 89
9980 146
9981 85
9982 143
9983 92
9984 151
9985 91
9986 152
9987 93
9988 156
9989 228
9990 97
9991 157
9992 100
9993 167
9994 98
9995 160
9996 115
9997 181
9998 101
9999 165
10000 102
10001 171
10002 105
10003 173
10004 109
10005 184
10006 107
10007 109
10008 115
10009 107
10010 112
10011 109
