2 2
3 3
4 3
5 4
6 5
7 4
8 5
9 6
10 5
11 6
12 7
13 7
14 6
15 7
16 8
17 9
18 9
19 7
20 8
21 9
22 10
23 10
24 8
25 9
26 11
27 10
28 11
29 12
30 9
31 10
32 11
33 13
34 12
35 13
36 13
37 10
38 11
39 12
40 14
41 13
42 14
43 15
44 11
45 12
46 13
47 15
48 14
49 16
50 15
51 16
52 12
53 13
54 14
55 17
56 15
57 17
58 16
59 13
60 14
61 17
62 15
63 18
64 16
65 18
66 17
67 19
68 19
69 14
70 15
71 16
72 17
73 19
74 20
75 18
76 20
77 19
78 15
79 16
80 17
81 21
82 18
83 21
84 19
85 21
86 20
87 16
88 17
89 18
90 21
91 22
92 19
93 20
94 23
95 23
96 22
97 21
98 17
99 18
100 19
101 22
102 20
103 24
104 21
105 23
106 24
107 22
108 25
109 18
110 19
111 23
112 20
113 25
114 21
115 22
116 25
117 26
118 23
119 26
120 25
121 19
122 20
123 21
124 22
125 26
126 25
127 23
128 27
129 24
130 26
131 27
132 25
133 20
134 21
135 22
136 28
137 23
138 26
139 24
140 25
141 27
142 28
143 29
144 29
145 26
146 21
147 22
148 23
149 28
150 24
151 27
152 25
153 30
154 29
155 26
156 30
157 27
158 22
159 23
160 24
161 28
162 25
163 31
164 26
165 31
166 30
167 29
168 27
169 31
170 28
171 30
172 31
173 23
174 24
175 25
176 29
177 26
178 27
179 30
180 28
181 33
182 33
183 29
184 32
185 31
186 24
187 25
188 26
189 27
190 32
191 33
192 28
193 31
194 34
195 29
196 34
197 33
198 30
199 34
200 25
201 26
202 31
203 27
204 33
205 28
206 35
207 29
208 32
209 35
210 30
211 34
212 33
213 31
214 36
215 36
216 26
217 27
218 35
219 28
220 29
221 36
222 33
223 30
224 37
225 31
226 36
227 37
228 34
229 32
230 37
231 36
232 33
233 27
234 28
235 29
236 30
237 34
238 31
239 36
240 37
241 32
242 35
243 38
244 33
245 37
246 39
247 39
248 34
249 28
250 29
251 30
252 31
253 35
254 32
255 37
256 33
257 36
258 40
259 34
260 38
261 39
262 40
263 37
264 35
265 29
266 30
267 31
268 32
269 39
270 38
271 33
272 40
273 41
274 41
275 34
276 37
277 41
278 35
279 40
280 38
281 41
282 36
283 30
284 31
285 32
286 37
287 33
288 42
289 34
290 38
291 35
292 41
293 40
294 36
295 42
296 43
297 39
298 37
299 41
300 31
301 32
302 33
303 38
304 34
305 43
306 35
307 39
308 36
309 41
310 44
311 43
312 37
313 44
314 40
315 38
316 42
317 43
318 32
319 33
320 39
321 34
322 45
323 35
324 45
325 36
326 43
327 40
328 42
329 37
330 38
331 41
332 44
333 39
334 46
335 46
336 45
337 42
338 33
339 34
340 35
341 36
342 44
343 37
344 41
345 43
346 38
347 46
348 47
349 39
350 42
351 45
352 44
353 40
354 47
355 43
356 41
357 34
358 35
359 36
360 45
361 46
362 37
363 38
364 47
365 48
366 39
367 48
368 43
369 40
370 48
371 45
372 41
373 44
374 49
375 42
376 49
377 35
378 36
379 37
380 38
381 45
382 43
383 39
384 40
385 49
386 47
387 44
388 41
389 46
390 50
391 49
392 42
393 45
394 50
395 48
396 43
397 49
398 36
399 37
400 38
401 46
402 39
403 44
404 40
405 48
406 41
407 51
408 45
409 47
410 42
411 51
412 43
413 46
414 49
415 51
416 48
417 44
418 37
419 38
420 39
421 52
422 40
423 45
424 41
425 50
426 49
427 42
428 51
429 46
430 43
431 52
432 44
433 47
434 51
435 49
436 53
437 45
438 52
439 38
440 39
441 40
442 46
443 41
444 50
445 53
446 42
447 43
448 47
449 53
450 44
451 54
452 51
453 52
454 48
455 45
456 50
457 53
458 54
459 46
460 49
461 39
462 40
463 41
464 47
465 42
466 55
467 43
468 50
469 55
470 44
471 55
472 45
473 52
474 54
475 49
476 51
477 46
478 47
479 50
480 53
481 54
482 40
483 41
484 42
485 43
486 44
487 51
488 49
489 45
490 54
491 53
492 56
493 55
494 46
495 50
496 57
497 47
498 56
499 57
500 48
501 55
502 51
503 53
504 56
505 41
506 42
507 49
508 43
509 44
510 52
511 45
512 57
513 55
514 50
515 46
516 58
517 47
518 58
519 53
520 51
521 48
522 56
523 55
524 49
525 52
526 57
527 54
528 42
529 43
530 59
531 44
532 45
533 56
534 57
535 46
536 51
537 47
538 58
539 59
540 48
541 52
542 49
543 59
544 56
545 58
546 60
547 53
548 50
549 55
550 60
551 59
552 51
553 43
554 44
555 45
556 54
557 46
558 56
559 47
560 52
561 48
562 55
563 49
564 60
565 53
566 58
567 61
568 57
569 50
570 61
571 54
572 51
573 61
574 59
575 52
576 44
577 45
578 46
579 57
580 47
581 62
582 53
583 48
584 61
585 62
586 49
587 56
588 59
589 50
590 58
591 51
592 62
593 57
594 55
595 52
596 60
597 63
598 59
599 61
600 53
601 56
602 45
603 46
604 47
605 48
606 54
607 49
608 63
609 57
610 50
611 61
612 55
613 51
614 62
615 52
616 58
617 56
618 63
619 64
620 53
621 60
622 64
623 54
624 57
625 59
626 46
627 47
628 48
629 49
630 55
631 50
632 61
633 58
634 65
635 51
636 60
637 65
638 56
639 52
640 65
641 64
642 53
643 57
644 62
645 63
646 61
647 54
648 64
649 65
650 58
651 55
652 66
653 47
654 48
655 49
656 63
657 50
658 64
659 51
660 66
661 61
662 52
663 57
664 53
665 66
666 60
667 63
668 54
669 58
670 62
671 65
672 67
673 55
674 67
675 61
676 59
677 67
678 56
679 64
680 48
681 49
682 50
683 57
684 51
685 60
686 52
687 67
688 53
689 58
690 54
691 65
692 64
693 61
694 66
695 55
696 59
697 68
698 56
699 67
700 62
701 60
702 57
703 66
704 64
705 49
706 50
707 67
708 51
709 58
710 61
711 52
712 63
713 53
714 54
715 59
716 66
717 65
718 55
719 62
720 69
721 64
722 56
723 68
724 69
725 57
726 63
727 66
728 61
729 70
730 69
731 58
732 65
733 68
734 70
735 50
736 51
737 59
738 52
739 53
740 54
741 67
742 70
743 60
744 55
745 63
746 56
747 65
748 70
749 61
750 57
751 71
752 71
753 58
754 67
755 71
756 62
757 69
758 66
759 59
760 70
761 65
762 51
763 52
764 53
765 54
766 69
767 55
768 72
769 61
770 56
771 64
772 66
773 57
774 62
775 71
776 58
777 69
778 68
779 65
780 70
781 59
782 63
783 71
784 60
785 73
786 66
787 73
788 64
789 61
790 52
791 53
792 54
793 68
794 55
795 71
796 56
797 62
798 73
799 57
800 67
801 72
802 58
803 73
804 63
805 70
806 59
807 66
808 73
809 60
810 64
811 74
812 61
813 74
814 67
815 71
816 70
817 65
818 62
819 53
820 54
821 55
822 56
823 57
824 63
825 66
826 58
827 71
828 59
829 72
830 64
831 75
832 74
833 60
834 73
835 67
836 69
837 61
838 65
839 74
840 62
841 71
842 68
843 73
844 66
845 70
846 63
847 54
848 55
849 56
850 76
851 57
852 69
853 58
854 67
855 72
856 59
857 75
858 76
859 71
860 60
861 65
862 76
863 68
864 61
865 70
866 75
867 62
868 73
869 72
870 77
871 63
872 77
873 76
874 67
875 77
876 64
877 55
878 56
879 57
880 58
881 68
882 65
883 59
884 75
885 60
886 61
887 66
888 76
889 69
890 71
891 62
892 78
893 74
894 67
895 63
896 73
897 77
898 78
899 70
900 64
901 72
902 68
903 65
904 56
905 57
906 71
907 58
908 76
909 59
910 66
911 60
912 73
913 79
914 78
915 61
916 67
917 62
918 70
919 63
920 75
921 76
922 68
923 77
924 64
925 79
926 71
927 73
928 65
929 78
930 69
931 79
932 80
933 66
934 75
935 72
936 57
937 58
938 59
939 70
940 60
941 67
942 61
943 62
944 68
945 73
946 63
947 77
948 76
949 80
950 64
951 75
952 69
953 65
954 81
955 79
956 72
957 81
958 74
959 66
960 81
961 70
962 77
963 78
964 81
965 76
966 67
967 73
968 79
969 58
970 59
971 60
972 68
973 61
974 62
975 81
976 63
977 74
978 69
979 72
980 79
981 64
982 76
983 65
984 80
985 70
986 66
987 73
988 75
989 82
990 81
991 78
992 67
993 71
994 77
995 80
996 68
997 76
998 72
999 81
1000 59
1001 60
1002 61
1003 69
1004 62
1005 63
1006 78
1007 75
1008 64
1009 73
1010 70
1011 83
1012 65
1013 83
1014 66
1015 71
1016 74
1017 67
1018 80
1019 79
1020 81
1021 68
1022 84
1023 84
1024 75
1025 82
1026 69
1027 77
1028 84
1029 73
1030 60
1031 61
1032 62
1033 81
1034 63
1035 79
1036 64
1037 82
1038 74
1039 65
1040 71
1041 78
1042 66
1043 83
1044 85
1045 84
1046 67
1047 72
1048 77
1049 75
1050 80
1051 68
1052 85
1053 79
1054 84
1055 73
1056 69
1057 76
1058 78
1059 85
1060 70
1061 74
1062 81
1063 82
1064 61
1065 62
1066 71
1067 63
1068 64
1069 77
1070 86
1071 65
1072 86
1073 75
1074 66
1075 85
1076 67
1077 86
1078 82
1079 68
1080 73
1081 76
1082 85
1083 69
1084 80
1085 86
1086 74
1087 70
1088 77
1089 79
1090 86
1091 87
1092 71
1093 82
1094 75
1095 84
1096 81
1097 87
1098 62
1099 63
1100 64
1101 85
1102 65
1103 80
1104 66
1105 73
1106 67
1107 87
1108 83
1109 68
1110 82
1111 79
1112 74
1113 69
1114 81
1115 70
1116 88
1117 86
1118 75
1119 88
1120 71
1121 78
1122 84
1123 83
1124 85
1125 72
1126 76
1127 87
1128 86
1129 73
1130 63
1131 64
1132 65
1133 66
1134 77
1135 67
1136 74
1137 85
1138 68
1139 89
1140 83
1141 86
1142 69
1143 80
1144 78
1145 75
1146 70
1147 88
1148 87
1149 89
1150 71
1151 76
1152 85
1153 81
1154 79
1155 72
1156 88
1157 83
1158 73
1159 77
1160 80
1161 74
1162 64
1163 65
1164 66
1165 78
1166 67
1167 68
1168 87
1169 75
1170 84
1171 69
1172 81
1173 90
1174 70
1175 79
1176 76
1177 71
1178 90
1179 72
1180 89
1181 87
1182 77
1183 82
1184 80
1185 88
1186 73
1187 91
1188 84
1189 91
1190 91
1191 74
1192 89
1193 90
1194 81
1195 83
1196 75
1197 86
1198 65
1199 66
1200 67
1201 68
1202 85
1203 69
1204 76
1205 89
1206 70
1207 91
1208 84
1209 71
1210 80
1211 77
1212 90
1213 72
1214 87
1215 88
1216 92
1217 86
1218 73
1219 83
1220 78
1221 81
1222 85
1223 74
1224 91
1225 90
1226 79
1227 75
1228 92
1229 82
1230 87
1231 91
1232 76
1233 66
1234 67
1235 68
1236 93
1237 69
1238 77
1239 70
1240 83
1241 71
1242 92
1243 81
1244 72
1245 89
1246 78
1247 90
1248 73
1249 87
1250 93
1251 84
1252 74
1253 79
1254 82
1255 86
1256 93
1257 75
1258 80
1259 89
1260 76
1261 85
1262 88
1263 83
1264 94
1265 91
1266 77
1267 94
1268 81
1269 67
1270 68
1271 69
1272 92
1273 70
1274 78
1275 71
1276 86
1277 72
1278 89
1279 82
1280 91
1281 73
1282 79
1283 88
1284 74
1285 94
1286 85
1287 95
1288 75
1289 80
1290 95
1291 93
1292 95
1293 76
1294 90
1295 91
1296 81
1297 86
1298 77
1299 84
1300 95
1301 88
1302 93
1303 78
1304 82
1305 68
1306 69
1307 70
1308 85
1309 71
1310 79
1311 72
1312 96
1313 73
1314 95
1315 96
1316 89
1317 74
1318 86
1319 75
1320 88
1321 95
1322 84
1323 81
1324 76
1325 92
1326 91
1327 77
1328 90
1329 87
1330 82
1331 85
1332 78
1333 89
1334 96
1335 97
1336 79
1337 83
1338 97
1339 95
1340 92
1341 69
1342 70
1343 97
1344 71
1345 72
1346 94
1347 73
1348 84
1349 74
1350 96
1351 81
1352 75
1353 87
1354 89
1355 76
1356 85
1357 93
1358 82
1359 77
1360 94
1361 96
1362 91
1363 78
1364 95
1365 88
1366 83
1367 86
1368 90
1369 79
1370 98
1371 96
1372 97
1373 93
1374 80
1375 92
1376 89
1377 87
1378 70
1379 71
1380 72
1381 81
1382 73
1383 91
1384 74
1385 85
1386 75
1387 98
1388 82
1389 76
1390 90
1391 99
1392 99
1393 94
1394 97
1395 77
1396 86
1397 98
1398 83
1399 78
1400 99
1401 89
1402 79
1403 84
1404 87
1405 99
1406 80
1407 95
1408 94
1409 99
1410 96
1411 85
1412 81
1413 90
1414 88
1415 97
1416 71
1417 72
1418 73
1419 82
1420 74
1421 86
1422 75
1423 76
1424 83
1425 91
1426 96
1427 77
1428 94
1429 100
1430 97
1431 87
1432 78
1433 93
1434 84
1435 100
1436 79
1437 98
1438 90
1439 80
1440 88
1441 85
1442 96
1443 95
1444 81
1445 99
1446 101
1447 94
1448 100
1449 86
1450 91
1451 82
1452 89
1453 93
1454 72
1455 73
1456 83
1457 74
1458 75
1459 76
1460 97
1461 90
1462 77
1463 84
1464 101
1465 78
1466 100
1467 88
1468 79
1469 85
1470 101
1471 102
1472 80
1473 91
1474 102
1475 93
1476 97
1477 100
1478 81
1479 86
1480 101
1481 95
1482 82
1483 92
1484 87
1485 90
1486 83
1487 94
1488 73
1489 74
1490 97
1491 75
1492 88
1493 76
1494 99
1495 96
1496 77
1497 91
1498 103
1499 78
1500 85
1501 100
1502 95
1503 79
1504 89
1505 80
1506 103
1507 86
1508 101
1509 92
1510 81
1511 94
1512 99
1513 97
1514 90
1515 82
1516 87
1517 96
1518 103
1519 102
1520 83
1521 101
1522 93
1523 88
1524 91
1525 84
1526 104
1527 99
1528 98
1529 100
1530 85
1531 74
1532 75
1533 76
1534 94
1535 77
1536 92
1537 78
1538 86
1539 79
1540 103
1541 80
1542 81
1543 87
1544 100
1545 93
1546 95
1547 98
1548 101
1549 82
1550 91
1551 97
1552 88
1553 83
1554 102
1555 105
1556 104
1557 105
1558 84
1559 96
1560 89
1561 92
1562 103
1563 100
1564 104
1565 85
1566 105
1567 98
1568 86
1569 75
1570 76
1571 77
1572 93
1573 78
1574 97
1575 79
1576 87
1577 80
1578 105
1579 91
1580 81
1581 100
1582 106
1583 102
1584 99
1585 82
1586 105
1587 106
1588 83
1589 92
1590 106
1591 89
1592 84
1593 104
1594 95
1595 106
1596 85
1597 101
1598 102
1599 93
1600 90
1601 103
1602 86
1603 99
1604 105
1605 96
1606 91
1607 87
1608 76
1609 77
1610 78
1611 79
1612 107
1613 80
1614 88
1615 101
1616 81
1617 103
1618 92
1619 106
1620 82
1621 97
1622 95
1623 104
1624 89
1625 83
1626 99
1627 84
1628 93
1629 106
1630 105
1631 90
1632 85
1633 96
1634 103
1635 107
1636 98
1637 101
1638 86
1639 94
1640 91
1641 106
1642 108
1643 100
1644 87
1645 108
1646 97
1647 92
1648 88
1649 95
1650 77
1651 78
1652 79
1653 80
1654 81
1655 89
1656 93
1657 82
1658 98
1659 83
1660 96
1661 107
1662 90
1663 84
1664 109
1665 109
1666 94
1667 85
1668 104
1669 91
1670 86
1671 97
1672 99
1673 102
1674 109
1675 108
1676 87
1677 106
1678 92
1679 101
1680 88
1681 109
1682 98
1683 107
1684 100
1685 93
1686 96
1687 89
1688 103
1689 78
1690 79
1691 80
1692 81
1693 102
1694 82
1695 94
1696 110
1697 83
1698 107
1699 97
1700 84
1701 101
1702 91
1703 85
1704 110
1705 95
1706 104
1707 86
1708 109
1709 92
1710 103
1711 98
1712 87
1713 96
1714 88
1715 93
1716 108
1717 89
1718 99
1719 110
1720 105
1721 106
1722 101
1723 94
1724 97
1725 107
1726 90
1727 109
1728 111
1729 79
1730 80
1731 81
1732 108
1733 82
1734 91
1735 83
1736 100
1737 84
1738 102
1739 85
1740 110
1741 111
1742 92
1743 105
1744 86
1745 96
1746 104
1747 87
1748 101
1749 93
1750 110
1751 88
1752 103
1753 112
1754 97
1755 111
1756 89
1757 94
1758 107
1759 106
1760 100
1761 90
1762 105
1763 111
1764 98
1765 95
1766 112
1767 109
1768 91
1769 104
1770 80
1771 81
1772 82
1773 83
1774 92
1775 84
1776 99
1777 85
1778 108
1779 113
1780 106
1781 113
1782 86
1783 93
1784 109
1785 87
1786 111
1787 102
1788 113
1789 88
1790 94
1791 104
1792 89
1793 98
1794 108
1795 111
1796 95
1797 90
1798 109
1799 101
1800 106
1801 103
1802 110
1803 91
1804 99
1805 96
1806 105
1807 112
1808 92
1809 111
1810 114
1811 114
1812 81
1813 82
1814 83
1815 97
1816 84
1817 93
1818 100
1819 85
1820 107
1821 110
1822 86
1823 113
1824 87
1825 94
1826 111
1827 98
1828 88
1829 103
1830 101
1831 89
1832 95
1833 114
1834 113
1835 112
1836 109
1837 90
1838 99
1839 108
1840 96
1841 115
1842 91
1843 102
1844 115
1845 113
1846 115
1847 92
1848 100
1849 114
1850 97
1851 93
1852 115
1853 110
1854 103
1855 105
1856 82
1857 83
1858 84
1859 101
1860 94
1861 85
1862 86
1863 112
1864 87
1865 95
1866 88
1867 99
1868 104
1869 89
1870 102
1871 106
1872 90
1873 115
1874 111
1875 109
1876 116
1877 100
1878 91
1879 108
1880 116
1881 97
1882 105
1883 103
1884 92
1885 113
1886 116
1887 107
1888 93
1889 98
1890 114
1891 111
1892 110
1893 94
1894 104
1895 106
1896 109
1897 113
1898 83
1899 84
1900 85
1901 95
1902 86
1903 117
1904 108
1905 87
1906 117
1907 88
1908 96
1909 89
1910 100
1911 103
1912 111
1913 90
1914 117
1915 110
1916 113
1917 97
1918 91
1919 116
1920 101
1921 92
1922 106
1923 98
1924 93
1925 117
1926 108
1927 116
1928 115
1929 102
1930 94
1931 118
1932 99
1933 117
1934 118
1935 110
1936 105
1937 95
1938 118
1939 116
1940 103
1941 100
1942 84
1943 85
1944 86
1945 87
1946 88
1947 89
1948 106
1949 97
1950 112
1951 101
1952 90
1953 117
1954 104
1955 111
1956 91
1957 115
1958 98
1959 92
1960 118
1961 102
1962 119
1963 119
1964 93
1965 105
1966 116
1967 99
1968 109
1969 94
1970 113
1971 114
1972 112
1973 103
1974 95
1975 119
1976 100
1977 117
1978 111
1979 106
1980 96
1981 119
1982 104
1983 101
1984 85
1985 86
1986 97
1987 87
1988 88
1989 117
1990 114
1991 89
1992 107
1993 90
1994 109
1995 98
1996 105
1997 91
1998 116
1999 92
2000 111
2001 118
2002 99
2003 93
2004 120
2005 103
2006 108
2007 94
2008 110
2009 100
2010 115
2011 113
2012 95
2013 116
2014 119
2015 104
2016 112
2017 96
2018 101
2019 109
2020 107
2021 120
2022 97
2023 111
2024 119
2025 105
2026 118
2027 102
2028 121
2029 115
2030 86
2031 87
2032 88
2033 121
2034 89
2035 108
2036 113
2037 90
2038 91
2039 99
2040 106
2041 92
2042 112
2043 121
2044 93
2045 100
2046 94
2047 109
2048 116
2049 115
2050 107
2051 120
2052 95
2053 114
2054 101
2055 122
2056 96
2057 121
2058 105
2059 122
2060 102
2061 97
2062 108
2063 119
2064 112
2065 121
2066 98
2067 106
2068 117
2069 103
2070 122
2071 118
2072 120
2073 99
2074 87
2075 88
2076 89
2077 111
2078 90
2079 91
2080 104
2081 107
2082 92
2083 113
2084 93
2085 122
2086 121
2087 123
2088 94
2089 101
2090 110
2091 105
2092 118
2093 95
2094 112
2095 108
2096 115
2097 119
2098 96
2099 102
2100 121
2101 114
2102 123
2103 97
2104 106
2105 120
2106 111
2107 103
2108 98
2109 113
2110 117
2111 118
2112 116
2113 121
2114 99
2115 122
2116 104
2117 115
2118 120
2119 100
2120 88
2121 89
2122 90
2123 124
2124 91
2125 92
2126 105
2127 124
2128 101
2129 93
2130 123
2131 94
2132 117
2133 95
2134 102
2135 113
2136 106
2137 109
2138 96
2139 123
2140 124
2141 97
2142 103
2143 107
2144 98
2145 112
2146 124
2147 110
2148 119
2149 104
2150 125
2151 99
2152 120
2153 117
2154 125
2155 108
2156 121
2157 100
2158 116
2159 105
2160 113
2161 111
2162 101
2163 122
2164 89
2165 90
2166 91
2167 92
2168 109
2169 106
2170 93
2171 119
2172 102
2173 94
2174 121
2175 95
2176 112
2177 117
2178 114
2179 96
2180 103
2181 107
2182 110
2183 97
2184 116
2185 125
2186 126
2187 98
2188 124
2189 123
2190 108
2191 113
2192 120
2193 99
2194 121
2195 111
2196 126
2197 118
2198 105
2199 100
2200 126
2201 124
2202 109
2203 101
2204 123
2205 106
2206 114
2207 112
2208 102
2209 90
2210 91
2211 92
2212 124
2213 93
2214 122
2215 94
2216 127
2217 103
2218 95
2219 118
2220 113
2221 115
2222 96
2223 104
2224 97
2225 111
2226 125
2227 117
2228 98
2229 127
2230 126
2231 105
2232 99
2233 120
2234 114
2235 109
2236 116
2237 119
2238 100
2239 125
2240 106
2241 127
2242 101
2243 118
2244 110
2245 102
2246 115
2247 107
2248 128
2249 113
2250 126
2251 117
2252 122
2253 121
2254 128
2255 103
2256 120
2257 111
2258 91
2259 92
2260 93
2261 108
2262 94
2263 119
2264 95
2265 104
2266 96
2267 97
2268 125
2269 109
2270 112
2271 105
2272 98
2273 122
2274 99
2275 121
2276 106
2277 115
2278 100
2279 110
2280 117
2281 129
2282 113
2283 101
2284 128
2285 107
2286 119
2287 102
2288 129
2289 127
2290 111
2291 126
2292 116
2293 123
2294 103
2295 108
2296 118
2297 121
2298 129
2299 125
2300 104
2301 112
2302 127
2303 92
2304 93
2305 94
2306 95
2307 126
2308 105
2309 96
2310 115
2311 97
2312 119
2313 98
2314 113
2315 110
2316 123
2317 106
2318 128
2319 99
2320 122
2321 125
2322 100
2323 121
2324 116
2325 129
2326 107
2327 118
2328 130
2329 101
2330 114
2331 128
2332 102
2333 127
2334 108
2335 129
2336 103
2337 112
2338 117
2339 115
2340 109
2341 104
2342 128
2343 130
2344 129
2345 105
2346 131
2347 131
2348 110
2349 93
2350 94
2351 95
2352 118
2353 96
2354 106
2355 97
2356 131
2357 120
2358 125
2359 98
2360 114
2361 99
2362 130
2363 107
2364 100
2365 127
2366 122
2367 131
2368 101
2369 119
2370 108
2371 112
2372 102
2373 115
2374 131
2375 121
2376 103
2377 109
2378 126
2379 124
2380 131
2381 132
2382 113
2383 104
2384 127
2385 120
2386 123
2387 116
2388 110
2389 105
2390 128
2391 131
2392 122
2393 114
2394 106
2395 132
2396 111
2397 119
2398 94
2399 95
2400 96
2401 125
2402 97
2403 107
2404 98
2405 124
2406 99
2407 115
2408 128
2409 112
2410 100
2411 108
2412 123
2413 132
2414 101
2415 129
2416 118
2417 133
2418 102
2419 133
2420 109
2421 113
2422 116
2423 103
2424 126
2425 127
2426 130
2427 133
2428 125
2429 104
2430 110
2431 132
2432 119
2433 114
2434 121
2435 105
2436 117
2437 133
2438 111
2439 106
2440 123
2441 130
2442 115
2443 107
2444 127
2445 120
2446 112
2447 118
2448 122
2449 95
2450 96
2451 97
2452 131
2453 98
2454 134
2455 99
2456 116
2457 100
2458 113
2459 124
2460 134
2461 101
2462 109
2463 121
2464 119
2465 102
2466 132
2467 103
2468 110
2469 117
2470 133
2471 129
2472 104
2473 134
2474 130
2475 105
2476 111
2477 120
2478 122
2479 115
2480 133
2481 106
2482 131
2483 124
2484 112
2485 135
2486 107
2487 135
2488 128
2489 129
2490 116
2491 127
2492 121
2493 132
2494 108
2495 113
2496 126
2497 96
2498 97
2499 131
2500 98
2501 109
2502 99
2503 117
2504 100
2505 114
2506 101
2507 102
2508 120
2509 103
2510 135
2511 124
2512 130
2513 104
2514 115
2515 111
2516 131
2517 133
2518 105
2519 134
2520 126
2521 136
2522 121
2523 123
2524 106
2525 116
2526 136
2527 119
2528 107
2529 136
2530 134
2531 113
2532 130
2533 133
2534 108
2535 131
2536 136
2537 117
2538 122
2539 127
2540 124
2541 120
2542 109
2543 114
2544 134
2545 97
2546 98
2547 99
2548 110
2549 133
2550 100
2551 101
2552 115
2553 102
2554 123
2555 130
2556 121
2557 111
2558 103
2559 125
2560 136
2561 104
2562 135
2563 119
2564 116
2565 105
2566 112
2567 127
2568 136
2569 106
2570 137
2571 122
2572 113
2573 107
2574 117
2575 120
2576 131
2577 130
2578 108
2579 132
2580 129
2581 137
2582 114
2583 109
2584 123
2585 118
2586 125
2587 137
2588 136
2589 121
2590 110
2591 115
2592 134
2593 127
2594 138
2595 98
2596 99
2597 111
2598 100
2599 101
2600 132
2601 102
2602 135
2603 122
2604 103
2605 126
2606 112
2607 129
2608 104
2609 137
2610 134
2611 105
2612 120
2613 117
2614 128
2615 113
2616 106
2617 136
2618 125
2619 107
2620 138
2621 114
2622 127
2623 131
2624 108
2625 121
2626 130
2627 139
2628 139
2629 134
2630 109
2631 136
2632 137
2633 115
2634 129
2635 124
2636 110
2637 119
2638 135
2639 122
2640 139
2641 116
2642 111
2643 137
2644 132
2645 133
2646 120
2647 131
2648 99
2649 100
2650 101
2651 125
2652 102
2653 117
2654 103
2655 130
2656 135
2657 104
2658 113
2659 105
2660 138
2661 121
2662 106
2663 118
2664 140
2665 114
2666 107
2667 126
2668 124
2669 133
2670 139
2671 108
2672 128
2673 138
2674 115
2675 119
2676 122
2677 109
2678 140
2679 139
2680 110
2681 116
2682 125
2683 127
2684 120
2685 111
2686 138
2687 123
2688 129
2689 139
2690 134
2691 117
2692 112
2693 135
2694 132
2695 121
2696 126
2697 113
2698 100
2699 101
2700 102
2701 141
2702 118
2703 103
2704 104
2705 141
2706 105
2707 114
2708 141
2709 130
2710 106
2711 122
2712 107
2713 134
2714 115
2715 133
2716 108
2717 125
2718 141
2719 136
2720 129
2721 132
2722 109
2723 123
2724 116
2725 137
2726 141
2727 110
2728 131
2729 139
2730 111
2731 126
2732 117
2733 138
2734 121
2735 142
2736 112
2737 135
2738 134
2739 136
2740 133
2741 118
2742 113
2743 139
2744 140
2745 142
2746 122
2747 127
2748 129
2749 114
2750 101
2751 102
2752 103
2753 104
2754 105
2755 131
2756 106
2757 115
2758 123
2759 107
2760 136
2761 141
2762 120
2763 137
2764 108
2765 142
2766 116
2767 130
2768 109
2769 138
2770 110
2771 143
2772 143
2773 124
2774 121
2775 117
2776 132
2777 111
2778 129
2779 127
2780 112
2781 118
2782 135
2783 131
2784 122
2785 125
2786 140
2787 113
2788 134
2789 143
2790 142
2791 119
2792 114
2793 133
2794 128
2795 123
2796 130
2797 141
2798 126
2799 115
2800 102
2801 103
2802 104
2803 105
2804 137
2805 106
2806 116
2807 107
2808 135
2809 124
2810 108
2811 129
2812 121
2813 139
2814 134
2815 109
2816 142
2817 117
2818 110
2819 140
2820 125
2821 111
2822 122
2823 118
2824 112
2825 130
2826 137
2827 128
2828 141
2829 136
2830 132
2831 113
2832 119
2833 123
2834 126
2835 144
2836 114
2837 134
2838 120
2839 145
2840 144
2841 115
2842 131
2843 145
2844 124
2845 141
2846 145
2847 127
2848 133
2849 116
2850 121
2851 103
2852 104
2853 105
2854 106
2855 145
2856 107
2857 140
2858 117
2859 108
2860 130
2861 135
2862 109
2863 122
2864 128
2865 141
2866 110
2867 118
2868 145
2869 111
2870 134
2871 143
2872 126
2873 123
2874 112
2875 138
2876 119
2877 145
2878 131
2879 140
2880 113
2881 133
2882 146
2883 136
2884 141
2885 114
2886 124
2887 127
2888 143
2889 144
2890 135
2891 115
2892 142
2893 121
2894 130
2895 145
2896 116
2897 125
2898 139
2899 128
2900 144
2901 143
2902 146
2903 117
2904 122
2905 104
2906 105
2907 106
2908 107
2909 108
2910 131
2911 118
2912 109
2913 123
2914 110
2915 145
2916 146
2917 111
2918 119
2919 147
2920 112
2921 139
2922 127
2923 141
2924 124
2925 113
2926 120
2927 130
2928 134
2929 137
2930 147
2931 114
2932 121
2933 128
2934 115
2935 146
2936 136
2937 116
2938 147
2939 133
2940 131
2941 122
2942 141
2943 144
2944 139
2945 126
2946 117
2947 142
2948 129
2949 147
2950 138
2951 123
2952 118
2953 148
2954 105
2955 106
2956 145
2957 107
2958 108
2959 127
2960 134
2961 109
2962 119
2963 144
2964 110
2965 124
2966 111
2967 136
2968 141
2969 140
2970 112
2971 139
2972 128
2973 113
2974 143
2975 125
2976 148
2977 133
2978 114
2979 121
2980 131
2981 144
2982 115
2983 148
2984 129
2985 122
2986 116
2987 145
2988 148
2989 141
2990 142
2991 149
2992 134
2993 117
2994 132
2995 143
2996 123
2997 136
2998 127
2999 149
3000 118
3001 146
3002 147
3003 149
3004 124
3005 119
3006 145
3007 133
3008 106
3009 107
3010 108
3011 109
3012 110
3013 131
3014 142
3015 137
3016 111
3017 146
3018 112
3019 140
3020 148
3021 121
3022 113
3023 129
3024 114
3025 139
3026 126
3027 136
3028 132
3029 122
3030 115
3031 147
3032 150
3033 149
3034 148
3035 116
3036 130
3037 127
3038 123
3039 142
3040 117
3041 144
3042 141
3043 135
3044 150
3045 133
3046 145
3047 118
3048 137
3049 140
3050 124
3051 128
3052 131
3053 119
3054 146
3055 139
3056 150
3057 125
3058 120
3059 134
3060 129
3061 107
3062 108
3063 109
3064 142
3065 110
3066 121
3067 111
3068 126
3069 141
3070 112
3071 151
3072 113
3073 146
3074 122
3075 151
3076 114
3077 135
3078 137
3079 115
3080 133
3081 147
3082 123
3083 116
3084 150
3085 139
3086 144
3087 143
3088 117
3089 131
3090 149
3091 128
3092 151
3093 124
3094 146
3095 118
3096 134
3097 141
3098 138
3099 151
3100 119
3101 125
3102 129
3103 132
3104 140
3105 149
3106 120
3107 151
3108 150
3109 148
3110 126
3111 137
3112 135
3113 121
3114 143
3115 146
3116 130
3117 139
3118 108
3119 109
3120 110
3121 111
3122 122
3123 149
3124 112
3125 127
3126 113
3127 141
3128 114
3129 148
3130 123
3131 136
3132 138
3133 115
3134 128
3135 116
3136 145
3137 140
3138 124
3139 117
3140 151
3141 143
3142 132
3143 118
3144 153
3145 129
3146 125
3147 142
3148 119
3149 150
3150 153
3151 151
3152 120
3153 126
3154 133
3155 130
3156 153
3157 146
3158 121
3159 152
3160 153
3161 147
3162 138
3163 136
3164 127
3165 151
3166 122
3167 131
3168 134
3169 109
3170 110
3171 111
3172 112
3173 123
3174 128
3175 113
3176 142
3177 114
3178 137
3179 115
3180 132
3181 124
3182 154
3183 116
3184 153
3185 135
3186 154
3187 129
3188 141
3189 117
3190 148
3191 144
3192 125
3193 118
3194 149
3195 133
3196 151
3197 119
3198 130
3199 126
3200 136
3201 120
3202 154
3203 153
3204 142
3205 121
3206 134
3207 127
3208 131
3209 146
3210 148
3211 152
3212 145
3213 151
3214 122
3215 139
3216 137
3217 141
3218 128
3219 155
3220 123
3221 132
3222 135
3223 155
3224 110
3225 111
3226 112
3227 124
3228 113
3229 114
3230 151
3231 138
3232 115
3233 147
3234 148
3235 133
3236 116
3237 125
3238 136
3239 117
3240 130
3241 145
3242 150
3243 153
3244 118
3245 126
3246 155
3247 119
3248 134
3249 154
3250 139
3251 131
3252 120
3253 137
3254 127
3255 121
3256 143
3257 148
3258 147
3259 152
3260 154
3261 135
3262 122
3263 156
3264 140
3265 138
3266 123
3267 142
3268 155
3269 129
3270 154
3271 156
3272 133
3273 124
3274 144
3275 156
3276 111
3277 112
3278 113
3279 130
3280 125
3281 114
3282 141
3283 150
3284 139
3285 115
3286 116
3287 143
3288 151
3289 117
3290 126
3291 155
3292 131
3293 118
3294 156
3295 152
3296 119
3297 145
3298 127
3299 157
3300 135
3301 120
3302 142
3303 157
3304 132
3305 155
3306 138
3307 121
3308 149
3309 128
3310 144
3311 151
3312 122
3313 147
3314 136
3315 133
3316 152
3317 129
3318 123
3319 154
3320 141
3321 146
3322 139
3323 157
3324 124
3325 153
3326 156
3327 130
3328 134
3329 137
3330 125
3331 150
3332 149
3333 151
3334 148
3335 112
3336 113
3337 114
3338 158
3339 115
3340 116
3341 135
3342 117
3343 138
3344 153
3345 127
3346 118
3347 132
3348 157
3349 119
3350 146
3351 156
3352 120
3353 128
3354 141
3355 136
3356 143
3357 150
3358 121
3359 158
3360 133
3361 152
3362 145
3363 122
3364 129
3365 148
3366 156
3367 153
3368 155
3369 158
3370 123
3371 137
3372 157
3373 134
3374 147
3375 130
3376 124
3377 144
3378 140
3379 159
3380 159
3381 125
3382 156
3383 146
3384 131
3385 138
3386 135
3387 159
3388 126
3389 149
3390 143
3391 141
3392 132
3393 113
3394 114
3395 127
3396 115
3397 116
3398 159
3399 136
3400 117
3401 139
3402 118
3403 128
3404 119
3405 133
3406 158
3407 120
3408 152
3409 151
3410 142
3411 121
3412 129
3413 150
3414 157
3415 122
3416 134
3417 149
3418 158
3419 160
3420 123
3421 130
3422 160
3423 155
3424 124
3425 143
3426 135
3427 145
3428 160
3429 131
3430 125
3431 158
3432 156
3433 152
3434 153
3435 147
3436 151
3437 126
3438 154
3439 132
3440 139
3441 159
3442 136
3443 127
3444 144
3445 157
3446 149
3447 142
3448 146
3449 133
3450 114
3451 115
3452 116
3453 137
3454 117
3455 140
3456 118
3457 148
3458 119
3459 129
3460 153
3461 120
3462 161
3463 154
3464 157
3465 121
3466 143
3467 160
3468 155
3469 138
3470 161
3471 122
3472 147
3473 150
3474 141
3475 123
3476 156
3477 160
3478 131
3479 124
3480 161
3481 149
3482 139
3483 144
3484 125
3485 146
3486 136
3487 161
3488 153
3489 132
3490 126
3491 155
3492 148
3493 161
3494 151
3495 156
3496 127
3497 140
3498 133
3499 137
3500 160
3501 145
3502 150
3503 161
3504 128
3505 157
3506 143
3507 162
3508 134
3509 129
3510 115
3511 116
3512 117
3513 162
3514 118
3515 158
3516 153
3517 119
3518 120
3519 130
3520 135
3521 121
3522 146
3523 144
3524 161
3525 122
3526 148
3527 139
3528 131
3529 123
3530 142
3531 136
3532 124
3533 150
3534 161
3535 132
3536 125
3537 140
3538 145
3539 147
3540 154
3541 126
3542 137
3543 160
3544 163
3545 143
3546 133
3547 157
3548 161
3549 127
3550 152
3551 163
3552 141
3553 128
3554 134
3555 151
3556 146
3557 162
3558 148
3559 144
3560 129
3561 163
3562 159
3563 135
3564 150
3565 154
3566 139
3567 130
3568 116
3569 117
3570 118
3571 119
3572 120
3573 158
3574 121
3575 131
3576 136
3577 145
3578 122
3579 149
3580 140
3581 123
3582 143
3583 163
3584 132
3585 124
3586 164
3587 137
3588 125
3589 164
3590 161
3591 156
3592 155
3593 133
3594 163
3595 126
3596 141
3597 154
3598 158
3599 138
3600 127
3601 153
3602 134
3603 159
3604 128
3605 161
3606 162
3607 142
3608 129
3609 135
3610 164
3611 160
3612 149
3613 145
3614 156
3615 157
3616 130
3617 155
3618 151
3619 158
3620 136
3621 162
3622 143
3623 140
3624 161
3625 131
3626 117
3627 118
3628 119
3629 120
3630 165
3631 148
3632 121
3633 153
3634 146
3635 137
3636 122
3637 123
3638 141
3639 124
3640 152
3641 133
3642 125
3643 161
3644 138
3645 126
3646 155
3647 149
3648 147
3649 134
3650 142
3651 127
3652 151
3653 154
3654 145
3655 139
3656 162
3657 165
3658 128
3659 135
3660 164
3661 129
3662 143
3663 166
3664 148
3665 140
3666 130
3667 157
3668 146
3669 159
3670 156
3671 152
3672 165
3673 164
3674 131
3675 160
3676 155
3677 137
3678 144
3679 141
3680 166
3681 132
3682 161
3683 118
3684 119
3685 120
3686 166
3687 121
3688 147
3689 122
3690 138
3691 133
3692 123
3693 162
3694 124
3695 158
3696 145
3697 159
3698 157
3699 125
3700 134
3701 126
3702 139
3703 166
3704 150
3705 161
3706 148
3707 127
3708 167
3709 135
3710 152
3711 165
3712 128
3713 146
3714 167
3715 140
3716 129
3717 136
3718 167
3719 164
3720 130
3721 159
3722 144
3723 149
3724 160
3725 151
3726 163
3727 141
3728 137
3729 131
3730 153
3731 156
3732 167
3733 166
3734 132
3735 145
3736 138
3737 165
3738 142
3739 155
3740 150
3741 133
3742 152
3743 163
3744 119
3745 120
3746 121
3747 122
3748 123
3749 160
3750 134
3751 124
3752 161
3753 143
3754 146
3755 125
3756 157
3757 164
3758 126
3759 166
3760 135
3761 140
3762 127
3763 149
3764 156
3765 153
3766 163
3767 128
3768 144
3769 136
3770 147
3771 129
3772 165
3773 168
3774 141
3775 166
3776 155
3777 130
3778 137
3779 168
3780 150
3781 145
3782 131
3783 142
3784 148
3785 138
3786 157
3787 132
3788 165
3789 169
3790 169
3791 167
3792 133
3793 146
3794 139
3795 143
3796 151
3797 153
3798 134
3799 149
3800 160
3801 166
3802 120
3803 121
3804 159
3805 122
3806 123
3807 140
3808 124
3809 135
3810 169
3811 144
3812 125
3813 126
3814 164
3815 127
3816 136
3817 157
3818 141
3819 150
3820 128
3821 167
3822 145
3823 129
3824 137
3825 148
3826 156
3827 161
3828 130
3829 142
3830 163
3831 170
3832 131
3833 138
3834 153
3835 151
3836 170
3837 146
3838 132
3839 155
3840 158
3841 169
3842 143
3843 170
3844 139
3845 133
3846 170
3847 157
3848 169
3849 147
3850 134
3851 140
3852 161
3853 154
3854 163
3855 166
3856 150
3857 135
3858 164
3859 156
3860 121
3861 122
3862 123
3863 141
3864 124
3865 125
3866 136
3867 145
3868 126
3869 167
3870 127
3871 158
3872 153
3873 128
3874 137
3875 171
3876 142
3877 171
3878 170
3879 129
3880 171
3881 146
3882 163
3883 149
3884 130
3885 161
3886 138
3887 168
3888 131
3889 160
3890 169
3891 165
3892 154
3893 132
3894 139
3895 147
3896 156
3897 166
3898 133
3899 150
3900 171
3901 144
3902 168
3903 140
3904 169
3905 134
3906 167
3907 163
3908 162
3909 148
3910 170
3911 153
3912 135
3913 145
3914 141
3915 151
3916 157
3917 172
3918 169
3919 136
3920 168
3921 172
3922 122
3923 123
3924 124
3925 125
3926 146
3927 137
3928 126
3929 159
3930 172
3931 127
3932 154
3933 128
3934 152
3935 138
3936 129
3937 171
3938 165
3939 162
3940 130
3941 147
3942 150
3943 166
3944 131
3945 139
3946 172
3947 144
3948 171
3949 132
3950 155
3951 153
3952 160
3953 157
3954 140
3955 133
3956 148
3957 151
3958 134
3959 145
3960 171
3961 173
3962 159
3963 164
3964 141
3965 172
3966 163
3967 135
3968 166
3969 162
3970 149
3971 154
3972 169
3973 167
3974 136
3975 142
3976 171
3977 152
3978 161
3979 173
3980 137
3981 168
3982 123
3983 124
3984 125
3985 147
3986 126
3987 138
3988 127
3989 157
3990 128
3991 169
3992 166
3993 153
3994 129
3995 163
3996 144
3997 139
3998 159
3999 130
4000 148
4001 131
4002 173
4003 168
4004 171
4005 132
4006 174
4007 145
4008 156
4009 161
4010 133
4011 154
4012 158
4013 173
4014 169
4015 141
4016 134
4017 152
4018 165
4019 166
4020 160
4021 146
4022 135
4023 173
4024 142
4025 163
4026 168
4027 136
4028 157
4029 155
4030 150
4031 162
4032 159
4033 147
4034 174
4035 137
4036 143
4037 171
4038 172
4039 138
4040 161
4041 170
4042 151
4043 144
4044 124
4045 125
4046 126
4047 158
4048 127
4049 139
4050 128
4051 175
4052 154
4053 129
4054 175
4055 160
4056 130
4057 145
4058 171
4059 140
4060 131
4061 149
4062 152
4063 175
4064 132
4065 162
4066 141
4067 133
4068 146
4069 155
4070 134
4071 172
4072 167
4073 166
4074 150
4075 173
4076 142
4077 165
4078 135
4079 169
4080 147
4081 164
4082 136
4083 174
4084 143
4085 158
4086 156
4087 137
4088 151
4089 173
4090 160
4091 176
4092 148
4093 138
4094 174
4095 171
4096 176
4097 175
4098 162
4099 167
4100 168
4101 166
4102 139
4103 152
4104 169
4105 145
4106 149
4107 176
4108 125
4109 126
4110 127
4111 172
4112 128
4113 155
4114 129
4115 164
4116 130
4117 131
4118 146
4119 141
4120 153
4121 132
4122 175
4123 163
4124 133
4125 158
4126 142
4127 134
4128 147
4129 172
4130 169
4131 166
4132 135
4133 162
4134 151
4135 177
4136 154
4137 143
4138 176
4139 165
4140 136
4141 177
4142 171
4143 148
4144 173
4145 137
4146 159
4147 144
4148 157
4149 176
4150 161
4151 152
4152 138
4153 155
4154 149
4155 168
4156 145
4157 139
4158 174
4159 167
4160 170
4161 177
4162 175
4163 173
4164 166
4165 140
4166 153
4167 158
4168 146
4169 177
4170 126
4171 127
4172 128
4173 141
4174 172
4175 129
4176 130
4177 174
4178 131
4179 147
4180 132
4181 142
4182 151
4183 178
4184 133
4185 176
4186 169
4187 159
4188 168
4189 161
4190 134
4191 157
4192 143
4193 148
4194 135
4195 163
4196 175
4197 136
4198 155
4199 176
4200 144
4201 137
4202 178
4203 149
4204 165
4205 160
4206 138
4207 162
4208 145
4209 178
4210 153
4211 175
4212 170
4213 139
4214 156
4215 171
4216 150
4217 178
4218 146
4219 140
4220 167
4221 161
4222 159
4223 154
4224 141
4225 166
4226 151
4227 147
4228 157
4229 179
4230 127
4231 128
4232 129
4233 142
4234 130
4235 174
4236 131
4237 165
4238 132
4239 148
4240 155
4241 133
4242 152
4243 143
4244 160
4245 134
4246 168
4247 158
4248 175
4249 135
4250 173
4251 144
4252 149
4253 167
4254 136
4255 153
4256 156
4257 137
4258 174
4259 145
4260 166
4261 138
4262 161
4263 150
4264 179
4265 159
4266 171
4267 139
4268 170
4269 146
4270 154
4271 180
4272 169
4273 157
4274 173
4275 140
4276 151
4277 168
4278 180
4279 147
4280 174
4281 141
4282 176
4283 162
4284 179
4285 160
4286 155
4287 164
4288 142
4289 152
4290 175
4291 148
4292 128
4293 129
4294 143
4295 130
4296 177
4297 131
4298 170
4299 173
4300 132
4301 156
4302 133
4303 153
4304 161
4305 163
4306 134
4307 135
4308 159
4309 165
4310 168
4311 136
4312 175
4313 145
4314 150
4315 181
4316 181
4317 178
4318 137
4319 154
4320 157
4321 167
4322 138
4323 181
4324 179
4325 146
4326 162
4327 172
4328 164
4329 139
4330 160
4331 170
4332 181
4333 140
4334 147
4335 166
4336 158
4337 177
4338 169
4339 179
4340 141
4341 152
4342 148
4343 163
4344 142
4345 161
4346 180
4347 165
4348 156
4349 178
4350 143
4351 149
4352 172
4353 181
4354 174
4355 167
4356 171
4357 182
4358 129
4359 130
4360 131
4361 132
4362 133
4363 150
4364 134
4365 176
4366 145
4367 135
4368 182
4369 169
4370 160
4371 136
4372 180
4373 181
4374 137
4375 151
4376 146
4377 177
4378 138
4379 155
4380 173
4381 174
4382 172
4383 139
4384 181
4385 147
4386 182
4387 161
4388 152
4389 140
4390 176
4391 167
4392 156
4393 141
4394 148
4395 159
4396 181
4397 177
4398 153
4399 142
4400 182
4401 169
4402 179
4403 164
4404 149
4405 162
4406 166
4407 143
4408 157
4409 174
4410 173
4411 183
4412 175
4413 160
4414 154
4415 144
4416 183
4417 150
4418 171
4419 180
4420 183
4421 145
4422 130
4423 131
4424 132
4425 165
4426 158
4427 133
4428 134
4429 151
4430 155
4431 170
4432 135
4433 161
4434 146
4435 136
4436 137
4437 182
4438 169
4439 138
4440 175
4441 147
4442 181
4443 159
4444 156
4445 139
4446 179
4447 164
4448 166
4449 177
4450 140
4451 148
4452 184
4453 153
4454 168
4455 141
4456 178
4457 157
4458 181
4459 160
4460 149
4461 142
4462 170
4463 183
4464 154
4465 143
4466 163
4467 150
4468 184
4469 144
4470 173
4471 181
4472 161
4473 184
4474 155
4475 180
4476 172
4477 145
4478 151
4479 184
4480 166
4481 146
4482 131
4483 132
4484 133
4485 134
4486 152
4487 135
4488 162
4489 181
4490 136
4491 185
4492 147
4493 137
4494 176
4495 175
4496 170
4497 177
4498 138
4499 183
4500 153
4501 139
4502 148
4503 157
4504 165
4505 167
4506 140
4507 182
4508 163
4509 141
4510 172
4511 149
4512 154
4513 183
4514 142
4515 185
4516 158
4517 161
4518 180
4519 150
4520 171
4521 143
4522 176
4523 177
4524 166
4525 155
4526 168
4527 144
4528 183
4529 174
4530 151
4531 159
4532 179
4533 170
4534 145
4535 162
4536 173
4537 184
4538 156
4539 186
4540 146
4541 185
4542 186
4543 167
4544 172
4545 165
4546 160
4547 169
4548 147
4549 132
4550 133
4551 134
4552 157
4553 135
4554 163
4555 176
4556 136
4557 137
4558 171
4559 148
4560 179
4561 138
4562 174
4563 139
4564 185
4565 154
4566 161
4567 180
4568 149
4569 140
4570 141
4571 164
4572 186
4573 181
4574 142
4575 155
4576 143
4577 159
4578 162
4579 177
4580 178
4581 186
4582 176
4583 187
4584 151
4585 144
4586 167
4587 169
4588 175
4589 156
4590 165
4591 180
4592 145
4593 186
4594 171
4595 152
4596 160
4597 187
4598 181
4599 163
4600 146
4601 183
4602 157
4603 186
4604 185
4605 153
4606 147
4607 168
4608 182
4609 187
4610 166
4611 170
4612 178
4613 161
4614 177
4615 148
4616 133
4617 134
4618 187
4619 135
4620 154
4621 136
4622 137
4623 183
4624 138
4625 149
4626 139
4627 140
4628 169
4629 155
4630 186
4631 159
4632 150
4633 141
4634 188
4635 171
4636 188
4637 165
4638 142
4639 185
4640 188
4641 151
4642 143
4643 156
4644 173
4645 180
4646 177
4647 163
4648 160
4649 144
4650 181
4651 168
4652 152
4653 145
4654 188
4655 166
4656 157
4657 182
4658 172
4659 187
4660 175
4661 146
4662 188
4663 153
4664 164
4665 147
4666 158
4667 187
4668 169
4669 179
4670 154
4671 148
4672 167
4673 186
4674 181
4675 162
4676 177
4677 184
4678 189
4679 189
4680 149
4681 182
4682 159
4683 134
4684 135
4685 136
4686 137
4687 189
4688 138
4689 150
4690 139
4691 189
4692 140
4693 185
4694 168
4695 163
4696 156
4697 141
4698 160
4699 189
4700 151
4701 188
4702 142
4703 184
4704 180
4705 179
4706 181
4707 143
4708 174
4709 152
4710 157
4711 144
4712 164
4713 161
4714 145
4715 171
4716 153
4717 167
4718 146
4719 173
4720 158
4721 184
4722 147
4723 162
4724 154
4725 165
4726 189
4727 186
4728 175
4729 180
4730 181
4731 148
4732 159
4733 170
4734 185
4735 172
4736 168
4737 155
4738 178
4739 149
4740 190
4741 163
4742 174
4743 166
4744 177
4745 150
4746 187
4747 156
4748 135
4749 136
4750 137
4751 138
4752 139
4753 190
4754 176
4755 151
4756 140
4757 169
4758 185
4759 164
4760 141
4761 157
4762 161
4763 142
4764 167
4765 152
4766 143
4767 175
4768 188
4769 144
4770 190
4771 178
4772 158
4773 153
4774 191
4775 145
4776 191
4777 162
4778 189
4779 170
4780 191
4781 146
4782 177
4783 190
4784 191
4785 168
4786 154
4787 188
4788 187
4789 147
4790 182
4791 163
4792 148
4793 155
4794 180
4795 171
4796 184
4797 149
4798 160
4799 173
4800 169
4801 188
4802 156
4803 185
4804 175
4805 150
4806 189
4807 164
4808 167
4809 161
4810 151
4811 186
4812 157
4813 136
4814 137
4815 138
4816 172
4817 139
4818 140
4819 183
4820 152
4821 181
4822 141
4823 192
4824 184
4825 142
4826 158
4827 187
4828 168
4829 143
4830 176
4831 153
4832 190
4833 144
4834 179
4835 192
4836 145
4837 186
4838 159
4839 154
4840 173
4841 171
4842 163
4843 146
4844 178
4845 175
4846 190
4847 169
4848 147
4849 192
4850 155
4851 183
4852 160
4853 148
4854 177
4855 181
4856 164
4857 167
4858 191
4859 149
4860 156
4861 180
4862 172
4863 174
4864 186
4865 161
4866 150
4867 193
4868 176
4869 179
4870 157
4871 191
4872 165
4873 151
4874 168
4875 192
4876 193
4877 189
4878 162
4879 178
4880 152
4881 193
4882 183
4883 158
4884 173
4885 182
4886 137
4887 138
4888 139
4889 193
4890 140
4891 141
4892 166
4893 153
4894 186
4895 142
4896 163
4897 143
4898 180
4899 144
4900 187
4901 154
4902 192
4903 189
4904 145
4905 191
4906 146
4907 167
4908 160
4909 155
4910 164
4911 176
4912 193
4913 147
4914 170
4915 183
4916 148
4917 190
4918 156
4919 191
4920 178
4921 161
4922 194
4923 149
4924 168
4925 165
4926 192
4927 173
4928 150
4929 157
4930 193
4931 171
4932 162
4933 177
4934 151
4935 191
4936 190
4937 158
4938 166
4939 169
4940 152
4941 185
4942 184
4943 179
4944 186
4945 163
4946 174
4947 153
4948 159
4949 187
4950 176
4951 172
4952 138
4953 139
4954 191
4955 140
4956 141
4957 142
4958 181
4959 170
4960 143
4961 164
4962 160
4963 144
4964 145
4965 155
4966 189
4967 195
4968 146
4969 175
4970 173
4971 168
4972 147
4973 186
4974 165
4975 156
4976 187
4977 171
4978 148
4979 190
4980 183
4981 193
4982 179
4983 188
4984 149
4985 157
4986 162
4987 150
4988 169
4989 195
4990 166
4991 189
4992 174
4993 191
4994 158
4995 151
4996 193
4997 172
4998 195
4999 163
5000 152
5001 186
5002 185
5003 159
5004 170
5005 184
5006 153
5007 188
5008 192
5009 164
5010 175
5011 183
5012 196
5013 177
5014 196
5015 191
5016 173
5017 154
5018 196
5019 179
5020 139
5021 140
5022 141
5023 142
5024 155
5025 143
5026 190
5027 165
5028 144
5029 161
5030 196
5031 145
5032 192
5033 181
5034 146
5035 176
5036 187
5037 174
5038 185
5039 147
5040 178
5041 169
5042 162
5043 148
5044 157
5045 172
5046 180
5047 149
5048 183
5049 195
5050 196
5051 190
5052 150
5053 158
5054 163
5055 170
5056 167
5057 151
5058 182
5059 191
5060 179
5061 197
5062 159
5063 152
5064 197
5065 187
5066 164
5067 197
5068 193
5069 196
5070 194
5071 153
5072 181
5073 168
5074 171
5075 160
5076 197
5077 184
5078 195
5079 154
5080 176
5081 178
5082 165
5083 174
5084 161
5085 155
5086 180
5087 197
5088 194
5089 169
5090 140
5091 141
5092 142
5093 143
5094 156
5095 197
5096 144
5097 162
5098 145
5099 189
5100 146
5101 177
5102 157
5103 147
5104 190
5105 196
5106 185
5107 170
5108 148
5109 163
5110 167
5111 173
5112 149
5113 158
5114 197
5115 184
5116 198
5117 150
5118 198
5119 196
5120 192
5121 151
5122 159
5123 164
5124 178
5125 171
5126 176
5127 168
5128 152
5129 195
5130 188
5131 189
5132 187
5133 174
5134 160
5135 198
5136 153
5137 186
5138 197
5139 165
5140 182
5141 191
5142 154
5143 169
5144 172
5145 161
5146 177
5147 179
5148 192
5149 155
5150 194
5151 166
5152 175
5153 184
5154 181
5155 162
5156 156
5157 193
5158 170
5159 173
5160 188
5161 141
5162 142
5163 199
5164 143
5165 144
5166 157
5167 145
5168 191
5169 163
5170 146
5171 180
5172 199
5173 147
5174 176
5175 158
5176 148
5177 171
5178 197
5179 182
5180 149
5181 185
5182 164
5183 199
5184 150
5185 159
5186 196
5187 151
5188 184
5189 179
5190 198
5191 165
5192 152
5193 181
5194 188
5195 169
5196 191
5197 153
5198 175
5199 187
5200 192
5201 161
5202 199
5203 154
5204 166
5205 186
5206 193
5207 195
5208 173
5209 170
5210 155
5211 200
5212 199
5213 162
5214 200
5215 185
5216 156
5217 167
5218 200
5219 199
5220 190
5221 163
5222 196
5223 157
5224 171
5225 200
5226 174
5227 195
5228 142
5229 143
5230 144
5231 158
5232 145
5233 179
5234 146
5235 181
5236 147
5237 200
5238 148
5239 159
5240 172
5241 149
5242 196
5243 175
5244 169
5245 150
5246 165
5247 198
5248 160
5249 151
5250 185
5251 191
5252 190
5253 152
5254 189
5255 178
5256 182
5257 173
5258 166
5259 161
5260 153
5261 170
5262 197
5263 176
5264 201
5265 200
5266 154
5267 194
5268 201
5269 187
5270 162
5271 155
5272 199
5273 174
5274 171
5275 181
5276 179
5277 156
5278 163
5279 198
5280 183
5281 177
5282 191
5283 192
5284 168
5285 157
5286 200
5287 193
5288 196
5289 189
5290 185
5291 164
5292 172
5293 158
5294 175
5295 188
5296 180
5297 169
5298 143
5299 144
5300 145
5301 159
5302 146
5303 165
5304 178
5305 147
5306 187
5307 148
5308 149
5309 202
5310 160
5311 150
5312 170
5313 166
5314 151
5315 193
5316 186
5317 190
5318 161
5319 152
5320 194
5321 181
5322 179
5323 202
5324 153
5325 197
5326 174
5327 167
5328 162
5329 171
5330 154
5331 201
5332 177
5333 188
5334 155
5335 196
5336 163
5337 199
5338 168
5339 156
5340 201
5341 175
5342 182
5343 172
5344 192
5345 193
5346 184
5347 157
5348 191
5349 164
5350 178
5351 190
5352 169
5353 195
5354 158
5355 201
5356 186
5357 199
5358 203
5359 165
5360 176
5361 196
5362 159
5363 202
5364 181
5365 183
5366 170
5367 144
5368 145
5369 203
5370 146
5371 185
5372 166
5373 147
5374 148
5375 149
5376 174
5377 193
5378 199
5379 150
5380 161
5381 151
5382 171
5383 167
5384 198
5385 201
5386 152
5387 182
5388 162
5389 184
5390 153
5391 180
5392 175
5393 154
5394 168
5395 189
5396 172
5397 163
5398 178
5399 155
5400 201
5401 156
5402 203
5403 164
5404 194
5405 169
5406 183
5407 176
5408 157
5409 192
5410 173
5411 185
5412 204
5413 196
5414 200
5415 191
5416 179
5417 158
5418 165
5419 187
5420 170
5421 197
5422 190
5423 159
5424 202
5425 174
5426 177
5427 166
5428 160
5429 189
5430 204
5431 171
5432 180
5433 145
5434 146
5435 161
5436 147
5437 193
5438 148
5439 204
5440 149
5441 196
5442 199
5443 175
5444 150
5445 178
5446 151
5447 162
5448 197
5449 172
5450 152
5451 191
5452 168
5453 183
5454 153
5455 181
5456 198
5457 163
5458 200
5459 205
5460 154
5461 176
5462 187
5463 155
5464 169
5465 173
5466 164
5467 199
5468 156
5469 205
5470 195
5471 194
5472 189
5473 196
5474 157
5475 193
5476 184
5477 165
5478 170
5479 177
5480 186
5481 158
5482 205
5483 203
5484 198
5485 180
5486 188
5487 159
5488 166
5489 205
5490 191
5491 171
5492 199
5493 160
5494 201
5495 178
5496 175
5497 167
5498 183
5499 190
5500 161
5501 187
5502 196
5503 200
5504 181
5505 172
5506 197
5507 206
5508 206
5509 193
5510 146
5511 147
5512 148
5513 149
5514 176
5515 150
5516 179
5517 151
5518 192
5519 201
5520 163
5521 152
5522 173
5523 184
5524 186
5525 153
5526 182
5527 154
5528 191
5529 205
5530 164
5531 200
5532 155
5533 180
5534 203
5535 156
5536 195
5537 165
5538 190
5539 194
5540 157
5541 204
5542 201
5543 206
5544 185
5545 158
5546 183
5547 166
5548 171
5549 175
5550 206
5551 159
5552 181
5553 203
5554 192
5555 202
5556 204
5557 207
5558 167
5559 160
5560 207
5561 172
5562 207
5563 161
5564 176
5565 197
5566 184
5567 205
5568 168
5569 195
5570 188
5571 206
5572 162
5573 199
5574 194
5575 173
5576 190
5577 169
5578 200
5579 163
5580 147
5581 148
5582 149
5583 150
5584 151
5585 152
5586 185
5587 187
5588 164
5589 153
5590 170
5591 183
5592 154
5593 189
5594 206
5595 155
5596 165
5597 178
5598 196
5599 156
5600 202
5601 181
5602 175
5603 171
5604 157
5605 207
5606 166
5607 208
5608 206
5609 158
5610 188
5611 184
5612 205
5613 201
5614 159
5615 172
5616 167
5617 176
5618 193
5619 182
5620 160
5621 206
5622 202
5623 207
5624 168
5625 161
5626 198
5627 173
5628 192
5629 199
5630 204
5631 187
5632 180
5633 185
5634 208
5635 177
5636 162
5637 189
5638 169
5639 195
5640 206
5641 183
5642 201
5643 208
5644 163
5645 174
5646 191
5647 194
5648 170
5649 164
5650 181
5651 148
5652 149
5653 150
5654 204
5655 151
5656 152
5657 193
5658 153
5659 175
5660 165
5661 154
5662 198
5663 171
5664 203
5665 155
5666 200
5667 209
5668 207
5669 156
5670 179
5671 166
5672 201
5673 182
5674 208
5675 157
5676 176
5677 172
5678 209
5679 195
5680 158
5681 202
5682 167
5683 189
5684 159
5685 208
5686 180
5687 191
5688 160
5689 173
5690 168
5691 177
5692 183
5693 206
5694 205
5695 161
5696 199
5697 198
5698 208
5699 193
5700 207
5701 169
5702 162
5703 174
5704 186
5705 181
5706 190
5707 178
5708 209
5709 163
5710 210
5711 170
5712 192
5713 195
5714 164
5715 175
5716 209
5717 210
5718 171
5719 182
5720 165
5721 210
5722 149
5723 150
5724 187
5725 151
5726 152
5727 199
5728 153
5729 191
5730 176
5731 185
5732 154
5733 166
5734 206
5735 155
5736 172
5737 197
5738 156
5739 193
5740 180
5741 157
5742 208
5743 167
5744 196
5745 158
5746 177
5747 173
5748 188
5749 190
5750 159
5751 168
5752 186
5753 195
5754 210
5755 209
5756 160
5757 181
5758 208
5759 174
5760 161
5761 178
5762 169
5763 199
5764 205
5765 202
5766 211
5767 194
5768 162
5769 209
5770 203
5771 189
5772 170
5773 197
5774 163
5775 182
5776 208
5777 179
5778 204
5779 211
5780 164
5781 185
5782 196
5783 171
5784 209
5785 211
5786 210
5787 176
5788 165
5789 201
5790 183
5791 180
5792 172
5793 207
5794 188
5795 166
5796 199
5797 150
5798 151
5799 152
5800 153
5801 211
5802 186
5803 177
5804 154
5805 155
5806 167
5807 204
5808 173
5809 156
5810 157
5811 184
5812 210
5813 158
5814 205
5815 212
5816 207
5817 178
5818 189
5819 159
5820 174
5821 211
5822 196
5823 187
5824 160
5825 169
5826 201
5827 202
5828 182
5829 161
5830 203
5831 185
5832 175
5833 179
5834 162
5835 195
5836 208
5837 209
5838 198
5839 163
5840 190
5841 205
5842 192
5843 188
5844 171
5845 176
5846 183
5847 164
5848 180
5849 197
5850 194
5851 186
5852 165
5853 209
5854 172
5855 208
5856 212
5857 211
5858 202
5859 177
5860 210
5861 166
5862 200
5863 191
5864 184
5865 181
5866 189
5867 173
5868 212
5869 193
5870 167
5871 151
5872 152
5873 153
5874 154
5875 209
5876 155
5877 213
5878 156
5879 174
5880 157
5881 182
5882 213
5883 185
5884 158
5885 169
5886 159
5887 190
5888 179
5889 212
5890 175
5891 160
5892 188
5893 204
5894 201
5895 161
5896 170
5897 205
5898 183
5899 200
5900 162
5901 186
5902 211
5903 176
5904 213
5905 206
5906 171
5907 163
5908 191
5909 193
5910 164
5911 189
5912 207
5913 210
5914 172
5915 177
5916 214
5917 195
5918 165
5919 214
5920 181
5921 187
5922 214
5923 203
5924 204
5925 202
5926 166
5927 173
5928 197
5929 201
5930 212
5931 178
5932 192
5933 167
5934 185
5935 190
5936 182
5937 214
5938 211
5939 174
5940 209
5941 207
5942 168
5943 196
5944 152
5945 153
5946 179
5947 154
5948 155
5949 156
5950 169
5951 157
5952 208
5953 183
5954 158
5955 198
5956 159
5957 191
5958 210
5959 205
5960 170
5961 213
5962 160
5963 195
5964 206
5965 189
5966 176
5967 161
5968 201
5969 215
5970 171
5971 162
5972 184
5973 197
5974 187
5975 200
5976 163
5977 181
5978 177
5979 211
5980 208
5981 172
5982 164
5983 215
5984 194
5985 190
5986 199
5987 165
5988 196
5989 185
5990 173
5991 178
5992 205
5993 182
5994 203
5995 215
5996 166
5997 202
5998 198
5999 207
6000 212
6001 167
6002 174
6003 193
6004 210
6005 179
6006 208
6007 191
6008 186
6009 168
6010 183
6011 175
6012 189
6013 200
6014 169
6015 215
6016 180
6017 153
6018 154
6019 155
6020 156
6021 216
6022 157
6023 170
6024 158
6025 187
6026 194
6027 159
6028 192
6029 160
6030 171
6031 190
6032 161
6033 216
6034 177
6035 162
6036 215
6037 198
6038 213
6039 216
6040 185
6041 172
6042 211
6043 163
6044 188
6045 164
6046 178
6047 193
6048 195
6049 173
6050 200
6051 165
6052 191
6053 206
6054 197
6055 207
6056 204
6057 213
6058 166
6059 179
6060 174
6061 183
6062 216
6063 214
6064 167
6065 209
6066 202
6067 217
6068 168
6069 175
6070 216
6071 217
6072 196
6073 180
6074 217
6075 187
6076 210
6077 213
6078 184
6079 169
6080 201
6081 198
6082 214
6083 190
6084 176
6085 217
6086 170
6087 207
6088 181
6089 211
6090 154
6091 155
6092 156
6093 204
6094 157
6095 158
6096 177
6097 171
6098 193
6099 159
6100 197
6101 203
6102 160
6103 217
6104 161
6105 182
6106 172
6107 162
6108 199
6109 215
6110 178
6111 202
6112 163
6113 186
6114 173
6115 211
6116 164
6117 183
6118 194
6119 201
6120 165
6121 206
6122 208
6123 174
6124 205
6125 218
6126 166
6127 209
6128 218
6129 212
6130 204
6131 187
6132 167
6133 210
6134 180
6135 175
6136 184
6137 216
6138 203
6139 168
6140 214
6141 217
6142 211
6143 195
6144 213
6145 197
6146 218
6147 176
6148 169
6149 181
6150 188
6151 199
6152 185
6153 216
6154 170
6155 217
6156 191
6157 208
6158 206
6159 177
6160 218
6161 205
6162 214
6163 171
6164 182
6165 155
6166 156
6167 157
6168 189
6169 158
6170 178
6171 159
6172 172
6173 160
6174 161
6175 192
6176 200
6177 183
6178 203
6179 162
6180 173
6181 212
6182 217
6183 163
6184 214
6185 219
6186 187
6187 164
6188 190
6189 208
6190 174
6191 207
6192 219
6193 202
6194 165
6195 195
6196 213
6197 184
6198 180
6199 199
6200 166
6201 193
6202 175
6203 218
6204 167
6205 215
6206 188
6207 201
6208 216
6209 191
6210 168
6211 181
6212 185
6213 176
6214 217
6215 218
6216 169
6217 196
6218 198
6219 219
6220 194
6221 203
6222 177
6223 170
6224 189
6225 182
6226 210
6227 207
6228 186
6229 219
6230 192
6231 171
6232 217
6233 206
6234 220
6235 178
6236 220
6237 212
6238 183
6239 172
6240 205
6241 197
6242 195
6243 190
6244 156
6245 157
6246 158
6247 159
6248 216
6249 173
6250 160
6251 204
6252 161
6253 162
6254 184
6255 163
6256 174
6257 209
6258 180
6259 164
6260 220
6261 188
6262 211
6263 191
6264 165
6265 198
6266 196
6267 175
6268 212
6269 166
6270 185
6271 206
6272 194
6273 181
6274 167
6275 215
6276 213
6277 176
6278 202
6279 168
6280 189
6281 192
6282 182
6283 169
6284 214
6285 177
6286 220
6287 221
6288 197
6289 199
6290 219
6291 204
6292 221
6293 170
6294 209
6295 195
6296 211
6297 218
6298 201
6299 208
6300 178
6301 171
6302 187
6303 193
6304 213
6305 203
6306 172
6307 179
6308 206
6309 217
6310 221
6311 198
6312 184
6313 200
6314 173
6315 196
6316 191
6317 221
6318 188
6319 157
6320 158
6321 159
6322 180
6323 160
6324 174
6325 161
6326 215
6327 162
6328 211
6329 185
6330 163
6331 212
6332 164
6333 175
6334 204
6335 181
6336 213
6337 165
6338 192
6339 199
6340 197
6341 216
6342 166
6343 201
6344 222
6345 176
6346 186
6347 167
6348 221
6349 182
6350 203
6351 168
6352 220
6353 177
6354 218
6355 190
6356 169
6357 222
6358 193
6359 219
6360 221
6361 187
6362 183
6363 170
6364 205
6365 178
6366 216
6367 209
6368 196
6369 171
6370 222
6371 221
6372 208
6373 191
6374 179
6375 184
6376 172
6377 219
6378 188
6379 217
6380 207
6381 173
6382 220
6383 180
6384 199
6385 201
6386 185
6387 174
6388 189
6389 212
6390 211
6391 219
6392 158
6393 159
6394 160
6395 161
6396 175
6397 162
6398 214
6399 163
6400 186
6401 205
6402 164
6403 223
6404 176
6405 165
6406 182
6407 193
6408 190
6409 198
6410 221
6411 166
6412 223
6413 167
6414 222
6415 177
6416 196
6417 187
6418 220
6419 204
6420 207
6421 168
6422 183
6423 169
6424 178
6425 191
6426 212
6427 213
6428 194
6429 217
6430 211
6431 170
6432 206
6433 201
6434 199
6435 188
6436 184
6437 171
6438 179
6439 220
6440 197
6441 209
6442 222
6443 223
6444 172
6445 221
6446 192
6447 205
6448 180
6449 185
6450 195
6451 208
6452 189
6453 173
6454 224
6455 223
6456 224
6457 217
6458 200
6459 174
6460 181
6461 219
6462 207
6463 198
6464 213
6465 186
6466 204
6467 193
6468 175
6469 190
6470 215
6471 218
6472 196
6473 182
6474 159
6475 160
6476 161
6477 162
6478 224
6479 163
6480 187
6481 164
6482 220
6483 209
6484 165
6485 194
6486 177
6487 183
6488 166
6489 167
6490 222
6491 223
6492 208
6493 197
6494 168
6495 178
6496 218
6497 169
6498 184
6499 212
6500 215
6501 221
6502 170
6503 225
6504 179
6505 211
6506 225
6507 216
6508 202
6509 200
6510 225
6511 171
6512 189
6513 204
6514 185
6515 210
6516 217
6517 198
6518 172
6519 225
6520 206
6521 223
6522 173
6523 221
6524 218
6525 196
6526 186
6527 181
6528 190
6529 225
6530 174
6531 201
6532 203
6533 214
6534 208
6535 213
6536 225
6537 175
6538 182
6539 205
6540 224
6541 187
6542 194
6543 191
6544 176
6545 197
6546 222
6547 207
6548 183
6549 160
6550 161
6551 162
6552 177
6553 163
6554 164
6555 202
6556 165
6557 204
6558 200
6559 195
6560 166
6561 192
6562 178
6563 167
6564 206
6565 168
6566 215
6567 214
6568 221
6569 226
6570 216
6571 189
6572 169
6573 179
6574 226
6575 217
6576 185
6577 170
6578 208
6579 193
6580 196
6581 171
6582 180
6583 201
6584 224
6585 211
6586 205
6587 172
6588 225
6589 186
6590 199
6591 223
6592 219
6593 181
6594 173
6595 210
6596 226
6597 194
6598 174
6599 197
6600 187
6601 191
6602 182
6603 214
6604 209
6605 202
6606 175
6607 213
6608 223
6609 200
6610 218
6611 226
6612 176
6613 225
6614 183
6615 212
6616 195
6617 188
6618 221
6619 227
6620 192
6621 219
6622 198
6623 177
6624 226
6625 211
6626 227
6627 184
6628 161
6629 162
6630 163
6631 178
6632 164
6633 189
6634 165
6635 201
6636 222
6637 166
6638 193
6639 216
6640 167
6641 185
6642 179
6643 168
6644 199
6645 218
6646 221
6647 169
6648 225
6649 213
6650 190
6651 226
6652 170
6653 209
6654 219
6655 186
6656 171
6657 194
6658 197
6659 202
6660 206
6661 172
6662 181
6663 226
6664 225
6665 191
6666 200
6667 173
6668 187
6669 208
6670 182
6671 221
6672 174
6673 216
6674 217
6675 195
6676 215
6677 198
6678 226
6679 223
6680 175
6681 210
6682 188
6683 205
6684 183
6685 176
6686 207
6687 201
6688 213
6689 220
6690 228
6691 177
6692 184
6693 189
6694 212
6695 193
6696 227
6697 224
6698 221
6699 225
6700 178
6701 223
6702 185
6703 204
6704 206
6705 217
6706 162
6707 163
6708 179
6709 164
6710 165
6711 222
6712 197
6713 166
6714 215
6715 194
6716 167
6717 168
6718 180
6719 214
6720 224
6721 169
6722 210
6723 170
6724 191
6725 229
6726 223
6727 226
6728 181
6729 171
6730 187
6731 198
6732 195
6733 203
6734 172
6735 229
6736 228
6737 182
6738 173
6739 212
6740 201
6741 192
6742 225
6743 229
6744 174
6745 217
6746 226
6747 219
6748 216
6749 183
6750 175
6751 196
6752 215
6753 199
6754 206
6755 227
6756 176
6757 193
6758 189
6759 184
6760 202
6761 177
6762 226
6763 229
6764 222
6765 210
6766 197
6767 185
6768 178
6769 190
6770 200
6771 227
6772 194
6773 229
6774 218
6775 179
6776 219
6777 205
6778 207
6779 212
6780 186
6781 216
6782 203
6783 226
6784 209
6785 191
6786 163
6787 164
6788 165
6789 198
6790 166
6791 167
6792 230
6793 168
6794 201
6795 187
6796 169
6797 222
6798 181
6799 170
6800 214
6801 192
6802 171
6803 228
6804 206
6805 182
6806 223
6807 172
6808 188
6809 199
6810 196
6811 225
6812 173
6813 210
6814 219
6815 218
6816 202
6817 183
6818 174
6819 193
6820 224
6821 221
6822 189
6823 175
6824 216
6825 212
6826 184
6827 197
6828 176
6829 226
6830 207
6831 205
6832 209
6833 194
6834 177
6835 190
6836 223
6837 228
6838 185
6839 203
6840 231
6841 211
6842 178
6843 231
6844 198
6845 224
6846 186
6847 201
6848 179
6849 220
6850 229
6851 195
6852 218
6853 221
6854 226
6855 213
6856 206
6857 217
6858 180
6859 204
6860 187
6861 231
6862 216
6863 192
6864 199
6865 181
6866 164
6867 165
6868 166
6869 196
6870 167
6871 168
6872 169
6873 215
6874 188
6875 170
6876 231
6877 226
6878 171
6879 193
6880 207
6881 209
6882 172
6883 205
6884 230
6885 183
6886 200
6887 173
6888 225
6889 211
6890 218
6891 174
6892 203
6893 232
6894 184
6895 194
6896 175
6897 231
6898 232
6899 230
6900 213
6901 190
6902 176
6903 229
6904 226
6905 232
6906 198
6907 185
6908 208
6909 206
6910 177
6911 210
6912 195
6913 191
6914 178
6915 215
6916 186
6917 228
6918 227
6919 221
6920 220
6921 179
6922 222
6923 199
6924 219
6925 202
6926 187
6927 192
6928 180
6929 230
6930 209
6931 207
6932 231
6933 224
6934 211
6935 217
6936 181
6937 232
6938 188
6939 229
6940 200
6941 193
6942 225
6943 213
6944 182
6945 165
6946 166
6947 167
6948 232
6949 168
6950 169
6951 233
6952 189
6953 170
6954 183
6955 171
6956 208
6957 221
6958 210
6959 233
6960 172
6961 215
6962 206
6963 223
6964 173
6965 201
6966 212
6967 184
6968 190
6969 174
6970 230
6971 233
6972 204
6973 232
6974 175
6975 214
6976 185
6977 176
6978 217
6979 191
6980 177
6981 199
6982 202
6983 207
6984 186
6985 230
6986 178
6987 216
6988 233
6989 196
6990 205
6991 192
6992 221
6993 179
6994 187
6995 220
6996 227
6997 224
6998 233
6999 180
7000 219
7001 203
7002 225
7003 193
7004 188
7005 197
7006 208
7007 181
7008 233
7009 218
7010 212
7011 228
7012 231
7013 206
7014 182
7015 189
7016 214
7017 201
7018 194
7019 198
7020 183
7021 166
7022 167
7023 168
7024 222
7025 169
7026 170
7027 221
7028 190
7029 171
7030 211
7031 216
7032 184
7033 172
7034 225
7035 195
7036 173
7037 228
7038 202
7039 174
7040 199
7041 232
7042 185
7043 226
7044 191
7045 233
7046 175
7047 215
7048 176
7049 218
7050 231
7051 196
7052 186
7053 227
7054 229
7055 177
7056 192
7057 212
7058 233
7059 203
7060 200
7061 178
7062 217
7063 187
7064 222
7065 235
7066 214
7067 179
7068 235
7069 206
7070 197
7071 234
7072 193
7073 231
7074 180
7075 233
7076 188
7077 235
7078 216
7079 232
7080 201
7081 204
7082 181
7083 234
7084 211
7085 219
7086 209
7087 194
7088 189
7089 235
7090 182
7091 207
7092 218
7093 215
7094 231
7095 234
7096 183
7097 190
7098 224
7099 195
7100 205
7101 225
7102 199
7103 222
7104 184
7105 167
7106 168
7107 169
7108 221
7109 170
7110 171
7111 235
7112 172
7113 208
7114 185
7115 173
7116 196
7117 203
7118 174
7119 200
7120 236
7121 175
7122 186
7123 219
7124 176
7125 236
7126 177
7127 197
7128 187
7129 211
7130 236
7131 213
7132 178
7133 193
7134 209
7135 223
7136 204
7137 201
7138 234
7139 226
7140 236
7141 179
7142 222
7143 188
7144 233
7145 207
7146 180
7147 221
7148 230
7149 194
7150 217
7151 228
7152 181
7153 189
7154 234
7155 202
7156 205
7157 212
7158 182
7159 214
7160 229
7161 236
7162 199
7163 195
7164 190
7165 231
7166 208
7167 183
7168 216
7169 225
7170 235
7171 224
7172 226
7173 223
7174 203
7175 184
7176 237
7177 191
7178 237
7179 196
7180 200
7181 237
7182 218
7183 228
7184 185
7185 232
7186 211
7187 168
7188 169
7189 170
7190 171
7191 192
7192 209
7193 172
7194 231
7195 173
7196 186
7197 197
7198 174
7199 217
7200 175
7201 220
7202 207
7203 176
7204 193
7205 187
7206 230
7207 177
7208 225
7209 226
7210 232
7211 198
7212 227
7213 178
7214 219
7215 188
7216 210
7217 223
7218 205
7219 194
7220 179
7221 202
7222 231
7223 235
7224 180
7225 208
7226 189
7227 237
7228 199
7229 218
7230 181
7231 233
7232 195
7233 234
7234 221
7235 230
7236 182
7237 238
7238 203
7239 206
7240 238
7241 211
7242 238
7243 183
7244 200
7245 196
7246 209
7247 191
7248 237
7249 184
7250 234
7251 233
7252 204
7253 223
7254 185
7255 207
7256 192
7257 197
7258 201
7259 232
7260 214
7261 212
7262 222
7263 186
7264 169
7265 170
7266 171
7267 238
7268 193
7269 172
7270 173
7271 174
7272 187
7273 175
7274 233
7275 202
7276 208
7277 176
7278 227
7279 226
7280 194
7281 177
7282 188
7283 236
7284 237
7285 213
7286 178
7287 215
7288 224
7289 199
7290 211
7291 179
7292 217
7293 189
7294 206
7295 195
7296 180
7297 235
7298 238
7299 239
7300 209
7301 181
7302 219
7303 231
7304 190
7305 200
7306 182
7307 239
7308 196
7309 214
7310 204
7311 191
7312 183
7313 212
7314 227
7315 228
7316 221
7317 226
7318 235
7319 229
7320 218
7321 184
7322 201
7323 210
7324 197
7325 192
7326 224
7327 185
7328 239
7329 220
7330 205
7331 231
7332 208
7333 186
7334 193
7335 215
7336 198
7337 202
7338 213
7339 217
7340 236
7341 232
7342 187
7343 234
7344 170
7345 171
7346 219
7347 172
7348 173
7349 240
7350 174
7351 199
7352 229
7353 188
7354 175
7355 226
7356 203
7357 176
7358 230
7359 177
7360 225
7361 195
7362 240
7363 189
7364 178
7365 231
7366 238
7367 179
7368 200
7369 237
7370 224
7371 234
7372 207
7373 180
7374 190
7375 204
7376 196
7377 181
7378 210
7379 223
7380 238
7381 182
7382 191
7383 201
7384 239
7385 236
7386 228
7387 183
7388 217
7389 227
7390 230
7391 213
7392 208
7393 205
7394 192
7395 184
7396 219
7397 234
7398 239
7399 211
7400 202
7401 185
7402 198
7403 232
7404 193
7405 241
7406 221
7407 236
7408 237
7409 186
7410 241
7411 206
7412 209
7413 233
7414 235
7415 216
7416 214
7417 194
7418 187
7419 203
7420 241
7421 212
7422 223
7423 229
7424 220
7425 188
7426 241
7427 171
7428 172
7429 173
7430 207
7431 174
7432 200
7433 175
7434 210
7435 189
7436 176
7437 241
7438 222
7439 177
7440 217
7441 215
7442 178
7443 196
7444 225
7445 190
7446 241
7447 179
7448 213
7449 201
7450 180
7451 208
7452 181
7453 191
7454 224
7455 197
7456 238
7457 211
7458 236
7459 182
7460 230
7461 229
7462 240
7463 231
7464 183
7465 192
7466 216
7467 218
7468 223
7469 232
7470 198
7471 227
7472 184
7473 209
7474 206
7475 220
7476 241
7477 193
7478 185
7479 226
7480 237
7481 242
7482 212
7483 203
7484 239
7485 199
7486 186
7487 234
7488 194
7489 225
7490 242
7491 187
7492 217
7493 210
7494 215
7495 240
7496 235
7497 200
7498 195
7499 231
7500 188
7501 229
7502 213
7503 232
7504 239
7505 228
7506 242
7507 189
7508 227
7509 196
7510 172
7511 173
7512 174
7513 201
7514 175
7515 176
7516 205
7517 190
7518 177
7519 218
7520 216
7521 178
7522 243
7523 243
7524 220
7525 179
7526 214
7527 191
7528 180
7529 237
7530 241
7531 202
7532 243
7533 209
7534 222
7535 181
7536 243
7537 206
7538 231
7539 182
7540 198
7541 236
7542 229
7543 183
7544 224
7545 217
7546 203
7547 193
7548 184
7549 234
7550 215
7551 240
7552 199
7553 210
7554 185
7555 237
7556 235
7557 194
7558 213
7559 186
7560 223
7561 241
7562 204
7563 226
7564 200
7565 187
7566 236
7567 239
7568 195
7569 243
7570 218
7571 208
7572 211
7573 220
7574 188
7575 230
7576 233
7577 225
7578 205
7579 222
7580 201
7581 243
7582 196
7583 214
7584 189
7585 244
7586 228
7587 235
7588 190
7589 224
7590 209
7591 239
7592 240
7593 197
7594 212
7595 173
7596 174
7597 175
7598 176
7599 219
7600 236
7601 177
7602 191
7603 221
7604 178
7605 179
7606 215
7607 198
7608 180
7609 226
7610 192
7611 223
7612 232
7613 181
7614 203
7615 210
7616 182
7617 207
7618 244
7619 213
7620 239
7621 193
7622 183
7623 229
7624 225
7625 184
7626 238
7627 204
7628 194
7629 185
7630 243
7631 211
7632 200
7633 208
7634 186
7635 240
7636 214
7637 241
7638 195
7639 245
7640 187
7641 205
7642 244
7643 243
7644 201
7645 232
7646 188
7647 219
7648 196
7649 221
7650 209
7651 212
7652 217
7653 235
7654 230
7655 244
7656 189
7657 223
7658 206
7659 241
7660 215
7661 202
7662 229
7663 197
7664 190
7665 242
7666 244
7667 225
7668 237
7669 210
7670 191
7671 213
7672 198
7673 220
7674 203
7675 174
7676 175
7677 176
7678 177
7679 178
7680 241
7681 179
7682 227
7683 216
7684 232
7685 180
7686 245
7687 199
7688 181
7689 193
7690 211
7691 204
7692 182
7693 239
7694 208
7695 183
7696 246
7697 226
7698 194
7699 237
7700 184
7701 221
7702 219
7703 246
7704 229
7705 185
7706 242
7707 205
7708 195
7709 238
7710 186
7711 201
7712 225
7713 228
7714 246
7715 187
7716 245
7717 234
7718 233
7719 196
7720 235
7721 239
7722 188
7723 236
7724 244
7725 202
7726 222
7727 227
7728 231
7729 241
7730 189
7731 218
7732 197
7733 210
7734 243
7735 224
7736 230
7737 190
7738 216
7739 207
7740 238
7741 203
7742 198
7743 226
7744 191
7745 229
7746 246
7747 242
7748 211
7749 239
7750 214
7751 221
7752 192
7753 241
7754 199
7755 204
7756 235
7757 208
7758 233
7759 175
7760 176
7761 177
7762 178
7763 193
7764 179
7765 232
7766 237
7767 180
7768 247
7769 181
7770 200
7771 231
7772 182
7773 194
7774 205
7775 183
7776 242
7777 209
7778 245
7779 247
7780 184
7781 222
7782 220
7783 201
7784 195
7785 185
7786 224
7787 247
7788 218
7789 186
7790 213
7791 196
7792 245
7793 187
7794 210
7795 202
7796 216
7797 243
7798 233
7799 188
7800 244
7801 197
7802 232
7803 207
7804 228
7805 189
7806 223
7807 241
7808 203
7809 219
7810 246
7811 225
7812 214
7813 211
7814 190
7815 198
7816 248
7817 248
7818 217
7819 248
7820 191
7821 208
7822 227
7823 204
7824 247
7825 242
7826 199
7827 246
7828 192
7829 245
7830 236
7831 235
7832 212
7833 215
7834 224
7835 220
7836 247
7837 193
7838 200
7839 205
7840 209
7841 226
7842 176
7843 177
7844 178
7845 179
7846 194
7847 180
7848 248
7849 181
7850 201
7851 182
7852 213
7853 228
7854 206
7855 183
7856 195
7857 216
7858 231
7859 210
7860 184
7861 223
7862 246
7863 221
7864 185
7865 247
7866 202
7867 196
7868 241
7869 219
7870 186
7871 230
7872 237
7873 207
7874 187
7875 214
7876 249
7877 249
7878 234
7879 197
7880 211
7881 188
7882 203
7883 239
7884 246
7885 242
7886 233
7887 189
7888 249
7889 198
7890 208
7891 248
7892 190
7893 249
7894 220
7895 245
7896 204
7897 215
7898 212
7899 241
7900 191
7901 199
7902 246
7903 218
7904 231
7905 248
7906 209
7907 192
7908 205
7909 236
7910 238
7911 200
7912 235
7913 193
7914 225
7915 213
7916 216
7917 221
7918 234
7919 246
7920 240
7921 227
7922 194
7923 201
7924 206
7925 219
7926 243
7927 177
7928 178
7929 241
7930 179
7931 180
7932 195
7933 181
7934 249
7935 182
7936 202
7937 183
7938 250
7939 217
7940 207
7941 184
7942 211
7943 222
7944 226
7945 185
7946 250
7947 237
7948 238
7949 186
7950 231
7951 203
7952 220
7953 197
7954 228
7955 187
7956 240
7957 243
7958 208
7959 215
7960 188
7961 212
7962 198
7963 241
7964 250
7965 204
7966 189
7967 230
7968 225
7969 223
7970 233
7971 190
7972 244
7973 242
7974 199
7975 227
7976 221
7977 191
7978 205
7979 216
7980 250
7981 213
7982 248
7983 232
7984 229
7985 192
7986 249
7987 219
7988 238
7989 237
7990 246
7991 250
7992 210
7993 245
7994 193
7995 206
7996 224
7997 201
7998 231
7999 226
8000 251
8001 249
8002 194
8003 217
8004 251
8005 228
8006 251
8007 234
8008 211
8009 195
8010 202
8011 246
8012 247
8013 230
8014 251
8015 178
8016 179
8017 180
8018 245
8019 196
8020 181
8021 182
8022 215
8023 183
8024 218
8025 225
8026 239
8027 184
8028 223
8029 212
8030 197
8031 185
8032 232
8033 241
8034 186
8035 236
8036 221
8037 204
8038 187
8039 251
8040 198
8041 242
8042 235
8043 188
8044 209
8045 216
8046 189
8047 199
8048 205
8049 234
8050 190
8051 249
8052 224
8053 250
8054 228
8055 251
8056 191
8057 210
8058 200
8059 247
8060 244
8061 252
8062 248
8063 217
8064 239
8065 192
8066 214
8067 241
8068 252
8069 220
8070 237
8071 201
8072 193
8073 242
8074 245
8075 211
8076 236
8077 232
8078 194
8079 207
8080 227
8081 243
8082 202
8083 223
8084 218
8085 215
8086 250
8087 195
8088 249
8089 244
8090 221
8091 212
8092 208
8093 203
8094 196
8095 234
8096 240
8097 179
8098 180
8099 181
8100 197
8101 182
8102 226
8103 183
8104 204
8105 184
8106 209
8107 247
8108 185
8109 252
8110 198
8111 243
8112 186
8113 222
8114 187
8115 253
8116 236
8117 253
8118 205
8119 250
8120 251
8121 188
8122 244
8123 199
8124 217
8125 210
8126 189
8127 220
8128 235
8129 214
8130 253
8131 190
8132 227
8133 200
8134 225
8135 206
8136 229
8137 247
8138 191
8139 240
8140 223
8141 234
8142 211
8143 192
8144 201
8145 218
8146 238
8147 246
8148 243
8149 207
8150 193
8151 221
8152 237
8153 249
8154 202
8155 194
8156 233
8157 253
8158 212
8159 226
8160 208
8161 195
8162 224
8163 245
8164 253
8165 203
8166 216
8167 251
8168 196
8169 252
8170 222
8171 235
8172 213
8173 246
8174 209
8175 249
8176 204
8177 197
8178 254
8179 250
8180 248
8181 239
8182 254
8183 227
8184 217
8185 180
8186 181
8187 182
8188 183
8189 184
8190 205
8191 210
8192 185
8193 231
8194 214
8195 186
8196 237
8197 199
8198 254
8199 187
8200 249
8201 188
8202 206
8203 233
8204 254
8205 189
8206 200
8207 248
8208 211
8209 221
8210 190
8211 253
8212 215
8213 228
8214 226
8215 230
8216 191
8217 201
8218 207
8219 240
8220 235
8221 192
8222 244
8223 232
8224 239
8225 212
8226 253
8227 193
8228 219
8229 202
8230 245
8231 216
8232 208
8233 222
8234 194
8235 234
8236 246
8237 255
8238 203
8239 252
8240 229
8241 195
8242 254
8243 213
8244 255
8245 231
8246 225
8247 209
8248 196
8249 220
8250 217
8251 251
8252 204
8253 236
8254 233
8255 242
8256 243
8257 241
8258 197
8259 244
8260 252
8261 214
8262 210
8263 255
8264 205
8265 198
8266 254
8267 239
8268 228
8269 235
8270 230
8271 255
8272 218
8273 221
8274 226
8275 181
8276 182
8277 199
8278 183
8279 232
8280 184
8281 206
8282 185
8283 211
8284 215
8285 186
8286 224
8287 249
8288 187
8289 200
8290 188
8291 237
8292 255
8293 189
8294 207
8295 219
8296 190
8297 201
8298 212
8299 244
8300 229
8301 216
8302 241
8303 191
8304 245
8305 236
8306 256
8307 192
8308 202
8309 225
8310 246
8311 256
8312 193
8313 255
8314 254
8315 249
8316 256
8317 213
8318 220
8319 194
8320 203
8321 256
8322 217
8323 223
8324 209
8325 195
8326 238
8327 251
8328 230
8329 228
8330 204
8331 232
8332 196
8333 226
8334 253
8335 243
8336 210
8337 221
8338 242
8339 197
8340 218
8341 205
8342 241
8343 249
8344 224
8345 198
8346 256
8347 215
8348 240
8349 211
8350 236
8351 206
8352 229
8353 231
8354 199
8355 256
8356 227
8357 219
8358 222
8359 233
8360 248
8361 182
8362 183
8363 184
8364 257
8365 185
8366 212
8367 225
8368 186
8369 187
8370 238
8371 188
8372 201
8373 252
8374 244
8375 189
8376 251
8377 190
8378 230
8379 223
8380 255
8381 213
8382 202
8383 191
8384 228
8385 237
8386 217
8387 192
8388 257
8389 234
8390 226
8391 193
8392 203
8393 240
8394 257
8395 253
8396 194
8397 255
8398 214
8399 221
8400 236
8401 204
8402 195
8403 251
8404 256
8405 210
8406 231
8407 229
8408 196
8409 233
8410 245
8411 244
8412 205
8413 246
8414 215
8415 238
8416 197
8417 256
8418 235
8419 222
8420 211
8421 219
8422 252
8423 198
8424 206
8425 225
8426 258
8427 241
8428 258
8429 258
8430 199
8431 216
8432 257
8433 256
8434 255
8435 249
8436 212
8437 240
8438 207
8439 200
8440 223
8441 220
8442 253
8443 257
8444 254
8445 250
8446 201
8447 183
8448 184
8449 185
8450 208
8451 213
8452 186
8453 244
8454 187
8455 247
8456 188
8457 243
8458 189
8459 202
8460 248
8461 251
8462 190
8463 221
8464 242
8465 209
8466 224
8467 191
8468 229
8469 214
8470 203
8471 192
8472 235
8473 241
8474 193
8475 227
8476 210
8477 194
8478 237
8479 222
8480 215
8481 195
8482 256
8483 225
8484 259
8485 219
8486 258
8487 205
8488 196
8489 245
8490 251
8491 211
8492 230
8493 234
8494 244
8495 259
8496 255
8497 248
8498 197
8499 239
8500 228
8501 243
8502 206
8503 249
8504 257
8505 198
8506 256
8507 223
8508 212
8509 220
8510 226
8511 199
8512 250
8513 207
8514 238
8515 241
8516 254
8517 217
8518 231
8519 200
8520 257
8521 213
8522 235
8523 229
8524 208
8525 259
8526 224
8527 201
8528 246
8529 247
8530 240
8531 237
8532 248
8533 227
8534 259
8535 202
8536 184
8537 185
8538 186
8539 187
8540 188
8541 255
8542 189
8543 254
8544 250
8545 203
8546 190
8547 234
8548 222
8549 191
8550 230
8551 210
8552 253
8553 192
8554 215
8555 219
8556 204
8557 257
8558 258
8559 193
8560 228
8561 260
8562 194
8563 238
8564 260
8565 211
8566 205
8567 195
8568 252
8569 256
8570 223
8571 216
8572 254
8573 196
8574 258
8575 233
8576 220
8577 231
8578 206
8579 197
8580 212
8581 244
8582 253
8583 229
8584 198
8585 217
8586 207
8587 224
8588 256
8589 199
8590 255
8591 260
8592 213
8593 227
8594 259
8595 257
8596 200
8597 208
8598 234
8599 232
8600 218
8601 236
8602 201
8603 214
8604 247
8605 249
8606 246
8607 209
8608 261
8609 222
8610 261
8611 238
8612 202
8613 245
8614 255
8615 228
8616 261
8617 251
8618 219
8619 244
8620 203
8621 210
8622 185
8623 186
8624 187
8625 188
8626 189
8627 233
8628 235
8629 190
8630 204
8631 223
8632 191
8633 226
8634 237
8635 192
8636 211
8637 216
8638 193
8639 220
8640 261
8641 205
8642 194
8643 239
8644 242
8645 248
8646 249
8647 195
8648 260
8649 261
8650 212
8651 206
8652 196
8653 217
8654 227
8655 234
8656 236
8657 197
8658 232
8659 241
8660 259
8661 207
8662 252
8663 213
8664 198
8665 230
8666 244
8667 261
8668 199
8669 218
8670 255
8671 262
8672 253
8673 208
8674 225
8675 240
8676 200
8677 259
8678 243
8679 214
8680 261
8681 262
8682 235
8683 201
8684 209
8685 248
8686 237
8687 250
8688 258
8689 219
8690 256
8691 231
8692 242
8693 202
8694 215
8695 246
8696 239
8697 226
8698 223
8699 210
8700 262
8701 203
8702 229
8703 245
8704 261
8705 253
8706 220
8707 241
8708 216
8709 204
8710 211
8711 186
8712 187
8713 188
8714 189
8715 190
8716 232
8717 224
8718 191
8719 256
8720 205
8721 192
8722 212
8723 193
8724 217
8725 250
8726 221
8727 230
8728 194
8729 251
8730 206
8731 260
8732 195
8733 247
8734 261
8735 252
8736 263
8737 263
8738 196
8739 213
8740 225
8741 246
8742 207
8743 253
8744 228
8745 197
8746 218
8747 233
8748 222
8749 198
8750 239
8751 256
8752 245
8753 261
8754 260
8755 208
8756 231
8757 214
8758 199
8759 241
8760 219
8761 200
8762 226
8763 258
8764 209
8765 259
8766 255
8767 223
8768 250
8769 261
8770 201
8771 236
8772 234
8773 238
8774 202
8775 243
8776 247
8777 220
8778 256
8779 240
8780 216
8781 203
8782 227
8783 261
8784 224
8785 211
8786 258
8787 230
8788 204
8789 242
8790 263
8791 221
8792 245
8793 237
8794 217
8795 212
8796 205
8797 264
8798 239
8799 187
8800 188
8801 189
8802 190
8803 228
8804 225
8805 191
8806 250
8807 192
8808 249
8809 206
8810 193
8811 259
8812 213
8813 231
8814 194
8815 258
8816 195
8817 207
8818 254
8819 262
8820 247
8821 196
8822 261
8823 243
8824 236
8825 197
8826 214
8827 229
8828 255
8829 208
8830 219
8831 198
8832 240
8833 223
8834 264
8835 199
8836 260
8837 232
8838 209
8839 215
8840 256
8841 200
8842 245
8843 263
8844 251
8845 252
8846 220
8847 227
8848 201
8849 253
8850 210
8851 249
8852 224
8853 237
8854 257
8855 216
8856 235
8857 202
8858 244
8859 263
8860 260
8861 265
8862 264
8863 211
8864 203
8865 265
8866 221
8867 247
8868 228
8869 217
8870 204
8871 225
8872 256
8873 264
8874 265
8875 231
8876 212
8877 246
8878 205
8879 238
8880 222
8881 218
8882 257
8883 251
8884 264
8885 253
8886 213
8887 206
8888 250
8889 259
8890 188
8891 189
8892 190
8893 265
8894 191
8895 242
8896 249
8897 192
8898 193
8899 207
8900 232
8901 194
8902 214
8903 223
8904 219
8905 248
8906 195
8907 196
8908 208
8909 263
8910 237
8911 197
8912 260
8913 227
8914 230
8915 215
8916 198
8917 241
8918 262
8919 209
8920 220
8921 259
8922 224
8923 199
8924 233
8925 200
8926 243
8927 266
8928 251
8929 210
8930 264
8931 265
8932 258
8933 201
8934 250
8935 255
8936 228
8937 221
8938 266
8939 231
8940 202
8941 225
8942 211
8943 240
8944 245
8945 236
8946 217
8947 203
8948 264
8949 242
8950 259
8951 234
8952 257
8953 212
8954 204
8955 229
8956 218
8957 226
8958 266
8959 205
8960 232
8961 258
8962 213
8963 253
8964 260
8965 239
8966 252
8967 237
8968 206
8969 241
8970 223
8971 219
8972 235
8973 246
8974 214
8975 207
8976 243
8977 230
8978 227
8979 189
8980 190
8981 191
8982 192
8983 193
8984 262
8985 233
8986 261
8987 194
8988 224
8989 267
8990 195
8991 220
8992 245
8993 196
8994 267
8995 260
8996 238
8997 197
8998 209
8999 198
9000 265
9001 231
9002 216
9003 199
9004 254
9005 221
9006 210
9007 225
9008 255
9009 247
9010 252
9011 200
9012 263
9013 267
9014 256
9015 251
9016 201
9017 217
9018 211
9019 257
9020 264
9021 202
9022 229
9023 222
9024 239
9025 232
9026 241
9027 266
9028 237
9029 226
9030 203
9031 212
9032 243
9033 218
9034 204
9035 235
9036 263
9037 262
9038 267
9039 266
9040 213
9041 264
9042 205
9043 230
9044 254
9045 219
9046 233
9047 206
9048 240
9049 214
9050 265
9051 238
9052 242
9053 257
9054 266
9055 247
9056 207
9057 224
9058 263
9059 236
9060 220
9061 258
9062 215
9063 208
9064 267
9065 190
9066 191
9067 192
9068 268
9069 193
9070 259
9071 194
9072 209
9073 195
9074 221
9075 216
9076 196
9077 241
9078 239
9079 197
9080 243
9081 198
9082 237
9083 254
9084 229
9085 232
9086 266
9087 262
9088 199
9089 248
9090 217
9091 265
9092 245
9093 200
9094 226
9095 211
9096 258
9097 201
9098 261
9099 251
9100 202
9101 218
9102 212
9103 259
9104 247
9105 230
9106 242
9107 203
9108 223
9109 238
9110 250
9111 227
9112 244
9113 269
9114 269
9115 204
9116 213
9117 260
9118 219
9119 236
9120 269
9121 205
9122 246
9123 249
9124 255
9125 256
9126 269
9127 224
9128 257
9129 214
9130 231
9131 206
9132 261
9133 253
9134 228
9135 220
9136 241
9137 263
9138 268
9139 207
9140 252
9141 248
9142 215
9143 267
9144 266
9145 225
9146 208
9147 251
9148 221
9149 260
9150 232
9151 216
9152 229
9153 209
9154 235
9155 264
9156 265
9157 191
9158 192
9159 193
9160 194
9161 261
9162 195
9163 226
9164 210
9165 263
9166 196
9167 217
9168 255
9169 197
9170 244
9171 254
9172 198
9173 269
9174 233
9175 230
9176 211
9177 199
9178 253
9179 246
9180 267
9181 200
9182 218
9183 268
9184 236
9185 223
9186 227
9187 201
9188 212
9189 264
9190 266
9191 202
9192 248
9193 270
9194 241
9195 203
9196 213
9197 234
9198 239
9199 224
9200 245
9201 204
9202 228
9203 270
9204 205
9205 214
9206 237
9207 269
9208 220
9209 265
9210 247
9211 266
9212 259
9213 206
9214 254
9215 225
9216 232
9217 215
9218 260
9219 207
9220 229
9221 242
9222 269
9223 221
9224 244
9225 249
9226 240
9227 208
9228 261
9229 216
9230 252
9231 238
9232 226
9233 265
9234 209
9235 222
9236 233
9237 267
9238 262
9239 230
9240 217
9241 251
9242 236
9243 271
9244 210
9245 257
9246 271
9247 258
9248 256
9249 192
9250 193
9251 194
9252 241
9253 195
9254 270
9255 245
9256 196
9257 211
9258 218
9259 197
9260 250
9261 239
9262 198
9263 271
9264 234
9265 199
9266 231
9267 261
9268 212
9269 200
9270 271
9271 253
9272 237
9273 201
9274 224
9275 271
9276 202
9277 213
9278 252
9279 203
9280 242
9281 271
9282 220
9283 204
9284 235
9285 267
9286 214
9287 263
9288 258
9289 225
9290 259
9291 265
9292 205
9293 256
9294 268
9295 251
9296 260
9297 238
9298 215
9299 206
9300 221
9301 261
9302 271
9303 264
9304 207
9305 254
9306 233
9307 226
9308 272
9309 243
9310 216
9311 245
9312 230
9313 208
9314 241
9315 222
9316 268
9317 253
9318 247
9319 272
9320 209
9321 239
9322 217
9323 272
9324 227
9325 270
9326 269
9327 249
9328 210
9329 258
9330 223
9331 231
9332 260
9333 237
9334 218
9335 272
9336 267
9337 256
9338 211
9339 244
9340 242
9341 246
9342 193
9343 194
9344 255
9345 195
9346 196
9347 224
9348 197
9349 212
9350 219
9351 198
9352 265
9353 199
9354 272
9355 232
9356 200
9357 263
9358 213
9359 201
9360 238
9361 220
9362 229
9363 202
9364 225
9365 253
9366 271
9367 203
9368 214
9369 245
9370 243
9371 266
9372 259
9373 204
9374 247
9375 241
9376 233
9377 236
9378 221
9379 205
9380 215
9381 252
9382 226
9383 270
9384 249
9385 230
9386 265
9387 271
9388 206
9389 239
9390 273
9391 268
9392 216
9393 207
9394 222
9395 269
9396 251
9397 234
9398 208
9399 227
9400 246
9401 237
9402 266
9403 271
9404 242
9405 217
9406 231
9407 248
9408 209
9409 223
9410 240
9411 210
9412 259
9413 218
9414 253
9415 250
9416 261
9417 228
9418 271
9419 235
9420 262
9421 257
9422 211
9423 224
9424 273
9425 232
9426 238
9427 272
9428 219
9429 256
9430 243
9431 212
9432 273
9433 229
9434 194
9435 195
9436 196
9437 225
9438 197
9439 213
9440 198
9441 268
9442 236
9443 199
9444 274
9445 233
9446 200
9447 274
9448 201
9449 239
9450 214
9451 254
9452 202
9453 230
9454 221
9455 226
9456 261
9457 203
9458 259
9459 246
9460 244
9461 262
9462 215
9463 204
9464 266
9465 242
9466 263
9467 234
9468 205
9469 257
9470 274
9471 222
9472 273
9473 250
9474 206
9475 227
9476 264
9477 231
9478 240
9479 274
9480 256
9481 207
9482 267
9483 217
9484 252
9485 223
9486 208
9487 245
9488 247
9489 235
9490 228
9491 209
9492 249
9493 270
9494 232
9495 218
9496 266
9497 261
9498 260
9499 273
9500 210
9501 271
9502 241
9503 259
9504 254
9505 251
9506 274
9507 258
9508 211
9509 219
9510 229
9511 275
9512 264
9513 236
9514 267
9515 272
9516 225
9517 212
9518 246
9519 253
9520 248
9521 265
9522 275
9523 244
9524 220
9525 269
9526 271
9527 213
9528 250
9529 230
9530 268
9531 266
9532 195
9533 196
9534 197
9535 198
9536 221
9537 214
9538 199
9539 234
9540 200
9541 255
9542 201
9543 240
9544 260
9545 263
9546 202
9547 215
9548 270
9549 203
9550 222
9551 227
9552 269
9553 249
9554 204
9555 254
9556 243
9557 216
9558 205
9559 275
9560 238
9561 235
9562 251
9563 206
9564 223
9565 257
9566 228
9567 217
9568 207
9569 232
9570 273
9571 253
9572 208
9573 274
9574 276
9575 256
9576 218
9577 275
9578 267
9579 209
9580 269
9581 236
9582 239
9583 244
9584 229
9585 276
9586 210
9587 233
9588 260
9589 276
9590 219
9591 255
9592 274
9593 242
9594 225
9595 268
9596 259
9597 211
9598 276
9599 271
9600 270
9601 212
9602 237
9603 240
9604 247
9605 234
9606 249
9607 226
9608 276
9609 213
9610 257
9611 221
9612 275
9613 276
9614 243
9615 214
9616 231
9617 271
9618 227
9619 262
9620 253
9621 196
9622 197
9623 198
9624 261
9625 222
9626 199
9627 215
9628 200
9629 241
9630 201
9631 260
9632 202
9633 248
9634 203
9635 216
9636 232
9637 259
9638 277
9639 204
9640 223
9641 277
9642 244
9643 205
9644 252
9645 267
9646 217
9647 239
9648 206
9649 271
9650 277
9651 273
9652 207
9653 224
9654 242
9655 229
9656 233
9657 218
9658 208
9659 257
9660 276
9661 275
9662 274
9663 209
9664 247
9665 264
9666 262
9667 225
9668 219
9669 237
9670 245
9671 210
9672 269
9673 230
9674 256
9675 273
9676 234
9677 211
9678 243
9679 220
9680 267
9681 226
9682 274
9683 212
9684 259
9685 277
9686 270
9687 231
9688 238
9689 221
9690 213
9691 248
9692 250
9693 241
9694 258
9695 235
9696 246
9697 227
9698 273
9699 252
9700 214
9701 276
9702 269
9703 222
9704 244
9705 263
9706 265
9707 278
9708 232
9709 215
9710 254
9711 266
9712 239
9713 228
9714 261
9715 197
9716 198
9717 199
9718 200
9719 277
9720 201
9721 249
9722 202
9723 278
9724 247
9725 203
9726 256
9727 268
9728 272
9729 233
9730 204
9731 217
9732 229
9733 224
9734 205
9735 259
9736 206
9737 271
9738 240
9739 269
9740 237
9741 218
9742 207
9743 243
9744 225
9745 208
9746 277
9747 230
9748 265
9749 219
9750 266
9751 209
9752 270
9753 250
9754 248
9755 262
9756 267
9757 252
9758 210
9759 246
9760 275
9761 226
9762 241
9763 220
9764 261
9765 268
9766 211
9767 254
9768 231
9769 235
9770 278
9771 244
9772 212
9773 279
9774 279
9775 221
9776 276
9777 227
9778 277
9779 274
9780 213
9781 256
9782 273
9783 278
9784 239
9785 251
9786 232
9787 222
9788 214
9789 247
9790 236
9791 253
9792 265
9793 228
9794 278
9795 277
9796 276
9797 215
9798 245
9799 258
9800 223
9801 255
9802 271
9803 262
9804 233
9805 216
9806 240
9807 275
9808 229
9809 237
9810 243
9811 198
9812 199
9813 200
9814 217
9815 201
9816 252
9817 202
9818 272
9819 203
9820 279
9821 204
9822 234
9823 218
9824 205
9825 230
9826 225
9827 206
9828 241
9829 279
9830 277
9831 238
9832 207
9833 256
9834 265
9835 219
9836 267
9837 208
9838 273
9839 276
9840 280
9841 226
9842 209
9843 231
9844 280
9845 251
9846 249
9847 220
9848 253
9849 210
9850 269
9851 262
9852 258
9853 247
9854 278
9855 211
9856 239
9857 242
9858 227
9859 221
9860 270
9861 275
9862 261
9863 212
9864 236
9865 245
9866 280
9867 213
9868 257
9869 222
9870 271
9871 228
9872 260
9873 277
9874 214
9875 240
9876 267
9877 233
9878 243
9879 248
9880 268
9881 223
9882 264
9883 215
9884 272
9885 275
9886 269
9887 276
9888 229
9889 263
9890 246
9891 216
9892 280
9893 224
9894 277
9895 279
9896 234
9897 262
9898 241
9899 217
9900 230
9901 238
9902 251
9903 253
9904 225
9905 249
9906 199
9907 200
9908 201
9909 218
9910 202
9911 276
9912 281
9913 203
9914 204
9915 281
9916 280
9917 235
9918 205
9919 272
9920 274
9921 219
9922 206
9923 226
9924 242
9925 257
9926 207
9927 281
9928 239
9929 208
9930 264
9931 245
9932 220
9933 281
9934 270
9935 209
9936 252
9937 227
9938 236
9939 232
9940 263
9941 210
9942 281
9943 259
9944 221
9945 280
9946 211
9947 248
9948 256
9949 281
9950 243
9951 240
9952 212
9953 228
9954 222
9955 233
9956 246
9957 213
9958 280
9959 258
9960 261
9961 267
9962 214
9963 223
9964 266
9965 229
9966 251
9967 265
9968 241
9969 215
9970 270
9971 249
9972 244
9973 234
9974 260
9975 224
9976 281
9977 271
9978 216
9979 257
9980 230
9981 247
9982 274
9983 282
9984 263
9985 217
9986 272
9987 225
9988 282
9989 235
9990 242
9991 259
9992 218
9993 245
9994 254
9995 231
9996 262
9997 250
9998 273
9999 275
10000 281
