1 0
2 1
3 2
4 2
5 3
6 4
7 3
8 4
9 5
10 4
11 5
12 6
13 6
14 7
15 6
16 7
17 8
18 8
19 6
20 7
21 8
22 9
23 9
24 7
25 10
26 10
27 9
28 10
29 11
30 8
31 11
32 10
33 12
34 11
35 12
36 12
37 9
38 10
39 13
40 13
41 12
42 13
43 14
44 14
45 11
46 12
47 14
48 13
49 15
50 14
51 15
52 11
53 12
54 15
55 16
56 16
57 16
58 15
59 12
60 17
61 16
62 14
63 17
64 15
65 17
66 16
67 18
68 18
69 17
70 18
71 15
72 16
73 18
74 19
75 19
76 19
77 18
78 14
79 15
80 20
81 20
82 19
83 20
84 18
85 20
86 21
87 21
88 16
89 17
90 20
91 21
92 18
93 19
94 22
95 22
96 21
97 22
98 16
99 17
100 22
101 21
102 23
103 23
104 20
105 22
106 23
107 21
108 24
109 23
110 24
111 22
112 19
113 24
114 20
115 23
116 24
117 25
118 22
119 25
120 24
121 18
122 25
123 20
124 21
125 25
126 26
127 26
128 26
129 23
130 25
131 26
132 24
133 19
134 20
135 27
136 27
137 26
138 25
139 27
140 24
141 26
142 27
143 28
144 28
145 25
146 28
147 21
148 22
149 27
150 23
151 28
152 24
153 29
154 28
155 29
156 29
157 26
158 21
159 28
160 29
161 27
162 30
163 30
164 25
165 30
166 29
167 28
168 26
169 30
170 27
171 31
172 30
173 22
174 31
175 24
176 28
177 31
178 30
179 31
180 27
181 32
182 32
183 32
184 31
185 30
186 23
187 32
188 29
189 26
190 31
191 32
192 33
193 30
194 33
195 28
196 33
197 32
198 31
199 33
200 24
201 25
202 34
203 34
204 32
205 33
206 34
207 28
208 31
209 34
210 29
211 33
212 34
213 30
214 35
215 35
216 35
217 26
218 34
219 33
220 28
221 35
222 32
223 29
224 36
225 36
226 35
227 36
228 33
229 31
230 36
231 35
232 32
233 34
234 27
235 36
236 37
237 37
238 30
239 37
240 36
241 31
242 34
243 37
244 32
245 36
246 38
247 38
248 37
249 27
250 38
251 29
252 30
253 38
254 37
255 36
256 38
257 35
258 39
259 39
260 37
261 38
262 39
263 36
264 34
265 28
266 39
267 30
268 35
269 38
270 37
271 40
272 39
273 40
274 40
275 33
276 36
277 40
278 38
279 39
280 37
281 40
282 35
283 41
284 30
285 41
286 36
287 40
288 41
289 33
290 41
291 34
292 40
293 39
294 35
295 41
296 42
297 42
298 42
299 40
300 42
301 41
302 32
303 39
304 33
305 42
306 34
307 38
308 43
309 40
310 43
311 42
312 36
313 43
314 39
315 43
316 41
317 42
318 31
319 40
320 38
321 43
322 44
323 44
324 44
325 35
326 42
327 39
328 43
329 44
330 37
331 44
332 43
333 42
334 45
335 45
336 44
337 41
338 32
339 45
340 34
341 35
342 45
343 44
344 40
345 42
346 37
347 45
348 46
349 46
350 41
351 46
352 43
353 45
354 46
355 42
356 40
357 33
358 46
359 35
360 44
361 45
362 36
363 47
364 46
365 47
366 38
367 47
368 42
369 45
370 47
371 46
372 40
373 47
374 48
375 41
376 48
377 46
378 45
379 48
380 47
381 44
382 48
383 38
384 39
385 48
386 46
387 47
388 40
389 45
390 49
391 48
392 49
393 44
394 49
395 47
396 46
397 48
398 49
399 36
400 37
401 45
402 38
403 43
404 49
405 47
406 50
407 50
408 44
409 50
410 49
411 50
412 42
413 45
414 48
415 50
416 49
417 43
418 36
419 37
420 50
421 51
422 51
423 44
424 40
425 51
426 48
427 41
428 50
429 51
430 42
431 51
432 49
433 46
434 50
435 52
436 52
437 52
438 51
439 47
440 52
441 39
442 45
443 50
444 49
445 52
446 51
447 48
448 46
449 52
450 53
451 53
452 50
453 51
454 53
455 44
456 49
457 52
458 53
459 45
460 48
461 38
462 53
463 40
464 52
465 41
466 54
467 54
468 53
469 54
470 47
471 54
472 52
473 51
474 53
475 54
476 50
477 45
478 54
479 55
480 52
481 55
482 51
483 40
484 55
485 54
486 55
487 50
488 48
489 44
490 53
491 52
492 55
493 54
494 45
495 51
496 56
497 56
498 55
499 56
500 53
501 56
502 50
503 52
504 55
505 56
506 41
507 48
508 42
509 43
510 51
511 44
512 56
513 54
514 49
515 57
516 57
517 46
518 57
519 56
520 50
521 57
522 55
523 54
524 48
525 57
526 56
527 53
528 49
529 58
530 58
531 57
532 58
533 55
534 56
535 45
536 58
537 46
538 57
539 58
540 53
541 51
542 56
543 58
544 55
545 57
546 59
547 52
548 59
549 54
550 59
551 58
552 50
553 42
554 59
555 56
556 57
557 45
558 55
559 58
560 59
561 47
562 54
563 60
564 59
565 60
566 57
567 60
568 58
569 49
570 60
571 59
572 50
573 60
574 58
575 57
576 43
577 60
578 59
579 56
580 46
581 61
582 52
583 61
584 60
585 61
586 48
587 55
588 58
589 61
590 57
591 60
592 61
593 56
594 54
595 51
596 61
597 62
598 62
599 60
600 62
601 55
602 44
603 57
604 62
605 61
606 53
607 48
608 62
609 56
610 59
611 60
612 58
613 62
614 61
615 63
616 63
617 55
618 62
619 63
620 60
621 61
622 63
623 53
624 56
625 62
626 63
627 46
628 47
629 48
630 54
631 61
632 60
633 63
634 64
635 64
636 59
637 64
638 55
639 51
640 64
641 63
642 58
643 64
644 61
645 62
646 60
647 53
648 63
649 64
650 59
651 54
652 65
653 46
654 65
655 64
656 62
657 65
658 63
659 58
660 65
661 60
662 51
663 64
664 52
665 65
666 59
667 62
668 63
669 57
670 65
671 64
672 66
673 66
674 66
675 60
676 58
677 66
678 65
679 63
680 47
681 66
682 49
683 56
684 50
685 59
686 65
687 66
688 52
689 57
690 67
691 64
692 67
693 66
694 67
695 54
696 62
697 67
698 55
699 66
700 61
701 67
702 64
703 65
704 63
705 48
706 67
707 66
708 50
709 57
710 68
711 51
712 68
713 68
714 67
715 68
716 65
717 64
718 66
719 61
720 68
721 63
722 59
723 67
724 68
725 56
726 62
727 65
728 66
729 69
730 68
731 69
732 64
733 67
734 69
735 49
736 50
737 58
738 69
739 68
740 53
741 66
742 69
743 67
744 54
745 62
746 55
747 68
748 69
749 60
750 70
751 70
752 70
753 69
754 66
755 70
756 61
757 68
758 65
759 70
760 69
761 64
762 70
763 59
764 52
765 67
766 68
767 66
768 71
769 70
770 71
771 63
772 71
773 56
774 71
775 70
776 57
777 68
778 67
779 64
780 71
781 58
782 66
783 70
784 71
785 72
786 65
787 72
788 63
789 72
790 69
791 52
792 71
793 67
794 72
795 70
796 55
797 61
798 72
799 64
800 66
801 71
802 57
803 72
804 62
805 69
806 70
807 65
808 72
809 73
810 73
811 73
812 60
813 73
814 72
815 70
816 69
817 64
818 71
819 68
820 73
821 54
822 55
823 72
824 62
825 73
826 57
827 74
828 74
829 71
830 69
831 74
832 73
833 59
834 72
835 74
836 68
837 60
838 74
839 73
840 71
841 74
842 67
843 72
844 65
845 69
846 62
847 73
848 74
849 75
850 75
851 56
852 68
853 75
854 66
855 71
856 72
857 74
858 75
859 70
860 73
861 64
862 75
863 67
864 60
865 69
866 74
867 75
868 72
869 73
870 76
871 76
872 76
873 75
874 74
875 76
876 63
877 54
878 55
879 76
880 75
881 73
882 72
883 58
884 76
885 71
886 60
887 65
888 75
889 76
890 70
891 77
892 77
893 77
894 66
895 74
896 72
897 76
898 77
899 75
900 63
901 71
902 77
903 76
904 77
905 74
906 70
907 73
908 75
909 68
910 65
911 59
912 78
913 78
914 77
915 78
916 78
917 61
918 71
919 78
920 74
921 77
922 73
923 76
924 63
925 78
926 70
927 72
928 64
929 77
930 68
931 78
932 79
933 79
934 76
935 79
936 56
937 57
938 78
939 69
940 79
941 66
942 60
943 79
944 67
945 78
946 70
947 76
948 75
949 79
950 77
951 74
952 68
953 80
954 80
955 78
956 79
957 80
958 73
959 65
960 80
961 69
962 76
963 77
964 80
965 79
966 66
967 72
968 78
969 57
970 80
971 59
972 67
973 60
974 79
975 80
976 62
977 77
978 76
979 81
980 78
981 81
982 81
983 80
984 79
985 81
986 65
987 72
988 74
989 81
990 80
991 77
992 78
993 70
994 76
995 81
996 73
997 75
998 71
999 82
1000 82
1001 81
1002 60
1003 82
1004 61
1005 82
1006 79
1007 74
1008 63
1009 72
1010 81
1011 82
1012 80
1013 82
1014 65
1015 70
1016 81
1017 66
1018 79
1019 82
1020 80
1021 83
1022 83
1023 83
1024 82
1025 81
1026 68
1027 76
1028 83
1029 72
1030 59
1031 60
1032 83
1033 80
1034 82
1035 78
1036 75
1037 81
1038 83
1039 64
1040 70
1041 77
1042 65
1043 82
1044 84
1045 83
1046 84
1047 71
1048 84
1049 80
1050 79
1051 81
1052 84
1053 78
1054 83
1055 84
1056 82
1057 75
1058 77
1059 84
1060 69
1061 83
1062 80
1063 81
1064 84
1065 79
1066 70
1067 82
1068 63
1069 76
1070 85
1071 64
1072 85
1073 78
1074 85
1075 84
1076 66
1077 85
1078 81
1079 77
1080 82
1081 85
1082 84
1083 68
1084 83
1085 85
1086 73
1087 69
1088 76
1089 84
1090 85
1091 86
1092 86
1093 81
1094 86
1095 83
1096 80
1097 86
1098 71
1099 62
1100 85
1101 84
1102 86
1103 79
1104 75
1105 72
1106 66
1107 86
1108 82
1109 85
1110 81
1111 78
1112 73
1113 86
1114 80
1115 87
1116 87
1117 85
1118 86
1119 87
1120 70
1121 79
1122 87
1123 82
1124 84
1125 71
1126 87
1127 86
1128 85
1129 78
1130 62
1131 87
1132 80
1133 65
1134 76
1135 86
1136 83
1137 84
1138 87
1139 88
1140 88
1141 85
1142 88
1143 79
1144 77
1145 88
1146 81
1147 87
1148 86
1149 88
1150 70
1151 75
1152 84
1153 88
1154 78
1155 85
1156 87
1157 86
1158 88
1159 76
1160 89
1161 89
1162 63
1163 88
1164 89
1165 85
1166 84
1167 89
1168 86
1169 74
1170 83
1171 68
1172 88
1173 89
1174 87
1175 82
1176 75
1177 70
1178 89
1179 85
1180 88
1181 86
1182 84
1183 81
1184 89
1185 87
1186 90
1187 90
1188 83
1189 90
1190 90
1191 77
1192 88
1193 89
1194 90
1195 82
1196 86
1197 85
1198 64
1199 87
1200 90
1201 89
1202 84
1203 68
1204 75
1205 88
1206 81
1207 90
1208 83
1209 70
1210 79
1211 76
1212 91
1213 91
1214 90
1215 87
1216 91
1217 85
1218 88
1219 82
1220 91
1221 80
1222 84
1223 73
1224 90
1225 91
1226 78
1227 74
1228 91
1229 87
1230 88
1231 90
1232 75
1233 91
1234 66
1235 67
1236 92
1237 92
1238 92
1239 69
1240 82
1241 92
1242 91
1243 80
1244 71
1245 92
1246 87
1247 89
1248 72
1249 86
1250 92
1251 91
1252 73
1253 90
1254 81
1255 85
1256 92
1257 74
1258 91
1259 88
1260 93
1261 84
1262 93
1263 92
1264 93
1265 90
1266 86
1267 93
1268 80
1269 66
1270 67
1271 92
1272 91
1273 93
1274 83
1275 70
1276 85
1277 89
1278 88
1279 93
1280 90
1281 72
1282 92
1283 87
1284 91
1285 93
1286 84
1287 94
1288 94
1289 79
1290 94
1291 92
1292 94
1293 93
1294 89
1295 90
1296 94
1297 91
1298 76
1299 83
1300 94
1301 93
1302 92
1303 77
1304 81
1305 67
1306 94
1307 69
1308 84
1309 86
1310 90
1311 93
1312 95
1313 82
1314 94
1315 95
1316 92
1317 95
1318 95
1319 74
1320 93
1321 94
1322 83
1323 80
1324 95
1325 91
1326 90
1327 92
1328 95
1329 94
1330 81
1331 84
1332 93
1333 88
1334 95
1335 96
1336 96
1337 82
1338 96
1339 94
1340 91
1341 92
1342 95
1343 96
1344 90
1345 79
1346 93
1347 96
1348 89
1349 73
1350 95
1351 96
1352 94
1353 86
1354 88
1355 75
1356 96
1357 92
1358 91
1359 76
1360 93
1361 95
1362 90
1363 97
1364 96
1365 97
1366 82
1367 97
1368 89
1369 78
1370 97
1371 95
1372 96
1373 92
1374 97
1375 91
1376 88
1377 94
1378 69
1379 70
1380 97
1381 80
1382 96
1383 90
1384 95
1385 84
1386 74
1387 97
1388 81
1389 87
1390 89
1391 98
1392 98
1393 93
1394 96
1395 98
1396 85
1397 97
1398 98
1399 95
1400 98
1401 88
1402 78
1403 97
1404 96
1405 98
1406 79
1407 94
1408 93
1409 98
1410 95
1411 92
1412 80
1413 97
1414 87
1415 96
1416 98
1417 99
1418 72
1419 99
1420 73
1421 99
1422 74
1423 99
1424 98
1425 90
1426 95
1427 76
1428 93
1429 99
1430 96
1431 86
1432 77
1433 92
1434 83
1435 99
1436 98
1437 97
1438 89
1439 91
1440 99
1441 84
1442 95
1443 94
1444 100
1445 100
1446 100
1447 93
1448 99
1449 97
1450 100
1451 81
1452 88
1453 100
1454 71
1455 72
1456 98
1457 99
1458 100
1459 95
1460 96
1461 91
1462 94
1463 97
1464 100
1465 77
1466 99
1467 93
1468 98
1469 84
1470 100
1471 101
1472 101
1473 90
1474 101
1475 92
1476 96
1477 99
1478 88
1479 101
1480 100
1481 98
1482 101
1483 91
1484 86
1485 101
1486 100
1487 99
1488 72
1489 101
1490 96
1491 74
1492 87
1493 75
1494 98
1495 95
1496 100
1497 102
1498 102
1499 77
1500 102
1501 101
1502 94
1503 102
1504 88
1505 79
1506 102
1507 85
1508 100
1509 101
1510 80
1511 97
1512 102
1513 96
1514 89
1515 99
1516 86
1517 95
1518 102
1519 101
1520 82
1521 100
1522 92
1523 87
1524 102
1525 103
1526 103
1527 98
1528 103
1529 101
1530 84
1531 103
1532 102
1533 75
1534 93
1535 100
1536 91
1537 103
1538 95
1539 78
1540 102
1541 103
1542 80
1543 98
1544 99
1545 92
1546 94
1547 103
1548 100
1549 81
1550 102
1551 104
1552 87
1553 104
1554 101
1555 104
1556 103
1557 104
1558 93
1559 95
1560 104
1561 91
1562 102
1563 99
1564 103
1565 100
1566 104
1567 101
1568 89
1569 94
1570 75
1571 104
1572 92
1573 103
1574 102
1575 78
1576 86
1577 79
1578 104
1579 90
1580 100
1581 105
1582 105
1583 101
1584 98
1585 105
1586 104
1587 105
1588 102
1589 97
1590 105
1591 88
1592 83
1593 103
1594 104
1595 105
1596 96
1597 100
1598 101
1599 92
1600 99
1601 102
1602 105
1603 98
1604 104
1605 103
1606 106
1607 106
1608 105
1609 106
1610 97
1611 78
1612 106
1613 79
1614 101
1615 100
1616 106
1617 102
1618 91
1619 105
1620 99
1621 96
1622 106
1623 103
1624 88
1625 82
1626 98
1627 83
1628 106
1629 105
1630 104
1631 89
1632 84
1633 101
1634 102
1635 106
1636 97
1637 100
1638 107
1639 107
1640 90
1641 105
1642 107
1643 99
1644 106
1645 107
1646 96
1647 107
1648 87
1649 98
1650 76
1651 105
1652 106
1653 107
1654 80
1655 88
1656 104
1657 81
1658 107
1659 82
1660 95
1661 106
1662 89
1663 105
1664 108
1665 108
1666 107
1667 108
1668 103
1669 108
1670 85
1671 104
1672 106
1673 101
1674 108
1675 107
1676 94
1677 105
1678 91
1679 108
1680 87
1681 108
1682 107
1683 106
1684 99
1685 92
1686 103
1687 104
1688 102
1689 77
1690 108
1691 105
1692 80
1693 109
1694 109
1695 93
1696 109
1697 98
1698 106
1699 108
1700 109
1701 100
1702 90
1703 84
1704 109
1705 104
1706 107
1707 105
1708 108
1709 109
1710 102
1711 99
1712 106
1713 109
1714 87
1715 108
1716 107
1717 110
1718 110
1719 109
1720 104
1721 105
1722 110
1723 103
1724 96
1725 110
1726 89
1727 108
1728 110
1729 102
1730 109
1731 80
1732 107
1733 81
1734 90
1735 110
1736 99
1737 97
1738 101
1739 108
1740 109
1741 110
1742 105
1743 106
1744 85
1745 95
1746 107
1747 110
1748 100
1749 98
1750 111
1751 111
1752 108
1753 111
1754 96
1755 110
1756 88
1757 111
1758 106
1759 105
1760 111
1761 109
1762 104
1763 110
1764 97
1765 94
1766 111
1767 108
1768 90
1769 103
1770 79
1771 80
1772 111
1773 110
1774 109
1775 83
1776 102
1777 106
1778 107
1779 112
1780 111
1781 112
1782 85
1783 112
1784 108
1785 112
1786 110
1787 101
1788 112
1789 111
1790 93
1791 103
1792 112
1793 97
1794 107
1795 110
1796 106
1797 111
1798 112
1799 100
1800 105
1801 102
1802 109
1803 90
1804 112
1805 95
1806 104
1807 111
1808 113
1809 110
1810 113
1811 113
1812 112
1813 101
1814 82
1815 96
1816 113
1817 108
1818 99
1819 84
1820 106
1821 109
1822 113
1823 112
1824 86
1825 105
1826 110
1827 113
1828 87
1829 102
1830 100
1831 88
1832 104
1833 113
1834 112
1835 111
1836 108
1837 89
1838 98
1839 109
1840 113
1841 114
1842 114
1843 103
1844 114
1845 112
1846 114
1847 91
1848 111
1849 113
1850 114
1851 92
1852 114
1853 109
1854 108
1855 112
1856 81
1857 110
1858 113
1859 100
1860 93
1861 114
1862 85
1863 111
1864 106
1865 114
1866 87
1867 98
1868 113
1869 112
1870 115
1871 115
1872 115
1873 114
1874 110
1875 108
1876 115
1877 111
1878 90
1879 113
1880 115
1881 96
1882 104
1883 114
1884 91
1885 112
1886 115
1887 106
1888 100
1889 97
1890 115
1891 114
1892 109
1893 111
1894 103
1895 105
1896 108
1897 112
1898 98
1899 115
1900 116
1901 116
1902 85
1903 116
1904 107
1905 114
1906 116
1907 113
1908 115
1909 116
1910 99
1911 106
1912 110
1913 111
1914 116
1915 109
1916 112
1917 114
1918 90
1919 115
1920 116
1921 113
1922 105
1923 103
1924 92
1925 116
1926 107
1927 115
1928 114
1929 101
1930 117
1931 117
1932 112
1933 116
1934 117
1935 113
1936 104
1937 106
1938 117
1939 115
1940 102
1941 117
1942 83
1943 116
1944 95
1945 86
1946 117
1947 88
1948 105
1949 112
1950 111
1951 100
1952 115
1953 116
1954 117
1955 110
1956 90
1957 114
1958 97
1959 109
1960 117
1961 101
1962 118
1963 118
1964 118
1965 104
1966 115
1967 118
1968 108
1969 117
1970 118
1971 113
1972 111
1973 102
1974 114
1975 118
1976 99
1977 116
1978 110
1979 117
1980 115
1981 118
1982 109
1983 100
1984 84
1985 85
1986 96
1987 118
1988 117
1989 116
1990 113
1991 112
1992 114
1993 119
1994 108
1995 119
1996 118
1997 90
1998 119
1999 119
2000 110
2001 117
2002 98
2003 116
2004 119
2005 118
2006 107
2007 105
2008 119
2009 113
2010 114
2011 112
2012 94
2013 117
2014 118
2015 119
2016 111
2017 95
2018 116
2019 108
2020 106
2021 119
2022 120
2023 120
2024 118
2025 120
2026 117
2027 101
2028 120
2029 114
2030 119
2031 86
2032 87
2033 120
2034 88
2035 107
2036 116
2037 109
2038 120
2039 98
2040 105
2041 119
2042 117
2043 120
2044 92
2045 99
2046 103
2047 108
2048 115
2049 120
2050 118
2051 119
2052 116
2053 113
2054 100
2055 121
2056 121
2057 120
2058 112
2059 121
2060 121
2061 96
2062 107
2063 118
2064 121
2065 120
2066 97
2067 115
2068 116
2069 114
2070 121
2071 117
2072 119
2073 98
2074 86
2075 113
2076 120
2077 110
2078 121
2079 118
2080 103
2081 106
2082 99
2083 112
2084 92
2085 121
2086 122
2087 122
2088 119
2089 122
2090 115
2091 104
2092 117
2093 122
2094 111
2095 121
2096 114
2097 122
2098 95
2099 101
2100 120
2101 113
2102 122
2103 96
2104 105
2105 121
2106 110
2107 122
2108 97
2109 112
2110 116
2111 117
2112 115
2113 120
2114 122
2115 121
2116 103
2117 114
2118 119
2119 123
2120 123
2121 122
2122 89
2123 123
2124 90
2125 121
2126 104
2127 123
2128 120
2129 92
2130 122
2131 123
2132 118
2133 110
2134 101
2135 112
2136 123
2137 108
2138 121
2139 122
2140 123
2141 120
2142 102
2143 106
2144 97
2145 111
2146 123
2147 109
2148 122
2149 121
2150 124
2151 124
2152 119
2153 124
2154 124
2155 123
2156 120
2157 99
2158 115
2159 124
2160 122
2161 110
2162 124
2163 121
2164 88
2165 123
2166 114
2167 91
2168 108
2169 105
2170 124
2171 118
2172 119
2173 117
2174 120
2175 122
2176 123
2177 124
2178 113
2179 95
2180 102
2181 106
2182 121
2183 96
2184 125
2185 124
2186 125
2187 125
2188 123
2189 122
2190 125
2191 112
2192 119
2193 118
2194 120
2195 124
2196 125
2197 117
2198 104
2199 121
2200 125
2201 123
2202 116
2203 124
2204 122
2205 105
2206 125
2207 111
2208 115
2209 119
2210 120
2211 125
2212 123
2213 124
2214 121
2215 93
2216 126
2217 126
2218 126
2219 117
2220 122
2221 126
2222 125
2223 107
2224 126
2225 110
2226 124
2227 116
2228 123
2229 126
2230 125
2231 120
2232 98
2233 121
2234 113
2235 126
2236 115
2237 122
2238 111
2239 124
2240 125
2241 126
2242 100
2243 123
2244 109
2245 127
2246 126
2247 106
2248 127
2249 112
2250 127
2251 124
2252 121
2253 120
2254 127
2255 122
2256 119
2257 110
2258 126
2259 91
2260 92
2261 127
2262 123
2263 118
2264 94
2265 103
2266 127
2267 96
2268 126
2269 108
2270 117
2271 104
2272 127
2273 121
2274 122
2275 120
2276 127
2277 126
2278 99
2279 119
2280 116
2281 128
2282 128
2283 128
2284 127
2285 128
2286 118
2287 101
2288 128
2289 126
2290 110
2291 125
2292 115
2293 128
2294 102
2295 127
2296 123
2297 120
2298 128
2299 124
2300 103
2301 111
2302 126
2303 119
2304 108
2305 127
2306 128
2307 125
2308 116
2309 95
2310 114
2311 96
2312 118
2313 97
2314 128
2315 129
2316 122
2317 129
2318 127
2319 126
2320 129
2321 124
2322 129
2323 120
2324 115
2325 128
2326 106
2327 125
2328 129
2329 110
2330 113
2331 127
2332 129
2333 126
2334 107
2335 128
2336 102
2337 129
2338 124
2339 118
2340 108
2341 125
2342 127
2343 129
2344 128
2345 130
2346 130
2347 130
2348 109
2349 92
2350 129
2351 130
2352 117
2353 115
2354 105
2355 128
2356 130
2357 127
2358 124
2359 123
2360 125
2361 130
2362 129
2363 106
2364 99
2365 126
2366 121
2367 130
2368 116
2369 128
2370 107
2371 129
2372 127
2373 114
2374 130
2375 120
2376 102
2377 124
2378 125
2379 123
2380 130
2381 131
2382 128
2383 131
2384 126
2385 131
2386 122
2387 115
2388 131
2389 104
2390 127
2391 130
2392 131
2393 113
2394 129
2395 131
2396 128
2397 118
2398 93
2399 130
2400 125
2401 124
2402 120
2403 126
2404 131
2405 123
2406 98
2407 114
2408 127
2409 111
2410 129
2411 107
2412 130
2413 131
2414 100
2415 128
2416 119
2417 132
2418 101
2419 132
2420 132
2421 112
2422 131
2423 132
2424 125
2425 130
2426 129
2427 132
2428 124
2429 127
2430 109
2431 131
2432 132
2433 123
2434 120
2435 128
2436 116
2437 132
2438 130
2439 105
2440 122
2441 131
2442 132
2443 106
2444 126
2445 119
2446 127
2447 117
2448 121
2449 94
2450 95
2451 132
2452 130
2453 133
2454 133
2455 98
2456 133
2457 99
2458 112
2459 129
2460 133
2461 100
2462 132
2463 120
2464 118
2465 133
2466 131
2467 130
2468 133
2469 126
2470 132
2471 128
2472 125
2473 133
2474 129
2475 104
2476 124
2477 119
2478 131
2479 114
2480 132
2481 133
2482 130
2483 123
2484 111
2485 134
2486 134
2487 134
2488 133
2489 128
2490 115
2491 134
2492 132
2493 131
2494 129
2495 134
2496 125
2497 133
2498 96
2499 134
2500 97
2501 108
2502 98
2503 124
2504 99
2505 113
2506 134
2507 131
2508 133
2509 128
2510 134
2511 127
2512 129
2513 117
2514 126
2515 110
2516 130
2517 132
2518 134
2519 133
2520 135
2521 135
2522 120
2523 122
2524 135
2525 115
2526 135
2527 134
2528 124
2529 135
2530 133
2531 128
2532 129
2533 132
2534 127
2535 130
2536 135
2537 134
2538 121
2539 126
2540 123
2541 131
2542 108
2543 135
2544 133
2545 96
2546 125
2547 134
2548 109
2549 132
2550 135
2551 100
2552 114
2553 101
2554 122
2555 129
2556 136
2557 136
2558 102
2559 136
2560 135
2561 133
2562 136
2563 118
2564 115
2565 136
2566 111
2567 132
2568 135
2569 105
2570 136
2571 123
2572 112
2573 134
2574 136
2575 133
2576 130
2577 135
2578 107
2579 131
2580 128
2581 136
2582 113
2583 132
2584 122
2585 127
2586 134
2587 136
2588 135
2589 120
2590 137
2591 114
2592 137
2593 126
2594 137
2595 137
2596 136
2597 118
2598 99
2599 130
2600 131
2601 137
2602 134
2603 121
2604 132
2605 125
2606 111
2607 128
2608 137
2609 136
2610 133
2611 104
2612 119
2613 116
2614 137
2615 112
2616 105
2617 135
2618 124
2619 136
2620 137
2621 131
2622 126
2623 130
2624 117
2625 132
2626 129
2627 138
2628 138
2629 137
2630 138
2631 135
2632 136
2633 138
2634 128
2635 123
2636 125
2637 138
2638 134
2639 137
2640 138
2641 127
2642 110
2643 136
2644 135
2645 138
2646 119
2647 130
2648 98
2649 137
2650 100
2651 124
2652 101
2653 116
2654 138
2655 129
2656 134
2657 103
2658 112
2659 136
2660 137
2661 138
2662 105
2663 135
2664 139
2665 139
2666 106
2667 139
2668 123
2669 132
2670 138
2671 139
2672 127
2673 137
2674 136
2675 134
2676 139
2677 108
2678 139
2679 138
2680 135
2681 115
2682 124
2683 126
2684 139
2685 110
2686 137
2687 122
2688 136
2689 138
2690 133
2691 132
2692 139
2693 134
2694 131
2695 120
2696 135
2697 140
2698 99
2699 140
2700 139
2701 140
2702 123
2703 138
2704 103
2705 140
2706 136
2707 113
2708 140
2709 129
2710 105
2711 139
2712 140
2713 133
2714 138
2715 132
2716 137
2717 124
2718 140
2719 135
2720 128
2721 139
2722 108
2723 122
2724 119
2725 136
2726 140
2727 109
2728 130
2729 138
2730 110
2731 139
2732 140
2733 137
2734 120
2735 141
2736 141
2737 134
2738 133
2739 141
2740 140
2741 141
2742 136
2743 138
2744 139
2745 141
2746 131
2747 126
2748 128
2749 137
2750 140
2751 141
2752 118
2753 103
2754 104
2755 130
2756 141
2757 114
2758 138
2759 134
2760 135
2761 140
2762 133
2763 136
2764 127
2765 141
2766 125
2767 129
2768 132
2769 137
2770 139
2771 142
2772 142
2773 141
2774 140
2775 142
2776 131
2777 142
2778 142
2779 126
2780 141
2781 135
2782 136
2783 142
2784 121
2785 140
2786 139
2787 112
2788 137
2789 142
2790 141
2791 118
2792 113
2793 138
2794 127
2795 142
2796 129
2797 140
2798 125
2799 114
2800 119
2801 102
2802 141
2803 142
2804 136
2805 135
2806 143
2807 106
2808 134
2809 143
2810 143
2811 128
2812 120
2813 142
2814 143
2815 140
2816 141
2817 116
2818 143
2819 139
2820 132
2821 142
2822 143
2823 117
2824 111
2825 141
2826 136
2827 143
2828 140
2829 135
2830 131
2831 138
2832 142
2833 134
2834 125
2835 143
2836 139
2837 133
2838 141
2839 144
2840 143
2841 144
2842 130
2843 144
2844 123
2845 140
2846 144
2847 126
2848 132
2849 137
2850 144
2851 138
2852 143
2853 104
2854 135
2855 144
2856 142
2857 141
2858 124
2859 107
2860 129
2861 134
2862 144
2863 131
2864 143
2865 140
2866 109
2867 117
2868 144
2869 110
2870 133
2871 142
2872 125
2873 122
2874 141
2875 143
2876 138
2877 144
2878 136
2879 139
2880 128
2881 132
2882 145
2883 145
2884 140
2885 145
2886 123
2887 144
2888 142
2889 145
2890 134
2891 114
2892 145
2893 120
2894 131
2895 144
2896 145
2897 124
2898 138
2899 139
2900 143
2901 142
2902 145
2903 140
2904 121
2905 103
2906 144
2907 105
2908 106
2909 145
2910 130
2911 117
2912 132
2913 128
2914 143
2915 144
2916 145
2917 146
2918 146
2919 146
2920 139
2921 138
2922 146
2923 140
2924 137
2925 146
2926 145
2927 141
2928 143
2929 144
2930 146
2931 113
2932 120
2933 127
2934 146
2935 145
2936 135
2937 115
2938 146
2939 144
2940 130
2941 139
2942 140
2943 143
2944 138
2945 145
2946 134
2947 141
2948 128
2949 146
2950 137
2951 142
2952 147
2953 147
2954 136
2955 147
2956 144
2957 146
2958 145
2959 126
2960 147
2961 108
2962 118
2963 143
2964 129
2965 147
2966 110
2967 135
2968 146
2969 139
2970 147
2971 138
2972 145
2973 144
2974 142
2975 124
2976 147
2977 132
2978 137
2979 120
2980 146
2981 143
2982 114
2983 147
2984 136
2985 145
2986 115
2987 146
2988 147
2989 148
2990 141
2991 148
2992 133
2993 148
2994 139
2995 142
2996 148
2997 135
2998 138
2999 148
3000 147
3001 145
3002 146
3003 148
3004 137
3005 118
3006 144
3007 148
3008 147
3009 134
3010 127
3011 108
3012 119
3013 130
3014 141
3015 136
3016 148
3017 145
3018 111
3019 143
3020 147
3021 120
3022 112
3023 148
3024 133
3025 144
3026 125
3027 135
3028 149
3029 149
3030 114
3031 146
3032 149
3033 148
3034 147
3035 149
3036 129
3037 126
3038 142
3039 149
3040 116
3041 143
3042 148
3043 134
3044 149
3045 132
3046 144
3047 147
3048 146
3049 139
3050 123
3051 149
3052 130
3053 148
3054 145
3055 138
3056 149
3057 124
3058 119
3059 147
3060 142
3061 146
3062 143
3063 148
3064 141
3065 149
3066 150
3067 150
3068 125
3069 150
3070 111
3071 150
3072 112
3073 145
3074 149
3075 150
3076 147
3077 148
3078 136
3079 150
3080 132
3081 146
3082 122
3083 115
3084 149
3085 150
3086 143
3087 142
3088 144
3089 130
3090 148
3091 141
3092 150
3093 147
3094 145
3095 135
3096 149
3097 140
3098 137
3099 150
3100 146
3101 124
3102 128
3103 131
3104 151
3105 148
3106 151
3107 150
3108 151
3109 147
3110 151
3111 144
3112 134
3113 120
3114 142
3115 145
3116 151
3117 138
3118 107
3119 150
3120 141
3121 146
3122 151
3123 148
3124 149
3125 126
3126 112
3127 140
3128 151
3129 147
3130 150
3131 135
3132 137
3133 114
3134 133
3135 151
3136 144
3137 149
3138 145
3139 148
3140 150
3141 146
3142 151
3143 117
3144 152
3145 152
3146 152
3147 147
3148 152
3149 151
3150 152
3151 150
3152 119
3153 125
3154 148
3155 129
3156 152
3157 145
3158 144
3159 151
3160 152
3161 146
3162 143
3163 135
3164 126
3165 150
3166 149
3167 152
3168 133
3169 108
3170 151
3171 110
3172 111
3173 148
3174 127
3175 152
3176 141
3177 113
3178 136
3179 150
3180 131
3181 153
3182 153
3183 151
3184 152
3185 146
3186 153
3187 144
3188 140
3189 116
3190 153
3191 143
3192 124
3193 153
3194 152
3195 132
3196 150
3197 142
3198 153
3199 139
3200 135
3201 149
3202 153
3203 152
3204 141
3205 120
3206 133
3207 146
3208 130
3209 145
3210 153
3211 151
3212 144
3213 150
3214 121
3215 148
3216 152
3217 140
3218 153
3219 154
3220 154
3221 149
3222 154
3223 154
3224 151
3225 142
3226 153
3227 123
3228 154
3229 113
3230 150
3231 139
3232 114
3233 154
3234 147
3235 132
3236 145
3237 148
3238 153
3239 154
3240 129
3241 144
3242 149
3243 152
3244 151
3245 125
3246 154
3247 118
3248 143
3249 153
3250 150
3251 140
3252 119
3253 154
3254 126
3255 152
3256 142
3257 147
3258 148
3259 155
3260 155
3261 154
3262 155
3263 155
3264 139
3265 137
3266 150
3267 155
3268 154
3269 152
3270 153
3271 155
3272 132
3273 135
3274 151
3275 155
3276 154
3277 111
3278 148
3279 147
3280 124
3281 113
3282 140
3283 149
3284 138
3285 146
3286 155
3287 152
3288 150
3289 136
3290 145
3291 154
3292 130
3293 117
3294 155
3295 151
3296 118
3297 156
3298 156
3299 156
3300 134
3301 139
3302 153
3303 156
3304 155
3305 154
3306 137
3307 156
3308 148
3309 149
3310 147
3311 156
3312 121
3313 146
3314 155
3315 156
3316 151
3317 128
3318 122
3319 153
3320 154
3321 145
3322 142
3323 156
3324 123
3325 152
3326 155
3327 129
3328 133
3329 144
3330 156
3331 149
3332 148
3333 154
3334 153
3335 141
3336 130
3337 157
3338 157
3339 156
3340 157
3341 146
3342 116
3343 157
3344 152
3345 126
3346 117
3347 157
3348 156
3349 154
3350 145
3351 155
3352 157
3353 153
3354 140
3355 135
3356 142
3357 149
3358 150
3359 157
3360 156
3361 151
3362 144
3363 121
3364 128
3365 147
3366 155
3367 152
3368 154
3369 157
3370 122
3371 136
3372 156
3373 133
3374 146
3375 141
3376 153
3377 157
3378 139
3379 158
3380 158
3381 158
3382 155
3383 145
3384 158
3385 157
3386 156
3387 158
3388 125
3389 152
3390 158
3391 140
3392 131
3393 112
3394 157
3395 144
3396 114
3397 115
3398 158
3399 155
3400 156
3401 138
3402 117
3403 127
3404 158
3405 132
3406 157
3407 119
3408 151
3409 150
3410 143
3411 120
3412 158
3413 149
3414 156
3415 155
3416 153
3417 148
3418 157
3419 159
3420 158
3421 159
3422 159
3423 154
3424 159
3425 142
3426 134
3427 156
3428 159
3429 158
3430 140
3431 157
3432 155
3433 159
3434 152
3435 146
3436 150
3437 125
3438 153
3439 131
3440 138
3441 158
3442 159
3443 154
3444 157
3445 156
3446 148
3447 159
3448 145
3449 132
3450 127
3451 158
3452 155
3453 136
3454 116
3455 139
3456 159
3457 147
3458 118
3459 160
3460 160
3461 157
3462 160
3463 153
3464 156
3465 160
3466 158
3467 159
3468 154
3469 137
3470 160
3471 129
3472 146
3473 149
3474 140
3475 160
3476 155
3477 159
3478 130
3479 157
3480 160
3481 158
3482 138
3483 143
3484 156
3485 145
3486 135
3487 160
3488 152
3489 159
3490 151
3491 154
3492 147
3493 160
3494 158
3495 157
3496 126
3497 139
3498 132
3499 136
3500 159
3501 144
3502 161
3503 160
3504 161
3505 156
3506 146
3507 161
3508 161
3509 158
3510 114
3511 137
3512 160
3513 161
3514 159
3515 157
3516 154
3517 118
3518 161
3519 155
3520 134
3521 120
3522 145
3523 143
3524 160
3525 161
3526 147
3527 156
3528 130
3529 158
3530 159
3531 161
3532 123
3533 157
3534 160
3535 131
3536 124
3537 161
3538 144
3539 154
3540 153
3541 155
3542 152
3543 159
3544 162
3545 162
3546 162
3547 156
3548 160
3549 162
3550 161
3551 162
3552 140
3553 157
3554 137
3555 162
3556 145
3557 161
3558 159
3559 143
3560 160
3561 162
3562 158
3563 154
3564 155
3565 153
3566 162
3567 141
3568 161
3569 156
3570 117
3571 152
3572 119
3573 157
3574 162
3575 130
3576 159
3577 144
3578 151
3579 148
3580 161
3581 122
3582 158
3583 162
3584 163
3585 163
3586 163
3587 150
3588 124
3589 163
3590 160
3591 155
3592 154
3593 156
3594 162
3595 163
3596 140
3597 153
3598 157
3599 163
3600 126
3601 152
3602 133
3603 162
3604 163
3605 160
3606 161
3607 151
3608 138
3609 146
3610 163
3611 159
3612 148
3613 162
3614 155
3615 156
3616 129
3617 154
3618 150
3619 163
3620 135
3621 161
3622 142
3623 153
3624 164
3625 164
3626 164
3627 117
3628 162
3629 163
3630 164
3631 147
3632 120
3633 152
3634 145
3635 164
3636 159
3637 122
3638 164
3639 163
3640 151
3641 162
3642 164
3643 160
3644 157
3645 125
3646 158
3647 148
3648 164
3649 163
3650 141
3651 126
3652 150
3653 159
3654 144
3655 162
3656 161
3657 164
3658 127
3659 134
3660 163
3661 160
3662 164
3663 165
3664 165
3665 149
3666 165
3667 156
3668 145
3669 162
3670 165
3671 161
3672 164
3673 163
3674 130
3675 165
3676 154
3677 136
3678 143
3679 140
3680 165
3681 131
3682 160
3683 153
3684 164
3685 119
3686 165
3687 120
3688 162
3689 163
3690 137
3691 132
3692 122
3693 161
3694 165
3695 157
3696 152
3697 158
3698 164
3699 124
3700 159
3701 155
3702 138
3703 165
3704 163
3705 160
3706 147
3707 162
3708 166
3709 166
3710 151
3711 166
3712 127
3713 165
3714 166
3715 161
3716 166
3717 153
3718 166
3719 163
3720 165
3721 158
3722 157
3723 164
3724 159
3725 150
3726 162
3727 166
3728 136
3729 160
3730 152
3731 155
3732 166
3733 165
3734 161
3735 144
3736 163
3737 164
3738 141
3739 166
3740 149
3741 132
3742 151
3743 162
3744 118
3745 165
3746 120
3747 121
3748 166
3749 159
3750 167
3751 167
3752 160
3753 142
3754 167
3755 164
3756 156
3757 167
3758 161
3759 165
3760 166
3761 167
3762 150
3763 148
3764 155
3765 152
3766 162
3767 167
3768 143
3769 135
3770 166
3771 128
3772 164
3773 167
3774 140
3775 165
3776 154
3777 163
3778 160
3779 167
3780 161
3781 166
3782 130
3783 141
3784 153
3785 167
3786 162
3787 165
3788 164
3789 168
3790 168
3791 166
3792 168
3793 167
3794 168
3795 142
3796 150
3797 168
3798 133
3799 160
3800 159
3801 165
3802 161
3803 168
3804 158
3805 167
3806 166
3807 139
3808 123
3809 162
3810 168
3811 157
3812 146
3813 125
3814 167
3815 168
3816 151
3817 156
3818 140
3819 149
3820 165
3821 166
3822 168
3823 128
3824 164
3825 147
3826 167
3827 160
3828 161
3829 159
3830 168
3831 169
3832 158
3833 169
3834 166
3835 150
3836 169
3837 165
3838 169
3839 154
3840 167
3841 168
3842 148
3843 169
3844 138
3845 164
3846 169
3847 156
3848 168
3849 166
3850 133
3851 169
3852 160
3853 153
3854 162
3855 165
3856 159
3857 134
3858 163
3859 169
3860 168
3861 121
3862 158
3863 140
3864 123
3865 164
3866 147
3867 144
3868 169
3869 166
3870 126
3871 157
3872 152
3873 127
3874 170
3875 170
3876 165
3877 170
3878 169
3879 128
3880 170
3881 161
3882 162
3883 156
3884 129
3885 170
3886 163
3887 167
3888 170
3889 169
3890 168
3891 164
3892 153
3893 151
3894 170
3895 158
3896 155
3897 165
3898 132
3899 169
3900 170
3901 143
3902 167
3903 139
3904 168
3905 157
3906 170
3907 162
3908 163
3909 147
3910 169
3911 152
3912 154
3913 164
3914 140
3915 170
3916 156
3917 171
3918 168
3919 171
3920 167
3921 171
3922 121
3923 122
3924 171
3925 170
3926 145
3927 136
3928 125
3929 166
3930 171
3931 126
3932 153
3933 155
3934 171
3935 163
3936 168
3937 170
3938 164
3939 169
3940 171
3941 146
3942 149
3943 165
3944 160
3945 138
3946 171
3947 143
3948 170
3949 131
3950 166
3951 152
3952 159
3953 168
3954 169
3955 132
3956 171
3957 150
3958 167
3959 144
3960 170
3961 172
3962 172
3963 163
3964 172
3965 171
3966 162
3967 172
3968 165
3969 161
3970 172
3971 169
3972 168
3973 166
3974 145
3975 171
3976 172
3977 157
3978 160
3979 172
3980 136
3981 167
3982 142
3983 171
3984 124
3985 172
3986 169
3987 137
3988 170
3989 164
3990 163
3991 168
3992 165
3993 152
3994 172
3995 162
3996 143
3997 166
3998 158
3999 171
4000 161
4001 150
4002 172
4003 167
4004 170
4005 173
4006 173
4007 144
4008 173
4009 160
4010 132
4011 171
4012 173
4013 172
4014 168
4015 148
4016 173
4017 151
4018 164
4019 165
4020 159
4021 173
4022 170
4023 172
4024 171
4025 162
4026 173
4027 135
4028 156
4029 154
4030 149
4031 161
4032 158
4033 146
4034 173
4035 172
4036 142
4037 170
4038 171
4039 173
4040 160
4041 169
4042 150
4043 165
4044 147
4045 172
4046 155
4047 157
4048 174
4049 174
4050 173
4051 174
4052 153
4053 128
4054 174
4055 159
4056 171
4057 174
4058 170
4059 139
4060 130
4061 172
4062 173
4063 174
4064 131
4065 169
4066 140
4067 174
4068 145
4069 158
4070 173
4071 171
4072 174
4073 165
4074 149
4075 172
4076 167
4077 164
4078 170
4079 168
4080 174
4081 163
4082 135
4083 173
4084 142
4085 157
4086 169
4087 136
4088 174
4089 172
4090 171
4091 175
4092 175
4093 175
4094 173
4095 170
4096 175
4097 174
4098 161
4099 166
4100 167
4101 175
4102 138
4103 151
4104 168
4105 156
4106 172
4107 175
4108 124
4109 125
4110 174
4111 171
4112 173
4113 154
4114 160
4115 175
4116 129
4117 130
4118 145
4119 170
4120 152
4121 175
4122 174
4123 162
4124 172
4125 173
4126 159
4127 175
4128 166
4129 171
4130 168
4131 165
4132 174
4133 169
4134 150
4135 176
4136 153
4137 176
4138 175
4139 176
4140 135
4141 176
4142 170
4143 173
4144 172
4145 176
4146 158
4147 163
4148 174
4149 175
4150 176
4151 151
4152 171
4153 154
4154 176
4155 167
4156 168
4157 162
4158 175
4159 166
4160 169
4161 176
4162 174
4163 172
4164 165
4165 139
4166 170
4167 159
4168 149
4169 176
4170 175
4171 164
4172 127
4173 140
4174 171
4175 128
4176 129
4177 173
4178 176
4179 146
4180 131
4181 177
4182 150
4183 177
4184 172
4185 177
4186 168
4187 158
4188 169
4189 176
4190 177
4191 156
4192 170
4193 177
4194 134
4195 162
4196 174
4197 177
4198 176
4199 175
4200 143
4201 136
4202 177
4203 148
4204 172
4205 159
4206 157
4207 161
4208 176
4209 177
4210 152
4211 174
4212 175
4213 168
4214 155
4215 170
4216 173
4217 177
4218 145
4219 171
4220 176
4221 178
4222 178
4223 177
4224 178
4225 175
4226 150
4227 178
4228 156
4229 178
4230 126
4231 127
4232 176
4233 141
4234 177
4235 173
4236 178
4237 164
4238 131
4239 169
4240 170
4241 168
4242 151
4243 178
4244 171
4245 175
4246 177
4247 157
4248 176
4249 178
4250 172
4251 163
4252 148
4253 166
4254 135
4255 178
4256 155
4257 136
4258 177
4259 144
4260 165
4261 175
4262 176
4263 149
4264 178
4265 162
4266 170
4267 174
4268 179
4269 179
4270 177
4271 179
4272 168
4273 164
4274 178
4275 179
4276 150
4277 167
4278 179
4279 176
4280 173
4281 140
4282 175
4283 179
4284 178
4285 177
4286 166
4287 163
4288 141
4289 179
4290 174
4291 157
4292 127
4293 178
4294 170
4295 179
4296 176
4297 130
4298 169
4299 172
4300 177
4301 175
4302 148
4303 168
4304 160
4305 162
4306 179
4307 134
4308 178
4309 164
4310 167
4311 135
4312 174
4313 180
4314 179
4315 180
4316 180
4317 177
4318 176
4319 153
4320 180
4321 166
4322 137
4323 180
4324 178
4325 175
4326 179
4327 171
4328 163
4329 180
4330 159
4331 173
4332 180
4333 139
4334 154
4335 177
4336 179
4337 176
4338 174
4339 178
4340 180
4341 151
4342 147
4343 162
4344 175
4345 180
4346 179
4347 164
4348 155
4349 177
4350 178
4351 172
4352 171
4353 180
4354 173
4355 176
4356 170
4357 181
4358 128
4359 181
4360 174
4361 181
4362 180
4363 181
4364 153
4365 175
4366 144
4367 178
4368 181
4369 168
4370 177
4371 135
4372 181
4373 180
4374 136
4375 150
4376 145
4377 176
4378 181
4379 154
4380 172
4381 173
4382 171
4383 162
4384 180
4385 178
4386 181
4387 170
4388 179
4389 177
4390 175
4391 166
4392 181
4393 140
4394 147
4395 158
4396 180
4397 176
4398 152
4399 141
4400 181
4401 182
4402 182
4403 179
4404 182
4405 161
4406 165
4407 182
4408 156
4409 177
4410 180
4411 182
4412 174
4413 181
4414 171
4415 167
4416 182
4417 175
4418 170
4419 179
4420 182
4421 176
4422 129
4423 178
4424 181
4425 164
4426 157
4427 180
4428 133
4429 150
4430 182
4431 169
4432 166
4433 160
4434 145
4435 177
4436 182
4437 181
4438 168
4439 179
4440 174
4441 146
4442 180
4443 172
4444 175
4445 138
4446 182
4447 163
4448 171
4449 176
4450 139
4451 183
4452 183
4453 152
4454 183
4455 182
4456 183
4457 156
4458 180
4459 179
4460 148
4461 183
4462 181
4463 182
4464 183
4465 178
4466 174
4467 175
4468 183
4469 157
4470 176
4471 180
4472 182
4473 183
4474 154
4475 181
4476 177
4477 144
4478 150
4479 183
4480 165
4481 163
4482 182
4483 131
4484 132
4485 167
4486 155
4487 134
4488 161
4489 180
4490 183
4491 184
4492 184
4493 184
4494 175
4495 174
4496 179
4497 184
4498 173
4499 182
4500 184
4501 138
4502 183
4503 172
4504 164
4505 184
4506 139
4507 181
4508 178
4509 184
4510 171
4511 148
4512 183
4513 182
4514 141
4515 184
4516 157
4517 160
4518 179
4519 149
4520 170
4521 142
4522 175
4523 184
4524 183
4525 174
4526 181
4527 177
4528 182
4529 173
4530 180
4531 184
4532 178
4533 169
4534 144
4535 161
4536 172
4537 183
4538 185
4539 185
4540 185
4541 184
4542 185
4543 182
4544 181
4545 164
4546 185
4547 168
4548 146
4549 131
4550 132
4551 183
4552 180
4553 184
4554 162
4555 185
4556 177
4557 174
4558 170
4559 147
4560 178
4561 185
4562 173
4563 182
4564 184
4565 153
4566 160
4567 181
4568 148
4569 185
4570 172
4571 169
4572 185
4573 180
4574 149
4575 184
4576 142
4577 182
4578 171
4579 176
4580 183
4581 185
4582 175
4583 186
4584 186
4585 181
4586 186
4587 168
4588 186
4589 155
4590 184
4591 179
4592 186
4593 185
4594 170
4595 151
4596 173
4597 186
4598 180
4599 162
4600 183
4601 182
4602 186
4603 185
4604 184
4605 172
4606 146
4607 167
4608 181
4609 186
4610 165
4611 169
4612 177
4613 160
4614 178
4615 147
4616 132
4617 185
4618 186
4619 134
4620 183
4621 171
4622 184
4623 182
4624 137
4625 180
4626 186
4627 161
4628 168
4629 166
4630 185
4631 158
4632 187
4633 140
4634 187
4635 170
4636 187
4637 186
4638 183
4639 184
4640 187
4641 150
4642 178
4643 187
4644 182
4645 185
4646 176
4647 186
4648 159
4649 187
4650 180
4651 175
4652 169
4653 144
4654 187
4655 165
4656 184
4657 181
4658 183
4659 186
4660 174
4661 185
4662 187
4663 160
4664 163
4665 182
4666 187
4667 186
4668 168
4669 178
4670 179
4671 177
4672 184
4673 185
4674 180
4675 187
4676 176
4677 183
4678 188
4679 188
4680 188
4681 181
4682 158
4683 133
4684 188
4685 175
4686 136
4687 188
4688 187
4689 149
4690 182
4691 188
4692 185
4693 184
4694 167
4695 174
4696 155
4697 140
4698 171
4699 188
4700 186
4701 187
4702 165
4703 183
4704 179
4705 178
4706 180
4707 188
4708 177
4709 181
4710 156
4711 143
4712 187
4713 188
4714 186
4715 182
4716 152
4717 166
4718 175
4719 188
4720 157
4721 187
4722 146
4723 189
4724 189
4725 164
4726 188
4727 189
4728 186
4729 179
4730 180
4731 189
4732 178
4733 181
4734 184
4735 189
4736 187
4737 154
4738 177
4739 188
4740 189
4741 162
4742 173
4743 165
4744 176
4745 189
4746 186
4747 185
4748 134
4749 135
4750 188
4751 187
4752 138
4753 189
4754 175
4755 170
4756 139
4757 168
4758 184
4759 163
4760 172
4761 180
4762 160
4763 189
4764 188
4765 151
4766 186
4767 174
4768 187
4769 185
4770 189
4771 183
4772 157
4773 190
4774 190
4775 164
4776 190
4777 161
4778 188
4779 171
4780 190
4781 145
4782 184
4783 189
4784 190
4785 173
4786 153
4787 187
4788 186
4789 190
4790 181
4791 190
4792 189
4793 182
4794 179
4795 190
4796 183
4797 148
4798 159
4799 178
4800 168
4801 187
4802 189
4803 190
4804 186
4805 149
4806 188
4807 177
4808 166
4809 160
4810 190
4811 185
4812 156
4813 189
4814 176
4815 137
4816 171
4817 138
4818 191
4819 182
4820 191
4821 180
4822 190
4823 191
4824 183
4825 141
4826 191
4827 186
4828 167
4829 142
4830 175
4831 184
4832 191
4833 143
4834 190
4835 191
4836 144
4837 185
4838 158
4839 165
4840 188
4841 170
4842 162
4843 191
4844 177
4845 190
4846 189
4847 168
4848 146
4849 191
4850 186
4851 182
4852 181
4853 183
4854 176
4855 180
4856 191
4857 184
4858 190
4859 188
4860 155
4861 179
4862 189
4863 187
4864 185
4865 160
4866 191
4867 192
4868 175
4869 192
4870 192
4871 190
4872 164
4873 192
4874 167
4875 191
4876 192
4877 188
4878 189
4879 177
4880 151
4881 192
4882 182
4883 183
4884 172
4885 181
4886 184
4887 187
4888 190
4889 192
4890 191
4891 180
4892 165
4893 152
4894 185
4895 141
4896 192
4897 158
4898 179
4899 189
4900 186
4901 153
4902 191
4903 188
4904 192
4905 190
4906 173
4907 178
4908 171
4909 154
4910 187
4911 175
4912 192
4913 146
4914 191
4915 184
4916 147
4917 189
4918 193
4919 190
4920 193
4921 192
4922 193
4923 188
4924 193
4925 186
4926 191
4927 172
4928 193
4929 174
4930 192
4931 170
4932 193
4933 176
4934 150
4935 190
4936 189
4937 193
4938 165
4939 192
4940 191
4941 184
4942 183
4943 188
4944 193
4945 182
4946 173
4947 152
4948 158
4949 186
4950 175
4951 181
4952 193
4953 192
4954 190
4955 139
4956 166
4957 191
4958 180
4959 169
4960 142
4961 163
4962 159
4963 193
4964 194
4965 194
4966 192
4967 194
4968 179
4969 194
4970 172
4971 193
4972 194
4973 191
4974 164
4975 183
4976 186
4977 194
4978 147
4979 189
4980 182
4981 192
4982 178
4983 193
4984 194
4985 156
4986 181
4987 149
4988 168
4989 194
4990 165
4991 188
4992 191
4993 190
4994 193
4995 180
4996 192
4997 177
4998 194
4999 162
5000 189
5001 185
5002 184
5003 194
5004 179
5005 193
5006 152
5007 187
5008 191
5009 163
5010 192
5011 182
5012 195
5013 176
5014 195
5015 194
5016 188
5017 195
5018 195
5019 178
5020 138
5021 193
5022 140
5023 195
5024 170
5025 194
5026 189
5027 164
5028 143
5029 160
5030 195
5031 192
5032 191
5033 180
5034 155
5035 195
5036 186
5037 193
5038 194
5039 190
5040 187
5041 168
5042 161
5043 195
5044 188
5045 171
5046 179
5047 148
5048 192
5049 194
5050 195
5051 189
5052 191
5053 193
5054 162
5055 169
5056 176
5057 174
5058 195
5059 190
5060 178
5061 196
5062 196
5063 151
5064 196
5065 186
5066 187
5067 196
5068 192
5069 195
5070 193
5071 196
5072 180
5073 167
5074 170
5075 191
5076 196
5077 189
5078 194
5079 153
5080 175
5081 195
5082 196
5083 173
5084 160
5085 190
5086 179
5087 196
5088 193
5089 192
5090 139
5091 140
5092 195
5093 194
5094 155
5095 196
5096 165
5097 191
5098 186
5099 188
5100 185
5101 176
5102 156
5103 196
5104 189
5105 195
5106 184
5107 169
5108 193
5109 162
5110 194
5111 192
5112 190
5113 197
5114 196
5115 197
5116 197
5117 149
5118 197
5119 195
5120 191
5121 150
5122 158
5123 197
5124 177
5125 196
5126 175
5127 167
5128 197
5129 194
5130 187
5131 188
5132 186
5133 173
5134 189
5135 197
5136 192
5137 195
5138 196
5139 164
5140 181
5141 190
5142 197
5143 184
5144 171
5145 160
5146 176
5147 194
5148 191
5149 196
5150 197
5151 165
5152 174
5153 195
5154 180
5155 161
5156 155
5157 192
5158 197
5159 188
5160 187
5161 196
5162 189
5163 198
5164 198
5165 143
5166 198
5167 144
5168 194
5169 198
5170 197
5171 185
5172 198
5173 146
5174 193
5175 191
5176 147
5177 198
5178 196
5179 181
5180 148
5181 184
5182 197
5183 198
5184 149
5185 192
5186 195
5187 198
5188 183
5189 178
5190 197
5191 196
5192 189
5193 180
5194 193
5195 198
5196 190
5197 152
5198 174
5199 186
5200 191
5201 182
5202 198
5203 197
5204 195
5205 185
5206 192
5207 196
5208 172
5209 169
5210 154
5211 199
5212 198
5213 199
5214 199
5215 184
5216 199
5217 166
5218 199
5219 198
5220 189
5221 190
5222 195
5223 196
5224 170
5225 199
5226 191
5227 194
5228 141
5229 142
5230 199
5231 157
5232 198
5233 178
5234 163
5235 180
5236 176
5237 199
5238 147
5239 182
5240 193
5241 196
5242 195
5243 198
5244 168
5245 199
5246 164
5247 197
5248 159
5249 150
5250 194
5251 190
5252 189
5253 199
5254 188
5255 177
5256 181
5257 198
5258 165
5259 200
5260 200
5261 187
5262 200
5263 197
5264 200
5265 199
5266 195
5267 193
5268 200
5269 186
5270 161
5271 200
5272 198
5273 199
5274 194
5275 200
5276 178
5277 185
5278 162
5279 197
5280 196
5281 176
5282 200
5283 191
5284 189
5285 156
5286 199
5287 198
5288 195
5289 188
5290 200
5291 163
5292 171
5293 193
5294 174
5295 187
5296 179
5297 200
5298 142
5299 199
5300 144
5301 194
5302 145
5303 196
5304 177
5305 198
5306 186
5307 183
5308 200
5309 201
5310 201
5311 201
5312 199
5313 201
5314 190
5315 192
5316 185
5317 201
5318 200
5319 197
5320 193
5321 198
5322 182
5323 201
5324 188
5325 196
5326 173
5327 194
5328 199
5329 170
5330 201
5331 200
5332 184
5333 187
5334 154
5335 201
5336 162
5337 198
5338 197
5339 155
5340 200
5341 186
5342 181
5343 201
5344 191
5345 192
5346 183
5347 196
5348 190
5349 193
5350 177
5351 201
5352 168
5353 194
5354 157
5355 200
5356 185
5357 202
5358 202
5359 202
5360 199
5361 197
5362 202
5363 201
5364 180
5365 202
5366 169
5367 187
5368 200
5369 202
5370 159
5371 184
5372 165
5373 196
5374 201
5375 202
5376 173
5377 192
5378 198
5379 199
5380 176
5381 186
5382 202
5383 166
5384 197
5385 200
5386 201
5387 181
5388 195
5389 183
5390 202
5391 179
5392 174
5393 153
5394 185
5395 196
5396 199
5397 202
5398 201
5399 198
5400 200
5401 155
5402 202
5403 203
5404 203
5405 192
5406 182
5407 203
5408 194
5409 201
5410 172
5411 184
5412 203
5413 195
5414 199
5415 190
5416 202
5417 203
5418 200
5419 198
5420 203
5421 196
5422 189
5423 158
5424 201
5425 203
5426 202
5427 165
5428 197
5429 188
5430 203
5431 200
5432 199
5433 144
5434 193
5435 160
5436 202
5437 192
5438 201
5439 203
5440 148
5441 195
5442 198
5443 174
5444 191
5445 187
5446 150
5447 161
5448 196
5449 171
5450 203
5451 190
5452 167
5453 202
5454 200
5455 204
5456 197
5457 204
5458 201
5459 204
5460 153
5461 203
5462 204
5463 154
5464 204
5465 178
5466 163
5467 202
5468 155
5469 204
5470 194
5471 203
5472 188
5473 195
5474 204
5475 200
5476 201
5477 196
5478 181
5479 176
5480 185
5481 199
5482 204
5483 202
5484 203
5485 179
5486 187
5487 158
5488 165
5489 204
5490 190
5491 170
5492 198
5493 201
5494 200
5495 203
5496 204
5497 184
5498 202
5499 189
5500 160
5501 194
5502 195
5503 199
5504 180
5505 193
5506 204
5507 205
5508 205
5509 192
5510 205
5511 146
5512 197
5513 188
5514 205
5515 201
5516 178
5517 204
5518 205
5519 200
5520 198
5521 151
5522 172
5523 183
5524 205
5525 168
5526 203
5527 153
5528 190
5529 204
5530 205
5531 199
5532 176
5533 179
5534 202
5535 205
5536 196
5537 164
5538 189
5539 197
5540 204
5541 203
5542 200
5543 205
5544 184
5545 157
5546 198
5547 177
5548 170
5549 174
5550 205
5551 158
5552 204
5553 202
5554 199
5555 201
5556 203
5557 206
5558 206
5559 159
5560 206
5561 205
5562 206
5563 206
5564 185
5565 196
5566 195
5567 204
5568 197
5569 206
5570 187
5571 205
5572 181
5573 202
5574 203
5575 206
5576 201
5577 168
5578 199
5579 162
5580 206
5581 147
5582 204
5583 205
5584 150
5585 151
5586 206
5587 186
5588 173
5589 200
5590 191
5591 182
5592 203
5593 202
5594 205
5595 206
5596 204
5597 197
5598 195
5599 155
5600 201
5601 198
5602 194
5603 190
5604 156
5605 206
5606 207
5607 207
5608 205
5609 207
5610 203
5611 207
5612 204
5613 200
5614 206
5615 207
5616 166
5617 189
5618 192
5619 181
5620 207
5621 205
5622 201
5623 206
5624 207
5625 160
5626 197
5627 196
5628 191
5629 198
5630 203
5631 204
5632 195
5633 184
5634 207
5635 176
5636 199
5637 188
5638 202
5639 206
5640 205
5641 182
5642 200
5643 207
5644 162
5645 173
5646 190
5647 193
5648 169
5649 207
5650 204
5651 147
5652 206
5653 149
5654 203
5655 150
5656 205
5657 208
5658 208
5659 174
5660 208
5661 207
5662 197
5663 208
5664 202
5665 196
5666 199
5667 208
5668 206
5669 155
5670 178
5671 195
5672 208
5673 191
5674 207
5675 204
5676 205
5677 171
5678 208
5679 194
5680 203
5681 201
5682 186
5683 188
5684 208
5685 207
5686 193
5687 190
5688 159
5689 202
5690 167
5691 208
5692 182
5693 205
5694 204
5695 160
5696 198
5697 199
5698 207
5699 208
5700 206
5701 200
5702 203
5703 187
5704 185
5705 180
5706 189
5707 201
5708 208
5709 162
5710 209
5711 209
5712 209
5713 202
5714 209
5715 206
5716 208
5717 209
5718 178
5719 181
5720 164
5721 209
5722 188
5723 207
5724 186
5725 150
5726 199
5727 198
5728 208
5729 200
5730 209
5731 184
5732 153
5733 165
5734 205
5735 206
5736 201
5737 196
5738 209
5739 204
5740 179
5741 156
5742 207
5743 208
5744 195
5745 209
5746 176
5747 172
5748 187
5749 189
5750 158
5751 203
5752 185
5753 206
5754 209
5755 208
5756 205
5757 180
5758 207
5759 199
5760 200
5761 183
5762 210
5763 210
5764 210
5765 209
5766 210
5767 197
5768 161
5769 210
5770 202
5771 188
5772 169
5773 196
5774 210
5775 209
5776 207
5777 178
5778 205
5779 210
5780 163
5781 192
5782 195
5783 170
5784 208
5785 210
5786 209
5787 175
5788 204
5789 210
5790 194
5791 199
5792 207
5793 206
5794 187
5795 165
5796 198
5797 191
5798 202
5799 209
5800 208
5801 210
5802 205
5803 176
5804 197
5805 154
5806 166
5807 203
5808 172
5809 193
5810 210
5811 183
5812 211
5813 211
5814 204
5815 211
5816 206
5817 177
5818 208
5819 190
5820 211
5821 210
5822 195
5823 186
5824 211
5825 192
5826 200
5827 205
5828 211
5829 160
5830 202
5831 184
5832 210
5833 198
5834 211
5835 194
5836 207
5837 208
5838 197
5839 206
5840 211
5841 204
5842 191
5843 209
5844 210
5845 175
5846 182
5847 163
5848 211
5849 196
5850 193
5851 205
5852 164
5853 208
5854 171
5855 207
5856 211
5857 210
5858 201
5859 202
5860 209
5861 195
5862 203
5863 206
5864 183
5865 212
5866 212
5867 212
5868 211
5869 192
5870 212
5871 210
5872 151
5873 212
5874 177
5875 208
5876 194
5877 212
5878 211
5879 207
5880 156
5881 181
5882 212
5883 184
5884 157
5885 210
5886 158
5887 191
5888 212
5889 211
5890 202
5891 201
5892 193
5893 203
5894 200
5895 212
5896 209
5897 204
5898 182
5899 199
5900 161
5901 211
5902 210
5903 179
5904 212
5905 205
5906 170
5907 198
5908 190
5909 192
5910 163
5911 212
5912 206
5913 211
5914 213
5915 176
5916 213
5917 208
5918 164
5919 213
5920 210
5921 186
5922 213
5923 212
5924 203
5925 201
5926 213
5927 204
5928 196
5929 200
5930 211
5931 213
5932 205
5933 166
5934 212
5935 189
5936 209
5937 213
5938 210
5939 173
5940 208
5941 206
5942 187
5943 213
5944 151
5945 198
5946 178
5947 211
5948 212
5949 155
5950 168
5951 174
5952 213
5953 182
5954 185
5955 203
5956 210
5957 202
5958 209
5959 204
5960 169
5961 212
5962 213
5963 194
5964 211
5965 188
5966 175
5967 208
5968 200
5969 214
5970 214
5971 161
5972 213
5973 214
5974 214
5975 199
5976 212
5977 180
5978 214
5979 210
5980 207
5981 171
5982 211
5983 214
5984 213
5985 189
5986 198
5987 214
5988 195
5989 184
5990 212
5991 203
5992 204
5993 181
5994 202
5995 214
5996 213
5997 201
5998 197
5999 210
6000 211
6001 214
6002 173
6003 192
6004 209
6005 200
6006 213
6007 212
6008 185
6009 167
6010 214
6011 174
6012 196
6013 199
6014 208
6015 214
6016 211
6017 152
6018 213
6019 210
6020 215
6021 215
6022 212
6023 215
6024 183
6025 198
6026 215
6027 214
6028 209
6029 215
6030 180
6031 213
6032 160
6033 215
6034 176
6035 211
6036 214
6037 197
6038 212
6039 215
6040 208
6041 171
6042 210
6043 162
6044 187
6045 215
6046 213
6047 192
6048 214
6049 172
6050 209
6051 164
6052 190
6053 215
6054 204
6055 206
6056 203
6057 212
6058 211
6059 178
6060 207
6061 214
6062 215
6063 213
6064 210
6065 208
6066 201
6067 216
6068 193
6069 216
6070 215
6071 216
6072 195
6073 191
6074 216
6075 214
6076 209
6077 212
6078 183
6079 216
6080 200
6081 211
6082 213
6083 189
6084 215
6085 216
6086 205
6087 206
6088 216
6089 210
6090 207
6091 214
6092 199
6093 203
6094 156
6095 215
6096 216
6097 170
6098 208
6099 158
6100 212
6101 202
6102 213
6103 216
6104 190
6105 211
6106 209
6107 161
6108 198
6109 214
6110 215
6111 201
6112 216
6113 185
6114 188
6115 210
6116 163
6117 182
6118 213
6119 216
6120 212
6121 215
6122 207
6123 217
6124 214
6125 217
6126 165
6127 208
6128 217
6129 211
6130 217
6131 216
6132 166
6133 209
6134 217
6135 174
6136 183
6137 215
6138 202
6139 217
6140 213
6141 216
6142 210
6143 214
6144 212
6145 196
6146 217
6147 175
6148 192
6149 180
6150 201
6151 198
6152 184
6153 217
6154 211
6155 216
6156 206
6157 207
6158 205
6159 208
6160 217
6161 204
6162 213
6163 214
6164 209
6165 154
6166 195
6167 216
6168 212
6169 217
6170 197
6171 210
6172 171
6173 159
6174 160
6175 191
6176 199
6177 218
6178 218
6179 217
6180 218
6181 211
6182 216
6183 218
6184 213
6185 218
6186 186
6187 215
6188 189
6189 207
6190 217
6191 208
6192 218
6193 201
6194 196
6195 194
6196 212
6197 209
6198 179
6199 218
6200 165
6201 216
6202 210
6203 217
6204 218
6205 214
6206 187
6207 200
6208 215
6209 190
6210 213
6211 180
6212 218
6213 175
6214 216
6215 217
6216 168
6217 195
6218 197
6219 218
6220 193
6221 212
6222 176
6223 199
6224 208
6225 207
6226 215
6227 214
6228 185
6229 218
6230 217
6231 210
6232 216
6233 205
6234 219
6235 219
6236 219
6237 211
6238 218
6239 219
6240 204
6241 196
6242 198
6243 219
6244 217
6245 186
6246 157
6247 178
6248 215
6249 212
6250 219
6251 203
6252 218
6253 161
6254 219
6255 162
6256 173
6257 208
6258 209
6259 217
6260 219
6261 187
6262 210
6263 218
6264 206
6265 197
6266 195
6267 174
6268 211
6269 219
6270 216
6271 205
6272 193
6273 180
6274 166
6275 214
6276 218
6277 217
6278 219
6279 167
6280 204
6281 191
6282 185
6283 168
6284 213
6285 220
6286 219
6287 220
6288 220
6289 216
6290 218
6291 215
6292 220
6293 209
6294 208
6295 194
6296 210
6297 217
6298 220
6299 207
6300 219
6301 220
6302 206
6303 192
6304 220
6305 218
6306 171
6307 178
6308 219
6309 216
6310 220
6311 217
6312 213
6313 215
6314 172
6315 195
6316 190
6317 220
6318 187
6319 204
6320 157
6321 218
6322 201
6323 219
6324 193
6325 160
6326 214
6327 209
6328 220
6329 208
6330 162
6331 211
6332 217
6333 216
6334 207
6335 180
6336 212
6337 220
6338 219
6339 198
6340 218
6341 215
6342 165
6343 206
6344 221
6345 221
6346 221
6347 194
6348 220
6349 221
6350 202
6351 205
6352 221
6353 214
6354 217
6355 189
6356 216
6357 221
6358 192
6359 218
6360 220
6361 186
6362 210
6363 221
6364 204
6365 177
6366 215
6367 212
6368 219
6369 170
6370 221
6371 220
6372 213
6373 190
6374 178
6375 217
6376 171
6377 218
6378 221
6379 216
6380 214
6381 220
6382 219
6383 221
6384 198
6385 200
6386 196
6387 215
6388 202
6389 221
6390 222
6391 222
6392 217
6393 222
6394 209
6395 160
6396 222
6397 219
6398 213
6399 222
6400 185
6401 216
6402 221
6403 222
6404 175
6405 214
6406 199
6407 192
6408 207
6409 197
6410 220
6411 201
6412 222
6413 218
6414 221
6415 176
6416 215
6417 222
6418 219
6419 217
6420 206
6421 167
6422 182
6423 222
6424 177
6425 220
6426 211
6427 212
6428 221
6429 216
6430 210
6431 169
6432 213
6433 200
6434 222
6435 209
6436 183
6437 170
6438 218
6439 219
6440 196
6441 208
6442 221
6443 222
6444 217
6445 220
6446 215
6447 204
6448 223
6449 184
6450 194
6451 223
6452 188
6453 172
6454 223
6455 222
6456 223
6457 216
6458 221
6459 223
6460 180
6461 218
6462 206
6463 197
6464 220
6465 223
6466 213
6467 222
6468 210
6469 189
6470 214
6471 223
6472 195
6473 209
6474 158
6475 221
6476 160
6477 215
6478 223
6479 222
6480 186
6481 163
6482 219
6483 208
6484 220
6485 223
6486 216
6487 218
6488 165
6489 166
6490 221
6491 222
6492 207
6493 204
6494 223
6495 187
6496 217
6497 212
6498 213
6499 211
6500 214
6501 220
6502 223
6503 224
6504 224
6505 222
6506 224
6507 215
6508 201
6509 221
6510 224
6511 170
6512 218
6513 203
6514 224
6515 209
6516 216
6517 223
6518 179
6519 224
6520 205
6521 222
6522 224
6523 220
6524 217
6525 195
6526 223
6527 180
6528 221
6529 224
6530 173
6531 200
6532 202
6533 213
6534 207
6535 214
6536 224
6537 222
6538 215
6539 204
6540 223
6541 186
6542 193
6543 224
6544 175
6545 220
6546 221
6547 206
6548 182
6549 219
6550 160
6551 223
6552 224
6553 222
6554 187
6555 201
6556 164
6557 203
6558 225
6559 194
6560 225
6561 191
6562 225
6563 224
6564 225
6565 223
6566 214
6567 213
6568 220
6569 225
6570 215
6571 212
6572 168
6573 222
6574 225
6575 224
6576 184
6577 211
6578 219
6579 192
6580 225
6581 202
6582 217
6583 200
6584 223
6585 210
6586 204
6587 225
6588 224
6589 221
6590 198
6591 222
6592 218
6593 180
6594 220
6595 209
6596 225
6597 193
6598 223
6599 224
6600 214
6601 190
6602 225
6603 213
6604 208
6605 203
6606 216
6607 212
6608 222
6609 221
6610 217
6611 225
6612 175
6613 226
6614 226
6615 211
6616 226
6617 223
6618 220
6619 226
6620 191
6621 218
6622 207
6623 226
6624 225
6625 210
6626 226
6627 183
6628 224
6629 161
6630 202
6631 219
6632 163
6633 226
6634 164
6635 200
6636 221
6637 225
6638 192
6639 215
6640 226
6641 216
6642 178
6643 213
6644 198
6645 217
6646 220
6647 168
6648 226
6649 212
6650 189
6651 225
6652 179
6653 208
6654 218
6655 185
6656 226
6657 223
6658 196
6659 201
6660 205
6661 221
6662 180
6663 225
6664 224
6665 226
6666 199
6667 172
6668 210
6669 207
6670 227
6671 220
6672 227
6673 227
6674 216
6675 226
6676 214
6677 227
6678 225
6679 222
6680 174
6681 209
6682 227
6683 204
6684 224
6685 227
6686 226
6687 200
6688 212
6689 219
6690 227
6691 176
6692 225
6693 208
6694 211
6695 198
6696 226
6697 227
6698 220
6699 224
6700 177
6701 222
6702 184
6703 227
6704 205
6705 216
6706 161
6707 210
6708 178
6709 225
6710 226
6711 221
6712 196
6713 207
6714 218
6715 227
6716 166
6717 185
6718 199
6719 219
6720 223
6721 224
6722 209
6723 227
6724 226
6725 228
6726 228
6727 225
6728 228
6729 170
6730 228
6731 197
6732 194
6733 206
6734 171
6735 228
6736 227
6737 181
6738 228
6739 221
6740 226
6741 191
6742 224
6743 228
6744 223
6745 216
6746 225
6747 218
6748 227
6749 182
6750 228
6751 219
6752 214
6753 222
6754 205
6755 226
6756 203
6757 228
6758 220
6759 227
6760 201
6761 224
6762 225
6763 228
6764 221
6765 223
6766 212
6767 184
6768 177
6769 189
6770 227
6771 226
6772 193
6773 228
6774 217
6775 222
6776 218
6777 216
6778 206
6779 229
6780 229
6781 229
6782 228
6783 225
6784 224
6785 190
6786 162
6787 229
6788 220
6789 197
6790 165
6791 226
6792 229
6793 223
6794 200
6795 186
6796 228
6797 229
6798 210
6799 169
6800 213
6801 229
6802 170
6803 227
6804 205
6805 181
6806 222
6807 225
6808 203
6809 228
6810 229
6811 226
6812 212
6813 209
6814 218
6815 217
6816 219
6817 182
6818 229
6819 216
6820 227
6821 220
6822 228
6823 174
6824 215
6825 229
6826 221
6827 196
6828 199
6829 225
6830 226
6831 214
6832 208
6833 193
6834 224
6835 229
6836 228
6837 227
6838 230
6839 230
6840 230
6841 230
6842 213
6843 230
6844 229
6845 223
6846 185
6847 200
6848 230
6849 219
6850 228
6851 226
6852 217
6853 220
6854 225
6855 230
6856 227
6857 216
6858 229
6859 209
6860 224
6861 230
6862 215
6863 191
6864 222
6865 180
6866 163
6867 228
6868 165
6869 195
6870 230
6871 229
6872 168
6873 226
6874 187
6875 227
6876 230
6877 225
6878 170
6879 192
6880 206
6881 208
6882 171
6883 228
6884 229
6885 182
6886 219
6887 230
6888 224
6889 210
6890 221
6891 173
6892 202
6893 231
6894 231
6895 227
6896 226
6897 230
6898 231
6899 229
6900 212
6901 231
6902 175
6903 228
6904 225
6905 231
6906 223
6907 200
6908 207
6909 205
6910 230
6911 231
6912 194
6913 190
6914 231
6915 224
6916 211
6917 227
6918 230
6919 228
6920 231
6921 178
6922 221
6923 198
6924 218
6925 201
6926 222
6927 191
6928 231
6929 229
6930 208
6931 206
6932 230
6933 223
6934 210
6935 216
6936 204
6937 231
6938 227
6939 228
6940 199
6941 192
6942 224
6943 226
6944 181
6945 196
6946 215
6947 230
6948 231
6949 229
6950 232
6951 232
6952 232
6953 169
6954 232
6955 170
6956 225
6957 220
6958 221
6959 232
6960 231
6961 214
6962 205
6963 222
6964 228
6965 232
6966 227
6967 197
6968 189
6969 223
6970 229
6971 232
6972 217
6973 231
6974 226
6975 213
6976 232
6977 175
6978 216
6979 230
6980 232
6981 198
6982 231
6983 228
6984 225
6985 229
6986 227
6987 215
6988 232
6989 195
6990 212
6991 221
6992 220
6993 222
6994 230
6995 231
6996 226
6997 223
6998 232
6999 199
7000 218
7001 214
7002 224
7003 228
7004 233
7005 196
7006 233
7007 180
7008 232
7009 233
7010 231
7011 233
7012 230
7013 225
7014 233
7015 188
7016 213
7017 232
7018 233
7019 203
7020 226
7021 231
7022 166
7023 233
7024 229
7025 222
7026 169
7027 228
7028 223
7029 232
7030 210
7031 215
7032 233
7033 219
7034 224
7035 206
7036 212
7037 227
7038 201
7039 233
7040 218
7041 231
7042 184
7043 225
7044 190
7045 232
7046 204
7047 214
7048 233
7049 217
7050 230
7051 195
7052 185
7053 226
7054 228
7055 176
7056 209
7057 211
7058 232
7059 202
7060 233
7061 177
7062 234
7063 234
7064 223
7065 234
7066 227
7067 178
7068 234
7069 205
7070 224
7071 233
7072 234
7073 230
7074 229
7075 232
7076 225
7077 234
7078 215
7079 231
7080 200
7081 203
7082 234
7083 233
7084 210
7085 226
7086 208
7087 197
7088 212
7089 234
7090 181
7091 232
7092 227
7093 234
7094 230
7095 233
7096 182
7097 231
7098 223
7099 222
7100 204
7101 224
7102 234
7103 221
7104 183
7105 166
7106 225
7107 232
7108 220
7109 233
7110 190
7111 234
7112 171
7113 213
7114 226
7115 172
7116 219
7117 230
7118 231
7119 235
7120 235
7121 234
7122 235
7123 232
7124 235
7125 235
7126 176
7127 196
7128 234
7129 210
7130 235
7131 228
7132 223
7133 224
7134 208
7135 222
7136 217
7137 200
7138 233
7139 231
7140 235
7141 230
7142 221
7143 187
7144 232
7145 234
7146 235
7147 220
7148 229
7149 193
7150 216
7151 227
7152 180
7153 188
7154 235
7155 219
7156 234
7157 211
7158 209
7159 231
7160 228
7161 235
7162 232
7163 194
7164 189
7165 230
7166 207
7167 218
7168 215
7169 224
7170 234
7171 233
7172 235
7173 222
7174 202
7175 229
7176 236
7177 236
7178 236
7179 205
7180 221
7181 236
7182 217
7183 235
7184 236
7185 231
7186 210
7187 167
7188 234
7189 169
7190 236
7191 191
7192 208
7193 233
7194 230
7195 228
7196 185
7197 236
7198 235
7199 216
7200 200
7201 219
7202 236
7203 175
7204 192
7205 234
7206 229
7207 232
7208 236
7209 235
7210 231
7211 233
7212 226
7213 213
7214 218
7215 187
7216 209
7217 222
7218 204
7219 227
7220 236
7221 215
7222 230
7223 234
7224 235
7225 207
7226 228
7227 236
7228 198
7229 217
7230 180
7231 232
7232 194
7233 233
7234 220
7235 229
7236 237
7237 237
7238 236
7239 235
7240 237
7241 234
7242 237
7243 182
7244 219
7245 237
7246 226
7247 230
7248 236
7249 237
7250 235
7251 232
7252 237
7253 228
7254 234
7255 218
7256 191
7257 236
7258 200
7259 231
7260 237
7261 211
7262 229
7263 215
7264 168
7265 235
7266 170
7267 237
7268 192
7269 171
7270 236
7271 233
7272 230
7273 234
7274 232
7275 237
7276 207
7277 175
7278 226
7279 225
7280 227
7281 224
7282 187
7283 235
7284 236
7285 228
7286 237
7287 214
7288 223
7289 198
7290 238
7291 238
7292 216
7293 238
7294 229
7295 238
7296 233
7297 234
7298 237
7299 238
7300 236
7301 180
7302 232
7303 238
7304 235
7305 221
7306 181
7307 238
7308 237
7309 213
7310 215
7311 206
7312 238
7313 231
7314 236
7315 227
7316 220
7317 225
7318 234
7319 228
7320 233
7321 237
7322 238
7323 235
7324 196
7325 229
7326 223
7327 232
7328 238
7329 219
7330 236
7331 230
7332 237
7333 185
7334 222
7335 214
7336 197
7337 201
7338 238
7339 234
7340 235
7341 231
7342 210
7343 233
7344 239
7345 170
7346 238
7347 239
7348 236
7349 239
7350 227
7351 226
7352 228
7353 239
7354 174
7355 225
7356 232
7357 175
7358 239
7359 238
7360 224
7361 220
7362 239
7363 188
7364 235
7365 234
7366 237
7367 178
7368 239
7369 236
7370 223
7371 233
7372 238
7373 179
7374 231
7375 203
7376 239
7377 180
7378 219
7379 222
7380 237
7381 239
7382 190
7383 232
7384 238
7385 235
7386 227
7387 236
7388 216
7389 226
7390 239
7391 212
7392 221
7393 204
7394 191
7395 225
7396 230
7397 237
7398 238
7399 210
7400 239
7401 224
7402 197
7403 231
7404 240
7405 240
7406 240
7407 235
7408 236
7409 185
7410 240
7411 239
7412 240
7413 238
7414 234
7415 215
7416 237
7417 217
7418 240
7419 202
7420 240
7421 239
7422 222
7423 228
7424 219
7425 233
7426 240
7427 238
7428 171
7429 172
7430 236
7431 173
7432 235
7433 174
7434 209
7435 188
7436 239
7437 240
7438 221
7439 176
7440 234
7441 214
7442 177
7443 195
7444 232
7445 189
7446 240
7447 218
7448 238
7449 200
7450 239
7451 207
7452 240
7453 220
7454 233
7455 196
7456 237
7457 210
7458 235
7459 181
7460 229
7461 228
7462 241
7463 240
7464 238
7465 241
7466 241
7467 217
7468 234
7469 231
7470 241
7471 226
7472 213
7473 208
7474 205
7475 241
7476 240
7477 232
7478 184
7479 237
7480 236
7481 241
7482 239
7483 202
7484 238
7485 198
7486 241
7487 233
7488 193
7489 240
7490 241
7491 206
7492 216
7493 209
7494 218
7495 239
7496 234
7497 241
7498 194
7499 230
7500 237
7501 240
7502 236
7503 231
7504 238
7505 227
7506 241
7507 232
7508 226
7509 235
7510 171
7511 172
7512 239
7513 200
7514 240
7515 233
7516 204
7517 241
7518 176
7519 217
7520 225
7521 177
7522 242
7523 242
7524 237
7525 242
7526 213
7527 242
7528 241
7529 236
7530 240
7531 201
7532 242
7533 224
7534 239
7535 180
7536 242
7537 205
7538 230
7539 229
7540 231
7541 241
7542 242
7543 232
7544 227
7545 240
7546 242
7547 192
7548 237
7549 233
7550 214
7551 239
7552 220
7553 241
7554 242
7555 236
7556 234
7557 193
7558 212
7559 185
7560 242
7561 240
7562 203
7563 225
7564 241
7565 186
7566 235
7567 238
7568 194
7569 242
7570 239
7571 237
7572 230
7573 231
7574 215
7575 229
7576 232
7577 224
7578 228
7579 241
7580 240
7581 242
7582 243
7583 243
7584 236
7585 243
7586 243
7587 234
7588 243
7589 223
7590 242
7591 238
7592 239
7593 196
7594 211
7595 172
7596 243
7597 226
7598 205
7599 218
7600 237
7601 240
7602 190
7603 220
7604 243
7605 242
7606 214
7607 197
7608 179
7609 243
7610 191
7611 222
7612 231
7613 236
7614 232
7615 241
7616 239
7617 206
7618 243
7619 212
7620 242
7621 240
7622 198
7623 234
7624 224
7625 243
7626 237
7627 203
7628 241
7629 184
7630 242
7631 210
7632 199
7633 243
7634 185
7635 239
7636 223
7637 244
7638 244
7639 244
7640 238
7641 244
7642 243
7643 242
7644 244
7645 241
7646 233
7647 230
7648 195
7649 244
7650 208
7651 237
7652 216
7653 234
7654 229
7655 243
7656 244
7657 222
7658 235
7659 240
7660 242
7661 239
7662 228
7663 244
7664 189
7665 241
7666 243
7667 238
7668 244
7669 227
7670 190
7671 212
7672 197
7673 219
7674 202
7675 217
7676 244
7677 221
7678 176
7679 243
7680 240
7681 232
7682 226
7683 233
7684 231
7685 241
7686 244
7687 234
7688 230
7689 192
7690 210
7691 203
7692 235
7693 242
7694 243
7695 244
7696 245
7697 245
7698 245
7699 236
7700 183
7701 220
7702 218
7703 245
7704 228
7705 240
7706 245
7707 244
7708 194
7709 243
7710 245
7711 242
7712 224
7713 227
7714 245
7715 214
7716 244
7717 233
7718 232
7719 195
7720 234
7721 238
7722 245
7723 235
7724 243
7725 219
7726 241
7727 226
7728 230
7729 240
7730 188
7731 245
7732 244
7733 209
7734 242
7735 223
7736 229
7737 239
7738 245
7739 206
7740 237
7741 202
7742 243
7743 225
7744 244
7745 228
7746 245
7747 241
7748 210
7749 238
7750 213
7751 242
7752 191
7753 246
7754 246
7755 233
7756 246
7757 207
7758 232
7759 246
7760 245
7761 244
7762 243
7763 246
7764 178
7765 231
7766 236
7767 239
7768 246
7769 180
7770 199
7771 230
7772 245
7773 237
7774 246
7775 242
7776 241
7777 208
7778 244
7779 246
7780 183
7781 229
7782 243
7783 240
7784 238
7785 184
7786 245
7787 246
7788 217
7789 205
7790 228
7791 225
7792 244
7793 246
7794 239
7795 235
7796 245
7797 242
7798 236
7799 241
7800 243
7801 246
7802 237
7803 206
7804 227
7805 220
7806 222
7807 240
7808 202
7809 244
7810 245
7811 224
7812 213
7813 246
7814 189
7815 247
7816 247
7817 247
7818 216
7819 247
7820 242
7821 243
7822 226
7823 247
7824 246
7825 241
7826 198
7827 245
7828 247
7829 244
7830 235
7831 234
7832 221
7833 236
7834 247
7835 219
7836 246
7837 240
7838 237
7839 204
7840 232
7841 247
7842 245
7843 176
7844 243
7845 242
7846 193
7847 231
7848 247
7849 246
7850 200
7851 181
7852 212
7853 241
7854 239
7855 182
7856 194
7857 215
7858 230
7859 247
7860 183
7861 222
7862 245
7863 220
7864 224
7865 246
7866 201
7867 195
7868 240
7869 218
7870 247
7871 235
7872 244
7873 242
7874 186
7875 237
7876 248
7877 248
7878 233
7879 248
7880 210
7881 247
7882 248
7883 238
7884 245
7885 241
7886 248
7887 228
7888 248
7889 239
7890 207
7891 247
7892 231
7893 248
7894 243
7895 244
7896 203
7897 246
7898 211
7899 240
7900 248
7901 198
7902 245
7903 227
7904 230
7905 247
7906 248
7907 191
7908 236
7909 235
7910 237
7911 241
7912 246
7913 248
7914 244
7915 212
7916 247
7917 220
7918 243
7919 245
7920 239
7921 226
7922 193
7923 248
7924 209
7925 232
7926 242
7927 176
7928 177
7929 240
7930 246
7931 247
7932 194
7933 228
7934 248
7935 249
7936 249
7937 182
7938 249
7939 216
7940 244
7941 249
7942 210
7943 221
7944 243
7945 248
7946 249
7947 236
7948 247
7949 235
7950 246
7951 238
7952 249
7953 196
7954 227
7955 234
7956 239
7957 242
7958 249
7959 248
7960 187
7961 233
7962 217
7963 240
7964 249
7965 247
7966 244
7967 229
7968 224
7969 246
7970 248
7971 249
7972 243
7973 241
7974 208
7975 226
7976 220
7977 190
7978 204
7979 215
7980 249
7981 212
7982 247
7983 231
7984 228
7985 199
7986 248
7987 242
7988 237
7989 238
7990 245
7991 249
7992 239
7993 246
7994 192
7995 205
7996 223
7997 250
7998 250
7999 225
8000 250
8001 248
8002 249
8003 216
8004 250
8005 227
8006 250
8007 241
8008 210
8009 250
8010 219
8011 249
8012 246
8013 229
8014 250
8015 177
8016 248
8017 179
8018 244
8019 195
8020 180
8021 247
8022 250
8023 202
8024 217
8025 224
8026 238
8027 249
8028 226
8029 239
8030 236
8031 250
8032 243
8033 240
8034 185
8035 235
8036 248
8037 203
8038 246
8039 250
8040 245
8041 249
8042 234
8043 247
8044 208
8045 215
8046 250
8047 242
8048 204
8049 233
8050 225
8051 248
8052 223
8053 249
8054 227
8055 250
8056 190
8057 251
8058 251
8059 246
8060 243
8061 251
8062 247
8063 232
8064 238
8065 251
8066 237
8067 250
8068 251
8069 249
8070 236
8071 248
8072 192
8073 251
8074 244
8075 210
8076 235
8077 231
8078 251
8079 224
8080 250
8081 242
8082 201
8083 222
8084 247
8085 246
8086 251
8087 194
8088 248
8089 245
8090 250
8091 251
8092 207
8093 230
8094 195
8095 233
8096 251
8097 238
8098 249
8099 240
8100 244
8101 215
8102 237
8103 250
8104 247
8105 223
8106 232
8107 246
8108 248
8109 251
8110 197
8111 242
8112 229
8113 221
8114 186
8115 252
8116 245
8117 252
8118 252
8119 249
8120 250
8121 251
8122 243
8123 252
8124 216
8125 231
8126 252
8127 219
8128 234
8129 213
8130 252
8131 247
8132 248
8133 251
8134 244
8135 205
8136 252
8137 246
8138 250
8139 249
8140 240
8141 233
8142 252
8143 241
8144 230
8145 251
8146 237
8147 245
8148 242
8149 214
8150 252
8151 220
8152 250
8153 248
8154 243
8155 247
8156 232
8157 252
8158 251
8159 249
8160 235
8161 246
8162 229
8163 244
8164 252
8165 218
8166 215
8167 250
8168 195
8169 251
8170 231
8171 234
8172 252
8173 245
8174 240
8175 248
8176 253
8177 196
8178 253
8179 249
8180 253
8181 242
8182 253
8183 226
8184 252
8185 179
8186 228
8187 253
8188 250
8189 183
8190 246
8191 253
8192 184
8193 230
8194 213
8195 185
8196 244
8197 222
8198 253
8199 252
8200 248
8201 249
8202 251
8203 232
8204 253
8205 188
8206 245
8207 247
8208 250
8209 220
8210 189
8211 252
8212 214
8213 253
8214 225
8215 241
8216 240
8217 200
8218 242
8219 239
8220 246
8221 253
8222 243
8223 231
8224 238
8225 249
8226 252
8227 248
8228 218
8229 201
8230 250
8231 253
8232 207
8233 221
8234 193
8235 247
8236 245
8237 254
8238 254
8239 251
8240 252
8241 254
8242 253
8243 212
8244 254
8245 230
8246 224
8247 254
8248 195
8249 249
8250 246
8251 254
8252 203
8253 253
8254 248
8255 241
8256 242
8257 240
8258 254
8259 243
8260 251
8261 239
8262 209
8263 254
8264 244
8265 247
8266 253
8267 238
8268 227
8269 234
8270 229
8271 254
8272 217
8273 220
8274 245
8275 252
8276 181
8277 250
8278 182
8279 249
8280 237
8281 205
8282 184
8283 210
8284 254
8285 253
8286 223
8287 248
8288 246
8289 199
8290 233
8291 236
8292 254
8293 188
8294 206
8295 252
8296 189
8297 242
8298 253
8299 247
8300 228
8301 215
8302 240
8303 254
8304 244
8305 255
8306 255
8307 239
8308 255
8309 232
8310 245
8311 255
8312 192
8313 254
8314 253
8315 252
8316 255
8317 238
8318 219
8319 193
8320 246
8321 255
8322 216
8323 234
8324 208
8325 254
8326 255
8327 250
8328 251
8329 227
8330 253
8331 231
8332 255
8333 225
8334 252
8335 242
8336 243
8337 254
8338 241
8339 244
8340 255
8341 204
8342 240
8343 248
8344 245
8345 253
8346 255
8347 214
8348 251
8349 254
8350 235
8351 205
8352 252
8353 230
8354 198
8355 255
8356 226
8357 238
8358 249
8359 232
8360 247
8361 199
8362 182
8363 253
8364 256
8365 256
8366 215
8367 256
8368 255
8369 256
8370 237
8371 187
8372 256
8373 251
8374 243
8375 252
8376 256
8377 255
8378 229
8379 222
8380 254
8381 256
8382 231
8383 190
8384 253
8385 236
8386 246
8387 249
8388 256
8389 233
8390 255
8391 208
8392 202
8393 247
8394 256
8395 252
8396 251
8397 254
8398 213
8399 220
8400 235
8401 253
8402 256
8403 250
8404 255
8405 209
8406 230
8407 228
8408 195
8409 232
8410 256
8411 243
8412 204
8413 245
8414 254
8415 249
8416 196
8417 255
8418 246
8419 241
8420 252
8421 256
8422 251
8423 253
8424 257
8425 224
8426 257
8427 240
8428 257
8429 257
8430 250
8431 215
8432 256
8433 255
8434 254
8435 248
8436 257
8437 239
8438 206
8439 257
8440 222
8441 219
8442 252
8443 256
8444 257
8445 249
8446 200
8447 238
8448 255
8449 216
8450 207
8451 244
8452 245
8453 257
8454 254
8455 246
8456 187
8457 242
8458 256
8459 201
8460 257
8461 250
8462 189
8463 230
8464 241
8465 232
8466 237
8467 190
8468 228
8469 255
8470 248
8471 257
8472 252
8473 256
8474 192
8475 254
8476 251
8477 257
8478 236
8479 239
8480 214
8481 194
8482 255
8483 256
8484 258
8485 258
8486 257
8487 258
8488 245
8489 244
8490 250
8491 258
8492 229
8493 253
8494 243
8495 258
8496 254
8497 247
8498 252
8499 238
8500 227
8501 258
8502 257
8503 248
8504 256
8505 197
8506 255
8507 258
8508 251
8509 241
8510 225
8511 258
8512 249
8513 206
8514 257
8515 240
8516 253
8517 258
8518 230
8519 199
8520 256
8521 212
8522 250
8523 252
8524 255
8525 258
8526 257
8527 220
8528 245
8529 246
8530 239
8531 244
8532 247
8533 226
8534 258
8535 251
8536 213
8537 256
8538 185
8539 186
8540 257
8541 254
8542 242
8543 253
8544 249
8545 258
8546 255
8547 233
8548 221
8549 224
8550 259
8551 259
8552 252
8553 259
8554 214
8555 250
8556 259
8557 256
8558 257
8559 258
8560 227
8561 259
8562 193
8563 237
8564 259
8565 240
8566 204
8567 254
8568 251
8569 255
8570 258
8571 259
8572 253
8573 225
8574 257
8575 248
8576 219
8577 256
8578 259
8579 196
8580 239
8581 249
8582 258
8583 236
8584 259
8585 216
8586 250
8587 257
8588 255
8589 198
8590 254
8591 259
8592 220
8593 238
8594 258
8595 256
8596 253
8597 207
8598 233
8599 259
8600 217
8601 235
8602 200
8603 257
8604 246
8605 258
8606 245
8607 260
8608 260
8609 259
8610 260
8611 237
8612 255
8613 260
8614 256
8615 227
8616 260
8617 250
8618 218
8619 243
8620 260
8621 259
8622 184
8623 185
8624 258
8625 257
8626 260
8627 232
8628 234
8629 251
8630 203
8631 242
8632 230
8633 225
8634 260
8635 259
8636 210
8637 255
8638 256
8639 219
8640 260
8641 258
8642 193
8643 254
8644 241
8645 257
8646 248
8647 246
8648 259
8649 260
8650 249
8651 245
8652 223
8653 216
8654 250
8655 253
8656 235
8657 260
8658 231
8659 240
8660 258
8661 256
8662 259
8663 212
8664 255
8665 229
8666 257
8667 260
8668 198
8669 217
8670 254
8671 261
8672 252
8673 261
8674 224
8675 261
8676 221
8677 258
8678 242
8679 261
8680 260
8681 261
8682 234
8683 232
8684 248
8685 253
8686 256
8687 261
8688 257
8689 246
8690 255
8691 260
8692 241
8693 261
8694 214
8695 259
8696 238
8697 225
8698 258
8699 251
8700 261
8701 254
8702 228
8703 244
8704 260
8705 252
8706 261
8707 240
8708 215
8709 203
8710 210
8711 259
8712 256
8713 243
8714 188
8715 261
8716 237
8717 253
8718 260
8719 255
8720 204
8721 191
8722 211
8723 192
8724 248
8725 261
8726 242
8727 239
8728 247
8729 250
8730 205
8731 259
8732 254
8733 246
8734 260
8735 251
8736 262
8737 262
8738 261
8739 262
8740 256
8741 245
8742 262
8743 252
8744 241
8745 236
8746 217
8747 262
8748 221
8749 197
8750 262
8751 261
8752 244
8753 260
8754 259
8755 253
8756 230
8757 213
8758 262
8759 240
8760 262
8761 199
8762 261
8763 257
8764 208
8765 258
8766 254
8767 228
8768 249
8769 260
8770 262
8771 235
8772 259
8773 237
8774 261
8775 262
8776 252
8777 231
8778 255
8779 239
8780 215
8781 202
8782 226
8783 262
8784 253
8785 258
8786 257
8787 261
8788 203
8789 259
8790 262
8791 256
8792 254
8793 236
8794 234
8795 263
8796 204
8797 263
8798 238
8799 186
8800 263
8801 260
8802 261
8803 263
8804 262
8805 250
8806 249
8807 251
8808 248
8809 263
8810 240
8811 258
8812 252
8813 230
8814 263
8815 257
8816 262
8817 206
8818 263
8819 261
8820 246
8821 195
8822 260
8823 256
8824 235
8825 196
8826 263
8827 228
8828 254
8829 233
8830 262
8831 245
8832 239
8833 222
8834 263
8835 258
8836 259
8837 261
8838 208
8839 214
8840 255
8841 263
8842 260
8843 262
8844 250
8845 251
8846 249
8847 226
8848 200
8849 252
8850 229
8851 248
8852 263
8853 236
8854 256
8855 253
8856 238
8857 261
8858 247
8859 262
8860 259
8861 264
8862 263
8863 264
8864 202
8865 264
8866 260
8867 264
8868 227
8869 264
8870 257
8871 224
8872 255
8873 263
8874 264
8875 262
8876 261
8877 245
8878 264
8879 237
8880 235
8881 259
8882 264
8883 250
8884 263
8885 260
8886 212
8887 233
8888 249
8889 258
8890 253
8891 262
8892 225
8893 264
8894 190
8895 241
8896 248
8897 261
8898 192
8899 254
8900 231
8901 263
8902 257
8903 264
8904 218
8905 247
8906 194
8907 255
8908 243
8909 262
8910 264
8911 260
8912 259
8913 246
8914 263
8915 234
8916 197
8917 240
8918 261
8919 256
8920 219
8921 258
8922 223
8923 264
8924 232
8925 265
8926 252
8927 265
8928 262
8929 265
8930 263
8931 264
8932 265
8933 200
8934 249
8935 254
8936 227
8937 260
8938 265
8939 230
8940 261
8941 248
8942 210
8943 265
8944 244
8945 255
8946 264
8947 202
8948 265
8949 241
8950 262
8951 247
8952 256
8953 211
8954 265
8955 264
8956 243
8957 225
8958 265
8959 260
8960 261
8961 263
8962 212
8963 252
8964 259
8965 238
8966 253
8967 262
8968 265
8969 264
8970 254
8971 218
8972 234
8973 245
8974 255
8975 258
8976 242
8977 265
8978 226
8979 188
8980 263
8981 190
8982 191
8983 264
8984 261
8985 232
8986 260
8987 207
8988 265
8989 266
8990 266
8991 219
8992 266
8993 195
8994 266
8995 259
8996 257
8997 196
8998 266
8999 265
9000 264
9001 266
9002 215
9003 198
9004 253
9005 266
9006 209
9007 224
9008 254
9009 258
9010 251
9011 261
9012 262
9013 266
9014 265
9015 260
9016 200
9017 264
9018 210
9019 266
9020 263
9021 249
9022 228
9023 221
9024 238
9025 259
9026 240
9027 265
9028 236
9029 225
9030 266
9031 257
9032 248
9033 217
9034 203
9035 264
9036 262
9037 261
9038 266
9039 265
9040 258
9041 263
9042 260
9043 247
9044 253
9045 266
9046 252
9047 255
9048 251
9049 267
9050 264
9051 267
9052 259
9053 256
9054 267
9055 266
9056 250
9057 267
9058 262
9059 235
9060 267
9061 263
9062 230
9063 267
9064 266
9065 189
9066 260
9067 265
9068 267
9069 264
9070 258
9071 245
9072 208
9073 224
9074 248
9075 215
9076 267
9077 240
9078 238
9079 266
9080 262
9081 263
9082 254
9083 267
9084 228
9085 255
9086 265
9087 261
9088 252
9089 247
9090 256
9091 264
9092 244
9093 221
9094 267
9095 266
9096 257
9097 200
9098 260
9099 250
9100 267
9101 217
9102 265
9103 258
9104 246
9105 239
9106 263
9107 266
9108 222
9109 237
9110 249
9111 264
9112 267
9113 268
9114 268
9115 203
9116 268
9117 261
9118 268
9119 235
9120 268
9121 204
9122 265
9123 248
9124 266
9125 267
9126 268
9127 253
9128 256
9129 213
9130 230
9131 205
9132 260
9133 268
9134 263
9135 219
9136 264
9137 262
9138 267
9139 268
9140 251
9141 247
9142 258
9143 266
9144 265
9145 268
9146 261
9147 250
9148 220
9149 259
9150 267
9151 215
9152 268
9153 208
9154 246
9155 263
9156 264
9157 266
9158 249
9159 192
9160 193
9161 268
9162 194
9163 225
9164 241
9165 262
9166 267
9167 216
9168 256
9169 196
9170 243
9171 257
9172 237
9173 268
9174 248
9175 229
9176 210
9177 198
9178 258
9179 261
9180 266
9181 269
9182 269
9183 267
9184 269
9185 222
9186 226
9187 268
9188 269
9189 263
9190 265
9191 269
9192 247
9193 269
9194 240
9195 262
9196 268
9197 267
9198 266
9199 269
9200 244
9201 203
9202 227
9203 269
9204 256
9205 255
9206 236
9207 268
9208 261
9209 264
9210 254
9211 265
9212 258
9213 269
9214 267
9215 224
9216 231
9217 266
9218 259
9219 234
9220 252
9221 269
9222 268
9223 220
9224 243
9225 262
9226 239
9227 207
9228 260
9229 245
9230 269
9231 267
9232 265
9233 264
9234 268
9235 221
9236 232
9237 266
9238 261
9239 269
9240 270
9241 270
9242 235
9243 270
9244 209
9245 256
9246 270
9247 257
9248 255
9249 191
9250 270
9251 267
9252 240
9253 268
9254 269
9255 244
9256 195
9257 270
9258 259
9259 196
9260 249
9261 238
9262 265
9263 270
9264 233
9265 266
9266 230
9267 260
9268 211
9269 269
9270 270
9271 252
9272 268
9273 218
9274 267
9275 270
9276 261
9277 248
9278 269
9279 202
9280 243
9281 270
9282 231
9283 265
9284 234
9285 266
9286 213
9287 268
9288 257
9289 256
9290 258
9291 264
9292 270
9293 255
9294 267
9295 250
9296 269
9297 247
9298 254
9299 205
9300 220
9301 260
9302 270
9303 263
9304 206
9305 253
9306 268
9307 225
9308 271
9309 242
9310 271
9311 266
9312 271
9313 265
9314 270
9315 271
9316 267
9317 252
9318 246
9319 271
9320 264
9321 262
9322 216
9323 271
9324 270
9325 269
9326 268
9327 248
9328 271
9329 257
9330 258
9331 256
9332 259
9333 236
9334 263
9335 271
9336 266
9337 255
9338 270
9339 267
9340 265
9341 245
9342 192
9343 271
9344 254
9345 250
9346 261
9347 223
9348 268
9349 239
9350 218
9351 247
9352 264
9353 270
9354 271
9355 253
9356 199
9357 262
9358 212
9359 200
9360 237
9361 271
9362 228
9363 267
9364 266
9365 252
9366 270
9367 202
9368 263
9369 244
9370 268
9371 265
9372 258
9373 271
9374 246
9375 272
9376 272
9377 235
9378 272
9379 204
9380 272
9381 251
9382 225
9383 269
9384 272
9385 261
9386 264
9387 270
9388 271
9389 238
9390 272
9391 267
9392 215
9393 266
9394 221
9395 272
9396 250
9397 271
9398 243
9399 272
9400 245
9401 236
9402 265
9403 270
9404 269
9405 216
9406 230
9407 247
9408 272
9409 222
9410 271
9411 259
9412 272
9413 267
9414 264
9415 249
9416 268
9417 257
9418 270
9419 266
9420 261
9421 256
9422 210
9423 223
9424 272
9425 269
9426 237
9427 271
9428 262
9429 255
9430 246
9431 265
9432 272
9433 228
9434 263
9435 270
9436 195
9437 224
9438 254
9439 268
9440 273
9441 273
9442 235
9443 198
9444 273
9445 272
9446 269
9447 273
9448 264
9449 266
9450 273
9451 253
9452 201
9453 229
9454 220
9455 273
9456 260
9457 272
9458 270
9459 271
9460 243
9461 261
9462 214
9463 273
9464 265
9465 241
9466 262
9467 233
9468 268
9469 256
9470 273
9471 269
9472 272
9473 267
9474 215
9475 226
9476 263
9477 230
9478 271
9479 273
9480 255
9481 270
9482 266
9483 264
9484 251
9485 272
9486 273
9487 244
9488 246
9489 254
9490 237
9491 242
9492 268
9493 271
9494 273
9495 217
9496 265
9497 260
9498 259
9499 272
9500 267
9501 270
9502 240
9503 258
9504 253
9505 262
9506 273
9507 257
9508 274
9509 274
9510 228
9511 274
9512 263
9513 235
9514 274
9515 271
9516 274
9517 211
9518 273
9519 252
9520 269
9521 264
9522 274
9523 243
9524 219
9525 268
9526 270
9527 274
9528 255
9529 241
9530 273
9531 265
9532 274
9533 225
9534 272
9535 271
9536 236
9537 213
9538 198
9539 233
9540 251
9541 274
9542 260
9543 261
9544 259
9545 262
9546 273
9547 266
9548 269
9549 274
9550 263
9551 244
9552 268
9553 272
9554 203
9555 257
9556 242
9557 271
9558 264
9559 274
9560 273
9561 234
9562 250
9563 267
9564 222
9565 256
9566 265
9567 240
9568 274
9569 231
9570 272
9571 270
9572 269
9573 273
9574 275
9575 275
9576 275
9577 274
9578 266
9579 208
9580 268
9581 275
9582 238
9583 261
9584 262
9585 275
9586 209
9587 232
9588 263
9589 275
9590 272
9591 274
9592 273
9593 251
9594 224
9595 267
9596 264
9597 210
9598 275
9599 270
9600 271
9601 275
9602 274
9603 253
9604 246
9605 273
9606 248
9607 225
9608 275
9609 272
9610 266
9611 250
9612 274
9613 275
9614 242
9615 213
9616 230
9617 270
9618 262
9619 271
9620 252
9621 273
9622 196
9623 263
9624 260
9625 275
9626 198
9627 234
9628 269
9629 264
9630 274
9631 259
9632 201
9633 247
9634 202
9635 275
9636 249
9637 258
9638 276
9639 227
9640 276
9641 276
9642 273
9643 276
9644 251
9645 274
9646 276
9647 238
9648 275
9649 270
9650 276
9651 272
9652 206
9653 223
9654 241
9655 276
9656 232
9657 269
9658 207
9659 256
9660 275
9661 276
9662 273
9663 262
9664 246
9665 263
9666 261
9667 264
9668 250
9669 276
9670 260
9671 239
9672 268
9673 275
9674 255
9675 272
9676 259
9677 276
9678 274
9679 219
9680 266
9681 225
9682 273
9683 211
9684 258
9685 276
9686 275
9687 254
9688 267
9689 220
9690 212
9691 247
9692 249
9693 240
9694 257
9695 276
9696 245
9697 274
9698 272
9699 271
9700 213
9701 275
9702 268
9703 277
9704 277
9705 270
9706 276
9707 277
9708 261
9709 256
9710 277
9711 265
9712 238
9713 277
9714 260
9715 196
9716 235
9717 274
9718 277
9719 276
9720 200
9721 248
9722 259
9723 277
9724 272
9725 202
9726 255
9727 267
9728 271
9729 232
9730 273
9731 216
9732 228
9733 277
9734 276
9735 258
9736 275
9737 270
9738 239
9739 268
9740 274
9741 277
9742 206
9743 254
9744 224
9745 257
9746 276
9747 277
9748 264
9749 262
9750 265
9751 272
9752 269
9753 273
9754 247
9755 275
9756 266
9757 271
9758 277
9759 245
9760 274
9761 237
9762 276
9763 219
9764 260
9765 267
9766 210
9767 253
9768 230
9769 270
9770 277
9771 243
9772 259
9773 278
9774 278
9775 278
9776 275
9777 278
9778 276
9779 273
9780 212
9781 255
9782 278
9783 277
9784 274
9785 278
9786 231
9787 269
9788 271
9789 246
9790 235
9791 278
9792 264
9793 265
9794 277
9795 276
9796 275
9797 278
9798 244
9799 257
9800 222
9801 254
9802 270
9803 267
9804 278
9805 273
9806 277
9807 274
9808 272
9809 268
9810 278
9811 223
9812 276
9813 249
9814 216
9815 256
9816 251
9817 275
9818 271
9819 202
9820 278
9821 277
9822 253
9823 245
9824 204
9825 229
9826 224
9827 205
9828 240
9829 278
9830 276
9831 273
9832 274
9833 265
9834 264
9835 270
9836 266
9837 277
9838 272
9839 275
9840 279
9841 279
9842 278
9843 230
9844 279
9845 250
9846 248
9847 279
9848 252
9849 209
9850 268
9851 279
9852 271
9853 276
9854 277
9855 210
9856 278
9857 279
9858 254
9859 220
9860 269
9861 274
9862 260
9863 279
9864 275
9865 244
9866 279
9867 278
9868 272
9869 221
9870 270
9871 277
9872 259
9873 276
9874 279
9875 265
9876 266
9877 264
9878 242
9879 253
9880 267
9881 278
9882 263
9883 236
9884 279
9885 274
9886 268
9887 275
9888 258
9889 262
9890 277
9891 215
9892 279
9893 269
9894 276
9895 278
9896 233
9897 261
9898 240
9899 272
9900 229
9901 279
9902 270
9903 252
9904 280
9905 280
9906 198
9907 277
9908 280
9909 217
9910 201
9911 275
9912 280
9913 278
9914 203
9915 280
9916 279
9917 246
9918 276
9919 271
9920 273
9921 280
9922 265
9923 267
9924 259
9925 264
9926 206
9927 280
9928 268
9929 279
9930 277
9931 278
9932 219
9933 280
9934 269
9935 272
9936 251
9937 226
9938 235
9939 249
9940 262
9941 275
9942 280
9943 258
9944 276
9945 279
9946 210
9947 247
9948 255
9949 280
9950 278
9951 261
9952 211
9953 277
9954 271
9955 232
9956 245
9957 280
9958 279
9959 257
9960 260
9961 266
9962 267
9963 222
9964 275
9965 276
9966 280
9967 264
9968 254
9969 274
9970 269
9971 248
9972 279
9973 277
9974 281
9975 281
9976 280
9977 270
9978 281
9979 256
9980 281
9981 246
9982 273
9983 281
9984 278
9985 216
9986 279
9987 280
9988 281
9989 276
9990 275
9991 258
9992 281
9993 244
9994 253
9995 238
9996 261
9997 249
9998 272
9999 274
10000 280
