1 0
2 0
3 2
4 0
5 4
6 5
7 4
8 0
9 4
10 4
11 6
12 5
13 8
14 5
15 5
16 0
17 13
18 6
19 10
20 6
21 6
22 7
23 12
24 17
25 7
26 8
27 7
28 7
29 16
30 8
31 16
32 0
33 8
34 12
35 8
36 8
37 20
38 13
39 9
40 10
41 25
42 9
43 22
44 9
45 9
46 13
47 24
48 17
49 10
50 12
51 11
52 10
53 28
54 10
55 10
56 11
57 12
58 16
59 30
60 11
61 32
62 17
63 11
64 0
65 11
66 11
67 34
68 12
69 14
70 13
71 36
72 12
73 41
74 20
75 12
76 13
77 12
78 12
79 40
80 23
81 13
82 26
83 42
84 14
85 13
86 23
87 17
88 13
89 49
90 13
91 13
92 15
93 18
94 25
95 14
96 39
97 53
98 24
99 14
100 16
101 52
102 14
103 52
104 14
105 14
106 28
107 54
108 16
109 56
110 15
111 24
112 19
113 63
114 15
115 16
116 18
117 15
118 31
119 15
120 15
121 16
122 32
123 23
124 23
125 17
126 16
127 64
128 0
129 24
130 16
131 66
132 17
133 16
134 35
135 16
136 16
137 75
138 17
139 70
140 21
141 26
142 37
143 17
144 20
145 19
146 38
147 17
148 22
149 76
150 17
151 76
152 17
153 17
154 19
155 30
156 18
157 80
158 41
159 29
160 34
161 18
162 19
163 82
164 24
165 18
166 45
167 84
168 18
169 19
170 18
171 18
172 25
173 88
174 20
175 19
176 21
177 32
178 46
179 90
180 19
181 92
182 20
183 33
184 19
185 28
186 27
187 19
188 31
189 19
190 19
191 96
192 65
193 104
194 50
195 20
196 28
197 100
198 22
199 100
200 20
201 36
202 52
203 21
204 20
205 25
206 53
207 20
208 35
209 20
210 20
211 106
212 30
213 38
214 55
215 26
216 21
217 22
218 56
219 42
220 31
221 21
222 24
223 112
224 35
225 21
226 60
227 114
228 21
229 116
230 21
231 21
232 22
233 124
234 24
235 28
236 33
237 42
238 22
239 120
240 23
241 125
242 27
243 22
244 34
245 24
246 26
247 22
248 23
249 44
250 22
251 126
252 22
253 22
254 65
255 23
256 0
257 133
258 33
259 25
260 26
261 23
262 67
263 132
264 24
265 31
266 23
267 47
268 37
269 136
270 23
271 136
272 24
273 23
274 72
275 23
276 23
277 140
278 73
279 24
280 25
281 147
282 29
283 142
284 39
285 24
286 28
287 27
288 36
289 25
290 24
291 54
292 40
293 148
294 24
295 34
296 42
297 24
298 76
299 24
300 24
301 28
302 77
303 53
304 25
305 35
306 26
307 154
308 33
309 54
310 25
311 156
312 27
313 161
314 80
315 25
316 43
317 160
318 32
319 25
320 66
321 56
322 25
323 26
324 25
325 25
326 85
327 60
328 28
329 30
330 26
331 166
332 45
333 27
334 85
335 38
336 26
337 175
338 32
339 59
340 45
341 26
342 27
343 38
344 29
345 26
346 88
347 174
348 26
349 176
350 26
351 26
352 37
353 181
354 35
355 40
356 48
357 27
358 93
359 180
360 31
361 28
362 92
363 27
364 34
365 41
366 36
367 184
368 27
369 29
370 28
371 33
372 27
373 188
374 30
375 27
376 31
377 27
378 27
379 190
380 29
381 66
382 97
383 192
384 129
385 28
386 102
387 30
388 52
389 196
390 29
391 28
392 32
393 68
394 100
395 44
396 28
397 200
398 101
399 29
400 28
401 207
402 45
403 28
404 54
405 28
406 28
407 29
408 32
409 209
410 30
411 71
412 55
413 36
414 29
415 46
416 38
417 72
418 31
419 210
420 29
421 212
422 109
423 32
424 34
425 29
426 41
427 37
428 57
429 29
430 31
431 216
432 29
433 221
434 29
435 29
436 58
437 30
438 42
439 220
440 43
441 31
442 34
443 222
444 30
445 49
446 113
447 77
448 67
449 232
450 30
451 31
452 60
453 78
454 115
455 30
456 33
457 235
458 116
459 30
460 31
461 232
462 30
463 232
464 30
465 30
466 118
467 234
468 31
469 40
470 33
471 90
472 37
473 32
474 45
475 31
476 36
477 35
478 121
479 240
480 39
481 31
482 124
483 32
484 49
485 53
486 31
487 244
488 38
489 84
490 31
491 246
492 32
493 31
494 44
495 31
496 31
497 42
498 47
499 250
500 32
501 86
502 127
503 252
504 34
505 55
506 33
507 32
508 71
509 256
510 35
511 43
512 0
513 32
514 130
515 56
516 33
517 45
518 32
519 89
520 40
521 265
522 32
523 262
524 69
525 32
526 133
527 32
528 32
529 34
530 36
531 38
532 37
533 33
534 50
535 58
536 41
537 92
538 136
539 46
540 33
541 272
542 137
543 99
544 40
545 59
546 33
547 274
548 72
549 48
550 34
551 33
552 35
553 46
554 140
555 33
556 73
557 280
558 33
559 34
560 33
561 33
562 142
563 282
564 35
565 61
566 143
567 34
568 43
569 291
570 38
571 286
572 50
573 98
574 34
575 35
576 68
577 293
578 42
579 102
580 34
581 48
582 54
583 37
584 44
585 34
586 148
587 294
588 38
589 34
590 39
591 101
592 34
593 301
594 34
595 34
596 78
597 102
598 37
599 300
600 36
601 305
602 35
603 42
604 79
605 38
606 56
607 304
608 60
609 35
610 40
611 36
612 37
613 308
614 155
615 35
616 46
617 315
618 57
619 310
620 35
621 36
622 157
623 51
624 35
625 37
626 162
627 35
628 82
629 35
630 35
631 316
632 47
633 108
634 160
635 68
636 38
637 37
638 36
639 44
640 130
641 327
642 59
643 322
644 39
645 36
646 43
647 324
648 37
649 51
650 42
651 36
652 85
653 328
654 60
655 75
656 36
657 45
658 37
659 330
660 36
661 332
662 167
663 36
664 49
665 36
666 36
667 37
668 87
669 114
670 53
671 41
672 42
673 344
674 170
675 37
676 58
677 340
678 62
679 55
680 48
681 116
682 37
683 342
684 40
685 73
686 38
687 117
688 37
689 39
690 41
691 346
692 90
693 37
694 175
695 74
696 38
697 37
698 176
699 119
700 37
701 352
702 37
703 37
704 69
705 38
706 180
707 57
708 41
709 356
710 45
711 48
712 52
713 38
714 39
715 40
716 93
717 122
718 181
719 360
720 38
721 65
722 47
723 126
724 94
725 39
726 38
727 364
728 53
729 40
730 46
731 38
732 42
733 368
734 185
735 38
736 43
737 44
738 38
739 370
740 38
741 38
742 40
743 372
744 39
745 79
746 188
747 50
748 52
749 60
750 42
751 376
752 39
753 128
754 40
755 80
756 41
757 380
758 191
759 39
760 49
761 385
762 69
763 61
764 99
765 39
766 193
767 42
768 257
769 389
770 39
771 131
772 104
773 388
774 39
775 40
776 56
777 39
778 196
779 39
780 39
781 46
782 45
783 41
784 40
785 83
786 71
787 394
788 102
789 134
790 49
791 63
792 40
793 43
794 200
795 41
796 103
797 400
798 48
799 40
800 44
801 53
802 208
803 58
804 45
805 40
806 41
807 137
808 58
809 412
810 40
811 406
812 42
813 138
814 40
815 86
816 41
817 40
818 210
819 40
820 40
821 412
822 74
823 412
824 59
825 41
826 43
827 414
828 46
829 416
830 51
831 144
832 70
833 41
834 75
835 88
836 53
837 42
838 211
839 420
840 41
841 43
842 212
843 143
844 109
845 45
846 41
847 49
848 42
849 144
850 46
851 41
852 47
853 428
854 44
855 41
856 61
857 433
858 41
859 430
860 41
861 41
862 217
863 432
864 45
865 91
866 218
867 42
868 43
869 50
870 44
871 46
872 62
873 66
874 55
875 42
876 48
877 440
878 221
879 149
880 43
881 445
882 42
883 442
884 60
885 44
886 225
887 444
888 42
889 70
890 54
891 43
892 119
893 42
894 80
895 94
896 131
897 42
898 228
899 45
900 42
901 43
902 42
903 42
904 64
905 95
906 81
907 454
908 117
909 59
910 43
911 456
912 44
913 52
914 230
915 45
916 118
917 72
918 43
919 460
920 51
921 156
922 232
923 48
924 44
925 43
926 233
927 60
928 46
929 469
930 56
931 43
932 124
933 158
934 237
935 44
936 43
937 473
938 47
939 162
940 43
941 472
942 84
943 43
944 61
945 43
946 43
947 474
948 63
949 49
950 50
951 161
952 64
953 483
954 44
955 100
956 123
957 45
958 241
959 75
960 71
961 77
962 44
963 62
964 124
965 101
966 48
967 484
968 68
969 44
970 58
971 486
972 49
973 76
974 245
975 44
976 46
977 495
978 87
979 55
980 44
981 63
982 249
983 492
984 44
985 103
986 48
987 44
988 61
989 44
990 44
991 496
992 47
993 168
994 49
995 104
996 53
997 500
998 251
999 45
1000 52
1001 51
1002 89
1003 46
1004 129
1005 48
1006 253
1007 45
1008 47
1009 511
1010 60
1011 180
1012 55
1013 508
1014 45
1015 46
1016 71
1017 65
1018 256
1019 510
1020 45
1021 512
1022 64
1023 47
1024 0
1025 45
1026 46
1027 52
1028 140
1029 45
1030 61
1031 516
1032 45
1033 523
1034 45
1035 45
1036 46
1037 47
1038 92
1039 520
1040 48
1041 176
1042 266
1043 81
1044 50
1045 46
1046 263
1047 183
1048 73
1049 529
1050 47
1051 526
1052 135
1053 46
1054 49
1055 110
1056 48
1057 82
1058 57
1059 179
1060 46
1061 532
1062 47
1063 532
1064 65
1065 50
1066 46
1067 59
1068 56
1069 536
1070 83
1071 46
1072 65
1073 47
1074 95
1075 46
1076 138
1077 182
1078 46
1079 54
1080 46
1081 46
1082 272
1083 47
1084 143
1085 48
1086 102
1087 544
1088 72
1089 49
1090 64
1091 546
1092 47
1093 548
1094 277
1095 51
1096 76
1097 553
1098 48
1099 85
1100 47
1101 186
1102 52
1103 552
1104 50
1105 49
1106 53
1107 47
1108 142
1109 556
1110 48
1111 61
1112 77
1113 47
1114 280
1115 116
1116 51
1117 560
1118 47
1119 189
1120 49
1121 48
1122 47
1123 562
1124 148
1125 47
1126 285
1127 47
1128 47
1129 572
1130 66
1131 48
1132 145
1133 62
1134 49
1135 118
1136 51
1137 192
1138 286
1139 67
1140 48
1141 88
1142 289
1143 72
1144 79
1145 119
1146 101
1147 49
1148 48
1149 194
1150 58
1151 576
1152 132
1153 581
1154 292
1155 48
1156 76
1157 57
1158 102
1159 49
1160 54
1161 48
1162 55
1163 582
1164 60
1165 121
1166 48
1167 197
1168 52
1169 90
1170 48
1171 586
1172 150
1173 48
1174 295
1175 48
1176 48
1177 64
1178 53
1179 74
1180 49
1181 592
1182 104
1183 58
1184 50
1185 54
1186 298
1187 594
1188 52
1189 49
1190 51
1191 207
1192 82
1193 601
1194 105
1195 124
1196 63
1197 49
1198 301
1199 65
1200 53
1201 607
1202 302
1203 203
1204 49
1205 125
1206 51
1207 52
1208 83
1209 50
1210 49
1211 93
1212 62
1213 608
1214 305
1215 49
1216 73
1217 613
1218 56
1219 49
1220 50
1221 53
1222 49
1223 612
1224 49
1225 49
1226 308
1227 207
1228 157
1229 616
1230 50
1231 616
1232 54
1233 77
1234 316
1235 51
1236 63
1237 620
1238 311
1239 50
1240 85
1241 53
1242 52
1243 67
1244 159
1245 56
1246 58
1247 50
1248 51
1249 629
1250 62
1251 78
1252 160
1253 96
1254 50
1255 130
1256 86
1257 212
1258 52
1259 630
1260 50
1261 61
1262 317
1263 213
1264 55
1265 50
1266 111
1267 97
1268 162
1269 50
1270 93
1271 51
1272 50
1273 71
1274 50
1275 50
1276 58
1277 640
1278 53
1279 640
1280 268
1281 51
1282 324
1283 642
1284 65
1285 133
1286 325
1287 52
1288 67
1289 652
1290 51
1291 646
1292 77
1293 218
1294 325
1295 53
1296 56
1297 656
1298 51
1299 219
1300 52
1301 652
1302 57
1303 652
1304 89
1305 51
1306 328
1307 654
1308 66
1309 55
1310 75
1311 51
1312 52
1313 63
1314 54
1315 136
1316 51
1317 222
1318 333
1319 660
1320 51
1321 665
1322 332
1323 51
1324 169
1325 51
1326 51
1327 664
1328 57
1329 224
1330 55
1331 71
1332 67
1333 52
1334 60
1335 59
1336 91
1337 102
1338 117
1339 64
1340 53
1341 83
1342 52
1343 56
1344 74
1345 139
1346 340
1347 227
1348 172
1349 73
1350 52
1351 103
1352 92
1353 53
1354 340
1355 145
1356 68
1357 52
1358 62
1359 84
1360 58
1361 685
1362 119
1363 52
1364 59
1365 53
1366 343
1367 684
1368 52
1369 55
1370 78
1371 234
1372 52
1373 688
1374 120
1375 52
1376 53
1377 52
1378 52
1379 105
1380 54
1381 692
1382 347
1383 233
1384 94
1385 143
1386 53
1387 55
1388 177
1389 234
1390 79
1391 66
1392 59
1393 106
1394 54
1395 53
1396 178
1397 74
1398 122
1399 700
1400 57
1401 236
1402 352
1403 53
1404 55
1405 145
1406 83
1407 54
1408 133
1409 713
1410 53
1411 58
1412 180
1413 87
1414 64
1415 146
1416 53
1417 67
1418 356
1419 54
1420 75
1421 53
1422 57
1423 712
1424 60
1425 53
1426 61
1427 714
1428 53
1429 716
1430 53
1431 53
1432 97
1433 721
1434 125
1435 55
1436 183
1437 242
1438 361
1439 720
1440 54
1441 76
1442 65
1443 56
1444 85
1445 59
1446 126
1447 724
1448 98
1449 54
1450 64
1451 726
1452 60
1453 728
1454 365
1455 104
1456 61
1457 54
1458 58
1459 730
1460 56
1461 246
1462 55
1463 57
1464 54
1465 151
1466 368
1467 90
1468 191
1469 69
1470 54
1471 736
1472 75
1473 248
1474 55
1475 54
1476 56
1477 112
1478 373
1479 54
1480 58
1481 750
1482 54
1483 742
1484 54
1485 54
1486 373
1487 744
1488 62
1489 749
1490 84
1491 56
1492 190
1493 748
1494 59
1495 55
1496 96
1497 252
1498 67
1499 750
1500 57
1501 58
1502 377
1503 92
1504 55
1505 56
1506 131
1507 79
1508 66
1509 254
1510 95
1511 756
1512 55
1513 61
1514 380
1515 65
1516 193
1517 57
1518 56
1519 55
1520 63
1521 58
1522 382
1523 762
1524 87
1525 55
1526 68
1527 257
1528 103
1529 80
1530 55
1531 766
1532 195
1533 78
1534 55
1535 163
1536 513
1537 55
1538 386
1539 55
1540 55
1541 56
1542 134
1543 772
1544 104
1545 66
1546 388
1547 62
1548 57
1549 776
1550 74
1551 56
1552 64
1553 781
1554 60
1555 165
1556 198
1557 95
1558 58
1559 780
1560 56
1561 118
1562 57
1563 263
1564 79
1565 161
1566 61
1567 784
1568 56
1569 264
1570 88
1571 786
1572 77
1573 73
1574 395
1575 56
1576 106
1577 60
1578 137
1579 790
1580 59
1581 56
1582 70
1583 792
1584 64
1585 168
1586 56
1587 57
1588 202
1589 120
1590 56
1591 58
1592 107
1593 56
1594 400
1595 56
1596 56
1597 800
1598 57
1599 59
1600 76
1601 805
1602 62
1603 121
1604 208
1605 68
1606 58
1607 804
1608 57
1609 809
1610 63
1611 98
1612 67
1613 808
1614 140
1615 61
1616 66
1617 57
1618 408
1619 810
1620 58
1621 812
1622 407
1623 276
1624 70
1625 57
1626 147
1627 814
1628 62
1629 99
1630 91
1631 123
1632 57
1633 58
1634 59
1635 69
1636 208
1637 820
1638 57
1639 85
1640 60
1641 276
1642 412
1643 57
1644 80
1645 58
1646 413
1647 57
1648 83
1649 65
1650 57
1651 76
1652 57
1653 57
1654 417
1655 170
1656 58
1657 833
1658 416
1659 60
1660 61
1661 86
1662 144
1663 832
1664 134
1665 59
1666 58
1667 834
1668 81
1669 836
1670 93
1671 281
1672 97
1673 126
1674 64
1675 58
1676 213
1677 60
1678 421
1679 59
1680 65
1681 61
1682 72
1683 58
1684 214
1685 178
1686 146
1687 127
1688 113
1689 284
1690 58
1691 63
1692 59
1693 848
1694 60
1695 71
1696 58
1697 853
1698 147
1699 850
1700 62
1701 58
1702 64
1703 78
1704 59
1705 58
1706 428
1707 287
1708 58
1709 856
1710 58
1711 58
1712 69
1713 288
1714 432
1715 59
1716 63
1717 67
1718 431
1719 104
1720 61
1721 865
1722 62
1723 862
1724 219
1725 59
1726 433
1727 89
1728 77
1729 64
1730 96
1731 294
1732 220
1733 868
1734 59
1735 178
1736 71
1737 105
1738 61
1739 60
1740 63
1741 872
1742 59
1743 62
1744 70
1745 179
1746 66
1747 874
1748 87
1749 59
1750 67
1751 68
1752 60
1753 881
1754 440
1755 59
1756 223
1757 132
1758 152
1759 880
1760 59
1761 296
1762 442
1763 63
1764 59
1765 181
1766 445
1767 59
1768 112
1769 59
1770 59
1771 61
1772 225
1773 107
1774 445
1775 60
1776 66
1777 893
1778 77
1779 299
1780 64
1781 94
1782 62
1783 892
1784 119
1785 60
1786 61
1787 894
1788 86
1789 896
1790 99
1791 108
1792 259
1793 92
1794 60
1795 184
1796 228
1797 302
1798 73
1799 135
1800 61
1801 907
1802 60
1803 303
1804 64
1805 66
1806 63
1807 82
1808 72
1809 60
1810 100
1811 906
1812 87
1813 61
1814 457
1815 60
1816 121
1817 62
1818 68
1819 70
1820 60
1821 306
1822 457
1823 912
1824 60
1825 61
1826 63
1827 60
1828 232
1829 60
1830 60
1831 916
1832 122
1833 62
1834 79
1835 188
1836 61
1837 94
1838 461
1839 309
1840 73
1841 138
1842 159
1843 67
1844 234
1845 65
1846 61
1847 924
1848 62
1849 64
1850 68
1851 311
1852 235
1853 88
1854 69
1855 61
1856 78
1857 312
1858 466
1859 84
1860 66
1861 932
1862 62
1863 61
1864 124
1865 191
1866 161
1867 934
1868 237
1869 65
1870 61
1871 936
1872 67
1873 943
1874 470
1875 62
1876 61
1877 940
1878 162
1879 940
1880 103
1881 61
1882 472
1883 141
1884 90
1885 61
1886 66
1887 62
1888 61
1889 949
1890 61
1891 61
1892 65
1893 318
1894 477
1895 194
1896 63
1897 142
1898 62
1899 123
1900 67
1901 952
1902 164
1903 97
1904 75
1905 78
1906 478
1907 954
1908 62
1909 64
1910 105
1911 63
1912 127
1913 965
1914 65
1915 196
1916 243
1917 62
1918 82
1919 69
1920 135
1921 73
1922 77
1923 323
1924 70
1925 62
1926 71
1927 64
1928 128
1929 324
1930 106
1931 966
1932 62
1933 968
1934 485
1935 65
1936 76
1937 87
1938 62
1939 145
1940 68
1941 326
1942 487
1943 62
1944 64
1945 199
1946 83
1947 62
1948 247
1949 976
1950 62
1951 976
1952 62
1953 62
1954 494
1955 65
1956 93
1957 70
1958 66
1959 329
1960 64
1961 63
1962 72
1963 88
1964 249
1965 80
1966 493
1967 147
1968 68
1969 100
1970 108
1971 63
1972 82
1973 988
1974 65
1975 64
1976 113
1977 332
1978 67
1979 990
1980 63
1981 148
1982 497
1983 336
1984 79
1985 203
1986 171
1987 994
1988 63
1989 64
1990 109
1991 101
1992 65
1993 1001
1994 500
1995 63
1996 253
1997 1000
1998 72
1999 1000
2000 78
2001 63
2002 64
2003 1002
2004 95
2005 210
2006 63
2007 120
2008 133
2009 69
2010 63
2011 1006
2012 255
2013 63
2014 64
2015 63
2016 63
2017 1016
2018 508
2019 342
2020 90
2021 66
2022 174
2023 76
2024 99
2025 64
2026 508
2027 1014
2028 71
2029 1016
2030 75
2031 341
2032 79
2033 72
2034 74
2035 64
2036 258
2037 69
2038 513
2039 1020
2040 65
2041 91
2042 512
2043 122
2044 64
2045 209
2046 68
2047 67
2048 0
2049 344
2050 70
2051 153
2052 64
2053 1028
2054 65
2055 83
2056 144
2057 77
2058 101
2059 64
2060 71
2061 123
2062 517
2063 1032
2064 69
2065 64
2066 522
2067 65
2068 67
2069 1036
2070 64
2071 73
2072 74
2073 348
2074 64
2075 66
2076 98
2077 64
2078 521
2079 64
2080 64
2081 1047
2082 179
2083 1042
2084 264
2085 84
2086 88
2087 1044
2088 67
2089 1049
2090 65
2091 66
2092 265
2093 68
2094 186
2095 214
2096 81
2097 125
2098 530
2099 1050
2100 65
2101 106
2102 529
2103 353
2104 139
2105 215
2106 66
2107 67
2108 83
2109 65
2110 115
2111 1056
2112 80
2113 1061
2114 89
2115 68
2116 103
2117 65
2118 182
2119 94
2120 66
2121 71
2122 532
2123 107
2124 65
2125 67
2126 533
2127 360
2128 82
2129 1074
2130 65
2131 1066
2132 72
2133 66
2134 70
2135 65
2136 68
2137 1075
2138 536
2139 65
2140 73
2141 1072
2142 65
2143 1072
2144 65
2145 65
2146 76
2147 75
2148 101
2149 160
2150 71
2151 128
2152 150
2153 1083
2154 185
2155 220
2156 66
2157 362
2158 67
2159 80
2160 70
2161 1085
2162 69
2163 72
2164 274
2165 221
2166 66
2167 109
2168 143
2169 129
2170 79
2171 96
2172 102
2173 67
2174 545
2175 66
2176 136
2177 162
2178 71
2179 1090
2180 74
2181 366
2182 549
2183 66
2184 69
2185 70
2186 548
2187 67
2188 277
2189 110
2190 66
2191 163
2192 84
2193 68
2194 550
2195 224
2196 66
2197 97
2198 92
2199 369
2200 67
2201 66
2202 189
2203 1102
2204 119
2205 66
2206 553
2207 1104
2208 66
2209 117
2210 66
2211 66
2212 67
2213 1108
2214 74
2215 226
2216 146
2217 372
2218 556
2219 165
2220 75
2221 1112
2222 72
2223 67
2224 85
2225 69
2226 68
2227 82
2228 282
2229 374
2230 121
2231 71
2232 70
2233 67
2234 560
2235 89
2236 73
2237 1120
2238 192
2239 1120
2240 81
2241 68
2242 67
2243 1122
2244 69
2245 229
2246 565
2247 74
2248 148
2249 99
2250 67
2251 1126
2252 285
2253 378
2254 94
2255 68
2256 71
2257 67
2258 566
2259 134
2260 76
2261 78
2262 77
2263 67
2264 149
2265 90
2266 73
2267 1134
2268 67
2269 1136
2270 123
2271 384
2272 67
2273 1141
2274 201
2275 67
2276 288
2277 67
2278 67
2279 69
2280 68
2281 1145
2282 95
2283 383
2284 289
2285 238
2286 81
2287 1144
2288 87
2289 75
2290 124
2291 68
2292 107
2293 1148
2294 80
2295 69
2296 76
2297 1155
2298 197
2299 98
2300 77
2301 68
2302 577
2303 71
2304 260
2305 235
2306 578
2307 387
2308 292
2309 1156
2310 68
2311 1156
2312 144
2313 137
2314 70
2315 236
2316 108
2317 172
2318 68
2319 389
2320 88
2321 116
2322 82
2323 73
2324 69
2325 68
2326 583
2327 102
2328 72
2329 85
2330 126
2331 68
2332 70
2333 1168
2334 200
2335 248
2336 68
2337 69
2338 97
2339 1170
2340 68
2341 1172
2342 589
2343 68
2344 154
2345 68
2346 68
2347 1174
2348 297
2349 69
2350 73
2351 1176
2352 72
2353 103
2354 75
2355 108
2356 91
2357 1180
2358 83
2359 175
2360 69
2361 396
2362 592
2363 86
2364 110
2365 70
2366 71
2367 140
2368 82
2369 74
2370 69
2371 1186
2372 300
2373 77
2374 595
2375 72
2376 73
2377 1196
2378 78
2379 69
2380 70
2381 1192
2382 210
2383 1192
2384 90
2385 71
2386 600
2387 69
2388 111
2389 1196
2390 129
2391 401
2392 115
2393 1201
2394 69
2395 244
2396 303
2397 72
2398 76
2399 1200
2400 69
2401 73
2402 608
2403 71
2404 304
2405 69
2406 206
2407 70
2408 77
2409 69
2410 130
2411 1206
2412 69
2413 82
2414 69
2415 69
2416 91
2417 1216
2418 93
2419 70
2420 71
2421 143
2422 114
2423 1212
2424 74
2425 73
2426 608
2427 407
2428 307
2429 180
2430 70
2431 88
2432 137
2433 408
2434 610
2435 248
2436 71
2437 1220
2438 72
2439 144
2440 70
2441 1225
2442 77
2443 181
2444 75
2445 96
2446 613
2447 1224
2448 73
2449 70
2450 74
2451 71
2452 310
2453 122
2454 210
2455 250
2456 161
2457 70
2458 616
2459 1230
2460 80
2461 76
2462 617
2463 413
2464 70
2465 71
2466 86
2467 1234
2468 312
2469 414
2470 70
2471 183
2472 75
2473 1245
2474 620
2475 70
2476 313
2477 1240
2478 71
2479 70
2480 93
2481 416
2482 70
2483 108
2484 70
2485 70
2486 78
2487 420
2488 163
2489 84
2490 71
2491 73
2492 72
2493 147
2494 79
2495 254
2496 83
2497 124
2498 628
2499 74
2500 82
2501 71
2502 87
2503 1252
2504 164
2505 98
2506 103
2507 77
2508 72
2509 109
2510 135
2511 71
2512 94
2513 186
2514 215
2515 256
2516 86
2517 422
2518 631
2519 125
2520 71
2521 1267
2522 100
2523 72
2524 319
2525 75
2526 216
2527 85
2528 71
2529 149
2530 73
2531 1266
2532 117
2533 91
2534 104
2535 71
2536 166
2537 72
2538 77
2539 1270
2540 103
2541 71
2542 82
2543 1272
2544 74
2545 259
2546 71
2547 150
2548 73
2549 1276
2550 71
2551 1276
2552 102
2553 71
2554 640
2555 71
2556 71
2557 1280
2558 641
2559 432
2560 514
2561 111
2562 72
2563 127
2564 324
2565 73
2566 643
2567 92
2568 77
2569 190
2570 138
2571 431
2572 325
2573 72
2574 75
2575 76
2576 96
2577 432
2578 648
2579 1290
2580 81
2581 73
2582 647
2583 72
2584 145
2585 74
2586 221
2587 112
2588 327
2589 434
2590 88
2591 1296
2592 72
2593 1301
2594 652
2595 101
2596 73
2597 75
2598 222
2599 79
2600 72
2601 76
2602 652
2603 87
2604 74
2605 265
2606 653
2607 72
2608 97
2609 1309
2610 73
2611 193
2612 330
2613 72
2614 657
2615 266
2616 78
2617 1313
2618 72
2619 75
2620 85
2621 1312
2622 72
2623 73
2624 84
2625 72
2626 76
2627 72
2628 72
2629 130
2630 141
2631 444
2632 79
2633 1323
2634 225
2635 73
2636 333
2637 155
2638 661
2639 74
2640 75
2641 88
2642 666
2643 443
2644 334
2645 103
2646 73
2647 1324
2648 173
2649 444
2650 76
2651 131
2652 77
2653 196
2654 665
2655 74
2656 73
2657 1336
2658 227
2659 1330
2660 75
2661 446
2662 82
2663 1332
2664 79
2665 73
2666 83
2667 84
2668 106
2669 95
2670 74
2671 1336
2672 115
2673 73
2674 109
2675 78
2676 123
2677 1340
2678 103
2679 80
2680 73
2681 198
2682 92
2683 1342
2684 74
2685 104
2686 73
2687 1344
2688 138
2689 1351
2690 144
2691 73
2692 340
2693 1348
2694 230
2695 73
2696 176
2697 74
2698 73
2699 1350
2700 73
2701 73
2702 110
2703 77
2704 100
2705 275
2706 83
2707 1354
2708 342
2709 74
2710 145
2711 1356
2712 80
2713 1363
2714 75
2715 105
2716 76
2717 90
2718 93
2719 1360
2720 74
2721 456
2722 684
2723 201
2724 125
2725 79
2726 81
2727 77
2728 103
2729 1369
2730 74
2731 1366
2732 345
2733 458
2734 685
2735 278
2736 76
2737 82
2738 92
2739 74
2740 88
2741 1372
2742 234
2743 118
2744 80
2745 75
2746 688
2747 74
2748 126
2749 1376
2750 77
2751 86
2752 85
2753 1390
2754 74
2755 76
2756 78
2757 462
2758 112
2759 75
2760 74
2761 136
2762 692
2763 162
2764 349
2765 74
2766 236
2767 1384
2768 102
2769 74
2770 148
2771 98
2772 74
2773 82
2774 74
2775 74
2776 181
2777 1393
2778 237
2779 205
2780 89
2781 78
2782 79
2783 83
2784 75
2785 288
2786 113
2787 467
2788 88
2789 1396
2790 76
2791 1396
2792 182
2793 77
2794 85
2795 75
2796 128
2797 1400
2798 701
2799 164
2800 97
2801 1410
2802 239
2803 1402
2804 354
2805 75
2806 76
2807 207
2808 82
2809 79
2810 150
2811 474
2812 94
2813 106
2814 75
2815 286
2816 261
2817 165
2818 706
2819 1410
2820 83
2821 76
2822 75
2823 473
2824 192
2825 81
2826 96
2827 139
2828 78
2829 75
2830 151
2831 93
2832 77
2833 1421
2834 80
2835 75
2836 358
2837 1420
2838 86
2839 100
2840 75
2841 476
2842 82
2843 1422
2844 75
2845 289
2846 713
2847 75
2848 76
2849 75
2850 75
2851 1426
2852 107
2853 167
2854 717
2855 290
2856 81
2857 1435
2858 716
2859 479
2860 76
2861 1432
2862 80
2863 211
2864 105
2865 110
2866 718
2867 77
2868 131
2869 94
2870 90
2871 76
2872 187
2873 101
2874 245
2875 82
2876 363
2877 89
2878 721
2879 1440
2880 86
2881 76
2882 87
2883 77
2884 79
2885 293
2886 81
2887 1444
2888 161
2889 80
2890 76
2891 78
2892 132
2893 142
2894 725
2895 111
2896 106
2897 1453
2898 76
2899 124
2900 92
2901 486
2902 727
2903 1452
2904 84
2905 76
2906 728
2907 79
2908 367
2909 1456
2910 108
2911 76
2912 77
2913 488
2914 85
2915 80
2916 76
2917 1460
2918 733
2919 90
2920 76
2921 86
2922 249
2923 76
2924 132
2925 76
2926 76
2927 1464
2928 78
2929 79
2930 156
2931 491
2932 370
2933 216
2934 99
2935 298
2936 191
2937 77
2938 82
2939 1470
2940 80
2941 103
2942 737
2943 81
2944 139
2945 78
2946 251
2947 217
2948 77
2949 494
2950 79
2951 126
2952 85
2953 1481
2954 119
2955 113
2956 373
2957 1480
2958 77
2959 145
2960 98
2961 78
2962 748
2963 1482
2964 80
2965 301
2966 743
2967 77
2968 82
2969 1492
2970 79
2971 1486
2972 375
2973 498
2974 745
2975 77
2976 78
2977 127
2978 746
2979 174
2980 94
2981 146
2982 77
2983 97
2984 194
2985 114
2986 748
2987 80
2988 77
2989 79
2990 78
2991 501
2992 109
2993 77
2994 255
2995 304
2996 81
2997 77
2998 751
2999 1500
3000 77
3001 1505
3002 77
3003 77
3004 379
3005 305
3006 101
3007 79
3008 87
3009 80
3010 91
3011 1506
3012 137
3013 88
3014 90
3015 78
3016 118
3017 222
3018 257
3019 1510
3020 95
3021 81
3022 757
3023 1512
3024 79
3025 82
3026 78
3027 510
3028 382
3029 129
3030 80
3031 223
3032 197
3033 177
3034 94
3035 308
3036 78
3037 1520
3038 86
3039 509
3040 79
3041 1525
3042 84
3043 106
3044 384
3045 78
3046 763
3047 149
3048 87
3049 1532
3050 80
3051 83
3052 82
3053 78
3054 260
3055 79
3056 111
3057 512
3058 113
3059 89
3060 78
3061 1532
3062 769
3063 513
3064 199
3065 311
3066 78
3067 1534
3068 133
3069 79
3070 163
3071 78
3072 1025
3073 226
3074 84
3075 78
3076 396
3077 107
3078 78
3079 1540
3080 78
3081 78
3082 79
3083 1542
3084 140
3085 313
3086 773
3087 80
3088 112
3089 1551
3090 81
3091 151
3092 390
3093 518
3094 79
3095 314
3096 88
3097 100
3098 776
3099 522
3100 97
3101 228
3102 89
3103 111
3104 80
3105 79
3106 782
3107 132
3108 83
3109 1556
3110 165
3111 81
3112 202
3113 152
3114 104
3115 79
3116 96
3117 522
3118 781
3119 1560
3120 80
3121 1565
3122 125
3123 182
3124 79
3125 87
3126 266
3127 82
3128 147
3129 95
3130 166
3131 112
3132 79
3133 133
3134 785
3135 80
3136 88
3137 1577
3138 267
3139 79
3140 98
3141 183
3142 789
3143 231
3144 89
3145 79
3146 86
3147 527
3148 397
3149 80
3150 79
3151 91
3152 114
3153 528
3154 79
3155 320
3156 143
3157 79
3158 791
3159 79
3160 79
3161 83
3162 80
3163 1582
3164 84
3165 120
3166 793
3167 1584
3168 81
3169 1589
3170 168
3171 96
3172 82
3173 102
3174 80
3175 88
3176 206
3177 185
3178 127
3179 110
3180 86
3181 1592
3182 95
3183 533
3184 115
3185 80
3186 83
3187 1594
3188 402
3189 534
3190 85
3191 1596
3192 90
3193 82
3194 800
3195 80
3196 91
3197 92
3198 87
3199 235
3200 140
3201 81
3202 804
3203 1602
3204 80
3205 330
3206 128
3207 543
3208 208
3209 1609
3210 83
3211 103
3212 80
3213 82
3214 805
3215 326
3216 81
3217 1615
3218 806
3219 80
3220 85
3221 1612
3222 107
3223 157
3224 119
3225 80
3226 808
3227 237
3228 146
3229 1616
3230 80
3231 188
3232 82
3233 83
3234 80
3235 333
3236 408
3237 80
3238 813
3239 80
3240 80
3241 238
3242 812
3243 81
3244 409
3245 84
3246 276
3247 112
3248 117
3249 85
3250 82
3251 1626
3252 147
3253 1628
3254 817
3255 81
3256 106
3257 1635
3258 108
3259 1630
3260 101
3261 546
3262 130
3263 138
3264 89
3265 331
3266 81
3267 82
3268 97
3269 240
3270 84
3271 1636
3272 212
3273 548
3274 820
3275 90
3276 81
3277 85
3278 96
3279 549
3280 100
3281 113
3282 285
3283 82
3284 414
3285 81
3286 88
3287 105
3288 92
3289 94
3290 93
3291 551
3292 415
3293 81
3294 84
3295 334
3296 83
3297 99
3298 82
3299 1650
3300 81
3301 1652
3302 89
3303 192
3304 85
3305 335
3306 81
3307 1654
3308 417
3309 554
3310 175
3311 81
3312 82
3313 1665
3314 832
3315 81
3316 418
3317 84
3318 81
3319 1660
3320 81
3321 81
3322 97
3323 1662
3324 150
3325 82
3326 833
3327 557
3328 262
3329 1671
3330 85
3331 1666
3332 87
3333 83
3334 835
3335 86
3336 93
3337 82
3338 836
3339 84
3340 103
3341 141
3342 284
3343 1672
3344 120
3345 126
3346 147
3347 1674
3348 82
3349 115
3350 83
3351 564
3352 217
3353 246
3354 99
3355 85
3356 423
3357 195
3358 82
3359 1680
3360 84
3361 1688
3362 102
3363 86
3364 130
3365 341
3366 83
3367 82
3368 218
3369 564
3370 178
3371 1686
3372 152
3373 1688
3374 134
3375 82
3376 121
3377 164
3378 287
3379 85
3380 84
3381 83
3382 82
3383 116
3384 94
3385 343
3386 848
3387 576
3388 82
3389 1696
3390 86
3391 1696
3392 90
3393 82
3394 850
3395 83
3396 153
3397 82
3398 851
3399 117
3400 82
3401 108
3402 82
3403 82
3404 110
3405 128
3406 91
3407 1704
3408 83
3409 250
3410 89
3411 198
3412 430
3413 1708
3414 290
3415 346
3416 142
3417 84
3418 856
3419 144
3420 83
3421 166
3422 87
3423 102
3424 85
3425 93
3426 297
3427 97
3428 432
3429 90
3430 94
3431 83
3432 95
3433 1721
3434 84
3435 129
3436 433
3437 252
3438 113
3439 109
3440 101
3441 83
3442 862
3443 167
3444 89
3445 85
3446 863
3447 200
3448 223
3449 1729
3450 83
3451 88
3452 435
3453 578
3454 100
3455 350
3456 141
3457 1733
3458 83
3459 579
3460 106
3461 1732
3462 294
3463 1732
3464 224
3465 83
3466 868
3467 1734
3468 93
3469 1736
3470 183
3471 83
3472 124
3473 98
3474 114
3475 94
3476 83
3477 87
3478 112
3479 84
3480 83
3481 88
3482 872
3483 83
3484 152
3485 83
3486 83
3487 169
3488 86
3489 584
3490 184
3491 1746
3492 84
3493 256
3494 877
3495 131
3496 163
3497 147
3498 92
3499 1750
3500 90
3501 203
3502 85
3503 87
3504 84
3505 355
3506 880
3507 104
3508 442
3509 89
3510 86
3511 1756
3512 227
3513 588
3514 139
3515 84
3516 158
3517 1760
3518 881
3519 85
3520 91
3521 258
3522 299
3523 148
3524 444
3525 84
3526 103
3527 1764
3528 87
3529 1771
3530 186
3531 86
3532 445
3533 1768
3534 84
3535 85
3536 126
3537 92
3538 88
3539 1770
3540 89
3541 1772
3542 84
3543 593
3544 229
3545 359
3546 116
3547 1774
3548 447
3549 84
3550 85
3551 86
3552 87
3553 112
3554 890
3555 84
3556 91
3557 1780
3558 302
3559 1780
3560 84
3561 596
3562 94
3563 261
3564 84
3565 88
3566 893
3567 84
3568 127
3569 84
3570 84
3571 1786
3572 99
3573 207
3574 897
3575 87
3576 98
3577 85
3578 896
3579 599
3580 109
3581 1792
3582 117
3583 1792
3584 515
3585 134
3586 103
3587 122
3588 86
3589 85
3590 189
3591 88
3592 232
3593 1803
3594 305
3595 364
3596 131
3597 87
3598 142
3599 89
3600 85
3601 151
3602 902
3603 609
3604 94
3605 86
3606 306
3607 1804
3608 108
3609 209
3610 85
3611 101
3612 92
3613 1808
3614 95
3615 135
3616 88
3617 1813
3618 118
3619 85
3620 110
3621 86
3622 907
3623 1812
3624 123
3625 91
3626 98
3627 85
3628 457
3629 114
3630 90
3631 1816
3632 129
3633 107
3634 85
3635 368
3636 86
3637 1820
3638 87
3639 612
3640 85
3641 176
3642 321
3643 1822
3644 463
3645 85
3646 913
3647 267
3648 92
3649 85
3650 86
3651 611
3652 85
3653 153
3654 85
3655 85
3656 236
3657 87
3658 91
3659 1830
3660 90
3661 275
3662 917
3663 86
3664 130
3665 371
3666 96
3667 115
3668 93
3669 614
3670 203
3671 1836
3672 97
3673 1841
3674 105
3675 86
3676 463
3677 1840
3678 312
3679 154
3680 89
3681 213
3682 145
3683 92
3684 165
3685 94
3686 86
3687 617
3688 238
3689 90
3690 91
3691 1846
3692 87
3693 618
3694 925
3695 374
3696 86
3697 1855
3698 107
3699 95
3700 112
3701 1852
3702 314
3703 103
3704 239
3705 86
3706 88
3707 179
3708 87
3709 1856
3710 96
3711 627
3712 142
3713 86
3714 315
3715 376
3716 468
3717 90
3718 97
3719 1860
3720 86
3721 91
3722 932
3723 87
3724 94
3725 99
3726 86
3727 1864
3728 132
3729 89
3730 196
3731 86
3732 167
3733 1868
3734 935
3735 86
3736 241
3737 87
3738 86
3739 1870
3740 86
3741 86
3742 937
3743 136
3744 115
3745 88
3746 944
3747 630
3748 472
3749 104
3750 87
3751 122
3752 89
3753 96
3754 940
3755 380
3756 168
3757 127
3758 941
3759 110
3760 103
3761 1891
3762 87
3763 88
3764 474
3765 140
3766 148
3767 1884
3768 102
3769 1889
3770 90
3771 218
3772 112
3773 87
3774 89
3775 100
3776 93
3777 632
3778 946
3779 1890
3780 88
3781 118
3782 92
3783 87
3784 109
3785 393
3786 321
3787 277
3788 477
3789 219
3790 199
3791 128
3792 87
3793 1901
3794 149
3795 89
3796 88
3797 1900
3798 123
3799 94
3800 87
3801 111
3802 952
3803 1902
3804 170
3805 385
3806 108
3807 87
3808 91
3809 159
3810 93
3811 88
3812 484
3813 87
3814 955
3815 89
3816 98
3817 184
3818 87
3819 90
3820 115
3821 1912
3822 87
3823 1912
3824 135
3825 87
3826 962
3827 87
3828 87
3829 280
3830 201
3831 641
3832 247
3833 1923
3834 89
3835 91
3836 96
3837 642
3838 88
3839 185
3840 263
3841 106
3842 90
3843 92
3844 139
3845 389
3846 326
3847 1924
3848 122
3849 644
3850 88
3851 1926
3852 89
3853 1928
3854 105
3855 143
3856 136
3857 95
3858 327
3859 130
3860 116
3861 88
3862 967
3863 1932
3864 90
3865 391
3866 968
3867 647
3868 487
3869 89
3870 94
3871 88
3872 92
3873 648
3874 100
3875 93
3876 96
3877 1940
3878 152
3879 224
3880 88
3881 1945
3882 329
3883 187
3884 489
3885 89
3886 91
3887 107
3888 88
3889 1953
3890 204
3891 657
3892 97
3893 131
3894 95
3895 88
3896 251
3897 225
3898 976
3899 285
3900 89
3901 88
3902 977
3903 653
3904 94
3905 98
3906 88
3907 1954
3908 496
3909 654
3910 88
3911 1956
3912 105
3913 88
3914 89
3915 88
3916 88
3917 1960
3918 332
3919 1960
3920 104
3921 656
3922 100
3923 1962
3924 90
3925 128
3926 101
3927 89
3928 253
3929 1971
3930 95
3931 1966
3932 495
3933 91
3934 154
3935 398
3936 93
3937 94
3938 111
3939 89
3940 118
3941 288
3942 90
3943 1972
3944 150
3945 146
3946 988
3947 1974
3948 98
3949 190
3950 89
3951 228
3952 139
3953 92
3954 335
3955 91
3956 113
3957 662
3958 991
3959 90
3960 89
3961 133
3962 155
3963 663
3964 499
3965 93
3966 336
3967 1984
3968 143
3969 89
3970 208
3971 123
3972 177
3973 97
3974 995
3975 90
3976 147
3977 89
3978 92
3979 109
3980 119
3981 666
3982 112
3983 291
3984 89
3985 403
3986 1000
3987 230
3988 502
3989 1996
3990 89
3991 166
3992 265
3993 93
3994 1000
3995 89
3996 91
3997 292
3998 1001
3999 89
4000 94
4001 2007
4002 89
4003 2002
4004 89
4005 89
4006 1003
4007 2004
4008 107
4009 124
4010 210
4011 116
4012 97
4013 2008
4014 129
4015 91
4016 141
4017 90
4018 106
4019 2010
4020 93
4021 2012
4022 1009
4023 101
4024 259
4025 92
4026 96
4027 2014
4028 102
4029 90
4030 94
4031 98
4032 95
4033 91
4034 1012
4035 149
4036 508
4037 194
4038 342
4039 295
4040 90
4041 233
4042 109
4043 168
4044 180
4045 409
4046 93
4047 92
4048 142
4049 2029
4050 90
4051 2026
4052 510
4053 117
4054 1017
4055 410
4056 108
4057 2036
4058 1016
4059 90
4060 100
4061 96
4062 344
4063 136
4064 95
4065 150
4066 91
4067 90
4068 92
4069 169
4070 101
4071 93
4072 262
4073 2041
4074 90
4075 106
4076 513
4077 102
4078 1021
4079 2040
4080 90
4081 91
4082 104
4083 683
4084 514
4085 90
4086 131
4087 97
4088 148
4089 90
4090 214
4091 2046
4092 90
4093 2048
4094 90
4095 90
4096 0
4097 137
4098 347
4099 2050
4100 120
4101 686
4102 160
4103 197
4104 100
4105 420
4106 1028
4107 92
4108 91
4109 300
4110 98
4111 2056
4112 144
4113 246
4114 94
4115 416
4116 101
4117 112
4118 93
4119 689
4120 91
4121 171
4122 132
4123 97
4124 519
4125 92
4126 1033
4127 2064
4128 96
4129 2069
4130 99
4131 91
4132 528
4133 2068
4134 104
4135 418
4136 111
4137 119
4138 1036
4139 2070
4140 94
4141 91
4142 92
4143 696
4144 130
4145 419
4146 351
4147 129
4148 98
4149 239
4150 91
4151 303
4152 110
4153 2084
4154 95
4155 153
4156 523
4157 2080
4158 91
4159 2080
4160 96
4161 93
4162 1044
4163 113
4164 185
4165 91
4166 1045
4167 240
4168 268
4169 200
4170 99
4171 91
4172 102
4173 92
4174 1045
4175 108
4176 91
4177 2093
4178 1046
4179 120
4180 91
4181 93
4182 95
4183 91
4184 269
4185 91
4186 91
4187 92
4188 186
4189 94
4190 219
4191 96
4192 97
4193 306
4194 134
4195 424
4196 532
4197 702
4198 1053
4199 129
4200 92
4201 2107
4202 117
4203 242
4204 529
4205 101
4206 356
4207 307
4208 147
4209 95
4210 220
4211 2106
4212 92
4213 202
4214 110
4215 155
4216 151
4217 2113
4218 93
4219 2110
4220 125
4221 96
4222 1057
4223 92
4224 144
4225 97
4226 1062
4227 707
4228 103
4229 2116
4230 100
4231 2116
4232 195
4233 92
4234 94
4235 93
4236 188
4237 130
4238 133
4239 105
4240 106
4241 2125
4242 92
4243 2122
4244 534
4245 156
4246 118
4247 99
4248 101
4249 310
4250 92
4251 93
4252 535
4253 2128
4254 360
4255 94
4256 98
4257 92
4258 1068
4259 2130
4260 95
4261 2132
4262 1067
4263 92
4264 124
4265 431
4266 93
4267 142
4268 92
4269 714
4270 100
4271 2136
4272 92
4273 2141
4274 1074
4275 92
4276 538
4277 92
4278 92
4279 205
4280 93
4281 716
4282 1072
4283 2142
4284 95
4285 433
4286 1073
4287 717
4288 97
4289 2149
4290 98
4291 313
4292 134
4293 93
4294 94
4295 434
4296 113
4297 2153
4298 167
4299 719
4300 121
4301 116
4302 137
4303 178
4304 150
4305 93
4306 1078
4307 95
4308 191
4309 100
4310 225
4311 248
4312 94
4313 132
4314 365
4315 436
4316 93
4317 722
4318 97
4319 315
4320 99
4321 103
4322 1082
4323 98
4324 115
4325 111
4326 93
4327 2164
4328 278
4329 94
4330 226
4331 96
4332 104
4333 316
4334 120
4335 93
4336 151
4337 2177
4338 138
4339 2170
4340 105
4341 726
4342 109
4343 93
4344 114
4345 94
4346 108
4347 97
4348 547
4349 2176
4350 93
4351 133
4352 264
4353 728
4354 169
4355 99
4356 93
4357 2180
4358 1093
4359 729
4360 94
4361 93
4362 369
4363 2182
4364 549
4365 93
4366 103
4367 209
4368 93
4369 145
4370 93
4371 93
4372 550
4373 2188
4374 94
4375 97
4376 281
4377 732
4378 121
4379 104
4380 96
4381 181
4382 170
4383 252
4384 100
4385 448
4386 98
4387 94
4388 552
4389 95
4390 229
4391 2196
4392 102
4393 118
4394 110
4395 161
4396 106
4397 2200
4398 372
4399 94
4400 107
4401 108
4402 97
4403 96
4404 195
4405 445
4406 1103
4407 95
4408 166
4409 2209
4410 94
4411 211
4412 555
4413 738
4414 1105
4415 446
4416 98
4417 322
4418 117
4419 254
4420 94
4421 2212
4422 99
4423 2212
4424 95
4425 96
4426 1108
4427 135
4428 97
4429 94
4430 231
4431 126
4432 154
4433 102
4434 381
4435 453
4436 558
4437 94
4438 172
4439 119
4440 95
4441 2225
4442 1112
4443 743
4444 94
4445 133
4446 96
4447 2224
4448 101
4449 744
4450 94
4451 2226
4452 107
4453 97
4454 99
4455 94
4456 286
4457 2233
4458 377
4459 94
4460 131
4461 746
4462 94
4463 2232
4464 94
4465 94
4466 96
4467 750
4468 562
4469 95
4470 104
4471 148
4472 125
4473 98
4474 1120
4475 114
4476 198
4477 97
4478 1121
4479 749
4480 145
4481 2247
4482 95
4483 2242
4484 105
4485 96
4486 1123
4487 327
4488 113
4489 100
4490 234
4491 267
4492 565
4493 2248
4494 95
4495 103
4496 156
4497 752
4498 112
4499 215
4500 97
4501 328
4502 1127
4503 96
4504 289
4505 95
4506 381
4507 2254
4508 108
4509 110
4510 109
4511 199
4512 102
4513 2261
4514 104
4515 95
4516 568
4517 2260
4518 143
4519 2260
4520 96
4521 101
4522 97
4523 2262
4524 95
4525 115
4526 98
4527 260
4528 157
4529 330
4530 105
4531 121
4532 95
4533 758
4534 1137
4535 458
4536 96
4537 187
4538 1136
4539 95
4540 133
4541 138
4542 384
4543 97
4544 99
4545 95
4546 1138
4547 2274
4548 201
4549 2276
4550 95
4551 96
4552 300
4553 107
4554 95
4555 460
4556 101
4557 95
4558 112
4559 95
4560 95
4561 2287
4562 1142
4563 97
4564 109
4565 96
4566 386
4567 2284
4568 293
4569 764
4570 238
4571 333
4572 99
4573 151
4574 1145
4575 98
4576 103
4577 122
4578 96
4579 139
4580 134
4581 263
4582 97
4583 2292
4584 119
4585 100
4586 1148
4587 102
4588 142
4589 189
4590 96
4591 2296
4592 132
4593 768
4594 1152
4595 464
4596 203
4597 2300
4598 98
4599 104
4600 97
4601 96
4602 107
4603 2302
4604 583
4605 198
4606 118
4607 152
4608 516
4609 220
4610 250
4611 96
4612 580
4613 350
4614 390
4615 100
4616 296
4617 97
4618 1156
4619 105
4620 96
4621 2312
4622 1157
4623 101
4624 160
4625 99
4626 146
4627 337
4628 96
4629 774
4630 241
4631 232
4632 120
4633 97
4634 179
4635 96
4636 106
4637 2320
4638 392
4639 2320
4640 104
4641 96
4642 127
4643 2322
4644 100
4645 469
4646 96
4647 780
4648 97
4649 2333
4650 96
4651 2326
4652 585
4653 96
4654 115
4655 96
4656 96
4657 2335
4658 102
4659 779
4660 136
4661 98
4662 97
4663 2332
4664 114
4665 170
4666 1168
4667 192
4668 206
4669 109
4670 243
4671 113
4672 100
4673 2345
4674 110
4675 97
4676 111
4677 782
4678 1173
4679 2340
4680 98
4681 106
4682 1172
4683 132
4684 589
4685 473
4686 101
4687 97
4688 162
4689 269
4690 103
4691 2346
4692 102
4693 142
4694 1175
4695 171
4696 301
4697 107
4698 97
4699 100
4700 123
4701 786
4702 1177
4703 2352
4704 105
4705 475
4706 116
4707 270
4708 97
4709 155
4710 108
4711 343
4712 167
4713 788
4714 1180
4715 98
4716 101
4717 97
4718 182
4719 99
4720 109
4721 2365
4722 399
4723 2362
4724 594
4725 97
4726 103
4727 110
4728 122
4729 2371
4730 129
4731 98
4732 97
4733 2368
4734 149
4735 478
4736 146
4737 792
4738 97
4739 345
4740 99
4741 226
4742 1187
4743 97
4744 304
4745 101
4746 98
4747 97
4748 597
4749 794
4750 97
4751 2376
4752 97
4753 97
4754 1190
4755 173
4756 136
4757 102
4758 108
4759 2380
4760 98
4761 103
4762 1192
4763 227
4764 210
4765 481
4766 1193
4767 134
4768 106
4769 144
4770 109
4771 196
4772 600
4773 98
4774 100
4775 120
4776 123
4777 157
4778 1196
4779 99
4780 139
4781 348
4782 404
4783 2392
4784 165
4785 98
4786 1198
4787 2394
4788 102
4789 2396
4790 249
4791 804
4792 307
4793 2401
4794 104
4795 103
4796 98
4797 99
4798 1201
4799 2400
4800 101
4801 2405
4802 122
4803 803
4804 604
4805 108
4806 98
4807 127
4808 308
4809 135
4810 106
4811 158
4812 212
4813 2408
4814 99
4815 98
4816 133
4817 2415
4818 131
4819 100
4820 140
4821 806
4822 1207
4823 98
4824 105
4825 121
4826 101
4827 810
4828 103
4829 230
4830 98
4831 2416
4832 107
4833 116
4834 1210
4835 488
4836 98
4837 352
4838 111
4839 809
4840 115
4841 98
4842 152
4843 112
4844 114
4845 98
4846 1213
4847 102
4848 98
4849 199
4850 98
4851 98
4852 610
4853 128
4854 410
4855 490
4856 311
4857 812
4858 187
4859 99
4860 100
4861 2432
4862 105
4863 816
4864 265
4865 104
4866 411
4867 109
4868 612
4869 279
4870 253
4871 2436
4872 99
4873 232
4874 1220
4875 101
4876 118
4877 2440
4878 153
4879 100
4880 110
4881 816
4882 1226
4883 147
4884 99
4885 493
4886 188
4887 117
4888 127
4889 2449
4890 111
4891 103
4892 615
4893 137
4894 1225
4895 99
4896 108
4897 100
4898 101
4899 104
4900 124
4901 113
4902 102
4903 2452
4904 314
4905 99
4906 133
4907 357
4908 216
4909 2456
4910 255
4911 821
4912 169
4913 161
4914 99
4915 496
4916 618
4917 107
4918 1231
4919 2460
4920 101
4921 103
4922 99
4923 282
4924 619
4925 123
4926 416
4927 202
4928 102
4929 99
4930 100
4931 2466
4932 104
4933 2468
4934 1237
4935 99
4936 316
4937 2475
4938 417
4939 235
4940 99
4941 101
4942 190
4943 2472
4944 99
4945 100
4946 1238
4947 99
4948 622
4949 99
4950 99
4951 2476
4952 325
4953 102
4954 1240
4955 500
4956 113
4957 2480
4958 107
4959 100
4960 109
4961 101
4962 419
4963 361
4964 104
4965 195
4966 121
4967 2484
4968 106
4969 2489
4970 105
4971 834
4972 100
4973 2488
4974 420
4975 124
4976 171
4977 102
4978 103
4979 217
4980 101
4981 163
4982 120
4983 108
4984 100
4985 503
4986 156
4987 2494
4988 137
4989 834
4990 259
4991 111
4992 147
4993 2504
4994 157
4995 100
4996 628
4997 150
4998 101
4999 2500
5000 102
5001 836
5002 112
5003 2502
5004 141
5005 100
5006 1253
5007 846
5008 172
5009 2512
5010 113
5011 2506
5012 117
5013 287
5014 100
5015 101
5016 116
5017 115
5018 122
5019 140
5020 145
5021 2512
5022 100
5023 2512
5024 142
5025 104
5026 193
5027 239
5028 221
5029 100
5030 261
5031 101
5032 154
5033 366
5034 425
5035 100
5036 633
5037 105
5038 136
5039 2520
5040 100
5041 106
5042 1262
5043 143
5044 100
5045 509
5046 101
5047 100
5048 323
5049 100
5050 100
5051 2526
5052 222
5053 112
5054 104
5055 183
5056 103
5057 207
5058 158
5059 2530
5060 101
5061 141
5062 1269
5063 102
5064 129
5065 511
5066 108
5067 290
5068 118
5069 105
5070 110
5071 241
5072 174
5073 101
5074 115
5075 107
5076 106
5077 2540
5078 1273
5079 849
5080 103
5081 2545
5082 102
5083 133
5084 144
5085 101
5086 1273
5087 2544
5088 111
5089 370
5090 264
5091 851
5092 109
5093 242
5094 159
5095 514
5096 101
5097 852
5098 1276
5099 2550
5100 102
5101 2552
5102 1277
5103 103
5104 175
5105 515
5106 101
5107 2554
5108 642
5109 104
5110 106
5111 153
5112 107
5113 2561
5114 1280
5115 101
5116 643
5117 102
5118 432
5119 2560
5120 1026
5121 293
5122 124
5123 101
5124 114
5125 103
5126 138
5127 857
5128 328
5129 134
5130 101
5131 373
5132 645
5133 102
5134 109
5135 104
5136 101
5137 244
5138 197
5139 294
5140 148
5141 101
5142 434
5143 106
5144 329
5145 101
5146 103
5147 2574
5148 101
5149 154
5150 101
5151 101
5152 112
5153 2585
5154 435
5155 520
5156 648
5157 122
5158 1291
5159 105
5160 104
5161 211
5162 102
5163 863
5164 649
5165 521
5166 103
5167 2584
5168 177
5169 864
5170 121
5171 2586
5172 227
5173 376
5174 125
5175 102
5176 331
5177 114
5178 437
5179 2590
5180 120
5181 111
5182 1297
5183 107
5184 104
5185 103
5186 1298
5187 102
5188 652
5189 2596
5190 116
5191 118
5192 117
5193 297
5194 124
5195 524
5196 228
5197 2600
5198 102
5199 869
5200 112
5201 378
5202 110
5203 103
5204 654
5205 188
5206 144
5207 145
5208 102
5209 2611
5210 270
5211 123
5212 659
5213 213
5214 105
5215 109
5216 113
5217 102
5218 1310
5219 170
5220 103
5221 136
5222 200
5223 873
5224 334
5225 102
5226 111
5227 2614
5228 657
5229 104
5230 271
5231 2616
5232 102
5233 2624
5234 1310
5235 189
5236 103
5237 2620
5238 102
5239 115
5240 105
5241 876
5242 1312
5243 102
5244 110
5245 529
5246 116
5247 102
5248 148
5249 148
5250 102
5251 103
5252 102
5253 102
5254 109
5255 530
5256 108
5257 382
5258 141
5259 879
5260 151
5261 2632
5262 444
5263 157
5264 135
5265 103
5266 1326
5267 137
5268 231
5269 250
5270 104
5271 146
5272 337
5273 2644
5274 164
5275 130
5276 667
5277 882
5278 103
5279 2640
5280 114
5281 2645
5282 107
5283 302
5284 664
5285 110
5286 446
5287 172
5288 338
5289 104
5290 103
5291 108
5292 109
5293 106
5294 1325
5295 191
5296 181
5297 2653
5298 447
5299 385
5300 126
5301 103
5302 142
5303 2652
5304 129
5305 535
5306 203
5307 104
5308 671
5309 2656
5310 118
5311 103
5312 105
5313 107
5314 1330
5315 536
5316 233
5317 217
5318 1331
5319 125
5320 103
5321 173
5322 449
5323 2662
5324 104
5325 108
5326 1333
5327 387
5328 103
5329 109
5330 114
5331 894
5332 145
5333 2668
5334 147
5335 103
5336 198
5337 305
5338 112
5339 159
5340 104
5341 103
5342 1337
5343 107
5344 115
5345 539
5346 103
5347 2674
5348 123
5349 894
5350 103
5351 2676
5352 135
5353 103
5354 1340
5355 103
5356 103
5357 254
5358 108
5359 139
5360 113
5361 896
5362 205
5363 117
5364 110
5365 109
5366 1343
5367 900
5368 118
5369 104
5370 119
5371 106
5372 107
5373 126
5374 1345
5375 105
5376 266
5377 160
5378 1346
5379 114
5380 154
5381 2692
5382 104
5383 391
5384 344
5385 194
5386 1348
5387 2694
5388 236
5389 175
5390 108
5391 308
5392 184
5393 2701
5394 104
5395 106
5396 111
5397 149
5398 1351
5399 2700
5400 107
5401 256
5402 110
5403 903
5404 124
5405 104
5406 113
5407 2704
5408 116
5409 318
5410 280
5411 393
5412 105
5413 2708
5414 1357
5415 104
5416 354
5417 2713
5418 106
5419 2710
5420 155
5421 108
5422 1357
5423 122
5424 104
5425 112
5426 1358
5427 107
5428 180
5429 105
5430 120
5431 2716
5432 104
5433 908
5434 109
5435 548
5436 111
5437 2720
5438 1361
5439 104
5440 106
5441 2731
5442 459
5443 2722
5444 684
5445 104
5446 208
5447 222
5448 137
5449 2729
5450 104
5451 108
5452 139
5453 107
5454 104
5455 550
5456 186
5457 104
5458 1366
5459 104
5460 104
5461 106
5462 1367
5463 312
5464 349
5465 551
5466 461
5467 109
5468 687
5469 914
5470 293
5471 2736
5472 117
5473 223
5474 105
5475 110
5476 166
5477 2740
5478 107
5479 2740
5480 148
5481 106
5482 1372
5483 2742
5484 240
5485 553
5486 131
5487 105
5488 136
5489 260
5490 120
5491 163
5492 690
5493 918
5494 154
5495 113
5496 138
5497 142
5498 1376
5499 105
5500 106
5501 2752
5502 107
5503 2752
5504 149
5505 198
5506 1378
5507 2754
5508 108
5509 407
5510 105
5511 116
5512 130
5513 111
5514 465
5515 556
5516 126
5517 315
5518 106
5519 2760
5520 105
5521 2765
5522 147
5523 152
5524 694
5525 107
5526 171
5527 2764
5528 353
5529 105
5530 109
5531 2766
5532 242
5533 262
5534 1385
5535 106
5536 118
5537 105
5538 113
5539 124
5540 158
5541 926
5542 115
5543 143
5544 105
5545 559
5546 123
5547 107
5548 112
5549 120
5550 105
5551 106
5552 189
5553 317
5554 1390
5555 105
5556 243
5557 2780
5558 212
5559 105
5560 109
5561 108
5562 105
5563 2782
5564 105
5565 105
5566 106
5567 165
5568 107
5569 2792
5570 288
5571 318
5572 127
5573 2788
5574 470
5575 136
5576 156
5577 110
5578 1396
5579 405
5580 106
5581 2792
5582 1397
5583 942
5584 190
5585 563
5586 108
5587 112
5588 107
5589 109
5590 118
5591 2796
5592 140
5593 106
5594 1400
5595 201
5596 703
5597 125
5598 173
5599 265
5600 119
5601 936
5602 1404
5603 228
5604 245
5605 106
5606 1403
5607 107
5608 358
5609 114
5610 108
5611 121
5612 122
5613 938
5614 214
5615 566
5616 106
5617 109
5618 132
5619 939
5620 160
5621 111
5622 474
5623 2812
5624 170
5625 107
5626 106
5627 182
5628 117
5629 229
5630 291
5631 941
5632 517
5633 108
5634 174
5635 106
5636 708
5637 942
5638 1413
5639 2820
5640 110
5641 2825
5642 107
5643 106
5644 109
5645 569
5646 476
5647 2824
5648 192
5649 155
5650 106
5651 2826
5652 114
5653 2828
5654 150
5655 111
5656 106
5657 2835
5658 107
5659 2830
5660 161
5661 106
5662 112
5663 411
5664 120
5665 106
5666 1418
5667 947
5668 106
5669 2836
5670 106
5671 106
5672 362
5673 107
5674 1420
5675 138
5676 108
5677 412
5678 117
5679 324
5680 115
5681 146
5682 479
5683 2842
5684 129
5685 204
5686 1423
5687 107
5688 111
5689 2849
5690 294
5691 156
5692 715
5693 2848
5694 114
5695 109
5696 108
5697 132
5698 151
5699 110
5700 107
5701 2852
5702 1429
5703 953
5704 199
5705 116
5706 176
5707 232
5708 717
5709 119
5710 295
5711 2856
5712 107
5713 127
5714 1434
5715 108
5716 718
5717 2860
5718 482
5719 109
5720 111
5721 956
5722 1432
5723 107
5724 115
5725 139
5726 218
5727 110
5728 121
5729 185
5730 125
5731 271
5732 720
5733 107
5734 124
5735 114
5736 143
5737 2875
5738 113
5739 959
5740 130
5741 2872
5742 107
5743 2872
5744 195
5745 206
5746 118
5747 417
5748 251
5749 2876
5750 107
5751 111
5752 367
5753 272
5754 110
5755 585
5756 727
5757 107
5758 1441
5759 234
5760 150
5761 418
5762 119
5763 107
5764 109
5765 581
5766 108
5767 112
5768 107
5769 329
5770 298
5771 128
5772 107
5773 148
5774 1445
5775 107
5776 196
5777 107
5778 107
5779 2890
5780 164
5781 108
5782 127
5783 2892
5784 144
5785 109
5786 153
5787 330
5788 727
5789 420
5790 126
5791 2896
5792 122
5793 968
5794 1454
5795 108
5796 116
5797 124
5798 137
5799 972
5800 112
5801 2905
5802 489
5803 421
5804 729
5805 109
5806 1453
5807 2904
5808 108
5809 115
5810 111
5811 113
5812 730
5813 2908
5814 114
5815 586
5816 379
5817 159
5818 1456
5819 149
5820 108
5821 2912
5822 117
5823 332
5824 109
5825 141
5826 491
5827 2914
5828 147
5829 110
5830 133
5831 108
5832 112
5833 172
5834 1460
5835 209
5836 733
5837 237
5838 111
5839 2920
5840 116
5841 108
5842 109
5843 2922
5844 255
5845 118
5846 113
5847 977
5848 157
5849 2931
5850 108
5851 2926
5852 110
5853 978
5854 1465
5855 590
5856 123
5857 2933
5858 108
5859 109
5860 166
5861 2932
5862 494
5863 112
5864 374
5865 108
5866 223
5867 2934
5868 117
5869 2936
5870 303
5871 108
5872 199
5873 426
5874 110
5875 109
5876 108
5877 335
5878 1473
5879 2940
5880 108
5881 2950
5882 120
5883 108
5884 739
5885 108
5886 108
5887 130
5888 267
5889 114
5890 109
5891 111
5892 257
5893 112
5894 238
5895 110
5896 121
5897 2953
5898 497
5899 190
5900 129
5901 161
5902 139
5903 2952
5904 109
5905 595
5906 1480
5907 122
5908 133
5909 174
5910 128
5911 151
5912 377
5913 113
5914 1480
5915 110
5916 141
5917 109
5918 156
5919 989
5920 124
5921 126
5922 112
5923 2962
5924 744
5925 114
5926 1483
5927 2964
5928 132
5929 109
5930 306
5931 338
5932 745
5933 191
5934 110
5935 598
5936 138
5937 992
5938 1486
5939 2970
5940 109
5941 241
5942 1487
5943 162
5944 379
5945 113
5946 501
5947 175
5948 751
5949 339
5950 109
5951 281
5952 110
5953 2981
5954 140
5955 213
5956 748
5957 117
5958 183
5959 109
5960 114
5961 996
5962 157
5963 111
5964 119
5965 601
5966 116
5967 109
5968 202
5969 110
5970 129
5971 433
5972 750
5973 123
5974 109
5975 144
5976 113
5977 112
5978 128
5979 1002
5980 109
5981 2992
5982 510
5983 158
5984 125
5985 109
5986 118
5987 2994
5988 261
5989 109
5990 309
5991 1001
5992 109
5993 243
5994 109
5995 109
5996 753
5997 1002
5998 1501
5999 435
6000 110
6001 193
6002 1506
6003 112
6004 115
6005 605
6006 111
6007 3004
6008 383
6009 1004
6010 310
6011 3006
6012 119
6013 436
6014 110
6015 215
6016 151
6017 284
6018 122
6019 244
6020 135
6021 138
6022 1509
6023 177
6024 149
6025 145
6026 111
6027 110
6028 112
6029 3016
6030 123
6031 118
6032 204
6033 1008
6034 229
6035 113
6036 263
6037 3020
6038 1511
6039 110
6040 115
6041 438
6042 117
6043 3022
6044 763
6045 111
6046 1513
6047 3024
6048 126
6049 154
6050 110
6051 1014
6052 112
6053 3028
6054 510
6055 121
6056 386
6057 345
6058 142
6059 114
6060 110
6061 133
6062 230
6063 111
6064 205
6065 611
6066 186
6067 3034
6068 168
6069 110
6070 313
6071 246
6072 122
6073 3045
6074 1520
6075 112
6076 136
6077 110
6078 512
6079 3040
6080 111
6081 1016
6082 1522
6083 116
6084 110
6085 613
6086 123
6087 1017
6088 388
6089 3049
6090 110
6091 3046
6092 765
6093 347
6094 160
6095 110
6096 111
6097 112
6098 1532
6099 110
6100 130
6101 3052
6102 110
6103 196
6104 110
6105 110
6106 121
6107 129
6108 266
6109 115
6110 126
6111 111
6112 127
6113 3064
6114 515
6115 616
6116 113
6117 1022
6118 112
6119 134
6120 114
6121 3065
6122 1532
6123 117
6124 769
6125 111
6126 516
6127 289
6128 207
6129 140
6130 316
6131 3066
6132 120
6133 3068
6134 1537
6135 219
6136 133
6137 180
6138 111
6139 445
6140 173
6141 113
6142 115
6143 3072
6144 2049
6145 619
6146 247
6147 350
6148 142
6149 114
6150 111
6151 3076
6152 400
6153 167
6154 124
6155 630
6156 116
6157 112
6158 1541
6159 1032
6160 118
6161 111
6162 117
6163 3082
6164 125
6165 113
6166 1543
6167 447
6168 152
6169 130
6170 318
6171 111
6172 775
6173 3088
6174 115
6175 112
6176 128
6177 114
6178 1546
6179 120
6180 111
6181 448
6182 162
6183 141
6184 394
6185 623
6186 521
6187 157
6188 111
6189 1034
6190 319
6191 116
6192 112
6193 292
6194 119
6195 111
6196 778
6197 3100
6198 522
6199 3100
6200 117
6201 111
6202 235
6203 3102
6204 114
6205 115
6206 111
6207 1037
6208 112
6209 450
6210 111
6211 3106
6212 784
6213 111
6214 145
6215 111
6216 111
6217 3115
6218 1556
6219 354
6220 175
6221 3112
6222 125
6223 112
6224 210
6225 116
6226 163
6227 252
6228 122
6229 3116
6230 114
6231 113
6232 172
6233 158
6234 531
6235 115
6236 783
6237 112
6238 1561
6239 200
6240 128
6241 118
6242 1562
6243 1043
6244 139
6245 629
6246 191
6247 3124
6248 123
6249 1044
6250 112
6251 113
6252 272
6253 121
6254 135
6255 114
6256 211
6257 3133
6258 116
6259 295
6260 176
6261 1046
6262 112
6263 3132
6264 115
6265 124
6266 146
6267 1050
6268 791
6269 3136
6270 113
6271 3136
6272 152
6273 112
6274 1570
6275 150
6276 273
6277 3140
6278 122
6279 114
6280 118
6281 296
6282 192
6283 112
6284 789
6285 224
6286 238
6287 3144
6288 113
6289 184
6290 116
6291 143
6292 112
6293 132
6294 530
6295 634
6296 409
6297 1052
6298 127
6299 3150
6300 112
6301 3152
6302 114
6303 128
6304 130
6305 113
6306 537
6307 112
6308 117
6309 359
6310 325
6311 3156
6312 155
6313 112
6314 120
6315 225
6316 793
6317 3160
6318 112
6319 115
6320 119
6321 113
6322 112
6323 3162
6324 149
6325 112
6326 1583
6327 112
6328 112
6329 3172
6330 135
6331 256
6332 799
6333 1058
6334 1585
6335 125
6336 113
6337 3177
6338 1586
6339 1059
6340 178
6341 203
6342 117
6343 3172
6344 134
6345 114
6346 121
6347 299
6348 126
6349 460
6350 113
6351 116
6352 214
6353 3183
6354 194
6355 118
6356 141
6357 120
6358 127
6359 3180
6360 119
6361 3185
6362 1592
6363 113
6364 169
6365 114
6366 536
6367 3184
6368 163
6369 129
6370 115
6371 161
6372 124
6373 3188
6374 1595
6375 113
6376 406
6377 462
6378 543
6379 3190
6380 116
6381 363
6382 1597
6383 258
6384 114
6385 643
6386 113
6387 1067
6388 802
6389 3196
6390 125
6391 118
6392 159
6393 1068
6394 115
6395 644
6396 113
6397 3200
6398 242
6399 119
6400 268
6401 123
6402 114
6403 187
6404 804
6405 113
6406 1605
6407 117
6408 116
6409 139
6410 330
6411 1071
6412 142
6413 113
6414 546
6415 646
6416 216
6417 115
6418 1608
6419 114
6420 113
6421 3212
6422 122
6423 1073
6424 124
6425 178
6426 113
6427 3214
6428 807
6429 1074
6430 331
6431 113
6432 129
6433 466
6434 1610
6435 113
6436 808
6437 160
6438 113
6439 160
6440 113
6441 113
6442 1612
6443 206
6444 125
6445 649
6446 168
6447 174
6448 217
6449 3232
6450 114
6451 3226
6452 810
6453 146
6454 244
6455 660
6456 158
6457 304
6458 1616
6459 1079
6460 115
6461 116
6462 197
6463 163
6464 114
6465 230
6466 136
6467 140
6468 117
6469 3236
6470 333
6471 368
6472 412
6473 3241
6474 119
6475 124
6476 813
6477 114
6478 121
6479 135
6480 115
6481 3245
6482 245
6483 1086
6484 814
6485 653
6486 116
6487 262
6488 413
6489 114
6490 139
6491 3246
6492 282
6493 118
6494 129
6495 231
6496 133
6497 117
6498 123
6499 115
6500 114
6501 131
6502 1629
6503 471
6504 159
6505 655
6506 1628
6507 147
6508 817
6509 164
6510 114
6511 208
6512 194
6513 122
6514 1630
6515 656
6516 126
6517 115
6518 1631
6519 114
6520 121
6521 3268
6522 549
6523 307
6524 144
6525 117
6526 151
6527 114
6528 153
6529 3269
6530 336
6531 176
6532 127
6533 162
6534 114
6535 658
6536 173
6537 1092
6538 247
6539 264
6540 114
6541 136
6542 1637
6543 390
6544 220
6545 114
6546 551
6547 3274
6548 822
6549 114
6550 115
6551 3276
6552 114
6553 3283
6554 114
6555 114
6556 118
6557 120
6558 552
6559 475
6560 134
6561 121
6562 130
6563 3282
6564 285
6565 115
6566 131
6567 132
6568 426
6569 3289
6570 126
6571 3286
6572 150
6573 177
6574 124
6575 156
6576 116
6577 3295
6578 152
6579 115
6580 145
6581 3292
6582 554
6583 142
6584 419
6585 234
6586 118
6587 477
6588 127
6589 310
6590 339
6591 123
6592 115
6593 192
6594 120
6595 664
6596 116
6597 375
6598 1651
6599 3300
6600 122
6601 121
6602 1652
6603 128
6604 115
6605 665
6606 201
6607 3304
6608 141
6609 1104
6610 340
6611 311
6612 119
6613 211
6614 1657
6615 115
6616 421
6617 267
6618 557
6619 3310
6620 185
6621 1106
6622 124
6623 126
6624 130
6625 115
6626 1658
6627 117
6628 832
6629 480
6630 120
6631 193
6632 422
6633 116
6634 115
6635 668
6636 123
6637 3320
6638 1661
6639 1109
6640 121
6641 143
6642 115
6643 118
6644 119
6645 236
6646 1665
6647 167
6648 162
6649 115
6650 116
6651 378
6652 839
6653 3328
6654 560
6655 115
6656 518
6657 179
6658 1666
6659 3330
6660 115
6661 3332
6662 1667
6663 1116
6664 115
6665 120
6666 116
6667 115
6668 837
6669 115
6670 115
6671 483
6672 117
6673 3345
6674 129
6675 119
6676 838
6677 314
6678 121
6679 3340
6680 123
6681 116
6682 154
6683 122
6684 290
6685 130
6686 1673
6687 380
6688 136
6689 3351
6690 141
6691 3346
6692 147
6693 117
6694 1677
6695 116
6696 118
6697 127
6698 132
6699 120
6700 133
6701 3352
6702 564
6703 3352
6704 225
6705 119
6706 253
6707 195
6708 116
6709 3356
6710 140
6711 1121
6712 427
6713 117
6714 204
6715 121
6716 128
6717 1122
6718 1681
6719 3360
6720 116
6721 118
6722 1684
6723 122
6724 184
6725 159
6726 126
6727 139
6728 246
6729 1124
6730 346
6731 116
6732 117
6733 3368
6734 119
6735 239
6736 226
6737 3373
6738 567
6739 169
6740 188
6741 116
6742 1687
6743 317
6744 164
6745 118
6746 1688
6747 125
6748 148
6749 215
6750 116
6751 121
6752 137
6753 1128
6754 175
6755 131
6756 293
6757 145
6758 116
6759 384
6760 124
6761 3385
6762 119
6763 3382
6764 120
6765 116
6766 133
6767 117
6768 118
6769 490
6770 348
6771 116
6772 850
6773 273
6774 570
6775 160
6776 116
6777 152
6778 1696
6779 3390
6780 116
6781 3392
6782 1697
6783 116
6784 154
6785 116
6786 116
6787 319
6788 856
6789 119
6790 118
6791 3396
6792 165
6793 3401
6794 125
6795 120
6796 853
6797 492
6798 117
6799 274
6800 122
6801 1136
6802 127
6803 3402
6804 124
6805 685
6806 123
6807 1140
6808 202
6809 320
6810 143
6811 118
6812 117
6813 387
6814 1705
6815 119
6816 131
6817 217
6818 257
6819 1139
6820 121
6821 198
6822 207
6823 3412
6824 434
6825 117
6826 1708
6827 3414
6828 296
6829 3416
6830 351
6831 118
6832 142
6833 3426
6834 134
6835 688
6836 858
6837 117
6838 157
6839 495
6840 119
6841 3427
6842 177
6843 1143
6844 145
6845 129
6846 123
6847 124
6848 117
6849 389
6850 118
6851 141
6852 297
6853 121
6854 120
6855 243
6856 436
6857 3436
6858 117
6859 199
6860 150
6861 1146
6862 130
6863 3432
6864 119
6865 691
6866 1718
6867 117
6868 118
6869 3436
6870 144
6871 3436
6872 437
6873 122
6874 259
6875 117
6876 131
6877 195
6878 128
6879 1152
6880 139
6881 498
6882 117
6883 3442
6884 864
6885 118
6886 178
6887 132
6888 117
6889 124
6890 138
6891 1151
6892 865
6893 117
6894 209
6895 133
6896 231
6897 117
6898 1726
6899 3450
6900 117
6901 118
6902 117
6903 117
6904 447
6905 695
6906 581
6907 3454
6908 166
6909 119
6910 355
6911 3456
6912 269
6913 142
6914 1734
6915 245
6916 118
6917 3460
6918 582
6919 130
6920 126
6921 393
6922 1732
6923 123
6924 300
6925 163
6926 1733
6927 1157
6928 232
6929 125
6930 118
6931 148
6932 870
6933 1158
6934 1737
6935 120
6936 161
6937 502
6938 1736
6939 155
6940 193
6941 326
6942 122
6943 118
6944 140
6945 246
6946 121
6947 3474
6948 132
6949 3476
6950 119
6951 186
6952 127
6953 221
6954 129
6955 118
6956 171
6957 395
6958 133
6959 3480
6960 120
6961 3485
6962 147
6963 138
6964 874
6965 134
6966 118
6967 3484
6968 204
6969 119
6970 124
6971 3486
6972 125
6973 202
6974 180
6975 121
6976 118
6977 3493
6978 587
6979 505
6980 194
6981 128
6982 1747
6983 3492
6984 169
6985 118
6986 263
6987 119
6988 877
6989 149
6990 146
6991 3496
6992 234
6993 118
6994 160
6995 704
6996 123
6997 3500
6998 1753
6999 1169
7000 118
7001 3508
7002 212
7003 168
7004 119
7005 248
7006 118
7007 120
7008 132
7009 124
7010 360
7011 118
7012 880
7013 3508
7014 125
7015 118
7016 446
7017 1172
7018 118
7019 3510
7020 118
7021 118
7022 1757
7023 1179
7024 235
7025 165
7026 591
7027 3514
7028 153
7029 120
7030 121
7031 123
7032 170
7033 283
7034 1760
7035 119
7036 887
7037 144
7038 122
7039 3520
7040 155
7041 1176
7042 265
7043 3522
7044 305
7045 709
7046 161
7047 124
7048 448
7049 119
7050 120
7051 331
7052 185
7053 1178
7054 1765
7055 125
7056 121
7057 3535
7058 1766
7059 129
7060 196
7061 176
7062 119
7063 511
7064 449
7065 123
7066 1768
7067 132
7068 122
7069 3536
7070 120
7071 1181
7072 142
7073 332
7074 119
7075 166
7076 146
7077 189
7078 1773
7079 3540
7080 128
7081 121
7082 1772
7083 402
7084 124
7085 119
7086 596
7087 205
7088 237
7089 120
7090 364
7091 513
7092 134
7093 127
7094 1777
7095 119
7096 451
7097 122
7098 123
7099 145
7100 135
7101 158
7102 139
7103 3552
7104 119
7105 121
7106 131
7107 120
7108 892
7109 3556
7110 129
7111 286
7112 119
7113 1188
7114 1780
7115 716
7116 308
7117 334
7118 1781
7119 119
7120 124
7121 3567
7122 599
7123 226
7124 120
7125 119
7126 268
7127 3564
7128 121
7129 3569
7130 119
7131 1203
7132 895
7133 516
7134 119
7135 728
7136 143
7137 119
7138 127
7139 119
7140 119
7141 133
7142 1787
7143 1193
7144 175
7145 719
7146 216
7147 517
7148 897
7149 1194
7150 121
7151 3576
7152 122
7153 178
7154 134
7155 120
7156 898
7157 227
7158 602
7159 3580
7160 129
7161 123
7162 1792
7163 152
7164 135
7165 721
7166 1793
7167 1200
7168 1027
7169 120
7170 149
7171 121
7172 125
7173 407
7174 173
7175 128
7176 138
7177 3596
7178 122
7179 1199
7180 199
7181 126
7182 120
7183 337
7184 240
7185 254
7186 1798
7187 3594
7188 311
7189 124
7190 369
7191 121
7192 247
7193 3603
7194 120
7195 724
7196 156
7197 1202
7198 148
7199 179
7200 133
7201 208
7202 164
7203 122
7204 908
7205 120
7206 612
7207 3604
7208 215
7209 125
7210 121
7211 3606
7212 312
7213 3608
7214 1805
7215 120
7216 196
7217 522
7218 218
7219 3610
7220 123
7221 128
7222 124
7223 147
7224 120
7225 127
7226 1808
7227 122
7228 121
7229 3616
7230 150
7231 523
7232 120
7233 1208
7234 1812
7235 728
7236 136
7237 3620
7238 132
7239 120
7240 130
7241 291
7242 137
7243 3622
7244 909
7245 120
7246 1813
7247 3624
7248 123
7249 340
7250 120
7251 1211
7252 157
7253 3628
7254 120
7255 730
7256 461
7257 120
7258 133
7259 120
7260 120
7261 121
7262 1817
7263 161
7264 145
7265 731
7266 128
7267 127
7268 131
7269 1214
7270 373
7271 341
7272 122
7273 526
7274 1820
7275 134
7276 121
7277 210
7278 612
7279 154
7280 125
7281 413
7282 187
7283 3642
7284 327
7285 124
7286 1823
7287 194
7288 463
7289 135
7290 121
7291 181
7292 919
7293 122
7294 274
7295 734
7296 156
7297 3653
7298 126
7299 414
7300 136
7301 123
7302 614
7303 121
7304 129
7305 258
7306 166
7307 3654
7308 127
7309 3656
7310 128
7311 1221
7312 244
7313 122
7314 125
7315 121
7316 153
7317 162
7318 1833
7319 294
7320 131
7321 3665
7322 275
7323 1223
7324 919
7325 171
7326 121
7327 232
7328 146
7329 195
7330 376
7331 3666
7332 122
7333 3668
7334 134
7335 126
7336 121
7337 155
7338 617
7339 130
7340 203
7341 1226
7342 1837
7343 531
7344 124
7345 121
7346 1838
7347 125
7348 127
7349 3676
7350 122
7351 3676
7352 467
7353 121
7354 1840
7355 740
7356 318
7357 532
7358 167
7359 144
7360 121
7361 233
7362 222
7363 136
7364 159
7365 260
7366 121
7367 122
7368 177
7369 3689
7370 143
7371 121
7372 124
7373 123
7374 620
7375 121
7376 246
7377 1232
7378 121
7379 125
7380 121
7381 121
7382 1849
7383 122
7384 139
7385 140
7386 621
7387 127
7388 927
7389 419
7390 379
7391 213
7392 134
7393 3703
7394 1850
7395 123
7396 193
7397 297
7398 122
7399 124
7400 132
7401 1236
7402 1852
7403 347
7404 320
7405 745
7406 126
7407 420
7408 247
7409 150
7410 125
7411 3706
7412 122
7413 197
7414 190
7415 746
7416 123
7417 3715
7418 1856
7419 1245
7420 160
7421 131
7422 630
7423 298
7424 270
7425 122
7426 133
7427 537
7428 321
7429 184
7430 381
7431 1241
7432 472
7433 3721
7434 130
7435 748
7436 123
7437 122
7438 1861
7439 129
7440 125
7441 538
7442 152
7443 422
7444 934
7445 749
7446 138
7447 349
7448 122
7449 134
7450 124
7451 3726
7452 132
7453 157
7454 1865
7455 123
7456 148
7457 3735
7458 122
7459 3730
7460 206
7461 423
7462 127
7463 236
7464 179
7465 751
7466 1868
7467 122
7468 937
7469 125
7470 131
7471 151
7472 249
7473 123
7474 198
7475 122
7476 128
7477 3740
7478 1873
7479 192
7480 130
7481 3745
7482 122
7483 541
7484 939
7485 264
7486 136
7487 3744
7488 122
7489 3749
7490 123
7491 146
7492 940
7493 122
7494 630
7495 754
7496 476
7497 122
7498 127
7499 3750
7500 122
7501 301
7502 122
7503 122
7504 145
7505 126
7506 123
7507 3754
7508 942
7509 1254
7510 385
7511 138
7512 180
7513 352
7514 144
7515 128
7516 943
7517 3760
7518 131
7519 124
7520 149
7521 123
7522 1882
7523 3762
7524 125
7525 130
7526 141
7527 135
7528 486
7529 3774
7530 155
7531 238
7532 162
7533 127
7534 1885
7535 123
7536 126
7537 3773
7538 1890
7539 200
7540 124
7541 3772
7542 227
7543 217
7544 204
7545 266
7546 136
7547 3774
7548 123
7549 3776
7550 125
7551 428
7552 157
7553 128
7554 635
7555 760
7556 948
7557 147
7558 1893
7559 3780
7560 123
7561 3787
7562 137
7563 1263
7564 154
7565 129
7566 126
7567 127
7568 197
7569 130
7570 388
7571 123
7572 327
7573 3788
7574 284
7575 125
7576 489
7577 3793
7578 228
7579 124
7580 209
7581 123
7582 145
7583 3792
7584 150
7585 133
7586 1900
7587 167
7588 163
7589 3796
7590 123
7591 3796
7592 140
7593 1268
7594 1900
7595 126
7596 141
7597 124
7598 123
7599 125
7600 127
7601 356
7602 132
7603 3802
7604 954
7605 123
7606 1905
7607 3804
7608 182
7609 550
7610 390
7611 123
7612 130
7613 188
7614 124
7615 766
7616 123
7617 1272
7618 172
7619 219
7620 123
7621 3812
7622 199
7623 123
7624 484
7625 123
7626 123
7627 160
7628 957
7629 1274
7630 124
7631 306
7632 127
7633 241
7634 195
7635 269
7636 133
7637 552
7638 138
7639 3820
7640 135
7641 168
7642 1912
7643 3822
7644 125
7645 124
7646 1913
7647 1277
7648 151
7649 3829
7650 126
7651 553
7652 960
7653 1278
7654 130
7655 770
7656 131
7657 154
7658 287
7659 124
7660 211
7661 128
7662 644
7663 127
7664 255
7665 125
7666 1918
7667 134
7668 142
7669 3836
7670 150
7671 1281
7672 124
7673 3843
7674 657
7675 178
7676 126
7677 453
7678 196
7679 555
7680 519
7681 3847
7682 129
7683 137
7684 124
7685 125
7686 133
7687 3844
7688 263
7689 149
7690 394
7691 3846
7692 332
7693 127
7694 1925
7695 124
7696 226
7697 132
7698 647
7699 3850
7700 131
7701 126
7702 1927
7703 3852
7704 125
7705 124
7706 1928
7707 204
7708 187
7709 309
7710 158
7711 361
7712 152
7713 437
7714 124
7715 776
7716 333
7717 3860
7718 147
7719 129
7720 136
7721 558
7722 124
7723 3862
7724 969
7725 126
7726 1933
7727 3864
7728 128
7729 124
7730 396
7731 447
7732 970
7733 141
7734 650
7735 124
7736 491
7737 1292
7738 142
7739 125
7740 124
7741 3872
7742 137
7743 131
7744 124
7745 779
7746 651
7747 124
7748 178
7749 124
7750 124
7751 191
7752 164
7753 3885
7754 1940
7755 125
7756 166
7757 3880
7758 233
7759 3880
7760 128
7761 138
7762 1946
7763 561
7764 335
7765 781
7766 198
7767 440
7768 493
7769 245
7770 125
7771 223
7772 149
7773 1298
7774 130
7775 180
7776 136
7777 127
7778 1952
7779 1302
7780 214
7781 156
7782 660
7783 133
7784 125
7785 131
7786 148
7787 312
7788 132
7789 3896
7790 129
7791 126
7792 259
7793 3903
7794 234
7795 784
7796 978
7797 125
7798 292
7799 365
7800 137
7801 163
7802 135
7803 127
7804 979
7805 146
7806 656
7807 142
7808 158
7809 125
7810 169
7811 126
7812 130
7813 313
7814 1955
7815 275
7816 496
7817 3913
7818 657
7819 565
7820 125
7821 128
7822 1957
7823 3912
7824 129
7825 181
7826 131
7827 1307
7828 127
7829 3916
7830 125
7831 136
7832 132
7833 207
7834 1960
7835 788
7836 338
7837 247
7838 1961
7839 125
7840 154
7841 3927
7842 659
7843 157
7844 174
7845 276
7846 1965
7847 125
7848 126
7849 177
7850 128
7851 1314
7852 127
7853 3928
7854 125
7855 790
7856 261
7857 129
7858 1972
7859 164
7860 125
7861 575
7862 1969
7863 1313
7864 499
7865 125
7866 131
7867 3934
7868 168
7869 125
7870 403
7871 248
7872 125
7873 3941
7874 125
7875 125
7876 133
7877 3940
7878 128
7879 3940
7880 138
7881 126
7882 295
7883 3942
7884 144
7885 130
7886 1973
7887 152
7888 262
7889 129
7890 161
7891 316
7892 990
7893 447
7894 1977
7895 794
7896 126
7897 127
7898 201
7899 1319
7900 139
7901 3952
7902 237
7903 571
7904 155
7905 128
7906 151
7907 3954
7908 341
7909 370
7910 126
7911 173
7912 205
7913 137
7914 665
7915 796
7916 993
7917 132
7918 127
7919 3960
7920 129
7921 133
7922 150
7923 126
7924 169
7925 183
7926 666
7927 3964
7928 503
7929 449
7930 154
7931 128
7932 342
7933 3968
7934 1985
7935 126
7936 271
7937 3973
7938 127
7939 250
7940 218
7941 1326
7942 142
7943 131
7944 189
7945 148
7946 126
7947 450
7948 997
7949 3976
7950 129
7951 3976
7952 147
7953 153
7954 130
7955 135
7956 126
7957 127
7958 132
7959 210
7960 139
7961 228
7962 669
7963 3982
7964 134
7965 126
7966 298
7967 159
7968 137
7969 319
7970 408
7971 1331
7972 1000
7973 126
7974 239
7975 127
7976 506
7977 1332
7978 1996
7979 129
7980 126
7981 196
7982 179
7983 452
7984 265
7985 808
7986 126
7987 130
7988 1002
7989 1334
7990 136
7991 126
7992 127
7993 4001
7994 299
7995 126
7996 1003
7997 374
7998 126
7999 229
8000 126
8001 126
8002 2002
8003 128
8004 135
8005 805
8006 2005
8007 180
8008 127
8009 4011
8010 134
8011 4006
8012 1005
8013 1338
8014 2005
8015 149
8016 131
8017 4016
8018 143
8019 130
8020 220
8021 321
8022 137
8023 127
8024 165
8025 128
8026 2008
8027 197
8028 183
8029 145
8030 146
8031 1344
8032 157
8033 167
8034 129
8035 808
8036 188
8037 127
8038 2011
8039 4020
8040 140
8041 136
8042 2012
8043 212
8044 1009
8045 809
8046 128
8047 322
8048 267
8049 1344
8050 127
8051 131
8052 135
8053 4028
8054 2015
8055 134
8056 178
8057 582
8058 141
8059 4030
8060 129
8061 1346
8062 127
8063 388
8064 159
8065 811
8066 128
8067 1347
8068 1012
8069 4036
8070 164
8071 583
8072 512
8073 127
8074 205
8075 132
8076 348
8077 139
8078 302
8079 1349
8080 130
8081 4045
8082 242
8083 127
8084 195
8085 128
8086 181
8087 4044
8088 192
8089 4052
8090 414
8091 133
8092 127
8093 4048
8094 144
8095 814
8096 158
8097 1352
8098 2026
8099 134
8100 127
8101 4052
8102 2029
8103 128
8104 514
8105 815
8106 138
8107 127
8108 1017
8109 129
8110 415
8111 4056
8112 132
8113 127
8114 2034
8115 285
8116 1018
8117 4060
8118 127
8119 199
8120 128
8121 1356
8122 127
8123 4062
8124 350
8125 127
8126 153
8127 127
8128 127
8129 380
8130 165
8131 133
8132 129
8133 1358
8134 139
8135 818
8136 128
8137 130
8138 182
8139 1359
8140 136
8141 588
8142 134
8143 256
8144 270
8145 135
8146 2040
8147 4074
8148 132
8149 169
8150 131
8151 128
8152 517
8153 162
8154 129
8155 151
8156 1023
8157 1362
8158 2041
8159 181
8160 138
8161 4085
8162 144
8163 462
8164 182
8165 128
8166 686
8167 4084
8168 518
8169 215
8170 133
8171 4086
8172 149
8173 382
8174 155
8175 129
8176 148
8177 147
8178 128
8179 4090
8180 224
8181 131
8182 2047
8183 132
8184 134
8185 823
8186 2048
8187 1367
8188 136
8189 234
8190 128
8191 4096
8192 0
8193 1368
8194 154
8195 129
8196 353
8197 592
8198 2051
8199 464
8200 142
8201 128
8202 689
8203 328
8204 174
8205 303
8206 208
8207 170
8208 133
8209 4109
8210 420
8211 128
8212 1030
8213 138
8214 129
8215 130
8216 143
8217 132
8218 307
8219 4110
8220 128
8221 4112
8222 2057
8223 1373
8224 160
8225 134
8226 246
8227 235
8228 128
8229 144
8230 421
8231 4116
8232 129
8233 4123
8234 135
8235 128
8236 151
8237 4120
8238 692
8239 130
8240 131
8241 128
8242 184
8243 4122
8244 150
8245 133
8246 128
8247 1380
8248 523
8249 129
8250 128
8251 148
8252 1039
8253 128
8254 2065
8255 128
8256 128
8257 202
8258 2066
8259 1379
8260 169
8261 386
8262 130
8263 4132
8264 532
8265 129
8266 2068
8267 597
8268 131
8269 4136
8270 423
8271 468
8272 199
8273 4141
8274 140
8275 190
8276 1038
8277 135
8278 2073
8279 260
8280 129
8281 133
8282 132
8283 158
8284 130
8285 833
8286 696
8287 4144
8288 161
8289 180
8290 424
8291 4146
8292 357
8293 4148
8294 129
8295 131
8296 166
8297 4155
8298 248
8299 139
8300 141
8301 1386
8302 310
8303 203
8304 134
8305 130
8306 2080
8307 129
8308 157
8309 600
8310 168
8311 4156
8312 527
8313 132
8314 2080
8315 836
8316 133
8317 4160
8318 2081
8319 129
8320 160
8321 131
8322 147
8323 142
8324 1044
8325 130
8326 136
8327 389
8328 197
8329 4169
8330 129
8331 1391
8332 1045
8333 333
8334 249
8335 838
8336 276
8337 219
8338 211
8339 165
8340 129
8341 238
8342 215
8343 143
8344 130
8345 839
8346 131
8347 262
8348 1051
8349 129
8350 133
8351 603
8352 139
8353 4184
8354 2090
8355 293
8356 1048
8357 129
8358 141
8359 334
8360 135
8361 473
8362 130
8363 4182
8364 129
8365 154
8366 138
8367 1397
8368 277
8369 4191
8370 129
8371 391
8372 132
8373 1398
8374 145
8375 129
8376 198
8377 4193
8378 153
8379 129
8380 229
8381 173
8382 129
8383 133
8384 129
8385 129
8386 313
8387 4194
8388 152
8389 4196
8390 429
8391 1404
8392 532
8393 131
8394 705
8395 130
8396 1053
8397 182
8398 148
8399 150
8400 132
8401 166
8402 2110
8403 1403
8404 139
8405 143
8406 251
8407 607
8408 533
8409 1404
8410 130
8411 336
8412 362
8413 136
8414 314
8415 131
8416 163
8417 240
8418 137
8419 4210
8420 230
8421 221
8422 2109
8423 4212
8424 130
8425 218
8426 213
8427 132
8428 178
8429 4216
8430 170
8431 4216
8432 279
8433 477
8434 2110
8435 155
8436 131
8437 130
8438 2111
8439 135
8440 145
8441 206
8442 142
8443 4222
8444 1059
8445 296
8446 133
8447 4224
8448 272
8449 130
8450 134
8451 183
8452 1064
8453 132
8454 710
8455 136
8456 131
8457 1412
8458 2116
8459 395
8460 130
8461 4232
8462 2117
8463 137
8464 280
8465 851
8466 143
8467 4234
8468 152
8469 479
8470 130
8471 141
8472 200
8473 188
8474 149
8475 131
8476 133
8477 135
8478 186
8479 130
8480 164
8481 161
8482 2126
8483 266
8484 134
8485 853
8486 2123
8487 130
8488 546
8489 339
8490 171
8491 613
8492 140
8493 131
8494 130
8495 854
8496 136
8497 175
8498 317
8499 1422
8500 130
8501 4252
8502 132
8503 397
8504 539
8505 130
8506 2128
8507 137
8508 366
8509 130
8510 131
8511 1421
8512 130
8513 4267
8514 130
8515 130
8516 1068
8517 134
8518 2133
8519 615
8520 146
8521 4267
8522 2132
8523 482
8524 1069
8525 132
8526 131
8527 4264
8528 282
8529 1424
8530 436
8531 243
8532 147
8533 133
8534 159
8535 299
8536 136
8537 4276
8538 717
8539 4270
8540 170
8541 131
8542 2137
8543 4272
8544 140
8545 859
8546 2138
8547 132
8548 1076
8549 134
8550 135
8551 268
8552 542
8553 1428
8554 139
8555 131
8556 138
8557 142
8558 216
8559 185
8560 133
8561 618
8562 719
8563 4282
8564 1074
8565 300
8566 2145
8567 342
8568 131
8569 145
8570 438
8571 1431
8572 1075
8573 4288
8574 720
8575 136
8576 161
8577 485
8578 2150
8579 209
8580 131
8581 4292
8582 320
8583 1433
8584 250
8585 143
8586 133
8587 169
8588 132
8589 225
8590 439
8591 131
8592 137
8593 343
8594 2152
8595 140
8596 181
8597 4300
8598 722
8599 4300
8600 147
8601 131
8602 139
8603 621
8604 155
8605 865
8606 191
8607 132
8608 166
8609 4309
8610 131
8611 133
8612 1080
8613 136
8614 154
8615 866
8616 203
8617 622
8618 131
8619 135
8620 235
8621 153
8622 257
8623 4312
8624 150
8625 131
8626 151
8627 4314
8628 371
8629 4316
8630 441
8631 131
8632 145
8633 137
8634 725
8635 184
8636 131
8637 1442
8638 322
8639 134
8640 131
8641 4325
8642 132
8643 131
8644 1084
8645 131
8646 131
8647 4324
8648 207
8649 139
8650 136
8651 146
8652 135
8653 271
8654 2165
8655 303
8656 286
8657 404
8658 132
8659 625
8660 236
8661 1446
8662 157
8663 4332
8664 180
8665 871
8666 323
8667 134
8668 142
8669 4336
8670 144
8671 178
8672 167
8673 132
8674 2170
8675 198
8676 156
8677 4340
8678 2171
8679 164
8680 133
8681 4347
8682 729
8683 247
8684 135
8685 141
8686 136
8687 132
8688 138
8689 4353
8690 149
8691 1451
8692 190
8693 4348
8694 134
8695 139
8696 559
8697 150
8698 2176
8699 4350
8700 132
8701 133
8702 152
8703 492
8704 520
8705 875
8706 731
8707 4354
8708 183
8709 1454
8710 163
8711 171
8712 132
8713 4361
8714 2180
8715 135
8716 1093
8717 212
8718 732
8719 4360
8720 134
8721 133
8722 142
8723 132
8724 375
8725 199
8726 2183
8727 1457
8728 553
8729 144
8730 138
8731 4366
8732 177
8733 132
8734 220
8735 878
8736 141
8737 4375
8738 162
8739 494
8740 133
8741 4372
8742 132
8743 631
8744 554
8745 134
8746 2188
8747 4374
8748 148
8749 349
8750 132
8751 1470
8752 289
8753 4381
8754 735
8755 136
8756 143
8757 132
8758 133
8759 249
8760 149
8761 4387
8762 194
8763 132
8764 184
8765 881
8766 261
8767 409
8768 132
8769 134
8770 448
8771 138
8772 132
8773 172
8774 234
8775 132
8776 556
8777 132
8778 132
8779 4390
8780 239
8781 1466
8782 2197
8783 4392
8784 139
8785 160
8786 141
8787 137
8788 136
8789 140
8790 176
8791 133
8792 134
8793 497
8794 2200
8795 884
8796 378
8797 250
8798 147
8799 230
8800 169
8801 351
8802 135
8803 4402
8804 159
8805 308
8806 133
8807 4404
8808 207
8809 214
8810 450
8811 138
8812 1105
8813 636
8814 134
8815 145
8816 291
8817 1472
8818 2210
8819 4410
8820 133
8821 4412
8822 222
8823 137
8824 559
8825 201
8826 741
8827 139
8828 1111
8829 135
8830 451
8831 4416
8832 162
8833 133
8834 329
8835 134
8836 211
8837 4420
8838 263
8839 4420
8840 146
8841 231
8842 2212
8843 156
8844 144
8845 133
8846 2213
8847 500
8848 151
8849 4431
8850 155
8851 136
8852 1110
8853 152
8854 154
8855 134
8856 133
8857 277
8858 137
8859 1479
8860 241
8861 4432
8862 147
8863 4432
8864 170
8865 143
8866 133
8867 4434
8868 381
8869 139
8870 453
8871 1481
8872 562
8873 252
8874 134
8875 133
8876 186
8877 167
8878 142
8879 354
8880 135
8881 136
8882 2224
8883 133
8884 1114
8885 893
8886 746
8887 4444
8888 138
8889 1484
8890 133
8891 278
8892 134
8893 4448
8894 2225
8895 311
8896 133
8897 149
8898 747
8899 415
8900 144
8901 133
8902 2229
8903 182
8904 191
8905 133
8906 158
8907 1487
8908 133
8909 134
8910 133
8911 133
8912 294
8913 1488
8914 2232
8915 896
8916 383
8917 157
8918 143
8919 504
8920 151
8921 416
8922 749
8923 4462
8924 232
8925 134
8926 2233
8927 135
8928 142
8929 4471
8930 141
8931 153
8932 145
8933 4468
8934 750
8935 898
8936 566
8937 192
8938 136
8939 645
8940 134
8941 4472
8942 165
8943 168
8944 229
8945 899
8946 148
8947 217
8948 1122
8949 135
8950 139
8951 4476
8952 210
8953 653
8954 134
8955 144
8956 1127
8957 137
8958 752
8959 175
8960 273
8961 138
8962 2242
8963 4482
8964 149
8965 136
8966 2243
8967 134
8968 181
8969 4491
8970 135
8971 4486
8972 1125
8973 507
8974 334
8975 204
8976 141
8977 142
8978 167
8979 134
8980 244
8981 648
8982 267
8983 358
8984 569
8985 314
8986 2248
8987 147
8988 137
8989 139
8990 134
8991 136
8992 172
8993 218
8994 755
8995 163
8996 138
8997 1502
8998 226
8999 4500
9000 134
9001 4505
9002 335
9003 1506
9004 1129
9005 910
9006 153
9007 4504
9008 297
9009 134
9010 148
9011 4506
9012 399
9013 4508
9014 2255
9015 315
9016 192
9017 134
9018 137
9019 184
9020 146
9021 141
9022 199
9023 651
9024 134
9025 142
9026 2260
9027 135
9028 178
9029 4516
9030 134
9031 421
9032 572
9033 1508
9034 2260
9035 134
9036 161
9037 652
9038 2261
9039 134
9040 136
9041 4528
9042 134
9043 4522
9044 134
9045 134
9046 2265
9047 137
9048 147
9049 4529
9050 140
9051 236
9052 160
9053 422
9054 269
9055 910
9056 173
9057 1512
9058 337
9059 4530
9060 135
9061 151
9062 144
9063 136
9064 139
9065 141
9066 761
9067 4534
9068 1137
9069 1514
9070 473
9071 143
9072 142
9073 148
9074 200
9075 135
9076 1138
9077 185
9078 146
9079 655
9080 153
9081 513
9082 157
9083 177
9084 390
9085 136
9086 156
9087 155
9088 163
9089 135
9090 140
9091 4546
9092 1140
9093 237
9094 2275
9095 138
9096 213
9097 424
9098 2276
9099 195
9100 139
9101 258
9102 135
9103 4552
9104 300
9105 333
9106 136
9107 657
9108 141
9109 4556
9110 475
9111 1521
9112 169
9113 363
9114 135
9115 916
9116 198
9117 515
9118 142
9119 425
9120 143
9121 658
9122 2282
9123 1523
9124 1144
9125 135
9126 136
9127 4564
9128 137
9129 140
9130 151
9131 221
9132 392
9133 4568
9134 2285
9135 135
9136 301
9137 4577
9138 767
9139 160
9140 248
9141 171
9142 340
9143 152
9144 135
9145 136
9146 168
9147 1533
9148 1151
9149 660
9150 141
9151 4576
9152 135
9153 137
9154 145
9155 920
9156 138
9157 4580
9158 158
9159 135
9160 154
9161 4585
9162 272
9163 136
9164 155
9165 135
9166 2293
9167 140
9168 143
9169 139
9170 135
9171 518
9172 1150
9173 4588
9174 135
9175 208
9176 266
9177 135
9178 202
9179 135
9180 135
9181 4592
9182 2297
9183 1536
9184 175
9185 138
9186 771
9187 4594
9188 1152
9189 519
9190 469
9191 141
9192 215
9193 187
9194 2300
9195 321
9196 136
9197 287
9198 151
9199 4600
9200 137
9201 1536
9202 139
9203 4602
9204 140
9205 166
9206 2305
9207 142
9208 583
9209 4612
9210 213
9211 136
9212 192
9213 138
9214 169
9215 143
9216 1028
9217 367
9218 231
9219 240
9220 250
9221 4612
9222 137
9223 223
9224 584
9225 136
9226 343
9227 4614
9228 396
9229 430
9230 165
9231 141
9232 304
9233 666
9234 139
9235 928
9236 1158
9237 1542
9238 136
9239 4620
9240 138
9241 4628
9242 2312
9243 137
9244 1159
9245 150
9246 146
9247 667
9248 176
9249 1544
9250 136
9251 188
9252 164
9253 262
9254 344
9255 323
9256 148
9257 4633
9258 777
9259 145
9260 251
9261 136
9262 232
9263 137
9264 144
9265 139
9266 138
9267 1547
9268 193
9269 180
9270 141
9271 136
9272 182
9273 173
9274 2320
9275 140
9276 398
9277 4640
9278 2321
9279 524
9280 136
9281 4645
9282 137
9283 4642
9284 149
9285 324
9286 2325
9287 162
9288 136
9289 670
9290 474
9291 138
9292 142
9293 4648
9294 780
9295 136
9296 153
9297 525
9298 2326
9299 290
9300 137
9301 136
9302 2329
9303 242
9304 589
9305 935
9306 136
9307 154
9308 141
9309 140
9310 136
9311 4656
9312 144
9313 136
9314 2332
9315 136
9316 136
9317 137
9318 782
9319 4660
9320 156
9321 158
9322 157
9323 4662
9324 139
9325 211
9326 2333
9327 1560
9328 202
9329 264
9330 185
9331 151
9332 1170
9333 137
9334 205
9335 938
9336 218
9337 4673
9338 138
9339 174
9340 253
9341 4672
9342 140
9343 4672
9344 164
9345 141
9346 2338
9347 372
9348 137
9349 4676
9350 143
9351 528
9352 139
9353 146
9354 785
9355 940
9356 1173
9357 1562
9358 2341
9359 144
9360 138
9361 163
9362 137
9363 1566
9364 1174
9365 941
9366 153
9367 190
9368 593
9369 200
9370 478
9371 4686
9372 167
9373 148
9374 140
9375 137
9376 178
9377 4696
9378 278
9379 139
9380 173
9381 138
9382 2347
9383 437
9384 170
9385 943
9386 161
9387 137
9388 1177
9389 155
9390 186
9391 4696
9392 309
9393 143
9394 160
9395 944
9396 151
9397 4700
9398 137
9399 198
9400 157
9401 138
9402 789
9403 4702
9404 1183
9405 139
9406 2353
9407 227
9408 137
9409 145
9410 480
9411 1571
9412 142
9413 4708
9414 279
9415 169
9416 141
9417 137
9418 172
9419 4710
9420 138
9421 4712
9422 350
9423 201
9424 319
9425 137
9426 791
9427 439
9428 1182
9429 245
9430 139
9431 4716
9432 137
9433 4725
9434 150
9435 140
9436 196
9437 4720
9438 137
9439 4720
9440 179
9441 533
9442 2366
9443 137
9444 405
9445 949
9446 2365
9447 137
9448 598
9449 440
9450 137
9451 376
9452 137
9453 137
9454 139
9455 138
9456 146
9457 145
9458 2366
9459 534
9460 151
9461 4732
9462 155
9463 4732
9464 140
9465 330
9466 2368
9467 4734
9468 167
9469 295
9470 483
9471 138
9472 274
9473 4743
9474 795
9475 214
9476 143
9477 139
9478 352
9479 4740
9480 158
9481 268
9482 237
9483 141
9484 1189
9485 170
9486 138
9487 142
9488 312
9489 1584
9490 166
9491 4746
9492 140
9493 442
9494 144
9495 150
9496 601
9497 4753
9498 797
9499 139
9500 138
9501 1586
9502 2377
9503 153
9504 145
9505 960
9506 146
9507 1587
9508 1192
9509 165
9510 188
9511 4756
9512 252
9513 138
9514 169
9515 141
9516 143
9517 184
9518 2381
9519 140
9520 139
9521 4767
9522 149
9523 142
9524 1194
9525 138
9526 238
9527 687
9528 246
9529 379
9530 486
9531 203
9532 1195
9533 4768
9534 155
9535 958
9536 138
9537 144
9538 163
9539 4770
9540 139
9541 148
9542 209
9543 1596
9544 604
9545 156
9546 138
9547 4774
9548 152
9549 539
9550 145
9551 4776
9552 147
9553 157
9554 174
9555 138
9556 1198
9557 270
9558 142
9559 139
9560 159
9561 1596
9562 355
9563 138
9564 410
9565 961
9566 2393
9567 549
9568 181
9569 690
9570 138
9571 315
9572 1204
9573 1598
9574 2395
9575 216
9576 138
9577 139
9578 2396
9579 144
9580 259
9581 138
9582 804
9583 166
9584 315
9585 138
9586 2398
9587 4794
9588 138
9589 154
9590 138
9591 138
9592 142
9593 143
9594 139
9595 145
9596 1203
9597 249
9598 2401
9599 194
9600 165
9601 4807
9602 2404
9603 146
9604 199
9605 141
9606 806
9607 382
9608 608
9609 1604
9610 139
9611 700
9612 152
9613 4808
9614 150
9615 335
9616 316
9617 140
9618 156
9619 4810
9620 144
9621 543
9622 175
9623 4812
9624 224
9625 139
9626 2408
9627 1607
9628 157
9629 4816
9630 143
9631 4816
9632 182
9633 141
9634 2416
9635 149
9636 153
9637 232
9638 188
9639 139
9640 160
9641 186
9642 809
9643 4822
9644 1209
9645 336
9646 151
9647 449
9648 148
9649 4829
9650 146
9651 1611
9652 139
9653 147
9654 810
9655 970
9656 171
9657 142
9658 241
9659 384
9660 140
9661 4832
9662 2417
9663 1613
9664 139
9665 971
9666 143
9667 697
9668 1212
9669 179
9670 493
9671 273
9672 150
9673 301
9674 359
9675 139
9676 193
9677 4840
9678 812
9679 4840
9680 140
9681 251
9682 145
9683 233
9684 170
9685 139
9686 141
9687 1617
9688 142
9689 4854
9690 149
9691 451
9692 1215
9693 206
9694 139
9695 173
9696 146
9697 4855
9698 212
9699 140
9700 148
9701 143
9702 139
9703 187
9704 622
9705 338
9706 151
9707 302
9708 416
9709 139
9710 495
9711 141
9712 319
9713 452
9714 815
9715 139
9716 201
9717 140
9718 142
9719 4860
9720 139
9721 4865
9722 2432
9723 252
9724 139
9725 219
9726 816
9727 139
9728 521
9729 139
9730 139
9731 168
9732 417
9733 4868
9734 140
9735 141
9736 616
9737 144
9738 288
9739 4870
9740 263
9741 146
9742 2437
9743 4872
9744 149
9745 979
9746 243
9747 142
9748 1222
9749 4876
9750 140
9751 148
9752 210
9753 1628
9754 2440
9755 980
9756 171
9757 454
9758 141
9759 1629
9760 184
9761 156
9762 819
9763 388
9764 1228
9765 140
9766 166
9767 4884
9768 143
9769 4891
9770 498
9771 1631
9772 202
9773 197
9774 198
9775 142
9776 231
9777 1632
9778 2450
9779 140
9780 141
9781 4892
9782 170
9783 552
9784 627
9785 146
9786 158
9787 4894
9788 1227
9789 164
9790 154
9791 4896
9792 140
9793 706
9794 159
9795 341
9796 163
9797 147
9798 152
9799 160
9800 162
9801 141
9802 142
9803 4902
9804 140
9805 145
9806 2453
9807 254
9808 322
9809 305
9810 144
9811 4906
9812 155
9813 1638
9814 364
9815 140
9816 228
9817 4913
9818 2456
9819 554
9820 265
9821 141
9822 824
9823 151
9824 185
9825 140
9826 178
9827 220
9828 142
9829 4916
9830 501
9831 143
9832 630
9833 4921
9834 140
9835 175
9836 1233
9837 555
9838 2461
9839 4920
9840 141
9841 391
9842 140
9843 198
9844 145
9845 144
9846 291
9847 157
9848 623
9849 140
9850 148
9851 4926
9852 422
9853 142
9854 215
9855 140
9856 166
9857 4936
9858 141
9859 4930
9860 140
9861 143
9862 2467
9863 711
9864 140
9865 991
9866 2468
9867 140
9868 1237
9869 140
9870 140
9871 4936
9872 324
9873 557
9874 2470
9875 141
9876 423
9877 142
9878 246
9879 144
9880 151
9881 161
9882 145
9883 4942
9884 204
9885 344
9886 2473
9887 4944
9888 147
9889 190
9890 153
9891 141
9892 1240
9893 393
9894 150
9895 994
9896 626
9897 1652
9898 148
9899 279
9900 142
9901 4952
9902 2477
9903 1656
9904 325
9905 176
9906 141
9907 4954
9908 1242
9909 210
9910 505
9911 213
9912 144
9913 238
9914 2480
9915 345
9916 181
9917 152
9918 143
9919 145
9920 141
9921 1656
9922 142
9923 4962
9924 425
9925 223
9926 368
9927 560
9928 172
9929 4969
9930 195
9931 4966
9932 147
9933 141
9934 2485
9935 998
9936 151
9937 280
9938 2490
9939 1659
9940 175
9941 4972
9942 834
9943 142
9944 144
9945 141
9946 2488
9947 150
9948 426
9949 4976
9950 149
9951 146
9952 187
9953 171
9954 160
9955 145
9956 141
9957 1662
9958 217
9959 239
9960 161
9961 718
9962 180
9963 142
9964 214
9965 1001
9966 141
9967 4984
9968 156
9969 1664
9970 508
9971 143
9972 174
9973 4988
9974 2497
9975 141
9976 253
9977 464
9978 837
9979 310
9980 269
9981 563
9982 142
9983 141
9984 275
9985 1003
9986 2500
9987 1667
9988 157
9989 720
9990 141
9991 148
9992 640
9993 1668
9994 169
9995 1004
9996 141
9997 397
9998 2501
9999 149
10000 142
