1 1
2 2
3 4
4 5
5 6
6 8
7 10
8 12
9 14
10 17
11 20
12 23
13 26
14 29
15 33
16 36
17 40
18 45
19 49
20 53
21 58
22 63
23 68
24 74
25 79
26 85
27 91
28 97
29 104
30 110
31 117
32 124
33 131
34 139
35 146
36 154
37 162
38 170
39 179
40 187
41 196
42 205
43 214
44 224
45 233
46 243
47 253
48 263
49 274
50 284
51 295
52 306
53 318
54 329
55 341
56 353
57 365
58 377
59 389
60 402
61 415
62 428
63 441
64 455
65 468
66 482
67 496
68 511
69 525
70 540
71 555
72 570
73 585
74 601
75 616
76 632
77 648
78 665
79 681
80 698
81 715
82 732
83 749
84 767
85 784
86 802
87 821
88 839
89 857
90 876
91 895
92 914
93 934
94 953
95 973
96 993
97 1013
98 1033
99 1054
100 1075
101 1096
102 1117
103 1138
104 1160
105 1182
106 1204
107 1226
108 1248
109 1271
110 1294
111 1317
112 1340
113 1363
114 1387
115 1411
116 1435
117 1459
118 1483
119 1508
120 1533
121 1558
122 1583
123 1608
124 1634
125 1660
126 1686
127 1712
128 1739
129 1765
130 1792
131 1819
132 1846
133 1874
134 1902
135 1929
136 1957
137 1986
138 2014
139 2043
140 2072
141 2101
142 2130
143 2160
144 2189
145 2219
146 2249
147 2280
148 2310
149 2341
150 2372
151 2403
152 2434
153 2466
154 2497
155 2529
156 2561
157 2594
158 2626
159 2659
160 2692
161 2725
162 2758
163 2792
164 2826
165 2860
166 2894
167 2928
168 2963
169 2997
170 3032
171 3067
172 3103
173 3138
174 3174
175 3210
176 3246
177 3283
178 3319
179 3356
180 3393
181 3430
182 3468
183 3505
184 3543
185 3581
186 3619
187 3658
188 3696
189 3735
190 3774
191 3813
192 3853
193 3892
194 3932
195 3972
196 4012
197 4053
198 4093
199 4134
200 4175
201 4216
202 4258
203 4299
204 4341
205 4383
206 4426
207 4468
208 4511
209 4554
210 4597
211 4640
212 4683
213 4727
214 4771
215 4815
216 4859
217 4904
218 4948
219 4993
220 5038
221 5084
222 5129
223 5175
224 5221
225 5267
226 5313
227 5360
228 5406
229 5453
230 5500
231 5548
232 5595
233 5643
234 5691
235 5739
236 5787
237 5836
238 5885
239 5934
240 5983
241 6032
242 6082
243 6131
244 6181
245 6231
246 6282
247 6332
248 6383
249 6434
250 6485
251 6537
252 6588
253 6640
254 6692
255 6744
256 6797
257 6849
258 6902
259 6955
260 7008
261 7062
262 7115
263 7169
264 7223
265 7277
266 7332
267 7386
268 7441
269 7496
270 7551
271 7607
272 7662
273 7718
274 7774
275 7830
276 7887
277 7943
278 8000
279 8057
280 8115
281 8172
282 8230
283 8288
284 8346
285 8404
286 8462
287 8521
288 8580
289 8639
290 8698
291 8758
292 8817
293 8877
294 8937
295 8998
296 9058
297 9119
298 9180
299 9241
300 9302
301 9364
302 9425
303 9487
304 9549
305 9612
306 9674
307 9737
308 9800
309 9863
310 9926
311 9990
312 10053
313 10117
314 10181
315 10246
316 10310
317 10375
318 10440
319 10505
320 10571
321 10636
322 10702
323 10768
324 10834
325 10900
326 10967
327 11034
328 11101
329 11168
330 11235
331 11303
332 11371
333 11439
334 11507
335 11575
336 11644
337 11713
338 11782
339 11851
340 11920
341 11990
342 12060
343 12130
344 12200
345 12270
346 12341
347 12412
348 12483
349 12554
350 12625
351 12697
352 12769
353 12841
354 12913
355 12986
356 13058
357 13131
358 13204
359 13277
360 13351
361 13424
362 13498
363 13572
364 13647
365 13721
366 13796
367 13871
368 13946
369 14021
370 14097
371 14172
372 14248
373 14324
374 14401
375 14477
376 14554
377 14631
378 14708
379 14785
380 14863
381 14940
382 15018
383 15096
384 15175
385 15253
386 15332
387 15411
388 15490
389 15569
390 15649
391 15729
392 15808
393 15889
394 15969
395 16050
396 16130
397 16211
398 16292
399 16374
400 16455
401 16537
402 16619
403 16701
404 16784
405 16866
406 16949
407 17032
408 17115
409 17198
410 17282
411 17366
412 17450
413 17534
414 17618
415 17703
416 17788
417 17873
418 17958
419 18044
420 18129
421 18215
422 18301
423 18387
424 18474
425 18560
426 18647
427 18734
428 18821
429 18909
430 18996
431 19084
432 19172
433 19261
434 19349
435 19438
436 19527
437 19616
438 19705
439 19794
440 19884
441 19974
442 20064
443 20154
444 20245
445 20335
446 20426
447 20517
448 20609
449 20700
450 20792
451 20884
452 20976
453 21068
454 21161
455 21253
456 21346
457 21439
458 21533
459 21626
460 21720
461 21814
462 21908
463 22002
464 22097
465 22192
466 22287
467 22382
468 22477
469 22573
470 22668
471 22764
472 22860
473 22957
474 23053
475 23150
476 23247
477 23344
478 23442
479 23539
480 23637
481 23735
482 23833
483 23931
484 24030
485 24129
486 24228
487 24327
488 24426
489 24526
490 24626
491 24726
492 24826
493 24926
494 25027
495 25128
496 25229
497 25330
498 25432
499 25533
500 25635
501 25737
502 25839
503 25942
504 26044
505 26147
506 26250
507 26353
508 26457
509 26561
510 26664
511 26768
512 26873
513 26977
514 27082
515 27187
516 27292
517 27397
518 27503
519 27608
520 27714
521 27820
522 27926
523 28033
524 28140
525 28247
526 28354
527 28461
528 28568
529 28676
530 28784
531 28892
532 29000
533 29109
534 29218
535 29327
536 29436
537 29545
538 29655
539 29764
540 29874
541 29984
542 30095
543 30205
544 30316
545 30427
546 30538
547 30649
548 30761
549 30873
550 30985
551 31097
552 31209
553 31322
554 31435
555 31548
556 31661
557 31774
558 31888
559 32002
560 32116
561 32230
562 32344
563 32459
564 32573
565 32688
566 32804
567 32919
568 33035
569 33151
570 33267
571 33383
572 33499
573 33616
574 33733
575 33850
576 33967
577 34084
578 34202
579 34320
580 34438
581 34556
582 34674
583 34793
584 34912
585 35031
586 35150
587 35270
588 35389
589 35509
590 35629
591 35750
592 35870
593 35991
594 36112
595 36233
596 36354
597 36475
598 36597
599 36719
600 36841
601 36963
602 37086
603 37209
604 37332
605 37455
606 37578
607 37701
608 37825
609 37949
610 38073
611 38198
612 38322
613 38447
614 38572
615 38697
616 38822
617 38948
618 39073
619 39199
620 39326
621 39452
622 39578
623 39705
624 39832
625 39959
626 40087
627 40214
628 40342
629 40470
630 40598
631 40726
632 40855
633 40984
634 41113
635 41242
636 41371
637 41501
638 41631
639 41761
640 41891
641 42021
642 42152
643 42283
644 42414
645 42545
646 42676
647 42808
648 42940
649 43072
650 43204
651 43337
652 43469
653 43602
654 43735
655 43868
656 44002
657 44135
658 44269
659 44403
660 44537
661 44672
662 44807
663 44941
664 45077
665 45212
666 45347
667 45483
668 45619
669 45755
670 45891
671 46028
672 46164
673 46301
674 46438
675 46576
676 46713
677 46851
678 46989
679 47127
680 47265
681 47404
682 47542
683 47681
684 47820
685 47960
686 48099
687 48239
688 48379
689 48519
690 48659
691 48800
692 48940
693 49081
694 49223
695 49364
696 49505
697 49647
698 49789
699 49931
700 50074
701 50216
702 50359
703 50502
704 50645
705 50788
706 50932
707 51076
708 51220
709 51364
710 51508
711 51653
712 51798
713 51943
714 52088
715 52233
716 52379
717 52525
718 52671
719 52817
720 52963
721 53110
722 53257
723 53404
724 53551
725 53698
726 53846
727 53994
728 54142
729 54290
730 54439
731 54587
732 54736
733 54885
734 55034
735 55184
736 55333
737 55483
738 55633
739 55784
740 55934
741 56085
742 56236
743 56387
744 56538
745 56689
746 56841
747 56993
748 57145
749 57297
750 57450
751 57603
752 57755
753 57909
754 58062
755 58215
756 58369
757 58523
758 58677
759 58831
760 58986
761 59141
762 59296
763 59451
764 59606
765 59761
766 59917
767 60073
768 60229
769 60386
770 60542
771 60699
772 60856
773 61013
774 61170
775 61328
776 61486
777 61644
778 61802
779 61960
780 62119
781 62278
782 62436
783 62596
784 62755
785 62915
786 63074
787 63234
788 63395
789 63555
790 63716
791 63876
792 64037
793 64199
794 64360
795 64522
796 64683
797 64845
798 65008
799 65170
800 65333
801 65495
802 65658
803 65822
804 65985
805 66149
806 66313
807 66477
808 66641
809 66805
810 66970
811 67135
812 67300
813 67465
814 67631
815 67796
816 67962
817 68128
818 68294
819 68461
820 68628
821 68794
822 68962
823 69129
824 69296
825 69464
826 69632
827 69800
828 69968
829 70137
830 70305
831 70474
832 70643
833 70813
834 70982
835 71152
836 71322
837 71492
838 71662
839 71833
840 72004
841 72175
842 72346
843 72517
844 72689
845 72860
846 73032
847 73204
848 73377
849 73549
850 73722
851 73895
852 74068
853 74242
854 74415
855 74589
856 74763
857 74937
858 75111
859 75286
860 75461
861 75636
862 75811
863 75986
864 76162
865 76338
866 76514
867 76690
868 76866
869 77043
870 77220
871 77397
872 77574
873 77751
874 77929
875 78107
876 78285
877 78463
878 78641
879 78820
880 78999
881 79178
882 79357
883 79537
884 79716
885 79896
886 80076
887 80256
888 80437
889 80617
890 80798
891 80979
892 81161
893 81342
894 81524
895 81706
896 81888
897 82070
898 82252
899 82435
900 82618
901 82801
902 82984
903 83168
904 83352
905 83536
906 83720
907 83904
908 84088
909 84273
910 84458
911 84643
912 84828
913 85014
914 85200
915 85386
916 85572
917 85758
918 85945
919 86131
920 86318
921 86505
922 86693
923 86880
924 87068
925 87256
926 87444
927 87633
928 87821
929 88010
930 88199
931 88388
932 88577
933 88767
934 88957
935 89147
936 89337
937 89527
938 89718
939 89909
940 90100
941 90291
942 90482
943 90674
944 90866
945 91058
946 91250
947 91442
948 91635
949 91828
950 92021
951 92214
952 92407
953 92601
954 92795
955 92989
956 93183
957 93377
958 93572
959 93767
960 93962
961 94157
962 94353
963 94548
964 94744
965 94940
966 95136
967 95333
968 95530
969 95726
970 95924
971 96121
972 96318
973 96516
974 96714
975 96912
976 97110
977 97309
978 97507
979 97706
980 97905
981 98105
982 98304
983 98504
984 98704
985 98904
986 99104
987 99305
988 99505
989 99706
990 99907
991 100109
992 100310
993 100512
994 100714
995 100916
996 101118
997 101321
998 101524
999 101727
1000 101930
1001 102133
1002 102337
1003 102541
1004 102744
1005 102949
1006 103153
1007 103358
1008 103562
1009 103767
1010 103972
1011 104178
1012 104383
1013 104589
1014 104795
1015 105001
1016 105208
1017 105414
1018 105621
1019 105828
1020 106035
1021 106243
1022 106450
1023 106658
1024 106866
1025 107074
1026 107283
1027 107491
1028 107700
1029 107909
1030 108119
1031 108328
1032 108538
1033 108747
1034 108957
1035 109168
1036 109378
1037 109589
1038 109800
1039 110011
1040 110222
1041 110433
1042 110645
1043 110857
1044 111069
1045 111281
1046 111494
1047 111706
1048 111919
1049 112132
1050 112346
1051 112559
1052 112773
1053 112987
1054 113201
1055 113415
1056 113630
1057 113844
1058 114059
1059 114274
1060 114490
1061 114705
1062 114921
1063 115137
1064 115353
1065 115569
1066 115786
1067 116002
1068 116219
1069 116437
1070 116654
1071 116871
1072 117089
1073 117307
1074 117525
1075 117744
1076 117962
1077 118181
1078 118400
1079 118619
1080 118838
1081 119058
1082 119278
1083 119498
1084 119718
1085 119938
1086 120159
1087 120380
1088 120601
1089 120822
1090 121043
1091 121265
1092 121486
1093 121708
1094 121931
1095 122153
1096 122376
1097 122598
1098 122821
1099 123045
1100 123268
1101 123492
1102 123716
1103 123940
1104 124164
1105 124388
1106 124613
1107 124838
1108 125063
1109 125288
1110 125513
1111 125739
1112 125965
1113 126191
1114 126417
1115 126644
1116 126870
1117 127097
1118 127324
1119 127551
1120 127779
1121 128007
1122 128234
1123 128463
1124 128691
1125 128919
1126 129148
1127 129377
1128 129606
1129 129835
1130 130065
1131 130294
1132 130524
1133 130754
1134 130985
1135 131215
1136 131446
1137 131677
1138 131908
1139 132139
1140 132371
1141 132603
1142 132834
1143 133067
1144 133299
1145 133531
1146 133764
1147 133997
1148 134230
1149 134464
1150 134697
1151 134931
1152 135165
1153 135399
1154 135633
1155 135868
1156 136103
1157 136338
1158 136573
1159 136808
1160 137044
1161 137279
1162 137515
1163 137752
1164 137988
1165 138225
1166 138461
1167 138698
1168 138936
1169 139173
1170 139411
1171 139648
1172 139886
1173 140125
1174 140363
1175 140602
1176 140840
1177 141079
1178 141319
1179 141558
1180 141798
1181 142038
1182 142278
1183 142518
1184 142758
1185 142999
1186 143240
1187 143481
1188 143722
1189 143963
1190 144205
1191 144447
1192 144689
1193 144931
1194 145174
1195 145416
1196 145659
1197 145902
1198 146146
1199 146389
1200 146633
1201 146877
1202 147121
1203 147365
1204 147609
1205 147854
1206 148099
1207 148344
1208 148589
1209 148835
1210 149081
1211 149327
1212 149573
1213 149819
1214 150066
1215 150312
1216 150559
1217 150806
1218 151054
1219 151301
1220 151549
1221 151797
1222 152045
1223 152293
1224 152542
1225 152791
1226 153040
1227 153289
1228 153538
1229 153788
1230 154037
1231 154287
1232 154537
1233 154788
1234 155038
1235 155289
1236 155540
1237 155791
1238 156043
1239 156294
1240 156546
1241 156798
1242 157050
1243 157303
1244 157555
1245 157808
1246 158061
1247 158314
1248 158568
1249 158821
1250 159075
1251 159329
1252 159583
1253 159838
1254 160092
1255 160347
1256 160602
1257 160857
1258 161113
1259 161368
1260 161624
1261 161880
1262 162137
1263 162393
1264 162650
1265 162906
1266 163164
1267 163421
1268 163678
1269 163936
1270 164194
1271 164452
1272 164710
1273 164969
1274 165227
1275 165486
1276 165745
1277 166004
1278 166264
1279 166524
1280 166784
1281 167044
1282 167304
1283 167564
1284 167825
1285 168086
1286 168347
1287 168608
1288 168870
1289 169132
1290 169394
1291 169656
1292 169918
1293 170181
1294 170443
1295 170706
1296 170969
1297 171233
1298 171496
1299 171760
1300 172024
1301 172288
1302 172552
1303 172817
1304 173082
1305 173347
1306 173612
1307 173877
1308 174143
1309 174408
1310 174674
1311 174941
1312 175207
1313 175474
1314 175740
1315 176007
1316 176274
1317 176542
1318 176809
1319 177077
1320 177345
1321 177613
1322 177882
1323 178150
1324 178419
1325 178688
1326 178957
1327 179227
1328 179496
1329 179766
1330 180036
1331 180307
1332 180577
1333 180848
1334 181118
1335 181389
1336 181661
1337 181932
1338 182204
1339 182476
1340 182748
1341 183020
1342 183292
1343 183565
1344 183838
1345 184111
1346 184384
1347 184658
1348 184931
1349 185205
1350 185479
1351 185754
1352 186028
1353 186303
1354 186578
1355 186853
1356 187128
1357 187403
1358 187679
1359 187955
1360 188231
1361 188507
1362 188784
1363 189061
1364 189338
1365 189615
1366 189892
1367 190170
1368 190447
1369 190725
1370 191003
1371 191282
1372 191560
1373 191839
1374 192118
1375 192397
1376 192676
1377 192956
1378 193236
1379 193516
1380 193796
1381 194076
1382 194357
1383 194637
1384 194918
1385 195200
1386 195481
1387 195762
1388 196044
1389 196326
1390 196608
1391 196891
1392 197173
1393 197456
1394 197739
1395 198022
1396 198306
1397 198589
1398 198873
1399 199157
1400 199441
1401 199726
1402 200010
1403 200295
1404 200580
1405 200865
1406 201151
1407 201436
1408 201722
1409 202008
1410 202295
1411 202581
1412 202868
1413 203154
1414 203442
1415 203729
1416 204016
1417 204304
1418 204592
1419 204880
1420 205168
1421 205456
1422 205745
1423 206034
1424 206323
1425 206612
1426 206902
1427 207192
1428 207481
1429 207771
1430 208062
1431 208352
1432 208643
1433 208934
1434 209225
1435 209516
1436 209808
1437 210099
1438 210391
1439 210683
1440 210976
1441 211268
1442 211561
1443 211854
1444 212147
1445 212440
1446 212734
1447 213028
1448 213322
1449 213616
1450 213910
1451 214205
1452 214499
1453 214794
1454 215089
1455 215385
1456 215680
1457 215976
1458 216272
1459 216568
1460 216865
1461 217161
1462 217458
1463 217755
1464 218052
1465 218349
1466 218647
1467 218945
1468 219243
1469 219541
1470 219839
1471 220138
1472 220437
1473 220736
1474 221035
1475 221334
1476 221634
1477 221934
1478 222234
1479 222534
1480 222834
1481 223135
1482 223436
1483 223737
1484 224038
1485 224340
1486 224641
1487 224943
1488 225245
1489 225547
1490 225850
1491 226152
1492 226455
1493 226758
1494 227062
1495 227365
1496 227669
1497 227972
1498 228277
1499 228581
1500 228885
1501 229190
1502 229495
1503 229800
1504 230105
1505 230411
1506 230716
1507 231022
1508 231328
1509 231635
1510 231941
1511 232248
1512 232555
1513 232862
1514 233169
1515 233477
1516 233784
1517 234092
1518 234400
1519 234709
1520 235017
1521 235326
1522 235635
1523 235944
1524 236253
1525 236563
1526 236873
1527 237183
1528 237493
1529 237803
1530 238114
1531 238424
1532 238735
1533 239046
1534 239358
1535 239669
1536 239981
1537 240293
1538 240605
1539 240918
1540 241230
1541 241543
1542 241856
1543 242169
1544 242483
1545 242796
1546 243110
1547 243424
1548 243738
1549 244053
1550 244367
1551 244682
1552 244997
1553 245312
1554 245628
1555 245943
1556 246259
1557 246575
1558 246891
1559 247208
1560 247524
1561 247841
1562 248158
1563 248475
1564 248793
1565 249111
1566 249428
1567 249746
1568 250065
1569 250383
1570 250702
1571 251021
1572 251340
1573 251659
1574 251978
1575 252298
1576 252618
1577 252938
1578 253258
1579 253579
1580 253899
1581 254220
1582 254541
1583 254863
1584 255184
1585 255506
1586 255828
1587 256150
1588 256472
1589 256795
1590 257117
1591 257440
1592 257763
1593 258087
1594 258410
1595 258734
1596 259058
1597 259382
1598 259706
1599 260031
1600 260356
1601 260681
1602 261006
1603 261331
1604 261657
1605 261982
1606 262308
1607 262634
1608 262961
1609 263287
1610 263614
1611 263941
1612 264268
1613 264596
1614 264923
1615 265251
1616 265579
1617 265907
1618 266236
1619 266564
1620 266893
1621 267222
1622 267551
1623 267880
1624 268210
1625 268540
1626 268870
1627 269200
1628 269530
1629 269861
1630 270192
1631 270523
1632 270854
1633 271186
1634 271517
1635 271849
1636 272181
1637 272513
1638 272846
1639 273178
1640 273511
1641 273844
1642 274177
1643 274511
1644 274845
1645 275178
1646 275512
1647 275847
1648 276181
1649 276516
1650 276851
1651 277186
1652 277521
1653 277857
1654 278192
1655 278528
1656 278864
1657 279200
1658 279537
1659 279874
1660 280211
1661 280548
1662 280885
1663 281222
1664 281560
1665 281898
1666 282236
1667 282574
1668 282913
1669 283252
1670 283591
1671 283930
1672 284269
1673 284609
1674 284948
1675 285288
1676 285628
1677 285969
1678 286309
1679 286650
1680 286991
1681 287332
1682 287673
1683 288015
1684 288357
1685 288699
1686 289041
1687 289383
1688 289726
1689 290069
1690 290412
1691 290755
1692 291098
1693 291442
1694 291785
1695 292129
1696 292474
1697 292818
1698 293163
1699 293507
1700 293852
1701 294198
1702 294543
1703 294889
1704 295234
1705 295580
1706 295927
1707 296273
1708 296620
1709 296967
1710 297314
1711 297661
1712 298008
1713 298356
1714 298704
1715 299052
1716 299400
1717 299748
1718 300097
1719 300446
1720 300795
1721 301144
1722 301494
1723 301843
1724 302193
1725 302543
1726 302894
1727 303244
1728 303595
1729 303946
1730 304297
1731 304648
1732 304999
1733 305351
1734 305703
1735 306055
1736 306407
1737 306760
1738 307113
1739 307465
1740 307819
1741 308172
1742 308525
1743 308879
1744 309233
1745 309587
1746 309941
1747 310296
1748 310651
1749 311006
1750 311361
1751 311716
1752 312072
1753 312427
1754 312783
1755 313139
1756 313496
1757 313852
1758 314209
1759 314566
1760 314923
1761 315281
1762 315638
1763 315996
1764 316354
1765 316712
1766 317070
1767 317429
1768 317788
1769 318147
1770 318506
1771 318865
1772 319225
1773 319585
1774 319945
1775 320305
1776 320665
1777 321026
1778 321387
1779 321748
1780 322109
1781 322470
1782 322832
1783 323194
1784 323556
1785 323918
1786 324280
1787 324643
1788 325006
1789 325369
1790 325732
1791 326096
1792 326459
1793 326823
1794 327187
1795 327551
1796 327916
1797 328280
1798 328645
1799 329010
1800 329376
1801 329741
1802 330107
1803 330473
1804 330839
1805 331205
1806 331571
1807 331938
1808 332305
1809 332672
1810 333039
1811 333407
1812 333775
1813 334143
1814 334511
1815 334879
1816 335247
1817 335616
1818 335985
1819 336354
1820 336723
1821 337093
1822 337463
1823 337833
1824 338203
1825 338573
1826 338944
1827 339314
1828 339685
1829 340056
1830 340428
1831 340799
1832 341171
1833 341543
1834 341915
1835 342288
1836 342660
1837 343033
1838 343406
1839 343779
1840 344152
1841 344526
1842 344900
1843 345274
1844 345648
1845 346022
1846 346397
1847 346772
1848 347147
1849 347522
1850 347897
1851 348273
1852 348649
1853 349025
1854 349401
1855 349777
1856 350154
1857 350531
1858 350908
1859 351285
1860 351662
1861 352040
1862 352418
1863 352796
1864 353174
1865 353552
1866 353931
1867 354310
1868 354689
1869 355068
1870 355448
1871 355827
1872 356207
1873 356587
1874 356967
1875 357348
1876 357729
1877 358109
1878 358490
1879 358872
1880 359253
1881 359635
1882 360017
1883 360399
1884 360781
1885 361164
1886 361546
1887 361929
1888 362312
1889 362696
1890 363079
1891 363463
1892 363847
1893 364231
1894 364615
1895 365000
1896 365384
1897 365769
1898 366154
1899 366540
1900 366925
1901 367311
1902 367697
1903 368083
1904 368469
1905 368856
1906 369243
1907 369630
1908 370017
1909 370404
1910 370792
1911 371179
1912 371567
1913 371956
1914 372344
1915 372733
1916 373121
1917 373510
1918 373899
1919 374289
1920 374678
1921 375068
1922 375458
1923 375848
1924 376239
1925 376629
1926 377020
1927 377411
1928 377802
1929 378194
1930 378585
1931 378977
1932 379369
1933 379761
1934 380154
1935 380546
1936 380939
1937 381332
1938 381725
1939 382119
1940 382513
1941 382906
1942 383300
1943 383695
1944 384089
1945 384484
1946 384879
1947 385274
1948 385669
1949 386064
1950 386460
1951 386856
1952 387252
1953 387648
1954 388045
1955 388441
1956 388838
1957 389235
1958 389633
1959 390030
1960 390428
1961 390826
1962 391224
1963 391622
1964 392021
1965 392419
1966 392818
1967 393217
1968 393617
1969 394016
1970 394416
1971 394816
1972 395216
1973 395616
1974 396017
1975 396417
1976 396818
1977 397219
1978 397621
1979 398022
1980 398424
1981 398826
1982 399228
1983 399630
1984 400033
1985 400436
1986 400839
1987 401242
1988 401645
1989 402049
1990 402453
1991 402857
1992 403261
1993 403665
1994 404070
1995 404474
1996 404879
1997 405285
1998 405690
1999 406096
2000 406501
2001 406907
2002 407314
2003 407720
2004 408127
2005 408533
2006 408940
2007 409348
2008 409755
2009 410163
2010 410570
2011 410978
2012 411387
2013 411795
2014 412204
2015 412613
2016 413022
2017 413431
2018 413840
2019 414250
2020 414660
2021 415070
2022 415480
2023 415890
2024 416301
2025 416712
2026 417123
2027 417534
2028 417946
2029 418357
2030 418769
2031 419181
2032 419594
2033 420006
2034 420419
2035 420832
2036 421245
2037 421658
2038 422072
2039 422485
2040 422899
2041 423313
2042 423728
2043 424142
2044 424557
2045 424972
2046 425387
2047 425802
2048 426218
2049 426633
2050 427049
2051 427465
2052 427882
2053 428298
2054 428715
2055 429132
2056 429549
2057 429966
2058 430384
2059 430802
2060 431220
2061 431638
2062 432056
2063 432475
2064 432893
2065 433312
2066 433732
2067 434151
2068 434571
2069 434990
2070 435410
2071 435830
2072 436251
2073 436671
2074 437092
2075 437513
2076 437934
2077 438356
2078 438777
2079 439199
2080 439621
2081 440043
2082 440466
2083 440888
2084 441311
2085 441734
2086 442157
2087 442581
2088 443005
2089 443428
2090 443852
2091 444277
2092 444701
2093 445126
2094 445551
2095 445976
2096 446401
2097 446826
2098 447252
2099 447678
2100 448104
2101 448530
2102 448957
2103 449383
2104 449810
2105 450237
2106 450664
2107 451092
2108 451520
2109 451947
2110 452376
2111 452804
2112 453232
2113 453661
2114 454090
2115 454519
2116 454948
2117 455378
2118 455807
2119 456237
2120 456667
2121 457098
2122 457528
2123 457959
2124 458390
2125 458821
2126 459252
2127 459684
2128 460116
2129 460548
2130 460980
2131 461412
2132 461845
2133 462277
2134 462710
2135 463143
2136 463577
2137 464010
2138 464444
2139 464878
2140 465312
2141 465747
2142 466181
2143 466616
2144 467051
2145 467486
2146 467921
2147 468357
2148 468793
2149 469229
2150 469665
2151 470101
2152 470538
2153 470975
2154 471412
2155 471849
2156 472286
2157 472724
2158 473162
2159 473600
2160 474038
2161 474476
2162 474915
2163 475354
2164 475793
2165 476232
2166 476672
2167 477111
2168 477551
2169 477991
2170 478431
2171 478872
2172 479312
2173 479753
2174 480194
2175 480636
2176 481077
2177 481519
2178 481960
2179 482403
2180 482845
2181 483287
2182 483730
2183 484173
2184 484616
2185 485059
2186 485503
2187 485946
2188 486390
2189 486834
2190 487279
2191 487723
2192 488168
2193 488613
2194 489058
2195 489503
2196 489949
2197 490394
2198 490840
2199 491286
2200 491733
2201 492179
2202 492626
2203 493073
2204 493520
2205 493967
2206 494415
2207 494863
2208 495311
2209 495759
2210 496207
2211 496656
2212 497104
2213 497553
2214 498002
2215 498452
2216 498901
2217 499351
2218 499801
