1 3
2 4
3 8
4 14
5 32
6 34
7 41
8 42
9 46
10 47
11 49
12 53
13 58
14 63
15 66
16 67
17 69
18 71
19 76
20 79
21 82
22 86
23 89
24 90
25 100
26 101
27 102
28 110
29 113
30 117
31 124
32 129
33 141
34 151
35 159
36 168
37 175
38 178
39 183
40 186
41 192
42 195
43 205
44 216
45 217
46 219
47 232
48 241
49 247
50 250
51 252
52 253
53 255
54 258
55 261
56 263
57 265
58 271
59 284
60 293
61 297
62 298
63 309
64 310
65 313
66 321
67 330
68 331
69 335
70 341
71 344
72 352
73 355
74 360
75 362
76 365
77 367
78 372
79 373
80 387
81 396
82 404
83 405
84 419
85 429
86 432
87 436
88 439
89 440
90 441
91 464
92 467
93 470
94 479
95 482
96 485
97 502
98 503
99 507
100 515
101 527
102 540
103 541
104 544
105 546
106 547
107 557
108 560
109 570
110 571
111 574
112 575
113 580
114 582
115 583
116 586
117 590
118 592
119 594
120 595
121 596
122 599
123 605
124 608
125 609
126 612
127 613
128 630
129 635
130 643
131 647
132 648
133 663
134 668
135 669
136 674
137 682
138 694
139 695
140 700
141 701
142 705
143 717
144 718
145 720
146 723
147 725
148 737
149 742
150 744
151 746
152 749
153 756
154 758
155 760
156 766
157 767
158 768
159 778
160 779
161 782
162 786
163 790
164 795
165 800
166 802
167 808
168 814
169 827
170 832
171 841
172 842
173 843
174 844
175 845
176 846
177 848
178 858
179 861
180 865
181 870
182 874
183 885
184 888
185 893
186 896
187 899
188 900
189 907
190 911
191 924
192 945
193 953
194 955
195 962
196 964
197 966
198 968
199 969
200 971
201 973
202 978
203 986
204 987
205 988
206 989
207 998
208 1002
209 1003
210 1015
211 1020
212 1025
213 1030
214 1031
215 1033
216 1045
217 1052
218 1068
219 1075
220 1076
221 1077
222 1080
223 1085
224 1088
225 1089
226 1090
227 1091
228 1094
229 1096
230 1101
231 1103
232 1109
233 1111
234 1116
235 1118
236 1132
237 1134
238 1135
239 1140
240 1141
241 1145
242 1147
243 1149
244 1154
245 1155
246 1165
247 1171
248 1176
249 1180
250 1184
251 1188
252 1197
253 1198
254 1199
255 1207
256 1209
257 1214
258 1215
259 1230
260 1231
261 1239
262 1241
263 1246
264 1251
265 1254
266 1262
267 1268
268 1272
269 1283
270 1284
271 1285
272 1288
273 1292
274 1303
275 1307
276 1308
277 1311
278 1320
279 1322
280 1326
281 1328
282 1329
283 1330
284 1339
285 1342
286 1344
287 1349
288 1352
289 1356
290 1366
291 1371
292 1372
293 1395
294 1402
295 1405
296 1410
297 1413
298 1415
299 1417
300 1424
301 1433
302 1438
303 1439
304 1440
305 1444
306 1452
307 1454
308 1457
309 1461
310 1463
311 1470
312 1475
313 1479
314 1483
315 1484
316 1487
317 1493
318 1495
319 1499
320 1517
321 1518
322 1526
323 1527
324 1538
325 1543
326 1549
327 1553
328 1569
329 1574
330 1584
331 1586
332 1589
333 1597
334 1605
335 1608
336 1613
337 1617
338 1622
339 1624
340 1625
341 1629
342 1633
343 1636
344 1637
345 1641
346 1644
347 1646
348 1653
349 1657
350 1668
351 1677
352 1679
353 1682
354 1691
355 1696
356 1701
357 1704
358 1715
359 1719
360 1727
361 1729
362 1734
363 1740
364 1752
365 1756
366 1759
367 1769
368 1770
369 1772
370 1773
371 1776
372 1778
373 1782
374 1790
375 1792
376 1793
377 1796
378 1798
379 1801
380 1802
381 1815
382 1816
383 1817
384 1822
385 1828
386 1840
387 1870
388 1872
389 1873
390 1881
391 1882
392 1886
393 1891
394 1894
395 1902
396 1903
397 1904
398 1914
399 1919
400 1923
401 1924
402 1926
403 1928
404 1935
405 1956
406 1957
407 1960
408 1963
409 1977
410 1985
411 1993
412 1996
413 2000
414 2003
415 2011
416 2014
417 2022
418 2024
419 2029
420 2038
421 2051
422 2052
423 2055
424 2058
425 2065
426 2066
427 2068
428 2069
429 2073
430 2082
431 2090
432 2098
433 2108
434 2117
435 2120
436 2121
437 2125
438 2135
439 2141
440 2143
441 2148
442 2154
443 2156
444 2157
445 2158
446 2159
447 2166
448 2169
449 2172
450 2185
451 2194
452 2203
453 2207
454 2218
455 2223
456 2225
457 2227
458 2232
459 2244
460 2245
461 2251
462 2252
463 2257
464 2262
465 2267
466 2269
467 2274
468 2286
469 2287
470 2291
471 2296
472 2300
473 2311
474 2312
475 2315
476 2317
477 2323
478 2333
479 2334
480 2340
481 2345
482 2350
483 2351
484 2353
485 2354
486 2363
487 2367
488 2372
489 2390
490 2395
491 2396
492 2399
493 2406
494 2415
495 2423
496 2431
497 2438
498 2439
499 2441
500 2450
501 2460
502 2461
503 2462
504 2463
505 2471
506 2472
507 2474
508 2485
509 2486
510 2493
511 2497
512 2502
513 2506
514 2507
515 2508
516 2519
517 2524
518 2533
519 2541
520 2544
521 2548
522 2550
523 2551
524 2554
525 2565
526 2568
527 2570
528 2573
529 2575
530 2583
531 2588
532 2596
533 2597
534 2601
535 2608
536 2619
537 2623
538 2626
539 2649
540 2650
541 2660
542 2663
543 2665
544 2667
545 2670
546 2672
547 2682
548 2695
549 2702
550 2708
551 2709
552 2715
553 2717
554 2726
555 2736
556 2749
557 2750
558 2769
559 2770
560 2772
561 2777
562 2780
563 2784
564 2792
565 2797
566 2805
567 2813
568 2816
569 2817
570 2819
571 2828
572 2846
573 2848
574 2849
575 2851
576 2854
577 2857
578 2858
579 2860
580 2861
581 2871
582 2874
583 2880
584 2882
585 2884
586 2887
587 2900
588 2913
589 2918
590 2922
591 2923
592 2936
593 2940
594 2946
595 2967
596 2969
597 2975
598 2977
599 2990
600 2992
601 3008
602 3012
603 3014
604 3016
605 3017
606 3021
607 3022
608 3032
609 3034
610 3038
611 3050
612 3056
613 3058
614 3059
615 3060
616 3078
617 3082
618 3083
619 3091
620 3092
621 3109
622 3110
623 3114
624 3116
625 3136
626 3141
627 3142
628 3145
629 3146
630 3160
631 3173
632 3176
633 3181
634 3182
635 3186
636 3187
637 3191
638 3195
639 3200
640 3202
641 3204
642 3206
643 3215
644 3220
645 3222
646 3225
647 3237
648 3244
649 3246
650 3248
651 3265
652 3270
653 3277
654 3279
655 3289
656 3299
657 3303
658 3308
659 3313
660 3336
661 3342
662 3343
663 3347
664 3352
665 3355
666 3356
667 3360
668 3366
669 3368
670 3378
671 3386
672 3388
673 3395
674 3399
675 3401
676 3404
677 3406
678 3411
679 3412
680 3417
681 3418
682 3421
683 3422
684 3423
685 3426
686 3432
687 3437
688 3439
689 3453
690 3464
691 3465
692 3470
693 3472
694 3475
695 3494
696 3498
697 3500
698 3508
699 3517
700 3522
701 3530
702 3532
703 3536
704 3547
705 3549
706 3551
707 3554
708 3555
709 3560
710 3563
711 3573
712 3574
713 3578
714 3586
715 3591
716 3595
717 3598
718 3599
719 3607
720 3611
721 3615
722 3618
723 3625
724 3628
725 3634
726 3639
727 3646
728 3651
729 3654
730 3660
731 3664
732 3665
733 3670
734 3690
735 3692
736 3693
737 3701
738 3703
739 3706
740 3712
741 3714
742 3715
743 3736
744 3737
745 3752
746 3756
747 3769
748 3771
749 3784
750 3786
751 3791
752 3825
753 3835
754 3837
755 3839
756 3846
757 3849
758 3855
759 3859
760 3862
761 3866
762 3871
763 3885
764 3894
765 3924
766 3925
767 3928
768 3930
769 3932
770 3937
771 3938
772 3941
773 3947
774 3950
775 3956
776 3976
777 3978
778 3989
779 3991
780 3993
781 3998
782 4000
783 4003
784 4006
785 4012
786 4014
787 4018
788 4035
789 4037
790 4039
791 4044
792 4055
793 4057
794 4059
795 4061
796 4072
797 4075
798 4080
799 4082
800 4083
801 4089
802 4093
803 4106
804 4109
805 4112
806 4125
807 4130
808 4132
809 4136
810 4139
811 4141
812 4144
813 4148
814 4154
815 4158
816 4159
817 4165
818 4171
819 4182
820 4185
821 4190
822 4196
823 4200
824 4211
825 4213
826 4214
827 4216
828 4220
829 4224
830 4230
831 4235
832 4246
833 4259
834 4260
835 4262
836 4273
837 4277
838 4278
839 4282
840 4286
841 4287
842 4289
843 4291
844 4300
845 4304
846 4320
847 4325
848 4331
849 4356
850 4358
851 4365
852 4367
853 4368
854 4375
855 4380
856 4383
857 4388
858 4402
859 4405
860 4416
861 4420
862 4425
863 4434
864 4435
865 4440
866 4442
867 4447
868 4451
869 4457
870 4460
871 4472
872 4474
873 4476
874 4482
875 4496
876 4497
877 4499
878 4500
879 4502
880 4509
881 4512
882 4515
883 4530
884 4535
885 4542
886 4548
887 4551
888 4552
889 4553
890 4554
891 4577
892 4578
893 4581
894 4585
895 4587
896 4594
897 4607
898 4608
899 4610
900 4612
901 4625
902 4632
903 4634
904 4640
905 4641
906 4644
907 4647
908 4650
909 4655
910 4663
911 4664
912 4665
913 4667
914 4672
915 4688
916 4689
917 4691
918 4695
919 4697
920 4704
921 4713
922 4717
923 4724
924 4728
925 4733
926 4735
927 4738
928 4739
929 4746
930 4752
931 4763
932 4765
933 4766
934 4770
935 4771
936 4782
937 4785
938 4794
939 4795
940 4797
941 4798
942 4807
943 4812
944 4821
945 4827
946 4830
947 4834
948 4835
949 4840
950 4841
951 4845
952 4852
953 4856
954 4858
955 4878
956 4881
957 4886
958 4887
959 4891
960 4894
961 4895
962 4902
963 4914
964 4917
965 4929
966 4937
967 4939
968 4940
969 4941
970 4946
971 4968
972 4973
973 4990
974 5001
975 5004
976 5006
977 5010
978 5017
979 5019
980 5029
981 5034
982 5040
983 5041
984 5046
985 5051
986 5056
987 5058
988 5059
989 5062
990 5069
991 5078
992 5081
993 5082
994 5084
995 5091
996 5094
997 5096
998 5098
999 5102
1000 5103
