1 0
2 0
3 0
4 0
5 0
6 1
7 0
8 1
9 2
10 1
11 0
12 3
13 1
14 1
15 5
16 2
17 1
18 4
19 1
20 6
21 2
22 2
23 1
24 5
25 3
26 4
27 3
28 2
29 0
30 4
31 0
32 3
33 3
34 0
35 2
36 8
37 0
38 1
39 1
40 6
41 0
42 2
43 0
44 2
45 3
46 0
47 0
48 5
49 0
50 2
51 1
52 1
53 0
54 1
55 2
56 2
57 1
58 0
59 0
60 8
61 0
62 0
63 1
64 1
65 1
66 1
67 0
68 1
69 1
70 3
71 0
72 3
73 0
74 0
75 2
76 1
77 0
78 1
79 0
80 4
81 1
82 0
83 0
84 2
85 0
86 0
87 1
88 1
89 0
90 7
91 0
92 1
93 1
94 0
95 0
96 2
97 0
98 0
99 1
100 1
101 0
102 1
103 0
104 1
105 6
106 0
107 0
108 2
109 0
110 0
111 1
112 1
113 0
114 1
115 0
116 1
117 1
118 0
119 0
120 9
121 0
122 0
123 1
124 1
125 0
126 1
127 0
128 1
129 1
130 0
131 0
132 2
133 0
134 0
135 2
136 1
137 0
138 1
139 0
140 1
141 1
142 0
143 0
144 2
145 0
146 0
147 1
148 1
149 0
150 2
151 0
152 1
153 1
154 0
155 0
156 2
157 0
158 0
159 1
160 1
161 0
162 1
163 0
164 1
165 1
166 0
167 0
168 2
169 0
170 0
171 1
172 1
173 0
174 1
175 0
176 1
177 1
178 0
179 0
180 3
181 0
182 0
183 1
184 1
185 0
186 1
187 0
188 1
189 1
190 0
191 0
192 2
193 0
194 0
195 1
196 1
197 0
198 1
199 0
200 1
201 1
202 0
203 0
204 2
205 0
206 0
207 1
208 1
209 0
210 1
211 0
212 1
213 1
214 0
215 0
216 2
217 0
218 0
219 1
220 1
221 0
222 1
223 0
224 1
225 1
226 0
227 0
228 2
229 0
230 0
231 1
232 1
233 0
234 1
235 0
236 1
237 1
238 0
239 0
240 2
241 0
242 0
243 1
244 1
245 0
246 1
247 0
248 1
249 1
250 0
251 0
252 2
253 0
254 0
255 1
256 1
257 0
258 1
259 0
260 1
261 1
262 0
263 0
264 2
265 0
266 0
267 1
268 1
269 0
270 1
271 0
272 1
273 1
274 0
275 0
276 2
277 0
278 0
279 1
280 1
281 0
282 1
283 0
284 1
285 1
286 0
287 0
288 2
289 0
290 0
291 1
292 1
293 0
294 1
295 0
296 1
297 1
298 0
299 0
300 2
301 0
302 0
303 1
304 1
305 0
306 1
307 0
308 1
309 1
310 0
311 0
312 2
313 0
314 0
315 1
316 1
317 0
318 1
319 0
320 1
321 1
322 0
323 0
324 2
325 0
326 0
327 1
328 1
329 0
330 1
331 0
332 1
333 1
334 0
335 0
336 2
337 0
338 0
339 1
340 1
341 0
342 1
343 0
344 1
345 1
346 0
347 0
348 2
349 0
350 0
351 1
352 1
353 0
354 1
355 0
356 1
357 1
358 0
359 0
360 2
361 0
362 0
363 1
364 1
365 0
366 1
367 0
368 1
369 1
370 0
371 0
372 2
373 0
374 0
375 1
376 1
377 0
378 1
379 0
380 1
381 1
382 0
383 0
384 2
385 0
386 0
387 1
388 1
389 0
390 1
391 0
392 1
393 1
394 0
395 0
396 2
397 0
398 0
399 1
400 1
401 0
402 1
403 0
404 1
405 1
406 0
407 0
408 2
409 0
410 0
411 1
412 1
413 0
414 1
415 0
416 1
417 1
418 0
419 0
420 2
421 0
422 0
423 1
424 1
425 0
426 1
427 0
428 1
429 1
430 0
431 0
432 2
433 0
434 0
435 1
436 1
437 0
438 1
439 0
440 1
441 1
442 0
443 0
444 2
445 0
446 0
447 1
448 1
449 0
450 1
451 0
452 1
453 1
454 0
455 0
456 2
457 0
458 0
459 1
460 1
461 0
462 1
463 0
464 1
465 1
466 0
467 0
468 2
469 0
470 0
471 1
472 1
473 0
474 1
475 0
476 1
477 1
478 0
479 0
480 2
481 0
482 0
483 1
484 1
485 0
486 1
487 0
488 1
489 1
490 0
491 0
492 2
493 0
494 0
495 1
496 1
497 0
498 1
499 0
500 1
501 1
502 0
503 0
504 2
505 0
506 0
507 1
508 1
509 0
510 1
511 0
512 1
513 1
514 0
515 0
516 2
517 0
518 0
519 1
520 1
521 0
522 1
523 0
524 1
525 1
526 0
527 0
528 2
529 0
530 0
531 1
532 1
533 0
534 1
535 0
536 1
537 1
538 0
539 0
540 2
541 0
542 0
543 1
544 1
545 0
546 1
547 0
548 1
549 1
550 0
551 0
552 2
553 0
554 0
555 1
556 1
557 0
558 1
559 0
560 1
561 1
562 0
563 0
564 2
565 0
566 0
567 1
568 1
569 0
570 1
571 0
572 1
573 1
574 0
575 0
576 2
577 0
578 0
579 1
580 1
581 0
582 1
583 0
584 1
585 1
586 0
587 0
588 2
589 0
590 0
591 1
592 1
593 0
594 1
595 0
596 1
597 1
598 0
599 0
600 2
601 0
602 0
603 1
604 1
605 0
606 1
607 0
608 1
609 1
610 0
611 0
612 2
613 0
614 0
615 1
616 1
617 0
618 1
619 0
620 1
621 1
622 0
623 0
624 2
625 0
626 0
627 1
628 1
629 0
630 1
631 0
632 1
633 1
634 0
635 0
636 2
637 0
638 0
639 1
640 1
641 0
642 1
643 0
644 1
645 1
646 0
647 0
648 2
649 0
650 0
651 1
652 1
653 0
654 1
655 0
656 1
657 1
658 0
659 0
660 2
661 0
662 0
663 1
664 1
665 0
666 1
667 0
668 1
669 1
670 0
671 0
672 2
673 0
674 0
675 1
676 1
677 0
678 1
679 0
680 1
681 1
682 0
683 0
684 2
685 0
686 0
687 1
688 1
689 0
690 1
691 0
692 1
693 1
694 0
695 0
696 2
697 0
698 0
699 1
700 1
701 0
702 1
703 0
704 1
705 1
706 0
707 0
708 2
709 0
710 0
711 1
712 1
713 0
714 1
715 0
716 1
717 1
718 0
719 0
720 2
721 0
722 0
723 1
724 1
725 0
726 1
727 0
728 1
729 1
730 0
731 0
732 2
733 0
734 0
735 1
736 1
737 0
738 1
739 0
740 1
741 1
742 0
743 0
744 2
745 0
746 0
747 1
748 1
749 0
750 1
751 0
752 1
753 1
754 0
755 0
756 2
757 0
758 0
759 1
760 1
761 0
762 1
763 0
764 1
765 1
766 0
767 0
768 2
769 0
770 0
771 1
772 1
773 0
774 1
775 0
776 1
777 1
778 0
779 0
780 2
781 0
782 0
783 1
784 1
785 0
786 1
787 0
788 1
789 1
790 0
791 0
792 2
793 0
794 0
795 1
796 1
797 0
798 1
799 0
800 1
801 1
802 0
803 0
804 2
805 0
806 0
807 1
808 1
809 0
810 1
811 0
812 1
813 1
814 0
815 0
816 2
817 0
818 0
819 1
820 1
821 0
822 1
823 0
824 1
825 1
826 0
827 0
828 2
829 0
830 0
831 1
832 1
833 0
834 1
835 0
836 1
837 1
838 0
839 0
840 2
841 0
842 0
843 1
844 1
845 0
846 1
847 0
848 1
849 1
850 0
851 0
852 2
853 0
854 0
855 1
856 1
857 0
858 1
859 0
860 1
861 1
862 0
863 0
864 2
865 0
866 0
867 1
868 1
869 0
870 1
871 0
872 1
873 1
874 0
875 0
876 2
877 0
878 0
879 1
880 1
881 0
882 1
883 0
884 1
885 1
886 0
887 0
888 2
889 0
890 0
891 1
892 1
893 0
894 1
895 0
896 1
897 1
898 0
899 0
900 2
901 0
902 0
903 1
904 1
905 0
906 1
907 0
908 1
909 1
910 0
911 0
912 2
913 0
914 0
915 1
916 1
917 0
918 1
919 0
920 1
921 1
922 0
923 0
924 2
925 0
926 0
927 1
928 1
929 0
930 1
931 0
932 1
933 1
934 0
935 0
936 2
937 0
938 0
939 1
940 1
941 0
942 1
943 0
944 1
945 1
946 0
947 0
948 2
949 0
950 0
951 1
952 1
953 0
954 1
955 0
956 1
957 1
958 0
959 0
960 2
961 0
962 0
963 1
964 1
965 0
966 1
967 0
968 1
969 1
970 0
971 0
972 2
973 0
974 0
975 1
976 1
977 0
978 1
979 0
980 1
981 1
982 0
983 0
984 2
985 0
986 0
987 1
988 1
989 0
990 1
991 0
992 1
993 1
994 0
995 0
996 2
997 0
998 0
999 1
1000 1
