1 1
2 2
3 4
4 6
5 8
6 12
7 16
8 18
9 24
10 32
11 36
12 48
13 54
14 64
15 72
16 96
17 108
18 120
19 128
20 144
21 162
22 192
23 216
24 240
25 256
26 288
27 324
28 360
29 384
30 432
31 480
32 486
33 512
34 576
35 600
36 648
37 720
38 768
39 864
40 960
41 972
42 1024
43 1080
44 1152
45 1200
46 1296
47 1440
48 1458
49 1536
50 1728
51 1800
52 1920
53 1944
54 2048
55 2160
56 2304
57 2400
58 2592
59 2880
60 2916
61 3000
62 3072
63 3240
64 3456
65 3600
66 3840
67 3888
68 4096
69 4320
70 4374
71 4608
72 4800
73 5040
74 5184
75 5400
76 5760
77 5832
78 6000
79 6144
80 6480
81 6912
82 7200
83 7680
84 7776
85 8192
86 8640
87 8748
88 9000
89 9216
90 9600
91 9720
92 10080
93 10368
94 10800
95 11520
96 11664
97 12000
98 12288
99 12960
100 13122
101 13824
102 14400
103 15000
104 15120
105 15360
106 15552
107 16200
108 16384
109 17280
110 17496
111 18000
112 18432
113 19200
114 19440
115 20160
116 20736
117 21600
118 23040
119 23328
120 24000
121 24576
122 25200
123 25920
124 26244
125 27000
126 27648
127 28800
128 29160
129 30000
130 30240
131 30720
132 31104
133 32400
134 32768
135 34560
136 34992
137 35280
138 36000
139 36864
140 38400
141 38880
142 39366
143 40320
144 41472
145 43200
146 45000
147 45360
148 46080
149 46656
150 48000
151 48600
152 49152
153 50400
154 51840
155 52488
156 54000
157 55296
158 57600
159 58320
160 60000
161 60480
162 61440
163 62208
164 64800
165 65536
166 69120
167 69984
168 70560
169 72000
170 73728
171 75000
172 75600
173 76800
174 77760
175 78732
176 80640
177 81000
178 82944
179 86400
180 87480
181 90000
182 90720
183 92160
184 93312
185 96000
186 97200
187 98304
188 100800
189 103680
190 104976
191 105840
192 108000
193 110592
194 115200
195 116640
196 118098
197 120000
198 120960
199 122880
200 124416
201 126000
202 129600
203 131072
204 135000
205 136080
206 138240
207 139968
208 141120
209 144000
210 145800
211 147456
212 150000
213 151200
214 153600
215 155520
216 157464
217 161280
218 162000
219 165888
220 172800
221 174960
222 176400
223 180000
224 181440
225 184320
226 186624
227 192000
228 194400
229 196608
230 201600
231 207360
232 209952
233 211680
234 216000
235 221184
236 225000
237 226800
238 230400
239 233280
240 236196
241 240000
242 241920
243 243000
244 245760
245 246960
246 248832
247 252000
248 259200
249 262144
250 262440
251 270000
252 272160
253 276480
254 279936
255 282240
256 288000
257 291600
258 294912
259 300000
260 302400
261 307200
262 311040
263 314928
264 317520
265 322560
266 324000
267 331776
268 345600
269 349920
270 352800
271 354294
272 360000
273 362880
274 368640
275 373248
276 375000
277 378000
278 384000
279 388800
280 393216
281 403200
282 405000
283 408240
284 414720
285 419904
286 423360
287 432000
288 437400
289 442368
290 450000
291 453600
292 460800
293 466560
294 472392
295 480000
296 483840
297 486000
298 491520
299 493920
300 497664
301 504000
302 518400
303 524288
304 524880
305 529200
306 540000
307 544320
308 552960
309 559872
310 564480
311 576000
312 583200
313 589824
314 600000
315 604800
316 614400
317 622080
318 629856
319 630000
320 635040
321 645120
322 648000
323 663552
324 675000
325 680400
326 691200
327 699840
328 705600
329 708588
330 720000
331 725760
332 729000
333 737280
334 740880
335 746496
336 750000
337 756000
338 768000
339 777600
340 786432
341 787320
342 806400
343 810000
344 816480
345 829440
346 839808
347 846720
348 864000
349 874800
350 882000
351 884736
352 900000
353 907200
354 921600
355 933120
356 944784
357 952560
358 960000
359 967680
360 972000
361 983040
362 987840
363 995328
364 1008000
365 1036800
366 1048576
367 1049760
368 1058400
369 1062882
370 1080000
371 1088640
372 1105920
373 1119744
374 1125000
375 1128960
376 1134000
377 1152000
378 1166400
379 1179648
380 1200000
381 1209600
382 1215000
383 1224720
384 1228800
385 1234800
386 1244160
387 1259712
388 1260000
389 1270080
390 1290240
391 1296000
392 1312200
393 1327104
394 1350000
395 1360800
396 1382400
397 1399680
398 1411200
399 1417176
400 1440000
401 1451520
402 1458000
403 1474560
404 1481760
405 1492992
406 1500000
407 1512000
408 1536000
409 1555200
410 1572864
411 1574640
412 1587600
413 1612800
414 1620000
415 1632960
416 1658880
417 1679616
418 1693440
419 1728000
420 1728720
421 1749600
422 1764000
423 1769472
424 1800000
425 1814400
426 1843200
427 1866240
428 1875000
429 1889568
430 1890000
431 1905120
432 1920000
433 1935360
434 1944000
435 1966080
436 1975680
437 1990656
438 2016000
439 2025000
440 2041200
441 2073600
442 2097152
443 2099520
444 2116800
445 2125764
446 2160000
447 2177280
448 2187000
449 2211840
450 2222640
451 2239488
452 2250000
453 2257920
454 2268000
455 2304000
456 2332800
457 2359296
458 2361960
459 2400000
460 2419200
461 2430000
462 2449440
463 2457600
464 2469600
465 2488320
466 2519424
467 2520000
468 2540160
469 2580480
470 2592000
471 2624400
472 2646000
473 2654208
474 2700000
475 2721600
476 2764800
477 2799360
478 2822400
479 2834352
480 2857680
481 2880000
482 2903040
483 2916000
484 2949120
485 2963520
486 2985984
487 3000000
488 3024000
489 3072000
490 3110400
491 3145728
492 3149280
493 3150000
494 3175200
495 3188646
496 3225600
497 3240000
498 3265920
499 3317760
500 3359232
501 3375000
502 3386880
503 3402000
504 3456000
505 3457440
506 3499200
507 3528000
508 3538944
509 3600000
510 3628800
511 3645000
512 3674160
513 3686400
514 3704400
515 3732480
516 3750000
517 3779136
518 3780000
519 3810240
520 3840000
521 3870720
522 3888000
523 3932160
524 3936600
525 3951360
526 3981312
527 4032000
528 4050000
529 4082400
530 4147200
531 4194304
532 4199040
533 4233600
534 4251528
535 4320000
536 4354560
537 4374000
538 4410000
539 4423680
540 4445280
541 4478976
542 4500000
543 4515840
544 4536000
545 4608000
546 4665600
547 4718592
548 4723920
549 4762800
550 4800000
551 4838400
552 4860000
553 4898880
554 4915200
555 4939200
556 4976640
557 5038848
558 5040000
559 5080320
560 5160960
561 5184000
562 5186160
563 5248800
564 5292000
565 5308416
566 5400000
567 5443200
568 5529600
569 5598720
570 5625000
571 5644800
572 5668704
573 5670000
574 5715360
575 5760000
576 5806080
577 5832000
578 5898240
579 5927040
580 5971968
581 6000000
582 6048000
583 6075000
584 6123600
585 6144000
586 6174000
587 6220800
588 6291456
589 6298560
590 6300000
591 6350400
592 6377292
593 6451200
594 6480000
595 6531840
596 6561000
597 6635520
598 6667920
599 6718464
600 6750000
601 6773760
602 6804000
603 6912000
604 6914880
605 6998400
606 7056000
607 7077888
608 7085880
609 7200000
610 7257600
611 7290000
612 7348320
613 7372800
614 7408800
615 7464960
616 7500000
617 7558272
618 7560000
619 7620480
620 7680000
621 7741440
622 7776000
623 7864320
624 7873200
625 7902720
626 7938000
627 7962624
628 8064000
629 8100000
630 8164800
631 8294400
632 8388608
633 8398080
634 8467200
635 8503056
636 8573040
637 8640000
638 8643600
639 8709120
640 8748000
641 8820000
642 8847360
643 8890560
644 8957952
645 9000000
646 9031680
647 9072000
648 9216000
649 9331200
650 9375000
651 9437184
652 9447840
653 9450000
654 9525600
655 9565938
656 9600000
657 9676800
658 9720000
659 9797760
660 9830400
661 9878400
662 9953280
663 10077696
664 10080000
665 10125000
666 10160640
667 10206000
668 10321920
669 10368000
670 10372320
671 10497600
672 10584000
673 10616832
674 10800000
675 10886400
676 10935000
677 11022480
678 11059200
679 11113200
680 11197440
681 11250000
682 11289600
683 11337408
684 11340000
685 11430720
686 11520000
687 11612160
688 11664000
689 11796480
690 11809800
691 11854080
692 11943936
693 12000000
694 12096000
695 12101040
696 12150000
697 12247200
698 12288000
699 12348000
700 12441600
701 12582912
702 12597120
703 12600000
704 12700800
705 12754584
706 12902400
707 12960000
708 13063680
709 13122000
710 13230000
711 13271040
712 13335840
713 13436928
714 13500000
715 13547520
716 13608000
717 13824000
718 13829760
719 13996800
720 14112000
721 14155776
722 14171760
723 14288400
724 14400000
725 14515200
726 14580000
727 14696640
728 14745600
729 14817600
730 14929920
731 15000000
732 15116544
733 15120000
734 15240960
735 15360000
736 15482880
737 15552000
738 15558480
739 15728640
740 15746400
741 15750000
742 15805440
743 15876000
744 15925248
745 16128000
746 16200000
747 16329600
748 16588800
749 16777216
750 16796160
751 16875000
752 16934400
753 17006112
754 17010000
755 17146080
756 17280000
757 17287200
758 17418240
759 17496000
760 17640000
761 17694720
762 17781120
763 17915904
764 18000000
765 18063360
766 18144000
767 18225000
768 18370800
769 18432000
770 18522000
771 18662400
772 18750000
773 18874368
774 18895680
775 18900000
776 19051200
777 19131876
778 19200000
779 19353600
780 19440000
781 19595520
782 19660800
783 19683000
784 19756800
785 19906560
786 20003760
787 20155392
788 20160000
789 20250000
790 20321280
791 20412000
792 20643840
793 20736000
794 20744640
795 20995200
796 21168000
797 21233664
798 21257640
799 21600000
800 21772800
801 21870000
802 22044960
803 22050000
804 22118400
805 22226400
806 22394880
807 22500000
808 22579200
809 22674816
810 22680000
811 22861440
812 23040000
813 23224320
814 23328000
815 23592960
816 23619600
817 23708160
818 23814000
819 23887872
820 24000000
821 24192000
822 24202080
823 24300000
824 24494400
825 24576000
826 24696000
827 24883200
828 25165824
829 25194240
830 25200000
831 25401600
832 25509168
833 25719120
834 25804800
835 25920000
836 25930800
837 26127360
838 26244000
839 26460000
840 26542080
841 26671680
842 26873856
843 27000000
844 27095040
845 27216000
846 27648000
847 27659520
848 27993600
849 28125000
850 28224000
851 28311552
852 28343520
853 28350000
854 28576800
855 28697814
856 28800000
857 29030400
858 29160000
859 29393280
860 29491200
861 29635200
862 29859840
863 30000000
864 30233088
865 30240000
866 30375000
867 30481920
868 30618000
869 30720000
870 30870000
871 30965760
872 31104000
873 31116960
874 31457280
875 31492800
876 31500000
877 31610880
878 31752000
879 31850496
880 32256000
881 32400000
882 32659200
883 32805000
884 33067440
885 33177600
886 33339600
887 33554432
888 33592320
889 33750000
890 33868800
891 34012224
892 34020000
893 34292160
894 34560000
895 34574400
896 34836480
897 34992000
898 35280000
899 35389440
900 35429400
901 35562240
902 35831808
903 36000000
904 36126720
905 36288000
906 36303120
907 36450000
908 36741600
909 36864000
910 37044000
911 37324800
912 37500000
913 37748736
914 37791360
915 37800000
916 38102400
917 38263752
918 38400000
919 38707200
920 38880000
921 39191040
922 39321600
923 39366000
924 39513600
925 39690000
926 39813120
927 39916800
928 40007520
929 40310784
930 40320000
931 40500000
932 40642560
933 40824000
934 41287680
935 41472000
936 41489280
937 41990400
938 42336000
939 42467328
940 42515280
941 42865200
942 43200000
943 43218000
944 43545600
945 43740000
946 44089920
947 44100000
948 44236800
949 44452800
950 44789760
951 45000000
952 45158400
953 45349632
954 45360000
955 45722880
956 46080000
957 46448640
958 46656000
959 46675440
960 46875000
961 47185920
962 47239200
963 47250000
964 47416320
965 47628000
966 47775744
967 48000000
968 48384000
969 48404160
970 48600000
971 48988800
972 49152000
973 49392000
974 49766400
975 50331648
976 50388480
977 50400000
978 50625000
979 50803200
980 51018336
981 51030000
982 51438240
983 51609600
984 51840000
985 51861600
986 52254720
987 52488000
988 52920000
989 53084160
990 53343360
991 53747712
992 54000000
993 54190080
994 54432000
995 54675000
996 55112400
997 55296000
998 55319040
999 55566000
1000 55987200
