0 0
1 1
2 0
3 -1
4 1
5 0
6 -3
7 6
8 -4
9 1
10 0
11 -133
12 423
13 -572
14 441
15 -214
16 66
17 -12
18 1
19 0
20 -3040575
21 14412776
22 -31680240
23 43389646
24 -41821924
25 30276984
26 -17100952
27 7701952
28 -2794896
29 818036
30 -191600
31 35264
32 -4936
33 496
34 -32
35 1
36 0
37 -81768640551939777
38 569711421560808713
39 -1915734714629493936
40 4160914137061367054
41 -6584797184952049568
42 8114599308192145448
43 -8122089299204814072
44 6797172300402030636
45 -4856773984500880124
46 3009654466362869780
47 -1636781898149840504
48 788328935798745052
49 -338572422663483544
50 130327084318442384
51 -45124968898112160
52 14086095737441185
53 -3968583456247214
54 1009138022379076
55 -231347639674200
56 47712047044920
57 -8822129447280
58 1455643449120
59 -212981036784
60 27406254870
61 -3068289720
62 294640000
63 -23805776
64 1575420
65 -82080
66 3160
67 -80
68 1
