1 1
2 1
3 2
4 1
5 3
6 2
7 1
8 4
9 2
10 3
11 1
12 5
13 2
14 3
15 2
16 1
17 6
18 4
19 6
20 4
21 6
22 1
23 7
24 2
25 3
26 4
27 3
28 2
29 1
30 8
31 2
32 5
33 2
34 5
35 2
36 5
37 1
38 9
39 2
40 3
41 4
42 3
43 2
44 7
45 2
46 1
47 10
48 4
49 6
50 4
51 10
52 4
53 6
54 4
55 10
56 1
57 11
58 2
59 3
60 2
61 3
62 6
63 3
64 2
65 3
66 2
67 1
68 12
69 4
70 9
71 4
72 9
73 4
74 9
75 4
76 9
77 4
78 9
79 1
80 13
81 2
82 3
83 4
84 5
85 2
86 7
87 2
88 5
89 4
90 3
91 2
92 1
93 14
94 4
95 6
96 8
97 6
98 4
99 14
100 4
101 6
102 8
103 6
104 4
105 14
106 1
107 15
108 4
109 9
110 4
111 15
112 4
113 9
114 4
115 15
116 4
117 9
118 4
119 15
120 4
121 1
122 16
123 2
124 5
125 2
126 9
127 2
128 5
129 2
130 9
131 2
132 5
133 2
134 9
135 2
136 5
137 1
138 17
139 2
140 3
141 2
142 5
143 2
144 3
145 2
146 9
147 2
148 3
149 2
150 5
151 2
152 3
153 2
154 1
155 18
156 4
157 6
158 8
159 6
160 4
161 14
162 4
163 6
164 8
165 6
166 4
167 14
168 4
169 6
170 8
171 6
172 1
173 19
174 2
175 3
176 4
177 3
178 2
179 7
180 2
181 3
182 10
183 3
184 2
185 7
186 2
187 3
188 4
189 3
190 2
191 1
192 20
193 4
194 9
195 4
196 15
197 4
198 9
199 4
200 15
201 4
202 9
203 4
204 15
205 4
206 9
207 4
208 15
209 4
210 9
211 1
212 21
213 4
214 9
215 8
216 9
217 4
218 21
219 4
220 9
221 8
222 9
223 4
224 21
225 4
226 9
227 8
228 9
229 4
230 21
231 4
232 1
233 22
234 4
235 6
236 4
237 6
238 12
239 6
240 4
241 6
242 4
243 22
244 4
245 6
246 4
247 6
248 12
249 6
250 4
251 6
252 4
253 22
254 1
255 23
256 2
257 3
258 2
259 3
260 2
261 3
262 2
263 3
264 2
265 3
266 12
267 3
268 2
269 3
270 2
271 3
272 2
273 3
274 2
275 3
276 2
277 1
278 24
279 4
280 15
281 4
282 15
283 4
284 15
285 4
286 15
287 4
288 15
289 4
290 15
291 4
292 15
293 4
294 15
295 4
296 15
297 4
298 15
299 4
300 15
301 1
302 25
303 2
304 3
305 2
306 5
307 6
308 3
309 2
310 5
311 2
312 11
313 2
314 5
315 2
316 3
317 6
318 5
319 2
320 3
321 2
322 21
323 2
324 3
325 2
326 1
327 26
328 4
329 6
330 8
331 10
332 4
333 14
334 4
335 10
336 8
337 6
338 4
339 26
340 4
341 6
342 8
343 10
344 4
345 14
346 4
347 10
348 8
349 6
350 4
351 26
352 1
353 27
354 2
355 3
356 4
357 3
358 2
359 7
360 2
361 3
362 10
363 3
364 2
365 7
366 2
367 3
368 4
369 3
370 2
371 19
372 2
373 3
374 4
375 3
376 2
377 7
378 2
379 1
380 28
381 4
382 9
383 8
384 9
385 4
386 21
387 4
388 9
389 8
390 9
391 4
392 21
393 4
394 9
395 8
396 9
397 4
398 21
399 4
400 9
401 8
402 9
403 4
404 21
405 4
406 9
407 1
408 29
409 2
410 3
411 2
412 5
413 2
414 3
415 8
416 5
417 2
418 3
419 2
420 5
421 2
422 15
423 2
424 5
425 2
426 3
427 2
428 5
429 8
430 3
431 2
432 5
433 2
434 3
435 2
436 1
437 30
438 8
439 18
440 8
441 30
442 8
443 18
444 8
445 30
446 8
447 18
448 8
449 30
450 8
451 18
452 8
453 30
454 8
455 18
456 8
457 30
458 8
459 18
460 8
461 30
462 8
463 18
464 8
465 30
466 1
467 31
468 2
469 3
470 4
471 3
472 6
473 7
474 2
475 3
476 4
477 11
478 2
479 7
480 2
481 3
482 16
483 3
484 2
485 7
486 2
487 11
488 4
489 3
490 2
491 7
492 6
493 3
494 4
495 3
496 2
497 1
498 32
499 2
500 5
501 2
502 9
503 2
504 5
505 2
506 17
507 2
508 5
509 2
510 9
511 2
512 5
513 2
514 17
515 2
516 5
517 2
518 9
519 2
520 5
521 2
522 17
523 2
524 5
525 2
526 9
527 2
528 5
529 1
530 33
531 4
532 9
533 4
534 9
535 12
536 9
537 4
538 9
539 4
540 33
541 4
542 9
543 4
544 9
545 12
546 9
547 4
548 9
549 4
550 33
551 4
552 9
553 4
554 9
555 12
556 9
557 4
558 9
559 4
560 33
561 4
562 1
563 34
564 4
565 6
566 4
567 10
568 4
569 6
570 4
571 18
572 4
573 6
574 4
575 10
576 4
577 6
578 4
579 34
580 4
581 6
582 4
583 10
584 4
585 6
586 4
587 18
588 4
589 6
590 4
591 10
592 4
593 6
594 4
595 34
596 1
597 35
598 4
599 9
600 8
601 15
602 4
603 21
604 4
605 15
606 8
607 9
608 4
609 35
610 4
611 9
612 8
613 15
614 4
615 21
616 4
617 15
618 8
619 9
620 4
621 35
622 4
623 9
624 8
625 15
626 4
627 21
628 4
629 15
630 8
631 1
632 36
633 4
634 9
635 8
636 9
637 4
638 21
639 4
640 9
641 8
642 9
643 4
644 21
645 4
646 9
647 8
648 9
649 4
650 21
651 4
652 9
653 8
654 9
655 4
656 21
657 4
658 9
659 8
660 9
661 4
662 21
663 4
664 9
665 8
666 9
667 1
668 37
669 2
670 3
671 4
672 5
673 2
674 7
675 2
676 5
677 10
678 3
679 2
680 13
681 2
682 3
683 4
684 5
685 2
686 19
687 2
688 5
689 4
690 3
691 2
692 13
693 2
694 3
695 10
696 5
697 2
698 7
699 2
700 5
701 4
702 3
703 2
704 1
705 38
706 4
707 6
708 8
709 6
710 4
711 14
712 4
713 6
714 20
715 6
716 4
717 14
718 4
719 6
720 8
721 6
722 4
723 38
724 4
725 6
726 8
727 6
728 4
729 14
730 4
731 6
732 20
733 6
734 4
735 14
736 4
737 6
738 8
739 6
740 4
741 38
742 1
743 39
744 4
745 9
746 8
747 15
748 4
749 21
750 4
751 15
752 8
753 9
754 4
755 39
756 4
757 9
758 8
759 15
760 4
761 21
762 4
763 15
764 8
765 9
766 4
767 39
768 4
769 9
770 8
771 15
772 4
773 21
774 4
775 15
776 8
777 9
778 4
779 39
780 4
781 1
782 40
783 4
784 15
785 4
786 25
787 4
788 15
789 4
790 25
791 4
792 15
793 4
794 25
795 4
796 15
797 4
798 25
799 4
800 15
801 4
802 25
803 4
804 15
805 4
806 25
807 4
808 15
809 4
810 25
811 4
812 15
813 4
814 25
815 4
816 15
817 4
818 25
819 4
820 15
821 1
822 41
823 2
824 3
825 2
826 5
827 6
828 3
829 2
830 9
831 2
832 11
833 2
834 5
835 2
836 3
837 6
838 9
839 2
840 3
841 2
842 21
843 2
844 3
845 2
846 9
847 6
848 3
849 2
850 5
851 2
852 11
853 2
854 9
855 2
856 3
857 6
858 5
859 2
860 3
861 2
862 1
863 42
864 8
865 18
866 16
867 18
868 8
869 42
870 8
871 18
872 16
873 18
874 8
875 42
876 8
877 18
878 16
879 18
880 8
881 42
882 8
883 18
884 16
885 18
886 8
887 42
888 8
889 18
890 16
891 18
892 8
893 42
894 8
895 18
896 16
897 18
898 8
899 42
900 8
901 18
902 16
903 18
904 1
905 43
906 2
907 3
908 4
909 3
910 2
911 7
912 8
913 3
914 4
915 3
916 2
917 7
918 2
919 15
920 4
921 3
922 2
923 7
924 2
925 3
926 22
927 3
928 2
929 7
930 2
931 3
932 4
933 15
934 2
935 7
936 2
937 3
938 4
939 3
940 8
941 7
942 2
943 3
944 4
945 3
946 2
947 1
948 44
949 4
950 9
951 4
952 9
953 12
954 9
955 4
956 9
957 4
958 33
959 4
960 9
961 4
962 9
963 12
964 9
965 4
966 9
967 4
968 33
969 4
970 9
971 4
972 9
973 12
974 9
975 4
976 9
977 4
978 33
979 4
980 9
981 4
982 9
983 12
984 9
985 4
986 9
987 4
988 33
989 4
990 9
991 1
992 45
993 4
994 9
995 8
996 15
997 4
998 21
999 4
1000 15
1001 8
1002 9
1003 4
1004 35
1005 4
1006 9
1007 8
1008 15
1009 4
1010 21
1011 4
1012 15
1013 8
1014 9
1015 4
1016 35
1017 4
1018 9
1019 8
1020 15
1021 4
1022 21
1023 4
1024 15
1025 8
1026 9
1027 4
1028 35
1029 4
1030 9
1031 8
1032 15
1033 4
1034 21
1035 4
1036 1
1037 46
1038 4
1039 6
1040 4
1041 6
1042 4
1043 6
1044 4
1045 6
1046 4
1047 6
1048 24
1049 6
1050 4
1051 6
1052 4
1053 6
1054 4
1055 6
1056 4
1057 6
1058 4
1059 46
1060 4
1061 6
1062 4
1063 6
1064 4
1065 6
1066 4
1067 6
1068 4
1069 6
1070 24
1071 6
1072 4
1073 6
1074 4
1075 6
1076 4
1077 6
1078 4
1079 6
1080 4
1081 46
1082 1
1083 47
1084 2
1085 3
1086 2
1087 3
1088 2
1089 3
1090 2
1091 3
1092 2
1093 3
1094 2
1095 3
1096 2
1097 3
1098 2
1099 3
1100 2
1101 3
1102 2
1103 3
1104 2
1105 3
1106 24
1107 3
1108 2
1109 3
1110 2
1111 3
1112 2
1113 3
1114 2
1115 3
1116 2
1117 3
1118 2
1119 3
1120 2
1121 3
1122 2
1123 3
1124 2
1125 3
1126 2
1127 3
1128 2
1129 1
1130 48
1131 4
1132 15
1133 4
1134 27
1135 4
1136 15
1137 4
1138 27
1139 4
1140 15
1141 4
1142 27
1143 4
1144 15
1145 4
1146 27
1147 4
1148 15
1149 4
1150 27
1151 4
1152 15
1153 4
1154 27
1155 4
1156 15
1157 4
1158 27
1159 4
1160 15
1161 4
1162 27
1163 4
1164 15
1165 4
1166 27
1167 4
1168 15
1169 4
1170 27
1171 4
1172 15
1173 4
1174 27
1175 4
1176 15
1177 1
1178 49
1179 2
1180 3
1181 4
1182 3
1183 2
1184 7
1185 8
1186 3
1187 4
1188 3
1189 2
1190 7
1191 2
1192 15
1193 4
1194 3
1195 2
1196 7
1197 2
1198 3
1199 22
1200 3
1201 2
1202 7
1203 2
1204 3
1205 4
1206 15
1207 2
1208 7
1209 2
1210 3
1211 4
1212 3
1213 8
1214 7
1215 2
1216 3
1217 4
1218 3
1219 2
1220 43
1221 2
1222 3
1223 4
1224 3
1225 2
1226 1
1227 50
1228 4
1229 6
1230 4
1231 10
1232 12
1233 6
1234 4
1235 10
1236 4
1237 22
1238 4
1239 10
1240 4
1241 6
1242 12
1243 10
1244 4
1245 6
1246 4
1247 42
1248 4
1249 6
1250 4
1251 10
1252 12
1253 6
1254 4
1255 10
1256 4
1257 22
1258 4
1259 10
1260 4
1261 6
1262 12
1263 10
1264 4
1265 6
1266 4
1267 42
1268 4
1269 6
1270 4
1271 10
1272 12
1273 6
1274 4
1275 10
1276 1
1277 51
1278 4
1279 9
1280 4
1281 15
1282 4
1283 9
1284 4
1285 27
1286 4
1287 9
1288 4
1289 15
1290 4
1291 9
1292 4
1293 51
1294 4
1295 9
1296 4
1297 15
1298 4
1299 9
1300 4
1301 27
1302 4
1303 9
1304 4
1305 15
1306 4
1307 9
1308 4
1309 51
1310 4
1311 9
1312 4
1313 15
1314 4
1315 9
1316 4
1317 27
1318 4
1319 9
1320 4
1321 15
1322 4
1323 9
1324 4
1325 51
1326 4
1327 1
1328 52
1329 4
1330 9
1331 8
1332 15
1333 4
1334 21
1335 4
1336 15
1337 8
1338 9
1339 4
1340 39
1341 4
1342 9
1343 8
1344 15
1345 4
1346 21
1347 4
1348 15
1349 8
1350 9
1351 4
1352 39
1353 4
1354 9
1355 8
1356 15
1357 4
1358 21
1359 4
1360 15
1361 8
1362 9
1363 4
1364 39
1365 4
1366 9
1367 8
1368 15
1369 4
1370 21
1371 4
1372 15
1373 8
1374 9
1375 4
1376 39
1377 4
1378 9
1379 1
1380 53
1381 2
1382 3
1383 2
1384 5
1385 2
1386 3
1387 2
1388 5
1389 2
1390 3
1391 2
1392 5
1393 14
1394 3
1395 2
1396 5
1397 2
1398 3
1399 2
1400 5
1401 2
1402 3
1403 2
1404 5
1405 2
1406 27
1407 2
1408 5
1409 2
1410 3
1411 2
1412 5
1413 2
1414 3
1415 2
1416 5
1417 2
1418 3
1419 14
1420 5
1421 2
1422 3
1423 2
1424 5
1425 2
1426 3
1427 2
1428 5
1429 2
1430 3
1431 2
1432 1
1433 54
1434 4
1435 6
1436 8
1437 6
1438 4
1439 14
1440 4
1441 6
1442 20
1443 6
1444 4
1445 14
1446 4
1447 6
1448 8
1449 6
1450 4
1451 38
1452 4
1453 6
1454 8
1455 6
1456 4
1457 14
1458 4
1459 6
1460 20
1461 6
1462 4
1463 14
1464 4
1465 6
1466 8
1467 6
1468 4
1469 38
1470 4
1471 6
1472 8
1473 6
1474 4
1475 14
1476 4
1477 6
1478 20
1479 6
1480 4
1481 14
1482 4
1483 6
1484 8
1485 6
1486 1
1487 55
1488 4
1489 9
1490 4
1491 15
1492 12
1493 9
1494 4
1495 15
1496 4
1497 33
1498 4
1499 15
1500 4
1501 9
1502 12
1503 15
1504 4
1505 9
1506 4
1507 55
1508 4
1509 9
1510 4
1511 15
1512 12
1513 9
1514 4
1515 15
1516 4
1517 33
1518 4
1519 15
1520 4
1521 9
1522 12
1523 15
1524 4
1525 9
1526 4
1527 55
1528 4
1529 9
1530 4
1531 15
1532 12
1533 9
1534 4
1535 15
1536 4
1537 33
1538 4
1539 15
1540 4
1541 1
1542 56
1543 4
1544 15
1545 8
1546 15
1547 4
1548 35
1549 4
1550 15
1551 8
1552 15
1553 4
1554 35
1555 4
1556 15
1557 8
1558 15
1559 4
1560 35
1561 4
1562 15
1563 8
1564 15
1565 4
1566 35
1567 4
1568 15
1569 8
1570 15
1571 4
1572 35
1573 4
1574 15
1575 8
1576 15
1577 4
1578 35
1579 4
1580 15
1581 8
1582 15
1583 4
1584 35
1585 4
1586 15
1587 8
1588 15
1589 4
1590 35
1591 4
1592 15
1593 8
1594 15
1595 4
1596 35
1597 1
1598 57
1599 4
1600 9
1601 8
1602 9
1603 4
1604 21
1605 4
1606 9
1607 20
1608 9
1609 4
1610 21
1611 4
1612 9
1613 8
1614 9
1615 4
1616 57
1617 4
1618 9
1619 8
1620 9
1621 4
1622 21
1623 4
1624 9
1625 20
1626 9
1627 4
1628 21
1629 4
1630 9
1631 8
1632 9
1633 4
1634 57
1635 4
1636 9
1637 8
1638 9
1639 4
1640 21
1641 4
1642 9
1643 20
1644 9
1645 4
1646 21
1647 4
1648 9
1649 8
1650 9
1651 4
1652 57
1653 4
1654 1
1655 58
1656 4
1657 6
1658 4
1659 10
1660 4
1661 6
1662 16
1663 10
1664 4
1665 6
1666 4
1667 10
1668 4
1669 30
1670 4
1671 10
1672 4
1673 6
1674 4
1675 10
1676 16
1677 6
1678 4
1679 10
1680 4
1681 6
1682 4
1683 58
1684 4
1685 6
1686 4
1687 10
1688 4
1689 6
1690 16
1691 10
1692 4
1693 6
1694 4
1695 10
1696 4
1697 30
1698 4
1699 10
1700 4
1701 6
1702 4
1703 10
1704 16
1705 6
1706 4
1707 10
1708 4
1709 6
1710 4
1711 58
1712 1
1713 59
1714 2
1715 3
1716 2
1717 3
1718 2
1719 3
1720 2
1721 3
1722 2
1723 3
1724 2
1725 3
1726 2
1727 3
1728 2
1729 3
1730 2
1731 3
1732 2
1733 3
1734 2
1735 3
1736 2
1737 3
1738 2
1739 3
1740 2
1741 3
1742 30
1743 3
1744 2
1745 3
1746 2
1747 3
1748 2
1749 3
1750 2
1751 3
1752 2
1753 3
1754 2
1755 3
1756 2
1757 3
1758 2
1759 3
1760 2
1761 3
1762 2
1763 3
1764 2
1765 3
1766 2
1767 3
1768 2
1769 3
1770 2
1771 1
1772 60
1773 8
1774 27
1775 8
1776 45
1777 8
1778 27
1779 8
1780 45
1781 8
1782 27
1783 8
1784 45
1785 8
1786 27
1787 8
1788 45
1789 8
1790 27
1791 8
1792 45
1793 8
1794 27
1795 8
1796 45
1797 8
1798 27
1799 8
1800 45
1801 8
1802 27
1803 8
1804 45
1805 8
1806 27
1807 8
1808 45
1809 8
1810 27
1811 8
1812 45
1813 8
1814 27
1815 8
1816 45
1817 8
1818 27
1819 8
1820 45
1821 8
1822 27
1823 8
1824 45
1825 8
1826 27
1827 8
1828 45
1829 8
1830 27
1831 1
1832 61
1833 2
1834 3
1835 4
1836 5
1837 6
1838 7
1839 2
1840 5
1841 4
1842 11
1843 2
1844 13
1845 2
1846 3
1847 16
1848 5
1849 2
1850 7
1851 2
1852 21
1853 4
1854 3
1855 2
1856 13
1857 6
1858 3
1859 4
1860 5
1861 2
1862 31
1863 2
1864 5
1865 4
1866 3
1867 6
1868 13
1869 2
1870 3
1871 4
1872 21
1873 2
1874 7
1875 2
1876 5
1877 16
1878 3
1879 2
1880 13
1881 2
1882 11
1883 4
1884 5
1885 2
1886 7
1887 6
1888 5
1889 4
1890 3
1891 2
1892 1
1893 62
1894 4
1895 6
1896 8
1897 6
1898 12
1899 14
1900 4
1901 6
1902 8
1903 22
1904 4
1905 14
1906 4
1907 6
1908 32
1909 6
1910 4
1911 14
1912 4
1913 22
1914 8
1915 6
1916 4
1917 14
1918 12
1919 6
1920 8
1921 6
1922 4
1923 62
1924 4
1925 6
1926 8
1927 6
1928 12
1929 14
1930 4
1931 6
1932 8
1933 22
1934 4
1935 14
1936 4
1937 6
1938 32
1939 6
1940 4
1941 14
1942 4
1943 22
1944 8
1945 6
1946 4
1947 14
1948 12
1949 6
1950 8
1951 6
1952 4
1953 62
1954 1
1955 63
1956 4
1957 9
1958 16
1959 9
1960 4
1961 49
1962 4
1963 9
1964 16
1965 9
1966 4
1967 49
1968 4
1969 9
1970 16
1971 9
1972 4
1973 49
1974 4
1975 9
1976 16
1977 9
1978 4
1979 49
1980 4
1981 9
1982 16
1983 9
1984 4
1985 49
1986 4
1987 9
1988 16
1989 9
1990 4
1991 49
1992 4
1993 9
1994 16
1995 9
1996 4
1997 49
1998 4
1999 9
2000 16
2001 9
2002 4
2003 49
2004 4
2005 9
2006 16
2007 9
2008 4
2009 49
2010 4
2011 9
2012 16
2013 9
2014 4
2015 49
2016 4
2017 1
2018 64
2019 2
2020 5
2021 2
2022 9
2023 2
2024 5
2025 2
2026 17
2027 2
2028 5
2029 2
2030 9
2031 2
2032 5
2033 2
2034 33
2035 2
2036 5
2037 2
2038 9
2039 2
2040 5
2041 2
2042 17
2043 2
2044 5
2045 2
2046 9
2047 2
2048 5
2049 2
2050 33
2051 2
2052 5
2053 2
2054 9
2055 2
2056 5
2057 2
2058 17
2059 2
2060 5
2061 2
2062 9
2063 2
2064 5
2065 2
2066 33
2067 2
2068 5
2069 2
2070 9
2071 2
2072 5
2073 2
2074 17
2075 2
2076 5
2077 2
2078 9
2079 2
2080 5
2081 1
2082 65
2083 4
2084 9
2085 8
2086 25
2087 4
2088 21
2089 4
2090 25
2091 8
2092 9
2093 4
2094 65
2095 4
2096 9
2097 8
2098 25
2099 4
2100 21
2101 4
2102 25
2103 8
2104 9
2105 4
2106 65
2107 4
2108 9
2109 8
2110 25
2111 4
2112 21
2113 4
2114 25
2115 8
2116 9
2117 4
2118 65
2119 4
2120 9
2121 8
2122 25
2123 4
2124 21
2125 4
2126 25
2127 8
2128 9
2129 4
2130 65
2131 4
2132 9
2133 8
2134 25
2135 4
2136 21
2137 4
2138 25
2139 8
2140 9
2141 4
2142 65
2143 4
2144 9
2145 8
2146 1
2147 66
2148 8
2149 18
2150 8
2151 18
2152 24
2153 18
2154 8
2155 18
2156 8
2157 66
2158 8
2159 18
2160 8
2161 18
2162 24
2163 18
2164 8
2165 18
2166 8
2167 66
2168 8
2169 18
2170 8
2171 18
2172 24
2173 18
2174 8
2175 18
2176 8
2177 66
2178 8
2179 18
2180 8
2181 18
2182 24
2183 18
2184 8
2185 18
2186 8
2187 66
2188 8
2189 18
2190 8
2191 18
2192 24
2193 18
2194 8
2195 18
2196 8
2197 66
2198 8
2199 18
2200 8
2201 18
2202 24
2203 18
2204 8
2205 18
2206 8
2207 66
2208 8
2209 18
2210 8
2211 18
2212 1
2213 67
2214 2
2215 3
2216 4
2217 3
2218 2
2219 7
2220 2
2221 3
2222 4
2223 3
2224 12
2225 7
2226 2
2227 3
2228 4
2229 3
2230 2
2231 7
2232 2
2233 3
2234 4
2235 23
2236 2
2237 7
2238 2
2239 3
2240 4
2241 3
2242 2
2243 7
2244 2
2245 3
2246 34
2247 3
2248 2
2249 7
2250 2
2251 3
2252 4
2253 3
2254 2
2255 7
2256 2
2257 23
2258 4
2259 3
2260 2
2261 7
2262 2
2263 3
2264 4
2265 3
2266 2
2267 7
2268 12
2269 3
2270 4
2271 3
2272 2
2273 7
2274 2
2275 3
2276 4
2277 3
2278 2
2279 1
2280 68
2281 4
2282 9
2283 4
2284 15
2285 4
2286 9
2287 4
2288 27
2289 4
2290 9
2291 4
2292 15
2293 4
2294 9
2295 4
2296 51
2297 4
2298 9
2299 4
2300 15
2301 4
2302 9
2303 4
2304 27
2305 4
2306 9
2307 4
2308 15
2309 4
2310 9
2311 4
2312 51
2313 4
2314 9
2315 4
2316 15
2317 4
2318 9
2319 4
2320 27
2321 4
2322 9
2323 4
2324 15
2325 4
2326 9
2327 4
2328 51
2329 4
2330 9
2331 4
2332 15
2333 4
2334 9
2335 4
2336 27
2337 4
2338 9
2339 4
2340 15
2341 4
2342 9
2343 4
2344 51
2345 4
2346 9
2347 1
2348 69
2349 4
2350 9
2351 4
2352 9
2353 4
2354 9
2355 4
2356 9
2357 4
2358 9
2359 24
2360 9
2361 4
2362 9
2363 4
2364 9
2365 4
2366 9
2367 4
2368 9
2369 4
2370 69
2371 4
2372 9
2373 4
2374 9
2375 4
2376 9
2377 4
2378 9
2379 4
2380 9
2381 24
2382 9
2383 4
2384 9
2385 4
2386 9
2387 4
2388 9
2389 4
2390 9
2391 4
2392 69
2393 4
2394 9
2395 4
2396 9
2397 4
2398 9
2399 4
2400 9
2401 4
2402 9
2403 24
2404 9
2405 4
2406 9
2407 4
2408 9
2409 4
2410 9
2411 4
2412 9
2413 4
2414 69
2415 4
2416 1
2417 70
2418 8
2419 18
2420 16
2421 30
2422 8
2423 42
2424 8
2425 30
2426 16
2427 18
2428 8
2429 70
2430 8
2431 18
2432 16
2433 30
2434 8
2435 42
2436 8
2437 30
2438 16
2439 18
2440 8
2441 70
2442 8
2443 18
2444 16
2445 30
2446 8
2447 42
2448 8
2449 30
2450 16
2451 18
2452 8
2453 70
2454 8
2455 18
2456 16
2457 30
2458 8
2459 42
2460 8
2461 30
2462 16
2463 18
2464 8
2465 70
2466 8
2467 18
2468 16
2469 30
2470 8
2471 42
2472 8
2473 30
2474 16
2475 18
2476 8
2477 70
2478 8
2479 18
2480 16
2481 30
2482 8
2483 42
2484 8
2485 30
2486 1
2487 71
2488 2
2489 3
2490 2
2491 3
2492 6
2493 3
2494 8
2495 3
2496 2
2497 11
2498 2
2499 3
2500 2
2501 15
2502 6
2503 3
2504 2
2505 3
2506 2
2507 11
2508 8
2509 3
2510 2
2511 3
2512 6
2513 3
2514 2
2515 15
2516 2
2517 11
2518 2
2519 3
2520 2
2521 3
2522 36
2523 3
2524 2
2525 3
2526 2
2527 11
2528 2
2529 15
2530 2
2531 3
2532 6
2533 3
2534 2
2535 3
2536 8
2537 11
2538 2
2539 3
2540 2
2541 3
2542 6
2543 15
2544 2
2545 3
2546 2
2547 11
2548 2
2549 3
2550 8
2551 3
2552 6
2553 3
2554 2
2555 3
2556 2
2557 1
2558 72
2559 4
2560 15
2561 8
2562 15
2563 4
2564 35
2565 4
2566 15
2567 8
2568 15
2569 4
2570 35
2571 4
2572 15
2573 8
2574 15
2575 4
2576 35
2577 4
2578 15
2579 8
2580 15
2581 4
2582 35
2583 4
2584 15
2585 8
2586 15
2587 4
2588 35
2589 4
2590 15
2591 8
2592 15
2593 4
2594 35
2595 4
2596 15
2597 8
2598 15
2599 4
2600 35
2601 4
2602 15
2603 8
2604 15
2605 4
2606 35
2607 4
2608 15
2609 8
2610 15
2611 4
2612 35
2613 4
2614 15
2615 8
2616 15
2617 4
2618 35
2619 4
2620 15
2621 8
2622 15
2623 4
2624 35
2625 4
2626 15
2627 8
2628 15
2629 1
2630 73
2631 2
2632 3
2633 4
2634 5
2635 2
2636 7
2637 2
2638 9
2639 10
2640 3
2641 2
2642 13
2643 2
2644 3
2645 4
2646 9
2647 2
2648 19
2649 2
2650 5
2651 4
2652 3
2653 2
2654 25
2655 2
2656 3
2657 10
2658 5
2659 2
2660 7
2661 2
2662 9
2663 4
2664 3
2665 2
2666 37
2667 2
2668 3
2669 4
2670 9
2671 2
2672 7
2673 2
2674 5
2675 10
2676 3
2677 2
2678 25
2679 2
2680 3
2681 4
2682 5
2683 2
2684 19
2685 2
2686 9
2687 4
2688 3
2689 2
2690 13
2691 2
2692 3
2693 10
2694 9
2695 2
2696 7
2697 2
2698 5
2699 4
2700 3
2701 2
2702 1
2703 74
2704 4
2705 6
2706 8
2707 10
2708 4
2709 14
2710 4
2711 10
2712 20
2713 6
2714 4
2715 26
2716 4
2717 6
2718 8
2719 10
2720 4
2721 38
2722 4
2723 10
2724 8
2725 6
2726 4
2727 26
2728 4
2729 6
2730 20
2731 10
2732 4
2733 14
2734 4
2735 10
2736 8
2737 6
2738 4
2739 74
2740 4
2741 6
2742 8
2743 10
2744 4
2745 14
2746 4
2747 10
2748 20
2749 6
2750 4
2751 26
2752 4
2753 6
2754 8
2755 10
2756 4
2757 38
2758 4
2759 10
2760 8
2761 6
2762 4
2763 26
2764 4
2765 6
2766 20
2767 10
2768 4
2769 14
2770 4
2771 10
2772 8
2773 6
2774 4
2775 74
2776 1
2777 75
2778 4
2779 9
2780 4
2781 15
2782 12
2783 9
2784 4
2785 15
2786 4
2787 33
2788 4
2789 15
2790 4
2791 9
2792 12
2793 15
2794 4
2795 9
2796 4
2797 63
2798 4
2799 9
2800 4
2801 15
2802 12
2803 9
2804 4
2805 15
2806 4
2807 33
2808 4
2809 15
2810 4
2811 9
2812 12
2813 15
2814 4
2815 9
2816 4
2817 63
2818 4
2819 9
2820 4
2821 15
2822 12
2823 9
2824 4
2825 15
2826 4
2827 33
2828 4
2829 15
2830 4
2831 9
2832 12
2833 15
2834 4
2835 9
2836 4
2837 63
2838 4
2839 9
2840 4
2841 15
2842 12
2843 9
2844 4
2845 15
2846 4
2847 33
2848 4
2849 15
2850 4
2851 1
2852 76
2853 4
2854 9
2855 8
2856 9
2857 4
2858 21
2859 4
2860 9
2861 20
2862 9
2863 4
2864 21
2865 4
2866 9
2867 8
2868 9
2869 4
2870 57
2871 4
2872 9
2873 8
2874 9
2875 4
2876 21
2877 4
2878 9
2879 20
2880 9
2881 4
2882 21
2883 4
2884 9
2885 8
2886 9
2887 4
2888 57
2889 4
2890 9
2891 8
2892 9
2893 4
2894 21
2895 4
2896 9
2897 20
2898 9
2899 4
2900 21
2901 4
2902 9
2903 8
2904 9
2905 4
2906 57
2907 4
2908 9
2909 8
2910 9
2911 4
2912 21
2913 4
2914 9
2915 20
2916 9
2917 4
2918 21
2919 4
2920 9
2921 8
2922 9
2923 4
2924 57
2925 4
2926 9
2927 1
2928 77
2929 4
2930 9
2931 8
2932 9
2933 12
2934 21
2935 4
2936 9
2937 8
2938 33
2939 4
2940 21
2941 4
2942 9
2943 24
2944 9
2945 4
2946 21
2947 4
2948 33
2949 8
2950 9
2951 4
2952 21
2953 12
2954 9
2955 8
2956 9
2957 4
2958 77
2959 4
2960 9
2961 8
2962 9
2963 12
2964 21
2965 4
2966 9
2967 8
2968 33
2969 4
2970 21
2971 4
2972 9
2973 24
2974 9
2975 4
2976 21
2977 4
2978 33
2979 8
2980 9
2981 4
2982 21
2983 12
2984 9
2985 8
2986 9
2987 4
2988 77
2989 4
2990 9
2991 8
2992 9
2993 12
2994 21
2995 4
2996 9
2997 8
2998 33
2999 4
3000 21
3001 4
3002 9
3003 24
3004 1
3005 78
3006 8
3007 18
3008 16
3009 30
3010 8
3011 42
3012 8
3013 30
3014 16
3015 18
3016 8
3017 78
3018 8
3019 18
3020 16
3021 30
3022 8
3023 42
3024 8
3025 30
3026 16
3027 18
3028 8
3029 78
3030 8
3031 18
3032 16
3033 30
3034 8
3035 42
3036 8
3037 30
3038 16
3039 18
3040 8
3041 78
3042 8
3043 18
3044 16
3045 30
3046 8
3047 42
3048 8
3049 30
3050 16
3051 18
3052 8
3053 78
3054 8
3055 18
3056 16
3057 30
3058 8
3059 42
3060 8
3061 30
3062 16
3063 18
3064 8
3065 78
3066 8
3067 18
3068 16
3069 30
3070 8
3071 42
3072 8
3073 30
3074 16
3075 18
3076 8
3077 78
3078 8
3079 18
3080 16
3081 30
3082 1
3083 79
3084 2
3085 3
3086 4
3087 3
3088 2
3089 7
3090 2
3091 3
3092 4
3093 3
3094 2
3095 7
3096 14
3097 3
3098 4
3099 3
3100 2
3101 7
3102 2
3103 3
3104 4
3105 3
3106 2
3107 7
3108 2
3109 27
3110 4
3111 3
3112 2
3113 7
3114 2
3115 3
3116 4
3117 3
3118 2
3119 7
3120 2
3121 3
3122 40
3123 3
3124 2
3125 7
3126 2
3127 3
3128 4
3129 3
3130 2
3131 7
3132 2
3133 3
3134 4
3135 27
3136 2
3137 7
3138 2
3139 3
3140 4
3141 3
3142 2
3143 7
3144 2
3145 3
3146 4
3147 3
3148 14
3149 7
3150 2
3151 3
3152 4
3153 3
3154 2
3155 7
3156 2
3157 3
3158 4
3159 3
3160 2
3161 1
3162 80
3163 4
3164 15
3165 4
3166 45
3167 4
3168 15
3169 4
3170 45
3171 4
3172 15
3173 4
3174 45
3175 4
3176 15
3177 4
3178 45
3179 4
3180 15
3181 4
3182 45
3183 4
3184 15
3185 4
3186 45
3187 4
3188 15
3189 4
3190 45
3191 4
3192 15
3193 4
3194 45
3195 4
3196 15
3197 4
3198 45
3199 4
3200 15
3201 4
3202 45
3203 4
3204 15
3205 4
3206 45
3207 4
3208 15
3209 4
3210 45
3211 4
3212 15
3213 4
3214 45
3215 4
3216 15
3217 4
3218 45
3219 4
3220 15
3221 4
3222 45
3223 4
3224 15
3225 4
3226 45
3227 4
3228 15
3229 4
3230 45
3231 4
3232 15
3233 4
3234 45
3235 4
3236 15
3237 4
3238 45
3239 4
3240 15
3241 1
3242 81
3243 2
3244 3
3245 4
3246 3
3247 2
3248 7
3249 2
3250 3
3251 10
3252 3
3253 2
3254 7
3255 2
3256 3
3257 4
3258 3
3259 2
3260 19
3261 2
3262 3
3263 4
3264 3
3265 2
3266 7
3267 2
3268 3
3269 28
3270 3
3271 2
3272 7
3273 2
3274 3
3275 4
3276 3
3277 2
3278 19
3279 2
3280 3
3281 4
3282 3
3283 2
3284 7
3285 2
3286 3
3287 10
3288 3
3289 2
3290 7
3291 2
3292 3
3293 4
3294 3
3295 2
3296 55
3297 2
3298 3
3299 4
3300 3
3301 2
3302 7
3303 2
3304 3
3305 10
3306 3
3307 2
3308 7
3309 2
3310 3
3311 4
3312 3
3313 2
3314 19
3315 2
3316 3
3317 4
3318 3
3319 2
3320 7
3321 2
3322 1
3323 82
3324 4
3325 6
3326 4
3327 10
3328 12
3329 6
3330 4
3331 18
3332 4
3333 22
3334 4
3335 10
3336 4
3337 6
3338 12
3339 18
3340 4
3341 6
3342 4
3343 42
3344 4
3345 6
3346 4
3347 18
3348 12
3349 6
3350 4
3351 10
3352 4
3353 22
3354 4
3355 18
3356 4
3357 6
3358 12
3359 10
3360 4
3361 6
3362 4
3363 82
3364 4
3365 6
3366 4
3367 10
3368 12
3369 6
3370 4
3371 18
3372 4
3373 22
3374 4
3375 10
3376 4
3377 6
3378 12
3379 18
3380 4
3381 6
3382 4
3383 42
3384 4
3385 6
3386 4
3387 18
3388 12
3389 6
3390 4
3391 10
3392 4
3393 22
3394 4
3395 18
3396 4
3397 6
3398 12
3399 10
3400 4
3401 6
3402 4
3403 82
3404 1
3405 83
3406 2
3407 3
3408 2
3409 3
3410 2
3411 3
3412 2
3413 3
3414 2
3415 3
3416 2
3417 3
3418 2
3419 3
3420 2
3421 3
3422 2
3423 3
3424 2
3425 3
3426 2
3427 3
3428 2
3429 3
3430 2
3431 3
3432 2
3433 3
3434 2
3435 3
3436 2
3437 3
3438 2
3439 3
3440 2
3441 3
3442 2
3443 3
3444 2
3445 3
3446 42
3447 3
3448 2
3449 3
3450 2
3451 3
3452 2
3453 3
3454 2
3455 3
3456 2
3457 3
3458 2
3459 3
3460 2
3461 3
3462 2
3463 3
3464 2
3465 3
3466 2
3467 3
3468 2
3469 3
3470 2
3471 3
3472 2
3473 3
3474 2
3475 3
3476 2
3477 3
3478 2
3479 3
3480 2
3481 3
3482 2
3483 3
3484 2
3485 3
3486 2
3487 1
3488 84
3489 8
3490 27
3491 16
3492 27
3493 8
3494 63
3495 8
3496 27
3497 16
3498 27
3499 8
3500 63
3501 8
3502 27
3503 16
3504 27
3505 8
3506 63
3507 8
3508 27
3509 16
3510 27
3511 8
3512 63
3513 8
3514 27
3515 16
3516 27
3517 8
3518 63
3519 8
3520 27
3521 16
3522 27
3523 8
3524 63
3525 8
3526 27
3527 16
3528 27
3529 8
3530 63
3531 8
3532 27
3533 16
3534 27
3535 8
3536 63
3537 8
3538 27
3539 16
3540 27
3541 8
3542 63
3543 8
3544 27
3545 16
3546 27
3547 8
3548 63
3549 8
3550 27
3551 16
3552 27
3553 8
3554 63
3555 8
3556 27
3557 16
3558 27
3559 8
3560 63
3561 8
3562 27
3563 16
3564 27
3565 8
3566 63
3567 8
3568 27
3569 16
3570 27
3571 1
3572 85
3573 4
3574 9
3575 4
3576 25
3577 4
3578 9
3579 4
3580 45
3581 4
3582 9
3583 4
3584 25
3585 4
3586 9
3587 4
3588 85
3589 4
3590 9
3591 4
3592 25
3593 4
3594 9
3595 4
3596 45
3597 4
3598 9
3599 4
3600 25
3601 4
3602 9
3603 4
3604 85
3605 4
3606 9
3607 4
3608 25
3609 4
3610 9
3611 4
3612 45
3613 4
3614 9
3615 4
3616 25
3617 4
3618 9
3619 4
3620 85
3621 4
3622 9
3623 4
3624 25
3625 4
3626 9
3627 4
3628 45
3629 4
3630 9
3631 4
3632 25
3633 4
3634 9
3635 4
3636 85
3637 4
3638 9
3639 4
3640 25
3641 4
3642 9
3643 4
3644 45
3645 4
3646 9
3647 4
3648 25
3649 4
3650 9
3651 4
3652 85
3653 4
3654 9
3655 4
3656 1
3657 86
3658 4
3659 6
3660 8
3661 6
3662 4
3663 14
3664 16
3665 6
3666 8
3667 6
3668 4
3669 14
3670 4
3671 30
3672 8
3673 6
3674 4
3675 14
3676 4
3677 6
3678 44
3679 6
3680 4
3681 14
3682 4
3683 6
3684 8
3685 30
3686 4
3687 14
3688 4
3689 6
3690 8
3691 6
3692 16
3693 14
3694 4
3695 6
3696 8
3697 6
3698 4
3699 86
3700 4
3701 6
3702 8
3703 6
3704 4
3705 14
3706 16
3707 6
3708 8
3709 6
3710 4
3711 14
3712 4
3713 30
3714 8
3715 6
3716 4
3717 14
3718 4
3719 6
3720 44
3721 6
3722 4
3723 14
3724 4
3725 6
3726 8
3727 30
3728 4
3729 14
3730 4
3731 6
3732 8
3733 6
3734 16
3735 14
3736 4
3737 6
3738 8
3739 6
3740 4
3741 86
3742 1
3743 87
3744 4
3745 9
3746 4
3747 15
3748 4
3749 9
3750 16
3751 15
3752 4
3753 9
3754 4
3755 15
3756 4
3757 45
3758 4
3759 15
3760 4
3761 9
3762 4
3763 15
3764 16
3765 9
3766 4
3767 15
3768 4
3769 9
3770 4
3771 87
3772 4
3773 9
3774 4
3775 15
3776 4
3777 9
3778 16
3779 15
3780 4
3781 9
3782 4
3783 15
3784 4
3785 45
3786 4
3787 15
3788 4
3789 9
3790 4
3791 15
3792 16
3793 9
3794 4
3795 15
3796 4
3797 9
3798 4
3799 87
3800 4
3801 9
3802 4
3803 15
3804 4
3805 9
3806 16
3807 15
3808 4
3809 9
3810 4
3811 15
3812 4
3813 45
3814 4
3815 15
3816 4
3817 9
3818 4
3819 15
3820 16
3821 9
3822 4
3823 15
3824 4
3825 9
3826 4
3827 87
3828 4
3829 1
3830 88
3831 4
3832 15
3833 4
3834 15
3835 12
3836 15
3837 4
3838 15
3839 4
3840 55
3841 4
3842 15
3843 4
3844 15
3845 12
3846 15
3847 4
3848 15
3849 4
3850 55
3851 4
3852 15
3853 4
3854 15
3855 12
3856 15
3857 4
3858 15
3859 4
3860 55
3861 4
3862 15
3863 4
3864 15
3865 12
3866 15
3867 4
3868 15
3869 4
3870 55
3871 4
3872 15
3873 4
3874 15
3875 12
3876 15
3877 4
3878 15
3879 4
3880 55
3881 4
3882 15
3883 4
3884 15
3885 12
3886 15
3887 4
3888 15
3889 4
3890 55
3891 4
3892 15
3893 4
3894 15
3895 12
3896 15
3897 4
3898 15
3899 4
3900 55
3901 4
3902 15
3903 4
3904 15
3905 12
3906 15
3907 4
3908 15
3909 4
3910 55
3911 4
3912 15
3913 4
3914 15
3915 12
3916 15
3917 1
3918 89
3919 2
3920 3
3921 2
3922 5
3923 2
3924 3
3925 2
3926 9
3927 2
3928 3
3929 12
3930 5
3931 2
3932 3
3933 2
3934 9
3935 2
3936 3
3937 2
3938 5
3939 2
3940 23
3941 2
3942 9
3943 2
3944 3
3945 2
3946 5
3947 2
3948 3
3949 2
3950 9
3951 12
3952 3
3953 2
3954 5
3955 2
3956 3
3957 2
3958 9
3959 2
3960 3
3961 2
3962 45
3963 2
3964 3
3965 2
3966 9
3967 2
3968 3
3969 2
3970 5
3971 2
3972 3
3973 12
3974 9
3975 2
3976 3
3977 2
3978 5
3979 2
3980 3
3981 2
3982 9
3983 2
3984 23
3985 2
3986 5
3987 2
3988 3
3989 2
3990 9
3991 2
3992 3
3993 2
3994 5
3995 12
3996 3
3997 2
3998 9
3999 2
4000 3
4001 2
4002 5
4003 2
4004 3
4005 2
4006 1
4007 90
4008 8
4009 18
4010 16
4011 30
4012 8
4013 42
4014 8
4015 30
4016 16
4017 18
4018 8
4019 70
4020 8
4021 18
4022 16
4023 30
4024 8
4025 42
4026 8
4027 30
4028 16
4029 18
4030 8
4031 70
4032 8
4033 18
4034 16
4035 30
4036 8
4037 42
4038 8
4039 30
4040 16
4041 18
4042 8
4043 70
4044 8
4045 18
4046 16
4047 30
4048 8
4049 42
4050 8
4051 30
4052 16
4053 18
4054 8
4055 70
4056 8
4057 18
4058 16
4059 30
4060 8
4061 42
4062 8
4063 30
4064 16
4065 18
4066 8
4067 70
4068 8
4069 18
4070 16
4071 30
4072 8
4073 42
4074 8
4075 30
4076 16
4077 18
4078 8
4079 70
4080 8
4081 18
4082 16
4083 30
4084 8
4085 42
4086 8
4087 30
4088 16
4089 18
4090 8
4091 70
4092 8
4093 18
4094 16
4095 30
4096 1
4097 91
4098 4
4099 9
4100 16
4101 15
4102 4
4103 49
4104 4
4105 15
4106 16
4107 9
4108 4
4109 91
4110 4
4111 9
4112 16
4113 15
4114 4
4115 49
4116 4
4117 15
4118 16
4119 9
4120 4
4121 91
4122 4
4123 9
4124 16
4125 15
4126 4
4127 49
4128 4
4129 15
4130 16
4131 9
4132 4
4133 91
4134 4
4135 9
4136 16
4137 15
4138 4
4139 49
4140 4
4141 15
4142 16
4143 9
4144 4
4145 91
4146 4
4147 9
4148 16
4149 15
4150 4
4151 49
4152 4
4153 15
4154 16
4155 9
4156 4
4157 91
4158 4
4159 9
4160 16
4161 15
4162 4
4163 49
4164 4
4165 15
4166 16
4167 9
4168 4
4169 91
4170 4
4171 9
4172 16
4173 15
4174 4
4175 49
4176 4
4177 15
4178 16
4179 9
4180 4
4181 91
4182 4
4183 9
4184 16
4185 15
4186 4
4187 1
4188 92
4189 4
4190 9
4191 4
4192 9
4193 4
4194 9
4195 4
4196 9
4197 4
4198 9
4199 24
4200 9
4201 4
4202 9
4203 4
4204 9
4205 4
4206 9
4207 4
4208 9
4209 4
4210 69
4211 4
4212 9
4213 4
4214 9
4215 4
4216 9
4217 4
4218 9
4219 4
4220 9
4221 24
4222 9
4223 4
4224 9
4225 4
4226 9
4227 4
4228 9
4229 4
4230 9
4231 4
4232 69
4233 4
4234 9
4235 4
4236 9
4237 4
4238 9
4239 4
4240 9
4241 4
4242 9
4243 24
4244 9
4245 4
4246 9
4247 4
4248 9
4249 4
4250 9
4251 4
4252 9
4253 4
4254 69
4255 4
4256 9
4257 4
4258 9
4259 4
4260 9
4261 4
4262 9
4263 4
4264 9
4265 24
4266 9
4267 4
4268 9
4269 4
4270 9
4271 4
4272 9
4273 4
4274 9
4275 4
4276 69
4277 4
4278 9
4279 1
4280 93
4281 4
4282 9
4283 8
4284 9
4285 12
4286 21
4287 4
4288 9
4289 8
4290 33
4291 4
4292 21
4293 4
4294 9
4295 32
4296 9
4297 4
4298 21
4299 4
4300 33
4301 8
4302 9
4303 4
4304 21
4305 12
4306 9
4307 8
4308 9
4309 4
4310 93
4311 4
4312 9
4313 8
4314 9
4315 12
4316 21
4317 4
4318 9
4319 8
4320 33
4321 4
4322 21
4323 4
4324 9
4325 32
4326 9
4327 4
4328 21
4329 4
4330 33
4331 8
4332 9
4333 4
4334 21
4335 12
4336 9
4337 8
4338 9
4339 4
4340 93
4341 4
4342 9
4343 8
4344 9
4345 12
4346 21
4347 4
4348 9
4349 8
4350 33
4351 4
4352 21
4353 4
4354 9
4355 32
4356 9
4357 4
4358 21
4359 4
4360 33
4361 8
4362 9
4363 4
4364 21
4365 12
4366 9
4367 8
4368 9
4369 4
4370 93
4371 4
4372 1
4373 94
4374 4
4375 6
4376 4
4377 6
4378 4
4379 6
4380 4
4381 6
4382 4
4383 6
4384 4
4385 6
4386 4
4387 6
4388 4
4389 6
4390 4
4391 6
4392 4
4393 6
4394 4
4395 6
4396 48
4397 6
4398 4
4399 6
4400 4
4401 6
4402 4
4403 6
4404 4
4405 6
4406 4
4407 6
4408 4
4409 6
4410 4
4411 6
4412 4
4413 6
4414 4
4415 6
4416 4
4417 6
4418 4
4419 94
4420 4
4421 6
4422 4
4423 6
4424 4
4425 6
4426 4
4427 6
4428 4
4429 6
4430 4
4431 6
4432 4
4433 6
4434 4
4435 6
4436 4
4437 6
4438 4
4439 6
4440 4
4441 6
4442 48
4443 6
4444 4
4445 6
4446 4
4447 6
4448 4
4449 6
4450 4
4451 6
4452 4
4453 6
4454 4
4455 6
4456 4
4457 6
4458 4
4459 6
4460 4
4461 6
4462 4
4463 6
4464 4
4465 94
4466 1
4467 95
4468 4
4469 9
4470 8
4471 15
4472 4
4473 21
4474 4
4475 15
4476 20
4477 9
4478 4
4479 35
4480 4
4481 9
4482 8
4483 15
4484 4
4485 57
4486 4
4487 15
4488 8
4489 9
4490 4
4491 35
4492 4
4493 9
4494 20
4495 15
4496 4
4497 21
4498 4
4499 15
4500 8
4501 9
4502 4
4503 95
4504 4
4505 9
4506 8
4507 15
4508 4
4509 21
4510 4
4511 15
4512 20
4513 9
4514 4
4515 35
4516 4
4517 9
4518 8
4519 15
4520 4
4521 57
4522 4
4523 15
4524 8
4525 9
4526 4
4527 35
4528 4
4529 9
4530 20
4531 15
4532 4
4533 21
4534 4
4535 15
4536 8
4537 9
4538 4
4539 95
4540 4
4541 9
4542 8
4543 15
4544 4
4545 21
4546 4
4547 15
4548 20
4549 9
4550 4
4551 35
4552 4
4553 9
4554 8
4555 15
4556 4
4557 57
4558 4
4559 15
4560 8
4561 1
4562 96
4563 4
4564 15
4565 4
4566 27
4567 4
4568 15
4569 4
4570 51
4571 4
4572 15
4573 4
4574 27
4575 4
4576 15
4577 4
4578 51
4579 4
4580 15
4581 4
4582 27
4583 4
4584 15
4585 4
4586 51
4587 4
4588 15
4589 4
4590 27
4591 4
4592 15
4593 4
4594 51
4595 4
4596 15
4597 4
4598 27
4599 4
4600 15
4601 4
4602 51
4603 4
4604 15
4605 4
4606 27
4607 4
4608 15
4609 4
4610 51
4611 4
4612 15
4613 4
4614 27
4615 4
4616 15
4617 4
4618 51
4619 4
4620 15
4621 4
4622 27
4623 4
4624 15
4625 4
4626 51
4627 4
4628 15
4629 4
4630 27
4631 4
4632 15
4633 4
4634 51
4635 4
4636 15
4637 4
4638 27
4639 4
4640 15
4641 4
4642 51
4643 4
4644 15
4645 4
4646 27
4647 4
4648 15
4649 4
4650 51
4651 4
4652 15
4653 4
4654 27
4655 4
4656 15
4657 1
4658 97
4659 2
4660 3
4661 4
4662 5
4663 2
4664 7
4665 2
4666 9
4667 4
4668 3
4669 2
4670 13
4671 2
4672 3
4673 4
4674 17
4675 2
4676 7
4677 2
4678 5
4679 4
4680 3
4681 2
4682 25
4683 2
4684 3
4685 4
4686 5
4687 2
4688 7
4689 2
4690 33
4691 4
4692 3
4693 2
4694 13
4695 2
4696 3
4697 4
4698 9
4699 2
4700 7
4701 2
4702 5
4703 4
4704 3
4705 2
4706 49
4707 2
4708 3
4709 4
4710 5
4711 2
4712 7
4713 2
4714 9
4715 4
4716 3
4717 2
4718 13
4719 2
4720 3
4721 4
4722 33
4723 2
4724 7
4725 2
4726 5
4727 4
4728 3
4729 2
4730 25
4731 2
4732 3
4733 4
4734 5
4735 2
4736 7
4737 2
4738 17
4739 4
4740 3
4741 2
4742 13
4743 2
4744 3
4745 4
4746 9
4747 2
4748 7
4749 2
4750 5
4751 4
4752 3
4753 2
4754 1
4755 98
4756 4
4757 6
4758 8
4759 6
4760 4
4761 14
4762 16
4763 6
4764 8
4765 6
4766 4
4767 14
4768 4
4769 30
4770 8
4771 6
4772 4
4773 14
4774 4
4775 6
4776 44
4777 6
4778 4
4779 14
4780 4
4781 6
4782 8
4783 30
4784 4
4785 14
4786 4
4787 6
4788 8
4789 6
4790 16
4791 14
4792 4
4793 6
4794 8
4795 6
4796 4
4797 86
4798 4
4799 6
4800 8
4801 6
4802 4
4803 14
4804 16
4805 6
4806 8
4807 6
4808 4
4809 14
4810 4
4811 30
4812 8
4813 6
4814 4
4815 14
4816 4
4817 6
4818 44
4819 6
4820 4
4821 14
4822 4
4823 6
4824 8
4825 30
4826 4
4827 14
4828 4
4829 6
4830 8
4831 6
4832 16
4833 14
4834 4
4835 6
4836 8
4837 6
4838 4
4839 86
4840 4
4841 6
4842 8
4843 6
4844 4
4845 14
4846 16
4847 6
4848 8
4849 6
4850 4
4851 14
4852 1
4853 99
4854 4
4855 9
4856 8
4857 9
4858 12
4859 21
4860 4
4861 9
4862 8
4863 33
4864 4
4865 21
4866 4
4867 9
4868 24
4869 9
4870 4
4871 21
4872 4
4873 33
4874 8
4875 9
4876 4
4877 21
4878 12
4879 9
4880 8
4881 9
4882 4
4883 77
4884 4
4885 9
4886 8
4887 9
4888 12
4889 21
4890 4
4891 9
4892 8
4893 33
4894 4
4895 21
4896 4
4897 9
4898 24
4899 9
4900 4
4901 21
4902 4
4903 33
4904 8
4905 9
4906 4
4907 21
4908 12
4909 9
4910 8
4911 9
4912 4
4913 77
4914 4
4915 9
4916 8
4917 9
4918 12
4919 21
4920 4
4921 9
4922 8
4923 33
4924 4
4925 21
4926 4
4927 9
4928 24
4929 9
4930 4
4931 21
4932 4
4933 33
4934 8
4935 9
4936 4
4937 21
4938 12
4939 9
4940 8
4941 9
4942 4
4943 77
4944 4
4945 9
4946 8
4947 9
4948 12
4949 21
4950 4
4951 1
4952 100
4953 4
4954 9
4955 4
4956 15
4957 12
4958 9
4959 4
4960 15
4961 4
4962 33
4963 4
4964 15
4965 4
4966 9
4967 12
4968 15
4969 4
4970 9
4971 4
4972 63
4973 4
4974 9
4975 4
4976 15
4977 12
4978 9
4979 4
4980 15
4981 4
4982 33
4983 4
4984 15
4985 4
4986 9
4987 12
4988 15
4989 4
4990 9
4991 4
4992 63
4993 4
4994 9
4995 4
4996 15
4997 12
4998 9
4999 4
5000 15
5001 4
5002 33
5003 4
5004 15
5005 4
5006 9
5007 12
5008 15
5009 4
5010 9
5011 4
5012 63
5013 4
5014 9
5015 4
5016 15
5017 12
5018 9
5019 4
5020 15
5021 4
5022 33
5023 4
5024 15
5025 4
5026 9
5027 12
5028 15
5029 4
5030 9
5031 4
5032 63
5033 4
5034 9
5035 4
5036 15
5037 12
5038 9
5039 4
5040 15
5041 4
5042 33
5043 4
5044 15
5045 4
5046 9
5047 12
5048 15
5049 4
5050 9
5051 1
5052 101
5053 2
5054 3
5055 2
5056 5
5057 6
5058 3
5059 2
5060 5
5061 2
5062 11
5063 2
5064 5
5065 2
5066 3
5067 6
5068 5
5069 2
5070 3
5071 2
5072 21
5073 2
5074 3
5075 2
5076 5
5077 26
5078 3
5079 2
5080 5
5081 2
5082 11
5083 2
5084 5
5085 2
5086 3
5087 6
5088 5
5089 2
5090 3
5091 2
5092 21
5093 2
5094 3
5095 2
5096 5
5097 6
5098 3
5099 2
5100 5
5101 2
5102 51
5103 2
5104 5
5105 2
5106 3
5107 6
5108 5
5109 2
5110 3
5111 2
5112 21
5113 2
5114 3
5115 2
5116 5
5117 6
5118 3
5119 2
5120 5
5121 2
5122 11
5123 2
5124 5
5125 2
5126 3
5127 26
5128 5
5129 2
5130 3
5131 2
5132 21
5133 2
5134 3
5135 2
5136 5
5137 6
5138 3
5139 2
5140 5
5141 2
5142 11
5143 2
5144 5
5145 2
5146 3
5147 6
5148 5
5149 2
5150 3
5151 2
5152 1
5153 102
5154 8
5155 18
5156 8
5157 30
5158 8
5159 18
5160 8
5161 54
5162 8
5163 18
5164 8
5165 30
5166 8
5167 18
5168 8
5169 102
5170 8
5171 18
5172 8
5173 30
5174 8
5175 18
5176 8
5177 54
5178 8
5179 18
5180 8
5181 30
5182 8
5183 18
5184 8
5185 102
5186 8
5187 18
5188 8
5189 30
5190 8
5191 18
5192 8
5193 54
5194 8
5195 18
5196 8
5197 30
5198 8
5199 18
5200 8
5201 102
5202 8
5203 18
5204 8
5205 30
5206 8
5207 18
5208 8
5209 54
5210 8
5211 18
5212 8
5213 30
5214 8
5215 18
5216 8
5217 102
5218 8
5219 18
5220 8
5221 30
5222 8
5223 18
5224 8
5225 54
5226 8
5227 18
5228 8
5229 30
5230 8
5231 18
5232 8
5233 102
5234 8
5235 18
5236 8
5237 30
5238 8
5239 18
5240 8
5241 54
5242 8
5243 18
5244 8
5245 30
5246 8
5247 18
5248 8
5249 102
5250 8
5251 18
5252 8
5253 30
5254 1
5255 103
5256 2
5257 3
5258 4
5259 3
5260 2
5261 7
5262 2
5263 3
5264 4
5265 3
5266 2
5267 7
5268 2
5269 3
5270 4
5271 3
5272 18
5273 7
5274 2
5275 3
5276 4
5277 3
5278 2
5279 7
5280 2
5281 3
5282 4
5283 3
5284 2
5285 7
5286 2
5287 3
5288 4
5289 35
5290 2
5291 7
5292 2
5293 3
5294 4
5295 3
5296 2
5297 7
5298 2
5299 3
5300 4
5301 3
5302 2
5303 7
5304 2
5305 3
5306 52
5307 3
5308 2
5309 7
5310 2
5311 3
5312 4
5313 3
5314 2
5315 7
5316 2
5317 3
5318 4
5319 3
5320 2
5321 7
5322 2
5323 35
5324 4
5325 3
5326 2
5327 7
5328 2
5329 3
5330 4
5331 3
5332 2
5333 7
5334 2
5335 3
5336 4
5337 3
5338 2
5339 7
5340 18
5341 3
5342 4
5343 3
5344 2
5345 7
5346 2
5347 3
5348 4
5349 3
5350 2
5351 7
5352 2
5353 3
5354 4
5355 3
5356 2
5357 1
5358 104
5359 4
5360 15
5361 8
5362 25
5363 4
5364 35
5365 4
5366 25
5367 8
5368 15
5369 4
5370 65
5371 4
5372 15
5373 8
5374 25
5375 4
5376 35
5377 4
5378 25
5379 8
5380 15
5381 4
5382 65
5383 4
5384 15
5385 8
5386 25
5387 4
5388 35
5389 4
5390 25
5391 8
5392 15
5393 4
5394 65
5395 4
5396 15
5397 8
5398 25
5399 4
5400 35
5401 4
5402 25
5403 8
5404 15
5405 4
5406 65
5407 4
5408 15
5409 8
5410 25
5411 4
5412 35
5413 4
5414 25
5415 8
5416 15
5417 4
5418 65
5419 4
5420 15
5421 8
5422 25
5423 4
5424 35
5425 4
5426 25
5427 8
5428 15
5429 4
5430 65
5431 4
5432 15
5433 8
5434 25
5435 4
5436 35
5437 4
5438 25
5439 8
5440 15
5441 4
5442 65
5443 4
5444 15
5445 8
5446 25
5447 4
5448 35
5449 4
5450 25
5451 8
5452 15
5453 4
5454 65
5455 4
5456 15
5457 8
5458 25
5459 4
5460 35
5461 1
5462 105
5463 8
5464 27
5465 16
5466 45
5467 8
5468 63
5469 8
5470 45
5471 16
5472 27
5473 8
5474 105
5475 8
5476 27
5477 16
5478 45
5479 8
5480 63
5481 8
5482 45
5483 16
5484 27
5485 8
5486 105
5487 8
5488 27
5489 16
5490 45
5491 8
5492 63
5493 8
5494 45
5495 16
5496 27
5497 8
5498 105
5499 8
5500 27
5501 16
5502 45
5503 8
5504 63
5505 8
5506 45
5507 16
5508 27
5509 8
5510 105
5511 8
5512 27
5513 16
5514 45
5515 8
5516 63
5517 8
5518 45
5519 16
5520 27
5521 8
5522 105
5523 8
5524 27
5525 16
5526 45
5527 8
5528 63
5529 8
5530 45
5531 16
5532 27
5533 8
5534 105
5535 8
5536 27
5537 16
5538 45
5539 8
5540 63
5541 8
5542 45
5543 16
5544 27
5545 8
5546 105
5547 8
5548 27
5549 16
5550 45
5551 8
5552 63
5553 8
5554 45
5555 16
5556 27
5557 8
5558 105
5559 8
5560 27
5561 16
5562 45
5563 8
5564 63
5565 8
5566 1
5567 106
5568 4
5569 6
5570 4
5571 10
5572 4
5573 6
5574 4
5575 10
5576 4
5577 6
5578 4
5579 10
5580 28
5581 6
5582 4
5583 10
5584 4
5585 6
5586 4
5587 10
5588 4
5589 6
5590 4
5591 10
5592 4
5593 54
5594 4
5595 10
5596 4
5597 6
5598 4
5599 10
5600 4
5601 6
5602 4
5603 10
5604 4
5605 6
5606 28
5607 10
5608 4
5609 6
5610 4
5611 10
5612 4
5613 6
5614 4
5615 10
5616 4
5617 6
5618 4
5619 106
5620 4
5621 6
5622 4
5623 10
5624 4
5625 6
5626 4
5627 10
5628 4
5629 6
5630 4
5631 10
5632 28
5633 6
5634 4
5635 10
5636 4
5637 6
5638 4
5639 10
5640 4
5641 6
5642 4
5643 10
5644 4
5645 54
5646 4
5647 10
5648 4
5649 6
5650 4
5651 10
5652 4
5653 6
5654 4
5655 10
5656 4
5657 6
5658 28
5659 10
5660 4
5661 6
5662 4
5663 10
5664 4
5665 6
5666 4
5667 10
5668 4
5669 6
5670 4
5671 106
5672 1
5673 107
5674 2
5675 3
5676 2
5677 3
5678 2
5679 3
5680 2
5681 3
5682 2
5683 3
5684 2
5685 3
5686 2
5687 3
5688 2
5689 3
5690 2
5691 3
5692 2
5693 3
5694 2
5695 3
5696 2
5697 3
5698 2
5699 3
5700 2
5701 3
5702 2
5703 3
5704 2
5705 3
5706 2
5707 3
5708 2
5709 3
5710 2
5711 3
5712 2
5713 3
5714 2
5715 3
5716 2
5717 3
5718 2
5719 3
5720 2
5721 3
5722 2
5723 3
5724 2
5725 3
5726 54
5727 3
5728 2
5729 3
5730 2
5731 3
5732 2
5733 3
5734 2
5735 3
5736 2
5737 3
5738 2
5739 3
5740 2
5741 3
5742 2
5743 3
5744 2
5745 3
5746 2
5747 3
5748 2
5749 3
5750 2
5751 3
5752 2
5753 3
5754 2
5755 3
5756 2
5757 3
5758 2
5759 3
5760 2
5761 3
5762 2
5763 3
5764 2
5765 3
5766 2
5767 3
5768 2
5769 3
5770 2
5771 3
5772 2
5773 3
5774 2
5775 3
5776 2
5777 3
5778 2
5779 1
5780 108
5781 4
5782 9
5783 8
5784 9
5785 4
5786 21
5787 4
5788 9
5789 20
5790 9
5791 4
5792 21
5793 4
5794 9
5795 8
5796 9
5797 4
5798 57
5799 4
5800 9
5801 8
5802 9
5803 4
5804 21
5805 4
5806 9
5807 20
5808 9
5809 4
5810 21
5811 4
5812 9
5813 8
5814 9
5815 4
5816 57
5817 4
5818 9
5819 8
5820 9
5821 4
5822 21
5823 4
5824 9
5825 20
5826 9
5827 4
5828 21
5829 4
5830 9
5831 8
5832 9
5833 4
5834 57
5835 4
5836 9
5837 8
5838 9
5839 4
5840 21
5841 4
5842 9
5843 20
5844 9
5845 4
5846 21
5847 4
5848 9
5849 8
5850 9
5851 4
5852 57
5853 4
5854 9
5855 8
5856 9
5857 4
5858 21
5859 4
5860 9
5861 20
5862 9
5863 4
5864 21
5865 4
5866 9
5867 8
5868 9
5869 4
5870 57
5871 4
5872 9
5873 8
5874 9
5875 4
5876 21
5877 4
5878 9
5879 20
5880 9
5881 4
5882 21
5883 4
5884 9
5885 8
5886 9
5887 1
5888 109
5889 2
5890 3
5891 4
5892 5
5893 2
5894 7
5895 2
5896 5
5897 10
5898 3
5899 2
5900 13
5901 2
5902 3
5903 4
5904 5
5905 2
5906 19
5907 2
5908 5
5909 4
5910 3
5911 2
5912 13
5913 2
5914 3
5915 28
5916 5
5917 2
5918 7
5919 2
5920 5
5921 4
5922 3
5923 2
5924 37
5925 2
5926 3
5927 4
5928 5
5929 2
5930 7
5931 2
5932 5
5933 10
5934 3
5935 2
5936 13
5937 2
5938 3
5939 4
5940 5
5941 2
5942 55
5943 2
5944 5
5945 4
5946 3
5947 2
5948 13
5949 2
5950 3
5951 10
5952 5
5953 2
5954 7
5955 2
5956 5
5957 4
5958 3
5959 2
5960 37
5961 2
5962 3
5963 4
5964 5
5965 2
5966 7
5967 2
5968 5
5969 28
5970 3
5971 2
5972 13
5973 2
5974 3
5975 4
5976 5
5977 2
5978 19
5979 2
5980 5
5981 4
5982 3
5983 2
5984 13
5985 2
5986 3
5987 10
5988 5
5989 2
5990 7
5991 2
5992 5
5993 4
5994 3
5995 2
5996 1
5997 110
5998 8
5999 18
6000 8
6001 30
6002 24
6003 18
6004 8
6005 30
6006 8
6007 66
6008 8
6009 30
6010 8
6011 18
6012 24
6013 30
6014 8
6015 18
6016 8
6017 110
6018 8
6019 18
6020 8
6021 30
6022 24
6023 18
6024 8
6025 30
6026 8
6027 66
6028 8
6029 30
6030 8
6031 18
6032 24
6033 30
6034 8
6035 18
6036 8
6037 110
6038 8
6039 18
6040 8
6041 30
6042 24
6043 18
6044 8
6045 30
6046 8
6047 66
6048 8
6049 30
6050 8
6051 18
6052 24
6053 30
6054 8
6055 18
6056 8
6057 110
6058 8
6059 18
6060 8
6061 30
6062 24
6063 18
6064 8
6065 30
6066 8
6067 66
6068 8
6069 30
6070 8
6071 18
6072 24
6073 30
6074 8
6075 18
6076 8
6077 110
6078 8
6079 18
6080 8
6081 30
6082 24
6083 18
6084 8
6085 30
6086 8
6087 66
6088 8
6089 30
6090 8
6091 18
6092 24
6093 30
6094 8
6095 18
6096 8
6097 110
6098 8
6099 18
6100 8
6101 30
6102 24
6103 18
6104 8
6105 30
6106 1
6107 111
6108 4
6109 9
6110 8
6111 15
6112 4
6113 21
6114 4
6115 15
6116 20
6117 9
6118 4
6119 39
6120 4
6121 9
6122 8
6123 15
6124 4
6125 57
6126 4
6127 15
6128 8
6129 9
6130 4
6131 39
6132 4
6133 9
6134 20
6135 15
6136 4
6137 21
6138 4
6139 15
6140 8
6141 9
6142 4
6143 111
6144 4
6145 9
6146 8
6147 15
6148 4
6149 21
6150 4
6151 15
6152 20
6153 9
6154 4
6155 39
6156 4
6157 9
6158 8
6159 15
6160 4
6161 57
6162 4
6163 15
6164 8
6165 9
6166 4
6167 39
6168 4
6169 9
6170 20
6171 15
6172 4
6173 21
6174 4
6175 15
6176 8
6177 9
6178 4
6179 111
6180 4
6181 9
6182 8
6183 15
6184 4
6185 21
6186 4
6187 15
6188 20
6189 9
6190 4
6191 39
6192 4
6193 9
6194 8
6195 15
6196 4
6197 57
6198 4
6199 15
6200 8
6201 9
6202 4
6203 39
6204 4
6205 9
6206 20
6207 15
6208 4
6209 21
6210 4
6211 15
6212 8
6213 9
6214 4
6215 111
6216 4
6217 1
6218 112
6219 4
6220 15
6221 8
6222 27
6223 4
6224 35
6225 4
6226 27
6227 8
6228 15
6229 4
6230 63
6231 4
6232 15
6233 8
6234 27
6235 4
6236 35
6237 4
6238 27
6239 8
6240 15
6241 4
6242 63
6243 4
6244 15
6245 8
6246 27
6247 4
6248 35
6249 4
6250 27
6251 8
6252 15
6253 4
6254 63
6255 4
6256 15
6257 8
6258 27
6259 4
6260 35
6261 4
6262 27
6263 8
6264 15
6265 4
6266 63
6267 4
6268 15
6269 8
6270 27
6271 4
6272 35
6273 4
6274 27
6275 8
6276 15
6277 4
6278 63
6279 4
6280 15
6281 8
6282 27
6283 4
6284 35
6285 4
6286 27
6287 8
6288 15
6289 4
6290 63
6291 4
6292 15
6293 8
6294 27
6295 4
6296 35
6297 4
6298 27
6299 8
6300 15
6301 4
6302 63
6303 4
6304 15
6305 8
6306 27
6307 4
6308 35
6309 4
6310 27
6311 8
6312 15
6313 4
6314 63
6315 4
6316 15
6317 8
6318 27
6319 4
6320 35
6321 4
6322 27
6323 8
6324 15
6325 4
6326 63
6327 4
6328 15
6329 1
6330 113
6331 2
6332 3
6333 2
6334 5
6335 2
6336 3
6337 8
6338 9
6339 2
6340 3
6341 2
6342 5
6343 2
6344 15
6345 2
6346 17
6347 2
6348 3
6349 2
6350 5
6351 8
6352 3
6353 2
6354 9
6355 2
6356 3
6357 2
6358 29
6359 2
6360 3
6361 2
6362 17
6363 2
6364 3
6365 8
6366 5
6367 2
6368 3
6369 2
6370 9
6371 2
6372 15
6373 2
6374 5
6375 2
6376 3
6377 2
6378 17
6379 8
6380 3
6381 2
6382 5
6383 2
6384 3
6385 2
6386 57
6387 2
6388 3
6389 2
6390 5
6391 2
6392 3
6393 8
6394 17
6395 2
6396 3
6397 2
6398 5
6399 2
6400 15
6401 2
6402 9
6403 2
6404 3
6405 2
6406 5
6407 8
6408 3
6409 2
6410 17
6411 2
6412 3
6413 2
6414 29
6415 2
6416 3
6417 2
6418 9
6419 2
6420 3
6421 8
6422 5
6423 2
6424 3
6425 2
6426 17
6427 2
6428 15
6429 2
6430 5
6431 2
6432 3
6433 2
6434 9
6435 8
6436 3
6437 2
6438 5
6439 2
6440 3
6441 2
6442 1
6443 114
6444 8
6445 18
6446 16
6447 18
6448 8
6449 42
6450 8
6451 18
6452 40
6453 18
6454 8
6455 42
6456 8
6457 18
6458 16
6459 18
6460 8
6461 114
6462 8
6463 18
6464 16
6465 18
6466 8
6467 42
6468 8
6469 18
6470 40
6471 18
6472 8
6473 42
6474 8
6475 18
6476 16
6477 18
6478 8
6479 114
6480 8
6481 18
6482 16
6483 18
6484 8
6485 42
6486 8
6487 18
6488 40
6489 18
6490 8
6491 42
6492 8
6493 18
6494 16
6495 18
6496 8
6497 114
6498 8
6499 18
6500 16
6501 18
6502 8
6503 42
6504 8
6505 18
6506 40
6507 18
6508 8
6509 42
6510 8
6511 18
6512 16
6513 18
6514 8
6515 114
6516 8
6517 18
6518 16
6519 18
6520 8
6521 42
6522 8
6523 18
6524 40
6525 18
6526 8
6527 42
6528 8
6529 18
6530 16
6531 18
6532 8
6533 114
6534 8
6535 18
6536 16
6537 18
6538 8
6539 42
6540 8
6541 18
6542 40
6543 18
6544 8
6545 42
6546 8
6547 18
6548 16
6549 18
6550 8
6551 114
6552 8
6553 18
6554 16
6555 18
6556 1
6557 115
6558 4
6559 9
6560 4
6561 15
6562 4
6563 9
6564 4
6565 15
6566 4
6567 9
6568 24
6569 15
6570 4
6571 9
6572 4
6573 15
6574 4
6575 9
6576 4
6577 15
6578 4
6579 69
6580 4
6581 15
6582 4
6583 9
6584 4
6585 15
6586 4
6587 9
6588 4
6589 15
6590 24
6591 9
6592 4
6593 15
6594 4
6595 9
6596 4
6597 15
6598 4
6599 9
6600 4
6601 115
6602 4
6603 9
6604 4
6605 15
6606 4
6607 9
6608 4
6609 15
6610 4
6611 9
6612 24
6613 15
6614 4
6615 9
6616 4
6617 15
6618 4
6619 9
6620 4
6621 15
6622 4
6623 69
6624 4
6625 15
6626 4
6627 9
6628 4
6629 15
6630 4
6631 9
6632 4
6633 15
6634 24
6635 9
6636 4
6637 15
6638 4
6639 9
6640 4
6641 15
6642 4
6643 9
6644 4
6645 115
6646 4
6647 9
6648 4
6649 15
6650 4
6651 9
6652 4
6653 15
6654 4
6655 9
6656 24
6657 15
6658 4
6659 9
6660 4
6661 15
6662 4
6663 9
6664 4
6665 15
6666 4
6667 69
6668 4
6669 15
6670 4
6671 1
6672 116
6673 4
6674 9
6675 4
6676 15
6677 4
6678 9
6679 16
6680 15
6681 4
6682 9
6683 4
6684 15
6685 4
6686 45
6687 4
6688 15
6689 4
6690 9
6691 4
6692 15
6693 16
6694 9
6695 4
6696 15
6697 4
6698 9
6699 4
6700 87
6701 4
6702 9
6703 4
6704 15
6705 4
6706 9
6707 16
6708 15
6709 4
6710 9
6711 4
6712 15
6713 4
6714 45
6715 4
6716 15
6717 4
6718 9
6719 4
6720 15
6721 16
6722 9
6723 4
6724 15
6725 4
6726 9
6727 4
6728 87
6729 4
6730 9
6731 4
6732 15
6733 4
6734 9
6735 16
6736 15
6737 4
6738 9
6739 4
6740 15
6741 4
6742 45
6743 4
6744 15
6745 4
6746 9
6747 4
6748 15
6749 16
6750 9
6751 4
6752 15
6753 4
6754 9
6755 4
6756 87
6757 4
6758 9
6759 4
6760 15
6761 4
6762 9
6763 16
6764 15
6765 4
6766 9
6767 4
6768 15
6769 4
6770 45
6771 4
6772 15
6773 4
6774 9
6775 4
6776 15
6777 16
6778 9
6779 4
6780 15
6781 4
6782 9
6783 4
6784 87
6785 4
6786 9
6787 1
6788 117
6789 4
6790 9
6791 16
6792 15
6793 4
6794 49
6795 4
6796 15
6797 16
6798 9
6799 4
6800 91
6801 4
6802 9
6803 16
6804 15
6805 4
6806 49
6807 4
6808 15
6809 16
6810 9
6811 4
6812 91
6813 4
6814 9
6815 16
6816 15
6817 4
6818 49
6819 4
6820 15
6821 16
6822 9
6823 4
6824 91
6825 4
6826 9
6827 16
6828 15
6829 4
6830 49
6831 4
6832 15
6833 16
6834 9
6835 4
6836 91
6837 4
6838 9
6839 16
6840 15
6841 4
6842 49
6843 4
6844 15
6845 16
6846 9
6847 4
6848 91
6849 4
6850 9
6851 16
6852 15
6853 4
6854 49
6855 4
6856 15
6857 16
6858 9
6859 4
6860 91
6861 4
6862 9
6863 16
6864 15
6865 4
6866 49
6867 4
6868 15
6869 16
6870 9
6871 4
6872 91
6873 4
6874 9
6875 16
6876 15
6877 4
6878 49
6879 4
6880 15
6881 16
6882 9
6883 4
6884 91
6885 4
6886 9
6887 16
6888 15
6889 4
6890 49
6891 4
6892 15
6893 16
6894 9
6895 4
6896 91
6897 4
6898 9
6899 16
6900 15
6901 4
6902 49
6903 4
6904 1
6905 118
6906 4
6907 6
6908 4
6909 6
6910 4
6911 6
6912 4
6913 6
6914 4
6915 6
6916 4
6917 6
6918 4
6919 6
6920 4
6921 6
6922 4
6923 6
6924 4
6925 6
6926 4
6927 6
6928 4
6929 6
6930 4
6931 6
6932 4
6933 6
6934 60
6935 6
6936 4
6937 6
6938 4
6939 6
6940 4
6941 6
6942 4
6943 6
6944 4
6945 6
6946 4
6947 6
6948 4
6949 6
6950 4
6951 6
6952 4
6953 6
6954 4
6955 6
6956 4
6957 6
6958 4
6959 6
6960 4
6961 6
6962 4
6963 118
6964 4
6965 6
6966 4
6967 6
6968 4
6969 6
6970 4
6971 6
6972 4
6973 6
6974 4
6975 6
6976 4
6977 6
6978 4
6979 6
6980 4
6981 6
6982 4
6983 6
6984 4
6985 6
6986 4
6987 6
6988 4
6989 6
6990 4
6991 6
6992 60
6993 6
6994 4
6995 6
6996 4
6997 6
6998 4
6999 6
7000 4
7001 6
7002 4
7003 6
7004 4
7005 6
7006 4
7007 6
7008 4
7009 6
7010 4
7011 6
7012 4
7013 6
7014 4
7015 6
7016 4
7017 6
7018 4
7019 6
7020 4
7021 118
7022 1
7023 119
7024 4
7025 9
7026 8
7027 15
7028 4
7029 21
7030 4
7031 27
7032 8
7033 9
7034 4
7035 35
7036 4
7037 9
7038 8
7039 51
7040 4
7041 21
7042 4
7043 15
7044 8
7045 9
7046 4
7047 63
7048 4
7049 9
7050 8
7051 15
7052 4
7053 21
7054 4
7055 51
7056 8
7057 9
7058 4
7059 35
7060 4
7061 9
7062 8
7063 27
7064 4
7065 21
7066 4
7067 15
7068 8
7069 9
7070 4
7071 119
7072 4
7073 9
7074 8
7075 15
7076 4
7077 21
7078 4
7079 27
7080 8
7081 9
7082 4
7083 35
7084 4
7085 9
7086 8
7087 51
7088 4
7089 21
7090 4
7091 15
7092 8
7093 9
7094 4
7095 63
7096 4
7097 9
7098 8
7099 15
7100 4
7101 21
7102 4
7103 51
7104 8
7105 9
7106 4
7107 35
7108 4
7109 9
7110 8
7111 27
7112 4
7113 21
7114 4
7115 15
7116 8
7117 9
7118 4
7119 119
7120 4
7121 9
7122 8
7123 15
7124 4
7125 21
7126 4
7127 27
7128 8
7129 9
7130 4
7131 35
7132 4
7133 9
7134 8
7135 51
7136 4
7137 21
7138 4
7139 15
7140 8
7141 1
7142 120
7143 8
7144 45
7145 8
7146 75
7147 8
7148 45
7149 8
7150 75
7151 8
7152 45
7153 8
7154 75
7155 8
7156 45
7157 8
7158 75
7159 8
7160 45
7161 8
7162 75
7163 8
7164 45
7165 8
7166 75
7167 8
7168 45
7169 8
7170 75
7171 8
7172 45
7173 8
7174 75
7175 8
7176 45
7177 8
7178 75
7179 8
7180 45
7181 8
7182 75
7183 8
7184 45
7185 8
7186 75
7187 8
7188 45
7189 8
7190 75
7191 8
7192 45
7193 8
7194 75
7195 8
7196 45
7197 8
7198 75
7199 8
7200 45
7201 8
7202 75
7203 8
7204 45
7205 8
7206 75
7207 8
7208 45
7209 8
7210 75
7211 8
7212 45
7213 8
7214 75
7215 8
7216 45
7217 8
7218 75
7219 8
7220 45
7221 8
7222 75
7223 8
7224 45
7225 8
7226 75
7227 8
7228 45
7229 8
7230 75
7231 8
7232 45
7233 8
7234 75
7235 8
7236 45
7237 8
7238 75
7239 8
7240 45
7241 8
7242 75
7243 8
7244 45
7245 8
7246 75
7247 8
7248 45
7249 8
7250 75
7251 8
7252 45
7253 8
7254 75
7255 8
7256 45
7257 8
7258 75
7259 8
7260 45
7261 1
7262 121
7263 2
7264 3
7265 2
7266 3
7267 6
7268 3
7269 2
7270 3
7271 2
7272 11
7273 12
7274 3
7275 2
7276 3
7277 6
7278 3
7279 2
7280 3
7281 2
7282 11
7283 2
7284 23
7285 2
7286 3
7287 6
7288 3
7289 2
7290 3
7291 2
7292 11
7293 2
7294 3
7295 12
7296 3
7297 6
7298 3
7299 2
7300 3
7301 2
7302 11
7303 2
7304 3
7305 2
7306 23
7307 6
7308 3
7309 2
7310 3
7311 2
7312 11
7313 2
7314 3
7315 2
7316 3
7317 56
7318 3
7319 2
7320 3
7321 2
7322 11
7323 2
7324 3
7325 2
7326 3
7327 6
7328 23
7329 2
7330 3
7331 2
7332 11
7333 2
7334 3
7335 2
7336 3
7337 6
7338 3
7339 12
7340 3
7341 2
7342 11
7343 2
7344 3
7345 2
7346 3
7347 6
7348 3
7349 2
7350 23
7351 2
7352 11
7353 2
7354 3
7355 2
7356 3
7357 6
7358 3
7359 2
7360 3
7361 12
7362 11
7363 2
7364 3
7365 2
7366 3
7367 6
7368 3
7369 2
7370 3
7371 2
7372 111
7373 2
7374 3
7375 2
7376 3
7377 6
7378 3
7379 2
7380 3
7381 2
7382 1
7383 122
7384 4
7385 6
7386 8
7387 10
7388 12
7389 14
7390 4
7391 10
7392 8
7393 22
7394 4
7395 26
7396 4
7397 6
7398 32
7399 10
7400 4
7401 14
7402 4
7403 42
7404 8
7405 6
7406 4
7407 26
7408 12
7409 6
7410 8
7411 10
7412 4
7413 62
7414 4
7415 10
7416 8
7417 6
7418 12
7419 26
7420 4
7421 6
7422 8
7423 42
7424 4
7425 14
7426 4
7427 10
7428 32
7429 6
7430 4
7431 26
7432 4
7433 22
7434 8
7435 10
7436 4
7437 14
7438 12
7439 10
7440 8
7441 6
7442 4
7443 122
7444 4
7445 6
7446 8
7447 10
7448 12
7449 14
7450 4
7451 10
7452 8
7453 22
7454 4
7455 26
7456 4
7457 6
7458 32
7459 10
7460 4
7461 14
7462 4
7463 42
7464 8
7465 6
7466 4
7467 26
7468 12
7469 6
7470 8
7471 10
7472 4
7473 62
7474 4
7475 10
7476 8
7477 6
7478 12
7479 26
7480 4
7481 6
7482 8
7483 42
7484 4
7485 14
7486 4
7487 10
7488 32
7489 6
7490 4
7491 26
7492 4
7493 22
7494 8
7495 10
7496 4
7497 14
7498 12
7499 10
7500 8
7501 6
7502 4
7503 122
7504 1
7505 123
7506 4
7507 9
7508 4
7509 15
7510 12
7511 9
7512 4
7513 27
7514 4
7515 33
7516 4
7517 15
7518 4
7519 9
7520 12
7521 27
7522 4
7523 9
7524 4
7525 63
7526 4
7527 9
7528 4
7529 27
7530 12
7531 9
7532 4
7533 15
7534 4
7535 33
7536 4
7537 27
7538 4
7539 9
7540 12
7541 15
7542 4
7543 9
7544 4
7545 123
7546 4
7547 9
7548 4
7549 15
7550 12
7551 9
7552 4
7553 27
7554 4
7555 33
7556 4
7557 15
7558 4
7559 9
7560 12
7561 27
7562 4
7563 9
7564 4
7565 63
7566 4
7567 9
7568 4
7569 27
7570 12
7571 9
7572 4
7573 15
7574 4
7575 33
7576 4
7577 27
7578 4
7579 9
7580 12
7581 15
7582 4
7583 9
7584 4
7585 123
7586 4
7587 9
7588 4
7589 15
7590 12
7591 9
7592 4
7593 27
7594 4
7595 33
7596 4
7597 15
7598 4
7599 9
7600 12
7601 27
7602 4
7603 9
7604 4
7605 63
7606 4
7607 9
7608 4
7609 27
7610 12
7611 9
7612 4
7613 15
7614 4
7615 33
7616 4
7617 27
7618 4
7619 9
7620 12
7621 15
7622 4
7623 9
7624 4
7625 123
7626 4
7627 1
7628 124
7629 4
7630 9
7631 8
7632 9
7633 12
7634 21
7635 4
7636 9
7637 8
7638 33
7639 4
7640 21
7641 4
7642 9
7643 32
7644 9
7645 4
7646 21
7647 4
7648 33
7649 8
7650 9
7651 4
7652 21
7653 12
7654 9
7655 8
7656 9
7657 4
7658 93
7659 4
7660 9
7661 8
7662 9
7663 12
7664 21
7665 4
7666 9
7667 8
7668 33
7669 4
7670 21
7671 4
7672 9
7673 32
7674 9
7675 4
7676 21
7677 4
7678 33
7679 8
7680 9
7681 4
7682 21
7683 12
7684 9
7685 8
7686 9
7687 4
7688 93
7689 4
7690 9
7691 8
7692 9
7693 12
7694 21
7695 4
7696 9
7697 8
7698 33
7699 4
7700 21
7701 4
7702 9
7703 32
7704 9
7705 4
7706 21
7707 4
7708 33
7709 8
7710 9
7711 4
7712 21
7713 12
7714 9
7715 8
7716 9
7717 4
7718 93
7719 4
7720 9
7721 8
7722 9
7723 12
7724 21
7725 4
7726 9
7727 8
7728 33
7729 4
7730 21
7731 4
7732 9
7733 32
7734 9
7735 4
7736 21
7737 4
7738 33
7739 8
7740 9
7741 4
7742 21
7743 12
7744 9
7745 8
7746 9
7747 4
7748 93
7749 4
7750 9
7751 1
7752 125
7753 2
7754 3
7755 2
7756 5
7757 6
7758 3
7759 2
7760 5
7761 2
7762 11
7763 2
7764 5
7765 2
7766 3
7767 6
7768 5
7769 2
7770 3
7771 2
7772 21
7773 2
7774 3
7775 2
7776 5
7777 26
7778 3
7779 2
7780 5
7781 2
7782 11
7783 2
7784 5
7785 2
7786 3
7787 6
7788 5
7789 2
7790 3
7791 2
7792 21
7793 2
7794 3
7795 2
7796 5
7797 6
7798 3
7799 2
7800 5
7801 2
7802 51
7803 2
7804 5
7805 2
7806 3
7807 6
7808 5
7809 2
7810 3
7811 2
7812 21
7813 2
7814 3
7815 2
7816 5
7817 6
7818 3
7819 2
7820 5
7821 2
7822 11
7823 2
7824 5
7825 2
7826 3
7827 26
7828 5
7829 2
7830 3
7831 2
7832 21
7833 2
7834 3
7835 2
7836 5
7837 6
7838 3
7839 2
7840 5
7841 2
7842 11
7843 2
7844 5
7845 2
7846 3
7847 6
7848 5
7849 2
7850 3
7851 2
7852 101
7853 2
7854 3
7855 2
7856 5
7857 6
7858 3
7859 2
7860 5
7861 2
7862 11
7863 2
7864 5
7865 2
7866 3
7867 6
7868 5
7869 2
7870 3
7871 2
7872 21
7873 2
7874 3
7875 2
7876 1
7877 126
7878 8
7879 18
7880 32
7881 18
7882 8
7883 98
7884 8
7885 18
7886 32
7887 18
7888 8
7889 98
7890 8
7891 18
7892 32
7893 18
7894 8
7895 98
7896 8
7897 18
7898 32
7899 18
7900 8
7901 98
7902 8
7903 18
7904 32
7905 18
7906 8
7907 98
7908 8
7909 18
7910 32
7911 18
7912 8
7913 98
7914 8
7915 18
7916 32
7917 18
7918 8
7919 98
7920 8
7921 18
7922 32
7923 18
7924 8
7925 98
7926 8
7927 18
7928 32
7929 18
7930 8
7931 98
7932 8
7933 18
7934 32
7935 18
7936 8
7937 98
7938 8
7939 18
7940 32
7941 18
7942 8
7943 98
7944 8
7945 18
7946 32
7947 18
7948 8
7949 98
7950 8
7951 18
7952 32
7953 18
7954 8
7955 98
7956 8
7957 18
7958 32
7959 18
7960 8
7961 98
7962 8
7963 18
7964 32
7965 18
7966 8
7967 98
7968 8
7969 18
7970 32
7971 18
7972 8
7973 98
7974 8
7975 18
7976 32
7977 18
7978 8
7979 98
7980 8
7981 18
7982 32
7983 18
7984 8
7985 98
7986 8
7987 18
7988 32
7989 18
7990 8
7991 98
7992 8
7993 18
7994 32
7995 18
7996 8
7997 98
7998 8
7999 18
8000 32
8001 18
8002 1
8003 127
8004 2
8005 3
8006 4
8007 3
8008 2
8009 7
8010 8
8011 3
8012 10
8013 3
8014 2
8015 7
8016 2
8017 15
8018 4
8019 3
8020 2
8021 19
8022 2
8023 3
8024 22
8025 3
8026 2
8027 7
8028 2
8029 3
8030 10
8031 15
8032 2
8033 7
8034 2
8035 3
8036 4
8037 3
8038 8
8039 19
8040 2
8041 3
8042 4
8043 3
8044 2
8045 43
8046 2
8047 3
8048 10
8049 3
8050 2
8051 7
8052 8
8053 3
8054 4
8055 3
8056 2
8057 19
8058 2
8059 15
8060 4
8061 3
8062 2
8063 7
8064 2
8065 3
8066 64
8067 3
8068 2
8069 7
8070 2
8071 3
8072 4
8073 15
8074 2
8075 19
8076 2
8077 3
8078 4
8079 3
8080 8
8081 7
8082 2
8083 3
8084 10
8085 3
8086 2
8087 43
8088 2
8089 3
8090 4
8091 3
8092 2
8093 19
8094 8
8095 3
8096 4
8097 3
8098 2
8099 7
8100 2
8101 15
8102 10
8103 3
8104 2
8105 7
8106 2
8107 3
8108 22
8109 3
8110 2
8111 19
8112 2
8113 3
8114 4
8115 15
8116 2
8117 7
8118 2
8119 3
8120 10
8121 3
8122 8
8123 7
8124 2
8125 3
8126 4
8127 3
8128 2
8129 1
8130 128
8131 2
8132 5
8133 2
8134 9
8135 2
8136 5
8137 2
8138 17
8139 2
8140 5
8141 2
8142 9
8143 2
8144 5
8145 2
8146 33
8147 2
8148 5
8149 2
8150 9
8151 2
8152 5
8153 2
8154 17
8155 2
8156 5
8157 2
8158 9
8159 2
8160 5
8161 2
8162 65
8163 2
8164 5
8165 2
8166 9
8167 2
8168 5
8169 2
8170 17
8171 2
8172 5
8173 2
8174 9
8175 2
8176 5
8177 2
8178 33
8179 2
8180 5
8181 2
8182 9
8183 2
8184 5
8185 2
8186 17
8187 2
8188 5
8189 2
8190 9
8191 2
8192 5
8193 2
8194 65
8195 2
8196 5
8197 2
8198 9
8199 2
8200 5
8201 2
8202 17
8203 2
8204 5
8205 2
8206 9
8207 2
8208 5
8209 2
8210 33
8211 2
8212 5
8213 2
8214 9
8215 2
8216 5
8217 2
8218 17
8219 2
8220 5
8221 2
8222 9
8223 2
8224 5
8225 2
8226 65
8227 2
8228 5
8229 2
8230 9
8231 2
8232 5
8233 2
8234 17
8235 2
8236 5
8237 2
8238 9
8239 2
8240 5
8241 2
8242 33
8243 2
8244 5
8245 2
8246 9
8247 2
8248 5
8249 2
8250 17
8251 2
8252 5
8253 2
8254 9
8255 2
8256 5
8257 1
8258 129
8259 4
8260 9
8261 8
8262 9
8263 4
8264 21
8265 16
8266 9
8267 8
8268 9
8269 4
8270 21
8271 4
8272 45
8273 8
8274 9
8275 4
8276 21
8277 4
8278 9
8279 44
8280 9
8281 4
8282 21
8283 4
8284 9
8285 8
8286 45
8287 4
8288 21
8289 4
8290 9
8291 8
8292 9
8293 16
8294 21
8295 4
8296 9
8297 8
8298 9
8299 4
8300 129
8301 4
8302 9
8303 8
8304 9
8305 4
8306 21
8307 16
8308 9
8309 8
8310 9
8311 4
8312 21
8313 4
8314 45
8315 8
8316 9
8317 4
8318 21
8319 4
8320 9
8321 44
8322 9
8323 4
8324 21
8325 4
8326 9
8327 8
8328 45
8329 4
8330 21
8331 4
8332 9
8333 8
8334 9
8335 16
8336 21
8337 4
8338 9
8339 8
8340 9
8341 4
8342 129
8343 4
8344 9
8345 8
8346 9
8347 4
8348 21
8349 16
8350 9
8351 8
8352 9
8353 4
8354 21
8355 4
8356 45
8357 8
8358 9
8359 4
8360 21
8361 4
8362 9
8363 44
8364 9
8365 4
8366 21
8367 4
8368 9
8369 8
8370 45
8371 4
8372 21
8373 4
8374 9
8375 8
8376 9
8377 16
8378 21
8379 4
8380 9
8381 8
8382 9
8383 4
8384 129
8385 4
8386 1
8387 130
8388 8
8389 18
8390 16
8391 50
8392 8
8393 42
8394 8
8395 50
8396 16
8397 18
8398 8
8399 130
8400 8
8401 18
8402 16
8403 50
8404 8
8405 42
8406 8
8407 50
8408 16
8409 18
8410 8
8411 130
8412 8
8413 18
8414 16
8415 50
8416 8
8417 42
8418 8
8419 50
8420 16
8421 18
8422 8
8423 130
8424 8
8425 18
8426 16
8427 50
8428 8
8429 42
8430 8
8431 50
8432 16
8433 18
8434 8
8435 130
8436 8
8437 18
8438 16
8439 50
8440 8
8441 42
8442 8
8443 50
8444 16
8445 18
8446 8
8447 130
8448 8
8449 18
8450 16
8451 50
8452 8
8453 42
8454 8
8455 50
8456 16
8457 18
8458 8
8459 130
8460 8
8461 18
8462 16
8463 50
8464 8
8465 42
8466 8
8467 50
8468 16
8469 18
8470 8
8471 130
8472 8
8473 18
8474 16
8475 50
8476 8
8477 42
8478 8
8479 50
8480 16
8481 18
8482 8
8483 130
8484 8
8485 18
8486 16
8487 50
8488 8
8489 42
8490 8
8491 50
8492 16
8493 18
8494 8
8495 130
8496 8
8497 18
8498 16
8499 50
8500 8
8501 42
8502 8
8503 50
8504 16
8505 18
8506 8
8507 130
8508 8
8509 18
8510 16
8511 50
8512 8
8513 42
8514 8
8515 50
8516 1
8517 131
8518 2
8519 3
8520 2
8521 3
8522 6
8523 3
8524 2
8525 3
8526 2
8527 11
8528 2
8529 3
8530 14
8531 3
8532 6
8533 3
8534 2
8535 3
8536 2
8537 11
8538 2
8539 3
8540 2
8541 3
8542 6
8543 27
8544 2
8545 3
8546 2
8547 11
8548 2
8549 3
8550 2
8551 3
8552 6
8553 3
8554 2
8555 3
8556 14
8557 11
8558 2
8559 3
8560 2
8561 3
8562 6
8563 3
8564 2
8565 3
8566 2
8567 11
8568 2
8569 27
8570 2
8571 3
8572 6
8573 3
8574 2
8575 3
8576 2
8577 11
8578 2
8579 3
8580 2
8581 3
8582 66
8583 3
8584 2
8585 3
8586 2
8587 11
8588 2
8589 3
8590 2
8591 3
8592 6
8593 3
8594 2
8595 27
8596 2
8597 11
8598 2
8599 3
8600 2
8601 3
8602 6
8603 3
8604 2
8605 3
8606 2
8607 11
8608 14
8609 3
8610 2
8611 3
8612 6
8613 3
8614 2
8615 3
8616 2
8617 11
8618 2
8619 3
8620 2
8621 27
8622 6
8623 3
8624 2
8625 3
8626 2
8627 11
8628 2
8629 3
8630 2
8631 3
8632 6
8633 3
8634 14
8635 3
8636 2
8637 11
8638 2
8639 3
8640 2
8641 3
8642 6
8643 3
8644 2
8645 3
8646 2
8647 1
8648 132
8649 8
8650 27
8651 8
8652 27
8653 24
8654 27
8655 8
8656 27
8657 8
8658 99
8659 8
8660 27
8661 8
8662 27
8663 24
8664 27
8665 8
8666 27
8667 8
8668 99
8669 8
8670 27
8671 8
8672 27
8673 24
8674 27
8675 8
8676 27
8677 8
8678 99
8679 8
8680 27
8681 8
8682 27
8683 24
8684 27
8685 8
8686 27
8687 8
8688 99
8689 8
8690 27
8691 8
8692 27
8693 24
8694 27
8695 8
8696 27
8697 8
8698 99
8699 8
8700 27
8701 8
8702 27
8703 24
8704 27
8705 8
8706 27
8707 8
8708 99
8709 8
8710 27
8711 8
8712 27
8713 24
8714 27
8715 8
8716 27
8717 8
8718 99
8719 8
8720 27
8721 8
8722 27
8723 24
8724 27
8725 8
8726 27
8727 8
8728 99
8729 8
8730 27
8731 8
8732 27
8733 24
8734 27
8735 8
8736 27
8737 8
8738 99
8739 8
8740 27
8741 8
8742 27
8743 24
8744 27
8745 8
8746 27
8747 8
8748 99
8749 8
8750 27
8751 8
8752 27
8753 24
8754 27
8755 8
8756 27
8757 8
8758 99
8759 8
8760 27
8761 8
8762 27
8763 24
8764 27
8765 8
8766 27
8767 8
8768 99
8769 8
8770 27
8771 8
8772 27
8773 24
8774 27
8775 8
8776 27
8777 8
8778 99
8779 1
8780 133
8781 4
8782 9
8783 16
8784 9
8785 4
8786 49
8787 4
8788 9
8789 40
8790 9
8791 4
8792 49
8793 4
8794 9
8795 16
8796 9
8797 4
8798 133
8799 4
8800 9
8801 16
8802 9
8803 4
8804 49
8805 4
8806 9
8807 40
8808 9
8809 4
8810 49
8811 4
8812 9
8813 16
8814 9
8815 4
8816 133
8817 4
8818 9
8819 16
8820 9
8821 4
8822 49
8823 4
8824 9
8825 40
8826 9
8827 4
8828 49
8829 4
8830 9
8831 16
8832 9
8833 4
8834 133
8835 4
8836 9
8837 16
8838 9
8839 4
8840 49
8841 4
8842 9
8843 40
8844 9
8845 4
8846 49
8847 4
8848 9
8849 16
8850 9
8851 4
8852 133
8853 4
8854 9
8855 16
8856 9
8857 4
8858 49
8859 4
8860 9
8861 40
8862 9
8863 4
8864 49
8865 4
8866 9
8867 16
8868 9
8869 4
8870 133
8871 4
8872 9
8873 16
8874 9
8875 4
8876 49
8877 4
8878 9
8879 40
8880 9
8881 4
8882 49
8883 4
8884 9
8885 16
8886 9
8887 4
8888 133
8889 4
8890 9
8891 16
8892 9
8893 4
8894 49
8895 4
8896 9
8897 40
8898 9
8899 4
8900 49
8901 4
8902 9
8903 16
8904 9
8905 4
8906 133
8907 4
8908 9
8909 16
8910 9
8911 4
8912 1
8913 134
8914 4
8915 6
8916 8
8917 6
8918 4
8919 14
8920 4
8921 6
8922 8
8923 6
8924 24
8925 14
8926 4
8927 6
8928 8
8929 6
8930 4
8931 14
8932 4
8933 6
8934 8
8935 46
8936 4
8937 14
8938 4
8939 6
8940 8
8941 6
8942 4
8943 14
8944 4
8945 6
8946 68
8947 6
8948 4
8949 14
8950 4
8951 6
8952 8
8953 6
8954 4
8955 14
8956 4
8957 46
8958 8
8959 6
8960 4
8961 14
8962 4
8963 6
8964 8
8965 6
8966 4
8967 14
8968 24
8969 6
8970 8
8971 6
8972 4
8973 14
8974 4
8975 6
8976 8
8977 6
8978 4
8979 134
8980 4
8981 6
8982 8
8983 6
8984 4
8985 14
8986 4
8987 6
8988 8
8989 6
8990 24
8991 14
8992 4
8993 6
8994 8
8995 6
8996 4
8997 14
8998 4
8999 6
9000 8
9001 46
9002 4
9003 14
9004 4
9005 6
9006 8
9007 6
9008 4
9009 14
9010 4
9011 6
9012 68
9013 6
9014 4
9015 14
9016 4
9017 6
9018 8
9019 6
9020 4
9021 14
9022 4
9023 46
9024 8
9025 6
9026 4
9027 14
9028 4
9029 6
9030 8
9031 6
9032 4
9033 14
9034 24
9035 6
9036 8
9037 6
9038 4
9039 14
9040 4
9041 6
9042 8
9043 6
9044 4
9045 134
9046 1
9047 135
9048 4
9049 9
9050 8
9051 15
9052 4
9053 21
9054 4
9055 15
9056 20
9057 9
9058 4
9059 35
9060 4
9061 9
9062 8
9063 15
9064 4
9065 57
9066 4
9067 15
9068 8
9069 9
9070 4
9071 35
9072 4
9073 9
9074 20
9075 15
9076 4
9077 21
9078 4
9079 15
9080 8
9081 9
9082 4
9083 95
9084 4
9085 9
9086 8
9087 15
9088 4
9089 21
9090 4
9091 15
9092 20
9093 9
9094 4
9095 35
9096 4
9097 9
9098 8
9099 15
9100 4
9101 57
9102 4
9103 15
9104 8
9105 9
9106 4
9107 35
9108 4
9109 9
9110 20
9111 15
9112 4
9113 21
9114 4
9115 15
9116 8
9117 9
9118 4
9119 95
9120 4
9121 9
9122 8
9123 15
9124 4
9125 21
9126 4
9127 15
9128 20
9129 9
9130 4
9131 35
9132 4
9133 9
9134 8
9135 15
9136 4
9137 57
9138 4
9139 15
9140 8
9141 9
9142 4
9143 35
9144 4
9145 9
9146 20
9147 15
9148 4
9149 21
9150 4
9151 15
9152 8
9153 9
9154 4
9155 95
9156 4
9157 9
9158 8
9159 15
9160 4
9161 21
9162 4
9163 15
9164 20
9165 9
9166 4
9167 35
9168 4
9169 9
9170 8
9171 15
9172 4
9173 57
9174 4
9175 15
9176 8
9177 9
9178 4
9179 35
9180 4
9181 1
9182 136
9183 4
9184 15
9185 4
9186 25
9187 4
9188 15
9189 4
9190 45
9191 4
9192 15
9193 4
9194 25
9195 4
9196 15
9197 4
9198 85
9199 4
9200 15
9201 4
9202 25
9203 4
9204 15
9205 4
9206 45
9207 4
9208 15
9209 4
9210 25
9211 4
9212 15
9213 4
9214 85
9215 4
9216 15
9217 4
9218 25
9219 4
9220 15
9221 4
9222 45
9223 4
9224 15
9225 4
9226 25
9227 4
9228 15
9229 4
9230 85
9231 4
9232 15
9233 4
9234 25
9235 4
9236 15
9237 4
9238 45
9239 4
9240 15
9241 4
9242 25
9243 4
9244 15
9245 4
9246 85
9247 4
9248 15
9249 4
9250 25
9251 4
9252 15
9253 4
9254 45
9255 4
9256 15
9257 4
9258 25
9259 4
9260 15
9261 4
9262 85
9263 4
9264 15
9265 4
9266 25
9267 4
9268 15
9269 4
9270 45
9271 4
9272 15
9273 4
9274 25
9275 4
9276 15
9277 4
9278 85
9279 4
9280 15
9281 4
9282 25
9283 4
9284 15
9285 4
9286 45
9287 4
9288 15
9289 4
9290 25
9291 4
9292 15
9293 4
9294 85
9295 4
9296 15
9297 4
9298 25
9299 4
9300 15
9301 4
9302 45
9303 4
9304 15
9305 4
9306 25
9307 4
9308 15
9309 4
9310 85
9311 4
9312 15
9313 4
9314 25
9315 4
9316 15
9317 1
9318 137
9319 2
9320 3
9321 2
9322 5
9323 2
9324 3
9325 2
9326 9
9327 2
9328 3
9329 2
9330 5
9331 2
9332 3
9333 2
9334 9
9335 18
9336 3
9337 2
9338 5
9339 2
9340 3
9341 2
9342 9
9343 2
9344 3
9345 2
9346 5
9347 2
9348 3
9349 2
9350 9
9351 2
9352 35
9353 2
9354 5
9355 2
9356 3
9357 2
9358 9
9359 2
9360 3
9361 2
9362 5
9363 2
9364 3
9365 2
9366 9
9367 2
9368 3
9369 18
9370 5
9371 2
9372 3
9373 2
9374 9
9375 2
9376 3
9377 2
9378 5
9379 2
9380 3
9381 2
9382 9
9383 2
9384 3
9385 2
9386 69
9387 2
9388 3
9389 2
9390 9
9391 2
9392 3
9393 2
9394 5
9395 2
9396 3
9397 2
9398 9
9399 2
9400 3
9401 2
9402 5
9403 18
9404 3
9405 2
9406 9
9407 2
9408 3
9409 2
9410 5
9411 2
9412 3
9413 2
9414 9
9415 2
9416 3
9417 2
9418 5
9419 2
9420 35
9421 2
9422 9
9423 2
9424 3
9425 2
9426 5
9427 2
9428 3
9429 2
9430 9
9431 2
9432 3
9433 2
9434 5
9435 2
9436 3
9437 18
9438 9
9439 2
9440 3
9441 2
9442 5
9443 2
9444 3
9445 2
9446 9
9447 2
9448 3
9449 2
9450 5
9451 2
9452 3
9453 2
9454 1
9455 138
9456 8
9457 18
9458 8
9459 18
9460 8
9461 18
9462 8
9463 18
9464 8
9465 18
9466 48
9467 18
9468 8
9469 18
9470 8
9471 18
9472 8
9473 18
9474 8
9475 18
9476 8
9477 138
9478 8
9479 18
9480 8
9481 18
9482 8
9483 18
9484 8
9485 18
9486 8
9487 18
9488 48
9489 18
9490 8
9491 18
9492 8
9493 18
9494 8
9495 18
9496 8
9497 18
9498 8
9499 138
9500 8
9501 18
9502 8
9503 18
9504 8
9505 18
9506 8
9507 18
9508 8
9509 18
9510 48
9511 18
9512 8
9513 18
9514 8
9515 18
9516 8
9517 18
9518 8
9519 18
9520 8
9521 138
9522 8
9523 18
9524 8
9525 18
9526 8
9527 18
9528 8
9529 18
9530 8
9531 18
9532 48
9533 18
9534 8
9535 18
9536 8
9537 18
9538 8
9539 18
9540 8
9541 18
9542 8
9543 138
9544 8
9545 18
9546 8
9547 18
9548 8
9549 18
9550 8
9551 18
9552 8
9553 18
9554 48
9555 18
9556 8
9557 18
9558 8
9559 18
9560 8
9561 18
9562 8
9563 18
9564 8
9565 138
9566 8
9567 18
9568 8
9569 18
9570 8
9571 18
9572 8
9573 18
9574 8
9575 18
9576 48
9577 18
9578 8
9579 18
9580 8
9581 18
9582 8
9583 18
9584 8
9585 18
9586 8
9587 138
9588 8
9589 18
9590 8
9591 18
9592 1
9593 139
9594 2
9595 3
9596 4
9597 3
9598 2
9599 7
9600 2
9601 3
9602 4
9603 3
9604 2
9605 7
9606 2
9607 3
9608 4
9609 3
9610 2
9611 7
9612 2
9613 3
9614 4
9615 3
9616 24
9617 7
9618 2
9619 3
9620 4
9621 3
9622 2
9623 7
9624 2
9625 3
9626 4
9627 3
9628 2
9629 7
9630 2
9631 3
9632 4
9633 3
9634 2
9635 7
9636 2
9637 3
9638 4
9639 47
9640 2
9641 7
9642 2
9643 3
9644 4
9645 3
9646 2
9647 7
9648 2
9649 3
9650 4
9651 3
9652 2
9653 7
9654 2
9655 3
9656 4
9657 3
9658 2
9659 7
9660 2
9661 3
9662 70
9663 3
9664 2
9665 7
9666 2
9667 3
9668 4
9669 3
9670 2
9671 7
9672 2
9673 3
9674 4
9675 3
9676 2
9677 7
9678 2
9679 3
9680 4
9681 3
9682 2
9683 7
9684 2
9685 47
9686 4
9687 3
9688 2
9689 7
9690 2
9691 3
9692 4
9693 3
9694 2
9695 7
9696 2
9697 3
9698 4
9699 3
9700 2
9701 7
9702 2
9703 3
9704 4
9705 3
9706 2
9707 7
9708 24
9709 3
9710 4
9711 3
9712 2
9713 7
9714 2
9715 3
9716 4
9717 3
9718 2
9719 7
9720 2
9721 3
9722 4
9723 3
9724 2
9725 7
9726 2
9727 3
9728 4
9729 3
9730 2
9731 1
9732 140
9733 8
9734 27
9735 16
9736 45
9737 8
9738 63
9739 8
9740 45
9741 16
9742 27
9743 8
9744 105
9745 8
9746 27
9747 16
9748 45
9749 8
9750 63
9751 8
9752 45
9753 16
9754 27
9755 8
9756 105
9757 8
9758 27
9759 16
9760 45
9761 8
9762 63
9763 8
9764 45
9765 16
9766 27
9767 8
9768 105
9769 8
9770 27
9771 16
9772 45
9773 8
9774 63
9775 8
9776 45
9777 16
9778 27
9779 8
9780 105
9781 8
9782 27
9783 16
9784 45
9785 8
9786 63
9787 8
9788 45
9789 16
9790 27
9791 8
9792 105
9793 8
9794 27
9795 16
9796 45
9797 8
9798 63
9799 8
9800 45
9801 16
9802 27
9803 8
9804 105
9805 8
9806 27
9807 16
9808 45
9809 8
9810 63
9811 8
9812 45
9813 16
9814 27
9815 8
9816 105
9817 8
9818 27
9819 16
9820 45
9821 8
9822 63
9823 8
9824 45
9825 16
9826 27
9827 8
9828 105
9829 8
9830 27
9831 16
9832 45
9833 8
9834 63
9835 8
9836 45
9837 16
9838 27
9839 8
9840 105
9841 8
9842 27
9843 16
9844 45
9845 8
9846 63
9847 8
9848 45
9849 16
9850 27
9851 8
9852 105
9853 8
9854 27
9855 16
9856 45
9857 8
9858 63
9859 8
9860 45
9861 16
9862 27
9863 8
9864 105
9865 8
9866 27
9867 16
9868 45
9869 8
9870 63
9871 1
9872 141
9873 4
9874 9
9875 4
9876 9
9877 4
9878 9
9879 4
9880 9
9881 4
9882 9
9883 4
9884 9
9885 4
9886 9
9887 4
9888 9
9889 4
9890 9
9891 4
9892 9
9893 4
9894 9
9895 48
9896 9
9897 4
9898 9
9899 4
9900 9
9901 4
9902 9
9903 4
9904 9
9905 4
9906 9
9907 4
9908 9
9909 4
9910 9
9911 4
9912 9
9913 4
9914 9
9915 4
9916 9
9917 4
9918 141
9919 4
9920 9
9921 4
9922 9
9923 4
9924 9
9925 4
9926 9
9927 4
9928 9
9929 4
9930 9
9931 4
9932 9
9933 4
9934 9
9935 4
9936 9
9937 4
9938 9
9939 4
9940 9
9941 48
9942 9
9943 4
9944 9
9945 4
9946 9
9947 4
9948 9
9949 4
9950 9
9951 4
9952 9
9953 4
9954 9
9955 4
9956 9
9957 4
9958 9
9959 4
9960 9
9961 4
9962 9
9963 4
9964 141
9965 4
9966 9
9967 4
9968 9
9969 4
9970 9
9971 4
9972 9
9973 4
9974 9
9975 4
9976 9
9977 4
9978 9
9979 4
9980 9
9981 4
9982 9
9983 4
9984 9
9985 4
9986 9
9987 48
9988 9
9989 4
9990 9
9991 4
9992 9
9993 4
9994 9
9995 4
9996 9
9997 4
9998 9
9999 4
10000 9
10001 4
10002 9
10003 4
10004 9
10005 4
10006 9
10007 4
10008 9
10009 4
10010 141
10011 4
