1 1
2 2
3 5
4 7
5 15
6 22
7 31
8 50
9 68
10 90
11 101
12 124
13 163
14 188
15 215
16 253
17 322
18 358
19 455
20 486
21 527
22 631
23 702
24 780
25 838
26 920
27 1030
28 1062
29 1197
30 1289
31 1420
32 1500
33 1689
34 1765
35 1886
36 2114
37 2353
38 2410
39 2570
40 2686
41 2857
42 3063
43 3207
44 3477
45 3616
46 3845
47 3951
48 4150
49 4480
50 4595
51 4746
52 5030
53 5286
54 5698
55 5999
56 6497
57 6624
58 6938
59 7219
60 7661
61 7838
62 8469
63 8665
64 9198
65 9351
66 9667
67 9966
68 10599
69 11173
70 11470
71 11858
72 12429
73 12541
74 13222
75 13651
76 14220
77 14575
78 14976
79 15523
80 15946
81 16545
82 16830
83 17386
84 18281
85 18780
86 19725
87 19806
88 20580
89 20726
90 21344
91 22009
92 22379
93 23464
94 23728
95 24070
96 24932
97 25648
98 26381
99 26792
100 27538
101 27842
102 29352
103 30814
104 31138
105 32042
106 32818
107 34069
108 35112
109 35337
110 36390
111 36578
112 38215
113 38757
114 39811
115 40591
116 41401
117 42553
118 43631
119 43857
120 46518
121 47041
122 47095
123 47523
124 49163
125 49706
126 50744
127 52287
128 52364
129 54252
130 54934
131 56769
132 57306
133 59744
134 60889
135 61847
136 63552
137 65258
138 66930
139 67462
140 69513
141 70386
142 72079
143 73527
144 74405
145 77077
146 77249
147 79541
148 80438
149 81817
150 84223
151 86824
152 87943
153 89429
154 91055
155 91315
156 94341
157 95647
158 96414
159 97420
160 98805
161 99541
162 100551
163 103300
164 105505
165 105784
166 106791
167 109608
168 110199
169 112090
170 112694
171 116386
172 117206
173 117921
174 118449
175 123025
176 125743
177 127476
178 128707
179 129953
180 130314
181 131946
182 133348
183 135297
184 135434
185 139466
186 141535
187 148231
188 150033
189 151736
190 152558
191 155037
192 156379
193 158644
194 162085
195 164304
196 166075
197 167105
198 170251
199 171856
200 173365
201 174879
202 177202
203 181514
204 184379
205 189691
206 191450
207 193554
208 194175
209 197865
210 199846
211 201767
212 203599
213 204658
214 212513
215 213509
216 213969
217 218845
218 221106
219 221527
220 222881
221 224854
222 230366
223 232082
224 236252
225 239500
226 241419
227 243784
228 248077
229 249159
230 254840
231 259563
232 259793
233 261916
234 263486
235 266768
236 268995
237 273958
238 277941
239 279669
240 284791
241 287609
242 289738
243 292006
244 294709
245 296395
246 301760
247 304799
248 310581
249 311963
250 314319
251 315073
252 318051
253 321303
254 329577
255 331597
256 336666
257 341243
258 343242
259 346187
260 348719
261 351725
262 354007
263 357143
264 364690
265 365081
266 373155
267 376636
268 376760
269 382693
270 385906
271 390226
272 391936
273 392877
274 396044
275 399062
276 404724
277 415472
278 419906
279 425854
280 427348
281 430771
282 434187
283 440728
284 445633
285 453452
286 454476
287 461378
288 465685
289 468738
290 470289
291 476828
292 478732
293 483568
294 487249
295 497383
296 500353
297 502448
298 510518
299 512145
300 519786
301 524791
302 526780
303 536773
304 539248
305 539656
306 542965
307 545140
308 552842
309 555768
310 559587
311 560563
312 562382
313 565052
314 575586
315 576339
316 582520
317 586000
318 593905
319 599402
320 606508
321 612399
322 614251
323 619460
324 622138
325 628240
326 631181
327 635344
328 651232
329 652434
330 658237
331 663277
332 670577
333 680199
334 682579
335 696314
336 697850
337 703339
338 709562
339 717718
340 720247
341 729902
342 731129
343 737699
344 748349
345 748591
346 761873
347 763787
348 768218
349 770961
350 775240
351 787588
352 795339
353 797392
354 805717
355 811934
356 827497
357 829611
358 840593
359 843027
360 845007
361 850795
362 859404
363 868192
364 868847
365 880648
366 886012
367 892572
368 894569
369 898016
370 901807
371 907044
372 918514
373 930358
374 937593
375 940126
376 943639
377 950191
378 965637
379 980559
380 987279
381 988017
382 993432
383 1009038
384 1014128
385 1014764
386 1028109
387 1043699
388 1045483
389 1047398
390 1048255
391 1049383
392 1062688
393 1066921
394 1075667
395 1083578
396 1100679
397 1102772
398 1111157
399 1118377
400 1121401
401 1130601
402 1146935
403 1151341
404 1160943
405 1172135
406 1178234
407 1180352
408 1183920
409 1186603
410 1194428
411 1199377
412 1215077
413 1220610
414 1224043
415 1231660
416 1240365
417 1253420
418 1253999
419 1272641
420 1278623
421 1283898
422 1297025
423 1314015
424 1329585
425 1331903
426 1341468
427 1344143
428 1353192
429 1361152
430 1375756
431 1384564
432 1392590
433 1398543
434 1402800
435 1405997
436 1437430
437 1447738
438 1454273
439 1460067
440 1465857
441 1468895
442 1470470
443 1507873
444 1508067
445 1511715
446 1526817
447 1541592
448 1542311
449 1551714
450 1567670
451 1573923
452 1580672
453 1588547
454 1599349
455 1606173
456 1625025
457 1637200
458 1647476
459 1650784
460 1659476
461 1660898
462 1675860
463 1682894
464 1704415
465 1708884
466 1714535
467 1724464
468 1730289
469 1731836
470 1735087
471 1757630
472 1767927
473 1769707
474 1788497
475 1791704
476 1802864
477 1825182
478 1827348
479 1829663
480 1843543
481 1850463
482 1855551
483 1869426
484 1874811
485 1921134
486 1929872
487 1939199
488 1939509
489 1945700
490 1951287
491 1963697
492 1965263
493 1973757
494 1989440
495 2003125
496 2013196
497 2028935
498 2036606
499 2046934
500 2048772
501 2059497
502 2067539
503 2082363
504 2098652
505 2105168
506 2108350
507 2134022
508 2135529
509 2149606
510 2150746
511 2167297
512 2200961
513 2213440
514 2223631
515 2239956
516 2241352
517 2266115
518 2287340
519 2293540
520 2301852
521 2303587
522 2304244
523 2305837
524 2314338
525 2357172
526 2363409
527 2391430
528 2397140
529 2403023
530 2405870
531 2429271
532 2437832
533 2442863
534 2445691
535 2468176
536 2488205
537 2505813
538 2510542
539 2516701
540 2520305
541 2544225
542 2545086
543 2553727
544 2589319
545 2594280
546 2595254
547 2619622
548 2633661
549 2663284
550 2686775
551 2705772
552 2716922
553 2722687
554 2753944
555 2767454
556 2775959
557 2792227
558 2797028
559 2799756
560 2814627
561 2824246
562 2844908
563 2849964
564 2891212
565 2894320
566 2897055
567 2909813
568 2912572
569 2940561
570 2945688
571 2963161
572 2983547
573 2993268
574 3000835
575 3031381
576 3047386
577 3051483
578 3086834
579 3101166
580 3139622
581 3145770
582 3151547
583 3155827
584 3192012
585 3214596
586 3220791
587 3222408
588 3259977
589 3277514
590 3278977
591 3298131
592 3303687
593 3324273
594 3327766
595 3331690
596 3348804
597 3362141
598 3377303
599 3380271
600 3392476
601 3408157
602 3440187
603 3450581
604 3470259
605 3481862
606 3509458
607 3533550
608 3546862
609 3564221
610 3598636
611 3604554
612 3628968
613 3653714
614 3672234
615 3674671
616 3686460
617 3714566
618 3728409
619 3737648
620 3739362
621 3748925
622 3761989
623 3784911
624 3800519
625 3808384
626 3808895
627 3859939
628 3865858
629 3874756
630 3892844
631 3898706
632 3925791
633 3930039
634 3956855
635 3968155
636 3973789
637 4012302
638 4056579
639 4067534
640 4104862
641 4142342
642 4145102
643 4159650
644 4163985
645 4166692
646 4170933
647 4186964
648 4191706
649 4223970
650 4236999
651 4249868
652 4263530
653 4285579
654 4329994
655 4347539
656 4358083
657 4369824
658 4383366
659 4385320
660 4453956
661 4464248
662 4491487
663 4498169
664 4521843
665 4526844
666 4531897
667 4548498
668 4575325
669 4594823
670 4631169
671 4652419
672 4657294
673 4687155
674 4708085
675 4731645
676 4745087
677 4772343
678 4802082
679 4817496
680 4844861
681 4859235
682 4864757
683 4911860
684 4916749
685 4951816
686 4979842
687 5019702
688 5030922
689 5049206
690 5049707
691 5055585
692 5084051
693 5104715
694 5105376
695 5143672
696 5151573
697 5163364
698 5165430
699 5191663
700 5242362
701 5242736
702 5246687
703 5272455
704 5304980
705 5320258
706 5338398
707 5354229
708 5358157
709 5402374
710 5417818
711 5424714
712 5463938
713 5487541
714 5495404
715 5511241
716 5520814
717 5578986
718 5617757
719 5657148
720 5687328
721 5688775
722 5696938
723 5706316
724 5719034
725 5751908
726 5786058
727 5814431
728 5819647
729 5830257
730 5919982
731 5930383
732 5952409
733 5973715
734 5991656
735 5999467
736 6009300
737 6035011
738 6049517
739 6058720
740 6074636
741 6106002
742 6110001
743 6167890
744 6187470
745 6206976
746 6227495
747 6260439
748 6266761
749 6285935
750 6309677
751 6336063
752 6350647
753 6353106
754 6367587
755 6392629
756 6413315
757 6469156
758 6497761
759 6513328
760 6537843
761 6546689
762 6553908
763 6577286
764 6579979
765 6601279
766 6609441
767 6658287
768 6712227
769 6734071
770 6743045
771 6784037
772 6792312
773 6819790
774 6829940
775 6874985
776 6882987
777 6889284
778 6894258
779 6907542
780 6921745
781 6935309
782 6956043
783 6968291
784 7036260
785 7080840
786 7127330
787 7128686
788 7151255
789 7153297
790 7228791
791 7256044
792 7262891
793 7278252
794 7295398
795 7295642
796 7306592
797 7343687
798 7368314
799 7399448
800 7443047
801 7467600
802 7480564
803 7530835
804 7571158
805 7576398
806 7616698
807 7651932
808 7654880
809 7676982
810 7712419
811 7733670
812 7756258
813 7784018
814 7806424
815 7836422
816 7880290
817 7882849
818 7922389
819 7985943
820 7988629
821 8022774
822 8050850
823 8057865
824 8081161
825 8173225
826 8178898
827 8222677
828 8223149
829 8239922
830 8249236
831 8315856
832 8360500
833 8367234
834 8375906
835 8412495
836 8438568
837 8447616
838 8508262
839 8523787
840 8538856
841 8582312
842 8608972
843 8691300
844 8731657
845 8737263
846 8739540
847 8745857
848 8772743
849 8808527
850 8824782
851 8840508
852 8920341
853 8985819
854 9028464
855 9062977
856 9077311
857 9106469
858 9106921
859 9181727
860 9192729
861 9222260
862 9266581
863 9274309
864 9280587
865 9297739
866 9371972
867 9407440
868 9416526
869 9483251
870 9491645
871 9510126
872 9517268
873 9544120
874 9616427
875 9636591
876 9676579
877 9704948
878 9717496
879 9815050
880 9828616
881 9836424
882 9889903
883 9917115
884 9921244
885 9933762
886 9990301
887 9995398
888 10001304
889 10011663
890 10098569
891 10157374
892 10191215
893 10254480
894 10299308
895 10362501
896 10369169
897 10382492
898 10388882
899 10397676
900 10400902
901 10435380
902 10470022
903 10480545
904 10516458
905 10567018
906 10676956
907 10688995
908 10728503
909 10754141
910 10786315
911 10861731
912 10897507
913 10900794
914 10913093
915 10971587
916 11003860
917 11042093
918 11052255
919 11072202
920 11104908
921 11167256
922 11197036
923 11229759
924 11234581
925 11246565
926 11353479
927 11374994
928 11393482
929 11476331
930 11510596
931 11561870
932 11575243
933 11588337
934 11616105
935 11635737
936 11713434
937 11720632
938 11747767
939 11789178
940 11829894
941 11839674
942 11894483
943 11943209
944 11991879
945 12050824
946 12073438
947 12087635
948 12144273
949 12150730
950 12168494
951 12194192
952 12222122
953 12245703
954 12274781
955 12312405
956 12342475
957 12425941
958 12441570
959 12447300
960 12462389
961 12512998
962 12520998
963 12530830
964 12674908
965 12690095
966 12711680
967 12788721
968 12791886
969 12800963
970 12822496
971 12880615
972 12905676
973 12962807
974 12971436
975 13008080
976 13070544
977 13096597
978 13176196
979 13224918
980 13278437
981 13287538
982 13312535
983 13386531
984 13410291
985 13456700
986 13468850
987 13518184
988 13557227
989 13584784
990 13660628
991 13673885
992 13684965
993 13694241
994 13764220
995 13797476
996 13831341
997 13846572
998 13943921
999 13950524
1000 13986133
