1 1
2 1
3 2
4 1
5 1
6 2
7 1
8 2
9 2
10 1
11 1
12 1
13 2
14 3
15 2
16 1
17 2
18 4
19 2
20 4
21 2
22 1
23 1
24 2
25 1
26 4
27 1
28 2
29 1
30 2
31 2
32 1
33 2
34 1
35 2
36 1
37 1
38 1
39 2
40 1
41 4
42 1
43 2
44 1
45 2
46 1
47 2
48 4
49 6
50 4
51 2
52 4
53 6
54 4
55 2
56 1
57 1
58 2
59 1
60 2
61 1
62 6
63 1
64 2
65 1
66 2
67 1
68 2
69 4
70 1
71 4
72 1
73 4
74 1
75 4
76 1
77 4
78 1
79 1
80 1
81 2
82 3
83 4
84 1
85 2
86 7
87 2
88 1
89 4
90 3
91 2
92 1
93 2
94 4
95 2
96 8
97 2
98 4
99 2
100 4
101 2
102 8
103 2
104 4
105 2
106 1
107 1
108 4
109 3
110 4
111 1
112 4
113 3
114 4
115 1
116 4
117 3
118 4
119 1
120 4
121 1
122 2
123 2
124 1
125 2
126 1
127 2
128 1
129 2
130 1
131 2
132 1
133 2
134 1
135 2
136 1
137 1
138 1
139 2
140 3
141 2
142 5
143 2
144 3
145 2
146 9
147 2
148 3
149 2
150 5
151 2
152 3
153 2
154 1
155 2
156 4
157 2
158 8
159 2
160 4
161 2
162 4
163 2
164 8
165 2
166 4
167 2
168 4
169 2
170 8
171 2
172 1
173 1
174 2
175 1
176 4
177 1
178 2
179 1
180 2
181 1
182 10
183 1
184 2
185 1
186 2
187 1
188 4
189 1
190 2
191 1
192 2
193 4
194 3
195 4
196 1
197 4
198 3
199 4
200 1
201 4
202 3
203 4
204 1
205 4
206 3
207 4
208 1
209 4
210 3
211 1
212 1
213 4
214 1
215 8
216 1
217 4
218 1
219 4
220 1
221 8
222 1
223 4
224 1
225 4
226 1
227 8
228 1
229 4
230 1
231 4
232 1
233 2
234 4
235 2
236 4
237 2
238 12
239 2
240 4
241 2
242 4
243 2
244 4
245 2
246 4
247 2
248 12
249 2
250 4
251 2
252 4
253 2
254 1
255 1
256 2
257 1
258 2
259 1
260 2
261 1
262 2
263 1
264 2
265 1
266 12
267 1
268 2
269 1
270 2
271 1
272 2
273 1
274 2
275 1
276 2
277 1
278 2
279 4
280 1
281 4
282 1
283 4
284 1
285 4
286 1
287 4
288 1
289 4
290 1
291 4
292 1
293 4
294 1
295 4
296 1
297 4
298 1
299 4
300 1
301 1
302 1
303 2
304 3
305 2
306 1
307 6
308 3
309 2
310 1
311 2
312 11
313 2
314 1
315 2
316 3
317 6
318 1
319 2
320 3
321 2
322 1
323 2
324 3
325 2
326 1
327 2
328 4
329 6
330 8
331 2
332 4
333 14
334 4
335 2
336 8
337 6
338 4
339 2
340 4
341 6
342 8
343 2
344 4
345 14
346 4
347 2
348 8
349 6
350 4
351 2
352 1
353 1
354 2
355 1
356 4
357 1
358 2
359 1
360 2
361 1
362 10
363 1
364 2
365 1
366 2
367 1
368 4
369 1
370 2
371 1
372 2
373 1
374 4
375 1
376 2
377 1
378 2
379 1
380 2
381 4
382 1
383 8
384 1
385 4
386 1
387 4
388 1
389 8
390 1
391 4
392 1
393 4
394 1
395 8
396 1
397 4
398 1
399 4
400 1
401 8
402 1
403 4
404 1
405 4
406 1
407 1
408 1
409 2
410 3
411 2
412 1
413 2
414 3
415 8
416 1
417 2
418 3
419 2
420 1
421 2
422 15
423 2
424 1
425 2
426 3
427 2
428 1
429 8
430 3
431 2
432 1
433 2
434 3
435 2
436 1
437 2
438 8
439 6
440 8
441 2
442 8
443 6
444 8
445 2
446 8
447 6
448 8
449 2
450 8
451 6
452 8
453 2
454 8
455 6
456 8
457 2
458 8
459 6
460 8
461 2
462 8
463 6
464 8
465 2
466 1
467 1
468 2
469 1
470 4
471 1
472 6
473 1
474 2
475 1
476 4
477 1
478 2
479 1
480 2
481 1
482 16
483 1
484 2
485 1
486 2
487 1
488 4
489 1
490 2
491 1
492 6
493 1
494 4
495 1
496 2
497 1
498 2
499 2
500 1
501 2
502 1
503 2
504 1
505 2
506 1
507 2
508 1
509 2
510 1
511 2
512 1
513 2
514 1
515 2
516 1
517 2
518 1
519 2
520 1
521 2
522 1
523 2
524 1
525 2
526 1
527 2
528 1
529 1
530 1
531 4
532 1
533 4
534 1
535 12
536 1
537 4
538 1
539 4
540 1
541 4
542 1
543 4
544 1
545 12
546 1
547 4
548 1
549 4
550 1
551 4
552 1
553 4
554 1
555 12
556 1
557 4
558 1
559 4
560 1
561 4
562 1
563 2
564 4
565 6
566 4
567 10
568 4
569 6
570 4
571 18
572 4
573 6
574 4
575 10
576 4
577 6
578 4
579 2
580 4
581 6
582 4
583 10
584 4
585 6
586 4
587 18
588 4
589 6
590 4
591 10
592 4
593 6
594 4
595 2
596 1
597 1
598 4
599 3
600 8
601 1
602 4
603 3
604 4
605 1
606 8
607 3
608 4
609 1
610 4
611 3
612 8
613 1
614 4
615 3
616 4
617 1
618 8
619 3
620 4
621 1
622 4
623 3
624 8
625 1
626 4
627 3
628 4
629 1
630 8
631 1
632 2
633 4
634 1
635 8
636 1
637 4
638 1
639 4
640 1
641 8
642 1
643 4
644 1
645 4
646 1
647 8
648 1
649 4
650 1
651 4
652 1
653 8
654 1
655 4
656 1
657 4
658 1
659 8
660 1
661 4
662 1
663 4
664 1
665 8
666 1
667 1
668 1
669 2
670 3
671 4
672 1
673 2
674 7
675 2
676 1
677 10
678 3
679 2
680 1
681 2
682 3
683 4
684 1
685 2
686 19
687 2
688 1
689 4
690 3
691 2
692 1
693 2
694 3
695 10
696 1
697 2
698 7
699 2
700 1
701 4
702 3
703 2
704 1
705 2
706 4
707 2
708 8
709 2
710 4
711 2
712 4
713 2
714 20
715 2
716 4
717 2
718 4
719 2
720 8
721 2
722 4
723 2
724 4
725 2
726 8
727 2
728 4
729 2
730 4
731 2
732 20
733 2
734 4
735 2
736 4
737 2
738 8
739 2
740 4
741 2
742 1
743 1
744 4
745 3
746 8
747 1
748 4
749 7
750 4
751 1
752 8
753 3
754 4
755 1
756 4
757 3
758 8
759 1
760 4
761 7
762 4
763 1
764 8
765 3
766 4
767 1
768 4
769 3
770 8
771 1
772 4
773 7
774 4
775 1
776 8
777 3
778 4
779 1
780 4
781 1
782 2
783 4
784 3
785 4
786 1
787 4
788 3
789 4
790 1
791 4
792 3
793 4
794 1
795 4
796 3
797 4
798 1
799 4
800 3
801 4
802 1
803 4
804 3
805 4
806 1
807 4
808 3
809 4
810 1
811 4
812 3
813 4
814 1
815 4
816 3
817 4
818 1
819 4
820 3
821 1
822 1
823 2
824 3
825 2
826 5
827 6
828 3
829 2
830 1
831 2
832 11
833 2
834 5
835 2
836 3
837 6
838 1
839 2
840 3
841 2
842 21
843 2
844 3
845 2
846 1
847 6
848 3
849 2
850 5
851 2
852 11
853 2
854 1
855 2
856 3
857 6
858 5
859 2
860 3
861 2
862 1
863 2
864 8
865 2
866 16
867 2
868 8
869 2
870 8
871 2
872 16
873 2
874 8
875 2
876 8
877 2
878 16
879 2
880 8
881 2
882 8
883 2
884 16
885 2
886 8
887 2
888 8
889 2
890 16
891 2
892 8
893 2
894 8
895 2
896 16
897 2
898 8
899 2
900 8
901 2
902 16
903 2
904 1
905 1
906 2
907 1
908 4
909 1
910 2
911 1
912 8
913 1
914 4
915 1
916 2
917 1
918 2
919 1
920 4
921 1
922 2
923 1
924 2
925 1
926 22
927 1
928 2
929 1
930 2
931 1
932 4
933 1
934 2
935 1
936 2
937 1
938 4
939 1
940 8
941 1
942 2
943 1
944 4
945 1
946 2
947 1
948 2
949 4
950 1
951 4
952 1
953 12
954 1
955 4
956 1
957 4
958 1
959 4
960 1
961 4
962 1
963 12
964 1
965 4
966 1
967 4
968 1
969 4
970 1
971 4
972 1
973 12
974 1
975 4
976 1
977 4
978 1
979 4
980 1
981 4
982 1
983 12
984 1
985 4
986 1
987 4
988 1
989 4
990 1
991 1
992 1
993 4
994 3
995 8
996 1
997 4
998 3
999 4
1000 1
1001 8
1002 3
1003 4
1004 1
1005 4
1006 3
1007 8
1008 1
1009 4
1010 3
1011 4
1012 1
1013 8
1014 3
1015 4
1016 1
1017 4
1018 3
1019 8
1020 1
1021 4
1022 3
1023 4
1024 1
1025 8
1026 3
1027 4
1028 1
1029 4
1030 3
1031 8
1032 1
1033 4
1034 3
1035 4
1036 1
1037 2
1038 4
1039 2
1040 4
1041 2
1042 4
1043 2
1044 4
1045 2
1046 4
1047 2
1048 24
1049 2
1050 4
1051 2
1052 4
1053 2
1054 4
1055 2
1056 4
1057 2
1058 4
1059 2
1060 4
1061 2
1062 4
1063 2
1064 4
1065 2
1066 4
1067 2
1068 4
1069 2
1070 24
1071 2
1072 4
1073 2
1074 4
1075 2
1076 4
1077 2
1078 4
1079 2
1080 4
1081 2
1082 1
1083 1
1084 2
1085 1
1086 2
1087 1
1088 2
1089 1
1090 2
1091 1
1092 2
1093 1
1094 2
1095 1
1096 2
1097 1
1098 2
1099 1
1100 2
1101 1
1102 2
1103 1
1104 2
1105 1
1106 24
1107 1
1108 2
1109 1
1110 2
1111 1
1112 2
1113 1
1114 2
1115 1
1116 2
1117 1
1118 2
1119 1
1120 2
1121 1
1122 2
1123 1
1124 2
1125 1
1126 2
1127 1
1128 2
1129 1
1130 2
1131 4
1132 1
1133 4
1134 1
1135 4
1136 1
1137 4
1138 1
1139 4
1140 1
1141 4
1142 1
1143 4
1144 1
1145 4
1146 1
1147 4
1148 1
1149 4
1150 1
1151 4
1152 1
1153 4
1154 1
1155 4
1156 1
1157 4
1158 1
1159 4
1160 1
1161 4
1162 1
1163 4
1164 1
1165 4
1166 1
1167 4
1168 1
1169 4
1170 1
1171 4
1172 1
1173 4
1174 1
1175 4
1176 1
1177 1
1178 1
1179 2
1180 1
1181 4
1182 1
1183 2
1184 1
1185 8
1186 1
1187 4
1188 1
1189 2
1190 1
1191 2
1192 1
1193 4
1194 1
1195 2
1196 1
1197 2
1198 1
1199 22
1200 1
1201 2
1202 1
1203 2
1204 1
1205 4
1206 1
1207 2
1208 1
1209 2
1210 1
1211 4
1212 1
1213 8
1214 1
1215 2
1216 1
1217 4
1218 1
1219 2
1220 1
1221 2
1222 1
1223 4
1224 1
1225 2
1226 1
1227 2
1228 4
1229 6
1230 4
1231 2
1232 12
1233 6
1234 4
1235 2
1236 4
1237 22
1238 4
1239 2
1240 4
1241 6
1242 12
1243 2
1244 4
1245 6
1246 4
1247 2
1248 4
1249 6
1250 4
1251 2
1252 12
1253 6
1254 4
1255 2
1256 4
1257 22
1258 4
1259 2
1260 4
1261 6
1262 12
1263 2
1264 4
1265 6
1266 4
1267 2
1268 4
1269 6
1270 4
1271 2
1272 12
1273 6
1274 4
1275 2
1276 1
1277 1
1278 4
1279 3
1280 4
1281 5
1282 4
1283 3
1284 4
1285 9
1286 4
1287 3
1288 4
1289 5
1290 4
1291 3
1292 4
1293 1
1294 4
1295 3
1296 4
1297 5
1298 4
1299 3
1300 4
1301 9
1302 4
1303 3
1304 4
1305 5
1306 4
1307 3
1308 4
1309 1
1310 4
1311 3
1312 4
1313 5
1314 4
1315 3
1316 4
1317 9
1318 4
1319 3
1320 4
1321 5
1322 4
1323 3
1324 4
1325 1
1326 4
1327 1
1328 2
1329 4
1330 3
1331 8
1332 1
1333 4
1334 7
1335 4
1336 1
1337 8
1338 3
1339 4
1340 1
1341 4
1342 3
1343 8
1344 1
1345 4
1346 7
1347 4
1348 1
1349 8
1350 3
1351 4
1352 1
1353 4
1354 3
1355 8
1356 1
1357 4
1358 7
1359 4
1360 1
1361 8
1362 3
1363 4
1364 1
1365 4
1366 3
1367 8
1368 1
1369 4
1370 7
1371 4
1372 1
1373 8
1374 3
1375 4
1376 1
1377 4
1378 3
1379 1
1380 1
1381 2
1382 3
1383 2
1384 1
1385 2
1386 3
1387 2
1388 1
1389 2
1390 3
1391 2
1392 1
1393 14
1394 3
1395 2
1396 1
1397 2
1398 3
1399 2
1400 1
1401 2
1402 3
1403 2
1404 1
1405 2
1406 27
1407 2
1408 1
1409 2
1410 3
1411 2
1412 1
1413 2
1414 3
1415 2
1416 1
1417 2
1418 3
1419 14
1420 1
1421 2
1422 3
1423 2
1424 1
1425 2
1426 3
1427 2
1428 1
1429 2
1430 3
1431 2
1432 1
1433 2
1434 4
1435 2
1436 8
1437 2
1438 4
1439 2
1440 4
1441 2
1442 20
1443 2
1444 4
1445 2
1446 4
1447 2
1448 8
1449 2
1450 4
1451 2
1452 4
1453 2
1454 8
1455 2
1456 4
1457 2
1458 4
1459 2
1460 20
1461 2
1462 4
1463 2
1464 4
1465 2
1466 8
1467 2
1468 4
1469 2
1470 4
1471 2
1472 8
1473 2
1474 4
1475 2
1476 4
1477 2
1478 20
1479 2
1480 4
1481 2
1482 4
1483 2
1484 8
1485 2
1486 1
1487 1
1488 4
1489 3
1490 4
1491 1
1492 12
1493 3
1494 4
1495 1
1496 4
1497 3
1498 4
1499 1
1500 4
1501 3
1502 12
1503 1
1504 4
1505 3
1506 4
1507 1
1508 4
1509 3
1510 4
1511 1
1512 12
1513 3
1514 4
1515 1
1516 4
1517 3
1518 4
1519 1
1520 4
1521 3
1522 12
1523 1
1524 4
1525 3
1526 4
1527 1
1528 4
1529 3
1530 4
1531 1
1532 12
1533 3
1534 4
1535 1
1536 4
1537 3
1538 4
1539 1
1540 4
1541 1
1542 2
1543 4
1544 1
1545 8
1546 1
1547 4
1548 1
1549 4
1550 1
1551 8
1552 1
1553 4
1554 1
1555 4
1556 1
1557 8
1558 1
1559 4
1560 1
1561 4
1562 1
1563 8
1564 1
1565 4
1566 1
1567 4
1568 1
1569 8
1570 1
1571 4
1572 1
1573 4
1574 1
1575 8
1576 1
1577 4
1578 1
1579 4
1580 1
1581 8
1582 1
1583 4
1584 1
1585 4
1586 1
1587 8
1588 1
1589 4
1590 1
1591 4
1592 1
1593 8
1594 1
1595 4
1596 1
1597 1
1598 1
1599 4
1600 1
1601 8
1602 1
1603 4
1604 1
1605 4
1606 1
1607 20
1608 1
1609 4
1610 1
1611 4
1612 1
1613 8
1614 1
1615 4
1616 1
1617 4
1618 1
1619 8
1620 1
1621 4
1622 1
1623 4
1624 1
1625 20
1626 1
1627 4
1628 1
1629 4
1630 1
1631 8
1632 1
1633 4
1634 1
1635 4
1636 1
1637 8
1638 1
1639 4
1640 1
1641 4
1642 1
1643 20
1644 1
1645 4
1646 1
1647 4
1648 1
1649 8
1650 1
1651 4
1652 1
1653 4
1654 1
1655 2
1656 4
1657 6
1658 4
1659 2
1660 4
1661 6
1662 16
1663 2
1664 4
1665 6
1666 4
1667 2
1668 4
1669 30
1670 4
1671 2
1672 4
1673 6
1674 4
1675 2
1676 16
1677 6
1678 4
1679 2
1680 4
1681 6
1682 4
1683 2
1684 4
1685 6
1686 4
1687 2
1688 4
1689 6
1690 16
1691 2
1692 4
1693 6
1694 4
1695 2
1696 4
1697 30
1698 4
1699 2
1700 4
1701 6
1702 4
1703 2
1704 16
1705 6
1706 4
1707 2
1708 4
1709 6
1710 4
1711 2
1712 1
1713 1
1714 2
1715 1
1716 2
1717 1
1718 2
1719 1
1720 2
1721 1
1722 2
1723 1
1724 2
1725 1
1726 2
1727 1
1728 2
1729 1
1730 2
1731 1
1732 2
1733 1
1734 2
1735 1
1736 2
1737 1
1738 2
1739 1
1740 2
1741 1
1742 30
1743 1
1744 2
1745 1
1746 2
1747 1
1748 2
1749 1
1750 2
1751 1
1752 2
1753 1
1754 2
1755 1
1756 2
1757 1
1758 2
1759 1
1760 2
1761 1
1762 2
1763 1
1764 2
1765 1
1766 2
1767 1
1768 2
1769 1
1770 2
1771 1
1772 2
1773 8
1774 3
1775 8
1776 1
1777 8
1778 3
1779 8
1780 1
1781 8
1782 3
1783 8
1784 1
1785 8
1786 3
1787 8
1788 1
1789 8
1790 3
1791 8
1792 1
1793 8
1794 3
1795 8
1796 1
1797 8
1798 3
1799 8
1800 1
1801 8
1802 3
1803 8
1804 1
1805 8
1806 3
1807 8
1808 1
1809 8
1810 3
1811 8
1812 1
1813 8
1814 3
1815 8
1816 1
1817 8
1818 3
1819 8
1820 1
1821 8
1822 3
1823 8
1824 1
1825 8
1826 3
1827 8
1828 1
1829 8
1830 3
1831 1
1832 1
1833 2
1834 3
1835 4
1836 1
1837 6
1838 7
1839 2
1840 1
1841 4
1842 11
1843 2
1844 1
1845 2
1846 3
1847 16
1848 1
1849 2
1850 7
1851 2
1852 1
1853 4
1854 3
1855 2
1856 1
1857 6
1858 3
1859 4
1860 1
1861 2
1862 31
1863 2
1864 1
1865 4
1866 3
1867 6
1868 1
1869 2
1870 3
1871 4
1872 1
1873 2
1874 7
1875 2
1876 1
1877 16
1878 3
1879 2
1880 1
1881 2
1882 11
1883 4
1884 1
1885 2
1886 7
1887 6
1888 1
1889 4
1890 3
1891 2
1892 1
1893 2
1894 4
1895 2
1896 8
1897 2
1898 12
1899 2
1900 4
1901 2
1902 8
1903 2
1904 4
1905 2
1906 4
1907 2
1908 32
1909 2
1910 4
1911 2
1912 4
1913 2
1914 8
1915 2
1916 4
1917 2
1918 12
1919 2
1920 8
1921 2
1922 4
1923 2
1924 4
1925 2
1926 8
1927 2
1928 12
1929 2
1930 4
1931 2
1932 8
1933 2
1934 4
1935 2
1936 4
1937 2
1938 32
1939 2
1940 4
1941 2
1942 4
1943 2
1944 8
1945 2
1946 4
1947 2
1948 12
1949 2
1950 8
1951 2
1952 4
1953 2
1954 1
1955 1
1956 4
1957 1
1958 16
1959 1
1960 4
1961 1
1962 4
1963 1
1964 16
1965 1
1966 4
1967 1
1968 4
1969 1
1970 16
1971 1
1972 4
1973 1
1974 4
1975 1
1976 16
1977 1
1978 4
1979 1
1980 4
1981 1
1982 16
1983 1
1984 4
1985 1
1986 4
1987 1
1988 16
1989 1
1990 4
1991 1
1992 4
1993 1
1994 16
1995 1
1996 4
1997 1
1998 4
1999 1
2000 16
2001 1
2002 4
2003 1
2004 4
2005 1
2006 16
2007 1
2008 4
2009 1
2010 4
2011 1
2012 16
2013 1
2014 4
2015 1
2016 4
2017 1
2018 2
2019 2
2020 1
2021 2
2022 1
2023 2
2024 1
2025 2
2026 1
2027 2
2028 1
2029 2
2030 1
2031 2
2032 1
2033 2
2034 1
2035 2
2036 1
2037 2
2038 1
2039 2
2040 1
2041 2
2042 1
2043 2
2044 1
2045 2
2046 1
2047 2
2048 1
2049 2
2050 1
2051 2
2052 1
2053 2
2054 1
2055 2
2056 1
2057 2
2058 1
2059 2
2060 1
2061 2
2062 1
2063 2
2064 1
2065 2
2066 1
2067 2
2068 1
2069 2
2070 1
2071 2
2072 1
2073 2
2074 1
2075 2
2076 1
2077 2
2078 1
2079 2
2080 1
2081 1
2082 1
2083 4
2084 9
2085 8
2086 1
2087 4
2088 21
2089 4
2090 1
2091 8
2092 9
2093 4
2094 1
2095 4
2096 9
2097 8
2098 1
2099 4
2100 21
2101 4
2102 1
2103 8
2104 9
2105 4
2106 1
2107 4
2108 9
2109 8
2110 1
2111 4
2112 21
2113 4
2114 1
2115 8
2116 9
2117 4
2118 1
2119 4
2120 9
2121 8
2122 1
2123 4
2124 21
2125 4
2126 1
2127 8
2128 9
2129 4
2130 1
2131 4
2132 9
2133 8
2134 1
2135 4
2136 21
2137 4
2138 1
2139 8
2140 9
2141 4
2142 1
2143 4
2144 9
2145 8
2146 1
2147 2
2148 8
2149 2
2150 8
2151 2
2152 24
2153 2
2154 8
2155 2
2156 8
2157 2
2158 8
2159 2
2160 8
2161 2
2162 24
2163 2
2164 8
2165 2
2166 8
2167 2
2168 8
2169 2
2170 8
2171 2
2172 24
2173 2
2174 8
2175 2
2176 8
2177 2
2178 8
2179 2
2180 8
2181 2
2182 24
2183 2
2184 8
2185 2
2186 8
2187 2
2188 8
2189 2
2190 8
2191 2
2192 24
2193 2
2194 8
2195 2
2196 8
2197 2
2198 8
2199 2
2200 8
2201 2
2202 24
2203 2
2204 8
2205 2
2206 8
2207 2
2208 8
2209 2
2210 8
2211 2
2212 1
2213 1
2214 2
2215 1
2216 4
2217 1
2218 2
2219 1
2220 2
2221 1
2222 4
2223 1
2224 12
2225 1
2226 2
2227 1
2228 4
2229 1
2230 2
2231 1
2232 2
2233 1
2234 4
2235 1
2236 2
2237 1
2238 2
2239 1
2240 4
2241 1
2242 2
2243 1
2244 2
2245 1
2246 34
2247 1
2248 2
2249 1
2250 2
2251 1
2252 4
2253 1
2254 2
2255 1
2256 2
2257 1
2258 4
2259 1
2260 2
2261 1
2262 2
2263 1
2264 4
2265 1
2266 2
2267 1
2268 12
2269 1
2270 4
2271 1
2272 2
2273 1
2274 2
2275 1
2276 4
2277 1
2278 2
2279 1
2280 2
2281 4
2282 3
2283 4
2284 5
2285 4
2286 3
2287 4
2288 9
2289 4
2290 3
2291 4
2292 5
2293 4
2294 3
2295 4
2296 1
2297 4
2298 3
2299 4
2300 5
2301 4
2302 3
2303 4
2304 9
2305 4
2306 3
2307 4
2308 5
2309 4
2310 3
2311 4
2312 1
2313 4
2314 3
2315 4
2316 5
2317 4
2318 3
2319 4
2320 9
2321 4
2322 3
2323 4
2324 5
2325 4
2326 3
2327 4
2328 1
2329 4
2330 3
2331 4
2332 5
2333 4
2334 3
2335 4
2336 9
2337 4
2338 3
2339 4
2340 5
2341 4
2342 3
2343 4
2344 1
2345 4
2346 3
2347 1
2348 1
2349 4
2350 1
2351 4
2352 1
2353 4
2354 1
2355 4
2356 1
2357 4
2358 1
2359 24
2360 1
2361 4
2362 1
2363 4
2364 1
2365 4
2366 1
2367 4
2368 1
2369 4
2370 1
2371 4
2372 1
2373 4
2374 1
2375 4
2376 1
2377 4
2378 1
2379 4
2380 1
2381 24
2382 1
2383 4
2384 1
2385 4
2386 1
2387 4
2388 1
2389 4
2390 1
2391 4
2392 1
2393 4
2394 1
2395 4
2396 1
2397 4
2398 1
2399 4
2400 1
2401 4
2402 1
2403 24
2404 1
2405 4
2406 1
2407 4
2408 1
2409 4
2410 1
2411 4
2412 1
2413 4
2414 1
2415 4
2416 1
2417 2
2418 8
2419 6
2420 16
2421 2
2422 8
2423 6
2424 8
2425 2
2426 16
2427 6
2428 8
2429 2
2430 8
2431 6
2432 16
2433 2
2434 8
2435 6
2436 8
2437 2
2438 16
2439 6
2440 8
2441 2
2442 8
2443 6
2444 16
2445 2
2446 8
2447 6
2448 8
2449 2
2450 16
2451 6
2452 8
2453 2
2454 8
2455 6
2456 16
2457 2
2458 8
2459 6
2460 8
2461 2
2462 16
2463 6
2464 8
2465 2
2466 8
2467 6
2468 16
2469 2
2470 8
2471 6
2472 8
2473 2
2474 16
2475 6
2476 8
2477 2
2478 8
2479 6
2480 16
2481 2
2482 8
2483 6
2484 8
2485 2
2486 1
2487 1
2488 2
2489 1
2490 2
2491 1
2492 6
2493 1
2494 8
2495 1
2496 2
2497 1
2498 2
2499 1
2500 2
2501 1
2502 6
2503 1
2504 2
2505 1
2506 2
2507 1
2508 8
2509 1
2510 2
2511 1
2512 6
2513 1
2514 2
2515 1
2516 2
2517 1
2518 2
2519 1
2520 2
2521 1
2522 36
2523 1
2524 2
2525 1
2526 2
2527 1
2528 2
2529 1
2530 2
2531 1
2532 6
2533 1
2534 2
2535 1
2536 8
2537 1
2538 2
2539 1
2540 2
2541 1
2542 6
2543 1
2544 2
2545 1
2546 2
2547 1
2548 2
2549 1
2550 8
2551 1
2552 6
2553 1
2554 2
2555 1
2556 2
2557 1
2558 2
2559 4
2560 1
2561 8
2562 1
2563 4
2564 1
2565 4
2566 1
2567 8
2568 1
2569 4
2570 1
2571 4
2572 1
2573 8
2574 1
2575 4
2576 1
2577 4
2578 1
2579 8
2580 1
2581 4
2582 1
2583 4
2584 1
2585 8
2586 1
2587 4
2588 1
2589 4
2590 1
2591 8
2592 1
2593 4
2594 1
2595 4
2596 1
2597 8
2598 1
2599 4
2600 1
2601 4
2602 1
2603 8
2604 1
2605 4
2606 1
2607 4
2608 1
2609 8
2610 1
2611 4
2612 1
2613 4
2614 1
2615 8
2616 1
2617 4
2618 1
2619 4
2620 1
2621 8
2622 1
2623 4
2624 1
2625 4
2626 1
2627 8
2628 1
2629 1
2630 1
2631 2
2632 3
2633 4
2634 5
2635 2
2636 7
2637 2
2638 1
2639 10
2640 3
2641 2
2642 13
2643 2
2644 3
2645 4
2646 1
2647 2
2648 19
2649 2
2650 5
2651 4
2652 3
2653 2
2654 1
2655 2
2656 3
2657 10
2658 5
2659 2
2660 7
2661 2
2662 1
2663 4
2664 3
2665 2
2666 37
2667 2
2668 3
2669 4
2670 1
2671 2
2672 7
2673 2
2674 5
2675 10
2676 3
2677 2
2678 1
2679 2
2680 3
2681 4
2682 5
2683 2
2684 19
2685 2
2686 1
2687 4
2688 3
2689 2
2690 13
2691 2
2692 3
2693 10
2694 1
2695 2
2696 7
2697 2
2698 5
2699 4
2700 3
2701 2
2702 1
2703 2
2704 4
2705 6
2706 8
2707 2
2708 4
2709 14
2710 4
2711 2
2712 20
2713 6
2714 4
2715 2
2716 4
2717 6
2718 8
2719 2
2720 4
2721 38
2722 4
2723 2
2724 8
2725 6
2726 4
2727 2
2728 4
2729 6
2730 20
2731 2
2732 4
2733 14
2734 4
2735 2
2736 8
2737 6
2738 4
2739 2
2740 4
2741 6
2742 8
2743 2
2744 4
2745 14
2746 4
2747 2
2748 20
2749 6
2750 4
2751 2
2752 4
2753 6
2754 8
2755 2
2756 4
2757 38
2758 4
2759 2
2760 8
2761 6
2762 4
2763 2
2764 4
2765 6
2766 20
2767 2
2768 4
2769 14
2770 4
2771 2
2772 8
2773 6
2774 4
2775 2
2776 1
2777 1
2778 4
2779 3
2780 4
2781 1
2782 12
2783 3
2784 4
2785 1
2786 4
2787 11
2788 4
2789 1
2790 4
2791 3
2792 12
2793 1
2794 4
2795 3
2796 4
2797 1
2798 4
2799 3
2800 4
2801 1
2802 12
2803 3
2804 4
2805 1
2806 4
2807 11
2808 4
2809 1
2810 4
2811 3
2812 12
2813 1
2814 4
2815 3
2816 4
2817 1
2818 4
2819 3
2820 4
2821 1
2822 12
2823 3
2824 4
2825 1
2826 4
2827 11
2828 4
2829 1
2830 4
2831 3
2832 12
2833 1
2834 4
2835 3
2836 4
2837 1
2838 4
2839 3
2840 4
2841 1
2842 12
2843 3
2844 4
2845 1
2846 4
2847 11
2848 4
2849 1
2850 4
2851 1
2852 2
2853 4
2854 1
2855 8
2856 1
2857 4
2858 1
2859 4
2860 1
2861 20
2862 1
2863 4
2864 1
2865 4
2866 1
2867 8
2868 1
2869 4
2870 1
2871 4
2872 1
2873 8
2874 1
2875 4
2876 1
2877 4
2878 1
2879 20
2880 1
2881 4
2882 1
2883 4
2884 1
2885 8
2886 1
2887 4
2888 1
2889 4
2890 1
2891 8
2892 1
2893 4
2894 1
2895 4
2896 1
2897 20
2898 1
2899 4
2900 1
2901 4
2902 1
2903 8
2904 1
2905 4
2906 1
2907 4
2908 1
2909 8
2910 1
2911 4
2912 1
2913 4
2914 1
2915 20
2916 1
2917 4
2918 1
2919 4
2920 1
2921 8
2922 1
2923 4
2924 1
2925 4
2926 1
2927 1
2928 1
2929 4
2930 1
2931 8
2932 1
2933 12
2934 1
2935 4
2936 1
2937 8
2938 1
2939 4
2940 1
2941 4
2942 1
2943 24
2944 1
2945 4
2946 1
2947 4
2948 1
2949 8
2950 1
2951 4
2952 1
2953 12
2954 1
2955 8
2956 1
2957 4
2958 1
2959 4
2960 1
2961 8
2962 1
2963 12
2964 1
2965 4
2966 1
2967 8
2968 1
2969 4
2970 1
2971 4
2972 1
2973 24
2974 1
2975 4
2976 1
2977 4
2978 1
2979 8
2980 1
2981 4
2982 1
2983 12
2984 1
2985 8
2986 1
2987 4
2988 1
2989 4
2990 1
2991 8
2992 1
2993 12
2994 1
2995 4
2996 1
2997 8
2998 1
2999 4
3000 1
3001 4
3002 1
3003 24
3004 1
3005 2
3006 8
3007 6
3008 16
3009 2
3010 8
3011 14
3012 8
3013 2
3014 16
3015 6
3016 8
3017 2
3018 8
3019 6
3020 16
3021 2
3022 8
3023 14
3024 8
3025 2
3026 16
3027 6
3028 8
3029 2
3030 8
3031 6
3032 16
3033 2
3034 8
3035 14
3036 8
3037 2
3038 16
3039 6
3040 8
3041 2
3042 8
3043 6
3044 16
3045 2
3046 8
3047 14
3048 8
3049 2
3050 16
3051 6
3052 8
3053 2
3054 8
3055 6
3056 16
3057 2
3058 8
3059 14
3060 8
3061 2
3062 16
3063 6
3064 8
3065 2
3066 8
3067 6
3068 16
3069 2
3070 8
3071 14
3072 8
3073 2
3074 16
3075 6
3076 8
3077 2
3078 8
3079 6
3080 16
3081 2
3082 1
3083 1
3084 2
3085 1
3086 4
3087 1
3088 2
3089 1
3090 2
3091 1
3092 4
3093 1
3094 2
3095 1
3096 14
3097 1
3098 4
3099 1
3100 2
3101 1
3102 2
3103 1
3104 4
3105 1
3106 2
3107 1
3108 2
3109 1
3110 4
3111 1
3112 2
3113 1
3114 2
3115 1
3116 4
3117 1
3118 2
3119 1
3120 2
3121 1
3122 40
3123 1
3124 2
3125 1
3126 2
3127 1
3128 4
3129 1
3130 2
3131 1
3132 2
3133 1
3134 4
3135 1
3136 2
3137 1
3138 2
3139 1
3140 4
3141 1
3142 2
3143 1
3144 2
3145 1
3146 4
3147 1
3148 14
3149 1
3150 2
3151 1
3152 4
3153 1
3154 2
3155 1
3156 2
3157 1
3158 4
3159 1
3160 2
3161 1
3162 2
3163 4
3164 3
3165 4
3166 1
3167 4
3168 3
3169 4
3170 1
3171 4
3172 3
3173 4
3174 1
3175 4
3176 3
3177 4
3178 1
3179 4
3180 3
3181 4
3182 1
3183 4
3184 3
3185 4
3186 1
3187 4
3188 3
3189 4
3190 1
3191 4
3192 3
3193 4
3194 1
3195 4
3196 3
3197 4
3198 1
3199 4
3200 3
3201 4
3202 1
3203 4
3204 3
3205 4
3206 1
3207 4
3208 3
3209 4
3210 1
3211 4
3212 3
3213 4
3214 1
3215 4
3216 3
3217 4
3218 1
3219 4
3220 3
3221 4
3222 1
3223 4
3224 3
3225 4
3226 1
3227 4
3228 3
3229 4
3230 1
3231 4
3232 3
3233 4
3234 1
3235 4
3236 3
3237 4
3238 1
3239 4
3240 3
3241 1
3242 1
3243 2
3244 1
3245 4
3246 1
3247 2
3248 1
3249 2
3250 1
3251 10
3252 1
3253 2
3254 1
3255 2
3256 1
3257 4
3258 1
3259 2
3260 1
3261 2
3262 1
3263 4
3264 1
3265 2
3266 1
3267 2
3268 1
3269 28
3270 1
3271 2
3272 1
3273 2
3274 1
3275 4
3276 1
3277 2
3278 1
3279 2
3280 1
3281 4
3282 1
3283 2
3284 1
3285 2
3286 1
3287 10
3288 1
3289 2
3290 1
3291 2
3292 1
3293 4
3294 1
3295 2
3296 1
3297 2
3298 1
3299 4
3300 1
3301 2
3302 1
3303 2
3304 1
3305 10
3306 1
3307 2
3308 1
3309 2
3310 1
3311 4
3312 1
3313 2
3314 1
3315 2
3316 1
3317 4
3318 1
3319 2
3320 1
3321 2
3322 1
3323 2
3324 4
3325 6
3326 4
3327 10
3328 12
3329 6
3330 4
3331 2
3332 4
3333 22
3334 4
3335 10
3336 4
3337 6
3338 12
3339 2
3340 4
3341 6
3342 4
3343 42
3344 4
3345 6
3346 4
3347 2
3348 12
3349 6
3350 4
3351 10
3352 4
3353 22
3354 4
3355 2
3356 4
3357 6
3358 12
3359 10
3360 4
3361 6
3362 4
3363 2
3364 4
3365 6
3366 4
3367 10
3368 12
3369 6
3370 4
3371 2
3372 4
3373 22
3374 4
3375 10
3376 4
3377 6
3378 12
3379 2
3380 4
3381 6
3382 4
3383 42
3384 4
3385 6
3386 4
3387 2
3388 12
3389 6
3390 4
3391 10
3392 4
3393 22
3394 4
3395 2
3396 4
3397 6
3398 12
3399 10
3400 4
3401 6
3402 4
3403 2
3404 1
3405 1
3406 2
3407 1
3408 2
3409 1
3410 2
3411 1
3412 2
3413 1
3414 2
3415 1
3416 2
3417 1
3418 2
3419 1
3420 2
3421 1
3422 2
3423 1
3424 2
3425 1
3426 2
3427 1
3428 2
3429 1
3430 2
3431 1
3432 2
3433 1
3434 2
3435 1
3436 2
3437 1
3438 2
3439 1
3440 2
3441 1
3442 2
3443 1
3444 2
3445 1
3446 42
3447 1
3448 2
3449 1
3450 2
3451 1
3452 2
3453 1
3454 2
3455 1
3456 2
3457 1
3458 2
3459 1
3460 2
3461 1
3462 2
3463 1
3464 2
3465 1
3466 2
3467 1
3468 2
3469 1
3470 2
3471 1
3472 2
3473 1
3474 2
3475 1
3476 2
3477 1
3478 2
3479 1
3480 2
3481 1
3482 2
3483 1
3484 2
3485 1
3486 2
3487 1
3488 2
3489 8
3490 1
3491 16
3492 1
3493 8
3494 1
3495 8
3496 1
3497 16
3498 1
3499 8
3500 1
3501 8
3502 1
3503 16
3504 1
3505 8
3506 1
3507 8
3508 1
3509 16
3510 1
3511 8
3512 1
3513 8
3514 1
3515 16
3516 1
3517 8
3518 1
3519 8
3520 1
3521 16
3522 1
3523 8
3524 1
3525 8
3526 1
3527 16
3528 1
3529 8
3530 1
3531 8
3532 1
3533 16
3534 1
3535 8
3536 1
3537 8
3538 1
3539 16
3540 1
3541 8
3542 1
3543 8
3544 1
3545 16
3546 1
3547 8
3548 1
3549 8
3550 1
3551 16
3552 1
3553 8
3554 1
3555 8
3556 1
3557 16
3558 1
3559 8
3560 1
3561 8
3562 1
3563 16
3564 1
3565 8
3566 1
3567 8
3568 1
3569 16
3570 1
3571 1
3572 1
3573 4
3574 9
3575 4
3576 5
3577 4
3578 9
3579 4
3580 9
3581 4
3582 9
3583 4
3584 5
3585 4
3586 9
3587 4
3588 1
3589 4
3590 9
3591 4
3592 5
3593 4
3594 9
3595 4
3596 9
3597 4
3598 9
3599 4
3600 5
3601 4
3602 9
3603 4
3604 1
3605 4
3606 9
3607 4
3608 5
3609 4
3610 9
3611 4
3612 9
3613 4
3614 9
3615 4
3616 5
3617 4
3618 9
3619 4
3620 1
3621 4
3622 9
3623 4
3624 5
3625 4
3626 9
3627 4
3628 9
3629 4
3630 9
3631 4
3632 5
3633 4
3634 9
3635 4
3636 1
3637 4
3638 9
3639 4
3640 5
3641 4
3642 9
3643 4
3644 9
3645 4
3646 9
3647 4
3648 5
3649 4
3650 9
3651 4
3652 1
3653 4
3654 9
3655 4
3656 1
3657 2
3658 4
3659 2
3660 8
3661 2
3662 4
3663 2
3664 16
3665 2
3666 8
3667 2
3668 4
3669 2
3670 4
3671 2
3672 8
3673 2
3674 4
3675 2
3676 4
3677 2
3678 44
3679 2
3680 4
3681 2
3682 4
3683 2
3684 8
3685 2
3686 4
3687 2
3688 4
3689 2
3690 8
3691 2
3692 16
3693 2
3694 4
3695 2
3696 8
3697 2
3698 4
3699 2
3700 4
3701 2
3702 8
3703 2
3704 4
3705 2
3706 16
3707 2
3708 8
3709 2
3710 4
3711 2
3712 4
3713 2
3714 8
3715 2
3716 4
3717 2
3718 4
3719 2
3720 44
3721 2
3722 4
3723 2
3724 4
3725 2
3726 8
3727 2
3728 4
3729 2
3730 4
3731 2
3732 8
3733 2
3734 16
3735 2
3736 4
3737 2
3738 8
3739 2
3740 4
3741 2
3742 1
3743 1
3744 4
3745 3
3746 4
3747 1
3748 4
3749 3
3750 16
3751 1
3752 4
3753 3
3754 4
3755 1
3756 4
3757 15
3758 4
3759 1
3760 4
3761 3
3762 4
3763 1
3764 16
3765 3
3766 4
3767 1
3768 4
3769 3
3770 4
3771 1
3772 4
3773 3
3774 4
3775 1
3776 4
3777 3
3778 16
3779 1
3780 4
3781 3
3782 4
3783 1
3784 4
3785 15
3786 4
3787 1
3788 4
3789 3
3790 4
3791 1
3792 16
3793 3
3794 4
3795 1
3796 4
3797 3
3798 4
3799 1
3800 4
3801 3
3802 4
3803 1
3804 4
3805 3
3806 16
3807 1
3808 4
3809 3
3810 4
3811 1
3812 4
3813 15
3814 4
3815 1
3816 4
3817 3
3818 4
3819 1
3820 16
3821 3
3822 4
3823 1
3824 4
3825 3
3826 4
3827 1
3828 4
3829 1
3830 2
3831 4
3832 1
3833 4
3834 1
3835 12
3836 1
3837 4
3838 1
3839 4
3840 1
3841 4
3842 1
3843 4
3844 1
3845 12
3846 1
3847 4
3848 1
3849 4
3850 1
3851 4
3852 1
3853 4
3854 1
3855 12
3856 1
3857 4
3858 1
3859 4
3860 1
3861 4
3862 1
3863 4
3864 1
3865 12
3866 1
3867 4
3868 1
3869 4
3870 1
3871 4
3872 1
3873 4
3874 1
3875 12
3876 1
3877 4
3878 1
3879 4
3880 1
3881 4
3882 1
3883 4
3884 1
3885 12
3886 1
3887 4
3888 1
3889 4
3890 1
3891 4
3892 1
3893 4
3894 1
3895 12
3896 1
3897 4
3898 1
3899 4
3900 1
3901 4
3902 1
3903 4
3904 1
3905 12
3906 1
3907 4
3908 1
3909 4
3910 1
3911 4
3912 1
3913 4
3914 1
3915 12
3916 1
3917 1
3918 1
3919 2
3920 3
3921 2
3922 5
3923 2
3924 3
3925 2
3926 1
3927 2
3928 3
3929 12
3930 5
3931 2
3932 3
3933 2
3934 1
3935 2
3936 3
3937 2
3938 5
3939 2
3940 23
3941 2
3942 1
3943 2
3944 3
3945 2
3946 5
3947 2
3948 3
3949 2
3950 1
3951 12
3952 3
3953 2
3954 5
3955 2
3956 3
3957 2
3958 1
3959 2
3960 3
3961 2
3962 45
3963 2
3964 3
3965 2
3966 1
3967 2
3968 3
3969 2
3970 5
3971 2
3972 3
3973 12
3974 1
3975 2
3976 3
3977 2
3978 5
3979 2
3980 3
3981 2
3982 1
3983 2
3984 23
3985 2
3986 5
3987 2
3988 3
3989 2
3990 1
3991 2
3992 3
3993 2
3994 5
3995 12
3996 3
3997 2
3998 1
3999 2
4000 3
4001 2
4002 5
4003 2
4004 3
4005 2
4006 1
4007 2
4008 8
4009 6
4010 16
4011 2
4012 8
4013 6
4014 8
4015 2
4016 16
4017 6
4018 8
4019 2
4020 8
4021 6
4022 16
4023 2
4024 8
4025 6
4026 8
4027 2
4028 16
4029 6
4030 8
4031 2
4032 8
4033 6
4034 16
4035 2
4036 8
4037 6
4038 8
4039 2
4040 16
4041 6
4042 8
4043 2
4044 8
4045 6
4046 16
4047 2
4048 8
4049 6
4050 8
4051 2
4052 16
4053 6
4054 8
4055 2
4056 8
4057 6
4058 16
4059 2
4060 8
4061 6
4062 8
4063 2
4064 16
4065 6
4066 8
4067 2
4068 8
4069 6
4070 16
4071 2
4072 8
4073 6
4074 8
4075 2
4076 16
4077 6
4078 8
4079 2
4080 8
4081 6
4082 16
4083 2
4084 8
4085 6
4086 8
4087 2
4088 16
4089 6
4090 8
4091 2
4092 8
4093 6
4094 16
4095 2
4096 1
4097 1
4098 4
4099 3
4100 16
4101 1
4102 4
4103 7
4104 4
4105 1
4106 16
4107 3
4108 4
4109 1
4110 4
4111 3
4112 16
4113 1
4114 4
4115 7
4116 4
4117 1
4118 16
4119 3
4120 4
4121 1
4122 4
4123 3
4124 16
4125 1
4126 4
4127 7
4128 4
4129 1
4130 16
4131 3
4132 4
4133 1
4134 4
4135 3
4136 16
4137 1
4138 4
4139 7
4140 4
4141 1
4142 16
4143 3
4144 4
4145 1
4146 4
4147 3
4148 16
4149 1
4150 4
4151 7
4152 4
4153 1
4154 16
4155 3
4156 4
4157 1
4158 4
4159 3
4160 16
4161 1
4162 4
4163 7
4164 4
4165 1
4166 16
4167 3
4168 4
4169 1
4170 4
4171 3
4172 16
4173 1
4174 4
4175 7
4176 4
4177 1
4178 16
4179 3
4180 4
4181 1
4182 4
4183 3
4184 16
4185 1
4186 4
4187 1
4188 2
4189 4
4190 1
4191 4
4192 1
4193 4
4194 1
4195 4
4196 1
4197 4
4198 1
4199 24
4200 1
4201 4
4202 1
4203 4
4204 1
4205 4
4206 1
4207 4
4208 1
4209 4
4210 1
4211 4
4212 1
4213 4
4214 1
4215 4
4216 1
4217 4
4218 1
4219 4
4220 1
4221 24
4222 1
4223 4
4224 1
4225 4
4226 1
4227 4
4228 1
4229 4
4230 1
4231 4
4232 1
4233 4
4234 1
4235 4
4236 1
4237 4
4238 1
4239 4
4240 1
4241 4
4242 1
4243 24
4244 1
4245 4
4246 1
4247 4
4248 1
4249 4
4250 1
4251 4
4252 1
4253 4
4254 1
4255 4
4256 1
4257 4
4258 1
4259 4
4260 1
4261 4
4262 1
4263 4
4264 1
4265 24
4266 1
4267 4
4268 1
4269 4
4270 1
4271 4
4272 1
4273 4
4274 1
4275 4
4276 1
4277 4
4278 1
4279 1
4280 1
4281 4
4282 1
4283 8
4284 1
4285 12
4286 1
4287 4
4288 1
4289 8
4290 1
4291 4
4292 1
4293 4
4294 1
4295 32
4296 1
4297 4
4298 1
4299 4
4300 1
4301 8
4302 1
4303 4
4304 1
4305 12
4306 1
4307 8
4308 1
4309 4
4310 1
4311 4
4312 1
4313 8
4314 1
4315 12
4316 1
4317 4
4318 1
4319 8
4320 1
4321 4
4322 1
4323 4
4324 1
4325 32
4326 1
4327 4
4328 1
4329 4
4330 1
4331 8
4332 1
4333 4
4334 1
4335 12
4336 1
4337 8
4338 1
4339 4
4340 1
4341 4
4342 1
4343 8
4344 1
4345 12
4346 1
4347 4
4348 1
4349 8
4350 1
4351 4
4352 1
4353 4
4354 1
4355 32
4356 1
4357 4
4358 1
4359 4
4360 1
4361 8
4362 1
4363 4
4364 1
4365 12
4366 1
4367 8
4368 1
4369 4
4370 1
4371 4
4372 1
4373 2
4374 4
4375 2
4376 4
4377 2
4378 4
4379 2
4380 4
4381 2
4382 4
4383 2
4384 4
4385 2
4386 4
4387 2
4388 4
4389 2
4390 4
4391 2
4392 4
4393 2
4394 4
4395 2
4396 48
4397 2
4398 4
4399 2
4400 4
4401 2
4402 4
4403 2
4404 4
4405 2
4406 4
4407 2
4408 4
4409 2
4410 4
4411 2
4412 4
4413 2
4414 4
4415 2
4416 4
4417 2
4418 4
4419 2
4420 4
4421 2
4422 4
4423 2
4424 4
4425 2
4426 4
4427 2
4428 4
4429 2
4430 4
4431 2
4432 4
4433 2
4434 4
4435 2
4436 4
4437 2
4438 4
4439 2
4440 4
4441 2
4442 48
4443 2
4444 4
4445 2
4446 4
4447 2
4448 4
4449 2
4450 4
4451 2
4452 4
4453 2
4454 4
4455 2
4456 4
4457 2
4458 4
4459 2
4460 4
4461 2
4462 4
4463 2
4464 4
4465 2
4466 1
4467 1
4468 4
4469 3
4470 8
4471 1
4472 4
4473 3
4474 4
4475 1
4476 20
4477 3
4478 4
4479 1
4480 4
4481 3
4482 8
4483 1
4484 4
4485 3
4486 4
4487 1
4488 8
4489 3
4490 4
4491 1
4492 4
4493 3
4494 20
4495 1
4496 4
4497 3
4498 4
4499 1
4500 8
4501 3
4502 4
4503 1
4504 4
4505 3
4506 8
4507 1
4508 4
4509 3
4510 4
4511 1
4512 20
4513 3
4514 4
4515 1
4516 4
4517 3
4518 8
4519 1
4520 4
4521 3
4522 4
4523 1
4524 8
4525 3
4526 4
4527 1
4528 4
4529 3
4530 20
4531 1
4532 4
4533 3
4534 4
4535 1
4536 8
4537 3
4538 4
4539 1
4540 4
4541 3
4542 8
4543 1
4544 4
4545 3
4546 4
4547 1
4548 20
4549 3
4550 4
4551 1
4552 4
4553 3
4554 8
4555 1
4556 4
4557 3
4558 4
4559 1
4560 8
4561 1
4562 2
4563 4
4564 1
4565 4
4566 1
4567 4
4568 1
4569 4
4570 1
4571 4
4572 1
4573 4
4574 1
4575 4
4576 1
4577 4
4578 1
4579 4
4580 1
4581 4
4582 1
4583 4
4584 1
4585 4
4586 1
4587 4
4588 1
4589 4
4590 1
4591 4
4592 1
4593 4
4594 1
4595 4
4596 1
4597 4
4598 1
4599 4
4600 1
4601 4
4602 1
4603 4
4604 1
4605 4
4606 1
4607 4
4608 1
4609 4
4610 1
4611 4
4612 1
4613 4
4614 1
4615 4
4616 1
4617 4
4618 1
4619 4
4620 1
4621 4
4622 1
4623 4
4624 1
4625 4
4626 1
4627 4
4628 1
4629 4
4630 1
4631 4
4632 1
4633 4
4634 1
4635 4
4636 1
4637 4
4638 1
4639 4
4640 1
4641 4
4642 1
4643 4
4644 1
4645 4
4646 1
4647 4
4648 1
4649 4
4650 1
4651 4
4652 1
4653 4
4654 1
4655 4
4656 1
4657 1
4658 1
4659 2
4660 3
4661 4
4662 5
4663 2
4664 7
4665 2
4666 9
4667 4
4668 3
4669 2
4670 13
4671 2
4672 3
4673 4
4674 17
4675 2
4676 7
4677 2
4678 5
4679 4
4680 3
4681 2
4682 25
4683 2
4684 3
4685 4
4686 5
4687 2
4688 7
4689 2
4690 1
4691 4
4692 3
4693 2
4694 13
4695 2
4696 3
4697 4
4698 9
4699 2
4700 7
4701 2
4702 5
4703 4
4704 3
4705 2
4706 49
4707 2
4708 3
4709 4
4710 5
4711 2
4712 7
4713 2
4714 9
4715 4
4716 3
4717 2
4718 13
4719 2
4720 3
4721 4
4722 1
4723 2
4724 7
4725 2
4726 5
4727 4
4728 3
4729 2
4730 25
4731 2
4732 3
4733 4
4734 5
4735 2
4736 7
4737 2
4738 17
4739 4
4740 3
4741 2
4742 13
4743 2
4744 3
4745 4
4746 9
4747 2
4748 7
4749 2
4750 5
4751 4
4752 3
4753 2
4754 1
4755 2
4756 4
4757 2
4758 8
4759 2
4760 4
4761 2
4762 16
4763 2
4764 8
4765 2
4766 4
4767 2
4768 4
4769 2
4770 8
4771 2
4772 4
4773 2
4774 4
4775 2
4776 44
4777 2
4778 4
4779 2
4780 4
4781 2
4782 8
4783 2
4784 4
4785 2
4786 4
4787 2
4788 8
4789 2
4790 16
4791 2
4792 4
4793 2
4794 8
4795 2
4796 4
4797 2
4798 4
4799 2
4800 8
4801 2
4802 4
4803 2
4804 16
4805 2
4806 8
4807 2
4808 4
4809 2
4810 4
4811 2
4812 8
4813 2
4814 4
4815 2
4816 4
4817 2
4818 44
4819 2
4820 4
4821 2
4822 4
4823 2
4824 8
4825 2
4826 4
4827 2
4828 4
4829 2
4830 8
4831 2
4832 16
4833 2
4834 4
4835 2
4836 8
4837 2
4838 4
4839 2
4840 4
4841 2
4842 8
4843 2
4844 4
4845 2
4846 16
4847 2
4848 8
4849 2
4850 4
4851 2
4852 1
4853 1
4854 4
4855 1
4856 8
4857 1
4858 12
4859 1
4860 4
4861 1
4862 8
4863 1
4864 4
4865 1
4866 4
4867 1
4868 24
4869 1
4870 4
4871 1
4872 4
4873 1
4874 8
4875 1
4876 4
4877 1
4878 12
4879 1
4880 8
4881 1
4882 4
4883 1
4884 4
4885 1
4886 8
4887 1
4888 12
4889 1
4890 4
4891 1
4892 8
4893 1
4894 4
4895 1
4896 4
4897 1
4898 24
4899 1
4900 4
4901 1
4902 4
4903 1
4904 8
4905 1
4906 4
4907 1
4908 12
4909 1
4910 8
4911 1
4912 4
4913 1
4914 4
4915 1
4916 8
4917 1
4918 12
4919 1
4920 4
4921 1
4922 8
4923 1
4924 4
4925 1
4926 4
4927 1
4928 24
4929 1
4930 4
4931 1
4932 4
4933 1
4934 8
4935 1
4936 4
4937 1
4938 12
4939 1
4940 8
4941 1
4942 4
4943 1
4944 4
4945 1
4946 8
4947 1
4948 12
4949 1
4950 4
4951 1
4952 2
4953 4
4954 3
4955 4
4956 1
4957 12
4958 3
4959 4
4960 1
4961 4
4962 11
4963 4
4964 1
4965 4
4966 3
4967 12
4968 1
4969 4
4970 3
4971 4
4972 1
4973 4
4974 3
4975 4
4976 1
4977 12
4978 3
4979 4
4980 1
4981 4
4982 11
4983 4
4984 1
4985 4
4986 3
4987 12
4988 1
4989 4
4990 3
4991 4
4992 1
4993 4
4994 3
4995 4
4996 1
4997 12
4998 3
4999 4
5000 1
5001 4
5002 11
5003 4
5004 1
5005 4
5006 3
5007 12
5008 1
5009 4
5010 3
5011 4
5012 1
5013 4
5014 3
5015 4
5016 1
5017 12
5018 3
5019 4
5020 1
5021 4
5022 11
5023 4
5024 1
5025 4
5026 3
5027 12
5028 1
5029 4
5030 3
5031 4
5032 1
5033 4
5034 3
5035 4
5036 1
5037 12
5038 3
5039 4
5040 1
5041 4
5042 11
5043 4
5044 1
5045 4
5046 3
5047 12
5048 1
5049 4
5050 3
5051 1
5052 1
5053 2
5054 3
5055 2
5056 1
5057 6
5058 3
5059 2
5060 1
5061 2
5062 11
5063 2
5064 1
5065 2
5066 3
5067 6
5068 1
5069 2
5070 3
5071 2
5072 1
5073 2
5074 3
5075 2
5076 1
5077 26
5078 3
5079 2
5080 1
5081 2
5082 11
5083 2
5084 1
5085 2
5086 3
5087 6
5088 1
5089 2
5090 3
5091 2
5092 1
5093 2
5094 3
5095 2
5096 1
5097 6
5098 3
5099 2
5100 1
5101 2
5102 51
5103 2
5104 1
5105 2
5106 3
5107 6
5108 1
5109 2
5110 3
5111 2
5112 1
5113 2
5114 3
5115 2
5116 1
5117 6
5118 3
5119 2
5120 1
5121 2
5122 11
5123 2
5124 1
5125 2
5126 3
5127 26
5128 1
5129 2
5130 3
5131 2
5132 1
5133 2
5134 3
5135 2
5136 1
5137 6
5138 3
5139 2
5140 1
5141 2
5142 11
5143 2
5144 1
5145 2
5146 3
5147 6
5148 1
5149 2
5150 3
5151 2
5152 1
5153 2
5154 8
5155 6
5156 8
5157 10
5158 8
5159 6
5160 8
5161 18
5162 8
5163 6
5164 8
5165 10
5166 8
5167 6
5168 8
5169 2
5170 8
5171 6
5172 8
5173 10
5174 8
5175 6
5176 8
5177 18
5178 8
5179 6
5180 8
5181 10
5182 8
5183 6
5184 8
5185 2
5186 8
5187 6
5188 8
5189 10
5190 8
5191 6
5192 8
5193 18
5194 8
5195 6
5196 8
5197 10
5198 8
5199 6
5200 8
5201 2
5202 8
5203 6
5204 8
5205 10
5206 8
5207 6
5208 8
5209 18
5210 8
5211 6
5212 8
5213 10
5214 8
5215 6
5216 8
5217 2
5218 8
5219 6
5220 8
5221 10
5222 8
5223 6
5224 8
5225 18
5226 8
5227 6
5228 8
5229 10
5230 8
5231 6
5232 8
5233 2
5234 8
5235 6
5236 8
5237 10
5238 8
5239 6
5240 8
5241 18
5242 8
5243 6
5244 8
5245 10
5246 8
5247 6
5248 8
5249 2
5250 8
5251 6
5252 8
5253 10
5254 1
5255 1
5256 2
5257 1
5258 4
5259 1
5260 2
5261 1
5262 2
5263 1
5264 4
5265 1
5266 2
5267 1
5268 2
5269 1
5270 4
5271 1
5272 18
5273 1
5274 2
5275 1
5276 4
5277 1
5278 2
5279 1
5280 2
5281 1
5282 4
5283 1
5284 2
5285 1
5286 2
5287 1
5288 4
5289 1
5290 2
5291 1
5292 2
5293 1
5294 4
5295 1
5296 2
5297 1
5298 2
5299 1
5300 4
5301 1
5302 2
5303 1
5304 2
5305 1
5306 52
5307 1
5308 2
5309 1
5310 2
5311 1
5312 4
5313 1
5314 2
5315 1
5316 2
5317 1
5318 4
5319 1
5320 2
5321 1
5322 2
5323 1
5324 4
5325 1
5326 2
5327 1
5328 2
5329 1
5330 4
5331 1
5332 2
5333 1
5334 2
5335 1
5336 4
5337 1
5338 2
5339 1
5340 18
5341 1
5342 4
5343 1
5344 2
5345 1
5346 2
5347 1
5348 4
5349 1
5350 2
5351 1
5352 2
5353 1
5354 4
5355 1
5356 2
5357 1
5358 2
5359 4
5360 3
5361 8
5362 1
5363 4
5364 7
5365 4
5366 1
5367 8
5368 3
5369 4
5370 1
5371 4
5372 3
5373 8
5374 1
5375 4
5376 7
5377 4
5378 1
5379 8
5380 3
5381 4
5382 1
5383 4
5384 3
5385 8
5386 1
5387 4
5388 7
5389 4
5390 1
5391 8
5392 3
5393 4
5394 1
5395 4
5396 3
5397 8
5398 1
5399 4
5400 7
5401 4
5402 1
5403 8
5404 3
5405 4
5406 1
5407 4
5408 3
5409 8
5410 1
5411 4
5412 7
5413 4
5414 1
5415 8
5416 3
5417 4
5418 1
5419 4
5420 3
5421 8
5422 1
5423 4
5424 7
5425 4
5426 1
5427 8
5428 3
5429 4
5430 1
5431 4
5432 3
5433 8
5434 1
5435 4
5436 7
5437 4
5438 1
5439 8
5440 3
5441 4
5442 1
5443 4
5444 3
5445 8
5446 1
5447 4
5448 7
5449 4
5450 1
5451 8
5452 3
5453 4
5454 1
5455 4
5456 3
5457 8
5458 1
5459 4
5460 7
5461 1
5462 1
5463 8
5464 3
5465 16
5466 1
5467 8
5468 3
5469 8
5470 1
5471 16
5472 3
5473 8
5474 1
5475 8
5476 3
5477 16
5478 1
5479 8
5480 3
5481 8
5482 1
5483 16
5484 3
5485 8
5486 1
5487 8
5488 3
5489 16
5490 1
5491 8
5492 3
5493 8
5494 1
5495 16
5496 3
5497 8
5498 1
5499 8
5500 3
5501 16
5502 1
5503 8
5504 3
5505 8
5506 1
5507 16
5508 3
5509 8
5510 1
5511 8
5512 3
5513 16
5514 1
5515 8
5516 3
5517 8
5518 1
5519 16
5520 3
5521 8
5522 1
5523 8
5524 3
5525 16
5526 1
5527 8
5528 3
5529 8
5530 1
5531 16
5532 3
5533 8
5534 1
5535 8
5536 3
5537 16
5538 1
5539 8
5540 3
5541 8
5542 1
5543 16
5544 3
5545 8
5546 1
5547 8
5548 3
5549 16
5550 1
5551 8
5552 3
5553 8
5554 1
5555 16
5556 3
5557 8
5558 1
5559 8
5560 3
5561 16
5562 1
5563 8
5564 3
5565 8
5566 1
5567 2
5568 4
5569 6
5570 4
5571 2
5572 4
5573 6
5574 4
5575 2
5576 4
5577 6
5578 4
5579 2
5580 28
5581 6
5582 4
5583 2
5584 4
5585 6
5586 4
5587 2
5588 4
5589 6
5590 4
5591 2
5592 4
5593 54
5594 4
5595 2
5596 4
5597 6
5598 4
5599 2
5600 4
5601 6
5602 4
5603 2
5604 4
5605 6
5606 28
5607 2
5608 4
5609 6
5610 4
5611 2
5612 4
5613 6
5614 4
5615 2
5616 4
5617 6
5618 4
5619 2
5620 4
5621 6
5622 4
5623 2
5624 4
5625 6
5626 4
5627 2
5628 4
5629 6
5630 4
5631 2
5632 28
5633 6
5634 4
5635 2
5636 4
5637 6
5638 4
5639 2
5640 4
5641 6
5642 4
5643 2
5644 4
5645 54
5646 4
5647 2
5648 4
5649 6
5650 4
5651 2
5652 4
5653 6
5654 4
5655 2
5656 4
5657 6
5658 28
5659 2
5660 4
5661 6
5662 4
5663 2
5664 4
5665 6
5666 4
5667 2
5668 4
5669 6
5670 4
5671 2
5672 1
5673 1
5674 2
5675 1
5676 2
5677 1
5678 2
5679 1
5680 2
5681 1
5682 2
5683 1
5684 2
5685 1
5686 2
5687 1
5688 2
5689 1
5690 2
5691 1
5692 2
5693 1
5694 2
5695 1
5696 2
5697 1
5698 2
5699 1
5700 2
5701 1
5702 2
5703 1
5704 2
5705 1
5706 2
5707 1
5708 2
5709 1
5710 2
5711 1
5712 2
5713 1
5714 2
5715 1
5716 2
5717 1
5718 2
5719 1
5720 2
5721 1
5722 2
5723 1
5724 2
5725 1
5726 54
5727 1
5728 2
5729 1
5730 2
5731 1
5732 2
5733 1
5734 2
5735 1
5736 2
5737 1
5738 2
5739 1
5740 2
5741 1
5742 2
5743 1
5744 2
5745 1
5746 2
5747 1
5748 2
5749 1
5750 2
5751 1
5752 2
5753 1
5754 2
5755 1
5756 2
5757 1
5758 2
5759 1
5760 2
5761 1
5762 2
5763 1
5764 2
5765 1
5766 2
5767 1
5768 2
5769 1
5770 2
5771 1
5772 2
5773 1
5774 2
5775 1
5776 2
5777 1
5778 2
5779 1
5780 2
5781 4
5782 1
5783 8
5784 1
5785 4
5786 1
5787 4
5788 1
5789 20
5790 1
5791 4
5792 1
5793 4
5794 1
5795 8
5796 1
5797 4
5798 1
5799 4
5800 1
5801 8
5802 1
5803 4
5804 1
5805 4
5806 1
5807 20
5808 1
5809 4
5810 1
5811 4
5812 1
5813 8
5814 1
5815 4
5816 1
5817 4
5818 1
5819 8
5820 1
5821 4
5822 1
5823 4
5824 1
5825 20
5826 1
5827 4
5828 1
5829 4
5830 1
5831 8
5832 1
5833 4
5834 1
5835 4
5836 1
5837 8
5838 1
5839 4
5840 1
5841 4
5842 1
5843 20
5844 1
5845 4
5846 1
5847 4
5848 1
5849 8
5850 1
5851 4
5852 1
5853 4
5854 1
5855 8
5856 1
5857 4
5858 1
5859 4
5860 1
5861 20
5862 1
5863 4
5864 1
5865 4
5866 1
5867 8
5868 1
5869 4
5870 1
5871 4
5872 1
5873 8
5874 1
5875 4
5876 1
5877 4
5878 1
5879 20
5880 1
5881 4
5882 1
5883 4
5884 1
5885 8
5886 1
5887 1
5888 1
5889 2
5890 3
5891 4
5892 1
5893 2
5894 7
5895 2
5896 1
5897 10
5898 3
5899 2
5900 1
5901 2
5902 3
5903 4
5904 1
5905 2
5906 19
5907 2
5908 1
5909 4
5910 3
5911 2
5912 1
5913 2
5914 3
5915 28
5916 1
5917 2
5918 7
5919 2
5920 1
5921 4
5922 3
5923 2
5924 1
5925 2
5926 3
5927 4
5928 1
5929 2
5930 7
5931 2
5932 1
5933 10
5934 3
5935 2
5936 1
5937 2
5938 3
5939 4
5940 1
5941 2
5942 55
5943 2
5944 1
5945 4
5946 3
5947 2
5948 1
5949 2
5950 3
5951 10
5952 1
5953 2
5954 7
5955 2
5956 1
5957 4
5958 3
5959 2
5960 1
5961 2
5962 3
5963 4
5964 1
5965 2
5966 7
5967 2
5968 1
5969 28
5970 3
5971 2
5972 1
5973 2
5974 3
5975 4
5976 1
5977 2
5978 19
5979 2
5980 1
5981 4
5982 3
5983 2
5984 1
5985 2
5986 3
5987 10
5988 1
5989 2
5990 7
5991 2
5992 1
5993 4
5994 3
5995 2
5996 1
5997 2
5998 8
5999 6
6000 8
6001 2
6002 24
6003 6
6004 8
6005 2
6006 8
6007 6
6008 8
6009 2
6010 8
6011 6
6012 24
6013 2
6014 8
6015 6
6016 8
6017 2
6018 8
6019 6
6020 8
6021 2
6022 24
6023 6
6024 8
6025 2
6026 8
6027 6
6028 8
6029 2
6030 8
6031 6
6032 24
6033 2
6034 8
6035 6
6036 8
6037 2
6038 8
6039 6
6040 8
6041 2
6042 24
6043 6
6044 8
6045 2
6046 8
6047 6
6048 8
6049 2
6050 8
6051 6
6052 24
6053 2
6054 8
6055 6
6056 8
6057 2
6058 8
6059 6
6060 8
6061 2
6062 24
6063 6
6064 8
6065 2
6066 8
6067 6
6068 8
6069 2
6070 8
6071 6
6072 24
6073 2
6074 8
6075 6
6076 8
6077 2
6078 8
6079 6
6080 8
6081 2
6082 24
6083 6
6084 8
6085 2
6086 8
6087 6
6088 8
6089 2
6090 8
6091 6
6092 24
6093 2
6094 8
6095 6
6096 8
6097 2
6098 8
6099 6
6100 8
6101 2
6102 24
6103 6
6104 8
6105 2
6106 1
6107 1
6108 4
6109 3
6110 8
6111 1
6112 4
6113 7
6114 4
6115 1
6116 20
6117 3
6118 4
6119 1
6120 4
6121 3
6122 8
6123 1
6124 4
6125 19
6126 4
6127 1
6128 8
6129 3
6130 4
6131 1
6132 4
6133 3
6134 20
6135 1
6136 4
6137 7
6138 4
6139 1
6140 8
6141 3
6142 4
6143 1
6144 4
6145 3
6146 8
6147 1
6148 4
6149 7
6150 4
6151 1
6152 20
6153 3
6154 4
6155 1
6156 4
6157 3
6158 8
6159 1
6160 4
6161 19
6162 4
6163 1
6164 8
6165 3
6166 4
6167 1
6168 4
6169 3
6170 20
6171 1
6172 4
6173 7
6174 4
6175 1
6176 8
6177 3
6178 4
6179 1
6180 4
6181 3
6182 8
6183 1
6184 4
6185 7
6186 4
6187 1
6188 20
6189 3
6190 4
6191 1
6192 4
6193 3
6194 8
6195 1
6196 4
6197 19
6198 4
6199 1
6200 8
6201 3
6202 4
6203 1
6204 4
6205 3
6206 20
6207 1
6208 4
6209 7
6210 4
6211 1
6212 8
6213 3
6214 4
6215 1
6216 4
6217 1
6218 2
6219 4
6220 1
6221 8
6222 1
6223 4
6224 1
6225 4
6226 1
6227 8
6228 1
6229 4
6230 1
6231 4
6232 1
6233 8
6234 1
6235 4
6236 1
6237 4
6238 1
6239 8
6240 1
6241 4
6242 1
6243 4
6244 1
6245 8
6246 1
6247 4
6248 1
6249 4
6250 1
6251 8
6252 1
6253 4
6254 1
6255 4
6256 1
6257 8
6258 1
6259 4
6260 1
6261 4
6262 1
6263 8
6264 1
6265 4
6266 1
6267 4
6268 1
6269 8
6270 1
6271 4
6272 1
6273 4
6274 1
6275 8
6276 1
6277 4
6278 1
6279 4
6280 1
6281 8
6282 1
6283 4
6284 1
6285 4
6286 1
6287 8
6288 1
6289 4
6290 1
6291 4
6292 1
6293 8
6294 1
6295 4
6296 1
6297 4
6298 1
6299 8
6300 1
6301 4
6302 1
6303 4
6304 1
6305 8
6306 1
6307 4
6308 1
6309 4
6310 1
6311 8
6312 1
6313 4
6314 1
6315 4
6316 1
6317 8
6318 1
6319 4
6320 1
6321 4
6322 1
6323 8
6324 1
6325 4
6326 1
6327 4
6328 1
6329 1
6330 1
6331 2
6332 3
6333 2
6334 5
6335 2
6336 3
6337 8
6338 9
6339 2
6340 3
6341 2
6342 5
6343 2
6344 15
6345 2
6346 1
6347 2
6348 3
6349 2
6350 5
6351 8
6352 3
6353 2
6354 9
6355 2
6356 3
6357 2
6358 29
6359 2
6360 3
6361 2
6362 1
6363 2
6364 3
6365 8
6366 5
6367 2
6368 3
6369 2
6370 9
6371 2
6372 15
6373 2
6374 5
6375 2
6376 3
6377 2
6378 1
6379 8
6380 3
6381 2
6382 5
6383 2
6384 3
6385 2
6386 57
6387 2
6388 3
6389 2
6390 5
6391 2
6392 3
6393 8
6394 1
6395 2
6396 3
6397 2
6398 5
6399 2
6400 15
6401 2
6402 9
6403 2
6404 3
6405 2
6406 5
6407 8
6408 3
6409 2
6410 1
6411 2
6412 3
6413 2
6414 29
6415 2
6416 3
6417 2
6418 9
6419 2
6420 3
6421 8
6422 5
6423 2
6424 3
6425 2
6426 1
6427 2
6428 15
6429 2
6430 5
6431 2
6432 3
6433 2
6434 9
6435 8
6436 3
6437 2
6438 5
6439 2
6440 3
6441 2
6442 1
6443 2
6444 8
6445 2
6446 16
6447 2
6448 8
6449 2
6450 8
6451 2
6452 40
6453 2
6454 8
6455 2
6456 8
6457 2
6458 16
6459 2
6460 8
6461 2
6462 8
6463 2
6464 16
6465 2
6466 8
6467 2
6468 8
6469 2
6470 40
6471 2
6472 8
6473 2
6474 8
6475 2
6476 16
6477 2
6478 8
6479 2
6480 8
6481 2
6482 16
6483 2
6484 8
6485 2
6486 8
6487 2
6488 40
6489 2
6490 8
6491 2
6492 8
6493 2
6494 16
6495 2
6496 8
6497 2
6498 8
6499 2
6500 16
6501 2
6502 8
6503 2
6504 8
6505 2
6506 40
6507 2
6508 8
6509 2
6510 8
6511 2
6512 16
6513 2
6514 8
6515 2
6516 8
6517 2
6518 16
6519 2
6520 8
6521 2
6522 8
6523 2
6524 40
6525 2
6526 8
6527 2
6528 8
6529 2
6530 16
6531 2
6532 8
6533 2
6534 8
6535 2
6536 16
6537 2
6538 8
6539 2
6540 8
6541 2
6542 40
6543 2
6544 8
6545 2
6546 8
6547 2
6548 16
6549 2
6550 8
6551 2
6552 8
6553 2
6554 16
6555 2
6556 1
6557 1
6558 4
6559 3
6560 4
6561 1
6562 4
6563 3
6564 4
6565 1
6566 4
6567 3
6568 24
6569 1
6570 4
6571 3
6572 4
6573 1
6574 4
6575 3
6576 4
6577 1
6578 4
6579 3
6580 4
6581 1
6582 4
6583 3
6584 4
6585 1
6586 4
6587 3
6588 4
6589 1
6590 24
6591 3
6592 4
6593 1
6594 4
6595 3
6596 4
6597 1
6598 4
6599 3
6600 4
6601 1
6602 4
6603 3
6604 4
6605 1
6606 4
6607 3
6608 4
6609 1
6610 4
6611 3
6612 24
6613 1
6614 4
6615 3
6616 4
6617 1
6618 4
6619 3
6620 4
6621 1
6622 4
6623 3
6624 4
6625 1
6626 4
6627 3
6628 4
6629 1
6630 4
6631 3
6632 4
6633 1
6634 24
6635 3
6636 4
6637 1
6638 4
6639 3
6640 4
6641 1
6642 4
6643 3
6644 4
6645 1
6646 4
6647 3
6648 4
6649 1
6650 4
6651 3
6652 4
6653 1
6654 4
6655 3
6656 24
6657 1
6658 4
6659 3
6660 4
6661 1
6662 4
6663 3
6664 4
6665 1
6666 4
6667 3
6668 4
6669 1
6670 4
6671 1
6672 2
6673 4
6674 3
6675 4
6676 1
6677 4
6678 3
6679 16
6680 1
6681 4
6682 3
6683 4
6684 1
6685 4
6686 15
6687 4
6688 1
6689 4
6690 3
6691 4
6692 1
6693 16
6694 3
6695 4
6696 1
6697 4
6698 3
6699 4
6700 1
6701 4
6702 3
6703 4
6704 1
6705 4
6706 3
6707 16
6708 1
6709 4
6710 3
6711 4
6712 1
6713 4
6714 15
6715 4
6716 1
6717 4
6718 3
6719 4
6720 1
6721 16
6722 3
6723 4
6724 1
6725 4
6726 3
6727 4
6728 1
6729 4
6730 3
6731 4
6732 1
6733 4
6734 3
6735 16
6736 1
6737 4
6738 3
6739 4
6740 1
6741 4
6742 15
6743 4
6744 1
6745 4
6746 3
6747 4
6748 1
6749 16
6750 3
6751 4
6752 1
6753 4
6754 3
6755 4
6756 1
6757 4
6758 3
6759 4
6760 1
6761 4
6762 3
6763 16
6764 1
6765 4
6766 3
6767 4
6768 1
6769 4
6770 15
6771 4
6772 1
6773 4
6774 3
6775 4
6776 1
6777 16
6778 3
6779 4
6780 1
6781 4
6782 3
6783 4
6784 1
6785 4
6786 3
6787 1
6788 1
6789 4
6790 3
6791 16
6792 1
6793 4
6794 7
6795 4
6796 1
6797 16
6798 3
6799 4
6800 1
6801 4
6802 3
6803 16
6804 1
6805 4
6806 7
6807 4
6808 1
6809 16
6810 3
6811 4
6812 1
6813 4
6814 3
6815 16
6816 1
6817 4
6818 7
6819 4
6820 1
6821 16
6822 3
6823 4
6824 1
6825 4
6826 3
6827 16
6828 1
6829 4
6830 7
6831 4
6832 1
6833 16
6834 3
6835 4
6836 1
6837 4
6838 3
6839 16
6840 1
6841 4
6842 7
6843 4
6844 1
6845 16
6846 3
6847 4
6848 1
6849 4
6850 3
6851 16
6852 1
6853 4
6854 7
6855 4
6856 1
6857 16
6858 3
6859 4
6860 1
6861 4
6862 3
6863 16
6864 1
6865 4
6866 7
6867 4
6868 1
6869 16
6870 3
6871 4
6872 1
6873 4
6874 3
6875 16
6876 1
6877 4
6878 7
6879 4
6880 1
6881 16
6882 3
6883 4
6884 1
6885 4
6886 3
6887 16
6888 1
6889 4
6890 7
6891 4
6892 1
6893 16
6894 3
6895 4
6896 1
6897 4
6898 3
6899 16
6900 1
6901 4
6902 7
6903 4
6904 1
6905 2
6906 4
6907 2
6908 4
6909 2
6910 4
6911 2
6912 4
6913 2
6914 4
6915 2
6916 4
6917 2
6918 4
6919 2
6920 4
6921 2
6922 4
6923 2
6924 4
6925 2
6926 4
6927 2
6928 4
6929 2
6930 4
6931 2
6932 4
6933 2
6934 60
6935 2
6936 4
6937 2
6938 4
6939 2
6940 4
6941 2
6942 4
6943 2
6944 4
6945 2
6946 4
6947 2
6948 4
6949 2
6950 4
6951 2
6952 4
6953 2
6954 4
6955 2
6956 4
6957 2
6958 4
6959 2
6960 4
6961 2
6962 4
6963 2
6964 4
6965 2
6966 4
6967 2
6968 4
6969 2
6970 4
6971 2
6972 4
6973 2
6974 4
6975 2
6976 4
6977 2
6978 4
6979 2
6980 4
6981 2
6982 4
6983 2
6984 4
6985 2
6986 4
6987 2
6988 4
6989 2
6990 4
6991 2
6992 60
6993 2
6994 4
6995 2
6996 4
6997 2
6998 4
6999 2
7000 4
7001 2
7002 4
7003 2
7004 4
7005 2
7006 4
7007 2
7008 4
7009 2
7010 4
7011 2
7012 4
7013 2
7014 4
7015 2
7016 4
7017 2
7018 4
7019 2
7020 4
7021 2
7022 1
7023 1
7024 4
7025 3
7026 8
7027 5
7028 4
7029 3
7030 4
7031 9
7032 8
7033 3
7034 4
7035 5
7036 4
7037 3
7038 8
7039 1
7040 4
7041 3
7042 4
7043 5
7044 8
7045 3
7046 4
7047 9
7048 4
7049 3
7050 8
7051 5
7052 4
7053 3
7054 4
7055 1
7056 8
7057 3
7058 4
7059 5
7060 4
7061 3
7062 8
7063 9
7064 4
7065 3
7066 4
7067 5
7068 8
7069 3
7070 4
7071 1
7072 4
7073 3
7074 8
7075 5
7076 4
7077 3
7078 4
7079 9
7080 8
7081 3
7082 4
7083 5
7084 4
7085 3
7086 8
7087 1
7088 4
7089 3
7090 4
7091 5
7092 8
7093 3
7094 4
7095 9
7096 4
7097 3
7098 8
7099 5
7100 4
7101 3
7102 4
7103 1
7104 8
7105 3
7106 4
7107 5
7108 4
7109 3
7110 8
7111 9
7112 4
7113 3
7114 4
7115 5
7116 8
7117 3
7118 4
7119 1
7120 4
7121 3
7122 8
7123 5
7124 4
7125 3
7126 4
7127 9
7128 8
7129 3
7130 4
7131 5
7132 4
7133 3
7134 8
7135 1
7136 4
7137 3
7138 4
7139 5
7140 8
7141 1
7142 2
7143 8
7144 3
7145 8
7146 1
7147 8
7148 3
7149 8
7150 1
7151 8
7152 3
7153 8
7154 1
7155 8
7156 3
7157 8
7158 1
7159 8
7160 3
7161 8
7162 1
7163 8
7164 3
7165 8
7166 1
7167 8
7168 3
7169 8
7170 1
7171 8
7172 3
7173 8
7174 1
7175 8
7176 3
7177 8
7178 1
7179 8
7180 3
7181 8
7182 1
7183 8
7184 3
7185 8
7186 1
7187 8
7188 3
7189 8
7190 1
7191 8
7192 3
7193 8
7194 1
7195 8
7196 3
7197 8
7198 1
7199 8
7200 3
7201 8
7202 1
7203 8
7204 3
7205 8
7206 1
7207 8
7208 3
7209 8
7210 1
7211 8
7212 3
7213 8
7214 1
7215 8
7216 3
7217 8
7218 1
7219 8
7220 3
7221 8
7222 1
7223 8
7224 3
7225 8
7226 1
7227 8
7228 3
7229 8
7230 1
7231 8
7232 3
7233 8
7234 1
7235 8
7236 3
7237 8
7238 1
7239 8
7240 3
7241 8
7242 1
7243 8
7244 3
7245 8
7246 1
7247 8
7248 3
7249 8
7250 1
7251 8
7252 3
7253 8
7254 1
7255 8
7256 3
7257 8
7258 1
7259 8
7260 3
7261 1
7262 1
7263 2
7264 1
7265 2
7266 1
7267 6
7268 1
7269 2
7270 1
7271 2
7272 1
7273 12
7274 1
7275 2
7276 1
7277 6
7278 1
7279 2
7280 1
7281 2
7282 1
7283 2
7284 1
7285 2
7286 1
7287 6
7288 1
7289 2
7290 1
7291 2
7292 1
7293 2
7294 1
7295 12
7296 1
7297 6
7298 1
7299 2
7300 1
7301 2
7302 1
7303 2
7304 1
7305 2
7306 1
7307 6
7308 1
7309 2
7310 1
7311 2
7312 1
7313 2
7314 1
7315 2
7316 1
7317 56
7318 1
7319 2
7320 1
7321 2
7322 1
7323 2
7324 1
7325 2
7326 1
7327 6
7328 1
7329 2
7330 1
7331 2
7332 1
7333 2
7334 1
7335 2
7336 1
7337 6
7338 1
7339 12
7340 1
7341 2
7342 1
7343 2
7344 1
7345 2
7346 1
7347 6
7348 1
7349 2
7350 1
7351 2
7352 1
7353 2
7354 1
7355 2
7356 1
7357 6
7358 1
7359 2
7360 1
7361 12
7362 1
7363 2
7364 1
7365 2
7366 1
7367 6
7368 1
7369 2
7370 1
7371 2
7372 1
7373 2
7374 1
7375 2
7376 1
7377 6
7378 1
7379 2
7380 1
7381 2
7382 1
7383 2
7384 4
7385 6
7386 8
7387 2
7388 12
7389 14
7390 4
7391 2
7392 8
7393 22
7394 4
7395 2
7396 4
7397 6
7398 32
7399 2
7400 4
7401 14
7402 4
7403 2
7404 8
7405 6
7406 4
7407 2
7408 12
7409 6
7410 8
7411 2
7412 4
7413 62
7414 4
7415 2
7416 8
7417 6
7418 12
7419 2
7420 4
7421 6
7422 8
7423 2
7424 4
7425 14
7426 4
7427 2
7428 32
7429 6
7430 4
7431 2
7432 4
7433 22
7434 8
7435 2
7436 4
7437 14
7438 12
7439 2
7440 8
7441 6
7442 4
7443 2
7444 4
7445 6
7446 8
7447 2
7448 12
7449 14
7450 4
7451 2
7452 8
7453 22
7454 4
7455 2
7456 4
7457 6
7458 32
7459 2
7460 4
7461 14
7462 4
7463 2
7464 8
7465 6
7466 4
7467 2
7468 12
7469 6
7470 8
7471 2
7472 4
7473 62
7474 4
7475 2
7476 8
7477 6
7478 12
7479 2
7480 4
7481 6
7482 8
7483 2
7484 4
7485 14
7486 4
7487 2
7488 32
7489 6
7490 4
7491 2
7492 4
7493 22
7494 8
7495 2
7496 4
7497 14
7498 12
7499 2
7500 8
7501 6
7502 4
7503 2
7504 1
7505 1
7506 4
7507 3
7508 4
7509 5
7510 12
7511 3
7512 4
7513 1
7514 4
7515 11
7516 4
7517 5
7518 4
7519 3
7520 12
7521 1
7522 4
7523 3
7524 4
7525 21
7526 4
7527 3
7528 4
7529 1
7530 12
7531 3
7532 4
7533 5
7534 4
7535 11
7536 4
7537 1
7538 4
7539 3
7540 12
7541 5
7542 4
7543 3
7544 4
7545 1
7546 4
7547 3
7548 4
7549 5
7550 12
7551 3
7552 4
7553 1
7554 4
7555 11
7556 4
7557 5
7558 4
7559 3
7560 12
7561 1
7562 4
7563 3
7564 4
7565 21
7566 4
7567 3
7568 4
7569 1
7570 12
7571 3
7572 4
7573 5
7574 4
7575 11
7576 4
7577 1
7578 4
7579 3
7580 12
7581 5
7582 4
7583 3
7584 4
7585 1
7586 4
7587 3
7588 4
7589 5
7590 12
7591 3
7592 4
7593 1
7594 4
7595 11
7596 4
7597 5
7598 4
7599 3
7600 12
7601 1
7602 4
7603 3
7604 4
7605 21
7606 4
7607 3
7608 4
7609 1
7610 12
7611 3
7612 4
7613 5
7614 4
7615 11
7616 4
7617 1
7618 4
7619 3
7620 12
7621 5
7622 4
7623 3
7624 4
7625 1
7626 4
7627 1
7628 2
7629 4
7630 1
7631 8
7632 1
7633 12
7634 1
7635 4
7636 1
7637 8
7638 1
7639 4
7640 1
7641 4
7642 1
7643 32
7644 1
7645 4
7646 1
7647 4
7648 1
7649 8
7650 1
7651 4
7652 1
7653 12
7654 1
7655 8
7656 1
7657 4
7658 1
7659 4
7660 1
7661 8
7662 1
7663 12
7664 1
7665 4
7666 1
7667 8
7668 1
7669 4
7670 1
7671 4
7672 1
7673 32
7674 1
7675 4
7676 1
7677 4
7678 1
7679 8
7680 1
7681 4
7682 1
7683 12
7684 1
7685 8
7686 1
7687 4
7688 1
7689 4
7690 1
7691 8
7692 1
7693 12
7694 1
7695 4
7696 1
7697 8
7698 1
7699 4
7700 1
7701 4
7702 1
7703 32
7704 1
7705 4
7706 1
7707 4
7708 1
7709 8
7710 1
7711 4
7712 1
7713 12
7714 1
7715 8
7716 1
7717 4
7718 1
7719 4
7720 1
7721 8
7722 1
7723 12
7724 1
7725 4
7726 1
7727 8
7728 1
7729 4
7730 1
7731 4
7732 1
7733 32
7734 1
7735 4
7736 1
7737 4
7738 1
7739 8
7740 1
7741 4
7742 1
7743 12
7744 1
7745 8
7746 1
7747 4
7748 1
7749 4
7750 1
7751 1
7752 1
7753 2
7754 3
7755 2
7756 1
7757 6
7758 3
7759 2
7760 1
7761 2
7762 11
7763 2
7764 1
7765 2
7766 3
7767 6
7768 1
7769 2
7770 3
7771 2
7772 1
7773 2
7774 3
7775 2
7776 1
7777 26
7778 3
7779 2
7780 1
7781 2
7782 11
7783 2
7784 1
7785 2
7786 3
7787 6
7788 1
7789 2
7790 3
7791 2
7792 1
7793 2
7794 3
7795 2
7796 1
7797 6
7798 3
7799 2
7800 1
7801 2
7802 51
7803 2
7804 1
7805 2
7806 3
7807 6
7808 1
7809 2
7810 3
7811 2
7812 1
7813 2
7814 3
7815 2
7816 1
7817 6
7818 3
7819 2
7820 1
7821 2
7822 11
7823 2
7824 1
7825 2
7826 3
7827 26
7828 1
7829 2
7830 3
7831 2
7832 1
7833 2
7834 3
7835 2
7836 1
7837 6
7838 3
7839 2
7840 1
7841 2
7842 11
7843 2
7844 1
7845 2
7846 3
7847 6
7848 1
7849 2
7850 3
7851 2
7852 1
7853 2
7854 3
7855 2
7856 1
7857 6
7858 3
7859 2
7860 1
7861 2
7862 11
7863 2
7864 1
7865 2
7866 3
7867 6
7868 1
7869 2
7870 3
7871 2
7872 1
7873 2
7874 3
7875 2
7876 1
7877 2
7878 8
7879 2
7880 32
7881 2
7882 8
7883 2
7884 8
7885 2
7886 32
7887 2
7888 8
7889 2
7890 8
7891 2
7892 32
7893 2
7894 8
7895 2
7896 8
7897 2
7898 32
7899 2
7900 8
7901 2
7902 8
7903 2
7904 32
7905 2
7906 8
7907 2
7908 8
7909 2
7910 32
7911 2
7912 8
7913 2
7914 8
7915 2
7916 32
7917 2
7918 8
7919 2
7920 8
7921 2
7922 32
7923 2
7924 8
7925 2
7926 8
7927 2
7928 32
7929 2
7930 8
7931 2
7932 8
7933 2
7934 32
7935 2
7936 8
7937 2
7938 8
7939 2
7940 32
7941 2
7942 8
7943 2
7944 8
7945 2
7946 32
7947 2
7948 8
7949 2
7950 8
7951 2
7952 32
7953 2
7954 8
7955 2
7956 8
7957 2
7958 32
7959 2
7960 8
7961 2
7962 8
7963 2
7964 32
7965 2
7966 8
7967 2
7968 8
7969 2
7970 32
7971 2
7972 8
7973 2
7974 8
7975 2
7976 32
7977 2
7978 8
7979 2
7980 8
7981 2
7982 32
7983 2
7984 8
7985 2
7986 8
7987 2
7988 32
7989 2
7990 8
7991 2
7992 8
7993 2
7994 32
7995 2
7996 8
7997 2
7998 8
7999 2
8000 32
8001 2
8002 1
8003 1
8004 2
8005 1
8006 4
8007 1
8008 2
8009 1
8010 8
8011 1
8012 10
8013 1
8014 2
8015 1
8016 2
8017 1
8018 4
8019 1
8020 2
8021 1
8022 2
8023 1
8024 22
8025 1
8026 2
8027 1
8028 2
8029 1
8030 10
8031 1
8032 2
8033 1
8034 2
8035 1
8036 4
8037 1
8038 8
8039 1
8040 2
8041 1
8042 4
8043 1
8044 2
8045 1
8046 2
8047 1
8048 10
8049 1
8050 2
8051 1
8052 8
8053 1
8054 4
8055 1
8056 2
8057 1
8058 2
8059 1
8060 4
8061 1
8062 2
8063 1
8064 2
8065 1
8066 64
8067 1
8068 2
8069 1
8070 2
8071 1
8072 4
8073 1
8074 2
8075 1
8076 2
8077 1
8078 4
8079 1
8080 8
8081 1
8082 2
8083 1
8084 10
8085 1
8086 2
8087 1
8088 2
8089 1
8090 4
8091 1
8092 2
8093 1
8094 8
8095 1
8096 4
8097 1
8098 2
8099 1
8100 2
8101 1
8102 10
8103 1
8104 2
8105 1
8106 2
8107 1
8108 22
8109 1
8110 2
8111 1
8112 2
8113 1
8114 4
8115 1
8116 2
8117 1
8118 2
8119 1
8120 10
8121 1
8122 8
8123 1
8124 2
8125 1
8126 4
8127 1
8128 2
8129 1
8130 2
8131 2
8132 1
8133 2
8134 1
8135 2
8136 1
8137 2
8138 1
8139 2
8140 1
8141 2
8142 1
8143 2
8144 1
8145 2
8146 1
8147 2
8148 1
8149 2
8150 1
8151 2
8152 1
8153 2
8154 1
8155 2
8156 1
8157 2
8158 1
8159 2
8160 1
8161 2
8162 1
8163 2
8164 1
8165 2
8166 1
8167 2
8168 1
8169 2
8170 1
8171 2
8172 1
8173 2
8174 1
8175 2
8176 1
8177 2
8178 1
8179 2
8180 1
8181 2
8182 1
8183 2
8184 1
8185 2
8186 1
8187 2
8188 1
8189 2
8190 1
8191 2
8192 1
8193 2
8194 1
8195 2
8196 1
8197 2
8198 1
8199 2
8200 1
8201 2
8202 1
8203 2
8204 1
8205 2
8206 1
8207 2
8208 1
8209 2
8210 1
8211 2
8212 1
8213 2
8214 1
8215 2
8216 1
8217 2
8218 1
8219 2
8220 1
8221 2
8222 1
8223 2
8224 1
8225 2
8226 1
8227 2
8228 1
8229 2
8230 1
8231 2
8232 1
8233 2
8234 1
8235 2
8236 1
8237 2
8238 1
8239 2
8240 1
8241 2
8242 1
8243 2
8244 1
8245 2
8246 1
8247 2
8248 1
8249 2
8250 1
8251 2
8252 1
8253 2
8254 1
8255 2
8256 1
8257 1
8258 1
8259 4
8260 1
8261 8
8262 1
8263 4
8264 1
8265 16
8266 1
8267 8
8268 1
8269 4
8270 1
8271 4
8272 1
8273 8
8274 1
8275 4
8276 1
8277 4
8278 1
8279 44
8280 1
8281 4
8282 1
8283 4
8284 1
8285 8
8286 1
8287 4
8288 1
8289 4
8290 1
8291 8
8292 1
8293 16
8294 1
8295 4
8296 1
8297 8
8298 1
8299 4
8300 1
8301 4
8302 1
8303 8
8304 1
8305 4
8306 1
8307 16
8308 1
8309 8
8310 1
8311 4
8312 1
8313 4
8314 1
8315 8
8316 1
8317 4
8318 1
8319 4
8320 1
8321 44
8322 1
8323 4
8324 1
8325 4
8326 1
8327 8
8328 1
8329 4
8330 1
8331 4
8332 1
8333 8
8334 1
8335 16
8336 1
8337 4
8338 1
8339 8
8340 1
8341 4
8342 1
8343 4
8344 1
8345 8
8346 1
8347 4
8348 1
8349 16
8350 1
8351 8
8352 1
8353 4
8354 1
8355 4
8356 1
8357 8
8358 1
8359 4
8360 1
8361 4
8362 1
8363 44
8364 1
8365 4
8366 1
8367 4
8368 1
8369 8
8370 1
8371 4
8372 1
8373 4
8374 1
8375 8
8376 1
8377 16
8378 1
8379 4
8380 1
8381 8
8382 1
8383 4
8384 1
8385 4
8386 1
8387 2
8388 8
8389 18
8390 16
8391 2
8392 8
8393 42
8394 8
8395 2
8396 16
8397 18
8398 8
8399 2
8400 8
8401 18
8402 16
8403 2
8404 8
8405 42
8406 8
8407 2
8408 16
8409 18
8410 8
8411 2
8412 8
8413 18
8414 16
8415 2
8416 8
8417 42
8418 8
8419 2
8420 16
8421 18
8422 8
8423 2
8424 8
8425 18
8426 16
8427 2
8428 8
8429 42
8430 8
8431 2
8432 16
8433 18
8434 8
8435 2
8436 8
8437 18
8438 16
8439 2
8440 8
8441 42
8442 8
8443 2
8444 16
8445 18
8446 8
8447 2
8448 8
8449 18
8450 16
8451 2
8452 8
8453 42
8454 8
8455 2
8456 16
8457 18
8458 8
8459 2
8460 8
8461 18
8462 16
8463 2
8464 8
8465 42
8466 8
8467 2
8468 16
8469 18
8470 8
8471 2
8472 8
8473 18
8474 16
8475 2
8476 8
8477 42
8478 8
8479 2
8480 16
8481 18
8482 8
8483 2
8484 8
8485 18
8486 16
8487 2
8488 8
8489 42
8490 8
8491 2
8492 16
8493 18
8494 8
8495 2
8496 8
8497 18
8498 16
8499 2
8500 8
8501 42
8502 8
8503 2
8504 16
8505 18
8506 8
8507 2
8508 8
8509 18
8510 16
8511 2
8512 8
8513 42
8514 8
8515 2
8516 1
8517 1
8518 2
8519 1
8520 2
8521 1
8522 6
8523 1
8524 2
8525 1
8526 2
8527 1
8528 2
8529 1
8530 14
8531 1
8532 6
8533 1
8534 2
8535 1
8536 2
8537 1
8538 2
8539 1
8540 2
8541 1
8542 6
8543 1
8544 2
8545 1
8546 2
8547 1
8548 2
8549 1
8550 2
8551 1
8552 6
8553 1
8554 2
8555 1
8556 14
8557 1
8558 2
8559 1
8560 2
8561 1
8562 6
8563 1
8564 2
8565 1
8566 2
8567 1
8568 2
8569 1
8570 2
8571 1
8572 6
8573 1
8574 2
8575 1
8576 2
8577 1
8578 2
8579 1
8580 2
8581 1
8582 66
8583 1
8584 2
8585 1
8586 2
8587 1
8588 2
8589 1
8590 2
8591 1
8592 6
8593 1
8594 2
8595 1
8596 2
8597 1
8598 2
8599 1
8600 2
8601 1
8602 6
8603 1
8604 2
8605 1
8606 2
8607 1
8608 14
8609 1
8610 2
8611 1
8612 6
8613 1
8614 2
8615 1
8616 2
8617 1
8618 2
8619 1
8620 2
8621 1
8622 6
8623 1
8624 2
8625 1
8626 2
8627 1
8628 2
8629 1
8630 2
8631 1
8632 6
8633 1
8634 14
8635 1
8636 2
8637 1
8638 2
8639 1
8640 2
8641 1
8642 6
8643 1
8644 2
8645 1
8646 2
8647 1
8648 2
8649 8
8650 1
8651 8
8652 1
8653 24
8654 1
8655 8
8656 1
8657 8
8658 1
8659 8
8660 1
8661 8
8662 1
8663 24
8664 1
8665 8
8666 1
8667 8
8668 1
8669 8
8670 1
8671 8
8672 1
8673 24
8674 1
8675 8
8676 1
8677 8
8678 1
8679 8
8680 1
8681 8
8682 1
8683 24
8684 1
8685 8
8686 1
8687 8
8688 1
8689 8
8690 1
8691 8
8692 1
8693 24
8694 1
8695 8
8696 1
8697 8
8698 1
8699 8
8700 1
8701 8
8702 1
8703 24
8704 1
8705 8
8706 1
8707 8
8708 1
8709 8
8710 1
8711 8
8712 1
8713 24
8714 1
8715 8
8716 1
8717 8
8718 1
8719 8
8720 1
8721 8
8722 1
8723 24
8724 1
8725 8
8726 1
8727 8
8728 1
8729 8
8730 1
8731 8
8732 1
8733 24
8734 1
8735 8
8736 1
8737 8
8738 1
8739 8
8740 1
8741 8
8742 1
8743 24
8744 1
8745 8
8746 1
8747 8
8748 1
8749 8
8750 1
8751 8
8752 1
8753 24
8754 1
8755 8
8756 1
8757 8
8758 1
8759 8
8760 1
8761 8
8762 1
8763 24
8764 1
8765 8
8766 1
8767 8
8768 1
8769 8
8770 1
8771 8
8772 1
8773 24
8774 1
8775 8
8776 1
8777 8
8778 1
8779 1
8780 1
8781 4
8782 1
8783 16
8784 1
8785 4
8786 1
8787 4
8788 1
8789 40
8790 1
8791 4
8792 1
8793 4
8794 1
8795 16
8796 1
8797 4
8798 1
8799 4
8800 1
8801 16
8802 1
8803 4
8804 1
8805 4
8806 1
8807 40
8808 1
8809 4
8810 1
8811 4
8812 1
8813 16
8814 1
8815 4
8816 1
8817 4
8818 1
8819 16
8820 1
8821 4
8822 1
8823 4
8824 1
8825 40
8826 1
8827 4
8828 1
8829 4
8830 1
8831 16
8832 1
8833 4
8834 1
8835 4
8836 1
8837 16
8838 1
8839 4
8840 1
8841 4
8842 1
8843 40
8844 1
8845 4
8846 1
8847 4
8848 1
8849 16
8850 1
8851 4
8852 1
8853 4
8854 1
8855 16
8856 1
8857 4
8858 1
8859 4
8860 1
8861 40
8862 1
8863 4
8864 1
8865 4
8866 1
8867 16
8868 1
8869 4
8870 1
8871 4
8872 1
8873 16
8874 1
8875 4
8876 1
8877 4
8878 1
8879 40
8880 1
8881 4
8882 1
8883 4
8884 1
8885 16
8886 1
8887 4
8888 1
8889 4
8890 1
8891 16
8892 1
8893 4
8894 1
8895 4
8896 1
8897 40
8898 1
8899 4
8900 1
8901 4
8902 1
8903 16
8904 1
8905 4
8906 1
8907 4
8908 1
8909 16
8910 1
8911 4
8912 1
8913 2
8914 4
8915 2
8916 8
8917 2
8918 4
8919 2
8920 4
8921 2
8922 8
8923 2
8924 24
8925 2
8926 4
8927 2
8928 8
8929 2
8930 4
8931 2
8932 4
8933 2
8934 8
8935 2
8936 4
8937 2
8938 4
8939 2
8940 8
8941 2
8942 4
8943 2
8944 4
8945 2
8946 68
8947 2
8948 4
8949 2
8950 4
8951 2
8952 8
8953 2
8954 4
8955 2
8956 4
8957 2
8958 8
8959 2
8960 4
8961 2
8962 4
8963 2
8964 8
8965 2
8966 4
8967 2
8968 24
8969 2
8970 8
8971 2
8972 4
8973 2
8974 4
8975 2
8976 8
8977 2
8978 4
8979 2
8980 4
8981 2
8982 8
8983 2
8984 4
8985 2
8986 4
8987 2
8988 8
8989 2
8990 24
8991 2
8992 4
8993 2
8994 8
8995 2
8996 4
8997 2
8998 4
8999 2
9000 8
9001 2
9002 4
9003 2
9004 4
9005 2
9006 8
9007 2
9008 4
9009 2
9010 4
9011 2
9012 68
9013 2
9014 4
9015 2
9016 4
9017 2
9018 8
9019 2
9020 4
9021 2
9022 4
9023 2
9024 8
9025 2
9026 4
9027 2
9028 4
9029 2
9030 8
9031 2
9032 4
9033 2
9034 24
9035 2
9036 8
9037 2
9038 4
9039 2
9040 4
9041 2
9042 8
9043 2
9044 4
9045 2
9046 1
9047 1
9048 4
9049 3
9050 8
9051 1
9052 4
9053 3
9054 4
9055 1
9056 20
9057 3
9058 4
9059 1
9060 4
9061 3
9062 8
9063 1
9064 4
9065 3
9066 4
9067 1
9068 8
9069 3
9070 4
9071 1
9072 4
9073 3
9074 20
9075 1
9076 4
9077 3
9078 4
9079 1
9080 8
9081 3
9082 4
9083 1
9084 4
9085 3
9086 8
9087 1
9088 4
9089 3
9090 4
9091 1
9092 20
9093 3
9094 4
9095 1
9096 4
9097 3
9098 8
9099 1
9100 4
9101 3
9102 4
9103 1
9104 8
9105 3
9106 4
9107 1
9108 4
9109 3
9110 20
9111 1
9112 4
9113 3
9114 4
9115 1
9116 8
9117 3
9118 4
9119 1
9120 4
9121 3
9122 8
9123 1
9124 4
9125 3
9126 4
9127 1
9128 20
9129 3
9130 4
9131 1
9132 4
9133 3
9134 8
9135 1
9136 4
9137 3
9138 4
9139 1
9140 8
9141 3
9142 4
9143 1
9144 4
9145 3
9146 20
9147 1
9148 4
9149 3
9150 4
9151 1
9152 8
9153 3
9154 4
9155 1
9156 4
9157 3
9158 8
9159 1
9160 4
9161 3
9162 4
9163 1
9164 20
9165 3
9166 4
9167 1
9168 4
9169 3
9170 8
9171 1
9172 4
9173 3
9174 4
9175 1
9176 8
9177 3
9178 4
9179 1
9180 4
9181 1
9182 2
9183 4
9184 3
9185 4
9186 5
9187 4
9188 3
9189 4
9190 9
9191 4
9192 3
9193 4
9194 5
9195 4
9196 3
9197 4
9198 1
9199 4
9200 3
9201 4
9202 5
9203 4
9204 3
9205 4
9206 9
9207 4
9208 3
9209 4
9210 5
9211 4
9212 3
9213 4
9214 1
9215 4
9216 3
9217 4
9218 5
9219 4
9220 3
9221 4
9222 9
9223 4
9224 3
9225 4
9226 5
9227 4
9228 3
9229 4
9230 1
9231 4
9232 3
9233 4
9234 5
9235 4
9236 3
9237 4
9238 9
9239 4
9240 3
9241 4
9242 5
9243 4
9244 3
9245 4
9246 1
9247 4
9248 3
9249 4
9250 5
9251 4
9252 3
9253 4
9254 9
9255 4
9256 3
9257 4
9258 5
9259 4
9260 3
9261 4
9262 1
9263 4
9264 3
9265 4
9266 5
9267 4
9268 3
9269 4
9270 9
9271 4
9272 3
9273 4
9274 5
9275 4
9276 3
9277 4
9278 1
9279 4
9280 3
9281 4
9282 5
9283 4
9284 3
9285 4
9286 9
9287 4
9288 3
9289 4
9290 5
9291 4
9292 3
9293 4
9294 1
9295 4
9296 3
9297 4
9298 5
9299 4
9300 3
9301 4
9302 9
9303 4
9304 3
9305 4
9306 5
9307 4
9308 3
9309 4
9310 1
9311 4
9312 3
9313 4
9314 5
9315 4
9316 3
9317 1
9318 1
9319 2
9320 3
9321 2
9322 5
9323 2
9324 3
9325 2
9326 1
9327 2
9328 3
9329 2
9330 5
9331 2
9332 3
9333 2
9334 1
9335 18
9336 3
9337 2
9338 5
9339 2
9340 3
9341 2
9342 1
9343 2
9344 3
9345 2
9346 5
9347 2
9348 3
9349 2
9350 1
9351 2
9352 35
9353 2
9354 5
9355 2
9356 3
9357 2
9358 1
9359 2
9360 3
9361 2
9362 5
9363 2
9364 3
9365 2
9366 1
9367 2
9368 3
9369 18
9370 5
9371 2
9372 3
9373 2
9374 1
9375 2
9376 3
9377 2
9378 5
9379 2
9380 3
9381 2
9382 1
9383 2
9384 3
9385 2
9386 69
9387 2
9388 3
9389 2
9390 1
9391 2
9392 3
9393 2
9394 5
9395 2
9396 3
9397 2
9398 1
9399 2
9400 3
9401 2
9402 5
9403 18
9404 3
9405 2
9406 1
9407 2
9408 3
9409 2
9410 5
9411 2
9412 3
9413 2
9414 1
9415 2
9416 3
9417 2
9418 5
9419 2
9420 35
9421 2
9422 1
9423 2
9424 3
9425 2
9426 5
9427 2
9428 3
9429 2
9430 1
9431 2
9432 3
9433 2
9434 5
9435 2
9436 3
9437 18
9438 1
9439 2
9440 3
9441 2
9442 5
9443 2
9444 3
9445 2
9446 1
9447 2
9448 3
9449 2
9450 5
9451 2
9452 3
9453 2
9454 1
9455 2
9456 8
9457 2
9458 8
9459 2
9460 8
9461 2
9462 8
9463 2
9464 8
9465 2
9466 48
9467 2
9468 8
9469 2
9470 8
9471 2
9472 8
9473 2
9474 8
9475 2
9476 8
9477 2
9478 8
9479 2
9480 8
9481 2
9482 8
9483 2
9484 8
9485 2
9486 8
9487 2
9488 48
9489 2
9490 8
9491 2
9492 8
9493 2
9494 8
9495 2
9496 8
9497 2
9498 8
9499 2
9500 8
9501 2
9502 8
9503 2
9504 8
9505 2
9506 8
9507 2
9508 8
9509 2
9510 48
9511 2
9512 8
9513 2
9514 8
9515 2
9516 8
9517 2
9518 8
9519 2
9520 8
9521 2
9522 8
9523 2
9524 8
9525 2
9526 8
9527 2
9528 8
9529 2
9530 8
9531 2
9532 48
9533 2
9534 8
9535 2
9536 8
9537 2
9538 8
9539 2
9540 8
9541 2
9542 8
9543 2
9544 8
9545 2
9546 8
9547 2
9548 8
9549 2
9550 8
9551 2
9552 8
9553 2
9554 48
9555 2
9556 8
9557 2
9558 8
9559 2
9560 8
9561 2
9562 8
9563 2
9564 8
9565 2
9566 8
9567 2
9568 8
9569 2
9570 8
9571 2
9572 8
9573 2
9574 8
9575 2
9576 48
9577 2
9578 8
9579 2
9580 8
9581 2
9582 8
9583 2
9584 8
9585 2
9586 8
9587 2
9588 8
9589 2
9590 8
9591 2
9592 1
9593 1
9594 2
9595 1
9596 4
9597 1
9598 2
9599 1
9600 2
9601 1
9602 4
9603 1
9604 2
9605 1
9606 2
9607 1
9608 4
9609 1
9610 2
9611 1
9612 2
9613 1
9614 4
9615 1
9616 24
9617 1
9618 2
9619 1
9620 4
9621 1
9622 2
9623 1
9624 2
9625 1
9626 4
9627 1
9628 2
9629 1
9630 2
9631 1
9632 4
9633 1
9634 2
9635 1
9636 2
9637 1
9638 4
9639 1
9640 2
9641 1
9642 2
9643 1
9644 4
9645 1
9646 2
9647 1
9648 2
9649 1
9650 4
9651 1
9652 2
9653 1
9654 2
9655 1
9656 4
9657 1
9658 2
9659 1
9660 2
9661 1
9662 70
9663 1
9664 2
9665 1
9666 2
9667 1
9668 4
9669 1
9670 2
9671 1
9672 2
9673 1
9674 4
9675 1
9676 2
9677 1
9678 2
9679 1
9680 4
9681 1
9682 2
9683 1
9684 2
9685 1
9686 4
9687 1
9688 2
9689 1
9690 2
9691 1
9692 4
9693 1
9694 2
9695 1
9696 2
9697 1
9698 4
9699 1
9700 2
9701 1
9702 2
9703 1
9704 4
9705 1
9706 2
9707 1
9708 24
9709 1
9710 4
9711 1
9712 2
9713 1
9714 2
9715 1
9716 4
9717 1
9718 2
9719 1
9720 2
9721 1
9722 4
9723 1
9724 2
9725 1
9726 2
9727 1
9728 4
9729 1
9730 2
9731 1
9732 2
9733 8
9734 3
9735 16
9736 1
9737 8
9738 3
9739 8
9740 1
9741 16
9742 3
9743 8
9744 1
9745 8
9746 3
9747 16
9748 1
9749 8
9750 3
9751 8
9752 1
9753 16
9754 3
9755 8
9756 1
9757 8
9758 3
9759 16
9760 1
9761 8
9762 3
9763 8
9764 1
9765 16
9766 3
9767 8
9768 1
9769 8
9770 3
9771 16
9772 1
9773 8
9774 3
9775 8
9776 1
9777 16
9778 3
9779 8
9780 1
9781 8
9782 3
9783 16
9784 1
9785 8
9786 3
9787 8
9788 1
9789 16
9790 3
9791 8
9792 1
9793 8
9794 3
9795 16
9796 1
9797 8
9798 3
9799 8
9800 1
9801 16
9802 3
9803 8
9804 1
9805 8
9806 3
9807 16
9808 1
9809 8
9810 3
9811 8
9812 1
9813 16
9814 3
9815 8
9816 1
9817 8
9818 3
9819 16
9820 1
9821 8
9822 3
9823 8
9824 1
9825 16
9826 3
9827 8
9828 1
9829 8
9830 3
9831 16
9832 1
9833 8
9834 3
9835 8
9836 1
9837 16
9838 3
9839 8
9840 1
9841 8
9842 3
9843 16
9844 1
9845 8
9846 3
9847 8
9848 1
9849 16
9850 3
9851 8
9852 1
9853 8
9854 3
9855 16
9856 1
9857 8
9858 3
9859 8
9860 1
9861 16
9862 3
9863 8
9864 1
9865 8
9866 3
9867 16
9868 1
9869 8
9870 3
9871 1
9872 1
9873 4
9874 1
9875 4
9876 1
9877 4
9878 1
9879 4
9880 1
9881 4
9882 1
9883 4
9884 1
9885 4
9886 1
9887 4
9888 1
9889 4
9890 1
9891 4
9892 1
9893 4
9894 1
9895 48
9896 1
9897 4
9898 1
9899 4
9900 1
9901 4
9902 1
9903 4
9904 1
9905 4
9906 1
9907 4
9908 1
9909 4
9910 1
9911 4
9912 1
9913 4
9914 1
9915 4
9916 1
9917 4
9918 1
9919 4
9920 1
9921 4
9922 1
9923 4
9924 1
9925 4
9926 1
9927 4
9928 1
9929 4
9930 1
9931 4
9932 1
9933 4
9934 1
9935 4
9936 1
9937 4
9938 1
9939 4
9940 1
9941 48
9942 1
9943 4
9944 1
9945 4
9946 1
9947 4
9948 1
9949 4
9950 1
9951 4
9952 1
9953 4
9954 1
9955 4
9956 1
9957 4
9958 1
9959 4
9960 1
9961 4
9962 1
9963 4
9964 1
9965 4
9966 1
9967 4
9968 1
9969 4
9970 1
9971 4
9972 1
9973 4
9974 1
9975 4
9976 1
9977 4
9978 1
9979 4
9980 1
9981 4
9982 1
9983 4
9984 1
9985 4
9986 1
9987 48
9988 1
9989 4
9990 1
9991 4
9992 1
9993 4
9994 1
9995 4
9996 1
9997 4
9998 1
9999 4
10000 1
10001 4
10002 1
10003 4
10004 1
10005 4
10006 1
10007 4
10008 1
10009 4
10010 1
10011 4
