1 1
2 0
3 0
4 0
5 2
6 0
7 0
8 0
9 2
10 0
11 0
12 0
13 2
14 0
15 0
16 2
17 0
18 4
19 0
20 0
21 0
22 2
23 0
24 6
25 0
26 0
27 0
28 2
29 0
30 8
31 0
32 0
33 0
34 4
35 0
36 12
37 0
38 2
39 0
40 0
41 6
42 0
43 0
44 18
45 0
46 2
47 0
48 0
49 8
50 0
51 0
52 26
53 0
54 2
55 0
56 0
57 14
58 0
59 0
60 40
61 0
62 4
63 0
64 0
65 20
66 0
67 0
68 60
69 0
70 6
71 0
72 0
73 28
74 0
75 2
76 0
77 88
78 0
79 8
80 0
81 0
82 0
83 44
84 0
85 2
86 0
87 132
88 0
89 14
90 0
91 0
92 0
93 68
94 0
95 2
96 0
97 200
98 0
99 20
100 0
101 0
102 0
103 98
104 0
105 4
106 0
107 298
108 0
109 28
110 0
111 0
112 0
113 148
114 0
115 6
116 0
117 446
118 0
119 44
120 0
121 0
122 0
123 224
124 0
125 8
126 0
127 670
128 0
129 68
130 0
131 2
132 0
133 0
134 332
135 0
136 14
137 0
138 0
139 1002
140 0
141 98
142 0
143 2
144 0
145 0
146 500
147 0
148 20
149 0
150 0
151 1502
152 0
153 148
154 0
155 2
156 0
157 0
158 754
159 0
160 28
161 0
162 0
163 2256
164 0
165 224
166 0
167 4
168 0
169 0
170 1122
171 0
172 44
173 0
174 0
175 3378
176 0
177 332
178 0
179 6
180 0
181 0
182 1682
183 0
184 68
185 0
186 0
187 5060
188 0
189 500
190 0
191 8
192 0
193 0
194 2530
195 0
196 98
197 0
198 0
199 7590
200 0
201 754
202 0
203 14
204 0
205 0
206 3786
207 0
208 148
209 0
210 2
211 0
212 11376
213 0
214 1122
215 0
216 20
217 0
218 0
219 0
220 5674
221 0
222 224
223 0
224 2
225 0
226 17050
227 0
228 1682
229 0
230 28
231 0
232 0
233 0
234 8514
235 0
236 332
237 0
238 2
239 0
240 25564
241 0
242 2530
243 0
244 44
245 0
246 0
247 0
248 12752
249 0
250 500
251 0
252 4
253 0
254 38316
255 0
256 3786
257 0
258 68
259 0
260 0
261 0
262 19112
263 0
264 754
265 0
266 6
267 0
268 57428
269 0
270 5674
271 0
272 98
273 0
274 0
275 0
276 28668
277 0
278 1122
279 0
280 8
281 0
282 86096
283 0
284 8514
285 0
286 148
287 0
288 0
289 0
290 42962
291 0
292 1682
293 0
294 14
295 0
296 129058
297 0
298 12752
299 0
300 224
301 0
302 0
303 0
304 64386
305 0
306 2530
307 0
308 20
309 0
310 193444
311 0
312 19112
313 0
314 332
315 0
316 2
317 0
318 0
319 96538
320 0
321 3786
322 0
323 28
324 0
325 0
326 289982
327 0
328 28668
329 0
330 500
331 0
332 2
333 0
334 0
335 144702
336 0
337 5674
338 0
339 44
340 0
341 0
342 434684
343 0
344 42962
345 0
346 754
347 0
348 2
349 0
350 0
351 216888
352 0
353 8514
354 0
355 68
356 0
357 0
358 651572
359 0
360 64386
361 0
362 1122
363 0
364 4
365 0
366 0
367 325150
368 0
369 12752
370 0
371 98
372 0
373 0
374 976722
375 0
376 96538
377 0
378 1682
379 0
380 6
381 0
382 0
383 487386
384 0
385 19112
386 0
387 148
388 0
389 0
390 1464108
391 0
392 144702
393 0
394 2530
395 0
396 8
397 0
398 0
399 730548
400 0
401 28668
402 0
403 224
404 0
405 0
406 2194656
407 0
408 216888
409 0
410 3786
411 0
412 14
413 0
414 0
415 1095140
416 0
417 42962
418 0
419 332
420 0
421 0
422 3289796
423 0
424 325150
425 0
426 5674
427 0
428 20
429 0
430 0
431 1641616
432 0
433 64386
434 0
435 500
436 0
437 0
438 4931412
439 0
440 487386
441 0
442 8514
443 0
444 28
445 0
446 0
447 2460708
448 0
449 96538
450 0
451 754
452 0
453 2
454 0
455 7392120
456 0
457 730548
458 0
459 12752
460 0
461 44
462 0
463 0
464 0
465 3688644
466 0
467 144702
468 0
469 1122
470 0
471 2
472 0
473 11080764
474 0
475 1095140
476 0
477 19112
478 0
479 68
480 0
481 0
482 0
483 5529278
484 0
485 216888
486 0
487 1682
488 0
489 2
490 0
491 16610042
492 0
493 1641616
494 0
495 28668
496 0
497 98
498 0
499 0
500 0
501 8288262
502 0
503 325150
504 0
505 2530
506 0
507 4
508 0
509 24898304
510 0
511 2460710
512 0
513 42962
514 0
515 148
516 0
517 0
518 0
519 12424138
520 0
521 487386
522 0
523 3786
524 0
525 6
526 0
527 37322442
528 0
529 3688646
530 0
531 64386
532 0
533 224
534 0
535 0
536 0
537 18623780
538 0
539 730548
540 0
541 5674
542 0
543 8
544 0
545 55946222
546 0
547 5529280
548 0
549 96538
550 0
551 332
552 0
553 0
554 0
555 27916792
556 0
557 1095140
558 0
559 8514
560 0
561 14
562 0
563 83863014
564 0
565 8288266
566 0
567 144702
568 0
569 500
570 0
571 0
572 0
573 41847188
574 0
575 1641616
576 0
577 12752
578 0
579 20
580 0
581 125710202
582 0
583 12424144
584 0
585 216888
586 0
587 754
588 0
589 0
590 0
591 62728850
592 0
593 2460710
594 0
595 19112
596 0
597 28
598 0
599 188439052
600 0
601 18623788
602 0
603 325150
604 0
605 1122
606 0
607 0
608 0
609 94030018
610 0
611 3688646
612 0
613 28668
614 0
615 44
616 0
617 282469070
618 0
619 27916806
620 0
621 487386
622 0
623 1682
624 0
625 2
626 0
627 0
628 140950556
629 0
630 5529280
631 0
632 42962
633 0
634 68
635 0
636 0
637 423419626
638 0
639 41847208
640 0
641 730548
642 0
643 2530
644 0
645 2
646 0
647 0
648 211284364
649 0
650 8288266
651 0
652 64386
653 0
654 98
655 0
656 0
657 634703990
658 0
659 62728878
660 0
661 1095140
662 0
663 3786
664 0
665 2
666 0
667 0
668 316713876
669 0
670 12424144
671 0
672 96538
673 0
674 148
675 0
676 0
677 951417866
678 0
679 94030064
680 0
681 1641616
682 0
683 5674
684 0
685 4
686 0
687 0
688 474752452
689 0
690 18623788
691 0
692 144702
693 0
694 224
695 0
696 0
697 1426170318
698 0
699 140950626
700 0
701 2460710
702 0
703 8514
704 0
705 6
706 0
707 0
708 711651844
709 0
710 27916806
711 0
712 216888
713 0
714 332
715 0
716 0
717 2137822162
718 0
719 211284464
720 0
721 3688646
722 0
723 12752
724 0
725 8
726 0
727 0
728 1066762068
729 0
730 41847208
731 0
732 325150
733 0
734 500
735 0
736 0
737 3204584230
738 0
739 316714028
740 0
741 5529280
742 0
743 19112
744 0
745 14
746 0
747 0
748 1599070658
749 0
750 62728878
751 0
752 487386
753 0
754 754
755 0
756 0
757 4803654888
758 0
759 474752682
760 0
761 8288266
762 0
763 28668
764 0
765 20
766 0
767 0
768 2396999168
769 0
770 94030064
771 0
772 730548
773 0
774 1122
775 0
776 0
777 7200654056
778 0
779 711652184
780 0
781 12424144
782 0
783 42962
784 0
785 28
786 0
787 0
788 3593088912
789 0
790 140950626
791 0
792 1095140
793 0
794 1682
795 0
796 0
797 10793742968
798 0
799 1066762582
800 0
801 18623788
802 0
803 64386
804 0
805 44
806 0
807 0
808 5386021304
809 0
810 211284464
811 0
812 1641616
813 0
814 2530
815 0
816 0
817 16179764272
818 0
819 1599071432
820 0
821 27916806
822 0
823 96538
824 0
825 68
826 0
827 0
828 8073618808
829 0
830 316714028
831 0
832 2460710
833 0
834 3786
835 0
836 2
837 0
838 24253383080
839 0
840 2397000318
841 0
842 41847208
843 0
844 144702
845 0
846 98
847 0
848 0
849 0
850 12102312232
851 0
852 474752682
853 0
854 3688646
855 0
856 5674
857 0
858 2
859 0
860 36355695312
861 0
862 3593090638
863 0
864 62728878
865 0
866 216888
867 0
868 148
869 0
870 0
871 0
872 18141302474
873 0
874 711652184
875 0
876 5529280
877 0
878 8514
879 0
880 2
881 0
882 54496997786
883 0
884 5386023904
885 0
886 94030064
887 0
888 325150
889 0
890 224
891 0
892 0
893 0
894 27193719388
895 0
896 1066762582
897 0
898 8288266
899 0
900 12752
901 0
902 4
903 0
904 81690717174
905 0
906 8073622694
907 0
908 140950626
909 0
910 487386
911 0
912 332
913 0
914 0
915 0
916 40763243850
917 0
918 1599071432
919 0
920 12424144
921 0
922 19112
923 0
924 6
925 0
926 122453961024
927 0
928 12102318056
929 0
930 211284464
931 0
932 730548
933 0
934 500
935 0
936 0
937 0
938 61103889590
939 0
940 2397000318
941 0
942 18623788
943 0
944 28668
945 0
946 8
947 0
948 183557850614
949 0
950 18141311216
951 0
952 316714028
953 0
954 1095140
955 0
956 754
957 0
958 0
959 0
960 91594414692
961 0
962 3593090638
963 0
964 27916806
965 0
966 42962
967 0
968 14
969 0
970 275152265306
971 0
972 27193732478
973 0
974 474752682
975 0
976 1641616
977 0
978 1122
979 0
980 0
981 0
982 137299551848
983 0
984 5386023904
985 0
986 41847208
987 0
988 64386
989 0
990 20
991 0
992 412451817154
993 0
994 40763263470
995 0
996 711652184
997 0
998 2460710
999 0
1000 1682
1001 0
1002 0
1003 0
1004 205811313068
1005 0
1006 8073622694
1007 0
1008 62728878
1009 0
1010 96538
1011 0
1012 28
1013 0
1014 618263130222
1015 0
1016 61103919026
1017 0
1018 1066762582
1019 0
1020 3688646
1021 0
1022 2530
1023 0
1024 0
1025 0
1026 308510091396
1027 0
1028 12102318056
1029 0
1030 94030064
1031 0
1032 144702
1033 0
1034 44
1035 0
1036 926773221618
1037 0
1038 91594458796
1039 0
1040 1599071432
1041 0
1042 5529280
1043 0
1044 3786
1045 0
1046 0
1047 0
1048 462455025244
1049 0
1050 18141311216
1051 0
1052 140950626
1053 0
1054 216888
1055 0
1056 68
1057 0
1058 1389228246862
1059 0
1060 137299617944
1061 0
1062 2397000318
1063 0
1064 8288266
1065 0
1066 5674
1067 0
1068 0
1069 0
1070 693217677628
1071 0
1072 27193732478
1073 0
1074 211284464
1075 0
1076 325150
1077 0
1078 98
1079 0
1080 2082445924490
1081 0
1082 205811412180
1083 0
1084 3593090638
1085 0
1086 12424144
1087 0
1088 8514
1089 0
1090 2
1091 0
1092 0
1093 1039129700556
1094 0
1095 40763263470
1096 0
1097 316714028
1098 0
1099 487386
1100 0
1101 148
1102 0
1103 0
1104 3121575625046
1105 0
1106 308510239952
1107 0
1108 5386023904
1109 0
1110 18623788
1111 0
1112 12752
1113 0
1114 2
1115 0
1116 0
1117 1557650025738
1118 0
1119 61103919026
1120 0
1121 474752682
1122 0
1123 730548
1124 0
1125 224
1126 0
1127 0
1128 4679225650784
1129 0
1130 462455247906
1131 0
1132 8073622694
1133 0
1134 27916806
1135 0
1136 19112
1137 0
1138 2
1139 0
1140 0
1141 2334909293532
1142 0
1143 91594458796
1144 0
1145 711652184
1146 0
1147 1095140
1148 0
1149 332
1150 0
1151 0
1152 7014134944316
1153 0
1154 693218011442
1155 0
1156 12102318056
1157 0
1158 41847208
1159 0
1160 28668
1161 0
1162 4
1163 0
1164 0
1165 3500016906110
1166 0
1167 137299617944
1168 0
1169 1066762582
1170 0
1171 1641616
1172 0
1173 500
1174 0
1175 0
1176 10514151850426
1177 0
1178 1039130200920
1179 0
1180 18141311216
1181 0
1182 62728878
1183 0
1184 42962
1185 0
1186 6
1187 0
1188 0
1189 5246507167002
1190 0
1191 205811412180
1192 0
1193 1599071432
1194 0
1195 2460710
1196 0
1197 754
1198 0
1199 0
1200 15760659017428
1201 0
1202 1557650775734
1203 0
1204 27193732478
1205 0
1206 94030064
1207 0
1208 64386
1209 0
1210 8
1211 0
1212 0
1213 7864486986414
1214 0
1215 308510239952
1216 0
1217 2397000318
1218 0
1219 3688646
1220 0
1221 1122
1222 0
1223 0
1224 23625146003842
1225 0
1226 2334910417846
1227 0
1228 40763263470
1229 0
1230 140950626
1231 0
1232 96538
1233 0
1234 14
1235 0
1236 0
1237 11788825146948
1238 0
1239 462455247906
1240 0
1241 3593090638
1242 0
1243 5529280
1244 0
1245 1682
1246 0
1247 0
1248 35413971150790
1249 0
1250 3500018591450
1251 0
1252 61103919026
1253 0
1254 211284464
1255 0
1256 144702
1257 0
1258 20
1259 0
1260 0
1261 17671387671686
1262 0
1263 693218011442
1264 0
1265 5386023904
1266 0
1267 8288266
1268 0
1269 2530
1270 0
1271 0
1272 53085358822476
1273 0
1274 5246509693234
1275 0
1276 91594458796
1277 0
1278 316714028
1279 0
1280 216888
1281 0
1282 28
1283 0
1284 0
1285 26489318326552
1286 0
1287 1039130200920
1288 0
1289 8073622694
1290 0
1291 12424144
1292 0
1293 3786
1294 0
1295 0
1296 79574677149028
1297 0
1298 7864490773300
1299 0
1300 137299617944
1301 0
1302 474752682
1303 0
1304 325150
1305 0
1306 44
1307 0
1308 0
1309 39707350587854
1310 0
1311 1557650775734
1312 0
1313 12102318056
1314 0
1315 18623788
1316 0
1317 5674
1318 0
1319 0
1320 119282027736882
1321 0
1322 11788830823488
1323 0
1324 205811412180
1325 0
1326 711652184
1327 0
1328 487386
1329 0
1330 68
1331 0
1332 0
1333 59521112304814
1334 0
1335 2334910417846
1336 0
1337 18141311216
1338 0
1339 27916806
1340 0
1341 8514
1342 0
1343 0
1344 178803140041696
1345 0
1346 17671396180670
1347 0
1348 308510239952
1349 0
1350 1066762582
1351 0
1352 730548
1353 0
1354 98
1355 0
1356 0
1357 89221838184040
1358 0
1359 3500018591450
1360 0
1361 27193732478
1362 0
1363 41847208
1364 0
1365 12752
1366 0
1367 0
1368 268024978225736
1369 0
1370 26489331081588
1371 0
1372 462455247906
1373 0
1374 1599071432
1375 0
1376 1095140
1377 0
1378 148
1379 0
1380 0
1381 133743072022078
1382 0
1383 5246509693234
1384 0
1385 40763263470
1386 0
1387 62728878
1388 0
1389 19112
1390 0
1391 2
1392 0
1393 401768050247814
1394 0
1395 39707369707640
1396 0
1397 693218011442
1398 0
1399 2397000318
1400 0
1401 1641616
1402 0
1403 224
1404 0
1405 0
1406 0
1407 200480170325510
1408 0
1409 7864490773300
1410 0
1411 61103919026
1412 0
1413 94030064
1414 0
1415 28668
1416 0
1417 2
1418 0
1419 602248220573324
1420 0
1421 59521140965070
1422 0
1423 1039130200920
1424 0
1425 3593090638
1426 0
1427 2460710
1428 0
1429 332
1430 0
1431 0
1432 0
1433 300518734021664
1434 0
1435 11788830823488
1436 0
1437 91594458796
1438 0
1439 140950626
1440 0
1441 42962
1442 0
1443 2
1444 0
1445 902766954594988
1446 0
1447 89221881145726
1448 0
1449 1557650775734
1450 0
1451 5386023904
1452 0
1453 3688646
1454 0
1455 500
1456 0
1457 0
1458 0
1459 450476021412374
1460 0
1461 17671396180670
1462 0
1463 137299617944
1464 0
1465 211284464
1466 0
1467 64386
1468 0
1469 4
1470 0
1471 1353242976007362
1472 0
1473 133743136421574
1474 0
1475 2334910417846
1476 0
1477 8073622694
1478 0
1479 5529280
1480 0
1481 754
1482 0
1483 0
1484 0
1485 675261216378254
1486 0
1487 26489331081588
1488 0
1489 205811412180
1490 0
1491 316714028
1492 0
1493 96538
1494 0
1495 6
1496 0
1497 2028504192385616
1498 0
1499 200480266859750
1500 0
1501 3500018591450
1502 0
1503 12102318056
1504 0
1505 8288266
1506 0
1507 1122
1508 0
1509 0
1510 0
1511 1012213056069466
1512 0
1513 39707369707640
1514 0
1515 308510239952
1516 0
1517 474752682
1518 0
1519 144702
1520 0
1521 8
1522 0
1523 3040717248455082
1524 0
1525 300518878726082
1526 0
1527 5246509693234
1528 0
1529 18141311216
1530 0
1531 12424144
1532 0
1533 1682
1534 0
1535 0
1536 0
1537 1517302113653142
1538 0
1539 59521140965070
1540 0
1541 462455247906
1542 0
1543 711652184
1544 0
1545 216888
1546 0
1547 14
1548 0
1549 4558019362108224
1550 0
1551 450476238323786
1552 0
1553 7864490773300
1554 0
1555 27193732478
1556 0
1557 18623788
1558 0
1559 2530
1560 0
1561 0
1562 0
1563 2274427987626624
1564 0
1565 89221881145726
1566 0
1567 693218011442
1568 0
1569 1066762582
1570 0
1571 325150
1572 0
1573 20
1574 0
1575 6832447349734848
1576 0
1577 675261541526946
1578 0
1579 11788830823488
1580 0
1581 40763263470
1582 0
1583 27916806
1584 0
1585 3786
1586 0
1587 0
1588 0
1589 3409355740194446
1590 0
1591 133743136421574
1592 0
1593 1039130200920
1594 0
1595 1599071432
1596 0
1597 487386
1598 0
1599 28
1600 0
1601 10241803089929294
1602 0
1603 1012213543465730
1604 0
1605 17671396180670
1606 0
1607 61103919026
1608 0
1609 41847208
1610 0
1611 5674
1612 0
1613 0
1614 0
1615 5110606546521170
1616 0
1617 200480266859750
1618 0
1619 1557650775734
1620 0
1621 2397000318
1622 0
1623 730548
1624 0
1625 44
1626 0
1627 15352409636450464
1628 0
1629 1517302844258078
1630 0
1631 26489331081588
1632 0
1633 91594458796
1634 0
1635 62728878
1636 0
1637 8514
1638 0
1639 0
1640 0
1641 7660772669098568
1642 0
1643 300518878726082
1644 0
1645 2334910417846
1646 0
1647 3593090638
1648 0
1649 1095140
1650 0
1651 68
1652 0
1653 23013182305549032
1654 0
1655 2274429082799116
1656 0
1657 39707369707640
1658 0
1659 137299617944
1660 0
1661 94030064
1662 0
1663 12752
1664 0
1665 0
1666 0
1667 11483458441372152
1668 0
1669 450476238323786
1670 0
1671 3500018591450
1672 0
1673 5386023904
1674 0
1675 1641616
1676 0
1677 98
1678 0
1679 34496640746921184
1680 0
1681 3409357381852216
1682 0
1683 59521140965070
1684 0
1685 205811412180
1686 0
1687 140950626
1688 0
1689 19112
1690 0
1691 0
1692 0
1693 17213644559145894
1694 0
1695 675261541526946
1696 0
1697 5246509693234
1698 0
1699 8073622694
1700 0
1701 2460710
1702 0
1703 148
1704 0
1705 51710285306067078
1706 0
1707 5110609007358356
1708 0
1709 89221881145726
1710 0
1711 308510239952
1712 0
1713 211284464
1714 0
1715 28668
1716 0
1717 0
1718 0
1719 25803163787570190
1720 0
1721 1012213543465730
1722 0
1723 7864490773300
1724 0
1725 12102318056
1726 0
1727 3688646
1728 0
1729 224
1730 0
1731 77513449093637268
1732 0
1733 7660776357880146
1734 0
1735 133743136421574
1736 0
1737 462455247906
1738 0
1739 316714028
1740 0
1741 42962
1742 0
1743 2
1744 0
1745 0
1746 38678808497467278
1747 0
1748 1517302844258078
1749 0
1750 11788830823488
1751 0
1752 18141311216
1753 0
1754 5529280
1755 0
1756 332
1757 0
1758 0
1759 116192257591104546
1760 0
1761 11483463970836286
1762 0
1763 200480266859750
1764 0
1765 693218011442
1766 0
1767 474752682
1768 0
1769 64386
1770 0
1771 2
1772 0
1773 0
1774 57979333042147668
1775 0
1776 2274429082799116
1777 0
1778 17671396180670
1779 0
1780 27193732478
1781 0
1782 8288266
1783 0
1784 500
1785 0
1786 0
1787 174171590633252214
1788 0
1789 17213652847784994
1790 0
1791 300518878726082
1792 0
1793 1039130200920
1794 0
1795 711652184
1796 0
1797 96538
1798 0
1799 2
1800 0
1801 0
1802 86910719089016832
1803 0
1804 3409357381852216
1805 0
1806 26489331081588
1807 0
1808 40763263470
1809 0
1810 12424144
1811 0
1812 754
1813 0
1814 0
1815 261082309722269046
1816 0
1817 25803176212196442
1818 0
1819 450476238323786
1820 0
1821 1557650775734
1822 0
1823 1066762582
1824 0
1825 144702
1826 0
1827 4
1828 0
1829 0
1830 130278716505323352
1831 0
1832 5110609007358356
1833 0
1834 39707369707640
1835 0
1836 61103919026
1837 0
1838 18623788
1839 0
1840 1122
1841 0
1842 0
1843 391361026227592398
1844 0
1845 38678827121916738
1846 0
1847 675261541526946
1848 0
1849 2334910417846
1850 0
1851 1599071432
1852 0
1853 216888
1854 0
1855 6
1856 0
1857 0
1858 195287119381338696
1859 0
1860 7660776357880146
1861 0
1862 59521140965070
1863 0
1864 91594458796
1865 0
1866 27916806
1867 0
1868 1682
1869 0
1870 0
1871 586648145608931094
1872 0
1873 57979360960102304
1874 0
1875 1012213543465730
1876 0
1877 3500018591450
1878 0
1879 2397000318
1880 0
1881 325150
1882 0
1883 8
1884 0
1885 0
1886 292734377642907310
1887 0
1888 11483463970836286
1889 0
1890 89221881145726
1891 0
1892 137299617944
1893 0
1894 41847208
1895 0
1896 2530
1897 0
1898 0
1899 879382523251838404
1900 0
1901 86910760937885250
1902 0
1903 1517302844258078
1904 0
1905 5246509693234
1906 0
1907 3593090638
1908 0
1909 487386
1910 0
1911 14
1912 0
1913 0
1914 438807311641693972
1915 0
1916 17213652847784994
1917 0
1918 133743136421574
1919 0
1920 205811412180
1921 0
1922 62728878
1923 0
1924 3786
1925 0
1926 0
1927 1318189834893532376
1928 0
1929 130278779236558310
1930 0
1931 2274429082799116
1932 0
1933 7864490773300
1934 0
1935 5386023904
1936 0
1937 730548
1938 0
1939 20
1940 0
1941 0
1942 657769881011322636
1943 0
1944 25803176212196442
1945 0
1946 200480266859750
1947 0
1948 308510239952
1949 0
1950 94030064
1951 0
1952 5674
1953 0
1954 0
1955 1975959715904855012
1956 0
1957 195287213415136210
1958 0
1959 3409357381852216
1960 0
1961 11788830823488
1962 0
1963 8073622694
1964 0
1965 1095140
1966 0
1967 28
1968 0
1969 0
1970 985993635217991002
1971 0
1972 38678827121916738
1973 0
1974 300518878726082
1975 0
1976 462455247906
1977 0
1978 140950626
1979 0
1980 8514
1981 0
1982 0
1983 2961953351122846014
1984 0
1985 292734518599081020
1986 0
1987 5110609007358356
1988 0
1989 17671396180670
1990 0
1991 12102318056
1992 0
1993 1641616
1994 0
1995 44
1996 0
1997 0
1998 1477999337999046096
1999 0
2000 57979360960102304
2001 0
2002 450476238323786
2003 0
2004 693218011442
2005 0
2006 211284464
2007 0
2008 12752
2009 0
2010 0
2011 4439952689121892110
2012 0
2013 438807522934263818
2014 0
2015 7660776357880146
2016 0
2017 26489331081588
2018 0
2019 18141311216
2020 0
2021 2460710
2022 0
2023 68
2024 0
2025 0
2026 2215513331018671690
2027 0
2028 86910760937885250
2029 0
2030 675261541526946
2031 0
2032 1039130200920
2033 0
2034 316714028
2035 0
2036 19112
2037 0
2038 0
2039 6655466020140563800
2040 0
2041 657770197737790344
2042 0
2043 11483463970836286
2044 0
2045 39707369707640
2046 0
2047 27193732478
2048 0
2049 3688646
2050 0
2051 98
2052 0
2053 0
2054 3321042975951144070
2055 0
2056 130278779236558310
2057 0
2058 1012213543465730
2059 0
2060 1557650775734
2061 0
2062 474752682
2063 0
2064 28668
2065 0
2066 0
2067 9976508996091707870
2068 0
2069 985994109989321348
2070 0
2071 17213652847784994
2072 0
2073 59521140965070
2074 0
2075 40763263470
2076 0
2077 5529280
2078 0
2079 148
2080 0
2081 0
2082 4978226171649308264
2083 0
2084 195287213415136210
2085 0
2086 1517302844258078
2087 0
2088 2334910417846
2089 0
2090 711652184
2091 0
2092 42962
2093 0
2094 0
2095 14954735167741016134
2096 0
2097 1478000049678800244
2098 0
2099 25803176212196442
2100 0
2101 89221881145726
2102 0
2103 61103919026
2104 0
2105 8288266
2106 0
2107 224
2108 0
2109 0
2110 7462335174688101252
2111 0
2112 292734518599081020
2113 0
2114 2274429082799116
2115 0
2116 3500018591450
2117 0
2118 1066762582
2119 0
2120 64386
2121 0
2122 0
2123 22417070342429117386
2124 0
2125 2215514397822930236
2126 0
2127 38678827121916738
2128 0
2129 133743136421574
2130 0
2131 91594458796
2132 0
2133 12424144
2134 0
2135 332
2136 0
2137 0
2138 11186001667927582560
2139 0
2140 438807522934263818
2141 0
2142 3409357381852216
2143 0
2144 5246509693234
2145 0
2146 1599071432
2147 0
2148 96538
2149 0
2150 2
2151 0
2152 33603072010356699946
2153 0
2154 3321044575085188444
2155 0
2156 57979360960102304
2157 0
2158 200480266859750
2159 0
2160 137299617944
2161 0
2162 18623788
2163 0
2164 500
2165 0
2166 0
2167 0
2168 16767758400789526102
2169 0
2170 657770197737790344
2171 0
2172 5110609007358356
2173 0
2174 7864490773300
2175 0
2176 2397000318
2177 0
2178 144702
2179 0
2180 2
2181 0
2182 50370830411146226048
2183 0
2184 4978228568742928902
2185 0
2186 86910760937885250
2187 0
2188 300518878726082
2189 0
2190 205811412180
2191 0
2192 27916806
2193 0
2194 754
2195 0
2196 0
2197 0
2198 25134782752032498182
2199 0
2200 985994109989321348
2201 0
2202 7660776357880146
2203 0
2204 11788830823488
2205 0
2206 3593090638
2207 0
2208 216888
2209 0
2210 2
2211 0
2212 75505613163178724230
2213 0
2214 7462338767918992176
2215 0
2216 130278779236558310
2217 0
2218 450476238323786
2219 0
2220 308510239952
2221 0
2222 41847208
2223 0
2224 1122
2225 0
2226 0
2227 0
2228 37676908796713767916
2229 0
2230 1478000049678800244
2231 0
2232 11483463970836286
2233 0
2234 17671396180670
2235 0
2236 5386023904
2237 0
2238 325150
2239 0
2240 4
2241 0
2242 113182521959892492146
2243 0
2244 11186007054162028876
2245 0
2246 195287213415136210
2247 0
2248 675261541526946
2249 0
2250 462455247906
2251 0
2252 62728878
2253 0
2254 1682
2255 0
2256 0
2257 0
2258 56477490594627397840
2259 0
2260 2215514397822930236
2261 0
2262 17213652847784994
2263 0
2264 26489331081588
2265 0
2266 8073622694
2267 0
2268 487386
2269 0
2270 6
2271 0
2272 169660012554519889986
2273 0
2274 16767766474726976266
2275 0
2276 292734518599081020
2277 0
2278 1012213543465730
2279 0
2280 693218011442
2281 0
2282 94030064
2283 0
2284 2530
2285 0
2286 0
2287 0
2288 84659465060582903584
2289 0
2290 3321044575085188444
2291 0
2292 25803176212196442
2293 0
2294 39707369707640
2295 0
2296 12102318056
2297 0
2298 730548
2299 0
2300 8
2301 0
2302 254319477615102793570
2303 0
2304 25134794854822804328
2305 0
2306 438807522934263818
2307 0
2308 1517302844258078
2309 0
2310 1039130200920
2311 0
2312 140950626
2313 0
2314 3786
2315 0
2316 0
2317 0
2318 126904098409532986798
2319 0
2320 4978228568742928902
2321 0
2322 38678827121916738
2323 0
2324 59521140965070
2325 0
2326 18141311216
2327 0
2328 1095140
2329 0
2330 14
2331 0
2332 381223576024635780368
2333 0
2334 37676926938733583598
2335 0
2336 657770197737790344
2337 0
2338 2274429082799116
2339 0
2340 1557650775734
2341 0
2342 211284464
2343 0
2344 5674
2345 0
2346 0
2347 0
2348 190228584383471034368
2349 0
2350 7462338767918992176
2351 0
2352 57979360960102304
2353 0
2354 89221881145726
2355 0
2356 27193732478
2357 0
2358 1641616
2359 0
2360 20
2361 0
2362 571452160408106814736
2363 0
2364 56477517789420860386
2365 0
2366 985994109989321348
2367 0
2368 3409357381852216
2369 0
2370 2334910417846
2371 0
2372 316714028
2373 0
2374 8514
2375 0
2376 0
2377 0
2378 285151659954748271664
2379 0
2380 11186007054162028876
2381 0
2382 86910760937885250
2383 0
2384 133743136421574
2385 0
2386 40763263470
2387 0
2388 2460710
2389 0
2390 28
2391 0
2392 856603820362855086400
2393 0
2394 84659505825437057982
2395 0
2396 1478000049678800244
2397 0
2398 5110609007358356
2399 0
2400 3500018591450
2401 0
2402 474752682
2403 0
2404 12752
2405 0
2406 0
2407 0
2408 427440857211222921096
2409 0
2410 16767766474726976266
2411 0
2412 130278779236558310
2413 0
2414 200480266859750
2415 0
2416 61103919026
2417 0
2418 3688646
2419 0
2420 44
2421 0
2422 1284044677574078007496
2423 0
2424 126904159515837647614
2425 0
2426 2215514397822930236
2427 0
2428 7660776357880146
2429 0
2430 5246509693234
2431 0
2432 711652184
2433 0
2434 19112
2435 0
2436 0
2437 0
2438 640731624856962942698
2439 0
2440 25134794854822804328
2441 0
2442 195287213415136210
2443 0
2444 300518878726082
2445 0
2446 91594458796
2447 0
2448 5529280
2449 0
2450 68
2451 0
2452 1924776302431040950194
2453 0
2454 190228675981504321918
2455 0
2456 3321044575085188444
2457 0
2458 11483463970836286
2459 0
2460 7864490773300
2461 0
2462 1066762582
2463 0
2464 28668
2465 0
2466 0
2467 0
2468 960453377738228023380
2469 0
2470 37676926938733583598
2471 0
2472 292734518599081020
2473 0
2474 450476238323786
2475 0
2476 137299617944
2477 0
2478 8288266
2479 0
2480 98
2481 0
2482 2885229680169268973574
2483 0
2484 285151797259724413944
2485 0
2486 4978228568742928902
2487 0
2488 17213652847784994
2489 0
2490 11788830823488
2491 0
2492 1599071432
2493 0
2494 42962
2495 0
2496 0
2497 0
2498 1439714624691270513896
2499 0
2500 56477517789420860386
2501 0
2502 438807522934263818
2503 0
2504 675261541526946
2505 0
2506 205811412180
2507 0
2508 12424144
2509 0
2510 148
2511 0
2512 4324944304860539487470
2513 0
2514 427441063030669026834
2515 0
2516 7462338767918992176
2517 0
2518 25803176212196442
2519 0
2520 17671396180670
2521 0
2522 2397000318
2523 0
2524 64386
2525 0
2526 0
2527 0
2528 2158124744619168244872
2529 0
2530 84659505825437057982
2531 0
2532 657770197737790344
2533 0
2534 1012213543465730
2535 0
2536 308510239952
2537 0
2538 18623788
2539 0
2540 224
2541 0
2542 6483069049479707732342
2543 0
2544 640731933379243620210
2545 0
2546 11186007054162028876
2547 0
2548 38678827121916738
2549 0
2550 26489331081588
2551 0
2552 3593090638
2553 0
2554 96538
2555 0
2556 0
2557 0
2558 3235017783011192947162
2559 0
2560 126904159515837647614
2561 0
2562 985994109989321348
2563 0
2564 1517302844258078
2565 0
2566 462455247906
2567 0
2568 27916806
2569 0
2570 332
2571 0
2572 9718086832490900679504
2573 0
2574 960453840211524303810
2575 0
2576 16767766474726976266
2577 0
2578 57979360960102304
2579 0
2580 39707369707640
2581 0
2582 5386023904
2583 0
2584 144702
2585 0
2586 0
2587 0
2588 4849274854241757024814
2589 0
2590 190228675981504321918
2591 0
2592 1478000049678800244
2593 0
2594 2274429082799116
2595 0
2596 693218011442
2597 0
2598 41847208
2599 0
2600 500
2601 0
2602 14567361686732657704318
2603 0
2604 1439715317936339614110
2605 0
2606 25134794854822804328
2607 0
2608 86910760937885250
2609 0
2610 59521140965070
2611 0
2612 8073622694
2613 0
2614 216888
2615 0
2616 2
2617 0
2618 0
2619 7269037819660132661926
2620 0
2621 285151797259724413944
2622 0
2623 2215514397822930236
2624 0
2625 3409357381852216
2626 0
2627 1039130200920
2628 0
2629 62728878
2630 0
2631 754
2632 0
2633 0
2634 21836399506392790366244
2635 0
2636 2158125783789926128850
2637 0
2638 37676926938733583598
2639 0
2640 130278779236558310
2641 0
2642 89221881145726
2643 0
2644 12102318056
2645 0
2646 325150
2647 0
2648 2
2649 0
2650 0
2651 10896249936715811598106
2652 0
2653 427441063030669026834
2654 0
2655 3321044575085188444
2656 0
2657 5110609007358356
2658 0
2659 1557650775734
2660 0
2661 94030064
2662 0
2663 1122
2664 0
2665 0
2666 32732649443108601964350
2667 0
2668 3235019340722761602166
2669 0
2670 56477517789420860386
2671 0
2672 195287213415136210
2673 0
2674 133743136421574
2675 0
2676 18141311216
2677 0
2678 487386
2679 0
2680 2
2681 0
2682 0
2683 16333422060655955640624
2684 0
2685 640731933379243620210
2686 0
2687 4978228568742928902
2688 0
2689 7660776357880146
2690 0
2691 2334910417846
2692 0
2693 140950626
2694 0
2695 1682
2696 0
2697 0
2698 49066071503764557604974
2699 0
2700 4849277189243307827108
2701 0
2702 84659505825437057982
2703 0
2704 292734518599081020
2705 0
2706 200480266859750
2707 0
2708 27193732478
2709 0
2710 730548
2711 0
2712 4
2713 0
2714 0
2715 24483714834090148392236
2716 0
2717 960453840211524303810
2718 0
2719 7462338767918992176
2720 0
2721 11483463970836286
2722 0
2723 3500018591450
2724 0
2725 211284464
2726 0
2727 2530
2728 0
2729 0
2730 73549786337854705997210
2731 0
2732 7269041319815329430522
2733 0
2734 126904159515837647614
2735 0
2736 438807522934263818
2737 0
2738 300518878726082
2739 0
2740 40763263470
2741 0
2742 1095140
2743 0
2744 6
2745 0
2746 0
2747 36700961369326897500702
2748 0
2749 1439715317936339614112
2750 0
2751 11186007054162028876
2752 0
2753 17213652847784994
2754 0
2755 5246509693234
2756 0
2757 316714028
2758 0
2759 3786
2760 0
2761 0
2762 110250747707181603497912
2763 0
2764 10896255183430271911750
2765 0
2766 190228675981504321918
2767 0
2768 657770197737790344
2769 0
2770 450476238323786
2771 0
2772 61103919026
2773 0
2774 1641616
2775 0
2776 8
2777 0
2778 0
2779 55014550469987127202726
2780 0
2781 2158125783789926128852
2782 0
2783 16767766474726976266
2784 0
2785 25803176212196442
2786 0
2787 7864490773300
2788 0
2789 474752682
2790 0
2791 5674
2792 0
2793 0
2794 165265298177168730700638
2795 0
2796 16333429925453680596758
2797 0
2798 285151797259724413944
2799 0
2800 985994109989321348
2801 0
2802 675261541526946
2803 0
2804 91594458796
2805 0
2806 2460710
2807 0
2808 14
2809 0
2810 0
2811 82466525412172595661376
2812 0
2813 3235019340722761602168
2814 0
2815 25134794854822804328
2816 0
2817 38678827121916738
2818 0
2819 11788830823488
2820 0
2821 711652184
2822 0
2823 8514
2824 0
2825 0
2826 247731823589341326362014
2827 0
2828 24483726623381088788770
2829 0
2830 427441063030669026834
2831 0
2832 1478000049678800244
2833 0
2834 1012213543465730
2835 0
2836 137299617944
2837 0
2838 3688646
2839 0
2840 20
2841 0
2842 0
2843 123616893266566027557030
2844 0
2845 4849277189243307827112
2846 0
2847 37676926938733583598
2848 0
2849 57979360960102304
2850 0
2851 17671396180670
2852 0
2853 1066762582
2854 0
2855 12752
2856 0
2857 0
2858 371348716855907353919044
2859 0
2860 36700979041412784195160
2861 0
2862 640731933379243620210
2863 0
2864 2215514397822930236
2865 0
2866 1517302844258078
2867 0
2868 205811412180
2869 0
2870 5529280
2871 0
2872 28
2873 0
2874 0
2875 185301080947712398440232
2876 0
2877 7269041319815329430528
2878 0
2879 56477517789420860386
2880 0
2881 86910760937885250
2882 0
2883 26489331081588
2884 0
2885 1599071432
2886 0
2887 19112
2888 0
2889 0
2890 556649797803619752359276
2891 0
2892 55014576960352083678520
2893 0
2894 960453840211524303810
2895 0
2896 3321044575085188444
2897 0
2898 2274429082799116
2899 0
2900 308510239952
2901 0
2902 8288266
2903 0
2904 44
2905 0
2906 0
2907 277765357897709472646936
2908 0
2909 10896255183430271911758
2910 0
2911 84659505825437057982
2912 0
2913 130278779236558310
2914 0
2915 39707369707640
2916 0
2917 2397000318
2918 0
2919 28668
2920 0
2921 0
2922 834415155701329225006212
2923 0
2924 82466565121092076025060
2925 0
2926 1439715317936339614112
2927 0
2928 4978228568742928902
2929 0
2930 3409357381852216
2931 0
2932 462455247906
2933 0
2934 12424144
2935 0
2936 68
2937 0
2938 0
2939 416368828791741171835426
2940 0
2941 16333429925453680596772
2942 0
2943 126904159515837647614
2944 0
2945 195287213415136210
2946 0
2947 59521140965070
2948 0
2949 3593090638
2950 0
2951 42962
2952 0
2953 0
2954 1250783984493070396841638
2955 0
2956 123616952790030082706376
2957 0
2958 2158125783789926128852
2959 0
2960 7462338767918992176
2961 0
2962 5110609007358356
2963 0
2964 693218011442
2965 0
2966 18623788
2967 0
2968 98
2969 0
2970 0
2971 624134711763622204203456
2972 0
2973 24483726623381088788790
2974 0
2975 190228675981504321918
2976 0
2977 292734518599081020
2978 0
2979 89221881145726
2980 0
2981 5386023904
2982 0
2983 64386
2984 0
2985 0
2986 1874918696256692601045094
2987 0
2988 185301170173075855858956
2989 0
2990 3235019340722761602168
2991 0
2992 11186007054162028876
2993 0
2994 7660776357880146
2995 0
2996 1039130200920
2997 0
2998 27916806
2999 0
3000 148
3001 0
3002 0
3003 935574691214700574107690
3004 0
3005 36700979041412784195188
3006 0
3007 285151797259724413944
3008 0
3009 438807522934263818
3010 0
3011 133743136421574
3012 0
3013 8073622694
3014 0
3015 96538
3016 0
3017 0
3018 2810493387471393175152784
3019 0
3020 277765491646065864071222
3021 0
3022 4849277189243307827112
3023 0
3024 16767766474726976266
3025 0
3026 11483463970836286
3027 0
3028 1557650775734
3029 0
3030 41847208
3031 0
3032 224
3033 0
3034 0
3035 1402421602810938781329182
3036 0
3037 55014576960352083678564
3038 0
3039 427441063030669026834
3040 0
3041 657770197737790344
3042 0
3043 200480266859750
3044 0
3045 12102318056
3046 0
3047 144702
3048 0
3049 0
3050 4212914990282331956481966
3051 0
3052 416369029279832721291242
3053 0
3054 7269041319815329430528
3055 0
3056 25134794854822804328
3057 0
3058 17213652847784994
3059 0
3060 2334910417846
3061 0
3062 62728878
3063 0
3064 332
3065 0
3066 0
3067 2102222698518310040757512
3068 0
3069 82466565121092076025128
3070 0
3071 640731933379243620210
3072 0
3073 985994109989321348
3074 0
3075 300518878726082
3076 0
3077 18141311216
3078 0
3079 216888
3080 0
3081 0
3082 6315137688800641997239478
3083 0
3084 624135012294230113625752
3085 0
3086 10896255183430271911758
3087 0
3088 37676926938733583598
3089 0
3090 25803176212196442
3091 0
3092 3500018591450
3093 0
3094 94030064
3095 0
3096 500
3097 0
3098 0
3099 3151220906257944429536906
3100 0
3101 123616952790030082706474
3102 0
3103 960453840211524303810
3104 0
3105 1478000049678800244
3106 0
3107 450476238323786
3108 0
3109 27193732478
3110 0
3111 325150
3112 0
3113 0
3114 9466358595058586426776384
3115 0
3116 935575141708520892151820
3117 0
3118 16333429925453680596772
3119 0
3120 56477517789420860386
3121 0
3122 38678827121916738
3123 0
3124 5246509693234
3125 0
3126 140950626
3127 0
3128 754
3129 0
3130 0
3131 4723663771224687970874290
3132 0
3133 185301170173075855859104
3134 0
3135 1439715317936339614112
3136 0
3137 2215514397822930236
3138 0
3139 675261541526946
3140 0
3141 40763263470
3142 0
3143 487386
3144 0
3145 2
3146 0
3147 14190022366283274397650674
3148 0
3149 1402422278098835599392542
3150 0
3151 24483726623381088788790
3152 0
3153 84659505825437057982
3154 0
3155 57979360960102304
3156 0
3157 7864490773300
3158 0
3159 211284464
3160 0
3161 1122
3162 0
3163 0
3164 0
3165 7080747458634117650840570
3166 0
3167 277765491646065864071446
3168 0
3169 2158125783789926128852
3170 0
3171 3321044575085188444
3172 0
3173 1012213543465730
3174 0
3175 61103919026
3176 0
3177 730548
3178 0
3179 2
3180 0
3181 21270769824917392048491244
3182 0
3183 2102223710771359965570804
3184 0
3185 36700979041412784195188
3186 0
3187 126904159515837647614
3188 0
3189 86910760937885250
3190 0
3191 11788830823488
3192 0
3193 316714028
3194 0
3195 1682
3196 0
3197 0
3198 0
3199 10614003663506870027352564
3200 0
3201 416369029279832721291574
3202 0
3203 3235019340722761602168
3204 0
3205 4978228568742928902
3206 0
3207 1517302844258078
3208 0
3209 91594458796
3210 0
3211 1095140
3212 0
3213 2
3214 0
3215 31884773488424262075843808
3216 0
3217 3151222423620008684282328
3218 0
3219 55014576960352083678564
3220 0
3221 190228675981504321918
3222 0
3223 130278779236558310
3224 0
3225 17671396180670
3226 0
3227 474752682
3228 0
3229 2530
3230 0
3231 0
3232 0
3233 15910336363086292911233936
3234 0
3235 624135012294230113626252
3236 0
3237 4849277189243307827112
3238 0
3239 7462338767918992176
3240 0
3241 2274429082799116
3242 0
3243 137299617944
3244 0
3245 1641616
3246 0
3247 4
3248 0
3249 47795109851510554987077744
3250 0
3251 4723666045742541199049142
3252 0
3253 82466565121092076025128
3254 0
3255 285151797259724413944
3256 0
3257 195287213415136210
3258 0
3259 26489331081588
3260 0
3261 711652184
3262 0
3263 3786
3264 0
3265 0
3266 0
3267 23849511570915439851273242
3268 0
3269 935575141708520892152576
3270 0
3271 7269041319815329430528
3272 0
3273 11186007054162028876
3274 0
3275 3409357381852216
3276 0
3277 205811412180
3278 0
3279 2460710
3280 0
3281 6
3282 0
3283 71644621422425994838350986
3284 0
3285 7080750868124565928083850
3286 0
3287 123616952790030082706474
3288 0
3289 427441063030669026834
3290 0
3291 292734518599081020
3292 0
3293 39707369707640
3294 0
3295 1066762582
3296 0
3297 5674
3298 0
3299 0
3300 0
3301 35750293971842438948234878
3302 0
3303 1402422278098835599393666
3304 0
3305 10896255183430271911758
3306 0
3307 16767766474726976266
3308 0
3309 5110609007358356
3310 0
3311 308510239952
3312 0
3313 3688646
3314 0
3315 8
3316 0
3317 107394915394268433786585864
3318 0
3319 10614008774315343302583888
3320 0
3321 185301170173075855859104
3322 0
3323 640731933379243620210
3324 0
3325 438807522934263818
3326 0
3327 59521140965070
3328 0
3329 1599071432
3330 0
3331 8514
3332 0
3333 0
3334 0
3335 53589504978868456676517904
3336 0
3337 2102223710771359965572488
3338 0
3339 16333429925453680596772
3340 0
3341 25134794854822804328
3342 0
3343 7660776357880146
3344 0
3345 462455247906
3346 0
3347 5529280
3348 0
3349 14
3350 0
3351 160984420373136890463103768
3352 0
3353 15910344024161649111762842
3354 0
3355 277765491646065864071446
3356 0
3357 960453840211524303810
3358 0
3359 657770197737790344
3360 0
3361 89221881145726
3362 0
3363 2397000318
3364 0
3365 12752
3366 0
3367 0
3368 0
3369 80330389622588137426588188
3370 0
3371 3151222423620008684284862
3372 0
3373 24483726623381088788790
3374 0
3375 37676926938733583598
3376 0
3377 11483463970836286
3378 0
3379 693218011442
3380 0
3381 8288266
3382 0
3383 20
3384 0
3385 241314809995725027889691956
3386 0
3387 23849523054827607621243054
3388 0
3389 416369029279832721291574
3390 0
3391 1439715317936339614112
3392 0
3393 985994109989321348
3394 0
3395 133743136421574
3396 0
3397 3593090638
3398 0
3399 19112
3400 0
3401 0
3402 0
3403 120414836812942520347216588
3404 0
3405 4723666045742541199052934
3406 0
3407 36700979041412784195188
3408 0
3409 56477517789420860386
3410 0
3411 17213652847784994
3412 0
3413 1039130200920
3414 0
3415 12424144
3416 0
3417 28
3418 0
3419 361729646808667548236908544
3420 0
3421 35750311186167131672027058
3422 0
3423 624135012294230113626252
3424 0
3425 2158125783789926128852
3426 0
3427 1478000049678800244
3428 0
3429 200480266859750
3430 0
3431 5386023904
3432 0
3433 28668
3434 0
3435 0
3436 0
3437 180501214955023583690767086
3438 0
3439 7080750868124565928089532
3440 0
3441 55014576960352083678564
3442 0
3443 84659505825437057982
3444 0
3445 25803176212196442
3446 0
3447 1557650775734
3448 0
3449 18623788
3450 0
3451 44
3452 0
3453 542230861763691131927675630
3454 0
3455 53589530783051760879219048
3456 0
3457 935575141708520892152576
3458 0
3459 3235019340722761602168
3460 0
3461 2215514397822930236
3462 0
3463 300518878726082
3464 0
3465 8073622694
3466 0
3467 42962
3468 0
3469 0
3470 0
3471 270570383704890481668894928
3472 0
3473 10614008774315343302592416
3474 0
3475 82466565121092076025128
3476 0
3477 126904159515837647614
3478 0
3479 38678827121916738
3480 0
3481 2334910417846
3482 0
3483 27916806
3484 0
3485 68
3486 0
3487 812801245468581613596570558
3488 0
3489 80330428302924885016453112
3490 0
3491 1402422278098835599393666
3492 0
3493 4849277189243307827112
3494 0
3495 3321044575085188444
3496 0
3497 450476238323786
3498 0
3499 12102318056
3500 0
3501 64386
3502 0
3503 0
3504 0
3505 405583599846978102113029950
3506 0
3507 15910344024161649111775614
3508 0
3509 123616952790030082706474
3510 0
3511 190228675981504321918
3512 0
3513 57979360960102304
3514 0
3515 3500018591450
3516 0
3517 41847208
3518 0
3519 98
3520 0
3521 1218384845315559715709600508
3522 0
3523 120414894794566401592382852
3524 0
3525 2102223710771359965572488
3526 0
3527 7269041319815329430528
3528 0
3529 4978228568742928902
3530 0
3531 675261541526946
3532 0
3533 18141311216
3534 0
3535 96538
3536 0
3537 0
3538 0
3539 607967709593266917121017762
3540 0
3541 23849523054827607621262194
3542 0
3543 185301170173075855859104
3544 0
3545 285151797259724413944
3546 0
3547 86910760937885250
3548 0
3549 5246509693234
3550 0
3551 62728878
3552 0
3553 148
3554 0
3555 1826352554908826632830618270
3556 0
3557 180501301869176628533627372
3558 0
3559 3151222423620008684284862
3560 0
3561 10896255183430271911758
3562 0
3563 7462338767918992176
3564 0
3565 1012213543465730
3566 0
3567 27193732478
3568 0
3569 144702
3570 0
3571 0
3572 0
3573 911340438931796013818142634
3574 0
3575 35750311186167131672055770
3576 0
3577 277765491646065864071446
3578 0
3579 427441063030669026834
3580 0
3581 130278779236558310
3582 0
3583 7864490773300
3584 0
3585 94030064
3586 0
3587 224
3588 0
3589 2737692993840622646648760904
3590 0
3591 270570513988754468890816012
3592 0
3593 4723666045742541199052934
3594 0
3595 16333429925453680596772
3596 0
3597 11186007054162028876
3598 0
3599 1517302844258078
3600 0
3601 40763263470
3602 0
3603 216888
3604 0
3605 0
3606 0
3607 1366094584510145253152198634
3608 0
3609 53589530783051760879262078
3610 0
3611 416369029279832721291574
3612 0
3613 640731933379243620210
3614 0
3615 195287213415136210
3616 0
3617 11788830823488
3618 0
3619 140950626
3620 0
3621 332
3622 0
3623 4103787578350767899800959538
3624 0
3625 405583795141813532236619146
3626 0
3627 7080750868124565928089532
3628 0
3629 24483726623381088788790
3630 0
3631 16767766474726976266
3632 0
3633 2274429082799116
3634 0
3635 61103919026
3636 0
3637 325150
3638 0
3639 0
3640 0
3641 2047768686765816148045434710
3642 0
3643 80330428302924885016517596
3644 0
3645 624135012294230113626252
3646 0
3647 960453840211524303810
3648 0
3649 292734518599081020
3650 0
3651 17671396180670
3652 0
3653 211284464
3654 0
3655 500
3656 0
3657 6151556265116584047846394248
3658 0
3659 607968002339210876991267248
3660 0
3661 10614008774315343302592416
3662 0
3663 36700979041412784195188
3664 0
3665 25134794854822804328
3666 0
3667 3409357381852216
3668 0
3669 91594458796
3670 0
3671 487386
3672 0
3673 0
3674 0
3675 3069594625471889085244749966
3676 0
3677 120414894794566401592479538
3678 0
3679 935575141708520892152576
3680 0
3681 1439715317936339614112
3682 0
3683 438807522934263818
3684 0
3685 26489331081588
3686 0
3687 316714028
3688 0
3689 754
3690 0
3691 9221150890588473133091144214
3692 0
3693 911340877756445504454487164
3694 0
3695 15910344024161649111775614
3696 0
3697 55014576960352083678564
3698 0
3699 37676926938733583598
3700 0
3701 5110609007358356
3702 0
3703 137299617944
3704 0
3705 730548
3706 0
3707 0
3708 0
3709 4601306400288490533332519836
3710 0
3711 180501301869176628533772298
3712 0
3713 1402422278098835599393666
3714 0
3715 2158125783789926128852
3716 0
3717 657770197737790344
3718 0
3719 39707369707640
3720 0
3721 474752682
3722 0
3723 1122
3724 0
3725 13822457290876963666423664050
3726 0
3727 1366095242306015610209180560
3728 0
3729 23849523054827607621262194
3730 0
3731 82466565121092076025128
3732 0
3733 56477517789420860386
3734 0
3735 7660776357880146
3736 0
3737 205811412180
3738 0
3739 1095140
3740 0
3741 2
3742 0
3743 0
3744 6897334395117742903217335442
3745 0
3746 270570513988754468891033232
3747 0
3748 2102223710771359965572488
3749 0
3750 3235019340722761602168
3751 0
3752 985994109989321348
3753 0
3754 59521140965070
3755 0
3756 711652184
3757 0
3758 1682
3759 0
3760 0
3761 20719791685994706569640999492
3762 0
3763 2047769672798409260226937026
3764 0
3765 35750311186167131672055770
3766 0
3767 123616952790030082706474
3768 0
3769 84659505825437057982
3770 0
3771 11483463970836286
3772 0
3773 308510239952
3774 0
3775 1641616
3776 0
3777 2
3778 0
3779 0
3780 10339068433932484263748944832
3781 0
3782 405583795141813532236944796
3783 0
3784 3151222423620008684284862
3785 0
3786 4849277189243307827112
3787 0
3788 1478000049678800244
3789 0
3790 89221881145726
3791 0
3792 1066762582
3793 0
3794 2530
3795 0
3796 0
3797 31058860119927190833389944324
3798 0
3799 3069596103529624765131585770
3800 0
3801 53589530783051760879262078
3802 0
3803 185301170173075855859104
3804 0
3805 126904159515837647614
3806 0
3807 17213652847784994
3808 0
3809 462455247906
3810 0
3811 2460710
3812 0
3813 2
3814 0
3815 0
3816 15498209881951693961736077578
3817 0
3818 607968002339210876991755388
3819 0
3820 4723666045742541199052934
3821 0
3822 7269041319815329430528
3823 0
3824 2215514397822930236
3825 0
3826 133743136421574
3827 0
3828 1599071432
3829 0
3830 3786
3831 0
3832 0
3833 46557070001878884795126021902
3834 0
3835 4601308615889359372575131772
3836 0
3837 80330428302924885016517596
3838 0
3839 277765491646065864071446
3840 0
3841 190228675981504321918
3842 0
3843 25803176212196442
3844 0
3845 693218011442
3846 0
3847 3688646
3848 0
3849 4
3850 0
3851 0
3852 23231736116255369730047267772
3853 0
3854 911340877756445504455218836
3855 0
3856 7080750868124565928089532
3857 0
3858 10896255183430271911758
3859 0
3860 3321044575085188444
3861 0
3862 200480266859750
3863 0
3864 2397000318
3865 0
3866 5674
3867 0
3868 0
3869 69788806118134254525173289674
3870 0
3871 6897337716291937592694014164
3872 0
3873 120414894794566401592479538
3874 0
3875 416369029279832721291574
3876 0
3877 285151797259724413944
3878 0
3879 38678827121916738
3880 0
3881 1039130200920
3882 0
3883 5529280
3884 0
3885 6
3886 0
3887 0
3888 34824251773996355759179184184
3889 0
3890 1366095242306015610210277384
3891 0
3892 10614008774315343302592416
3893 0
3894 16333429925453680596772
3895 0
3896 4978228568742928902
3897 0
3898 300518878726082
3899 0
3900 3593090638
3901 0
3902 8514
3903 0
3904 0
3905 104613057892130610284352473858
3906 0
3907 10339073412355352119919697544
3908 0
3909 180501301869176628533772298
3910 0
3911 624135012294230113626252
3912 0
3913 427441063030669026834
3914 0
3915 57979360960102304
3916 0
3917 1557650775734
3918 0
3919 8288266
3920 0
3921 8
3922 0
3923 0
3924 52201372534105865647165070716
3925 0
3926 2047769672798409260228581174
3927 0
3928 15910344024161649111775614
3929 0
3930 24483726623381088788790
3931 0
3932 7462338767918992176
3933 0
3934 450476238323786
3935 0
3936 5386023904
3937 0
3938 12752
3939 0
3940 0
3941 156814430426236475931517544574
3942 0
3943 15498217344581715242692460926
3944 0
3945 270570513988754468891033232
3946 0
3947 935575141708520892152576
3948 0
3949 640731933379243620210
3950 0
3951 86910760937885250
3952 0
3953 2334910417846
3954 0
3955 12424144
3956 0
3957 14
3958 0
3959 0
3960 78249586297767254526615281710
3961 0
3962 3069596103529624765134050270
3963 0
3964 23849523054827607621262194
3965 0
3966 36700979041412784195188
3967 0
3968 11186007054162028876
3969 0
3970 675261541526946
3971 0
3972 8073622694
3973 0
3974 19112
3975 0
3976 0
3977 235064016724003730458132826284
3978 0
3979 23231747302699011168968989006
3980 0
3981 405583795141813532236944796
3982 0
3983 1402422278098835599393666
3984 0
3985 960453840211524303810
3986 0
3987 130278779236558310
3988 0
3989 3500018591450
3990 0
3991 18623788
3992 0
3993 20
3994 0
3995 0
3996 117295723436606052576612441668
3997 0
3998 4601308615889359372578826098
3999 0
4000 35750311186167131672055770
4001 0
4002 55014576960352083678564
4003 0
4004 16767766474726976266
4005 0
4006 1012213543465730
4007 0
4008 12102318056
4009 0
4010 28668
4011 0
4012 0
4013 352359740160609783034745267952
4014 0
4015 34824268542417272546048121668
4016 0
4017 607968002339210876991755388
4018 0
4019 2102223710771359965572488
4020 0
4021 1439715317936339614112
4022 0
4023 195287213415136210
4024 0
4025 5246509693234
4026 0
4027 27916806
4028 0
4029 28
4030 0
4031 0
4032 175825680204386567963218628824
4033 0
4034 6897337716291937592699551966
4035 0
4036 53589530783051760879262078
4037 0
4038 82466565121092076025128
4039 0
4040 25134794854822804328
4041 0
4042 1517302844258078
4043 0
4044 18141311216
4045 0
4046 42962
4047 0
4048 0
4049 528185420364996350997963896776
4050 0
4051 52201397669881725719090537082
4052 0
4053 911340877756445504455218836
4054 0
4055 3151222423620008684284862
4056 0
4057 2158125783789926128852
4058 0
4059 292734518599081020
4060 0
4061 7864490773300
4062 0
4063 41847208
4064 0
4065 44
4066 0
4067 0
4068 263561781398137983646235943716
4069 0
4070 10339073412355352119927998576
4071 0
4072 80330428302924885016517596
4073 0
4074 123616952790030082706474
4075 0
4076 37676926938733583598
4077 0
4078 2274429082799116
4079 0
4080 27193732478
4081 0
4082 64386
4083 0
4084 0
4085 791747201763134334644199840492
4086 0
4087 78249623976164715033594657040
4088 0
4089 1366095242306015610210277384
4090 0
4091 4723666045742541199052934
4092 0
4093 3235019340722761602168
4094 0
4095 438807522934263818
4096 0
4097 11788830823488
4098 0
4099 62728878
4100 0
4101 68
4102 0
4103 0
4104 395077741391424106104163730952
4105 0
4106 15498217344581715242704904202
4107 0
4108 120414894794566401592479538
4109 0
4110 185301170173075855859104
4111 0
4112 56477517789420860386
4113 0
4114 3409357381852216
4115 0
4116 40763263470
4117 0
4118 96538
4119 0
4120 0
4121 1186824943154558440748363571444
4122 0
4123 117295779916328146497134505766
4124 0
4125 2047769672798409260228581174
4126 0
4127 7080750868124565928089532
4128 0
4129 4849277189243307827112
4130 0
4131 657770197737790344
4132 0
4133 17671396180670
4134 0
4135 94030064
4136 0
4137 98
4138 0
4139 0
4140 592219482335202135414713278888
4141 0
4142 23231747302699011168987641490
4143 0
4144 180501301869176628533772298
4145 0
4146 277765491646065864071446
4147 0
4148 84659505825437057982
4149 0
4150 5110609007358356
4151 0
4152 61103919026
4153 0
4154 144702
4155 0
4156 0
4157 1779044425489760576163076850332
4158 0
4159 175825764867196634396770582132
4160 0
4161 3069596103529624765134050270
4162 0
4163 10614008774315343302592416
4164 0
4165 7269041319815329430528
4166 0
4167 985994109989321348
4168 0
4169 26489331081588
4170 0
4171 140950626
4172 0
4173 148
4174 0
4175 0
4176 887733928067322666152564347622
4177 0
4178 34824268542417272546076081480
4179 0
4180 270570513988754468891033232
4181 0
4182 416369029279832721291574
4183 0
4184 126904159515837647614
4185 0
4186 7660776357880146
4187 0
4188 91594458796
4189 0
4190 216888
4191 0
4192 0
4193 2666778353557083242315641197954
4194 0
4195 263561908307250539576171801828
4196 0
4197 4601308615889359372578826098
4198 0
4199 15910344024161649111775614
4200 0
4201 10896255183430271911758
4202 0
4203 1478000049678800244
4204 0
4205 39707369707640
4206 0
4207 211284464
4208 0
4209 224
4210 0
4211 0
4212 1330708547335128139297622577816
4213 0
4214 52201397669881725719132448744
4215 0
4216 405583795141813532236944796
4217 0
4218 624135012294230113626252
4219 0
4220 190228675981504321918
4221 0
4222 11483463970836286
4223 0
4224 137299617944
4225 0
4226 325150
4227 0
4228 0
4229 3997486900892211381613263775770
4230 0
4231 395077931627524668979781002228
4232 0
4233 6897337716291937592699551966
4234 0
4235 23849523054827607621262194
4236 0
4237 16333429925453680596772
4238 0
4239 2215514397822930236
4240 0
4241 59521140965070
4242 0
4243 316714028
4244 0
4245 332
4246 0
4247 0
4248 1994725200833460483618360547032
4249 0
4250 78249623976164715033657482554
4251 0
4252 607968002339210876991755388
4253 0
4254 935575141708520892152576
4255 0
4256 285151797259724413944
4257 0
4258 17213652847784994
4259 0
4260 205811412180
4261 0
4262 487386
4263 0
4264 0
4265 5992212101725671865231624322802
4266 0
4267 592219767498128804052346442256
4268 0
4269 10339073412355352119927998576
4270 0
4271 35750311186167131672055770
4272 0
4273 24483726623381088788790
4274 0
4275 3321044575085188444
4276 0
4277 89221881145726
4278 0
4279 474752682
4280 0
4281 500
4282 0
4283 0
4284 2990082715564032823212308811650
4285 0
4286 117295779916328146497228680680
4287 0
4288 911340877756445504455218836
4289 0
4290 1402422278098835599393666
4291 0
4292 427441063030669026834
4293 0
4294 25803176212196442
4295 0
4296 308510239952
4297 0
4298 730548
4299 0
4300 0
4301 8982294817289704688443933134452
4302 0
4303 887734355525068622978123973780
4304 0
4305 15498217344581715242704904202
4306 0
4307 53589530783051760879262078
4308 0
4309 36700979041412784195188
4310 0
4311 4978228568742928902
4312 0
4313 133743136421574
4314 0
4315 711652184
4316 0
4317 754
4318 0
4319 0
4320 4482118460316795615011964740042
4321 0
4322 175825764867196634396911749870
4323 0
4324 1366095242306015610210277384
4325 0
4326 2102223710771359965572488
4327 0
4328 640731933379243620210
4329 0
4330 38678827121916738
4331 0
4332 462455247906
4333 0
4334 1095140
4335 0
4336 0
4337 13464413277606500303455897874494
4338 0
4339 1330709188092069138198030269150
4340 0
4341 23231747302699011168987641490
4342 0
4343 80330428302924885016517596
4344 0
4345 55014576960352083678564
4346 0
4347 7462338767918992176
4348 0
4349 200480266859750
4350 0
4351 1066762582
4352 0
4353 1122
4354 0
4355 0
4356 6718672292155319471519131144920
4357 0
4358 263561908307250539576383411774
4359 0
4360 2047769672798409260228581174
4361 0
4362 3151222423620008684284862
4363 0
4364 960453840211524303810
4365 0
4366 57979360960102304
4367 0
4368 693218011442
4369 0
4370 1641616
4371 0
4372 0
4373 20183085569761819774975029019414
4374 0
4375 1994726161324786987120360232064
4376 0
4377 34824268542417272546076081480
4378 0
4379 120414894794566401592479538
4380 0
4381 82466565121092076025128
4382 0
4383 11186007054162028876
4384 0
4385 300518878726082
4386 0
4387 1599071432
4388 0
4389 1682
4390 0
4391 0
4392 10071254869552261932649777560304
4393 0
4394 395077931627524668980098204142
4395 0
4396 3069596103529624765134050270
4397 0
4398 4723666045742541199052934
4399 0
4400 1439715317936339614112
4401 0
4402 86910760937885250
4403 0
4404 1039130200920
4405 0
4406 2460710
4407 0
4408 2
4409 0
4410 30254340439314081707624806579718
4411 0
4412 2990084155335542516526824042196
4413 0
4414 52201397669881725719132448744
4415 0
4416 180501301869176628533772298
4417 0
4418 123616952790030082706474
4419 0
4420 16767766474726976266
4421 0
4422 450476238323786
4423 0
4424 2397000318
4425 0
4426 2530
4427 0
4428 0
4429 0
4430 15096758739953636055170055459466
4431 0
4432 592219767498128804052821926240
4433 0
4434 4601308615889359372578826098
4435 0
4436 7080750868124565928089532
4437 0
4438 2158125783789926128852
4439 0
4440 130278779236558310
4441 0
4442 1557650775734
4443 0
4444 3688646
4445 0
4446 2
4447 0
4448 45351099179267717762794862039184
4449 0
4450 4482120618526810556784527308550
4451 0
4452 78249623976164715033657482554
4453 0
4454 270570513988754468891033232
4455 0
4456 185301170173075855859104
4457 0
4458 25134794854822804328
4459 0
4460 675261541526946
4461 0
4462 3593090638
4463 0
4464 3786
4465 0
4466 0
4467 0
4468 22629962939513891270636089763694
4469 0
4470 887734355525068622978836722226
4471 0
4472 6897337716291937592699551966
4473 0
4474 10614008774315343302592416
4475 0
4476 3235019340722761602168
4477 0
4478 195287213415136210
4479 0
4480 2334910417846
4481 0
4482 5529280
4483 0
4484 2
4485 0
4486 67981062118781609033430951802878
4487 0
4488 6718675527300922253406646548390
4489 0
4490 117295779916328146497228680680
4491 0
4492 405583795141813532236944796
4493 0
4494 277765491646065864071446
4495 0
4496 37676926938733583598
4497 0
4498 1012213543465730
4499 0
4500 5386023904
4501 0
4502 5674
4503 0
4504 0
4505 0
4506 33922196907635351494363046527470
4507 0
4508 1330709188092069138199098675032
4509 0
4510 10339073412355352119927998576
4511 0
4512 15910344024161649111775614
4513 0
4514 4849277189243307827112
4515 0
4516 292734518599081020
4517 0
4518 3500018591450
4519 0
4520 8288266
4521 0
4522 4
4523 0
4524 101903259026416960527793998330348
4525 0
4526 10071259719018717346792785446282
4527 0
4528 175825764867196634396911749870
4529 0
4530 607968002339210876991755388
4531 0
4532 416369029279832721291574
4533 0
4534 56477517789420860386
4535 0
4536 1517302844258078
4537 0
4538 8073622694
4539 0
4540 8514
4541 0
4542 0
4543 0
4544 50849196974650619652052374504604
4545 0
4546 1994726161324786987121961766738
4547 0
4548 15498217344581715242704904202
4549 0
4550 23849523054827607621262194
4551 0
4552 7269041319815329430528
4553 0
4554 438807522934263818
4555 0
4556 5246509693234
4557 0
4558 12424144
4559 0
4560 6
4561 0
4562 152752456001067580179846372834952
4563 0
4564 15096766009278664877541287626200
4565 0
4566 263561908307250539576383411774
4567 0
4568 911340877756445504455218836
4569 0
4570 624135012294230113626252
4571 0
4572 84659505825437057982
4573 0
4574 2274429082799116
4575 0
4576 12102318056
4577 0
4578 12752
4579 0
4580 0
4581 0
4582 76222682157264135220180768899208
4583 0
4584 2990084155335542516529224734948
4585 0
4586 23231747302699011168987641490
4587 0
4588 35750311186167131672055770
4589 0
4590 10896255183430271911758
4591 0
4592 657770197737790344
4593 0
4594 7864490773300
4595 0
4596 18623788
4597 0
4598 8
4599 0
4600 228975138158331715400027141734160
4601 0
4602 22629973836194353028894492951288
4603 0
4604 395077931627524668980098204142
4605 0
4606 1366095242306015610210277384
4607 0
4608 935575141708520892152576
4609 0
4610 126904159515837647614
4611 0
4612 3409357381852216
4613 0
4614 18141311216
4615 0
4616 19112
4617 0
4618 0
4619 0
4620 114257404657612720428064326874016
4621 0
4622 4482120618526810556788125934146
4623 0
4624 34824268542417272546076081480
4625 0
4626 53589530783051760879262078
4627 0
4628 16333429925453680596772
4629 0
4630 985994109989321348
4631 0
4632 11788830823488
4633 0
4634 27916806
4635 0
4636 14
4637 0
4638 343232542815944435828091468608176
4639 0
4640 33922213241702766952829596549216
4641 0
4642 592219767498128804052821926240
4643 0
4644 2047769672798409260228581174
4645 0
4646 1402422278098835599393666
4647 0
4648 190228675981504321918
4649 0
4650 5110609007358356
4651 0
4652 27193732478
4653 0
4654 28668
4655 0
4656 0
4657 0
4658 171271256135524527924703288062896
4659 0
4660 6718675527300922253412040869080
4661 0
4662 52201397669881725719132448744
4663 0
4664 80330428302924885016517596
4665 0
4666 24483726623381088788790
4667 0
4668 1478000049678800244
4669 0
4670 17671396180670
4671 0
4672 41847208
4673 0
4674 20
4675 0
4676 514503798951468963752794756671072
4677 0
4678 50849221459332837239226611812796
4679 0
4680 887734355525068622978836722226
4681 0
4682 3069596103529624765134050270
4683 0
4684 2102223710771359965572488
4685 0
4686 285151797259724413944
4687 0
4688 7660776357880146
4689 0
4690 40763263470
4691 0
4692 42962
4693 0
4694 0
4695 0
4696 256734723374324419140246849044848
4697 0
4698 10071259719018717346800871505880
4699 0
4700 78249623976164715033657482554
4701 0
4702 120414894794566401592479538
4703 0
4704 36700979041412784195188
4705 0
4706 2215514397822930236
4707 0
4708 26489331081588
4709 0
4710 62728878
4711 0
4712 28
4713 0
4714 771238522325793382893041605715920
4715 0
4716 76222718859675607384583885788222
4717 0
4718 1330709188092069138199098675032
4719 0
4720 4601308615889359372578826098
4721 0
4722 3151222423620008684284862
4723 0
4724 427441063030669026834
4725 0
4726 11483463970836286
4727 0
4728 61103919026
4729 0
4730 64386
4731 0
4732 0
4733 0
4734 384844016873065247731718179057350
4735 0
4736 15096766009278664877553408587170
4737 0
4738 117295779916328146497228680680
4739 0
4740 180501301869176628533772298
4741 0
4742 55014576960352083678564
4743 0
4744 3321044575085188444
4745 0
4746 39707369707640
4747 0
4748 94030064
4749 0
4750 44
4751 0
4752 1156082539198858630624759784773270
4753 0
4754 114257459674336887036870782206656
4755 0
4756 1994726161324786987121961766738
4757 0
4758 6897337716291937592699551966
4759 0
4760 4723666045742541199052934
4761 0
4762 640731933379243620210
4763 0
4764 17213652847784994
4765 0
4766 91594458796
4767 0
4768 96538
4769 0
4770 0
4771 0
4772 576879182435545207561111266897426
4773 0
4774 22629973836194353028912662207998
4775 0
4776 175825764867196634396911749870
4777 0
4778 270570513988754468891033232
4779 0
4780 82466565121092076025128
4781 0
4782 4978228568742928902
4783 0
4784 59521140965070
4785 0
4786 140950626
4787 0
4788 68
4789 0
4790 1732961721634403838185871051670696
4791 0
4792 171271338605308300043140797313510
4793 0
4794 2990084155335542516529224734948
4795 0
4796 10339073412355352119927998576
4797 0
4798 7080750868124565928089532
4799 0
4800 960453840211524303810
4801 0
4802 25803176212196442
4803 0
4804 137299617944
4805 0
4806 144702
4807 0
4808 0
4809 0
4810 864738898194351994128817701606496
4811 0
4812 33922213241702766952856832171892
4813 0
4814 263561908307250539576383411774
4815 0
4816 405583795141813532236944796
4817 0
4818 123616952790030082706474
4819 0
4820 7462338767918992176
4821 0
4822 89221881145726
4823 0
4824 211284464
4825 0
4826 98
4827 0
4828 2597700619828755832314688753277192
4829 0
4830 256734846996101950341355289379092
4831 0
4832 4482120618526810556788125934146
4833 0
4834 15498217344581715242704904202
4835 0
4836 10614008774315343302592416
4837 0
4838 1439715317936339614112
4839 0
4840 38678827121916738
4841 0
4842 205811412180
4843 0
4844 216888
4845 0
4846 0
4847 0
4848 1296239116990377245461891542238848
4849 0
4850 50849221459332837239267437869574
4851 0
4852 395077931627524668980098204142
4853 0
4854 607968002339210876991755388
4855 0
4856 185301170173075855859104
4857 0
4858 11186007054162028876
4859 0
4860 133743136421574
4861 0
4862 316714028
4863 0
4864 148
4865 0
4866 3893939736819133077776580295516040
4867 0
4868 384844202181467682763529689542008
4869 0
4870 6718675527300922253412040869080
4871 0
4872 23231747302699011168987641490
4873 0
4874 15910344024161649111775614
4875 0
4876 2158125783789926128852
4877 0
4878 57979360960102304
4879 0
4880 308510239952
4881 0
4882 325150
4883 0
4884 0
4885 0
4886 1943055703778871939418805892935876
4887 0
4888 76222718859675607384645083833918
4889 0
4890 592219767498128804052821926240
4891 0
4892 911340877756445504455218836
4893 0
4894 277765491646065864071446
4895 0
4896 16767766474726976266
4897 0
4898 200480266859750
4899 0
4900 474752682
4901 0
4902 224
4903 0
4904 5836995440598005017195386188451916
4905 0
4906 576879460211877976735007897331706
4907 0
4908 10071259719018717346800871505880
4909 0
4910 34824268542417272546076081480
4911 0
4912 23849523054827607621262194
4913 0
4914 3235019340722761602168
4915 0
4916 86910760937885250
4917 0
4918 462455247906
4919 0
4920 487386
4921 0
4922 0
4923 0
4924 2912630407847532088225322419402658
4925 0
4926 114257459674336887036962517760878
4927 0
4928 887734355525068622978836722226
4929 0
4930 1366095242306015610210277384
4931 0
4932 416369029279832721291574
4933 0
4934 25134794854822804328
4935 0
4936 300518878726082
4937 0
4938 711652184
4939 0
4940 332
4941 0
4942 8749625848445537105420708607854574
4943 0
4944 864739314579632061192313566719262
4945 0
4946 15096766009278664877553408587170
4947 0
4948 52201397669881725719132448744
4949 0
4950 35750311186167131672055770
4951 0
4952 4849277189243307827112
4953 0
4954 130278779236558310
4955 0
4956 693218011442
4957 0
4958 730548
4959 0
4960 0
4961 0
4962 4366017853332490035620253909568816
4963 0
4964 171271338605308300043278308432954
4965 0
4966 1330709188092069138199098675032
4967 0
4968 2047769672798409260228581174
4969 0
4970 624135012294230113626252
4971 0
4972 37676926938733583598
4973 0
4974 450476238323786
4975 0
4976 1066762582
4977 0
4978 500
4979 0
4980 13115643701778027141040962517423390
4981 0
4982 1296239741149749385345316569129888
4983 0
4984 22629973836194353028912662207998
4985 0
4986 78249623976164715033657482554
4987 0
4988 53589530783051760879262078
4989 0
4990 7269041319815329430528
4991 0
4992 195287213415136210
4993 0
4994 1039130200920
4995 0
4996 1095140
4997 0
4998 0
4999 0
5000 6544638085305566779698142768289256
5001 0
5002 256734846996101950341561417830674
5003 0
5004 1994726161324786987121961766738
5005 0
5006 3069596103529624765134050270
5007 0
5008 935575141708520892152576
5009 0
5010 56477517789420860386
5011 0
5012 675261541526946
5013 0
5014 1599071432
5015 0
5016 754
5017 0
5018 19660281787083593920739105285712646
5019 0
5020 1943056639390528930050407688782346
5021 0
5022 33922213241702766952856832171892
5023 0
5024 117295779916328146497228680680
5025 0
5026 80330428302924885016517596
5027 0
5028 10896255183430271911758
5029 0
5030 292734518599081020
5031 0
5032 1557650775734
5033 0
5034 1641616
5035 0
5036 0
5037 0
5038 9810378497407912934818832335662206
5039 0
5040 384844202181467682763838675022360
5041 0
5042 2990084155335542516529224734948
5043 0
5044 4601308615889359372578826098
5045 0
5046 1402422278098835599393666
5047 0
5048 84659505825437057982
5049 0
5050 1012213543465730
5051 0
5052 2397000318
5053 0
5054 1122
5055 0
5056 29470660284491506855557937621374852
5057 0
5058 2912631810324546405286631308199728
5059 0
5060 50849221459332837239267437869574
5061 0
5062 175825764867196634396911749870
5063 0
5064 120414894794566401592479538
5065 0
5066 16333429925453680596772
5067 0
5068 438807522934263818
5069 0
5070 2334910417846
5071 0
5072 2460710
5073 0
5074 0
5075 0
5076 14705706413085783982831623473040662
5077 0
5078 576879460211877976735471064962844
5079 0
5080 4482120618526810556788125934146
5081 0
5082 6897337716291937592699551966
5083 0
5084 2102223710771359965572488
5085 0
5086 126904159515837647614
5087 0
5088 1517302844258078
5089 0
5090 3593090638
5091 0
5092 1682
5093 0
5094 44176366697577290838389561094415514
5095 0
5096 4366019955638250113803877397056280
5097 0
5098 76222718859675607384645083833918
5099 0
5100 263561908307250539576383411774
5101 0
5102 180501301869176628533772298
5103 0
5104 24483726623381088788790
5105 0
5106 657770197737790344
5107 0
5108 3500018591450
5109 0
5110 3688646
5111 0
5112 0
5113 0
5114 22043777532641757431888983596732846
5115 0
5116 864739314579632061193007852589180
5117 0
5118 6718675527300922253412040869080
5119 0
5120 10339073412355352119927998576
5121 0
5122 3151222423620008684284862
5123 0
5124 190228675981504321918
5125 0
5126 2274429082799116
5127 0
5128 5386023904
5129 0
5130 2530
5131 0
5132 66220144230219048270278544691148360
5133 0
5134 6544641236650981884476224857084634
5135 0
5136 114257459674336887036962517760878
5137 0
5138 395077931627524668980098204142
5139 0
5140 270570513988754468891033232
5141 0
5142 36700979041412784195188
5143 0
5144 985994109989321348
5145 0
5146 5246509693234
5147 0
5148 5529280
5149 0
5150 2
