1 0
2 0
3 1
4 1
5 2
6 2
7 4
8 5
9 7
10 8
11 12
12 14
13 19
14 21
15 26
16 30
17 38
18 42
19 52
20 60
21 70
22 76
23 90
24 98
25 113
26 122
27 138
28 152
29 173
30 186
31 210
32 226
33 249
34 265
35 306
36 324
37 357
38 377
39 410
40 442
41 482
42 514
43 558
44 592
45 645
46 675
47 727
48 759
49 813
50 848
51 902
52 950
53 1015
54 1053
55 1140
56 1210
57 1277
58 1326
59 1406
60 1470
61 1555
62 1611
63 1727
64 1791
65 1907
66 1980
67 2082
68 2162
69 2258
70 2357
71 2471
72 2573
73 2693
74 2774
75 2903
76 3001
77 3205
78 3304
79 3444
80 3572
81 3700
82 3800
83 3954
84 4096
85 4284
86 4394
87 4545
88 4735
89 4911
90 5056
91 5327
92 5469
93 5641
94 5773
95 6002
96 6130
97 6338
98 6480
99 6809
100 7009
101 7234
102 7396
103 7630
104 7878
105 8218
106 8387
107 8639
108 8801
109 9062
110 9347
111 9590
112 9878
113 10158
114 10361
115 10684
116 10908
117 11337
118 11547
119 11975
120 12255
121 12571
122 12796
123 13092
124 13346
125 13671
126 13989
127 14341
128 14597
129 14922
130 15300
131 15674
132 16020
133 16534
134 16806
135 17273
136 17673
137 18081
138 18373
139 18793
140 19299
141 19685
142 19991
143 20882
144 21290
145 21786
146 22110
147 22586
148 22946
149 23427
150 23748
151 24242
152 24728
153 25394
154 25954
155 26519
156 27047
157 27580
158 27960
159 28449
160 28961
161 29680
162 30038
163 30612
164 31052
165 31916
166 32336
167 32938
168 33562
169 34173
170 34769
171 35576
172 36058
173 36703
174 37156
175 38177
176 38995
177 39598
178 40082
179 40772
180 41468
181 42173
182 43008
183 43653
184 44331
185 45117
186 45633
187 46981
188 47555
189 48579
190 49304
191 50088
192 50600
193 51400
194 51976
195 53256
196 53990
197 54823
198 55684
199 56534
200 57396
201 58171
202 58796
203 59881
204 60713
205 61665
206 62315
207 63431
208 64627
209 66236
210 67250
211 68204
212 68932
213 69800
214 70502
215 71543
216 72461
217 73684
218 74413
219 75331
220 76731
221 78827
222 79552
223 80616
224 81768
225 83205
226 83989
227 85091
228 86093
229 87214
230 88237
231 90045
232 91077
233 92237
234 93466
235 94699
236 95597
237 96669
238 98121
239 99341
240 100633
241 101873
242 102767
243 103881
244 104841
245 106772
246 107658
247 110149
248 111315
249 112496
250 113421
251 114765
252 116203
253 118393
254 119385
255 121699
256 122723
257 124131
258 125106
259 126789
260 128779
261 130454
262 131510
263 132984
264 134584
265 136132
266 137872
267 139228
268 140382
269 141923
270 143238
271 144802
272 146978
273 149554
274 150710
275 153307
276 154709
277 156342
278 157532
279 159420
280 161672
281 163352
282 164510
283 166214
284 167508
285 170290
286 172465
287 174495
288 176127
289 177895
290 179445
291 181053
292 182421
293 184246
294 185780
295 187681
296 189297
297 192312
298 193681
299 197026
300 198786
301 201002
302 202408
303 204149
304 206743
305 208773
306 210839
307 212841
308 215537
309 217347
310 219094
311 221148
312 223500
313 225580
314 227101
315 230851
