1 1
2 1
3 2
4 2
5 2
6 1
7 1
8 2
9 3
10 1
11 3
12 1
13 3
14 2
15 2
16 1
17 3
18 2
19 3
20 2
21 3
22 1
23 3
24 3
25 1
26 3
27 1
28 2
29 3
30 2
31 3
32 2
33 1
34 1
35 2
36 3
37 4
38 1
39 2
40 4
41 1
42 2
43 4
44 3
45 1
46 3
47 2
48 4
49 1
50 3
51 4
52 1
53 3
54 4
55 2
56 1
57 4
58 1
59 4
60 2
61 1
62 4
63 2
64 3
65 1
66 4
67 3
68 1
69 4
70 3
71 2
72 2
73 1
74 3
75 4
76 2
77 1
78 4
79 2
80 1
81 4
82 3
83 2
84 3
85 1
86 4
87 2
88 3
89 4
90 2
91 3
92 4
93 1
94 2
95 4
96 2
97 4
98 1
99 2
100 4
101 1
102 3
103 2
104 4
105 3
106 2
107 4
108 3
109 1
110 3
111 1
112 2
113 4
114 3
115 1
116 4
117 3
118 1
119 4
120 2
121 3
122 2
123 1
124 4
125 3
126 2
127 4
128 3
129 2
130 4
131 1
132 3
133 4
134 3
135 4
136 1
137 3
138 4
139 1
140 2
141 3
142 4
143 2
144 3
145 4
146 2
147 1
148 4
149 4
150 1
151 4
152 1
153 2
154 4
155 1
156 2
157 3
158 4
159 1
160 3
161 4
162 1
163 3
164 2
165 4
166 2
167 4
168 2
169 1
170 4
171 2
172 1
173 3
174 4
175 2
176 3
177 4
178 2
179 3
180 1
181 4
182 3
183 4
184 3
185 1
186 4
187 3
188 1
189 2
190 4
191 3
192 2
193 4
194 3
195 2
196 1
197 1
198 2
199 3
200 4
201 5
202 1
203 2
204 3
205 5
206 1
207 2
208 3
209 5
210 4
211 1
212 2
213 4
214 3
215 5
216 1
217 2
218 4
219 5
220 1
221 2
222 4
223 5
224 3
225 1
226 2
227 5
228 1
229 2
230 5
231 3
232 1
233 2
234 5
235 3
236 4
237 1
238 2
239 5
240 4
241 1
242 2
243 5
244 4
245 3
246 1
247 3
248 2
249 4
250 5
251 1
252 3
253 2
254 5
255 1
256 3
257 2
258 5
259 4
260 1
261 3
262 4
263 2
264 5
265 1
266 3
267 4
268 5
269 1
270 3
271 4
272 5
273 2
274 1
275 3
276 5
277 1
278 3
279 5
280 2
281 1
282 3
283 5
284 2
285 4
286 1
287 3
288 5
289 4
290 1
291 3
292 5
293 4
294 2
295 1
296 4
297 2
298 3
299 5
300 1
301 4
302 2
303 5
304 1
305 4
306 2
307 5
308 3
309 1
310 4
311 3
312 2
313 5
314 1
315 4
316 3
317 5
318 1
319 4
320 3
321 5
322 2
323 1
324 4
325 5
326 1
327 4
328 5
329 2
330 1
331 4
332 5
333 2
334 3
335 1
336 4
337 5
338 3
339 1
340 4
341 5
342 3
343 2
344 1
345 5
346 1
347 5
348 2
349 1
350 5
351 2
352 3
353 1
354 5
355 2
356 3
357 4
358 1
359 5
360 2
361 4
362 1
363 5
364 2
365 4
366 3
367 1
368 5
369 3
370 1
371 5
372 3
373 2
374 1
375 5
376 3
377 2
378 4
379 1
380 5
381 3
382 4
383 1
384 5
385 3
386 4
387 2
388 1
389 5
390 4
391 1
392 5
393 4
394 2
395 1
396 5
397 4
398 2
399 3
400 1
401 5
402 4
403 3
404 1
405 5
406 4
407 3
408 2
409 2
410 1
411 3
412 4
413 5
414 2
415 1
416 3
417 5
418 2
419 1
420 3
421 5
422 4
423 2
424 1
425 4
426 3
427 5
428 2
429 1
430 4
431 5
432 2
433 1
434 4
435 5
436 3
437 2
438 1
439 5
440 2
441 1
442 5
443 3
444 2
445 1
446 5
447 3
448 4
449 2
450 1
451 5
452 4
453 2
454 1
455 5
456 4
457 3
458 2
459 3
460 1
461 4
462 5
463 2
464 3
465 1
466 5
467 2
468 3
469 1
470 5
471 4
472 2
473 3
474 4
475 1
476 5
477 2
478 3
479 4
480 5
481 2
482 3
483 4
484 5
485 1
486 2
487 3
488 5
489 2
490 3
491 5
492 1
493 2
494 3
495 5
496 1
497 4
498 2
499 3
500 5
501 4
502 2
503 3
504 5
505 4
506 1
507 2
508 4
509 1
510 3
511 5
512 2
513 4
514 1
515 5
516 2
517 4
518 1
519 5
520 3
521 2
522 4
523 3
524 1
525 5
526 2
527 4
528 3
529 5
530 2
531 4
532 3
533 5
534 1
535 2
536 4
537 5
538 2
539 4
540 5
541 1
542 2
543 4
544 5
545 1
546 3
547 2
548 4
549 5
550 3
551 2
552 4
553 5
554 3
555 1
556 2
557 5
558 2
559 5
560 1
561 2
562 5
563 1
564 3
565 2
566 5
567 1
568 3
569 4
570 2
571 5
572 1
573 4
574 2
575 5
576 1
577 4
578 3
579 2
580 5
581 3
582 2
583 5
584 3
585 1
586 2
587 5
588 3
589 1
590 4
591 2
592 5
593 3
594 4
595 2
596 5
597 3
598 4
599 1
600 2
601 5
602 4
603 2
604 5
605 4
606 1
607 2
608 5
609 4
610 1
611 3
612 2
613 5
614 4
615 3
616 2
617 5
618 4
619 3
620 1
621 3
622 1
623 2
624 4
625 5
626 3
627 1
628 2
629 5
630 3
631 1
632 2
633 5
634 4
635 3
636 1
637 4
638 2
639 5
640 3
641 1
642 4
643 5
644 3
645 1
646 4
647 5
648 2
649 3
650 1
651 5
652 3
653 1
654 5
655 2
656 3
657 1
658 5
659 2
660 4
661 3
662 1
663 5
664 4
665 3
666 1
667 5
668 4
669 2
670 3
671 2
672 1
673 4
674 5
675 3
676 2
677 1
678 5
679 3
680 2
681 1
682 5
683 4
684 3
685 2
686 4
687 1
688 5
689 3
690 2
691 4
692 5
693 3
694 2
695 4
696 5
697 1
698 3
699 2
700 5
701 3
702 2
703 5
704 1
705 3
706 2
707 5
708 1
709 4
710 3
711 2
712 5
713 4
714 3
715 2
716 5
717 4
718 1
719 3
720 4
721 1
722 2
723 5
724 3
725 4
726 1
727 5
728 3
729 4
730 1
731 5
732 2
733 3
734 4
735 2
736 1
737 5
738 3
739 4
740 2
741 5
742 3
743 4
744 2
745 5
746 1
747 3
748 4
749 5
750 3
751 4
752 5
753 1
754 3
755 4
756 5
757 1
758 2
759 3
760 4
761 5
762 2
763 3
764 4
765 5
766 2
767 1
768 3
769 5
770 3
771 5
772 1
773 3
774 5
775 1
776 2
777 3
778 5
779 1
780 2
781 4
782 3
783 5
784 1
785 4
786 3
787 5
788 1
789 4
790 2
791 3
792 5
793 2
794 3
795 5
796 2
797 1
798 3
799 5
800 2
801 1
802 4
803 3
804 5
805 2
806 4
807 3
808 5
809 2
810 4
811 1
812 3
813 5
814 4
815 3
816 5
817 4
818 1
819 3
820 5
821 4
822 1
823 2
824 3
825 5
826 4
827 2
828 3
829 5
830 4
831 2
832 1
833 4
834 1
835 2
836 3
837 5
838 4
839 1
840 2
841 5
842 4
843 1
844 2
845 5
846 3
847 4
848 1
849 3
850 2
851 5
852 4
853 1
854 3
855 5
856 4
857 1
858 3
859 5
860 2
861 4
862 1
863 5
864 4
865 1
866 5
867 2
868 4
869 1
870 5
871 2
872 3
873 4
874 1
875 5
876 3
877 4
878 1
879 5
880 3
881 2
882 4
883 2
884 1
885 3
886 5
887 4
888 2
889 1
890 5
891 4
892 2
893 1
894 5
895 3
896 4
897 2
898 3
899 1
900 5
901 4
902 2
903 3
904 5
905 4
906 2
907 3
908 5
909 1
910 4
911 2
912 5
913 4
914 2
915 5
916 1
917 4
918 2
919 5
920 1
921 3
922 4
923 2
924 5
925 3
926 4
927 2
928 5
929 3
930 1
931 4
932 3
933 1
934 2
935 5
936 4
937 3
938 1
939 5
940 4
941 3
942 1
943 5
944 2
945 4
946 3
947 2
948 1
949 5
950 4
951 3
952 2
953 5
954 4
955 3
956 2
957 5
958 1
959 4
960 3
961 5
962 4
963 3
964 5
965 1
966 4
967 3
968 5
969 1
970 2
971 4
972 3
973 5
974 2
975 4
976 3
977 5
978 2
979 1
980 4
981 5
982 4
983 5
984 1
985 4
986 5
987 1
988 2
989 4
990 5
991 1
992 2
993 3
994 4
995 5
996 1
997 3
998 4
999 5
1000 1
1001 3
1002 2
1003 4
1004 5
1005 2
1006 4
1007 5
1008 2
1009 1
1010 4
1011 5
1012 2
1013 1
1014 3
1015 4
1016 5
1017 2
1018 3
1019 4
1020 5
1021 2
1022 3
1023 1
1024 4
1025 5
1026 3
1027 4
1028 5
1029 3
1030 1
1031 4
1032 5
1033 3
1034 1
1035 2
1036 4
1037 5
1038 3
1039 2
1040 4
1041 5
1042 3
1043 2
1044 1
1045 5
1046 5
1047 1
1048 5
1049 1
1050 2
1051 5
1052 1
1053 2
1054 3
1055 5
1056 1
1057 2
1058 3
1059 4
1060 5
1061 1
1062 2
1063 4
1064 5
1065 1
1066 2
1067 4
1068 3
1069 5
1070 1
1071 3
1072 5
1073 1
1074 3
1075 2
1076 5
1077 1
1078 3
1079 2
1080 4
1081 5
1082 1
1083 3
1084 4
1085 5
1086 1
1087 3
1088 4
1089 2
1090 5
1091 1
1092 4
1093 5
1094 1
1095 4
1096 2
1097 5
1098 1
1099 4
1100 2
1101 3
1102 5
1103 1
1104 4
1105 3
1106 5
1107 1
1108 4
1109 3
1110 2
1111 5
1112 2
1113 5
1114 2
1115 1
1116 5
1117 2
1118 1
1119 3
1120 5
1121 2
1122 1
1123 3
1124 4
1125 5
1126 2
1127 1
1128 4
1129 5
1130 2
1131 1
1132 4
1133 3
1134 5
1135 2
1136 3
1137 5
1138 2
1139 3
1140 1
1141 5
1142 2
1143 3
1144 1
1145 4
1146 5
1147 2
1148 3
1149 4
1150 5
1151 2
1152 3
1153 4
1154 1
1155 5
1156 2
1157 4
1158 5
1159 2
1160 4
1161 1
1162 5
1163 2
1164 4
1165 1
1166 3
1167 5
1168 2
1169 4
1170 3
1171 5
1172 2
1173 4
1174 3
1175 1
1176 5
1177 3
1178 5
1179 3
1180 1
1181 5
1182 3
1183 1
1184 2
1185 5
1186 3
1187 1
1188 2
1189 4
1190 5
1191 3
1192 1
1193 4
1194 5
1195 3
1196 1
1197 4
1198 2
1199 5
1200 3
1201 2
1202 5
1203 3
1204 2
1205 1
1206 5
1207 3
1208 2
1209 1
1210 4
1211 5
1212 3
1213 2
1214 4
1215 5
1216 3
1217 2
1218 4
1219 1
1220 5
1221 3
1222 4
1223 5
1224 3
1225 4
1226 1
1227 5
1228 3
1229 4
1230 1
1231 2
1232 5
1233 3
1234 4
1235 2
1236 5
1237 3
1238 4
1239 2
1240 1
1241 5
1242 4
1243 5
1244 4
1245 1
1246 5
1247 4
1248 1
1249 2
1250 5
1251 4
1252 1
1253 2
1254 3
1255 5
1256 4
1257 1
1258 3
1259 5
1260 4
1261 1
1262 3
1263 2
1264 5
1265 4
1266 2
1267 5
1268 4
1269 2
1270 1
1271 5
1272 4
1273 2
1274 1
1275 3
1276 5
1277 4
1278 2
1279 3
1280 5
1281 4
1282 2
1283 3
1284 1
1285 5
1286 4
1287 3
1288 5
1289 4
1290 3
1291 1
1292 5
1293 4
1294 3
1295 1
1296 2
1297 5
1298 4
1299 3
1300 2
1301 5
1302 4
1303 3
1304 2
1305 1
1306 1
1307 2
1308 3
1309 4
1310 5
1311 6
1312 1
1313 2
1314 3
1315 4
1316 6
1317 1
1318 2
1319 3
1320 4
1321 6
1322 5
1323 1
1324 2
1325 3
1326 5
1327 4
1328 6
1329 1
1330 2
1331 3
1332 5
1333 6
1334 1
1335 2
1336 3
1337 5
1338 6
1339 4
1340 1
1341 2
1342 3
1343 6
1344 1
1345 2
1346 3
1347 6
1348 4
1349 1
1350 2
1351 3
1352 6
1353 4
1354 5
1355 1
1356 2
1357 3
1358 6
1359 5
1360 1
1361 2
1362 3
1363 6
1364 5
1365 4
1366 1
1367 2
1368 4
1369 3
1370 5
1371 6
1372 1
1373 2
1374 4
1375 3
1376 6
1377 1
1378 2
1379 4
1380 3
1381 6
1382 5
1383 1
1384 2
1385 4
1386 5
1387 3
1388 6
1389 1
1390 2
1391 4
1392 5
1393 6
1394 1
1395 2
1396 4
1397 5
1398 6
1399 3
1400 1
1401 2
1402 4
1403 6
1404 1
1405 2
1406 4
1407 6
1408 3
1409 1
1410 2
1411 4
1412 6
1413 3
1414 5
1415 1
1416 2
1417 4
1418 6
1419 5
1420 1
1421 2
1422 4
1423 6
1424 5
1425 3
1426 1
1427 2
1428 5
1429 3
1430 4
1431 6
1432 1
1433 2
1434 5
1435 3
1436 6
1437 1
1438 2
1439 5
1440 3
1441 6
1442 4
1443 1
1444 2
1445 5
1446 4
1447 3
1448 6
1449 1
1450 2
1451 5
1452 4
1453 6
1454 1
1455 2
1456 5
1457 4
1458 6
1459 3
1460 1
1461 2
1462 5
1463 6
1464 1
1465 2
1466 5
1467 6
1468 3
1469 1
1470 2
1471 5
1472 6
1473 3
1474 4
1475 1
1476 2
1477 5
1478 6
1479 4
1480 1
1481 2
1482 5
1483 6
1484 4
1485 3
1486 1
1487 2
1488 6
1489 1
1490 2
1491 6
1492 3
1493 1
1494 2
1495 6
1496 3
1497 4
1498 1
1499 2
1500 6
1501 3
1502 4
1503 5
1504 1
1505 2
1506 6
1507 3
1508 5
1509 1
1510 2
1511 6
1512 3
1513 5
1514 4
1515 1
1516 2
1517 6
1518 4
1519 1
1520 2
1521 6
1522 4
1523 3
1524 1
1525 2
1526 6
1527 4
1528 3
1529 5
1530 1
1531 2
1532 6
1533 4
1534 5
1535 1
1536 2
1537 6
1538 4
1539 5
1540 3
1541 1
1542 2
1543 6
1544 5
1545 1
1546 2
1547 6
1548 5
1549 3
1550 1
1551 2
1552 6
1553 5
1554 3
1555 4
1556 1
1557 2
1558 6
1559 5
1560 4
1561 1
1562 2
1563 6
1564 5
1565 4
1566 3
1567 1
1568 3
1569 2
1570 4
1571 5
1572 6
1573 1
1574 3
1575 2
1576 4
1577 6
1578 1
1579 3
1580 2
1581 4
1582 6
1583 5
1584 1
1585 3
1586 2
1587 5
1588 4
1589 6
1590 1
1591 3
1592 2
1593 5
1594 6
1595 1
1596 3
1597 2
1598 5
1599 6
1600 4
1601 1
1602 3
1603 2
1604 6
1605 1
1606 3
1607 2
1608 6
1609 4
1610 1
1611 3
1612 2
1613 6
1614 4
1615 5
1616 1
1617 3
1618 2
1619 6
1620 5
1621 1
1622 3
1623 2
1624 6
1625 5
1626 4
1627 1
1628 3
1629 4
1630 2
1631 5
1632 6
1633 1
1634 3
1635 4
1636 2
1637 6
1638 1
1639 3
1640 4
1641 2
1642 6
1643 5
1644 1
1645 3
1646 4
1647 5
1648 2
1649 6
1650 1
1651 3
1652 4
1653 5
1654 6
1655 1
1656 3
1657 4
1658 5
1659 6
1660 2
1661 1
1662 3
1663 4
1664 6
1665 1
1666 3
1667 4
1668 6
1669 2
1670 1
1671 3
1672 4
1673 6
1674 2
1675 5
1676 1
1677 3
1678 4
1679 6
1680 5
1681 1
1682 3
1683 4
1684 6
1685 5
1686 2
1687 1
1688 3
1689 5
1690 2
1691 4
1692 6
1693 1
1694 3
1695 5
1696 2
1697 6
1698 1
1699 3
1700 5
1701 2
1702 6
1703 4
1704 1
1705 3
1706 5
1707 4
1708 2
1709 6
1710 1
1711 3
1712 5
1713 4
1714 6
1715 1
1716 3
1717 5
1718 4
1719 6
1720 2
1721 1
1722 3
1723 5
1724 6
1725 1
1726 3
1727 5
1728 6
1729 2
1730 1
1731 3
1732 5
1733 6
1734 2
1735 4
1736 1
1737 3
1738 5
1739 6
1740 4
1741 1
1742 3
1743 5
1744 6
1745 4
1746 2
1747 1
1748 3
1749 6
1750 1
1751 3
1752 6
1753 2
1754 1
1755 3
1756 6
1757 2
1758 4
1759 1
1760 3
1761 6
1762 2
1763 4
1764 5
1765 1
1766 3
1767 6
1768 2
1769 5
1770 1
1771 3
1772 6
1773 2
1774 5
1775 4
1776 1
1777 3
1778 6
1779 4
1780 1
1781 3
1782 6
1783 4
1784 2
1785 1
1786 3
1787 6
1788 4
1789 2
1790 5
1791 1
1792 3
1793 6
1794 4
1795 5
1796 1
1797 3
1798 6
1799 4
1800 5
1801 2
1802 1
1803 3
1804 6
1805 5
1806 1
1807 3
1808 6
1809 5
1810 2
1811 1
1812 3
1813 6
1814 5
1815 2
1816 4
1817 1
1818 3
1819 6
1820 5
1821 4
1822 1
1823 3
1824 6
1825 5
1826 4
1827 2
1828 1
1829 4
1830 2
1831 3
1832 5
1833 6
1834 1
1835 4
1836 2
1837 3
1838 6
1839 1
1840 4
1841 2
1842 3
1843 6
1844 5
1845 1
1846 4
1847 2
1848 5
1849 3
1850 6
1851 1
1852 4
1853 2
1854 5
1855 6
1856 1
1857 4
1858 2
1859 5
1860 6
1861 3
1862 1
1863 4
1864 2
1865 6
1866 1
1867 4
1868 2
1869 6
1870 3
1871 1
1872 4
1873 2
1874 6
1875 3
1876 5
1877 1
1878 4
1879 2
1880 6
1881 5
1882 1
1883 4
1884 2
1885 6
1886 5
1887 3
1888 1
1889 4
1890 3
1891 2
1892 5
1893 6
1894 1
1895 4
1896 3
1897 2
1898 6
1899 1
1900 4
1901 3
1902 2
1903 6
1904 5
1905 1
1906 4
1907 3
1908 5
1909 2
1910 6
1911 1
1912 4
1913 3
1914 5
1915 6
1916 1
1917 4
1918 3
1919 5
1920 6
1921 2
1922 1
1923 4
1924 3
1925 6
1926 1
1927 4
1928 3
1929 6
1930 2
1931 1
1932 4
1933 3
1934 6
1935 2
1936 5
1937 1
1938 4
1939 3
1940 6
1941 5
1942 1
1943 4
1944 3
1945 6
1946 5
1947 2
1948 1
1949 4
1950 5
1951 2
1952 3
1953 6
1954 1
1955 4
1956 5
1957 2
1958 6
1959 1
1960 4
1961 5
1962 2
1963 6
1964 3
1965 1
1966 4
1967 5
1968 3
1969 2
1970 6
1971 1
1972 4
1973 5
1974 3
1975 6
1976 1
1977 4
1978 5
1979 3
1980 6
1981 2
1982 1
1983 4
1984 5
1985 6
1986 1
1987 4
1988 5
1989 6
1990 2
1991 1
1992 4
1993 5
1994 6
1995 2
1996 3
1997 1
1998 4
1999 5
2000 6
2001 3
2002 1
2003 4
2004 5
2005 6
2006 3
2007 2
2008 1
2009 4
2010 6
2011 1
2012 4
2013 6
2014 2
2015 1
2016 4
2017 6
2018 2
2019 3
2020 1
2021 4
2022 6
2023 2
2024 3
2025 5
2026 1
2027 4
2028 6
2029 2
2030 5
2031 1
2032 4
2033 6
2034 2
2035 5
2036 3
2037 1
2038 4
2039 6
2040 3
2041 1
2042 4
2043 6
2044 3
2045 2
2046 1
2047 4
2048 6
2049 3
2050 2
2051 5
2052 1
2053 4
2054 6
2055 3
2056 5
2057 1
2058 4
2059 6
2060 3
2061 5
2062 2
2063 1
2064 4
2065 6
2066 5
2067 1
2068 4
2069 6
2070 5
2071 2
2072 1
2073 4
2074 6
2075 5
2076 2
2077 3
2078 1
2079 4
2080 6
2081 5
2082 3
2083 1
2084 4
2085 6
2086 5
2087 3
2088 2
2089 1
2090 5
2091 2
2092 3
2093 4
2094 6
2095 1
2096 5
2097 2
2098 3
2099 6
2100 1
2101 5
2102 2
2103 3
2104 6
2105 4
2106 1
2107 5
2108 2
2109 4
2110 3
2111 6
2112 1
2113 5
2114 2
2115 4
2116 6
2117 1
2118 5
2119 2
2120 4
2121 6
2122 3
2123 1
2124 5
2125 2
2126 6
2127 1
2128 5
2129 2
2130 6
2131 3
2132 1
2133 5
2134 2
2135 6
2136 3
2137 4
2138 1
2139 5
2140 2
2141 6
2142 4
2143 1
2144 5
2145 2
2146 6
2147 4
2148 3
2149 1
2150 5
2151 3
2152 2
2153 4
2154 6
2155 1
2156 5
2157 3
2158 2
2159 6
2160 1
2161 5
2162 3
2163 2
2164 6
2165 4
2166 1
2167 5
2168 3
2169 4
2170 2
2171 6
2172 1
2173 5
2174 3
2175 4
2176 6
2177 1
2178 5
2179 3
2180 4
2181 6
2182 2
2183 1
2184 5
2185 3
2186 6
2187 1
2188 5
2189 3
2190 6
2191 2
2192 1
2193 5
2194 3
2195 6
2196 2
2197 4
2198 1
2199 5
2200 3
2201 6
2202 4
2203 1
2204 5
2205 3
2206 6
2207 4
2208 2
2209 1
2210 5
2211 4
2212 2
2213 3
2214 6
2215 1
2216 5
2217 4
2218 2
2219 6
2220 1
2221 5
2222 4
2223 2
2224 6
2225 3
2226 1
2227 5
2228 4
2229 3
2230 2
2231 6
2232 1
2233 5
2234 4
2235 3
2236 6
2237 1
2238 5
2239 4
2240 3
2241 6
2242 2
2243 1
2244 5
2245 4
2246 6
2247 1
2248 5
2249 4
2250 6
2251 2
2252 1
2253 5
2254 4
2255 6
2256 2
2257 3
2258 1
2259 5
2260 4
2261 6
2262 3
2263 1
2264 5
2265 4
2266 6
2267 3
2268 2
2269 1
2270 5
2271 6
2272 1
2273 5
2274 6
2275 2
2276 1
2277 5
2278 6
2279 2
2280 3
2281 1
2282 5
2283 6
2284 2
2285 3
2286 4
2287 1
2288 5
2289 6
2290 2
2291 4
2292 1
2293 5
2294 6
2295 2
2296 4
2297 3
2298 1
2299 5
2300 6
2301 3
2302 1
2303 5
2304 6
2305 3
2306 2
2307 1
2308 5
2309 6
2310 3
2311 2
2312 4
2313 1
2314 5
2315 6
2316 3
2317 4
2318 1
2319 5
2320 6
2321 3
2322 4
2323 2
2324 1
2325 5
2326 6
2327 4
2328 1
2329 5
2330 6
2331 4
2332 2
2333 1
2334 5
2335 6
2336 4
2337 2
2338 3
2339 1
2340 5
2341 6
2342 4
2343 3
2344 1
2345 5
2346 6
2347 4
2348 3
2349 2
2350 1
2351 6
2352 1
2353 6
2354 2
2355 1
2356 6
2357 2
2358 3
2359 1
2360 6
2361 2
2362 3
2363 4
2364 1
2365 6
2366 2
2367 3
2368 4
2369 5
2370 1
2371 6
2372 2
2373 3
2374 5
2375 1
2376 6
2377 2
2378 3
2379 5
2380 4
2381 1
2382 6
2383 2
2384 4
2385 1
2386 6
2387 2
2388 4
2389 3
2390 1
2391 6
2392 2
2393 4
2394 3
2395 5
2396 1
2397 6
2398 2
2399 4
2400 5
2401 1
2402 6
2403 2
2404 4
2405 5
2406 3
2407 1
2408 6
2409 2
2410 5
2411 1
2412 6
2413 2
2414 5
2415 3
2416 1
2417 6
2418 2
2419 5
2420 3
2421 4
2422 1
2423 6
2424 2
2425 5
2426 4
2427 1
2428 6
2429 2
2430 5
2431 4
2432 3
2433 1
2434 6
2435 3
2436 1
2437 6
2438 3
2439 2
2440 1
2441 6
2442 3
2443 2
2444 4
2445 1
2446 6
2447 3
2448 2
2449 4
2450 5
2451 1
2452 6
2453 3
2454 2
2455 5
2456 1
2457 6
2458 3
2459 2
2460 5
2461 4
2462 1
2463 6
2464 3
2465 4
2466 1
2467 6
2468 3
2469 4
2470 2
2471 1
2472 6
2473 3
2474 4
2475 2
2476 5
2477 1
2478 6
2479 3
2480 4
2481 5
2482 1
2483 6
2484 3
2485 4
2486 5
2487 2
2488 1
2489 6
2490 3
2491 5
2492 1
2493 6
2494 3
2495 5
2496 2
2497 1
2498 6
2499 3
2500 5
2501 2
2502 4
2503 1
2504 6
2505 3
2506 5
2507 4
2508 1
2509 6
2510 3
2511 5
2512 4
2513 2
2514 1
2515 6
2516 4
2517 1
2518 6
2519 4
2520 2
2521 1
2522 6
2523 4
2524 2
2525 3
2526 1
2527 6
2528 4
2529 2
2530 3
2531 5
2532 1
2533 6
2534 4
2535 2
2536 5
2537 1
2538 6
2539 4
2540 2
2541 5
2542 3
2543 1
2544 6
2545 4
2546 3
2547 1
2548 6
2549 4
2550 3
2551 2
2552 1
2553 6
2554 4
2555 3
2556 2
2557 5
2558 1
2559 6
2560 4
2561 3
2562 5
2563 1
2564 6
2565 4
2566 3
2567 5
2568 2
2569 1
2570 6
2571 4
2572 5
2573 1
2574 6
2575 4
2576 5
2577 2
2578 1
2579 6
2580 4
2581 5
2582 2
2583 3
2584 1
2585 6
2586 4
2587 5
2588 3
2589 1
2590 6
2591 4
2592 5
2593 3
2594 2
2595 1
2596 6
2597 5
2598 1
2599 6
2600 5
2601 2
2602 1
2603 6
2604 5
2605 2
2606 3
2607 1
2608 6
2609 5
2610 2
2611 3
2612 4
2613 1
2614 6
2615 5
2616 2
2617 4
2618 1
2619 6
2620 5
2621 2
2622 4
2623 3
2624 1
2625 6
2626 5
2627 3
2628 1
2629 6
2630 5
2631 3
2632 2
2633 1
2634 6
2635 5
2636 3
2637 2
2638 4
2639 1
2640 6
2641 5
2642 3
2643 4
2644 1
2645 6
2646 5
2647 3
2648 4
2649 2
2650 1
2651 6
2652 5
2653 4
2654 1
2655 6
2656 5
2657 4
2658 2
2659 1
2660 6
2661 5
2662 4
2663 2
2664 3
2665 1
2666 6
2667 5
2668 4
2669 3
2670 1
2671 6
2672 5
2673 4
2674 3
2675 2
2676 2
2677 1
2678 3
2679 4
2680 5
2681 6
2682 2
2683 1
2684 3
2685 4
2686 6
2687 2
2688 1
2689 3
2690 4
2691 6
2692 5
2693 2
2694 1
2695 3
2696 5
2697 4
2698 6
2699 2
2700 1
2701 3
2702 5
2703 6
2704 2
2705 1
2706 3
2707 5
2708 6
2709 4
2710 2
2711 1
2712 3
2713 6
2714 2
2715 1
2716 3
2717 6
2718 4
2719 2
2720 1
2721 3
2722 6
2723 4
2724 5
2725 2
2726 1
2727 3
2728 6
2729 5
2730 2
2731 1
2732 3
2733 6
2734 5
2735 4
2736 2
2737 1
2738 4
2739 3
2740 5
2741 6
2742 2
2743 1
2744 4
2745 3
2746 6
2747 2
2748 1
2749 4
2750 3
2751 6
2752 5
2753 2
2754 1
2755 4
2756 5
2757 3
2758 6
2759 2
2760 1
2761 4
2762 5
2763 6
2764 2
2765 1
2766 4
2767 5
2768 6
2769 3
2770 2
2771 1
2772 4
2773 6
2774 2
2775 1
2776 4
2777 6
2778 3
2779 2
2780 1
2781 4
2782 6
2783 3
2784 5
2785 2
2786 1
2787 4
2788 6
2789 5
2790 2
2791 1
2792 4
2793 6
2794 5
2795 3
2796 2
2797 1
2798 5
2799 3
2800 4
2801 6
2802 2
2803 1
2804 5
2805 3
2806 6
2807 2
2808 1
2809 5
2810 3
2811 6
2812 4
2813 2
2814 1
2815 5
2816 4
2817 3
2818 6
2819 2
2820 1
2821 5
2822 4
2823 6
2824 2
2825 1
2826 5
2827 4
2828 6
2829 3
2830 2
2831 1
2832 5
2833 6
2834 2
2835 1
2836 5
2837 6
2838 3
2839 2
2840 1
2841 5
2842 6
2843 3
2844 4
2845 2
2846 1
2847 5
2848 6
2849 4
2850 2
2851 1
2852 5
2853 6
2854 4
2855 3
2856 2
2857 1
2858 6
2859 2
2860 1
2861 6
2862 3
2863 2
2864 1
2865 6
2866 3
2867 4
2868 2
2869 1
2870 6
2871 3
2872 4
2873 5
2874 2
2875 1
2876 6
2877 3
2878 5
2879 2
2880 1
2881 6
2882 3
2883 5
2884 4
2885 2
2886 1
2887 6
2888 4
2889 2
2890 1
2891 6
2892 4
2893 3
2894 2
2895 1
2896 6
2897 4
2898 3
2899 5
2900 2
2901 1
2902 6
2903 4
2904 5
2905 2
2906 1
2907 6
2908 4
2909 5
2910 3
2911 2
2912 1
2913 6
2914 5
2915 2
2916 1
2917 6
2918 5
2919 3
2920 2
2921 1
2922 6
2923 5
2924 3
2925 4
2926 2
2927 1
2928 6
2929 5
2930 4
2931 2
2932 1
2933 6
2934 5
2935 4
2936 3
2937 2
2938 3
2939 1
2940 4
2941 5
2942 6
2943 2
2944 3
2945 1
2946 4
2947 6
2948 2
2949 3
2950 1
2951 4
2952 6
2953 5
2954 2
2955 3
2956 1
2957 5
2958 4
2959 6
2960 2
2961 3
2962 1
2963 5
2964 6
2965 2
2966 3
2967 1
2968 5
2969 6
2970 4
2971 2
2972 3
2973 1
2974 6
2975 2
2976 3
2977 1
2978 6
2979 4
2980 2
2981 3
2982 1
2983 6
2984 4
2985 5
2986 2
2987 3
2988 1
2989 6
2990 5
2991 2
2992 3
2993 1
2994 6
2995 5
2996 4
2997 2
2998 3
2999 4
3000 1
3001 5
3002 6
3003 2
3004 3
3005 4
3006 1
3007 6
3008 2
3009 3
3010 4
3011 1
3012 6
3013 5
3014 2
3015 3
3016 4
3017 5
3018 1
3019 6
3020 2
3021 3
3022 4
3023 5
3024 6
3025 2
3026 3
3027 4
3028 5
3029 6
3030 1
3031 2
3032 3
3033 4
3034 6
3035 2
3036 3
3037 4
3038 6
3039 1
3040 2
3041 3
3042 4
3043 6
3044 1
3045 5
3046 2
3047 3
3048 4
3049 6
3050 5
3051 2
3052 3
3053 4
3054 6
3055 5
3056 1
3057 2
3058 3
3059 5
3060 1
3061 4
3062 6
3063 2
3064 3
3065 5
3066 1
3067 6
3068 2
3069 3
3070 5
3071 1
3072 6
3073 4
3074 2
3075 3
3076 5
3077 4
3078 1
3079 6
3080 2
3081 3
3082 5
3083 4
3084 6
3085 2
3086 3
3087 5
3088 4
3089 6
3090 1
3091 2
3092 3
3093 5
3094 6
3095 2
3096 3
3097 5
3098 6
3099 1
3100 2
3101 3
3102 5
3103 6
3104 1
3105 4
3106 2
3107 3
3108 5
3109 6
3110 4
3111 2
3112 3
3113 5
3114 6
3115 4
3116 1
3117 2
3118 3
3119 6
3120 2
3121 3
3122 6
3123 1
3124 2
3125 3
3126 6
3127 1
3128 4
3129 2
3130 3
3131 6
3132 1
3133 4
3134 5
3135 2
3136 3
3137 6
3138 1
3139 5
3140 2
3141 3
3142 6
3143 1
3144 5
3145 4
3146 2
3147 3
3148 6
3149 4
3150 2
3151 3
3152 6
3153 4
3154 1
3155 2
3156 3
3157 6
3158 4
3159 1
3160 5
3161 2
3162 3
3163 6
3164 4
3165 5
3166 2
3167 3
3168 6
3169 4
3170 5
3171 1
3172 2
3173 3
3174 6
3175 5
3176 2
3177 3
3178 6
3179 5
3180 1
3181 2
3182 3
3183 6
3184 5
3185 1
3186 4
3187 2
3188 3
3189 6
3190 5
3191 4
3192 2
3193 3
3194 6
3195 5
3196 4
3197 1
3198 2
3199 4
3200 1
3201 3
3202 5
3203 6
3204 2
3205 4
3206 1
3207 3
3208 6
3209 2
3210 4
3211 1
3212 3
3213 6
3214 5
3215 2
3216 4
3217 1
3218 5
3219 3
3220 6
3221 2
3222 4
3223 1
3224 5
3225 6
3226 2
3227 4
3228 1
3229 5
3230 6
3231 3
3232 2
3233 4
3234 1
3235 6
3236 2
3237 4
3238 1
3239 6
3240 3
3241 2
3242 4
3243 1
3244 6
3245 3
3246 5
3247 2
3248 4
3249 1
3250 6
3251 5
3252 2
3253 4
3254 1
3255 6
3256 5
3257 3
3258 2
3259 4
3260 3
3261 1
3262 5
3263 6
3264 2
3265 4
3266 3
3267 1
3268 6
3269 2
3270 4
3271 3
3272 1
3273 6
3274 5
3275 2
3276 4
3277 3
3278 5
3279 1
3280 6
3281 2
3282 4
3283 3
3284 5
3285 6
3286 2
3287 4
3288 3
3289 5
3290 6
3291 1
3292 2
3293 4
3294 3
3295 6
3296 2
3297 4
3298 3
3299 6
3300 1
3301 2
3302 4
3303 3
3304 6
3305 1
3306 5
3307 2
3308 4
3309 3
3310 6
3311 5
3312 2
3313 4
3314 3
3315 6
3316 5
3317 1
3318 2
3319 4
3320 5
3321 1
3322 3
3323 6
3324 2
3325 4
3326 5
3327 1
3328 6
3329 2
3330 4
3331 5
3332 1
3333 6
3334 3
3335 2
3336 4
3337 5
3338 3
3339 1
3340 6
3341 2
3342 4
3343 5
3344 3
3345 6
3346 2
3347 4
3348 5
3349 3
3350 6
3351 1
3352 2
3353 4
3354 5
3355 6
3356 2
3357 4
3358 5
3359 6
3360 1
3361 2
3362 4
3363 5
3364 6
3365 1
3366 3
3367 2
3368 4
3369 5
3370 6
3371 3
3372 2
3373 4
3374 5
3375 6
3376 3
3377 1
3378 2
3379 4
3380 6
3381 2
3382 4
3383 6
3384 1
3385 2
3386 4
3387 6
3388 1
3389 3
3390 2
3391 4
3392 6
3393 1
3394 3
3395 5
3396 2
3397 4
3398 6
3399 1
3400 5
3401 2
3402 4
3403 6
3404 1
3405 5
3406 3
3407 2
3408 4
3409 6
3410 3
3411 2
3412 4
3413 6
3414 3
3415 1
3416 2
3417 4
3418 6
3419 3
3420 1
3421 5
3422 2
3423 4
3424 6
3425 3
3426 5
3427 2
3428 4
3429 6
3430 3
3431 5
3432 1
3433 2
3434 4
3435 6
3436 5
3437 2
3438 4
3439 6
3440 5
3441 1
3442 2
3443 4
3444 6
3445 5
3446 1
3447 3
3448 2
3449 4
3450 6
3451 5
3452 3
3453 2
3454 4
3455 6
3456 5
3457 3
3458 1
3459 2
3460 5
3461 1
3462 3
3463 4
3464 6
3465 2
3466 5
3467 1
3468 3
3469 6
3470 2
3471 5
3472 1
3473 3
3474 6
3475 4
3476 2
3477 5
3478 1
3479 4
3480 3
3481 6
3482 2
3483 5
3484 1
3485 4
3486 6
3487 2
3488 5
3489 1
3490 4
3491 6
3492 3
3493 2
3494 5
3495 1
3496 6
3497 2
3498 5
3499 1
3500 6
3501 3
3502 2
3503 5
3504 1
3505 6
3506 3
3507 4
3508 2
3509 5
3510 1
3511 6
3512 4
3513 2
3514 5
3515 1
3516 6
3517 4
3518 3
3519 2
3520 5
3521 3
3522 1
3523 4
3524 6
3525 2
3526 5
3527 3
3528 1
3529 6
3530 2
3531 5
3532 3
3533 1
3534 6
3535 4
3536 2
3537 5
3538 3
3539 4
3540 1
3541 6
3542 2
3543 5
3544 3
3545 4
3546 6
3547 2
3548 5
3549 3
3550 4
3551 6
3552 1
3553 2
3554 5
3555 3
3556 6
3557 2
3558 5
3559 3
3560 6
3561 1
3562 2
3563 5
3564 3
3565 6
3566 1
3567 4
3568 2
3569 5
3570 3
3571 6
3572 4
3573 2
3574 5
3575 3
3576 6
3577 4
3578 1
3579 2
3580 5
3581 4
3582 1
3583 3
3584 6
3585 2
3586 5
3587 4
3588 1
3589 6
3590 2
3591 5
3592 4
3593 1
3594 6
3595 3
3596 2
3597 5
3598 4
3599 3
3600 1
3601 6
3602 2
3603 5
3604 4
3605 3
3606 6
3607 2
3608 5
3609 4
3610 3
3611 6
3612 1
3613 2
3614 5
3615 4
3616 6
3617 2
3618 5
3619 4
3620 6
3621 1
3622 2
3623 5
3624 4
3625 6
3626 1
3627 3
3628 2
3629 5
3630 4
3631 6
3632 3
3633 2
3634 5
3635 4
3636 6
3637 3
3638 1
3639 2
3640 5
3641 6
3642 2
3643 5
3644 6
3645 1
3646 2
3647 5
3648 6
3649 1
3650 3
3651 2
3652 5
3653 6
3654 1
3655 3
3656 4
3657 2
3658 5
3659 6
3660 1
3661 4
3662 2
3663 5
3664 6
3665 1
3666 4
3667 3
3668 2
3669 5
3670 6
3671 3
3672 2
3673 5
3674 6
3675 3
3676 1
3677 2
3678 5
3679 6
3680 3
3681 1
3682 4
3683 2
3684 5
3685 6
3686 3
3687 4
3688 2
3689 5
3690 6
3691 3
3692 4
3693 1
3694 2
3695 5
3696 6
3697 4
3698 2
3699 5
3700 6
3701 4
3702 1
3703 2
3704 5
3705 6
3706 4
3707 1
3708 3
3709 2
3710 5
3711 6
3712 4
3713 3
3714 2
3715 5
3716 6
3717 4
3718 3
3719 1
3720 2
3721 6
3722 2
3723 6
3724 1
3725 2
3726 6
3727 1
3728 3
3729 2
3730 6
3731 1
3732 3
3733 4
3734 2
3735 6
3736 1
3737 3
3738 4
3739 5
3740 2
3741 6
3742 1
3743 3
3744 5
3745 2
3746 6
3747 1
3748 3
3749 5
3750 4
3751 2
3752 6
3753 1
3754 4
3755 2
3756 6
3757 1
3758 4
3759 3
3760 2
3761 6
3762 1
3763 4
3764 3
3765 5
3766 2
3767 6
3768 1
3769 4
3770 5
3771 2
3772 6
3773 1
3774 4
3775 5
3776 3
3777 2
3778 6
3779 1
3780 5
3781 2
3782 6
3783 1
3784 5
3785 3
3786 2
3787 6
3788 1
3789 5
3790 3
3791 4
3792 2
3793 6
3794 1
3795 5
3796 4
3797 2
3798 6
3799 1
3800 5
3801 4
3802 3
3803 2
3804 6
3805 3
3806 2
3807 6
3808 3
3809 1
3810 2
3811 6
3812 3
3813 1
3814 4
3815 2
3816 6
3817 3
3818 1
3819 4
3820 5
3821 2
3822 6
3823 3
3824 1
3825 5
3826 2
3827 6
3828 3
3829 1
3830 5
3831 4
3832 2
3833 6
3834 3
3835 4
3836 2
3837 6
3838 3
3839 4
3840 1
3841 2
3842 6
3843 3
3844 4
3845 1
3846 5
3847 2
3848 6
3849 3
3850 4
3851 5
3852 2
3853 6
3854 3
3855 4
3856 5
3857 1
3858 2
3859 6
3860 3
3861 5
3862 2
3863 6
3864 3
3865 5
3866 1
3867 2
3868 6
3869 3
3870 5
3871 1
3872 4
3873 2
3874 6
3875 3
3876 5
3877 4
3878 2
3879 6
3880 3
3881 5
3882 4
3883 1
3884 2
3885 6
3886 4
3887 2
3888 6
3889 4
3890 1
3891 2
3892 6
3893 4
3894 1
3895 3
3896 2
3897 6
3898 4
3899 1
3900 3
3901 5
3902 2
3903 6
3904 4
3905 1
3906 5
3907 2
3908 6
3909 4
3910 1
3911 5
3912 3
3913 2
3914 6
3915 4
3916 3
3917 2
3918 6
3919 4
3920 3
3921 1
3922 2
3923 6
3924 4
3925 3
3926 1
3927 5
3928 2
3929 6
3930 4
3931 3
3932 5
3933 2
3934 6
3935 4
3936 3
3937 5
3938 1
3939 2
3940 6
3941 4
3942 5
3943 2
3944 6
3945 4
3946 5
3947 1
3948 2
3949 6
3950 4
3951 5
3952 1
3953 3
3954 2
3955 6
3956 4
3957 5
3958 3
3959 2
3960 6
3961 4
3962 5
3963 3
3964 1
3965 2
3966 6
3967 5
3968 2
3969 6
3970 5
3971 1
3972 2
3973 6
3974 5
3975 1
3976 3
3977 2
3978 6
3979 5
3980 1
3981 3
3982 4
3983 2
3984 6
3985 5
3986 1
3987 4
3988 2
3989 6
3990 5
3991 1
3992 4
3993 3
3994 2
3995 6
3996 5
3997 3
3998 2
3999 6
4000 5
4001 3
4002 1
4003 2
4004 6
4005 5
4006 3
4007 1
4008 4
4009 2
4010 6
4011 5
4012 3
4013 4
4014 2
4015 6
4016 5
4017 3
4018 4
4019 1
4020 2
4021 6
4022 5
4023 4
4024 2
4025 6
4026 5
4027 4
4028 1
4029 2
4030 6
4031 5
4032 4
4033 1
4034 3
4035 2
4036 6
4037 5
4038 4
4039 3
4040 2
4041 6
4042 5
4043 4
4044 3
4045 1
4046 3
4047 1
4048 2
4049 4
4050 5
4051 6
4052 3
4053 1
4054 2
4055 4
4056 6
4057 3
4058 1
4059 2
4060 4
4061 6
4062 5
4063 3
4064 1
4065 2
4066 5
4067 4
4068 6
4069 3
4070 1
4071 2
4072 5
4073 6
4074 3
4075 1
4076 2
4077 5
4078 6
4079 4
4080 3
4081 1
4082 2
4083 6
4084 3
4085 1
4086 2
4087 6
4088 4
4089 3
4090 1
4091 2
4092 6
4093 4
4094 5
4095 3
4096 1
4097 2
4098 6
4099 5
4100 3
4101 1
4102 2
4103 6
4104 5
4105 4
4106 3
4107 1
4108 4
4109 2
4110 5
4111 6
4112 3
4113 1
4114 4
4115 2
4116 6
4117 3
4118 1
4119 4
4120 2
4121 6
4122 5
4123 3
4124 1
4125 4
4126 5
4127 2
4128 6
4129 3
4130 1
4131 4
4132 5
4133 6
4134 3
4135 1
4136 4
4137 5
4138 6
4139 2
4140 3
4141 1
4142 4
4143 6
4144 3
4145 1
4146 4
4147 6
4148 2
4149 3
4150 1
4151 4
4152 6
4153 2
4154 5
4155 3
4156 1
4157 4
4158 6
4159 5
4160 3
4161 1
4162 4
4163 6
4164 5
4165 2
4166 3
4167 1
4168 5
4169 2
4170 4
4171 6
4172 3
4173 1
4174 5
4175 2
4176 6
4177 3
4178 1
4179 5
4180 2
4181 6
4182 4
4183 3
4184 1
4185 5
4186 4
4187 2
4188 6
4189 3
4190 1
4191 5
4192 4
4193 6
4194 3
4195 1
4196 5
4197 4
4198 6
4199 2
4200 3
4201 1
4202 5
4203 6
4204 3
4205 1
4206 5
4207 6
4208 2
4209 3
4210 1
4211 5
4212 6
4213 2
4214 4
4215 3
4216 1
4217 5
4218 6
4219 4
4220 3
4221 1
4222 5
4223 6
4224 4
4225 2
4226 3
4227 1
4228 6
4229 3
4230 1
4231 6
4232 2
4233 3
4234 1
4235 6
4236 2
4237 4
4238 3
4239 1
4240 6
4241 2
4242 4
4243 5
4244 3
4245 1
4246 6
4247 2
4248 5
4249 3
4250 1
4251 6
4252 2
4253 5
4254 4
4255 3
4256 1
4257 6
4258 4
4259 3
4260 1
4261 6
4262 4
4263 2
4264 3
4265 1
4266 6
4267 4
4268 2
4269 5
4270 3
4271 1
4272 6
4273 4
4274 5
4275 3
4276 1
4277 6
4278 4
4279 5
4280 2
4281 3
4282 1
4283 6
4284 5
4285 3
4286 1
4287 6
4288 5
4289 2
4290 3
4291 1
4292 6
4293 5
4294 2
4295 4
4296 3
4297 1
4298 6
4299 5
4300 4
4301 3
4302 1
4303 6
4304 5
4305 4
4306 2
4307 3
4308 2
4309 1
4310 4
4311 5
4312 6
4313 3
4314 2
4315 1
4316 4
4317 6
4318 3
4319 2
4320 1
4321 4
4322 6
4323 5
4324 3
4325 2
4326 1
4327 5
4328 4
4329 6
4330 3
4331 2
4332 1
4333 5
4334 6
4335 3
4336 2
4337 1
4338 5
4339 6
4340 4
4341 3
4342 2
4343 1
4344 6
4345 3
4346 2
4347 1
4348 6
4349 4
4350 3
4351 2
4352 1
4353 6
4354 4
4355 5
4356 3
4357 2
4358 1
4359 6
4360 5
4361 3
4362 2
4363 1
4364 6
4365 5
4366 4
4367 3
4368 2
4369 4
4370 1
4371 5
4372 6
4373 3
4374 2
4375 4
4376 1
4377 6
4378 3
4379 2
4380 4
4381 1
4382 6
4383 5
4384 3
4385 2
4386 4
4387 5
4388 1
4389 6
4390 3
4391 2
4392 4
4393 5
4394 6
4395 3
4396 2
4397 4
4398 5
4399 6
4400 1
4401 3
4402 2
4403 4
4404 6
4405 3
4406 2
4407 4
4408 6
4409 1
4410 3
4411 2
4412 4
4413 6
4414 1
4415 5
4416 3
4417 2
4418 4
4419 6
4420 5
4421 3
4422 2
4423 4
4424 6
4425 5
4426 1
4427 3
4428 2
4429 5
4430 1
4431 4
4432 6
4433 3
4434 2
4435 5
4436 1
4437 6
4438 3
4439 2
4440 5
4441 1
4442 6
4443 4
4444 3
4445 2
4446 5
4447 4
4448 1
4449 6
4450 3
4451 2
4452 5
4453 4
4454 6
4455 3
4456 2
4457 5
4458 4
4459 6
4460 1
4461 3
4462 2
4463 5
4464 6
4465 3
4466 2
4467 5
4468 6
4469 1
4470 3
4471 2
4472 5
4473 6
4474 1
4475 4
4476 3
4477 2
4478 5
4479 6
4480 4
4481 3
4482 2
4483 5
4484 6
4485 4
4486 1
4487 3
4488 2
4489 6
4490 3
4491 2
4492 6
4493 1
4494 3
4495 2
4496 6
4497 1
4498 4
4499 3
4500 2
4501 6
4502 1
4503 4
4504 5
4505 3
4506 2
4507 6
4508 1
4509 5
4510 3
4511 2
4512 6
4513 1
4514 5
4515 4
4516 3
4517 2
4518 6
4519 4
4520 3
4521 2
4522 6
4523 4
4524 1
4525 3
4526 2
4527 6
4528 4
4529 1
4530 5
4531 3
4532 2
4533 6
4534 4
4535 5
4536 3
4537 2
4538 6
4539 4
4540 5
4541 1
4542 3
4543 2
4544 6
4545 5
4546 3
4547 2
4548 6
4549 5
4550 1
4551 3
4552 2
4553 6
4554 5
4555 1
4556 4
4557 3
4558 2
4559 6
4560 5
4561 4
4562 3
4563 2
4564 6
4565 5
4566 4
4567 1
4568 3
4569 4
4570 1
4571 2
4572 5
4573 6
4574 3
4575 4
4576 1
4577 2
4578 6
4579 3
4580 4
4581 1
4582 2
4583 6
4584 5
4585 3
4586 4
4587 1
4588 5
4589 2
4590 6
4591 3
4592 4
4593 1
4594 5
4595 6
4596 3
4597 4
4598 1
4599 5
4600 6
4601 2
4602 3
4603 4
4604 1
4605 6
4606 3
4607 4
4608 1
4609 6
4610 2
4611 3
4612 4
4613 1
4614 6
4615 2
4616 5
4617 3
4618 4
4619 1
4620 6
4621 5
4622 3
4623 4
4624 1
4625 6
4626 5
4627 2
4628 3
4629 4
4630 2
4631 1
4632 5
4633 6
4634 3
4635 4
4636 2
4637 1
4638 6
4639 3
4640 4
4641 2
4642 1
4643 6
4644 5
4645 3
4646 4
4647 2
4648 5
4649 1
4650 6
4651 3
4652 4
4653 2
4654 5
4655 6
4656 3
4657 4
4658 2
4659 5
4660 6
4661 1
4662 3
4663 4
4664 2
4665 6
4666 3
4667 4
4668 2
4669 6
4670 1
4671 3
4672 4
4673 2
4674 6
4675 1
4676 5
4677 3
4678 4
4679 2
4680 6
4681 5
4682 3
4683 4
4684 2
4685 6
4686 5
4687 1
4688 3
4689 4
4690 5
4691 1
4692 2
4693 6
4694 3
4695 4
4696 5
4697 1
4698 6
4699 3
4700 4
4701 5
4702 1
4703 6
4704 2
4705 3
4706 4
4707 5
4708 2
4709 1
4710 6
4711 3
4712 4
4713 5
4714 2
4715 6
4716 3
4717 4
4718 5
4719 2
4720 6
4721 1
4722 3
4723 4
4724 5
4725 6
4726 3
4727 4
4728 5
4729 6
4730 1
4731 3
4732 4
4733 5
4734 6
4735 1
4736 2
4737 3
4738 4
4739 5
4740 6
4741 2
4742 3
4743 4
4744 5
4745 6
4746 2
4747 1
4748 3
4749 4
4750 6
4751 3
4752 4
4753 6
4754 1
4755 3
4756 4
4757 6
4758 1
4759 2
4760 3
4761 4
4762 6
4763 1
4764 2
4765 5
4766 3
4767 4
4768 6
4769 1
4770 5
4771 3
4772 4
4773 6
4774 1
4775 5
4776 2
4777 3
4778 4
4779 6
4780 2
4781 3
4782 4
4783 6
4784 2
4785 1
4786 3
4787 4
4788 6
4789 2
4790 1
4791 5
4792 3
4793 4
4794 6
4795 2
4796 5
4797 3
4798 4
4799 6
4800 2
4801 5
4802 1
4803 3
4804 4
4805 6
4806 5
4807 3
4808 4
4809 6
4810 5
4811 1
4812 3
4813 4
4814 6
4815 5
4816 1
4817 2
4818 3
4819 4
4820 6
4821 5
4822 2
4823 3
4824 4
4825 6
4826 5
4827 2
4828 1
4829 3
4830 5
4831 1
4832 2
4833 4
4834 6
4835 3
4836 5
4837 1
4838 2
4839 6
4840 3
4841 5
4842 1
4843 2
4844 6
4845 4
4846 3
4847 5
4848 1
4849 4
4850 2
4851 6
4852 3
4853 5
4854 1
4855 4
4856 6
4857 3
4858 5
4859 1
4860 4
4861 6
4862 2
4863 3
4864 5
4865 1
4866 6
4867 3
4868 5
4869 1
4870 6
4871 2
4872 3
4873 5
4874 1
4875 6
4876 2
4877 4
4878 3
4879 5
4880 1
4881 6
4882 4
4883 3
4884 5
4885 1
4886 6
4887 4
4888 2
4889 3
4890 5
4891 2
4892 1
4893 4
4894 6
4895 3
4896 5
4897 2
4898 1
4899 6
4900 3
4901 5
4902 2
4903 1
4904 6
4905 4
4906 3
4907 5
4908 2
4909 4
4910 1
4911 6
4912 3
4913 5
4914 2
4915 4
4916 6
4917 3
4918 5
4919 2
4920 4
4921 6
4922 1
4923 3
4924 5
4925 2
4926 6
4927 3
4928 5
4929 2
4930 6
4931 1
4932 3
4933 5
4934 2
4935 6
4936 1
4937 4
4938 3
4939 5
4940 2
4941 6
4942 4
4943 3
4944 5
4945 2
4946 6
4947 4
4948 1
4949 3
4950 5
4951 4
4952 1
4953 2
4954 6
4955 3
4956 5
4957 4
4958 1
4959 6
4960 3
4961 5
4962 4
4963 1
4964 6
4965 2
4966 3
4967 5
4968 4
4969 2
4970 1
4971 6
4972 3
4973 5
4974 4
4975 2
4976 6
4977 3
4978 5
4979 4
4980 2
4981 6
4982 1
4983 3
4984 5
4985 4
4986 6
4987 3
4988 5
4989 4
4990 6
4991 1
4992 3
4993 5
4994 4
4995 6
4996 1
4997 2
4998 3
4999 5
5000 4
5001 6
5002 2
5003 3
5004 5
5005 4
5006 6
5007 2
5008 1
5009 3
5010 5
5011 6
5012 3
5013 5
5014 6
5015 1
5016 3
5017 5
5018 6
5019 1
5020 2
5021 3
5022 5
5023 6
5024 1
5025 2
5026 4
5027 3
5028 5
5029 6
5030 1
5031 4
5032 3
5033 5
5034 6
5035 1
5036 4
5037 2
5038 3
5039 5
5040 6
5041 2
5042 3
5043 5
5044 6
5045 2
5046 1
5047 3
5048 5
5049 6
5050 2
5051 1
5052 4
5053 3
5054 5
5055 6
5056 2
5057 4
5058 3
5059 5
5060 6
5061 2
5062 4
5063 1
5064 3
5065 5
5066 6
5067 4
5068 3
5069 5
5070 6
5071 4
5072 1
5073 3
5074 5
5075 6
5076 4
5077 1
5078 2
5079 3
5080 5
5081 6
5082 4
5083 2
5084 3
5085 5
5086 6
5087 4
5088 2
5089 1
5090 3
5091 6
5092 3
5093 6
5094 1
5095 3
5096 6
5097 1
5098 2
5099 3
5100 6
5101 1
5102 2
5103 4
5104 3
5105 6
5106 1
5107 2
5108 4
5109 5
5110 3
5111 6
5112 1
5113 2
5114 5
5115 3
5116 6
5117 1
5118 2
5119 5
5120 4
5121 3
5122 6
5123 1
5124 4
5125 3
5126 6
5127 1
5128 4
5129 2
5130 3
5131 6
5132 1
5133 4
5134 2
5135 5
5136 3
5137 6
5138 1
5139 4
5140 5
5141 3
5142 6
5143 1
5144 4
5145 5
5146 2
5147 3
5148 6
5149 1
5150 5
5151 3
5152 6
5153 1
5154 5
5155 2
5156 3
5157 6
5158 1
5159 5
5160 2
5161 4
5162 3
5163 6
5164 1
5165 5
5166 4
5167 3
5168 6
5169 1
5170 5
5171 4
5172 2
5173 3
5174 6
5175 2
5176 3
5177 6
5178 2
5179 1
5180 3
5181 6
5182 2
5183 1
5184 4
5185 3
5186 6
5187 2
5188 1
5189 4
5190 5
5191 3
5192 6
5193 2
5194 1
5195 5
5196 3
5197 6
5198 2
5199 1
5200 5
5201 4
5202 3
5203 6
5204 2
5205 4
5206 3
5207 6
5208 2
5209 4
5210 1
5211 3
5212 6
5213 2
5214 4
5215 1
5216 5
5217 3
5218 6
5219 2
5220 4
5221 5
5222 3
5223 6
5224 2
5225 4
5226 5
5227 1
5228 3
5229 6
5230 2
5231 5
5232 3
5233 6
5234 2
5235 5
5236 1
5237 3
5238 6
5239 2
5240 5
5241 1
5242 4
5243 3
5244 6
5245 2
5246 5
5247 4
5248 3
5249 6
5250 2
5251 5
5252 4
5253 1
5254 3
5255 6
5256 4
5257 3
5258 6
5259 4
5260 1
5261 3
5262 6
5263 4
5264 1
5265 2
5266 3
5267 6
5268 4
5269 1
5270 2
5271 5
5272 3
5273 6
5274 4
5275 1
5276 5
5277 3
5278 6
5279 4
5280 1
5281 5
5282 2
5283 3
5284 6
5285 4
5286 2
5287 3
5288 6
5289 4
5290 2
5291 1
5292 3
5293 6
5294 4
5295 2
5296 1
5297 5
5298 3
5299 6
5300 4
5301 2
5302 5
5303 3
5304 6
5305 4
5306 2
5307 5
5308 1
5309 3
5310 6
5311 4
5312 5
5313 3
5314 6
5315 4
5316 5
5317 1
5318 3
5319 6
5320 4
5321 5
5322 1
5323 2
5324 3
5325 6
5326 4
5327 5
5328 2
5329 3
5330 6
5331 4
5332 5
5333 2
5334 1
5335 3
5336 6
5337 5
5338 3
5339 6
5340 5
5341 1
5342 3
5343 6
5344 5
5345 1
5346 2
5347 3
5348 6
5349 5
5350 1
5351 2
5352 4
5353 3
5354 6
5355 5
5356 1
5357 4
5358 3
5359 6
5360 5
5361 1
5362 4
5363 2
5364 3
5365 6
5366 5
5367 2
5368 3
5369 6
5370 5
5371 2
5372 1
5373 3
5374 6
5375 5
5376 2
5377 1
5378 4
5379 3
5380 6
5381 5
5382 2
5383 4
5384 3
5385 6
5386 5
5387 2
5388 4
5389 1
5390 3
5391 6
5392 5
5393 4
5394 3
5395 6
5396 5
5397 4
5398 1
5399 3
5400 6
5401 5
5402 4
5403 1
5404 2
5405 3
5406 6
5407 5
5408 4
5409 2
5410 3
5411 6
5412 5
5413 4
5414 2
5415 1
5416 4
5417 1
5418 2
5419 3
5420 5
5421 6
5422 4
5423 1
5424 2
5425 3
5426 6
5427 4
5428 1
5429 2
5430 3
5431 6
5432 5
5433 4
5434 1
5435 2
5436 5
5437 3
5438 6
5439 4
5440 1
5441 2
5442 5
5443 6
5444 4
5445 1
5446 2
5447 5
5448 6
5449 3
5450 4
5451 1
5452 2
5453 6
5454 4
5455 1
5456 2
5457 6
5458 3
5459 4
5460 1
5461 2
5462 6
5463 3
5464 5
5465 4
5466 1
5467 2
5468 6
5469 5
5470 4
5471 1
5472 2
5473 6
5474 5
5475 3
5476 4
5477 1
5478 3
5479 2
5480 5
5481 6
5482 4
5483 1
5484 3
5485 2
5486 6
5487 4
5488 1
5489 3
5490 2
5491 6
5492 5
5493 4
5494 1
5495 3
5496 5
5497 2
5498 6
5499 4
5500 1
5501 3
5502 5
5503 6
5504 4
5505 1
5506 3
5507 5
5508 6
5509 2
5510 4
5511 1
5512 3
5513 6
5514 4
5515 1
5516 3
5517 6
5518 2
5519 4
5520 1
5521 3
5522 6
5523 2
5524 5
5525 4
5526 1
5527 3
5528 6
5529 5
5530 4
5531 1
5532 3
5533 6
5534 5
5535 2
5536 4
5537 1
5538 5
5539 2
5540 3
5541 6
5542 4
5543 1
5544 5
5545 2
5546 6
5547 4
5548 1
5549 5
5550 2
5551 6
5552 3
5553 4
5554 1
5555 5
5556 3
5557 2
5558 6
5559 4
5560 1
5561 5
5562 3
5563 6
5564 4
5565 1
5566 5
5567 3
5568 6
5569 2
5570 4
5571 1
5572 5
5573 6
5574 4
5575 1
5576 5
5577 6
5578 2
5579 4
5580 1
5581 5
5582 6
5583 2
5584 3
5585 4
5586 1
5587 5
5588 6
5589 3
5590 4
5591 1
5592 5
5593 6
5594 3
5595 2
5596 4
5597 1
5598 6
5599 4
5600 1
5601 6
5602 2
5603 4
5604 1
5605 6
5606 2
5607 3
5608 4
5609 1
5610 6
5611 2
5612 3
5613 5
5614 4
5615 1
5616 6
5617 2
5618 5
5619 4
5620 1
5621 6
5622 2
5623 5
5624 3
5625 4
5626 1
5627 6
5628 3
5629 4
5630 1
5631 6
5632 3
5633 2
5634 4
5635 1
5636 6
5637 3
5638 2
5639 5
5640 4
5641 1
5642 6
5643 3
5644 5
5645 4
5646 1
5647 6
5648 3
5649 5
5650 2
5651 4
5652 1
5653 6
5654 5
5655 4
5656 1
5657 6
5658 5
5659 2
5660 4
5661 1
5662 6
5663 5
5664 2
5665 3
5666 4
5667 1
5668 6
5669 5
5670 3
5671 4
5672 1
5673 6
5674 5
5675 3
5676 2
5677 4
5678 2
5679 1
5680 3
5681 5
5682 6
5683 4
5684 2
5685 1
5686 3
5687 6
5688 4
5689 2
5690 1
5691 3
5692 6
5693 5
5694 4
5695 2
5696 1
5697 5
5698 3
5699 6
5700 4
5701 2
5702 1
5703 5
5704 6
5705 4
5706 2
5707 1
5708 5
5709 6
5710 3
5711 4
5712 2
5713 1
5714 6
5715 4
5716 2
5717 1
5718 6
5719 3
5720 4
5721 2
5722 1
5723 6
5724 3
5725 5
5726 4
5727 2
5728 1
5729 6
5730 5
5731 4
5732 2
5733 1
5734 6
5735 5
5736 3
5737 4
5738 2
5739 3
5740 1
5741 5
5742 6
5743 4
5744 2
5745 3
5746 1
5747 6
5748 4
5749 2
5750 3
5751 1
5752 6
5753 5
5754 4
5755 2
5756 3
5757 5
5758 1
5759 6
5760 4
5761 2
5762 3
5763 5
5764 6
5765 4
5766 2
5767 3
5768 5
5769 6
5770 1
5771 4
5772 2
5773 3
5774 6
5775 4
5776 2
5777 3
5778 6
5779 1
5780 4
5781 2
5782 3
5783 6
5784 1
5785 5
5786 4
5787 2
5788 3
5789 6
5790 5
5791 4
5792 2
5793 3
5794 6
5795 5
5796 1
5797 4
5798 2
5799 5
5800 1
5801 3
5802 6
5803 4
5804 2
5805 5
5806 1
5807 6
5808 4
5809 2
5810 5
5811 1
5812 6
5813 3
5814 4
5815 2
5816 5
5817 3
5818 1
5819 6
5820 4
5821 2
5822 5
5823 3
5824 6
5825 4
5826 2
5827 5
5828 3
5829 6
5830 1
5831 4
5832 2
5833 5
5834 6
5835 4
5836 2
5837 5
5838 6
5839 1
5840 4
5841 2
5842 5
5843 6
5844 1
5845 3
5846 4
5847 2
5848 5
5849 6
5850 3
5851 4
5852 2
5853 5
5854 6
5855 3
5856 1
5857 4
5858 2
5859 6
5860 4
5861 2
5862 6
5863 1
5864 4
5865 2
5866 6
5867 1
5868 3
5869 4
5870 2
5871 6
5872 1
5873 3
5874 5
5875 4
5876 2
5877 6
5878 1
5879 5
5880 4
5881 2
5882 6
5883 1
5884 5
5885 3
5886 4
5887 2
5888 6
5889 3
5890 4
5891 2
5892 6
5893 3
5894 1
5895 4
5896 2
5897 6
5898 3
5899 1
5900 5
5901 4
5902 2
5903 6
5904 3
5905 5
5906 4
5907 2
5908 6
5909 3
5910 5
5911 1
5912 4
5913 2
5914 6
5915 5
5916 4
5917 2
5918 6
5919 5
5920 1
5921 4
5922 2
5923 6
5924 5
5925 1
5926 3
5927 4
5928 2
5929 6
5930 5
5931 3
5932 4
5933 2
5934 6
5935 5
5936 3
5937 1
5938 4
5939 3
5940 1
5941 2
5942 5
5943 6
5944 4
5945 3
5946 1
5947 2
5948 6
5949 4
5950 3
5951 1
5952 2
5953 6
5954 5
5955 4
5956 3
5957 1
5958 5
5959 2
5960 6
5961 4
5962 3
5963 1
5964 5
5965 6
5966 4
5967 3
5968 1
5969 5
5970 6
5971 2
5972 4
5973 3
5974 1
5975 6
5976 4
5977 3
5978 1
5979 6
5980 2
5981 4
5982 3
5983 1
5984 6
5985 2
5986 5
5987 4
5988 3
5989 1
5990 6
5991 5
5992 4
5993 3
5994 1
5995 6
5996 5
5997 2
5998 4
5999 3
6000 2
6001 1
6002 5
6003 6
6004 4
6005 3
6006 2
6007 1
6008 6
6009 4
6010 3
6011 2
6012 1
6013 6
6014 5
6015 4
6016 3
6017 2
6018 5
6019 1
6020 6
6021 4
6022 3
6023 2
6024 5
6025 6
6026 4
6027 3
6028 2
6029 5
6030 6
6031 1
6032 4
6033 3
6034 2
6035 6
6036 4
6037 3
6038 2
6039 6
6040 1
6041 4
6042 3
6043 2
6044 6
6045 1
6046 5
6047 4
6048 3
6049 2
6050 6
6051 5
6052 4
6053 3
6054 2
6055 6
6056 5
6057 1
6058 4
6059 3
6060 5
6061 1
6062 2
6063 6
6064 4
6065 3
6066 5
6067 1
6068 6
6069 4
6070 3
6071 5
6072 1
6073 6
6074 2
6075 4
6076 3
6077 5
6078 2
6079 1
6080 6
6081 4
6082 3
6083 5
6084 2
6085 6
6086 4
6087 3
6088 5
6089 2
6090 6
6091 1
6092 4
6093 3
6094 5
6095 6
6096 4
6097 3
6098 5
6099 6
6100 1
6101 4
6102 3
6103 5
6104 6
6105 1
6106 2
6107 4
6108 3
6109 5
6110 6
6111 2
6112 4
6113 3
6114 5
6115 6
6116 2
6117 1
6118 4
6119 3
6120 6
6121 4
6122 3
6123 6
6124 1
6125 4
6126 3
6127 6
6128 1
6129 2
6130 4
6131 3
6132 6
6133 1
6134 2
6135 5
6136 4
6137 3
6138 6
6139 1
6140 5
6141 4
6142 3
6143 6
6144 1
6145 5
6146 2
6147 4
6148 3
6149 6
6150 2
6151 4
6152 3
6153 6
6154 2
6155 1
6156 4
6157 3
6158 6
6159 2
6160 1
6161 5
6162 4
6163 3
6164 6
6165 2
6166 5
6167 4
6168 3
6169 6
6170 2
6171 5
6172 1
6173 4
6174 3
6175 6
6176 5
6177 4
6178 3
6179 6
6180 5
6181 1
6182 4
6183 3
6184 6
6185 5
6186 1
6187 2
6188 4
6189 3
6190 6
6191 5
6192 2
6193 4
6194 3
6195 6
6196 5
6197 2
6198 1
6199 4
6200 5
6201 1
6202 2
6203 3
6204 6
6205 4
6206 5
6207 1
6208 2
6209 6
6210 4
6211 5
6212 1
6213 2
6214 6
6215 3
6216 4
6217 5
6218 1
6219 3
6220 2
6221 6
6222 4
6223 5
6224 1
6225 3
6226 6
6227 4
6228 5
6229 1
6230 3
6231 6
6232 2
6233 4
6234 5
6235 1
6236 6
6237 4
6238 5
6239 1
6240 6
6241 2
6242 4
6243 5
6244 1
6245 6
6246 2
6247 3
6248 4
6249 5
6250 1
6251 6
6252 3
6253 4
6254 5
6255 1
6256 6
6257 3
6258 2
6259 4
6260 5
6261 2
6262 1
6263 3
6264 6
6265 4
6266 5
6267 2
6268 1
6269 6
6270 4
6271 5
6272 2
6273 1
6274 6
6275 3
6276 4
6277 5
6278 2
6279 3
6280 1
6281 6
6282 4
6283 5
6284 2
6285 3
6286 6
6287 4
6288 5
6289 2
6290 3
6291 6
6292 1
6293 4
6294 5
6295 2
6296 6
6297 4
6298 5
6299 2
6300 6
6301 1
6302 4
6303 5
6304 2
6305 6
6306 1
6307 3
6308 4
6309 5
6310 2
6311 6
6312 3
6313 4
6314 5
6315 2
6316 6
6317 3
6318 1
6319 4
6320 5
6321 3
6322 1
6323 2
6324 6
6325 4
6326 5
6327 3
6328 1
6329 6
6330 4
6331 5
6332 3
6333 1
6334 6
6335 2
6336 4
6337 5
6338 3
6339 2
6340 1
6341 6
6342 4
6343 5
6344 3
6345 2
6346 6
6347 4
6348 5
6349 3
6350 2
6351 6
6352 1
6353 4
6354 5
6355 3
6356 6
6357 4
6358 5
6359 3
6360 6
6361 1
6362 4
6363 5
6364 3
6365 6
6366 1
6367 2
6368 4
6369 5
6370 3
6371 6
6372 2
6373 4
6374 5
6375 3
6376 6
6377 2
6378 1
6379 4
6380 5
6381 6
6382 4
6383 5
6384 6
6385 1
6386 4
6387 5
6388 6
6389 1
6390 2
6391 4
6392 5
6393 6
6394 1
6395 2
6396 3
6397 4
6398 5
6399 6
6400 1
6401 3
6402 4
6403 5
6404 6
6405 1
6406 3
6407 2
6408 4
6409 5
6410 6
6411 2
6412 4
6413 5
6414 6
6415 2
6416 1
6417 4
6418 5
6419 6
6420 2
6421 1
6422 3
6423 4
6424 5
6425 6
6426 2
6427 3
6428 4
6429 5
6430 6
6431 2
6432 3
6433 1
6434 4
6435 5
6436 6
6437 3
6438 4
6439 5
6440 6
6441 3
6442 1
6443 4
6444 5
6445 6
6446 3
6447 1
6448 2
6449 4
6450 5
6451 6
6452 3
6453 2
6454 4
6455 5
6456 6
6457 3
6458 2
6459 1
6460 4
6461 6
6462 4
6463 6
6464 1
6465 4
6466 6
6467 1
6468 2
6469 4
6470 6
6471 1
6472 2
6473 3
6474 4
6475 6
6476 1
6477 2
6478 3
6479 5
6480 4
6481 6
6482 1
6483 2
6484 5
6485 4
6486 6
6487 1
6488 2
6489 5
6490 3
6491 4
6492 6
6493 1
6494 3
6495 4
6496 6
6497 1
6498 3
6499 2
6500 4
6501 6
6502 1
6503 3
6504 2
6505 5
6506 4
6507 6
6508 1
6509 3
6510 5
6511 4
6512 6
6513 1
6514 3
6515 5
6516 2
6517 4
6518 6
6519 1
6520 5
6521 4
6522 6
6523 1
6524 5
6525 2
6526 4
6527 6
6528 1
6529 5
6530 2
6531 3
6532 4
6533 6
6534 1
6535 5
6536 3
6537 4
6538 6
6539 1
6540 5
6541 3
6542 2
6543 4
6544 6
6545 2
6546 4
6547 6
6548 2
6549 1
6550 4
6551 6
6552 2
6553 1
6554 3
6555 4
6556 6
6557 2
6558 1
6559 3
6560 5
6561 4
6562 6
6563 2
6564 1
6565 5
6566 4
6567 6
6568 2
6569 1
6570 5
6571 3
6572 4
6573 6
6574 2
6575 3
6576 4
6577 6
6578 2
6579 3
6580 1
6581 4
6582 6
6583 2
6584 3
6585 1
6586 5
6587 4
6588 6
6589 2
6590 3
6591 5
6592 4
6593 6
6594 2
6595 3
6596 5
6597 1
6598 4
6599 6
6600 2
6601 5
6602 4
6603 6
6604 2
6605 5
6606 1
6607 4
6608 6
6609 2
6610 5
6611 1
6612 3
6613 4
6614 6
6615 2
6616 5
6617 3
6618 4
6619 6
6620 2
6621 5
6622 3
6623 1
6624 4
6625 6
6626 3
6627 4
6628 6
6629 3
6630 1
6631 4
6632 6
6633 3
6634 1
6635 2
6636 4
6637 6
6638 3
6639 1
6640 2
6641 5
6642 4
6643 6
6644 3
6645 1
6646 5
6647 4
6648 6
6649 3
6650 1
6651 5
6652 2
6653 4
6654 6
6655 3
6656 2
6657 4
6658 6
6659 3
6660 2
6661 1
6662 4
6663 6
6664 3
6665 2
6666 1
6667 5
6668 4
6669 6
6670 3
6671 2
6672 5
6673 4
6674 6
6675 3
6676 2
6677 5
6678 1
6679 4
6680 6
6681 3
6682 5
6683 4
6684 6
6685 3
6686 5
6687 1
6688 4
6689 6
6690 3
6691 5
6692 1
6693 2
6694 4
6695 6
6696 3
6697 5
6698 2
6699 4
6700 6
6701 3
6702 5
6703 2
6704 1
6705 4
6706 6
6707 5
6708 4
6709 6
6710 5
6711 1
6712 4
6713 6
6714 5
6715 1
6716 2
6717 4
6718 6
6719 5
6720 1
6721 2
6722 3
6723 4
6724 6
6725 5
6726 1
6727 3
6728 4
6729 6
6730 5
6731 1
6732 3
6733 2
6734 4
6735 6
6736 5
6737 2
6738 4
6739 6
6740 5
6741 2
6742 1
6743 4
6744 6
6745 5
6746 2
6747 1
6748 3
6749 4
6750 6
6751 5
6752 2
6753 3
6754 4
6755 6
6756 5
6757 2
6758 3
6759 1
6760 4
6761 6
6762 5
6763 3
6764 4
6765 6
6766 5
6767 3
6768 1
6769 4
6770 6
6771 5
6772 3
6773 1
6774 2
6775 4
6776 6
6777 5
6778 3
6779 2
6780 4
6781 6
6782 5
6783 3
6784 2
6785 1
6786 5
6787 1
6788 2
6789 3
6790 4
6791 6
6792 5
6793 1
6794 2
6795 3
6796 6
6797 5
6798 1
6799 2
6800 3
6801 6
6802 4
6803 5
6804 1
6805 2
6806 4
6807 3
6808 6
6809 5
6810 1
6811 2
6812 4
6813 6
6814 5
6815 1
6816 2
6817 4
6818 6
6819 3
6820 5
6821 1
6822 2
6823 6
6824 5
6825 1
6826 2
6827 6
6828 3
6829 5
6830 1
6831 2
6832 6
6833 3
6834 4
6835 5
6836 1
6837 2
6838 6
6839 4
6840 5
6841 1
6842 2
6843 6
6844 4
6845 3
6846 5
6847 1
6848 3
6849 2
6850 4
6851 6
6852 5
6853 1
6854 3
6855 2
6856 6
6857 5
6858 1
6859 3
6860 2
6861 6
6862 4
6863 5
6864 1
6865 3
6866 4
6867 2
6868 6
6869 5
6870 1
6871 3
6872 4
6873 6
6874 5
6875 1
6876 3
6877 4
6878 6
6879 2
6880 5
6881 1
6882 3
6883 6
6884 5
6885 1
6886 3
6887 6
6888 2
6889 5
6890 1
6891 3
6892 6
6893 2
6894 4
6895 5
6896 1
6897 3
6898 6
6899 4
6900 5
6901 1
6902 3
6903 6
6904 4
6905 2
6906 5
6907 1
6908 4
6909 2
6910 3
6911 6
6912 5
6913 1
6914 4
6915 2
6916 6
6917 5
6918 1
6919 4
6920 2
6921 6
6922 3
6923 5
6924 1
6925 4
6926 3
6927 2
6928 6
6929 5
6930 1
6931 4
6932 3
6933 6
6934 5
6935 1
6936 4
6937 3
6938 6
6939 2
6940 5
6941 1
6942 4
6943 6
6944 5
6945 1
6946 4
6947 6
6948 2
6949 5
6950 1
6951 4
6952 6
6953 2
6954 3
6955 5
6956 1
6957 4
6958 6
6959 3
6960 5
6961 1
6962 4
6963 6
6964 3
6965 2
6966 5
6967 1
6968 6
6969 5
6970 1
6971 6
6972 2
6973 5
6974 1
6975 6
6976 2
6977 3
6978 5
6979 1
6980 6
6981 2
6982 3
6983 4
6984 5
6985 1
6986 6
6987 2
6988 4
6989 5
6990 1
6991 6
6992 2
6993 4
6994 3
6995 5
6996 1
6997 6
6998 3
6999 5
7000 1
7001 6
7002 3
7003 2
7004 5
7005 1
7006 6
7007 3
7008 2
7009 4
7010 5
7011 1
7012 6
7013 3
7014 4
7015 5
7016 1
7017 6
7018 3
7019 4
7020 2
7021 5
7022 1
7023 6
7024 4
7025 5
7026 1
7027 6
7028 4
7029 2
7030 5
7031 1
7032 6
7033 4
7034 2
7035 3
7036 5
7037 1
7038 6
7039 4
7040 3
7041 5
7042 1
7043 6
7044 4
7045 3
7046 2
7047 5
7048 2
7049 1
7050 3
7051 4
7052 6
7053 5
7054 2
7055 1
7056 3
7057 6
7058 5
7059 2
7060 1
7061 3
7062 6
7063 4
7064 5
7065 2
7066 1
7067 4
7068 3
7069 6
7070 5
7071 2
7072 1
7073 4
7074 6
7075 5
7076 2
7077 1
7078 4
7079 6
7080 3
7081 5
7082 2
7083 1
7084 6
7085 5
7086 2
7087 1
7088 6
7089 3
7090 5
7091 2
7092 1
7093 6
7094 3
7095 4
7096 5
7097 2
7098 1
7099 6
7100 4
7101 5
7102 2
7103 1
7104 6
7105 4
7106 3
7107 5
7108 2
7109 3
7110 1
7111 4
7112 6
7113 5
7114 2
7115 3
7116 1
7117 6
7118 5
7119 2
7120 3
7121 1
7122 6
7123 4
7124 5
7125 2
7126 3
7127 4
7128 1
7129 6
7130 5
7131 2
7132 3
7133 4
7134 6
7135 5
7136 2
7137 3
7138 4
7139 6
7140 1
7141 5
7142 2
7143 3
7144 6
7145 5
7146 2
7147 3
7148 6
7149 1
7150 5
7151 2
7152 3
7153 6
7154 1
7155 4
7156 5
7157 2
7158 3
7159 6
7160 4
7161 5
7162 2
7163 3
7164 6
7165 4
7166 1
7167 5
7168 2
7169 4
7170 1
7171 3
7172 6
7173 5
7174 2
7175 4
7176 1
7177 6
7178 5
7179 2
7180 4
7181 1
7182 6
7183 3
7184 5
7185 2
7186 4
7187 3
7188 1
7189 6
7190 5
7191 2
7192 4
7193 3
7194 6
7195 5
7196 2
7197 4
7198 3
7199 6
7200 1
7201 5
7202 2
7203 4
7204 6
7205 5
7206 2
7207 4
7208 6
7209 1
7210 5
7211 2
7212 4
7213 6
7214 1
7215 3
7216 5
7217 2
7218 4
7219 6
7220 3
7221 5
7222 2
7223 4
7224 6
7225 3
7226 1
7227 5
7228 2
7229 6
7230 5
7231 2
7232 6
7233 1
7234 5
7235 2
7236 6
7237 1
7238 3
7239 5
7240 2
7241 6
7242 1
7243 3
7244 4
7245 5
7246 2
7247 6
7248 1
7249 4
7250 5
7251 2
7252 6
7253 1
7254 4
7255 3
7256 5
7257 2
7258 6
7259 3
7260 5
7261 2
7262 6
7263 3
7264 1
7265 5
7266 2
7267 6
7268 3
7269 1
7270 4
7271 5
7272 2
7273 6
7274 3
7275 4
7276 5
7277 2
7278 6
7279 3
7280 4
7281 1
7282 5
7283 2
7284 6
7285 4
7286 5
7287 2
7288 6
7289 4
7290 1
7291 5
7292 2
7293 6
7294 4
7295 1
7296 3
7297 5
7298 2
7299 6
7300 4
7301 3
7302 5
7303 2
7304 6
7305 4
7306 3
7307 1
7308 5
7309 3
7310 1
7311 2
7312 4
7313 6
7314 5
7315 3
7316 1
7317 2
7318 6
7319 5
7320 3
7321 1
7322 2
7323 6
7324 4
7325 5
7326 3
7327 1
7328 4
7329 2
7330 6
7331 5
7332 3
7333 1
7334 4
7335 6
7336 5
7337 3
7338 1
7339 4
7340 6
7341 2
7342 5
7343 3
7344 1
7345 6
7346 5
7347 3
7348 1
7349 6
7350 2
7351 5
7352 3
7353 1
7354 6
7355 2
7356 4
7357 5
7358 3
7359 1
7360 6
7361 4
7362 5
7363 3
7364 1
7365 6
7366 4
7367 2
7368 5
7369 3
7370 2
7371 1
7372 4
7373 6
7374 5
7375 3
7376 2
7377 1
7378 6
7379 5
7380 3
7381 2
7382 1
7383 6
7384 4
7385 5
7386 3
7387 2
7388 4
7389 1
7390 6
7391 5
7392 3
7393 2
7394 4
7395 6
7396 5
7397 3
7398 2
7399 4
7400 6
7401 1
7402 5
7403 3
7404 2
7405 6
7406 5
7407 3
7408 2
7409 6
7410 1
7411 5
7412 3
7413 2
7414 6
7415 1
7416 4
7417 5
7418 3
7419 2
7420 6
7421 4
7422 5
7423 3
7424 2
7425 6
7426 4
7427 1
7428 5
7429 3
7430 4
7431 1
7432 2
7433 6
7434 5
7435 3
7436 4
7437 1
7438 6
7439 5
7440 3
7441 4
7442 1
7443 6
7444 2
7445 5
7446 3
7447 4
7448 2
7449 1
7450 6
7451 5
7452 3
7453 4
7454 2
7455 6
7456 5
7457 3
7458 4
7459 2
7460 6
7461 1
7462 5
7463 3
7464 4
7465 6
7466 5
7467 3
7468 4
7469 6
7470 1
7471 5
7472 3
7473 4
7474 6
7475 1
7476 2
7477 5
7478 3
7479 4
7480 6
7481 2
7482 5
7483 3
7484 4
7485 6
7486 2
7487 1
7488 5
7489 3
7490 6
7491 5
7492 3
7493 6
7494 1
7495 5
7496 3
7497 6
7498 1
7499 2
7500 5
7501 3
7502 6
7503 1
7504 2
7505 4
7506 5
7507 3
7508 6
7509 1
7510 4
7511 5
7512 3
7513 6
7514 1
7515 4
7516 2
7517 5
7518 3
7519 6
7520 2
7521 5
7522 3
7523 6
7524 2
7525 1
7526 5
7527 3
7528 6
7529 2
7530 1
7531 4
7532 5
7533 3
7534 6
7535 2
7536 4
7537 5
7538 3
7539 6
7540 2
7541 4
7542 1
7543 5
7544 3
7545 6
7546 4
7547 5
7548 3
7549 6
7550 4
7551 1
7552 5
7553 3
7554 6
7555 4
7556 1
7557 2
7558 5
7559 3
7560 6
7561 4
7562 2
7563 5
7564 3
7565 6
7566 4
7567 2
7568 1
7569 5
7570 4
7571 1
7572 2
7573 3
7574 6
7575 5
7576 4
7577 1
7578 2
7579 6
7580 5
7581 4
7582 1
7583 2
7584 6
7585 3
7586 5
7587 4
7588 1
7589 3
7590 2
7591 6
7592 5
7593 4
7594 1
7595 3
7596 6
7597 5
7598 4
7599 1
7600 3
7601 6
7602 2
7603 5
7604 4
7605 1
7606 6
7607 5
7608 4
7609 1
7610 6
7611 2
7612 5
7613 4
7614 1
7615 6
7616 2
7617 3
7618 5
7619 4
7620 1
7621 6
7622 3
7623 5
7624 4
7625 1
7626 6
7627 3
7628 2
7629 5
7630 4
7631 2
7632 1
7633 3
7634 6
7635 5
7636 4
7637 2
7638 1
7639 6
7640 5
7641 4
7642 2
7643 1
7644 6
7645 3
7646 5
7647 4
7648 2
7649 3
7650 1
7651 6
7652 5
7653 4
7654 2
7655 3
7656 6
7657 5
7658 4
7659 2
7660 3
7661 6
7662 1
7663 5
7664 4
7665 2
7666 6
7667 5
7668 4
7669 2
7670 6
7671 1
7672 5
7673 4
7674 2
7675 6
7676 1
7677 3
7678 5
7679 4
7680 2
7681 6
7682 3
7683 5
7684 4
7685 2
7686 6
7687 3
7688 1
7689 5
7690 4
7691 3
7692 1
7693 2
7694 6
7695 5
7696 4
7697 3
7698 1
7699 6
7700 5
7701 4
7702 3
7703 1
7704 6
7705 2
7706 5
7707 4
7708 3
7709 2
7710 1
7711 6
7712 5
7713 4
7714 3
7715 2
7716 6
7717 5
7718 4
7719 3
7720 2
7721 6
7722 1
7723 5
7724 4
7725 3
7726 6
7727 5
7728 4
7729 3
7730 6
7731 1
7732 5
7733 4
7734 3
7735 6
7736 1
7737 2
7738 5
7739 4
7740 3
7741 6
7742 2
7743 5
7744 4
7745 3
7746 6
7747 2
7748 1
7749 5
7750 4
7751 6
7752 5
7753 4
7754 6
7755 1
7756 5
7757 4
7758 6
7759 1
7760 2
7761 5
7762 4
7763 6
7764 1
7765 2
7766 3
7767 5
7768 4
7769 6
7770 1
7771 3
7772 5
7773 4
7774 6
7775 1
7776 3
7777 2
7778 5
7779 4
7780 6
7781 2
7782 5
7783 4
7784 6
7785 2
7786 1
7787 5
7788 4
7789 6
7790 2
7791 1
7792 3
7793 5
7794 4
7795 6
7796 2
7797 3
7798 5
7799 4
7800 6
7801 2
7802 3
7803 1
7804 5
7805 4
7806 6
7807 3
7808 5
7809 4
7810 6
7811 3
7812 1
7813 5
7814 4
7815 6
7816 3
7817 1
7818 2
7819 5
7820 4
7821 6
7822 3
7823 2
7824 5
7825 4
7826 6
7827 3
7828 2
7829 1
7830 5
7831 6
7832 5
7833 6
7834 1
7835 5
7836 6
7837 1
7838 2
7839 5
7840 6
7841 1
7842 2
7843 3
7844 5
7845 6
7846 1
7847 2
7848 3
7849 4
7850 5
7851 6
7852 1
7853 2
7854 4
7855 5
7856 6
7857 1
7858 2
7859 4
7860 3
7861 5
7862 6
7863 1
7864 3
7865 5
7866 6
7867 1
7868 3
7869 2
7870 5
7871 6
7872 1
7873 3
7874 2
7875 4
7876 5
7877 6
7878 1
7879 3
7880 4
7881 5
7882 6
7883 1
7884 3
7885 4
7886 2
7887 5
7888 6
7889 1
7890 4
7891 5
7892 6
7893 1
7894 4
7895 2
7896 5
7897 6
7898 1
7899 4
7900 2
7901 3
7902 5
7903 6
7904 1
7905 4
7906 3
7907 5
7908 6
7909 1
7910 4
7911 3
7912 2
7913 5
7914 6
7915 2
7916 5
7917 6
7918 2
7919 1
7920 5
7921 6
7922 2
7923 1
7924 3
7925 5
7926 6
7927 2
7928 1
7929 3
7930 4
7931 5
7932 6
7933 2
7934 1
7935 4
7936 5
7937 6
7938 2
7939 1
7940 4
7941 3
7942 5
7943 6
7944 2
7945 3
7946 5
7947 6
7948 2
7949 3
7950 1
7951 5
7952 6
7953 2
7954 3
7955 1
7956 4
7957 5
7958 6
7959 2
7960 3
7961 4
7962 5
7963 6
7964 2
7965 3
7966 4
7967 1
7968 5
7969 6
7970 2
7971 4
7972 5
7973 6
7974 2
7975 4
7976 1
7977 5
7978 6
7979 2
7980 4
7981 1
7982 3
7983 5
7984 6
7985 2
7986 4
7987 3
7988 5
7989 6
7990 2
7991 4
7992 3
7993 1
7994 5
7995 6
7996 3
7997 5
7998 6
7999 3
8000 1
8001 5
8002 6
8003 3
8004 1
8005 2
8006 5
8007 6
8008 3
8009 1
8010 2
8011 4
8012 5
8013 6
8014 3
8015 1
8016 4
8017 5
8018 6
8019 3
8020 1
8021 4
8022 2
8023 5
8024 6
8025 3
8026 2
8027 5
8028 6
8029 3
8030 2
8031 1
8032 5
8033 6
8034 3
8035 2
8036 1
8037 4
8038 5
8039 6
8040 3
8041 2
8042 4
8043 5
8044 6
8045 3
8046 2
8047 4
8048 1
8049 5
8050 6
8051 3
8052 4
8053 5
8054 6
8055 3
8056 4
8057 1
8058 5
8059 6
8060 3
8061 4
8062 1
8063 2
8064 5
8065 6
8066 3
8067 4
8068 2
8069 5
8070 6
8071 3
8072 4
8073 2
8074 1
8075 5
8076 6
8077 4
8078 5
8079 6
8080 4
8081 1
8082 5
8083 6
8084 4
8085 1
8086 2
8087 5
8088 6
8089 4
8090 1
8091 2
8092 3
8093 5
8094 6
8095 4
8096 1
8097 3
8098 5
8099 6
8100 4
8101 1
8102 3
8103 2
8104 5
8105 6
8106 4
8107 2
8108 5
8109 6
8110 4
8111 2
8112 1
8113 5
8114 6
8115 4
8116 2
8117 1
8118 3
8119 5
8120 6
8121 4
8122 2
8123 3
8124 5
8125 6
8126 4
8127 2
8128 3
8129 1
8130 5
8131 6
8132 4
8133 3
8134 5
8135 6
8136 4
8137 3
8138 1
8139 5
8140 6
8141 4
8142 3
8143 1
8144 2
8145 5
8146 6
8147 4
8148 3
8149 2
8150 5
8151 6
8152 4
8153 3
8154 2
8155 1
8156 6
8157 6
8158 1
8159 6
8160 1
8161 2
8162 6
8163 1
8164 2
8165 3
8166 6
8167 1
8168 2
8169 3
8170 4
8171 6
8172 1
8173 2
8174 3
8175 4
8176 5
8177 6
8178 1
8179 2
8180 3
8181 5
8182 6
8183 1
8184 2
8185 3
8186 5
8187 4
8188 6
8189 1
8190 2
8191 4
8192 6
8193 1
8194 2
8195 4
8196 3
8197 6
8198 1
8199 2
8200 4
8201 3
8202 5
8203 6
8204 1
8205 2
8206 4
8207 5
8208 6
8209 1
8210 2
8211 4
8212 5
8213 3
8214 6
8215 1
8216 2
8217 5
8218 6
8219 1
8220 2
8221 5
8222 3
8223 6
8224 1
8225 2
8226 5
8227 3
8228 4
8229 6
8230 1
8231 2
8232 5
8233 4
8234 6
8235 1
8236 2
8237 5
8238 4
8239 3
8240 6
8241 1
8242 3
8243 6
8244 1
8245 3
8246 2
8247 6
8248 1
8249 3
8250 2
8251 4
8252 6
8253 1
8254 3
8255 2
8256 4
8257 5
8258 6
8259 1
8260 3
8261 2
8262 5
8263 6
8264 1
8265 3
8266 2
8267 5
8268 4
8269 6
8270 1
8271 3
8272 4
8273 6
8274 1
8275 3
8276 4
8277 2
8278 6
8279 1
8280 3
8281 4
8282 2
8283 5
8284 6
8285 1
8286 3
8287 4
8288 5
8289 6
8290 1
8291 3
8292 4
8293 5
8294 2
8295 6
8296 1
8297 3
8298 5
8299 6
8300 1
8301 3
8302 5
8303 2
8304 6
8305 1
8306 3
8307 5
8308 2
8309 4
8310 6
8311 1
8312 3
8313 5
8314 4
8315 6
8316 1
8317 3
8318 5
8319 4
8320 2
8321 6
8322 1
8323 4
8324 6
8325 1
8326 4
8327 2
8328 6
8329 1
8330 4
8331 2
8332 3
8333 6
8334 1
8335 4
8336 2
8337 3
8338 5
8339 6
8340 1
8341 4
8342 2
8343 5
8344 6
8345 1
8346 4
8347 2
8348 5
8349 3
8350 6
8351 1
8352 4
8353 3
8354 6
8355 1
8356 4
8357 3
8358 2
8359 6
8360 1
8361 4
8362 3
8363 2
8364 5
8365 6
8366 1
8367 4
8368 3
8369 5
8370 6
8371 1
8372 4
8373 3
8374 5
8375 2
8376 6
8377 1
8378 4
8379 5
8380 6
8381 1
8382 4
8383 5
8384 2
8385 6
8386 1
8387 4
8388 5
8389 2
8390 3
8391 6
8392 1
8393 4
8394 5
8395 3
8396 6
8397 1
8398 4
8399 5
8400 3
8401 2
8402 6
8403 1
8404 5
8405 6
8406 1
8407 5
8408 2
8409 6
8410 1
8411 5
8412 2
8413 3
8414 6
8415 1
8416 5
8417 2
8418 3
8419 4
8420 6
8421 1
8422 5
8423 2
8424 4
8425 6
8426 1
8427 5
8428 2
8429 4
8430 3
8431 6
8432 1
8433 5
8434 3
8435 6
8436 1
8437 5
8438 3
8439 2
8440 6
8441 1
8442 5
8443 3
8444 2
8445 4
8446 6
8447 1
8448 5
8449 3
8450 4
8451 6
8452 1
8453 5
8454 3
8455 4
8456 2
8457 6
8458 1
8459 5
8460 4
8461 6
8462 1
8463 5
8464 4
8465 2
8466 6
8467 1
8468 5
8469 4
8470 2
8471 3
8472 6
8473 1
8474 5
8475 4
8476 3
8477 6
8478 1
8479 5
8480 4
8481 3
8482 2
8483 6
8484 2
8485 6
8486 2
8487 1
8488 6
8489 2
8490 1
8491 3
8492 6
8493 2
8494 1
8495 3
8496 4
8497 6
8498 2
8499 1
8500 3
8501 4
8502 5
8503 6
8504 2
8505 1
8506 3
8507 5
8508 6
8509 2
8510 1
8511 3
8512 5
8513 4
8514 6
8515 2
8516 1
8517 4
8518 6
8519 2
8520 1
8521 4
8522 3
8523 6
8524 2
8525 1
8526 4
8527 3
8528 5
8529 6
8530 2
8531 1
8532 4
8533 5
8534 6
8535 2
8536 1
8537 4
8538 5
8539 3
8540 6
8541 2
8542 1
8543 5
8544 6
8545 2
8546 1
8547 5
8548 3
8549 6
8550 2
8551 1
8552 5
8553 3
8554 4
8555 6
8556 2
8557 1
8558 5
8559 4
8560 6
8561 2
8562 1
8563 5
8564 4
8565 3
8566 6
8567 2
8568 3
8569 6
8570 2
8571 3
8572 1
8573 6
8574 2
8575 3
8576 1
8577 4
8578 6
8579 2
8580 3
8581 1
8582 4
8583 5
8584 6
8585 2
8586 3
8587 1
8588 5
8589 6
8590 2
8591 3
8592 1
8593 5
8594 4
8595 6
8596 2
8597 3
8598 4
8599 6
8600 2
8601 3
8602 4
8603 1
8604 6
8605 2
8606 3
8607 4
8608 1
8609 5
8610 6
8611 2
8612 3
8613 4
8614 5
8615 6
8616 2
8617 3
8618 4
8619 5
8620 1
8621 6
8622 2
8623 3
8624 5
8625 6
8626 2
8627 3
8628 5
8629 1
8630 6
8631 2
8632 3
8633 5
8634 1
8635 4
8636 6
8637 2
8638 3
8639 5
8640 4
8641 6
8642 2
8643 3
8644 5
8645 4
8646 1
8647 6
8648 2
8649 4
8650 6
8651 2
8652 4
8653 1
8654 6
8655 2
8656 4
8657 1
8658 3
8659 6
8660 2
8661 4
8662 1
8663 3
8664 5
8665 6
8666 2
8667 4
8668 1
8669 5
8670 6
8671 2
8672 4
8673 1
8674 5
8675 3
8676 6
8677 2
8678 4
8679 3
8680 6
8681 2
8682 4
8683 3
8684 1
8685 6
8686 2
8687 4
8688 3
8689 1
8690 5
8691 6
8692 2
8693 4
8694 3
8695 5
8696 6
8697 2
8698 4
8699 3
8700 5
8701 1
8702 6
8703 2
8704 4
8705 5
8706 6
8707 2
8708 4
8709 5
8710 1
8711 6
8712 2
8713 4
8714 5
8715 1
8716 3
8717 6
8718 2
8719 4
8720 5
8721 3
8722 6
8723 2
8724 4
8725 5
8726 3
8727 1
8728 6
8729 2
8730 5
8731 6
8732 2
8733 5
8734 1
8735 6
8736 2
8737 5
8738 1
8739 3
8740 6
8741 2
8742 5
8743 1
8744 3
8745 4
8746 6
8747 2
8748 5
8749 1
8750 4
8751 6
8752 2
8753 5
8754 1
8755 4
8756 3
8757 6
8758 2
8759 5
8760 3
8761 6
8762 2
8763 5
8764 3
8765 1
8766 6
8767 2
8768 5
8769 3
8770 1
8771 4
8772 6
8773 2
8774 5
8775 3
8776 4
8777 6
8778 2
8779 5
8780 3
8781 4
8782 1
8783 6
8784 2
8785 5
8786 4
8787 6
8788 2
8789 5
8790 4
8791 1
8792 6
8793 2
8794 5
8795 4
8796 1
8797 3
8798 6
8799 2
8800 5
8801 4
8802 3
8803 6
8804 2
8805 5
8806 4
8807 3
8808 1
8809 6
8810 3
8811 6
8812 3
8813 1
8814 6
8815 3
8816 1
8817 2
8818 6
8819 3
8820 1
8821 2
8822 4
8823 6
8824 3
8825 1
8826 2
8827 4
8828 5
8829 6
8830 3
8831 1
8832 2
8833 5
8834 6
8835 3
8836 1
8837 2
8838 5
8839 4
8840 6
8841 3
8842 1
8843 4
8844 6
8845 3
8846 1
8847 4
8848 2
8849 6
8850 3
8851 1
8852 4
8853 2
8854 5
8855 6
8856 3
8857 1
8858 4
8859 5
8860 6
8861 3
8862 1
8863 4
8864 5
8865 2
8866 6
8867 3
8868 1
8869 5
8870 6
8871 3
8872 1
8873 5
8874 2
8875 6
8876 3
8877 1
8878 5
8879 2
8880 4
8881 6
8882 3
8883 1
8884 5
8885 4
8886 6
8887 3
8888 1
8889 5
8890 4
8891 2
8892 6
8893 3
8894 2
8895 6
8896 3
8897 2
8898 1
8899 6
8900 3
8901 2
8902 1
8903 4
8904 6
8905 3
8906 2
8907 1
8908 4
8909 5
8910 6
8911 3
8912 2
8913 1
8914 5
8915 6
8916 3
8917 2
8918 1
8919 5
8920 4
8921 6
8922 3
8923 2
8924 4
8925 6
8926 3
8927 2
8928 4
8929 1
8930 6
8931 3
8932 2
8933 4
8934 1
8935 5
8936 6
8937 3
8938 2
8939 4
8940 5
8941 6
8942 3
8943 2
8944 4
8945 5
8946 1
8947 6
8948 3
8949 2
8950 5
8951 6
8952 3
8953 2
8954 5
8955 1
8956 6
8957 3
8958 2
8959 5
8960 1
8961 4
8962 6
8963 3
8964 2
8965 5
8966 4
8967 6
8968 3
8969 2
8970 5
8971 4
8972 1
8973 6
8974 3
8975 4
8976 6
8977 3
8978 4
8979 1
8980 6
8981 3
8982 4
8983 1
8984 2
8985 6
8986 3
8987 4
8988 1
8989 2
8990 5
8991 6
8992 3
8993 4
8994 1
8995 5
8996 6
8997 3
8998 4
8999 1
9000 5
9001 2
9002 6
9003 3
9004 4
9005 2
9006 6
9007 3
9008 4
9009 2
9010 1
9011 6
9012 3
9013 4
9014 2
9015 1
9016 5
9017 6
9018 3
9019 4
9020 2
9021 5
9022 6
9023 3
9024 4
9025 2
9026 5
9027 1
9028 6
9029 3
9030 4
9031 5
9032 6
9033 3
9034 4
9035 5
9036 1
9037 6
9038 3
9039 4
9040 5
9041 1
9042 2
9043 6
9044 3
9045 4
9046 5
9047 2
9048 6
9049 3
9050 4
9051 5
9052 2
9053 1
9054 6
9055 3
9056 5
9057 6
9058 3
9059 5
9060 1
9061 6
9062 3
9063 5
9064 1
9065 2
9066 6
9067 3
9068 5
9069 1
9070 2
9071 4
9072 6
9073 3
9074 5
9075 1
9076 4
9077 6
9078 3
9079 5
9080 1
9081 4
9082 2
9083 6
9084 3
9085 5
9086 2
9087 6
9088 3
9089 5
9090 2
9091 1
9092 6
9093 3
9094 5
9095 2
9096 1
9097 4
9098 6
9099 3
9100 5
9101 2
9102 4
9103 6
9104 3
9105 5
9106 2
9107 4
9108 1
9109 6
9110 3
9111 5
9112 4
9113 6
9114 3
9115 5
9116 4
9117 1
9118 6
9119 3
9120 5
9121 4
9122 1
9123 2
9124 6
9125 3
9126 5
9127 4
9128 2
9129 6
9130 3
9131 5
9132 4
9133 2
9134 1
9135 6
9136 4
9137 6
9138 4
9139 1
9140 6
9141 4
9142 1
9143 2
9144 6
9145 4
9146 1
9147 2
9148 3
9149 6
9150 4
9151 1
9152 2
9153 3
9154 5
9155 6
9156 4
9157 1
9158 2
9159 5
9160 6
9161 4
9162 1
9163 2
9164 5
9165 3
9166 6
9167 4
9168 1
9169 3
9170 6
9171 4
9172 1
9173 3
9174 2
9175 6
9176 4
9177 1
9178 3
9179 2
9180 5
9181 6
9182 4
9183 1
9184 3
9185 5
9186 6
9187 4
9188 1
9189 3
9190 5
9191 2
9192 6
9193 4
9194 1
9195 5
9196 6
9197 4
9198 1
9199 5
9200 2
9201 6
9202 4
9203 1
9204 5
9205 2
9206 3
9207 6
9208 4
9209 1
9210 5
9211 3
9212 6
9213 4
9214 1
9215 5
9216 3
9217 2
9218 6
9219 4
9220 2
9221 6
9222 4
9223 2
9224 1
9225 6
9226 4
9227 2
9228 1
9229 3
9230 6
9231 4
9232 2
9233 1
9234 3
9235 5
9236 6
9237 4
9238 2
9239 1
9240 5
9241 6
9242 4
9243 2
9244 1
9245 5
9246 3
9247 6
9248 4
9249 2
9250 3
9251 6
9252 4
9253 2
9254 3
9255 1
9256 6
9257 4
9258 2
9259 3
9260 1
9261 5
9262 6
9263 4
9264 2
9265 3
9266 5
9267 6
9268 4
9269 2
9270 3
9271 5
9272 1
9273 6
9274 4
9275 2
9276 5
9277 6
9278 4
9279 2
9280 5
9281 1
9282 6
9283 4
9284 2
9285 5
9286 1
9287 3
9288 6
9289 4
9290 2
9291 5
9292 3
9293 6
9294 4
9295 2
9296 5
9297 3
9298 1
9299 6
9300 4
9301 3
9302 6
9303 4
9304 3
9305 1
9306 6
9307 4
9308 3
9309 1
9310 2
9311 6
9312 4
9313 3
9314 1
9315 2
9316 5
9317 6
9318 4
9319 3
9320 1
9321 5
9322 6
9323 4
9324 3
9325 1
9326 5
9327 2
9328 6
9329 4
9330 3
9331 2
9332 6
9333 4
9334 3
9335 2
9336 1
9337 6
9338 4
9339 3
9340 2
9341 1
9342 5
9343 6
9344 4
9345 3
9346 2
9347 5
9348 6
9349 4
9350 3
9351 2
9352 5
9353 1
9354 6
9355 4
9356 3
9357 5
9358 6
9359 4
9360 3
9361 5
9362 1
9363 6
9364 4
9365 3
9366 5
9367 1
9368 2
9369 6
9370 4
9371 3
9372 5
9373 2
9374 6
9375 4
9376 3
9377 5
9378 2
9379 1
9380 6
9381 4
9382 5
9383 6
9384 4
9385 5
9386 1
9387 6
9388 4
9389 5
9390 1
9391 2
9392 6
9393 4
9394 5
9395 1
9396 2
9397 3
9398 6
9399 4
9400 5
9401 1
9402 3
9403 6
9404 4
9405 5
9406 1
9407 3
9408 2
9409 6
9410 4
9411 5
9412 2
9413 6
9414 4
9415 5
9416 2
9417 1
9418 6
9419 4
9420 5
9421 2
9422 1
9423 3
9424 6
9425 4
9426 5
9427 2
9428 3
9429 6
9430 4
9431 5
9432 2
9433 3
9434 1
9435 6
9436 4
9437 5
9438 3
9439 6
9440 4
9441 5
9442 3
9443 1
9444 6
9445 4
9446 5
9447 3
9448 1
9449 2
9450 6
9451 4
9452 5
9453 3
9454 2
9455 6
9456 4
9457 5
9458 3
9459 2
9460 1
9461 6
9462 5
9463 6
9464 5
9465 1
9466 6
9467 5
9468 1
9469 2
9470 6
9471 5
9472 1
9473 2
9474 3
9475 6
9476 5
9477 1
9478 2
9479 3
9480 4
9481 6
9482 5
9483 1
9484 2
9485 4
9486 6
9487 5
9488 1
9489 2
9490 4
9491 3
9492 6
9493 5
9494 1
9495 3
9496 6
9497 5
9498 1
9499 3
9500 2
9501 6
9502 5
9503 1
9504 3
9505 2
9506 4
9507 6
9508 5
9509 1
9510 3
9511 4
9512 6
9513 5
9514 1
9515 3
9516 4
9517 2
9518 6
9519 5
9520 1
9521 4
9522 6
9523 5
9524 1
9525 4
9526 2
9527 6
9528 5
9529 1
9530 4
9531 2
9532 3
9533 6
9534 5
9535 1
9536 4
9537 3
9538 6
9539 5
9540 1
9541 4
9542 3
9543 2
9544 6
9545 5
9546 2
9547 6
9548 5
9549 2
9550 1
9551 6
9552 5
9553 2
9554 1
9555 3
9556 6
9557 5
9558 2
9559 1
9560 3
9561 4
9562 6
9563 5
9564 2
9565 1
9566 4
9567 6
9568 5
9569 2
9570 1
9571 4
9572 3
9573 6
9574 5
9575 2
9576 3
9577 6
9578 5
9579 2
9580 3
9581 1
9582 6
9583 5
9584 2
9585 3
9586 1
9587 4
9588 6
9589 5
9590 2
9591 3
9592 4
9593 6
9594 5
9595 2
9596 3
9597 4
9598 1
9599 6
9600 5
9601 2
9602 4
9603 6
9604 5
9605 2
9606 4
9607 1
9608 6
9609 5
9610 2
9611 4
9612 1
9613 3
9614 6
9615 5
9616 2
9617 4
9618 3
9619 6
9620 5
9621 2
9622 4
9623 3
9624 1
9625 6
9626 5
9627 3
9628 6
9629 5
9630 3
9631 1
9632 6
9633 5
9634 3
9635 1
9636 2
9637 6
9638 5
9639 3
9640 1
9641 2
9642 4
9643 6
9644 5
9645 3
9646 1
9647 4
9648 6
9649 5
9650 3
9651 1
9652 4
9653 2
9654 6
9655 5
9656 3
9657 2
9658 6
9659 5
9660 3
9661 2
9662 1
9663 6
9664 5
9665 3
9666 2
9667 1
9668 4
9669 6
9670 5
9671 3
9672 2
9673 4
9674 6
9675 5
9676 3
9677 2
9678 4
9679 1
9680 6
9681 5
9682 3
9683 4
9684 6
9685 5
9686 3
9687 4
9688 1
9689 6
9690 5
9691 3
9692 4
9693 1
9694 2
9695 6
9696 5
9697 3
9698 4
9699 2
9700 6
9701 5
9702 3
9703 4
9704 2
9705 1
9706 6
9707 5
9708 4
9709 6
9710 5
9711 4
9712 1
9713 6
9714 5
9715 4
9716 1
9717 2
9718 6
9719 5
9720 4
9721 1
9722 2
9723 3
9724 6
9725 5
9726 4
9727 1
9728 3
9729 6
9730 5
9731 4
9732 1
9733 3
9734 2
9735 6
9736 5
9737 4
9738 2
9739 6
9740 5
9741 4
9742 2
9743 1
9744 6
9745 5
9746 4
9747 2
9748 1
9749 3
9750 6
9751 5
9752 4
9753 2
9754 3
9755 6
9756 5
9757 4
9758 2
9759 3
9760 1
9761 6
9762 5
9763 4
9764 3
9765 6
9766 5
9767 4
9768 3
9769 1
9770 6
9771 5
9772 4
9773 3
9774 1
9775 2
9776 6
9777 5
9778 4
9779 3
9780 2
9781 6
9782 5
9783 4
9784 3
9785 2
9786 1
