1 0
2 0
3 1
4 1
5 1
6 2
7 1
8 2
9 3
10 2
11 1
12 5
13 1
14 2
15 5
16 3
17 1
18 6
19 1
20 5
21 5
22 2
23 1
24 8
25 3
26 2
27 6
28 5
29 1
30 10
31 1
32 4
33 5
34 2
35 5
36 12
37 1
38 2
39 5
40 8
41 1
42 10
43 1
44 5
45 12
46 2
47 1
48 11
49 3
50 6
51 5
52 5
53 1
54 12
55 5
56 8
57 5
58 2
59 1
60 19
61 1
62 2
63 12
64 5
65 5
66 10
67 1
68 5
69 5
70 10
71 1
72 18
73 1
74 2
75 12
76 5
77 5
78 10
79 1
80 11
81 10
82 2
83 1
84 19
85 5
86 2
87 5
88 8
89 1
90 24
91 5
92 5
93 5
94 2
95 5
96 14
97 1
98 6
99 12
100 12
101 1
102 10
103 1
104 8
105 19
106 2
107 1
108 22
109 1
110 10
111 5
112 11
113 1
114 10
115 5
116 5
117 12
118 2
119 5
120 28
121 3
122 2
123 5
124 5
125 6
126 24
127 1
128 6
129 5
130 10
131 1
132 19
133 5
134 2
135 22
136 8
137 1
138 10
139 1
140 19
141 5
142 2
143 5
144 24
145 5
146 2
147 12
148 5
149 1
150 24
151 1
152 8
153 12
154 10
155 5
156 19
157 1
158 2
159 5
160 14
161 5
162 20
163 1
164 5
165 19
166 2
167 1
168 28
169 3
170 10
171 12
172 5
173 1
174 10
175 12
176 11
177 5
178 2
179 1
180 42
181 1
182 10
183 5
184 8
185 5
186 10
187 5
188 5
189 22
190 10
191 1
192 17
193 1
194 2
195 19
196 12
197 1
198 24
199 1
200 18
201 5
202 2
203 5
204 19
205 5
206 2
207 12
208 11
209 5
210 38
211 1
212 5
213 5
214 2
215 5
216 32
217 5
218 2
219 5
220 19
221 5
222 10
223 1
224 14
225 27
226 2
227 1
228 19
229 1
230 10
231 19
232 8
233 1
234 24
235 5
236 5
237 5
238 10
239 1
240 37
241 1
242 6
243 15
244 5
245 12
246 10
247 5
248 8
249 5
250 12
251 1
252 42
253 5
254 2
255 19
256 7
257 1
258 10
259 5
260 19
261 12
262 2
263 1
264 28
265 5
266 10
267 5
268 5
269 1
270 44
271 1
272 11
273 19
274 2
275 12
276 19
277 1
278 2
279 12
280 28
281 1
282 10
283 1
284 5
285 19
286 10
287 5
288 30
289 3
290 10
291 5
292 5
293 1
294 24
295 5
296 8
297 22
298 2
299 5
300 42
301 5
302 2
303 5
304 11
305 5
306 24
307 1
308 19
309 5
310 10
311 1
312 28
313 1
314 2
315 42
316 5
317 1
318 10
319 5
320 17
321 5
322 10
323 5
324 35
325 12
326 2
327 5
328 8
329 5
330 38
331 1
332 5
333 12
334 2
335 5
336 37
337 1
338 6
339 5
340 19
341 5
342 24
343 6
344 8
345 19
346 2
347 1
348 19
349 1
350 24
351 22
352 14
353 1
354 10
355 5
356 5
357 19
358 2
359 1
360 60
361 3
362 2
363 12
364 19
365 5
366 10
367 1
368 11
369 12
370 10
371 5
372 19
373 1
374 10
375 22
376 8
377 5
378 44
379 1
380 19
381 5
382 2
383 1
384 20
385 19
386 2
387 12
388 5
389 1
390 38
391 5
392 18
393 5
394 2
395 5
396 42
397 1
398 2
399 19
400 24
401 1
402 10
403 5
404 5
405 35
406 10
407 5
408 28
409 1
410 10
411 5
412 5
413 5
414 24
415 5
416 14
417 5
418 10
419 1
420 65
421 1
422 2
423 12
424 8
425 12
426 10
427 5
428 5
429 19
430 10
431 1
432 42
433 1
434 10
435 19
436 5
437 5
438 10
439 1
440 28
441 27
442 10
443 1
444 19
445 5
446 2
447 5
448 17
449 1
450 54
451 5
452 5
453 5
454 2
455 19
456 28
457 1
458 2
459 22
460 19
461 1
462 38
463 1
464 11
465 19
466 2
467 1
468 42
469 5
470 10
471 5
472 8
473 5
474 10
475 12
476 19
477 12
478 2
479 1
480 46
481 5
482 2
483 19
484 12
485 5
486 30
487 1
488 8
489 5
490 24
491 1
492 19
493 5
494 10
495 42
496 11
497 5
498 10
499 1
500 22
501 5
502 2
503 1
504 60
505 5
506 10
507 12
508 5
509 1
510 38
511 5
512 8
513 22
514 2
515 5
516 19
517 5
518 10
519 5
520 28
521 1
522 24
523 1
524 5
525 42
526 2
527 5
528 37
529 3
530 10
531 12
532 19
533 5
534 10
535 5
536 8
537 5
538 2
539 12
540 74
541 1
542 2
543 5
544 14
545 5
546 38
547 1
548 5
549 12
550 24
551 5
552 28
553 5
554 2
555 19
556 5
557 1
558 24
559 5
560 37
561 19
562 2
563 1
564 19
565 5
566 2
567 35
568 8
569 1
570 38
571 1
572 19
573 5
574 10
575 12
576 36
577 1
578 6
579 5
580 19
581 5
582 10
583 5
584 8
585 42
586 2
587 1
588 42
589 5
590 10
591 5
592 11
593 1
594 44
595 19
596 5
597 5
598 10
599 1
600 60
601 1
602 10
603 12
604 5
605 12
606 10
607 1
608 14
609 19
610 10
611 5
612 42
613 1
614 2
615 19
616 28
617 1
618 10
619 1
620 19
621 22
622 2
623 5
624 37
625 10
626 2
627 19
628 5
629 5
630 84
631 1
632 8
633 5
634 2
635 5
636 19
637 12
638 10
639 12
640 20
641 1
642 10
643 1
644 19
645 19
646 10
647 1
648 50
649 5
650 24
651 19
652 5
653 1
654 10
655 5
656 11
657 12
658 10
659 1
660 65
661 1
662 2
663 19
664 8
665 19
666 24
667 5
668 5
669 5
670 10
671 5
672 46
673 1
674 2
675 48
676 12
677 1
678 10
679 5
680 28
681 5
682 10
683 1
684 42
685 5
686 12
687 5
688 11
689 5
690 38
691 1
692 5
693 42
694 2
695 5
696 28
697 5
698 2
699 5
700 42
701 1
702 44
703 5
704 17
705 19
706 2
707 5
708 19
709 1
710 10
711 12
712 8
713 5
714 38
715 19
716 5
717 5
718 2
719 1
720 78
721 5
722 6
723 5
724 5
725 12
726 24
727 1
728 28
729 21
730 10
731 5
732 19
733 1
734 2
735 42
736 14
737 5
738 24
739 1
740 19
741 19
742 10
743 1
744 28
745 5
746 2
747 12
748 19
749 5
750 44
751 1
752 11
753 5
754 10
755 5
756 74
757 1
758 2
759 19
760 28
761 1
762 10
763 5
764 5
765 42
766 2
767 5
768 23
769 1
770 38
771 5
772 5
773 1
774 24
775 12
776 8
777 19
778 2
779 5
780 65
781 5
782 10
783 22
784 24
785 5
786 10
787 1
788 5
789 5
790 10
791 5
792 60
793 5
794 2
795 19
796 5
797 1
798 38
799 5
800 30
801 12
802 2
803 5
804 19
805 19
806 10
807 5
808 8
809 1
810 70
811 1
812 19
813 5
814 10
815 5
816 37
817 5
818 2
819 42
820 19
821 1
822 10
823 1
824 8
825 42
826 10
827 1
828 42
829 1
830 10
831 5
832 17
833 12
834 10
835 5
836 19
837 22
838 2
839 1
840 92
841 3
842 2
843 5
844 5
845 12
846 24
847 12
848 11
849 5
850 24
851 5
852 19
853 1
854 10
855 42
856 8
857 1
858 38
859 1
860 19
861 19
862 2
863 1
864 52
865 5
866 2
867 12
868 19
869 5
870 38
871 5
872 8
873 12
874 10
875 22
876 19
877 1
878 2
879 5
880 37
881 1
882 54
883 1
884 19
885 19
886 2
887 1
888 28
889 5
890 10
891 35
892 5
893 5
894 10
895 5
896 20
897 19
898 2
899 5
900 90
901 5
902 10
903 19
904 8
905 5
906 10
907 1
908 5
909 12
910 38
911 1
912 37
913 5
914 2
915 19
916 5
917 5
918 44
919 1
920 28
921 5
922 2
923 5
924 65
925 12
926 2
927 12
928 14
929 1
930 38
931 12
932 5
933 5
934 2
935 19
936 60
937 1
938 10
939 5
940 19
941 1
942 10
943 5
944 11
945 74
946 10
947 1
948 19
949 5
950 24
951 5
952 28
953 1
954 24
955 5
956 5
957 19
958 2
959 5
960 55
961 3
962 10
963 12
964 5
965 5
966 38
967 1
968 18
969 19
970 10
971 1
972 51
973 5
974 2
975 42
976 11
977 1
978 10
979 5
980 42
981 12
982 2
983 1
984 28
985 5
986 10
987 19
988 19
989 5
990 84
991 1
992 14
993 5
994 10
995 5
996 19
997 1
998 2
999 22
1000 32
1001 19
1002 10
1003 5
1004 5
1005 19
1006 2
1007 5
1008 78
1009 1
1010 10
1011 5
1012 19
1013 1
1014 24
1015 19
1016 8
1017 12
1018 2
1019 1
1020 65
1021 1
1022 10
1023 19
1024 9
1025 12
1026 44
1027 5
1028 5
1029 22
1030 10
1031 1
1032 28
1033 1
1034 10
1035 42
1036 19
1037 5
1038 10
1039 1
1040 37
1041 5
1042 2
1043 5
1044 42
1045 19
1046 2
1047 5
1048 8
1049 1
1050 84
1051 1
1052 5
1053 35
1054 10
1055 5
1056 46
1057 5
1058 6
1059 5
1060 19
1061 1
1062 24
1063 1
1064 28
1065 19
1066 10
1067 5
1068 19
1069 1
1070 10
1071 42
1072 11
1073 5
1074 10
1075 12
1076 5
1077 5
1078 24
1079 5
1080 104
1081 5
1082 2
1083 12
1084 5
1085 19
1086 10
1087 1
1088 17
1089 27
1090 10
1091 1
1092 65
1093 1
1094 2
1095 19
1096 8
1097 1
1098 24
1099 5
1100 42
1101 5
1102 10
1103 1
1104 37
1105 19
1106 10
1107 22
1108 5
1109 1
1110 38
1111 5
1112 8
1113 19
1114 2
1115 5
1116 42
1117 1
1118 10
1119 5
1120 46
1121 5
1122 38
1123 1
1124 5
1125 48
1126 2
1127 12
1128 28
1129 1
1130 10
1131 19
1132 5
1133 5
1134 70
1135 5
1136 11
1137 5
1138 2
1139 5
1140 65
1141 5
1142 2
1143 12
1144 28
1145 5
1146 10
1147 5
1148 19
1149 5
1150 24
1151 1
1152 42
1153 1
1154 2
1155 65
1156 12
1157 5
1158 10
1159 5
1160 28
1161 22
1162 10
1163 1
1164 19
1165 5
1166 10
1167 5
1168 11
1169 5
1170 84
1171 1
1172 5
1173 19
1174 2
1175 12
1176 60
1177 5
1178 10
1179 12
1180 19
1181 1
1182 10
1183 12
1184 14
1185 19
1186 2
1187 1
1188 74
1189 5
1190 38
1191 5
1192 8
1193 1
1194 10
1195 5
1196 19
1197 42
1198 2
1199 5
1200 78
1201 1
1202 2
1203 5
1204 19
1205 5
1206 24
1207 5
1208 8
1209 19
1210 24
1211 5
1212 19
1213 1
1214 2
1215 51
1216 17
1217 1
1218 38
1219 5
1220 19
1221 19
1222 10
1223 1
1224 60
1225 27
1226 2
1227 5
1228 5
1229 1
1230 38
1231 1
1232 37
1233 12
1234 2
1235 19
1236 19
1237 1
1238 2
1239 19
1240 28
1241 5
1242 44
1243 5
1244 5
1245 19
1246 10
1247 5
1248 46
1249 1
1250 20
1251 12
1252 5
1253 5
1254 38
1255 5
1256 8
1257 5
1258 10
1259 1
1260 138
1261 5
1262 2
1263 5
1264 11
1265 19
1266 10
1267 5
1268 5
1269 22
1270 10
1271 5
1272 28
1273 5
1274 24
1275 42
1276 19
1277 1
1278 24
1279 1
1280 23
1281 19
1282 2
1283 1
1284 19
1285 5
1286 2
1287 42
1288 28
1289 1
1290 38
1291 1
1292 19
1293 5
1294 2
1295 19
1296 65
1297 1
1298 10
1299 5
1300 42
1301 1
1302 38
1303 1
1304 8
1305 42
1306 2
1307 1
1308 19
1309 19
1310 10
1311 19
1312 14
1313 5
1314 24
1315 5
1316 19
1317 5
1318 2
1319 1
1320 92
1321 1
1322 2
1323 48
1324 5
1325 12
1326 38
1327 1
1328 11
1329 5
1330 38
1331 6
1332 42
1333 5
1334 10
1335 19
1336 8
1337 5
1338 10
1339 5
1340 19
1341 12
1342 10
1343 5
1344 55
1345 5
1346 2
1347 5
1348 5
1349 5
1350 96
1351 5
1352 18
1353 19
1354 2
1355 5
1356 19
1357 5
1358 10
1359 12
1360 37
1361 1
1362 10
1363 5
1364 19
1365 65
1366 2
1367 1
1368 60
1369 3
1370 10
1371 5
1372 22
1373 1
1374 10
1375 22
1376 14
1377 35
1378 10
1379 5
1380 65
1381 1
1382 2
1383 5
1384 8
1385 5
1386 84
1387 5
1388 5
1389 5
1390 10
1391 5
1392 37
1393 5
1394 10
1395 42
1396 5
1397 5
1398 10
1399 1
1400 60
1401 5
1402 2
1403 5
1404 74
1405 5
1406 10
1407 19
1408 20
1409 1
1410 38
1411 5
1412 5
1413 12
1414 10
1415 5
1416 28
1417 5
1418 2
1419 19
1420 19
1421 12
1422 24
1423 1
1424 11
1425 42
1426 10
1427 1
1428 65
1429 1
1430 38
1431 22
1432 8
1433 1
1434 10
1435 19
1436 5
1437 5
1438 2
1439 1
1440 96
1441 5
1442 10
1443 19
1444 12
1445 12
1446 10
1447 1
1448 8
1449 42
1450 24
1451 1
1452 42
1453 1
1454 2
1455 19
1456 37
1457 5
1458 42
1459 1
1460 19
1461 5
1462 10
1463 19
1464 28
1465 5
1466 2
1467 12
1468 5
1469 5
1470 84
1471 1
1472 17
1473 5
1474 10
1475 12
1476 42
1477 5
1478 2
1479 19
1480 28
1481 1
1482 38
1483 1
1484 19
1485 74
1486 2
1487 1
1488 37
1489 1
1490 10
1491 19
1492 5
1493 1
1494 24
1495 19
1496 28
1497 5
1498 10
1499 1
1500 74
1501 5
1502 2
1503 12
1504 14
1505 19
1506 10
1507 5
1508 19
1509 5
1510 10
1511 1
1512 104
1513 5
1514 2
1515 19
1516 5
1517 5
1518 38
1519 12
1520 37
1521 27
1522 2
1523 1
1524 19
1525 12
1526 10
1527 5
1528 8
1529 5
1530 84
1531 1
1532 5
1533 19
1534 10
1535 5
1536 26
1537 5
1538 2
1539 35
1540 65
1541 5
1542 10
1543 1
1544 8
1545 19
1546 2
1547 19
1548 42
1549 1
1550 24
1551 19
1552 11
1553 1
1554 38
1555 5
1556 5
1557 12
1558 10
1559 1
1560 92
1561 5
1562 10
1563 5
1564 19
1565 5
1566 44
1567 1
1568 30
1569 5
1570 10
1571 1
1572 19
1573 12
1574 2
1575 90
1576 8
1577 5
1578 10
1579 1
1580 19
1581 19
1582 10
1583 1
1584 78
1585 5
1586 10
1587 12
1588 5
1589 5
1590 38
1591 5
1592 8
1593 22
1594 2
1595 19
1596 65
1597 1
1598 10
1599 19
1600 36
1601 1
1602 24
1603 5
1604 5
1605 19
1606 10
1607 1
1608 28
1609 1
1610 38
1611 12
1612 19
1613 1
1614 10
1615 19
1616 11
1617 42
1618 2
1619 1
1620 115
1621 1
1622 2
1623 5
1624 28
1625 22
1626 10
1627 1
1628 19
1629 12
1630 10
1631 5
1632 46
1633 5
1634 10
1635 19
1636 5
1637 1
1638 84
1639 5
1640 28
1641 5
1642 2
1643 5
1644 19
1645 19
1646 2
1647 22
1648 11
1649 5
1650 84
1651 5
1652 19
1653 19
1654 2
1655 5
1656 60
1657 1
1658 2
1659 19
1660 19
1661 5
1662 10
1663 1
1664 20
1665 42
1666 24
1667 1
1668 19
1669 1
1670 10
1671 5
1672 28
1673 5
1674 44
1675 12
1676 5
1677 19
1678 2
1679 5
1680 119
1681 3
1682 6
1683 42
1684 5
1685 5
1686 10
1687 5
1688 8
1689 5
1690 24
1691 5
1692 42
1693 1
1694 24
1695 19
1696 14
1697 1
1698 10
1699 1
1700 42
1701 51
1702 10
1703 5
1704 28
1705 19
1706 2
1707 5
1708 19
1709 1
1710 84
1711 5
1712 11
1713 5
1714 2
1715 22
1716 65
1717 5
1718 2
1719 12
1720 28
1721 1
1722 38
1723 1
1724 5
1725 42
1726 2
1727 5
1728 62
1729 19
1730 10
1731 5
1732 5
1733 1
1734 24
1735 5
1736 28
1737 12
1738 10
1739 5
1740 65
1741 1
1742 10
1743 19
1744 11
1745 5
1746 24
1747 1
1748 19
1749 19
1750 44
1751 5
1752 28
1753 1
1754 2
1755 74
1756 5
1757 5
1758 10
1759 1
1760 46
1761 5
1762 2
1763 5
1764 90
1765 5
1766 2
1767 19
1768 28
1769 5
1770 38
1771 19
1772 5
1773 12
1774 2
1775 12
1776 37
1777 1
1778 10
1779 5
1780 19
1781 5
1782 70
1783 1
1784 8
1785 65
1786 10
1787 1
1788 19
1789 1
1790 10
1791 12
1792 23
1793 5
1794 38
1795 5
1796 5
1797 5
1798 10
1799 5
1800 126
1801 1
1802 10
1803 5
1804 19
1805 12
1806 38
1807 5
1808 11
1809 22
1810 10
1811 1
1812 19
1813 12
1814 2
1815 42
1816 8
1817 5
1818 24
1819 5
1820 65
1821 5
1822 2
1823 1
1824 46
1825 12
1826 10
1827 42
1828 5
1829 5
1830 38
1831 1
1832 8
1833 19
1834 10
1835 5
1836 74
1837 5
1838 2
1839 5
1840 37
1841 5
1842 10
1843 5
1844 5
1845 42
1846 10
1847 1
1848 92
1849 3
1850 24
1851 5
1852 5
1853 5
1854 24
1855 19
1856 17
1857 5
1858 2
1859 12
1860 65
1861 1
1862 24
1863 35
1864 8
1865 5
1866 10
1867 1
1868 5
1869 19
1870 38
1871 1
1872 78
1873 1
1874 2
1875 35
1876 19
1877 1
1878 10
1879 1
1880 28
1881 42
1882 2
1883 5
1884 19
1885 19
1886 10
1887 19
1888 14
1889 1
1890 148
1891 5
1892 19
1893 5
1894 2
1895 5
1896 28
1897 5
1898 10
1899 12
1900 42
1901 1
1902 10
1903 5
1904 37
1905 19
1906 2
1907 1
1908 42
1909 5
1910 10
1911 42
1912 8
1913 1
1914 38
1915 5
1916 5
1917 22
1918 10
1919 5
1920 64
1921 5
1922 6
1923 5
1924 19
1925 42
1926 24
1927 5
1928 8
1929 5
1930 10
1931 1
1932 65
1933 1
1934 2
1935 42
1936 24
1937 5
1938 38
1939 5
1940 19
1941 5
1942 2
1943 5
1944 72
1945 5
1946 10
1947 19
1948 5
1949 1
1950 84
1951 1
1952 14
1953 42
1954 2
1955 19
1956 19
1957 5
1958 10
1959 5
1960 60
1961 5
1962 24
1963 5
1964 5
1965 19
1966 2
1967 5
1968 37
1969 5
1970 10
1971 22
1972 19
1973 1
1974 38
1975 12
1976 28
1977 5
1978 10
1979 1
1980 138
1981 5
1982 2
1983 5
1984 17
1985 5
1986 10
1987 1
1988 19
1989 42
1990 10
1991 5
1992 28
1993 1
1994 2
1995 65
1996 5
1997 1
1998 44
1999 1
2000 42
2001 19
2002 38
2003 1
2004 19
2005 5
2006 10
2007 12
2008 8
2009 12
2010 38
2011 1
2012 5
2013 19
2014 10
2015 19
2016 96
2017 1
2018 2
2019 5
2020 19
2021 5
2022 10
2023 12
2024 28
2025 75
2026 2
2027 1
2028 42
2029 1
2030 38
2031 5
2032 11
2033 5
2034 24
2035 19
2036 5
2037 19
2038 2
2039 1
2040 92
2041 5
2042 2
2043 12
2044 19
2045 5
2046 38
2047 5
2048 10
2049 5
2050 24
2051 5
2052 74
2053 1
2054 10
2055 19
2056 8
2057 12
2058 44
2059 5
2060 19
2061 12
2062 2
2063 1
2064 37
2065 19
2066 2
2067 19
2068 19
2069 1
2070 84
2071 5
2072 28
2073 5
2074 10
2075 12
2076 19
2077 5
2078 2
2079 74
2080 46
2081 1
2082 10
2083 1
2084 5
2085 19
2086 10
2087 1
2088 60
2089 1
2090 38
2091 19
2092 5
2093 19
2094 10
2095 5
2096 11
2097 12
2098 2
2099 1
2100 138
2101 5
2102 2
2103 5
2104 8
2105 5
2106 70
2107 12
2108 19
2109 19
2110 10
2111 1
2112 55
2113 1
2114 10
2115 42
2116 12
2117 5
2118 10
2119 5
2120 28
2121 19
2122 2
2123 5
2124 42
2125 22
2126 2
2127 5
2128 37
2129 1
2130 38
2131 1
2132 19
2133 22
2134 10
2135 19
2136 28
2137 1
2138 2
2139 19
2140 19
2141 1
2142 84
2143 1
2144 14
2145 65
2146 10
2147 5
2148 19
2149 5
2150 24
2151 12
2152 8
2153 1
2154 10
2155 5
2156 42
2157 5
2158 10
2159 5
2160 134
2161 1
2162 10
2163 19
2164 5
2165 5
2166 24
2167 5
2168 8
2169 12
2170 38
2171 5
2172 19
2173 5
2174 2
2175 42
2176 20
2177 5
2178 54
2179 1
2180 19
2181 5
2182 2
2183 5
2184 92
2185 19
2186 2
2187 28
2188 5
2189 5
2190 38
2191 5
2192 11
2193 19
2194 2
2195 5
2196 42
2197 6
2198 10
2199 5
2200 60
2201 5
2202 10
2203 1
2204 19
2205 90
2206 2
2207 1
2208 46
2209 3
2210 38
2211 19
2212 19
2213 1
2214 44
2215 5
2216 8
2217 5
2218 2
2219 5
2220 65
2221 1
2222 10
2223 42
2224 11
2225 12
2226 38
2227 5
2228 5
2229 5
2230 10
2231 5
2232 60
2233 19
2234 2
2235 19
2236 19
2237 1
2238 10
2239 1
2240 55
2241 22
2242 10
2243 1
2244 65
2245 5
2246 2
2247 19
2248 8
2249 5
2250 96
2251 1
2252 5
2253 5
2254 24
2255 19
2256 37
2257 5
2258 2
2259 12
2260 19
2261 19
2262 38
2263 5
2264 8
2265 19
2266 10
2267 1
2268 115
2269 1
2270 10
2271 5
2272 14
2273 1
2274 10
2275 42
2276 5
2277 42
2278 10
2279 5
2280 92
2281 1
2282 10
2283 5
2284 5
2285 5
2286 24
2287 1
2288 37
2289 19
2290 10
2291 5
2292 19
2293 1
2294 10
2295 74
2296 28
2297 1
2298 10
2299 12
2300 42
2301 19
2302 2
2303 12
2304 48
2305 5
2306 2
2307 5
2308 5
2309 1
2310 130
2311 1
2312 18
2313 12
2314 10
2315 5
2316 19
2317 5
2318 10
2319 5
2320 37
2321 5
2322 44
2323 5
2324 19
2325 42
2326 2
2327 5
2328 28
2329 5
2330 10
2331 42
2332 19
2333 1
2334 10
2335 5
2336 14
2337 19
2338 10
2339 1
2340 138
2341 1
2342 2
2343 19
2344 8
2345 19
2346 38
2347 1
2348 5
2349 35
2350 24
2351 1
2352 78
2353 5
2354 10
2355 19
2356 19
2357 1
2358 24
2359 5
2360 28
2361 5
2362 2
2363 5
2364 19
2365 19
2366 24
2367 12
2368 17
2369 5
2370 38
2371 1
2372 5
2373 19
2374 2
2375 22
2376 104
2377 1
2378 10
2379 19
2380 65
2381 1
2382 10
2383 1
2384 11
2385 42
2386 2
2387 19
2388 19
2389 1
2390 10
2391 5
2392 28
2393 1
2394 84
2395 5
2396 5
2397 19
2398 10
2399 1
2400 96
2401 10
2402 2
2403 22
2404 5
2405 19
2406 10
2407 5
2408 28
2409 19
2410 10
2411 1
2412 42
2413 5
2414 10
2415 65
2416 11
2417 1
2418 38
2419 5
2420 42
2421 12
2422 10
2423 1
2424 28
2425 12
2426 2
2427 5
2428 5
2429 5
2430 102
2431 19
2432 20
2433 5
2434 2
2435 5
2436 65
2437 1
2438 10
2439 12
2440 28
2441 1
2442 38
2443 5
2444 19
2445 19
2446 2
2447 1
2448 78
2449 5
2450 54
2451 19
2452 5
2453 5
2454 10
2455 5
2456 8
2457 74
2458 2
2459 1
2460 65
2461 5
2462 2
2463 5
2464 46
2465 19
2466 24
2467 1
2468 5
2469 5
2470 38
2471 5
2472 28
2473 1
2474 2
2475 90
2476 5
2477 1
2478 38
2479 5
2480 37
2481 5
2482 10
2483 5
2484 74
2485 19
2486 10
2487 5
2488 8
2489 5
2490 38
2491 5
2492 19
2493 12
2494 10
2495 5
2496 55
2497 5
2498 2
2499 42
2500 35
2501 5
2502 24
2503 1
2504 8
2505 19
2506 10
2507 5
2508 65
2509 5
2510 10
2511 35
2512 11
2513 5
2514 10
2515 5
2516 19
2517 5
2518 2
2519 5
2520 192
2521 1
2522 10
2523 12
2524 5
2525 12
2526 10
2527 12
2528 14
2529 12
2530 38
2531 1
2532 19
2533 5
2534 10
2535 42
2536 8
2537 5
2538 44
2539 1
2540 19
2541 42
2542 10
2543 1
2544 37
2545 5
2546 10
2547 12
2548 42
2549 1
2550 84
2551 1
2552 28
2553 19
2554 2
2555 19
2556 42
2557 1
2558 2
2559 5
2560 26
2561 5
2562 38
2563 5
2564 5
2565 74
2566 2
2567 5
2568 28
2569 5
2570 10
2571 5
2572 5
2573 5
2574 84
2575 12
2576 37
2577 5
2578 2
2579 1
2580 65
2581 5
2582 2
2583 42
2584 28
2585 19
2586 10
2587 5
2588 5
2589 5
2590 38
2591 1
2592 80
2593 1
2594 2
2595 19
2596 19
2597 12
2598 10
2599 5
2600 60
2601 27
2602 2
2603 5
2604 65
2605 5
2606 2
2607 19
2608 11
2609 1
2610 84
2611 5
2612 5
2613 19
2614 2
2615 5
2616 28
2617 1
2618 38
2619 22
2620 19
2621 1
2622 38
2623 5
2624 17
2625 74
2626 10
2627 5
2628 42
2629 5
2630 10
2631 5
2632 28
2633 1
2634 10
2635 19
2636 5
2637 12
2638 2
2639 19
2640 119
2641 5
2642 2
2643 5
2644 5
2645 12
2646 96
2647 1
2648 8
2649 5
2650 24
2651 5
2652 65
2653 5
2654 2
2655 42
2656 14
2657 1
2658 10
2659 1
2660 65
2661 5
2662 12
2663 1
2664 60
2665 19
2666 10
2667 19
2668 19
2669 5
2670 38
2671 1
2672 11
2673 51
2674 10
2675 12
2676 19
2677 1
2678 10
2679 19
2680 28
2681 5
2682 24
2683 1
2684 19
2685 19
2686 10
2687 1
2688 64
2689 1
2690 10
2691 42
2692 5
2693 1
2694 10
2695 42
2696 8
2697 19
2698 10
2699 1
2700 156
2701 5
2702 10
2703 19
2704 24
2705 5
2706 38
2707 1
2708 5
2709 42
2710 10
2711 1
2712 28
2713 1
2714 10
2715 19
2716 19
2717 19
2718 24
2719 1
2720 46
2721 5
2722 2
2723 5
2724 19
2725 12
2726 10
2727 22
2728 28
2729 1
2730 130
2731 1
2732 5
2733 5
2734 2
2735 5
2736 78
2737 19
2738 6
2739 19
2740 19
2741 1
2742 10
2743 5
2744 32
2745 42
2746 2
2747 5
2748 19
2749 1
2750 44
2751 19
2752 17
2753 1
2754 70
2755 19
2756 19
2757 5
2758 10
2759 5
2760 92
2761 5
2762 2
2763 12
2764 5
2765 19
2766 10
2767 1
2768 11
2769 19
2770 10
2771 5
2772 138
2773 5
2774 10
2775 42
2776 8
2777 1
2778 10
2779 5
2780 19
2781 22
2782 10
2783 12
2784 46
2785 5
2786 10
2787 5
2788 19
2789 1
2790 84
2791 1
2792 8
2793 42
2794 10
2795 19
2796 19
2797 1
2798 2
2799 12
2800 78
2801 1
2802 10
2803 1
2804 5
2805 65
2806 10
2807 5
2808 104
2809 3
2810 10
2811 5
2812 19
2813 5
2814 38
2815 5
2816 23
2817 12
2818 2
2819 1
2820 65
2821 19
2822 10
2823 5
2824 8
2825 12
2826 24
2827 5
2828 19
2829 19
2830 10
2831 5
2832 37
2833 1
2834 10
2835 115
2836 5
2837 1
2838 38
2839 5
2840 28
2841 5
2842 24
2843 1
2844 42
2845 5
2846 2
2847 19
2848 14
2849 19
2850 84
2851 1
2852 19
2853 12
2854 2
2855 5
2856 92
2857 1
2858 2
2859 5
2860 65
2861 1
2862 44
2863 5
2864 11
2865 19
2866 2
2867 5
2868 19
2869 5
2870 38
2871 42
2872 8
2873 12
2874 10
2875 22
2876 5
2877 19
2878 2
2879 1
2880 114
2881 5
2882 10
2883 12
2884 19
2885 5
2886 38
2887 1
2888 18
2889 22
2890 24
2891 12
2892 19
2893 5
2894 2
2895 19
2896 11
2897 1
2898 84
2899 5
2900 42
2901 5
2902 2
2903 1
2904 60
2905 19
2906 2
2907 42
2908 5
2909 1
2910 38
2911 5
2912 46
2913 5
2914 10
2915 19
2916 70
2917 1
2918 2
2919 19
2920 28
2921 5
2922 10
2923 5
2924 19
2925 90
2926 38
2927 1
2928 37
2929 5
2930 10
2931 5
2932 5
2933 5
2934 24
2935 5
2936 8
2937 19
2938 10
2939 1
2940 138
2941 5
2942 2
2943 22
2944 20
2945 19
2946 10
2947 5
2948 19
2949 5
2950 24
2951 5
2952 60
2953 1
2954 10
2955 19
2956 5
2957 1
2958 38
2959 5
2960 37
2961 42
2962 2
2963 1
2964 65
2965 5
2966 2
2967 19
2968 28
2969 1
2970 148
2971 1
2972 5
2973 5
2974 2
2975 42
2976 46
2977 5
2978 2
2979 12
2980 19
2981 5
2982 38
2983 5
2984 8
2985 19
2986 2
2987 5
2988 42
2989 12
2990 38
2991 5
2992 37
2993 5
2994 10
2995 5
2996 19
2997 35
2998 2
2999 1
3000 104
3001 1
3002 10
3003 65
3004 5
3005 5
3006 24
3007 5
3008 17
3009 19
3010 38
3011 1
3012 19
3013 5
3014 10
3015 42
3016 28
3017 5
3018 10
3019 1
3020 19
3021 19
3022 2
3023 1
3024 134
3025 27
3026 10
3027 5
3028 5
3029 5
3030 38
3031 5
3032 8
3033 12
3034 10
3035 5
3036 65
3037 1
3038 24
3039 5
3040 46
3041 1
3042 54
3043 5
3044 5
3045 65
3046 2
3047 5
3048 28
3049 1
3050 24
3051 22
3052 19
3053 5
3054 10
3055 19
3056 11
3057 5
3058 10
3059 19
3060 138
3061 1
3062 2
3063 5
3064 8
3065 5
3066 38
3067 1
3068 19
3069 42
3070 10
3071 5
3072 29
3073 5
3074 10
3075 42
3076 5
3077 5
3078 70
3079 1
3080 92
3081 19
3082 10
3083 1
3084 19
3085 5
3086 2
3087 48
3088 11
3089 1
3090 38
3091 5
3092 5
3093 5
3094 38
3095 5
3096 60
3097 5
3098 2
3099 5
3100 42
3101 5
3102 38
3103 5
3104 14
3105 74
3106 2
3107 5
3108 65
3109 1
3110 10
3111 19
3112 8
3113 5
3114 24
3115 19
3116 19
3117 5
3118 2
3119 1
3120 119
3121 1
3122 10
3123 12
3124 19
3125 15
3126 10
3127 5
3128 28
3129 19
3130 10
3131 5
3132 74
3133 5
3134 2
3135 65
3136 36
3137 1
3138 10
3139 5
3140 19
3141 12
3142 2
3143 5
3144 28
3145 19
3146 24
3147 5
3148 5
3149 5
3150 180
3151 5
3152 11
3153 5
3154 10
3155 5
3156 19
3157 19
3158 2
3159 51
3160 28
3161 5
3162 38
3163 1
3164 19
3165 19
3166 2
3167 1
3168 96
3169 1
3170 10
3171 19
3172 19
3173 5
3174 24
3175 12
3176 8
3177 12
3178 10
3179 12
3180 65
3181 1
3182 10
3183 5
3184 11
3185 42
3186 44
3187 1
3188 5
3189 5
3190 38
3191 1
3192 92
3193 5
3194 2
3195 42
3196 19
3197 5
3198 38
3199 5
3200 42
3201 19
3202 2
3203 1
3204 42
3205 5
3206 10
3207 5
3208 8
3209 1
3210 38
3211 12
3212 19
3213 74
3214 2
3215 5
3216 37
3217 1
3218 2
3219 19
3220 65
3221 1
3222 24
3223 5
3224 28
3225 42
3226 2
3227 5
3228 19
3229 1
3230 38
3231 12
3232 14
3233 5
3234 84
3235 5
3236 5
3237 19
3238 2
3239 5
3240 160
3241 5
3242 2
3243 19
3244 5
3245 19
3246 10
3247 5
3248 37
3249 27
3250 44
3251 1
3252 19
3253 1
3254 2
3255 65
3256 28
3257 1
3258 24
3259 1
3260 19
3261 5
3262 10
3263 5
3264 55
3265 5
3266 10
3267 48
3268 19
3269 5
3270 38
3271 1
3272 8
3273 5
3274 2
3275 12
3276 138
3277 5
3278 10
3279 5
3280 37
3281 5
3282 10
3283 12
3284 5
3285 42
3286 10
3287 5
3288 28
3289 19
3290 38
3291 5
3292 5
3293 5
3294 44
3295 5
3296 14
3297 19
3298 10
3299 1
3300 138
3301 1
3302 10
3303 12
3304 28
3305 5
3306 38
3307 1
3308 5
3309 5
3310 10
3311 19
3312 78
3313 1
3314 2
3315 65
3316 5
3317 5
3318 38
3319 1
3320 28
3321 35
3322 10
3323 1
3324 19
3325 42
3326 2
3327 5
3328 23
3329 1
3330 84
3331 1
3332 42
3333 19
3334 2
3335 19
3336 28
3337 5
3338 2
3339 42
3340 19
3341 5
3342 10
3343 1
3344 37
3345 19
3346 10
3347 1
3348 74
3349 5
3350 24
3351 5
3352 8
3353 5
3354 38
3355 19
3356 5
3357 12
3358 10
3359 1
3360 146
3361 1
3362 6
3363 19
3364 12
3365 5
3366 84
3367 19
3368 8
3369 5
3370 10
3371 1
3372 19
3373 1
3374 10
3375 84
3376 11
3377 5
3378 10
3379 5
3380 42
3381 42
3382 10
3383 5
3384 60
3385 5
3386 2
3387 5
3388 42
3389 1
3390 38
3391 1
3392 17
3393 42
3394 2
3395 19
3396 19
3397 5
3398 2
3399 19
3400 60
3401 5
3402 102
3403 5
3404 19
3405 19
3406 10
3407 1
3408 37
3409 5
3410 38
3411 12
3412 5
3413 1
3414 10
3415 5
3416 28
3417 19
3418 2
3419 5
3420 138
3421 5
3422 10
3423 19
3424 14
3425 12
3426 10
3427 5
3428 5
3429 22
3430 44
3431 5
3432 92
3433 1
3434 10
3435 19
3436 5
3437 5
3438 24
3439 5
3440 37
3441 19
3442 2
3443 5
3444 65
3445 19
3446 2
3447 12
3448 8
3449 1
3450 84
3451 19
3452 5
3453 5
3454 10
3455 5
3456 72
3457 1
3458 38
3459 5
3460 19
3461 1
3462 10
3463 1
3464 8
3465 138
3466 2
3467 1
3468 42
3469 1
3470 10
3471 19
3472 37
3473 5
3474 24
3475 12
3476 19
3477 19
3478 10
3479 12
3480 92
3481 3
3482 2
3483 35
3484 19
3485 19
3486 38
3487 5
3488 14
3489 5
3490 10
3491 1
3492 42
3493 5
3494 2
3495 19
3496 28
3497 5
3498 38
3499 1
3500 74
3501 12
3502 10
3503 5
3504 37
3505 5
3506 2
3507 19
3508 5
3509 12
3510 148
3511 1
3512 8
3513 5
3514 10
3515 19
3516 19
3517 1
3518 2
3519 42
3520 55
3521 5
3522 10
3523 5
3524 5
3525 42
3526 10
3527 1
3528 126
3529 1
3530 10
3531 19
3532 5
3533 1
3534 38
3535 19
3536 37
3537 22
3538 10
3539 1
3540 65
3541 1
3542 38
3543 5
3544 8
3545 5
3546 24
3547 1
3548 5
3549 42
3550 24
3551 5
3552 46
3553 19
3554 2
3555 42
3556 19
3557 1
3558 10
3559 1
3560 28
3561 5
3562 10
3563 5
3564 115
3565 19
3566 2
3567 19
3568 11
3569 5
3570 130
3571 1
3572 19
3573 12
3574 2
3575 42
3576 28
3577 12
3578 2
3579 5
3580 19
3581 1
3582 24
3583 1
3584 26
3585 19
3586 10
3587 5
3588 65
3589 5
3590 10
3591 74
3592 8
3593 1
3594 10
3595 5
3596 19
3597 19
3598 10
3599 5
3600 162
3601 5
3602 2
3603 5
3604 19
3605 19
3606 10
3607 1
3608 28
3609 12
3610 24
3611 5
3612 65
3613 1
3614 10
3615 19
3616 14
3617 1
3618 44
3619 19
3620 19
3621 19
3622 2
3623 1
3624 28
3625 22
3626 24
3627 42
3628 5
3629 5
3630 84
3631 1
3632 11
3633 19
3634 10
3635 5
3636 42
3637 1
3638 10
3639 5
3640 92
3641 5
3642 10
3643 1
3644 5
3645 70
3646 2
3647 5
3648 55
3649 5
3650 24
3651 5
3652 19
3653 5
3654 84
3655 19
3656 8
3657 19
3658 10
3659 1
3660 65
3661 5
3662 2
3663 42
3664 11
3665 5
3666 38
3667 5
3668 19
3669 5
3670 10
3671 1
3672 104
3673 1
3674 10
3675 90
3676 5
3677 1
3678 10
3679 5
3680 46
3681 12
3682 10
3683 5
3684 19
3685 19
3686 10
3687 5
3688 8
3689 19
3690 84
3691 1
3692 19
3693 5
3694 2
3695 5
3696 119
3697 1
3698 6
3699 22
3700 42
3701 1
3702 10
3703 12
3704 8
3705 65
3706 10
3707 5
3708 42
3709 1
3710 38
3711 5
3712 20
3713 5
3714 10
3715 5
3716 5
3717 42
3718 24
3719 1
3720 92
3721 3
3722 2
3723 19
3724 42
3725 12
3726 70
3727 1
3728 11
3729 19
3730 10
3731 19
3732 19
3733 1
3734 2
3735 42
3736 8
3737 5
3738 38
3739 1
3740 65
3741 19
3742 2
3743 5
3744 96
3745 19
3746 2
3747 5
3748 5
3749 5
3750 70
3751 12
3752 28
3753 22
3754 2
3755 5
3756 19
3757 12
3758 2
3759 19
3760 37
3761 1
3762 84
3763 5
3764 5
3765 19
3766 10
3767 1
3768 28
3769 1
3770 38
3771 12
3772 19
3773 22
3774 38
3775 12
3776 17
3777 5
3778 2
3779 1
3780 238
3781 5
3782 10
3783 19
3784 28
3785 5
3786 10
3787 5
3788 5
3789 12
3790 10
3791 5
3792 37
3793 1
3794 10
3795 65
3796 19
3797 1
3798 24
3799 5
3800 60
3801 19
3802 2
3803 1
3804 19
3805 5
3806 10
3807 35
3808 46
3809 5
3810 38
3811 5
3812 5
3813 19
3814 2
3815 19
3816 60
3817 5
3818 10
3819 19
3820 19
3821 1
3822 84
3823 1
3824 11
3825 90
3826 2
3827 5
3828 65
3829 5
3830 10
3831 5
3832 8
3833 1
3834 44
3835 19
3836 19
3837 5
3838 10
3839 5
3840 73
3841 5
3842 10
3843 42
3844 12
3845 5
3846 10
3847 1
3848 28
3849 5
3850 84
3851 1
3852 42
3853 1
3854 10
3855 19
3856 11
3857 19
3858 10
3859 5
3860 19
3861 74
3862 2
3863 1
3864 92
3865 5
3866 2
3867 5
3868 5
3869 5
3870 84
3871 12
3872 30
3873 5
3874 10
3875 22
3876 65
3877 1
3878 10
3879 12
3880 28
3881 1
3882 10
3883 5
3884 5
3885 65
3886 10
3887 12
3888 93
3889 1
3890 10
3891 5
3892 19
3893 5
3894 38
3895 19
3896 8
3897 12
3898 2
3899 5
3900 138
3901 5
3902 2
3903 5
3904 17
3905 19
3906 84
3907 1
3908 5
3909 5
3910 38
3911 1
3912 28
3913 19
3914 10
3915 74
3916 19
3917 1
3918 10
3919 1
3920 78
3921 5
3922 10
3923 1
3924 42
3925 12
3926 10
3927 65
3928 8
3929 1
3930 38
3931 1
3932 5
3933 42
3934 10
3935 5
3936 46
3937 5
3938 10
3939 19
3940 19
3941 5
3942 44
3943 1
3944 28
3945 19
3946 2
3947 1
3948 65
3949 5
3950 24
3951 12
3952 37
3953 5
3954 10
3955 19
3956 19
3957 5
3958 2
3959 5
3960 192
3961 5
3962 10
3963 5
3964 5
3965 19
3966 10
3967 1
3968 20
3969 75
3970 10
3971 12
3972 19
3973 5
3974 2
3975 42
3976 28
3977 5
3978 84
3979 5
3980 19
3981 5
3982 10
3983 5
3984 37
3985 5
3986 2
3987 12
3988 5
3989 1
3990 130
3991 5
3992 8
3993 22
3994 2
3995 19
3996 74
3997 5
3998 2
3999 19
4000 52
4001 1
4002 38
4003 1
4004 65
4005 42
4006 2
4007 1
4008 28
4009 5
4010 10
4011 19
4012 19
4013 1
4014 24
4015 19
4016 11
4017 19
4018 24
4019 1
4020 65
4021 1
4022 2
4023 22
4024 8
4025 42
4026 38
4027 1
4028 19
4029 19
4030 38
4031 5
4032 114
4033 5
4034 2
4035 19
4036 5
4037 5
4038 10
4039 5
4040 28
4041 12
4042 10
4043 5
4044 19
4045 5
4046 24
4047 19
4048 37
4049 1
4050 150
4051 1
4052 5
4053 19
4054 2
4055 5
4056 60
4057 1
4058 2
4059 42
4060 65
4061 5
4062 10
4063 5
4064 14
4065 19
4066 10
4067 12
4068 42
4069 5
4070 38
4071 19
4072 8
4073 1
4074 38
4075 12
4076 5
4077 22
4078 2
4079 1
4080 119
4081 19
4082 10
4083 5
4084 5
4085 19
4086 24
4087 5
4088 28
4089 19
4090 10
4091 1
4092 65
4093 1
4094 10
4095 138
4096 11
4097 5
4098 10
4099 1
4100 42
4101 5
4102 10
4103 5
4104 104
4105 5
4106 2
4107 12
4108 19
4109 5
4110 38
4111 1
4112 11
4113 12
4114 24
4115 5
4116 74
4117 5
4118 10
4119 5
4120 28
4121 5
4122 24
4123 19
4124 5
4125 74
4126 2
4127 1
4128 46
4129 1
4130 38
4131 51
4132 5
4133 1
4134 38
4135 5
4136 28
4137 19
4138 2
4139 1
4140 138
4141 5
4142 10
4143 5
4144 37
4145 5
4146 10
4147 19
4148 19
4149 12
4150 24
4151 5
4152 28
4153 1
4154 10
4155 19
4156 5
4157 1
4158 148
4159 1
4160 55
4161 19
4162 2
4163 5
4164 19
4165 42
4166 2
4167 12
4168 8
4169 5
4170 38
4171 5
4172 19
4173 19
4174 2
4175 12
4176 78
4177 1
4178 2
4179 19
4180 65
4181 5
4182 38
4183 5
4184 8
4185 74
4186 38
4187 5
4188 19
4189 5
4190 10
4191 19
4192 14
4193 5
4194 24
4195 5
4196 5
4197 5
4198 2
4199 19
4200 192
4201 1
4202 10
4203 12
4204 5
4205 12
4206 10
4207 5
4208 11
4209 19
4210 10
4211 1
4212 115
4213 5
4214 24
4215 19
4216 28
4217 1
4218 38
4219 1
4220 19
4221 42
4222 2
4223 5
4224 64
4225 27
4226 2
4227 5
4228 19
4229 1
4230 84
4231 1
4232 18
4233 19
4234 10
4235 42
4236 19
4237 5
4238 10
4239 22
4240 37
4241 1
4242 38
4243 1
4244 5
4245 19
4246 10
4247 5
4248 60
4249 5
4250 44
4251 19
4252 5
4253 1
4254 10
4255 19
4256 46
4257 42
4258 2
4259 1
4260 65
4261 1
4262 2
4263 42
4264 28
4265 5
4266 44
4267 5
4268 19
4269 5
4270 38
4271 1
4272 37
4273 1
4274 2
4275 90
4276 5
4277 19
4278 38
4279 5
4280 28
4281 5
4282 2
4283 1
4284 138
4285 5
4286 2
4287 5
4288 17
4289 1
4290 130
4291 5
4292 19
4293 35
4294 10
4295 5
4296 28
4297 1
4298 10
4299 5
4300 42
4301 19
4302 24
4303 5
4304 11
4305 65
4306 2
4307 5
4308 19
4309 5
4310 10
4311 12
4312 60
4313 5
4314 10
4315 5
4316 19
4317 5
4318 10
4319 5
4320 164
4321 5
4322 2
4323 19
4324 19
4325 12
4326 38
4327 1
4328 8
4329 42
4330 10
4331 5
4332 42
4333 5
4334 10
4335 42
4336 11
4337 1
4338 24
4339 1
4340 65
4341 5
4342 10
4343 5
4344 28
4345 19
4346 10
4347 74
4348 5
4349 1
4350 84
4351 5
4352 23
4353 5
4354 10
4355 19
4356 90
4357 1
4358 2
4359 5
4360 28
4361 12
4362 10
4363 1
4364 5
4365 42
4366 10
4367 5
4368 119
4369 5
4370 38
4371 19
4372 5
4373 1
4374 56
4375 35
4376 8
4377 5
4378 10
4379 5
4380 65
4381 5
4382 10
4383 12
4384 14
4385 5
4386 38
4387 5
4388 5
4389 65
4390 10
4391 1
4392 60
4393 5
4394 12
4395 19
4396 19
4397 1
4398 10
4399 5
4400 78
4401 22
4402 10
4403 19
4404 19
4405 5
4406 2
4407 19
4408 28
4409 1
4410 180
4411 5
4412 5
4413 5
4414 2
4415 5
4416 55
4417 5
4418 6
4419 12
4420 65
4421 1
4422 38
4423 1
4424 28
4425 42
4426 2
4427 5
4428 74
4429 5
4430 10
4431 19
4432 11
4433 19
4434 10
4435 5
4436 5
4437 42
4438 10
4439 5
4440 92
4441 1
4442 2
4443 5
4444 19
4445 19
4446 84
4447 1
4448 14
4449 5
4450 24
4451 1
4452 65
4453 5
4454 10
4455 115
4456 8
4457 1
4458 10
4459 22
4460 19
4461 5
4462 10
4463 1
4464 78
4465 19
4466 38
4467 5
4468 5
4469 5
4470 38
4471 5
4472 28
4473 42
4474 2
4475 12
4476 19
4477 12
4478 2
4479 5
4480 64
4481 1
4482 44
4483 1
4484 19
4485 65
4486 2
4487 5
4488 92
4489 3
4490 10
4491 12
4492 5
4493 1
4494 38
4495 19
4496 11
4497 5
4498 10
4499 5
4500 156
4501 5
4502 2
4503 19
4504 8
4505 19
4506 10
4507 1
4508 42
4509 22
4510 38
4511 5
4512 46
4513 1
4514 10
4515 65
4516 5
4517 1
4518 24
4519 1
4520 28
4521 19
4522 38
4523 1
4524 65
4525 12
4526 10
4527 12
4528 11
4529 5
4530 38
4531 5
4532 19
4533 5
4534 2
4535 5
4536 160
4537 5
4538 2
4539 19
4540 19
4541 5
4542 10
4543 19
4544 17
4545 42
4546 2
4547 1
4548 19
4549 1
4550 84
4551 19
4552 8
4553 5
4554 84
4555 5
4556 19
4557 42
4558 10
4559 5
4560 119
4561 1
4562 2
4563 48
4564 19
4565 19
4566 10
4567 1
4568 8
4569 5
4570 10
4571 5
4572 42
4573 5
4574 2
4575 42
4576 46
4577 5
4578 38
4579 5
4580 19
4581 12
4582 10
4583 1
4584 28
4585 19
4586 2
4587 19
4588 19
4589 5
4590 148
4591 1
4592 37
4593 5
4594 2
4595 5
4596 19
4597 1
4598 24
4599 42
4600 60
4601 5
4602 38
4603 1
4604 5
4605 19
4606 24
4607 5
4608 54
4609 5
4610 10
4611 19
4612 5
4613 5
4614 10
4615 19
4616 8
4617 51
4618 2
4619 5
4620 211
4621 1
4622 2
4623 19
4624 24
4625 22
4626 24
4627 5
4628 19
4629 5
4630 10
4631 5
4632 28
4633 5
4634 10
4635 42
4636 19
4637 1
4638 10
4639 1
4640 46
4641 65
4642 10
4643 1
4644 74
4645 5
4646 10
4647 5
4648 28
4649 1
4650 84
4651 1
4652 5
4653 42
4654 10
4655 42
4656 37
4657 1
4658 10
4659 5
4660 19
4661 5
4662 84
4663 1
4664 28
4665 19
4666 2
4667 5
4668 19
4669 19
4670 10
4671 22
4672 17
4673 1
4674 38
4675 42
4676 19
4677 5
4678 2
4679 1
4680 192
4681 5
4682 2
4683 19
4684 5
4685 5
4686 38
4687 5
4688 11
4689 12
4690 38
4691 1
4692 65
4693 12
4694 2
4695 19
4696 8
4697 19
4698 70
4699 5
4700 42
4701 5
4702 2
4703 1
4704 96
4705 5
4706 10
4707 12
4708 19
4709 5
4710 38
4711 5
4712 28
4713 5
4714 2
4715 19
4716 42
4717 5
4718 10
4719 42
4720 37
4721 1
4722 10
4723 1
4724 5
4725 156
4726 10
4727 5
4728 28
4729 1
4730 38
4731 19
4732 42
4733 1
4734 24
4735 5
4736 20
4737 5
4738 10
4739 5
4740 65
4741 5
4742 2
4743 42
4744 8
4745 19
4746 38
4747 5
4748 5
4749 5
4750 44
4751 1
4752 134
4753 12
4754 2
4755 19
4756 19
4757 5
4758 38
4759 1
4760 92
4761 27
4762 2
4763 5
4764 19
4765 5
4766 2
4767 19
4768 14
4769 5
4770 84
4771 5
4772 5
4773 19
4774 38
4775 12
4776 28
4777 5
4778 2
4779 35
4780 19
4781 5
4782 10
4783 1
4784 37
4785 65
4786 2
4787 1
4788 138
4789 1
4790 10
4791 5
4792 8
4793 1
4794 38
4795 19
4796 19
4797 42
4798 2
4799 1
4800 114
4801 1
4802 20
4803 5
4804 5
4805 12
4806 44
4807 19
4808 8
4809 19
4810 38
4811 5
4812 19
4813 1
4814 10
4815 42
4816 37
4817 1
4818 38
4819 5
4820 19
4821 5
4822 2
4823 19
4824 60
4825 12
4826 10
4827 5
4828 19
4829 5
4830 130
4831 1
4832 14
4833 22
4834 2
4835 5
4836 65
4837 5
4838 10
4839 5
4840 60
4841 5
4842 24
4843 5
4844 19
4845 65
4846 2
4847 5
4848 37
4849 5
4850 24
4851 90
4852 5
4853 5
4854 10
4855 5
4856 8
4857 5
4858 10
4859 5
4860 165
4861 1
4862 38
4863 5
4864 23
4865 19
4866 10
4867 5
4868 5
4869 12
4870 10
4871 1
4872 92
4873 5
4874 2
4875 74
4876 19
4877 1
4878 24
4879 19
4880 37
4881 5
4882 2
4883 5
4884 65
4885 5
4886 10
4887 22
4888 28
4889 1
4890 38
4891 5
4892 5
4893 19
4894 2
4895 19
4896 96
4897 5
4898 10
4899 19
4900 90
4901 12
4902 38
4903 1
4904 8
4905 42
4906 10
4907 5
4908 19
4909 1
4910 10
4911 5
4912 11
4913 6
4914 148
4915 5
4916 5
4917 19
4918 2
4919 1
4920 92
4921 19
4922 10
4923 12
4924 5
4925 12
4926 10
4927 5
4928 55
4929 19
4930 38
4931 1
4932 42
4933 1
4934 2
4935 65
4936 8
4937 1
4938 10
4939 5
4940 65
4941 35
4942 10
4943 1
4944 37
4945 19
4946 2
4947 19
4948 5
4949 12
4950 180
4951 1
4952 8
4953 19
4954 2
4955 5
4956 65
4957 1
4958 10
4959 42
4960 46
4961 12
4962 10
4963 5
4964 19
4965 19
4966 10
4967 1
4968 104
4969 1
4970 38
4971 5
4972 19
4973 1
4974 10
4975 12
4976 11
4977 42
4978 10
4979 5
4980 65
4981 5
4982 10
4983 19
4984 28
4985 5
4986 24
4987 1
4988 19
4989 5
4990 10
4991 19
4992 64
4993 1
4994 10
4995 74
4996 5
4997 5
4998 84
4999 1
5000 50
5001 5
5002 10
5003 1
5004 42
5005 65
5006 2
5007 5
5008 11
5009 1
5010 38
5011 1
5012 19
5013 12
5014 10
5015 19
5016 92
5017 5
5018 10
5019 19
5020 19
5021 1
5022 70
5023 1
5024 14
5025 42
5026 10
5027 5
5028 19
5029 5
5030 10
5031 42
5032 28
5033 5
5034 10
5035 19
5036 5
5037 19
5038 10
5039 1
5040 246
5041 3
5042 2
5043 12
5044 19
5045 5
5046 24
5047 12
5048 8
5049 74
5050 24
5051 1
5052 19
5053 5
5054 24
5055 19
5056 17
5057 5
5058 24
5059 1
5060 65
5061 19
5062 2
5063 5
5064 28
5065 5
5066 10
5067 12
5068 19
5069 5
5070 84
5071 5
5072 11
5073 19
5074 10
5075 42
5076 74
5077 1
5078 2
5079 5
5080 28
5081 1
5082 84
5083 19
5084 19
5085 42
5086 2
5087 1
5088 46
5089 5
5090 10
5091 5
5092 19
5093 5
5094 24
5095 5
5096 60
5097 5
5098 2
5099 1
5100 138
5101 1
5102 2
5103 70
5104 37
5105 5
5106 38
5107 1
5108 5
5109 19
5110 38
5111 5
5112 60
5113 1
5114 2
5115 65
5116 5
5117 19
5118 10
5119 1
5120 29
5121 12
5122 10
5123 5
5124 65
5125 22
5126 10
5127 5
5128 8
5129 5
5130 148
5131 5
5132 5
5133 19
5134 10
5135 19
5136 37
5137 5
5138 10
5139 12
5140 19
5141 5
5142 10
5143 5
5144 8
5145 74
5146 10
5147 1
5148 138
5149 5
5150 24
5151 19
5152 46
5153 1
5154 10
5155 5
5156 5
5157 22
5158 2
5159 19
5160 92
5161 5
5162 10
5163 5
5164 5
5165 5
5166 84
5167 1
5168 37
5169 5
5170 38
5171 1
5172 19
5173 5
5174 10
5175 90
5176 8
5177 5
5178 10
5179 1
5180 65
5181 19
5182 2
5183 5
5184 95
5185 19
5186 2
5187 65
5188 5
5189 1
5190 38
5191 5
5192 28
5193 12
5194 24
5195 5
5196 19
5197 1
5198 10
5199 5
5200 78
5201 5
5202 54
5203 12
5204 5
5205 19
5206 10
5207 5
5208 92
5209 1
5210 10
5211 22
5212 5
5213 5
5214 38
5215 19
5216 14
5217 19
5218 2
5219 5
5220 138
5221 5
5222 10
5223 5
5224 8
5225 42
5226 38
5227 1
5228 5
5229 42
5230 10
5231 1
5232 37
5233 1
5234 2
5235 19
5236 65
5237 1
5238 44
5239 12
5240 28
5241 5
5242 2
5243 12
5244 65
5245 5
5246 10
5247 42
5248 20
5249 5
5250 148
5251 5
5252 19
5253 19
5254 10
5255 5
5256 60
5257 5
5258 10
5259 5
5260 19
5261 1
5262 10
5263 5
5264 37
5265 115
5266 2
5267 5
5268 19
5269 5
5270 38
5271 19
5272 8
5273 1
5274 24
5275 12
5276 5
5277 5
5278 38
5279 1
5280 146
5281 1
5282 10
5283 12
5284 5
5285 19
5286 10
5287 5
5288 8
5289 19
5290 24
5291 19
5292 156
5293 5
5294 2
5295 19
5296 11
5297 1
5298 10
5299 5
5300 42
5301 42
5302 10
5303 1
5304 92
5305 5
5306 10
5307 19
5308 5
5309 1
5310 84
5311 5
5312 17
5313 65
5314 2
5315 5
5316 19
5317 5
5318 2
5319 22
5320 92
5321 5
5322 10
5323 1
5324 22
5325 42
5326 2
5327 5
5328 78
5329 3
5330 38
5331 5
5332 19
5333 1
5334 38
5335 19
5336 28
5337 12
5338 10
5339 5
5340 65
5341 12
5342 2
5343 19
5344 14
5345 5
5346 102
5347 1
5348 19
5349 5
5350 24
5351 1
5352 28
5353 5
5354 2
5355 138
5356 19
5357 5
5358 38
5359 5
5360 37
5361 5
5362 10
5363 5
5364 42
5365 19
5366 2
5367 5
5368 28
5369 19
5370 38
5371 5
5372 19
5373 22
5374 2
5375 22
5376 73
5377 5
5378 2
5379 19
5380 19
5381 1
5382 84
5383 5
5384 8
5385 19
5386 2
5387 1
5388 19
5389 5
5390 84
5391 12
5392 11
5393 1
5394 38
5395 19
5396 19
5397 19
5398 2
5399 1
5400 216
5401 5
5402 10
5403 5
5404 19
5405 19
5406 38
5407 1
5408 30
5409 12
5410 10
5411 5
5412 65
5413 1
5414 2
5415 42
5416 8
5417 1
5418 84
5419 1
5420 19
5421 19
5422 2
5423 19
5424 37
5425 42
5426 2
5427 35
5428 19
5429 5
5430 38
5431 1
5432 28
5433 5
5434 38
5435 5
5436 42
5437 1
5438 2
5439 42
5440 55
5441 1
5442 10
5443 1
5444 5
5445 90
5446 10
5447 5
5448 28
5449 1
5450 24
5451 19
5452 19
5453 19
5454 44
5455 5
5456 37
5457 19
5458 2
5459 5
5460 211
5461 5
5462 2
5463 12
5464 8
5465 5
5466 10
5467 19
5468 5
5469 5
5470 10
5471 1
5472 96
5473 5
5474 38
5475 42
5476 12
5477 1
5478 38
5479 1
5480 28
5481 74
5482 2
5483 1
5484 19
5485 5
5486 10
5487 19
5488 42
5489 5
5490 84
5491 12
5492 5
5493 5
5494 10
5495 19
5496 28
5497 5
5498 2
5499 42
5500 74
5501 1
5502 38
5503 1
5504 20
5505 19
5506 2
5507 1
5508 115
5509 5
5510 38
5511 19
5512 28
5513 5
5514 10
5515 5
5516 19
5517 12
5518 10
5519 1
5520 119
5521 1
5522 10
5523 19
5524 5
5525 42
5526 24
5527 1
5528 8
5529 19
5530 38
5531 1
5532 19
5533 5
5534 2
5535 74
5536 14
5537 12
5538 38
5539 5
5540 19
5541 5
5542 10
5543 5
5544 192
5545 5
5546 10
5547 12
5548 19
5549 5
5550 84
5551 19
5552 11
5553 12
5554 2
5555 19
5556 19
5557 1
5558 10
5559 19
5560 28
5561 5
5562 44
5563 1
5564 19
5565 65
5566 24
5567 5
5568 55
5569 1
5570 10
5571 12
5572 19
5573 1
5574 10
5575 12
5576 28
5577 42
5578 2
5579 5
5580 138
5581 1
5582 2
5583 5
5584 11
5585 5
5586 84
5587 5
5588 19
5589 51
5590 38
5591 1
5592 28
5593 19
5594 2
5595 19
5596 5
5597 5
5598 24
5599 5
5600 96
5601 5
5602 2
5603 5
5604 19
5605 19
5606 2
5607 42
5608 8
5609 5
5610 130
5611 5
5612 19
5613 5
5614 10
5615 5
5616 134
5617 5
5618 6
5619 5
5620 19
5621 19
5622 10
5623 1
5624 28
5625 75
5626 10
5627 5
5628 65
5629 5
5630 10
5631 5
5632 26
5633 5
5634 24
5635 42
5636 5
5637 5
5638 2
5639 1
5640 92
5641 1
5642 38
5643 74
5644 19
5645 5
5646 10
5647 1
5648 11
5649 19
5650 24
5651 1
5652 42
5653 1
5654 10
5655 65
5656 28
5657 1
5658 38
5659 1
5660 19
5661 42
5662 10
5663 5
5664 46
5665 19
5666 2
5667 5
5668 19
5669 1
5670 230
5671 5
5672 8
5673 19
5674 2
5675 12
5676 65
5677 5
5678 10
5679 12
5680 37
5681 19
5682 10
5683 1
5684 42
5685 19
5686 2
5687 12
5688 60
5689 1
5690 10
5691 19
5692 5
5693 1
5694 38
5695 19
5696 17
5697 22
5698 38
5699 5
5700 138
5701 1
5702 2
5703 5
5704 28
5705 19
5706 24
5707 5
5708 5
5709 19
5710 10
5711 1
5712 119
5713 5
5714 2
5715 42
5716 5
5717 1
5718 10
5719 19
5720 92
5721 5
5722 2
5723 5
5724 74
5725 12
5726 10
5727 19
5728 14
5729 5
5730 38
5731 5
5732 5
5733 90
5734 10
5735 19
5736 28
5737 1
5738 10
5739 5
5740 65
5741 1
5742 84
5743 1
5744 11
5745 19
5746 24
5747 5
5748 19
5749 1
5750 44
5751 35
5752 8
5753 5
5754 38
5755 5
5756 5
5757 19
5758 2
5759 5
5760 132
5761 5
5762 10
5763 19
5764 19
5765 5
5766 24
5767 5
5768 28
5769 12
5770 10
5771 5
5772 65
5773 5
5774 2
5775 138
5776 24
5777 5
5778 44
5779 1
5780 42
5781 19
5782 24
5783 1
5784 28
5785 19
5786 10
5787 12
5788 5
5789 5
5790 38
5791 1
5792 14
5793 5
5794 2
5795 19
5796 138
5797 19
5798 10
5799 5
5800 60
5801 1
5802 10
5803 5
5804 5
5805 74
5806 2
5807 1
5808 78
5809 5
5810 38
5811 19
5812 5
5813 1
5814 84
5815 5
5816 8
5817 19
5818 2
5819 12
5820 65
5821 1
5822 10
5823 12
5824 55
5825 12
5826 10
5827 1
5828 19
5829 19
5830 38
5831 22
5832 98
5833 5
5834 2
5835 19
5836 5
5837 5
5838 38
5839 1
5840 37
5841 42
5842 10
5843 1
5844 19
5845 19
5846 10
5847 5
5848 28
5849 1
5850 180
5851 1
5852 65
5853 5
5854 2
5855 5
5856 46
5857 1
5858 10
5859 74
5860 19
5861 1
5862 10
5863 19
5864 8
5865 65
5866 10
5867 1
5868 42
5869 1
5870 10
5871 19
5872 11
5873 5
5874 38
5875 22
5876 19
5877 12
5878 2
5879 1
5880 192
5881 1
5882 10
5883 19
5884 5
5885 19
5886 44
5887 12
5888 23
5889 19
5890 38
5891 5
5892 19
5893 5
5894 10
5895 42
5896 28
5897 1
5898 10
5899 5
5900 42
5901 19
5902 10
5903 1
5904 78
5905 5
5906 2
5907 19
5908 19
5909 5
5910 38
5911 5
5912 8
5913 35
5914 2
5915 42
5916 65
5917 5
5918 10
5919 5
5920 46
5921 5
5922 84
5923 1
5924 5
5925 42
5926 2
5927 1
5928 92
5929 27
5930 10
5931 12
5932 5
5933 5
5934 38
5935 5
5936 37
5937 5
5938 2
5939 1
5940 238
5941 5
5942 2
5943 19
5944 8
5945 19
5946 10
5947 5
5948 5
5949 12
5950 84
5951 5
5952 55
5953 1
5954 10
5955 19
5956 5
5957 19
5958 24
5959 5
5960 28
5961 5
5962 10
5963 5
5964 65
5965 5
5966 10
5967 74
5968 11
5969 5
5970 38
5971 5
5972 5
5973 19
5974 10
5975 12
5976 60
5977 5
5978 24
5979 5
5980 65
5981 1
5982 10
5983 5
5984 46
5985 138
5986 10
5987 1
5988 19
5989 5
5990 10
5991 5
5992 28
5993 5
5994 70
5995 19
5996 5
5997 5
5998 2
5999 5
6000 134
6001 5
6002 2
6003 42
6004 19
6005 5
6006 130
6007 1
6008 8
6009 5
6010 10
6011 1
6012 42
6013 5
6014 10
6015 19
6016 20
6017 5
6018 38
6019 5
6020 65
6021 22
6022 2
6023 5
6024 28
6025 12
6026 10
6027 42
6028 19
6029 1
6030 84
6031 5
6032 37
6033 5
6034 10
6035 19
6036 19
6037 1
6038 2
6039 42
6040 28
6041 5
6042 38
6043 1
6044 5
6045 65
6046 2
6047 1
6048 164
6049 5
6050 54
6051 5
6052 19
6053 1
6054 10
6055 19
6056 8
6057 12
6058 10
6059 5
6060 65
6061 19
6062 10
6063 19
6064 11
6065 5
6066 24
6067 1
6068 19
6069 42
6070 10
6071 5
6072 92
6073 1
6074 2
6075 108
6076 42
6077 5
6078 10
6079 1
6080 55
6081 5
6082 2
6083 19
6084 90
6085 5
6086 10
6087 5
6088 8
6089 1
6090 130
6091 1
6092 5
6093 12
6094 10
6095 19
6096 37
6097 19
6098 2
6099 19
6100 42
6101 1
6102 44
6103 5
6104 28
6105 65
6106 10
6107 5
6108 19
6109 5
6110 38
6111 42
6112 14
6113 1
6114 10
6115 5
6116 19
6117 5
6118 38
6119 5
6120 192
6121 1
6122 2
6123 19
6124 5
6125 48
6126 10
6127 5
6128 11
6129 22
6130 10
6131 1
6132 65
6133 1
6134 2
6135 19
6136 28
6137 12
6138 84
6139 5
6140 19
6141 19
6142 10
6143 1
6144 32
6145 5
6146 10
6147 12
6148 19
6149 19
6150 84
6151 1
6152 8
6153 19
6154 10
6155 5
6156 115
6157 5
6158 2
6159 5
6160 119
6161 5
6162 38
6163 1
6164 19
6165 42
6166 2
6167 5
6168 28
6169 5
6170 10
6171 42
6172 5
6173 1
6174 96
6175 42
6176 14
6177 19
6178 2
6179 5
6180 65
6181 5
6182 10
6183 22
6184 8
6185 5
6186 10
6187 5
6188 65
6189 5
6190 10
6191 5
6192 78
6193 5
6194 10
6195 65
6196 5
6197 1
6198 10
6199 1
6200 60
6201 42
6202 10
6203 1
6204 65
6205 19
6206 10
6207 5
6208 17
6209 5
6210 148
6211 1
6212 5
6213 19
6214 10
6215 19
6216 92
6217 1
6218 2
6219 12
6220 19
6221 1
6222 38
6223 12
6224 11
6225 42
6226 10
6227 5
6228 42
6229 1
6230 38
6231 19
6232 28
6233 5
6234 10
6235 19
6236 5
6237 115
6238 2
6239 5
6240 146
6241 3
6242 2
6243 5
6244 19
6245 5
6246 24
6247 1
6248 28
6249 5
6250 30
6251 19
6252 19
6253 12
6254 10
6255 42
6256 37
6257 1
6258 38
6259 5
6260 19
6261 5
6262 10
6263 1
6264 104
6265 19
6266 10
6267 5
6268 5
6269 1
6270 130
6271 1
6272 42
6273 42
6274 2
6275 12
6276 19
6277 1
6278 10
6279 65
6280 28
6281 5
6282 24
6283 5
6284 5
6285 19
6286 10
6287 1
6288 37
6289 5
6290 38
6291 22
6292 42
6293 19
6294 10
6295 5
6296 8
6297 5
6298 10
6299 1
6300 288
6301 1
6302 10
6303 19
6304 14
6305 19
6306 10
6307 19
6308 19
6309 12
6310 10
6311 1
6312 28
6313 5
6314 38
6315 19
6316 5
6317 1
6318 102
6319 5
6320 37
6321 42
6322 10
6323 1
6324 65
6325 42
6326 2
6327 42
6328 28
6329 1
6330 38
6331 5
6332 5
6333 5
6334 2
6335 19
6336 114
6337 1
6338 2
6339 5
6340 19
6341 5
6342 38
6343 1
6344 28
6345 74
6346 10
6347 5
6348 42
6349 5
6350 24
6351 19
6352 11
6353 1
6354 24
6355 19
6356 19
6357 19
6358 24
6359 1
6360 92
6361 1
6362 2
6363 42
6364 19
6365 19
6366 10
6367 1
6368 14
6369 19
6370 84
6371 5
6372 74
6373 1
6374 2
6375 74
6376 8
6377 5
6378 10
6379 1
6380 65
6381 12
6382 2
6383 5
6384 119
6385 5
6386 10
6387 5
6388 5
6389 1
6390 84
6391 19
6392 28
6393 5
6394 10
6395 5
6396 65
6397 1
6398 10
6399 35
6400 48
6401 5
6402 38
6403 5
6404 5
6405 65
6406 2
6407 5
6408 60
6409 19
6410 10
6411 5
6412 19
6413 12
6414 10
6415 5
6416 11
6417 42
6418 2
6419 12
6420 65
6421 1
6422 24
6423 5
6424 28
6425 12
6426 148
6427 1
6428 5
6429 5
6430 10
6431 5
6432 46
6433 5
6434 2
6435 138
6436 5
6437 5
6438 38
6439 5
6440 92
6441 19
6442 2
6443 5
6444 42
6445 5
6446 10
6447 19
6448 37
6449 1
6450 84
6451 1
6452 5
6453 22
6454 10
6455 5
6456 28
6457 5
6458 2
6459 5
6460 65
6461 19
6462 24
6463 5
6464 17
6465 19
6466 10
6467 5
6468 138
6469 1
6470 10
6471 12
6472 8
6473 1
6474 38
6475 42
6476 5
6477 19
6478 10
6479 19
6480 205
6481 1
6482 10
6483 5
6484 5
6485 5
6486 38
6487 5
6488 8
6489 42
6490 38
6491 1
6492 19
6493 5
6494 10
6495 19
6496 46
6497 5
6498 54
6499 5
6500 74
6501 19
6502 2
6503 5
6504 28
6505 5
6506 2
6507 22
6508 5
6509 5
6510 130
6511 5
6512 37
6513 19
6514 2
6515 5
6516 42
6517 22
6518 2
6519 19
6520 28
6521 1
6522 10
6523 5
6524 19
6525 90
6526 10
6527 5
6528 64
6529 1
6530 10
6531 19
6532 19
6533 5
6534 96
6535 5
6536 28
6537 5
6538 10
6539 5
6540 65
6541 5
6542 2
6543 12
6544 11
6545 65
6546 10
6547 1
6548 5
6549 19
6550 24
6551 1
6552 192
6553 1
6554 10
6555 65
6556 19
6557 5
6558 10
6559 5
6560 46
6561 36
6562 10
6563 1
6564 19
6565 19
6566 24
6567 19
6568 8
6569 1
6570 84
6571 1
6572 19
6573 19
6574 10
6575 12
6576 37
6577 1
6578 38
6579 42
6580 65
6581 1
6582 10
6583 5
6584 8
6585 19
6586 10
6587 5
6588 74
6589 5
6590 10
6591 22
6592 17
6593 5
6594 38
6595 5
6596 19
6597 12
6598 2
6599 1
6600 192
6601 19
6602 2
6603 19
6604 19
6605 5
6606 24
6607 1
6608 37
6609 5
6610 10
6611 5
6612 65
6613 5
6614 2
6615 156
6616 8
6617 5
6618 10
6619 1
6620 19
6621 5
6622 38
6623 5
6624 96
6625 22
6626 2
6627 12
6628 5
6629 5
6630 130
6631 5
6632 8
6633 42
6634 10
6635 5
6636 65
6637 1
6638 2
6639 5
6640 37
6641 5
6642 70
6643 19
6644 19
6645 19
6646 2
6647 12
6648 28
6649 5
6650 84
6651 12
6652 5
6653 1
6654 10
6655 22
6656 26
6657 19
6658 2
6659 1
6660 138
6661 1
6662 2
6663 5
6664 60
6665 19
6666 38
6667 5
6668 5
6669 74
6670 38
6671 5
6672 37
6673 1
6674 10
6675 42
6676 5
6677 5
6678 84
6679 1
6680 28
6681 19
6682 10
6683 5
6684 19
6685 19
6686 2
6687 12
6688 46
6689 1
6690 38
6691 1
6692 19
6693 19
6694 2
6695 19
6696 104
6697 5
6698 10
6699 65
6700 42
6701 1
6702 10
6703 1
6704 11
6705 42
6706 10
6707 5
6708 65
6709 1
6710 38
6711 5
6712 8
6713 12
6714 24
6715 19
6716 19
6717 5
6718 2
6719 1
6720 173
6721 19
6722 2
6723 35
6724 12
6725 12
6726 38
6727 12
6728 18
6729 5
6730 10
6731 5
6732 138
6733 1
6734 38
6735 19
6736 11
6737 1
6738 10
6739 5
6740 19
6741 42
6742 2
6743 5
6744 28
6745 19
6746 2
6747 19
6748 19
6749 5
6750 168
6751 5
6752 14
6753 5
6754 10
6755 19
6756 19
6757 5
6758 10
6759 12
6760 60
6761 1
6762 84
6763 1
6764 19
6765 65
6766 10
6767 5
6768 78
6769 5
6770 10
6771 19
6772 5
6773 5
6774 10
6775 12
6776 60
6777 22
6778 2
6779 1
6780 65
6781 1
6782 2
6783 65
6784 20
6785 19
6786 84
6787 5
6788 5
6789 19
6790 38
6791 1
6792 28
6793 1
6794 10
6795 42
6796 5
6797 5
6798 38
6799 5
6800 78
6801 5
6802 10
6803 1
6804 165
6805 5
6806 10
6807 5
6808 28
6809 5
6810 38
6811 12
6812 19
6813 12
6814 2
6815 19
6816 46
6817 5
6818 10
6819 5
6820 65
6821 5
6822 24
6823 1
6824 8
6825 138
6826 2
6827 1
6828 19
6829 1
6830 10
6831 74
6832 37
6833 1
6834 38
6835 5
6836 5
6837 19
6838 10
6839 5
6840 192
6841 1
6842 10
6843 5
6844 19
6845 12
6846 38
6847 5
6848 17
6849 12
6850 24
6851 19
6852 19
6853 19
6854 10
6855 19
6856 8
6857 1
6858 44
6859 6
6860 74
6861 5
6862 10
6863 1
6864 119
6865 5
6866 2
6867 42
6868 19
6869 1
6870 38
6871 1
6872 8
6873 19
6874 10
6875 35
6876 42
6877 12
6878 10
6879 5
6880 46
6881 5
6882 38
6883 1
6884 5
6885 115
6886 10
6887 5
6888 92
6889 3
6890 38
6891 5
6892 5
6893 5
6894 24
6895 19
6896 11
6897 42
6898 2
6899 1
6900 138
6901 5
6902 38
6903 42
6904 8
6905 5
6906 10
6907 1
6908 19
6909 42
6910 10
6911 1
6912 82
6913 5
6914 2
6915 19
6916 65
6917 1
6918 10
6919 19
6920 28
6921 12
6922 2
6923 19
6924 19
6925 12
6926 2
6927 5
6928 11
6929 12
6930 276
6931 5
6932 5
6933 5
6934 2
6935 19
6936 60
6937 5
6938 2
6939 22
6940 19
6941 5
6942 38
6943 5
6944 46
6945 19
6946 10
6947 1
6948 42
6949 1
6950 24
6951 19
6952 28
6953 5
6954 38
6955 19
6956 19
6957 12
6958 24
6959 1
6960 119
6961 1
6962 6
6963 19
6964 5
6965 19
6966 70
6967 1
6968 28
6969 19
6970 38
6971 1
6972 65
6973 5
6974 10
6975 90
6976 17
6977 1
6978 10
6979 5
6980 19
6981 19
6982 2
6983 1
6984 60
6985 19
6986 10
6987 19
6988 5
6989 5
6990 38
6991 1
6992 37
6993 74
6994 10
6995 5
6996 65
6997 1
6998 2
6999 5
7000 104
7001 1
7002 24
7003 5
7004 19
7005 19
7006 10
7007 42
7008 46
7009 5
7010 10
7011 42
7012 5
7013 1
7014 38
7015 19
7016 8
7017 5
7018 24
7019 1
7020 238
7021 19
7022 2
7023 5
7024 11
7025 12
7026 10
7027 1
7028 19
7029 42
7030 38
7031 5
7032 28
7033 5
7034 2
7035 65
7036 5
7037 5
7038 84
7039 1
7040 64
7041 5
7042 10
7043 1
7044 19
7045 5
7046 10
7047 51
7048 8
7049 19
7050 84
7051 5
7052 19
7053 5
7054 2
7055 19
7056 162
7057 1
7058 2
7059 19
7060 19
7061 5
7062 38
7063 5
7064 8
7065 42
7066 2
7067 5
7068 65
7069 1
7070 38
7071 5
7072 46
7073 5
7074 44
7075 12
7076 19
7077 19
7078 2
7079 1
7080 92
7081 5
7082 2
7083 12
7084 65
7085 19
7086 10
7087 5
7088 11
7089 19
7090 10
7091 5
7092 42
7093 5
7094 2
7095 65
7096 8
7097 5
7098 84
7099 5
7100 42
7101 22
7102 10
7103 1
7104 55
7105 42
7106 38
7107 19
7108 5
7109 1
7110 84
7111 5
7112 28
7113 5
7114 2
7115 5
7116 19
7117 5
7118 2
7119 42
7120 37
7121 1
7122 10
7123 5
7124 19
7125 74
7126 10
7127 1
7128 160
7129 1
7130 38
7131 5
7132 5
7133 5
7134 38
7135 5
7136 14
7137 42
7138 10
7139 12
7140 211
7141 5
7142 2
7143 5
7144 28
7145 5
7146 24
7147 5
7148 5
7149 5
7150 84
7151 1
7152 37
7153 5
7154 24
7155 74
7156 5
7157 5
7158 10
7159 1
7160 28
7161 65
7162 2
7163 19
7164 42
7165 5
7166 2
7167 5
7168 29
7169 5
7170 38
7171 5
7172 19
7173 12
7174 10
7175 42
7176 92
7177 1
7178 10
7179 5
7180 19
7181 5
7182 148
7183 5
7184 11
7185 19
7186 2
7187 1
7188 19
7189 19
7190 10
7191 42
7192 28
7193 1
7194 38
7195 5
7196 19
7197 5
7198 10
7199 5
7200 198
7201 5
7202 10
7203 35
7204 5
7205 19
7206 10
7207 1
7208 28
7209 35
7210 38
7211 1
7212 19
7213 1
7214 2
7215 65
7216 37
7217 5
7218 24
7219 1
7220 42
7221 19
7222 10
7223 5
7224 92
7225 27
7226 2
7227 42
7228 19
7229 1
7230 38
7231 5
7232 17
7233 5
7234 2
7235 5
7236 74
7237 1
7238 38
7239 19
7240 28
7241 5
7242 38
7243 1
7244 5
7245 138
7246 2
7247 1
7248 37
7249 5
7250 44
7251 5
7252 42
7253 1
7254 84
7255 5
7256 8
7257 19
7258 10
7259 19
7260 138
7261 5
7262 2
7263 22
7264 14
7265 5
7266 38
7267 12
7268 19
7269 5
7270 10
7271 5
7272 60
7273 5
7274 2
7275 42
7276 19
7277 5
7278 10
7279 5
7280 119
7281 12
7282 10
7283 1
7284 19
7285 19
7286 2
7287 19
7288 8
7289 5
7290 140
7291 5
7292 5
7293 65
7294 10
7295 5
7296 64
7297 1
7298 10
7299 12
7300 42
7301 12
7302 10
7303 5
7304 28
7305 19
7306 10
7307 1
7308 138
7309 1
7310 38
7311 5
7312 11
7313 5
7314 38
7315 65
7316 19
7317 22
7318 2
7319 5
7320 92
7321 1
7322 10
7323 5
7324 5
7325 12
7326 84
7327 5
7328 14
7329 19
7330 10
7331 1
7332 65
7333 1
7334 10
7335 42
7336 28
7337 19
7338 10
7339 5
7340 19
7341 5
7342 2
7343 5
7344 134
7345 19
7346 2
7347 19
7348 19
7349 1
7350 180
7351 1
7352 8
7353 42
7354 2
7355 5
7356 19
7357 5
7358 10
7359 19
7360 55
7361 5
7362 24
7363 5
7364 19
7365 19
7366 10
7367 5
7368 28
7369 1
7370 38
7371 115
7372 19
7373 5
7374 10
7375 22
7376 11
7377 5
7378 38
7379 5
7380 138
7381 12
7382 2
7383 19
7384 28
7385 19
7386 10
7387 5
7388 5
7389 12
7390 10
7391 5
7392 146
7393 1
7394 2
7395 65
7396 12
7397 5
7398 44
7399 12
7400 60
7401 5
7402 2
7403 5
7404 19
7405 5
7406 24
7407 12
7408 11
7409 5
7410 130
7411 1
7412 19
7413 19
7414 10
7415 5
7416 60
7417 1
7418 2
7419 5
7420 65
7421 5
7422 10
7423 5
7424 23
7425 156
7426 10
7427 5
7428 19
7429 19
7430 10
7431 5
7432 8
7433 1
7434 84
7435 5
7436 42
7437 19
7438 2
7439 5
7440 119
7441 5
7442 6
7443 12
7444 5
7445 5
7446 38
7447 5
7448 60
7449 19
7450 24
7451 1
7452 115
7453 5
7454 2
7455 65
7456 14
7457 1
7458 38
7459 1
7460 19
7461 12
7462 38
7463 5
7464 28
7465 5
7466 2
7467 19
7468 5
7469 19
7470 84
7471 5
7472 11
7473 19
7474 10
7475 42
7476 65
7477 1
7478 2
7479 22
7480 92
7481 1
7482 38
7483 5
7484 5
7485 19
7486 10
7487 1
7488 114
7489 1
7490 38
7491 19
7492 5
7493 5
7494 10
7495 5
7496 8
7497 90
7498 10
7499 1
7500 115
7501 5
7502 24
7503 19
7504 37
7505 19
7506 44
7507 1
7508 5
7509 5
7510 10
7511 19
7512 28
7513 5
7514 24
7515 42
7516 5
7517 1
7518 38
7519 5
7520 46
7521 19
7522 2
7523 1
7524 138
7525 42
7526 10
7527 19
7528 8
7529 1
7530 38
7531 5
7532 19
7533 51
7534 2
7535 19
7536 37
7537 1
7538 2
7539 19
7540 65
7541 1
7542 24
7543 5
7544 28
7545 19
7546 44
7547 1
7548 65
7549 1
7550 24
7551 12
7552 20
7553 19
7554 10
7555 5
7556 5
7557 19
7558 2
7559 1
7560 328
7561 1
7562 10
7563 5
7564 19
7565 19
7566 38
7567 19
7568 37
7569 27
7570 10
7571 5
7572 19
7573 1
7574 10
7575 42
7576 8
7577 1
7578 24
7579 19
7580 19
7581 42
7582 10
7583 1
7584 46
7585 19
7586 2
7587 22
7588 19
7589 1
7590 130
7591 1
7592 28
7593 5
7594 2
7595 42
7596 42
7597 5
7598 10
7599 19
7600 78
7601 5
7602 38
7603 1
7604 5
7605 90
7606 2
7607 1
7608 28
7609 5
7610 10
7611 19
7612 19
7613 5
7614 70
7615 5
7616 55
7617 5
7618 10
7619 5
7620 65
7621 1
7622 10
7623 90
7624 8
7625 22
7626 38
7627 5
7628 5
7629 5
7630 38
7631 5
7632 78
7633 5
7634 10
7635 19
7636 19
7637 5
7638 38
7639 1
7640 28
7641 22
7642 2
7643 1
7644 138
7645 19
7646 2
7647 5
7648 14
7649 1
7650 180
7651 5
7652 5
7653 5
7654 10
7655 5
7656 92
7657 19
7658 10
7659 42
7660 19
7661 5
7662 10
7663 5
7664 11
7665 65
7666 2
7667 19
7668 74
7669 1
7670 38
7671 5
7672 28
7673 1
7674 10
7675 12
7676 19
7677 12
7678 10
7679 5
7680 82
7681 1
7682 10
7683 19
7684 19
7685 19
7686 84
7687 1
7688 18
7689 19
7690 10
7691 1
7692 19
7693 12
7694 2
7695 115
7696 37
7697 5
7698 10
7699 1
7700 138
7701 19
7702 2
7703 1
7704 60
7705 19
7706 2
7707 19
7708 19
7709 5
7710 38
7711 5
7712 14
7713 12
7714 38
7715 5
7716 19
7717 1
7718 10
7719 19
7720 28
7721 5
7722 148
7723 1
7724 5
7725 42
7726 2
7727 1
7728 119
7729 5
7730 10
7731 12
7732 5
7733 19
7734 10
7735 65
7736 8
7737 5
7738 10
7739 5
7740 138
7741 1
7742 24
7743 19
7744 36
7745 5
7746 10
7747 5
7748 19
7749 74
7750 44
7751 5
7752 92
7753 1
7754 2
7755 65
7756 19
7757 1
7758 24
7759 1
7760 37
7761 19
7762 2
7763 5
7764 19
7765 5
7766 10
7767 12
7768 8
7769 5
7770 130
7771 5
7772 19
7773 5
7774 24
7775 12
7776 114
7777 19
7778 2
7779 5
7780 19
7781 5
7782 10
7783 5
7784 28
7785 42
7786 10
7787 5
7788 65
7789 1
7790 38
7791 42
7792 11
7793 1
7794 24
7795 5
7796 5
7797 19
7798 10
7799 5
7800 192
7801 5
7802 10
7803 48
7804 5
7805 19
7806 10
7807 5
7808 20
7809 19
7810 38
7811 5
7812 138
7813 5
7814 2
7815 19
7816 8
7817 1
7818 10
7819 5
7820 65
7821 42
7822 2
7823 1
7824 37
7825 12
7826 38
7827 5
7828 19
7829 1
7830 148
7831 5
7832 28
7833 19
7834 2
7835 5
7836 19
7837 5
7838 2
7839 42
7840 96
7841 1
7842 10
7843 19
7844 19
7845 19
7846 2
7847 19
7848 60
7849 5
7850 24
7851 5
7852 19
7853 1
7854 130
7855 5
7856 11
7857 35
7858 2
7859 5
7860 65
7861 5
7862 2
7863 5
7864 8
7865 42
7866 84
7867 1
7868 19
7869 19
7870 10
7871 5
7872 55
7873 1
7874 10
7875 156
7876 19
7877 1
7878 38
7879 1
7880 28
7881 19
7882 10
7883 1
7884 74
7885 19
7886 2
7887 19
7888 37
7889 22
7890 38
7891 5
7892 5
7893 12
7894 2
7895 5
7896 92
7897 5
7898 10
7899 5
7900 42
7901 1
7902 24
7903 5
7904 46
7905 65
7906 10
7907 1
7908 19
7909 5
7910 38
7911 22
7912 28
7913 5
7914 10
7915 5
7916 5
7917 65
7918 10
7919 1
7920 246
7921 3
7922 10
7923 19
7924 19
7925 12
7926 10
7927 1
7928 8
7929 12
7930 38
7931 19
7932 19
7933 1
7934 2
7935 42
7936 23
7937 1
7938 150
7939 5
7940 19
7941 5
7942 24
7943 12
7944 28
7945 19
7946 10
7947 12
7948 5
7949 1
7950 84
7951 1
7952 37
7953 19
7954 10
7955 19
7956 138
7957 5
7958 10
7959 19
7960 28
7961 5
7962 10
7963 1
7964 19
7965 74
7966 10
7967 5
7968 46
7969 5
7970 10
7971 5
7972 5
7973 19
7974 24
7975 42
7976 8
7977 5
7978 2
7979 5
7980 211
7981 5
7982 10
7983 12
7984 11
7985 5
7986 44
7987 12
7988 5
7989 5
7990 38
7991 5
7992 104
7993 1
7994 10
7995 65
7996 5
7997 5
7998 38
7999 5
8000 62
8001 42
8002 2
8003 5
8004 65
8005 5
8006 2
8007 19
8008 92
8009 1
8010 84
8011 1
8012 5
8013 5
8014 2
8015 19
8016 37
8017 1
8018 10
8019 70
8020 19
8021 5
8022 38
8023 5
8024 28
8025 42
8026 2
8027 5
8028 42
8029 19
8030 38
8031 5
8032 14
8033 5
8034 38
8035 5
8036 42
8037 42
8038 2
8039 1
8040 92
8041 19
8042 2
8043 19
8044 5
8045 5
8046 44
8047 5
8048 11
8049 5
8050 84
8051 5
8052 65
8053 1
8054 2
8055 42
8056 28
8057 5
8058 38
8059 1
8060 65
8061 5
8062 10
8063 5
8064 132
8065 5
8066 10
8067 5
8068 5
8069 1
8070 38
8071 5
8072 8
8073 74
8074 10
8075 42
8076 19
8077 5
8078 10
8079 5
8080 37
8081 1
8082 24
8083 5
8084 19
8085 138
8086 10
8087 1
8088 28
8089 1
8090 10
8091 42
8092 42
8093 1
8094 38
8095 5
8096 46
8097 5
8098 2
8099 19
8100 240
8101 1
8102 2
8103 19
8104 8
8105 5
8106 38
8107 12
8108 5
8109 42
8110 10
8111 1
8112 78
8113 19
8114 2
8115 19
8116 5
8117 1
8118 84
8119 5
8120 92
8121 5
8122 10
8123 1
8124 19
8125 35
8126 10
8127 74
8128 17
8129 5
8130 38
8131 5
8132 19
8133 5
8134 24
8135 5
8136 60
8137 5
8138 10
8139 5
8140 65
8141 5
8142 38
8143 5
8144 11
8145 42
8146 2
8147 1
8148 65
8149 5
8150 24
8151 65
8152 8
8153 5
8154 44
8155 19
8156 5
8157 5
8158 2
8159 5
8160 146
8161 1
8162 38
8163 12
8164 19
8165 19
8166 10
8167 1
8168 8
8169 19
8170 38
8171 1
8172 42
8173 5
8174 10
8175 42
8176 37
8177 19
8178 38
8179 1
8180 19
8181 35
8182 2
8183 12
8184 92
8185 5
8186 2
8187 5
8188 19
8189 5
8190 276
8191 1
8192 12
8193 5
8194 10
8195 19
8196 19
8197 5
8198 2
8199 12
8200 60
8201 5
8202 10
8203 5
8204 19
8205 19
8206 10
8207 5
8208 134
8209 1
8210 10
8211 65
8212 5
8213 5
8214 24
8215 19
8216 28
8217 42
8218 10
8219 1
8220 65
8221 1
8222 2
8223 5
8224 14
8225 42
8226 24
8227 5
8228 42
8229 19
8230 10
8231 1
8232 104
8233 1
8234 10
8235 74
8236 19
8237 1
8238 10
8239 19
8240 37
8241 19
8242 10
8243 1
8244 42
8245 19
8246 38
8247 5
8248 8
8249 5
8250 148
8251 5
8252 5
8253 42
8254 2
8255 19
8256 55
8257 5
8258 2
8259 5
8260 65
8261 5
8262 102
8263 1
8264 8
8265 65
8266 2
8267 5
8268 65
8269 1
8270 10
8271 12
8272 37
8273 1
8274 38
8275 12
8276 5
8277 19
8278 2
8279 5
8280 192
8281 27
8282 10
8283 19
8284 19
8285 5
8286 10
8287 1
8288 46
8289 22
8290 10
8291 1
8292 19
8293 1
8294 38
8295 65
8296 28
8297 1
8298 24
8299 5
8300 42
8301 5
8302 10
8303 12
8304 37
8305 19
8306 2
8307 42
8308 19
8309 5
8310 38
8311 1
8312 8
8313 19
8314 2
8315 5
8316 238
8317 1
8318 2
8319 19
8320 64
8321 5
8322 38
8323 19
8324 5
8325 90
8326 10
8327 5
8328 28
8329 1
8330 84
8331 5
8332 5
8333 5
8334 24
8335 5
8336 11
8337 19
8338 10
8339 5
8340 65
8341 5
8342 10
8343 35
8344 28
8345 5
8346 38
8347 5
8348 5
8349 42
8350 24
8351 5
8352 96
8353 1
8354 2
8355 19
8356 5
8357 5
8358 38
8359 5
8360 92
8361 12
8362 10
8363 1
8364 65
8365 19
8366 10
8367 5
8368 11
8369 1
8370 148
8371 5
8372 65
8373 5
8374 10
8375 22
8376 28
8377 1
8378 10
8379 90
8380 19
8381 12
8382 38
8383 5
8384 17
8385 65
8386 10
8387 1
8388 42
8389 1
8390 10
8391 5
8392 8
8393 19
8394 10
8395 19
8396 5
8397 22
8398 38
8399 5
8400 246
8401 5
8402 2
8403 5
8404 19
8405 12
8406 24
8407 5
8408 8
8409 5
8410 24
8411 5
8412 19
8413 5
8414 10
8415 138
8416 14
8417 5
8418 38
8419 1
8420 19
8421 19
8422 2
8423 1
8424 160
8425 12
8426 10
8427 12
8428 42
8429 1
8430 38
8431 1
8432 37
8433 12
8434 2
8435 19
8436 65
8437 19
8438 2
8439 19
8440 28
8441 5
8442 84
8443 1
8444 5
8445 19
8446 10
8447 1
8448 73
8449 19
8450 54
8451 22
8452 5
8453 5
8454 10
8455 19
8456 28
8457 5
8458 2
8459 5
8460 138
8461 1
8462 2
8463 65
8464 24
8465 5
8466 38
8467 1
8468 19
8469 12
8470 84
8471 5
8472 28
8473 5
8474 10
8475 42
8476 19
8477 12
8478 44
8479 5
8480 46
8481 19
8482 2
8483 5
8484 65
8485 5
8486 2
8487 42
8488 8
8489 5
8490 38
8491 5
8492 19
8493 19
8494 10
8495 5
8496 78
8497 5
8498 10
8499 5
8500 74
8501 1
8502 38
8503 5
8504 8
8505 165
8506 2
8507 5
8508 19
8509 5
8510 38
8511 5
8512 55
8513 1
8514 84
8515 19
8516 5
8517 19
8518 2
8519 5
8520 92
8521 1
8522 2
8523 12
8524 5
8525 42
8526 84
8527 1
8528 37
8529 5
8530 10
8531 5
8532 74
8533 19
8534 10
8535 19
8536 28
8537 1
8538 10
8539 1
8540 65
8541 42
8542 2
8543 1
8544 46
8545 5
8546 2
8547 65
8548 5
8549 5
8550 180
8551 5
8552 8
8553 5
8554 38
8555 19
8556 65
8557 5
8558 10
8559 22
8560 37
8561 5
8562 10
8563 1
8564 5
8565 19
8566 2
8567 5
8568 192
8569 19
8570 10
8571 5
8572 5
8573 1
8574 10
8575 48
8576 20
8577 12
8578 2
8579 5
8580 211
8581 1
8582 10
8583 5
8584 28
8585 19
8586 70
8587 5
8588 19
8589 19
8590 10
8591 12
8592 37
8593 5
8594 2
8595 42
8596 19
8597 1
8598 10
8599 1
8600 60
8601 19
8602 38
8603 5
8604 42
8605 5
8606 10
8607 19
8608 14
8609 1
8610 130
8611 5
8612 5
8613 74
8614 10
8615 5
8616 28
8617 5
8618 10
8619 42
8620 19
8621 5
8622 24
8623 1
8624 78
8625 74
8626 10
8627 1
8628 19
8629 1
8630 10
8631 42
8632 28
8633 5
8634 10
8635 19
8636 19
8637 5
8638 10
8639 5
8640 194
8641 1
8642 10
8643 19
8644 5
8645 65
8646 38
8647 1
8648 28
8649 27
8650 24
8651 5
8652 65
8653 5
8654 2
8655 19
8656 11
8657 5
8658 84
8659 5
8660 19
8661 5
8662 10
8663 1
8664 60
8665 5
8666 10
8667 35
8668 19
8669 1
8670 84
8671 19
8672 14
8673 42
8674 2
8675 12
8676 42
8677 1
8678 2
8679 19
8680 92
8681 1
8682 10
8683 5
8684 19
8685 42
8686 10
8687 19
8688 37
8689 1
8690 38
8691 5
8692 19
8693 1
8694 148
8695 19
8696 8
8697 19
8698 2
8699 1
8700 138
8701 19
8702 10
8703 12
8704 26
8705 5
8706 10
8707 1
8708 19
8709 5
8710 38
8711 5
8712 126
8713 1
8714 2
8715 65
8716 5
8717 5
8718 10
8719 1
8720 37
8721 74
8722 24
8723 19
8724 19
8725 12
8726 2
8727 5
8728 8
8729 19
8730 84
8731 1
8732 19
8733 19
8734 10
8735 5
8736 146
8737 1
8738 10
8739 12
8740 65
8741 1
8742 38
8743 5
8744 8
8745 65
8746 2
8747 1
8748 92
8749 5
8750 70
8751 5
8752 11
8753 1
8754 10
8755 19
8756 19
8757 42
8758 10
8759 5
8760 92
8761 1
8762 10
8763 19
8764 19
8765 5
8766 24
8767 5
8768 17
8769 19
8770 10
8771 12
8772 65
8773 5
8774 10
8775 156
8776 8
8777 5
8778 130
8779 1
8780 19
8781 5
8782 2
8783 1
8784 78
8785 19
8786 10
8787 19
8788 22
8789 19
8790 38
8791 5
8792 28
8793 12
8794 2
8795 5
8796 19
8797 5
8798 10
8799 19
8800 96
8801 5
8802 44
8803 1
8804 19
8805 19
8806 38
8807 1
8808 28
8809 5
8810 10
8811 42
8812 5
8813 5
8814 38
8815 19
8816 37
8817 5
8818 2
8819 1
8820 288
8821 1
8822 10
8823 19
8824 8
8825 12
8826 10
8827 19
8828 5
8829 35
8830 10
8831 1
8832 64
8833 12
8834 10
8835 65
8836 12
8837 1
8838 24
8839 1
8840 92
8841 19
8842 2
8843 5
8844 65
8845 19
8846 2
8847 12
8848 37
8849 1
8850 84
8851 5
8852 5
8853 19
8854 10
8855 65
8856 104
8857 5
8858 10
8859 5
8860 19
8861 1
8862 38
8863 1
8864 14
8865 42
8866 38
8867 1
8868 19
8869 12
8870 10
8871 5
8872 8
8873 5
8874 84
8875 22
8876 19
8877 19
8878 10
8879 5
8880 119
8881 5
8882 2
8883 74
8884 5
8885 5
8886 10
8887 1
8888 28
8889 5
8890 38
8891 5
8892 138
8893 1
8894 2
8895 19
8896 17
8897 19
8898 10
8899 5
8900 42
8901 42
8902 2
8903 5
8904 92
8905 19
8906 10
8907 5
8908 19
8909 5
8910 230
8911 19
8912 11
8913 5
8914 2
8915 5
8916 19
8917 5
8918 44
8919 12
8920 28
8921 5
8922 10
8923 1
8924 19
8925 138
8926 2
8927 5
8928 96
8929 1
8930 38
8931 19
8932 65
8933 1
8934 10
8935 5
8936 8
8937 22
8938 10
8939 5
8940 65
8941 1
8942 10
8943 19
8944 37
8945 5
8946 84
8947 5
8948 5
8949 19
8950 24
8951 1
8952 28
8953 5
8954 24
8955 42
8956 5
8957 12
8958 10
8959 12
8960 73
8961 19
8962 2
8963 1
8964 74
8965 19
8966 2
8967 42
8968 28
8969 1
8970 130
8971 1
8972 5
8973 12
8974 10
8975 12
8976 119
8977 5
8978 6
8979 19
8980 19
8981 5
8982 24
8983 5
8984 8
8985 19
8986 2
8987 19
8988 65
8989 5
8990 38
8991 51
8992 14
8993 12
8994 10
8995 19
8996 19
8997 5
8998 10
8999 1
9000 216
9001 1
9002 10
9003 5
9004 5
9005 5
9006 38
9007 1
9008 11
9009 138
9010 38
9011 1
9012 19
9013 1
9014 2
9015 19
9016 60
9017 5
9018 44
9019 5
9020 65
9021 19
9022 10
9023 5
9024 55
9025 27
9026 2
9027 42
9028 19
9029 1
9030 130
9031 5
9032 8
9033 5
9034 2
9035 19
9036 42
9037 5
9038 2
9039 19
9040 37
9041 1
9042 38
9043 1
9044 65
9045 74
9046 2
9047 5
9048 92
9049 1
9050 24
9051 19
9052 19
9053 5
9054 24
9055 5
9056 14
9057 5
9058 10
9059 1
9060 65
9061 19
9062 10
9063 42
9064 28
9065 42
9066 10
9067 1
9068 5
9069 5
9070 10
9071 5
9072 205
9073 5
9074 10
9075 90
9076 5
9077 5
9078 38
9079 5
9080 28
9081 12
9082 10
9083 5
9084 19
9085 19
9086 38
9087 19
9088 20
9089 5
9090 84
9091 1
9092 5
9093 19
9094 2
9095 19
9096 28
9097 5
9098 2
9099 22
9100 138
9101 5
9102 38
9103 1
9104 11
9105 19
9106 10
9107 5
9108 138
9109 1
9110 10
9111 5
9112 28
9113 5
9114 84
9115 5
9116 19
9117 12
9118 10
9119 5
9120 146
9121 5
9122 2
9123 5
9124 5
9125 22
9126 96
9127 1
9128 28
9129 19
9130 38
9131 5
9132 19
9133 1
9134 2
9135 138
9136 11
9137 1
9138 10
9139 19
9140 19
9141 19
9142 10
9143 5
9144 60
9145 19
9146 10
9147 5
9148 5
9149 5
9150 84
9151 1
9152 55
9153 35
9154 10
9155 5
9156 65
9157 1
9158 10
9159 19
9160 28
9161 1
9162 24
9163 42
9164 19
9165 65
9166 2
9167 5
9168 37
9169 5
9170 38
9171 12
9172 5
9173 1
9174 38
9175 12
9176 28
9177 65
9178 10
9179 5
9180 238
9181 1
9182 2
9183 5
9184 46
9185 19
9186 10
9187 1
9188 5
9189 12
9190 10
9191 19
9192 28
9193 5
9194 2
9195 19
9196 42
9197 5
9198 84
9199 1
9200 78
9201 5
9202 10
9203 1
9204 65
9205 19
9206 2
9207 74
9208 8
9209 1
9210 38
9211 5
9212 42
9213 19
9214 10
9215 19
9216 60
9217 5
9218 10
9219 19
9220 19
9221 1
9222 38
9223 5
9224 8
9225 90
9226 10
9227 1
9228 19
9229 5
9230 38
9231 19
9232 11
9233 5
9234 102
9235 5
9236 5
9237 5
9238 10
9239 1
9240 292
9241 1
9242 2
9243 42
9244 5
9245 12
9246 38
9247 5
9248 30
9249 5
9250 44
9251 12
9252 42
9253 5
9254 10
9255 19
9256 28
9257 1
9258 10
9259 5
9260 19
9261 84
9262 10
9263 5
9264 37
9265 19
9266 10
9267 5
9268 19
9269 19
9270 84
9271 5
9272 28
9273 19
9274 2
9275 42
9276 19
9277 1
9278 2
9279 12
9280 55
9281 1
9282 130
9283 1
9284 19
9285 19
9286 2
9287 5
9288 104
9289 5
9290 10
9291 19
9292 19
9293 1
9294 10
9295 42
9296 37
9297 12
9298 2
9299 5
9300 138
9301 5
9302 2
9303 19
9304 8
9305 5
9306 84
9307 5
9308 19
9309 19
9310 84
9311 1
9312 46
9313 5
9314 2
9315 115
9316 19
9317 22
9318 10
9319 1
9320 28
9321 19
9322 10
9323 1
9324 138
9325 12
9326 2
9327 5
9328 37
9329 5
9330 38
9331 19
9332 5
9333 42
9334 10
9335 5
9336 28
9337 1
9338 38
9339 19
9340 19
9341 1
9342 44
9343 1
9344 20
9345 65
9346 2
9347 5
9348 65
9349 1
9350 84
9351 12
9352 28
9353 5
9354 10
9355 5
9356 5
9357 5
9358 2
9359 12
9360 246
9361 19
9362 10
9363 5
9364 5
9365 5
9366 38
9367 19
9368 8
9369 22
9370 10
9371 1
9372 65
9373 19
9374 10
9375 51
9376 14
9377 1
9378 24
9379 5
9380 65
9381 19
9382 2
9383 5
9384 92
9385 5
9386 24
9387 42
9388 5
9389 5
9390 38
9391 1
9392 11
9393 19
9394 38
9395 5
9396 115
9397 1
9398 10
9399 19
9400 60
9401 19
9402 10
9403 1
9404 5
9405 138
9406 2
9407 5
9408 114
9409 3
9410 10
9411 5
9412 19
9413 1
9414 24
9415 19
9416 28
9417 19
9418 10
9419 1
9420 65
9421 1
9422 10
9423 22
9424 37
9425 42
9426 10
9427 5
9428 5
9429 19
9430 38
9431 1
9432 60
9433 1
9434 10
9435 65
9436 19
9437 1
9438 84
9439 1
9440 46
9441 12
9442 2
9443 19
9444 19
9445 5
9446 2
9447 19
9448 8
9449 5
9450 312
9451 5
9452 19
9453 19
9454 10
9455 19
9456 37
9457 12
9458 2
9459 12
9460 65
9461 1
9462 38
9463 1
9464 60
9465 19
9466 2
9467 1
9468 42
9469 5
9470 10
9471 65
9472 23
9473 1
9474 10
9475 12
9476 19
9477 70
9478 10
9479 1
9480 92
9481 5
9482 10
9483 19
9484 5
9485 19
9486 84
9487 5
9488 11
9489 5
9490 38
9491 1
9492 65
9493 5
9494 10
9495 42
9496 8
9497 1
9498 10
9499 19
9500 74
9501 5
9502 2
9503 19
9504 164
9505 5
9506 24
9507 5
9508 5
9509 5
9510 38
9511 1
9512 28
9513 42
9514 10
9515 19
9516 65
9517 5
9518 2
9519 19
9520 119
9521 1
9522 54
9523 5
9524 5
9525 42
9526 10
9527 5
9528 28
9529 5
9530 10
9531 22
9532 5
9533 1
9534 38
9535 5
9536 17
9537 42
9538 10
9539 1
9540 138
9541 19
9542 10
9543 5
9544 8
9545 19
9546 38
9547 1
9548 65
9549 12
9550 24
9551 1
9552 37
9553 5
9554 10
9555 138
9556 5
9557 5
9558 70
9559 12
9560 28
9561 5
9562 10
9563 5
9564 19
9565 5
9566 2
9567 12
9568 46
9569 5
9570 130
9571 5
9572 5
9573 5
9574 2
9575 12
9576 192
9577 5
9578 2
9579 19
9580 19
9581 19
9582 10
9583 12
9584 11
9585 74
9586 2
9587 1
9588 65
9589 5
9590 38
9591 19
9592 28
9593 5
9594 84
9595 19
9596 5
9597 19
9598 2
9599 5
9600 132
9601 1
9602 2
9603 42
9604 35
9605 19
9606 10
9607 5
9608 8
9609 5
9610 24
9611 5
9612 74
9613 1
9614 38
9615 19
9616 11
9617 5
9618 38
9619 1
9620 65
9621 12
9622 10
9623 1
9624 28
9625 74
9626 2
9627 5
9628 19
9629 1
9630 84
9631 1
9632 46
9633 42
9634 2
9635 19
9636 65
9637 5
9638 10
9639 115
9640 28
9641 5
9642 10
9643 1
9644 5
9645 19
9646 38
9647 5
9648 78
9649 1
9650 24
9651 5
9652 19
9653 12
9654 10
9655 5
9656 28
9657 42
9658 10
9659 5
9660 211
9661 1
9662 2
9663 5
9664 17
9665 5
9666 44
9667 5
9668 5
9669 19
9670 10
9671 5
9672 92
9673 5
9674 10
9675 90
9676 19
9677 1
9678 10
9679 1
9680 78
9681 19
9682 10
9683 5
9684 42
9685 19
9686 10
9687 5
9688 28
9689 1
9690 130
9691 5
9692 5
9693 22
9694 10
9695 19
9696 46
9697 1
9698 10
9699 19
9700 42
9701 5
9702 180
9703 5
9704 8
9705 19
9706 10
9707 5
9708 19
9709 19
9710 10
9711 42
9712 11
9713 5
9714 10
9715 19
9716 19
9717 19
9718 10
9719 1
9720 228
9721 1
9722 2
9723 19
9724 65
9725 12
9726 10
9727 5
9728 26
9729 42
9730 38
9731 5
9732 19
9733 1
9734 10
9735 65
9736 8
9737 19
9738 24
9739 1
9740 19
9741 19
9742 2
9743 1
9744 119
9745 5
9746 10
9747 48
9748 5
9749 1
9750 148
9751 12
9752 28
9753 5
9754 2
9755 5
9756 42
9757 5
9758 38
9759 5
9760 46
9761 5
9762 10
9763 5
9764 5
9765 138
9766 10
9767 1
9768 92
9769 1
9770 10
9771 5
9772 19
9773 5
9774 44
9775 42
9776 37
9777 5
9778 2
9779 19
9780 65
9781 1
9782 10
9783 12
9784 8
9785 19
9786 38
9787 1
9788 5
9789 19
9790 38
9791 1
9792 114
9793 5
9794 10
9795 19
9796 19
9797 5
9798 38
9799 5
9800 126
9801 75
9802 24
9803 1
9804 65
9805 19
9806 2
9807 19
9808 11
9809 5
9810 84
9811 1
9812 19
9813 5
9814 10
9815 19
9816 28
9817 1
9818 2
9819 12
9820 19
9821 19
9822 10
9823 19
9824 14
9825 42
9826 12
9827 5
9828 238
9829 1
9830 10
9831 19
9832 8
9833 1
9834 38
9835 19
9836 5
9837 12
9838 2
9839 1
9840 119
9841 5
9842 38
9843 19
9844 19
9845 19
9846 24
9847 5
9848 8
9849 42
9850 24
9851 1
9852 19
9853 5
9854 10
9855 74
9856 64
9857 1
9858 38
9859 1
9860 65
9861 19
9862 2
9863 5
9864 60
9865 5
9866 2
9867 65
9868 5
9869 5
9870 130
9871 1
9872 11
9873 12
9874 2
9875 22
9876 19
9877 19
9878 10
9879 19
9880 92
9881 5
9882 70
9883 1
9884 19
9885 19
9886 2
9887 1
9888 46
9889 19
9890 38
9891 42
9892 5
9893 5
9894 38
9895 5
9896 8
9897 5
9898 24
9899 5
9900 288
9901 1
9902 2
9903 5
9904 11
9905 19
9906 38
9907 1
9908 5
9909 22
9910 10
9911 19
9912 92
9913 5
9914 2
9915 19
9916 19
9917 5
9918 84
9919 19
9920 55
9921 5
9922 24
9923 1
9924 19
9925 12
9926 10
9927 12
9928 28
9929 1
9930 38
9931 1
9932 19
9933 65
9934 2
9935 5
9936 134
9937 5
9938 2
9939 5
9940 65
9941 1
9942 10
9943 5
9944 28
9945 138
9946 2
9947 22
9948 19
9949 1
9950 24
9951 19
9952 14
9953 5
9954 84
9955 19
9956 19
9957 5
9958 10
9959 5
9960 92
9961 5
9962 10
9963 51
9964 19
9965 5
9966 38
9967 1
9968 37
9969 5
9970 10
9971 12
9972 42
9973 1
9974 2
9975 138
9976 28
9977 5
9978 10
9979 5
9980 19
9981 12
9982 38
9983 5
9984 73
9985 5
9986 2
9987 5
9988 19
9989 5
9990 148
9991 5
9992 8
9993 5
9994 10
9995 5
9996 138
9997 5
9998 2
9999 42
10000 65
