0 1
1 1
2 2
3 6
4 23
5 1
6 103
7 11
8 4
9 2
10 513
11 88
12 53
13 33
14 18
15 8
16 6
17 0
18 0
19 1
20 2761
21 642
22 495
23 340
24 262
25 160
26 172
27 65
28 58
29 39
30 14
31 6
32 18
33 0
34 0
35 6
36 0
37 0
38 2
39 15767
40 4567
41 4099
42 3007
43 2692
44 1832
45 2171
46 1152
47 1291
48 968
49 728
50 457
51 566
52 174
53 176
54 221
55 129
56 14
57 122
58 29
59 38
60 52
61 8
62 0
63 32
64 9
65 0
66 10
67 0
68 0
69 8
70 0
71 0
72 0
73 0
74 0
75 1
76 94359
77 32443
78 32345
79 25049
80 24492
81 17732
82 21841
83 13234
84 15867
85 12824
86 11744
87 8852
88 10670
89 5983
90 6058
91 5709
92 4751
93 2372
94 3642
95 1790
96 2080
97 1799
98 1020
99 719
100 1508
101 621
102 456
103 549
104 490
105 200
106 498
107 152
108 170
109 198
110 66
111 114
112 189
113 34
114 8
115 52
116 70
117 0
118 58
119 4
120 0
121 30
122 0
123 0
124 22
125 0
126 6
127 0
128 0
129 0
130 8
131 0
132 0
133 0
134 0
135 0
136 2
137 586590
138 232189
139 250371
140 203452
141 211291
142 160561
143 201524
144 133030
145 162800
146 136840
147 134669
148 109219
149 134085
150 90985
151 97178
152 91917
153 87126
154 60426
155 74360
156 50859
157 55948
158 46889
159 37498
160 28547
161 39584
162 23350
163 21951
164 20022
165 19986
166 12961
167 17766
168 9861
169 11022
170 9968
171 6998
172 6849
173 9424
174 4124
175 3624
176 4367
177 4884
178 2464
179 3844
180 1630
181 1911
182 2721
183 1054
184 795
185 2217
186 783
187 873
188 778
189 600
190 240
191 748
192 514
193 486
194 276
195 130
196 68
197 522
198 30
199 58
200 214
201 121
202 126
203 116
204 10
205 16
206 41
207 64
208 0
209 140
210 4
211 12
212 10
213 0
214 0
215 32
216 0
217 18
218 16
219 0
220 0
221 12
222 0
223 0
224 0
225 0
226 0
227 10
228 0
229 0
230 0
231 0
232 0
233 0
234 0
235 0
236 0
237 1
238 3763290
239 1679295
240 1926145
241 1635315
242 1776655
243 1409304
244 1787218
245 1263567
246 1554692
247 1348551
248 1376606
249 1161259
250 1427223
251 1058226
252 1158896
253 1110992
254 1120317
255 883389
256 1044049
257 817100
258 905437
259 795435
260 730734
261 615053
262 747506
263 548342
264 542930
265 488947
266 490209
267 377724
268 439366
269 313966
270 333400
271 293175
272 258751
273 232438
274 276324
275 179719
276 175730
277 167202
278 179041
279 127377
280 149490
281 100038
282 107522
283 110872
284 82676
285 66882
286 95691
287 59304
288 59918
289 56481
290 50440
291 36032
292 49024
293 36793
294 36822
295 31347
296 22820
297 17667
298 34580
299 16068
300 14327
301 18082
302 16211
303 13114
304 13538
305 7564
306 8832
307 7829
308 9394
309 4766
310 11001
311 4054
312 3146
313 5248
314 3522
315 3338
316 4014
317 1790
318 4034
319 2533
320 1382
321 994
322 3394
323 1542
324 348
325 790
326 1528
327 530
328 2034
329 880
330 420
331 370
332 192
333 288
334 1138
335 280
336 210
337 458
338 321
339 110
340 308
341 48
342 316
343 116
344 62
345 0
346 350
347 16
348 140
349 32
350 98
351 0
352 64
353 20
354 0
355 112
356 0
357 4
358 108
359 0
360 0
361 0
362 4
363 0
364 42
365 0
366 0
367 0
368 32
369 0
370 0
371 0
372 0
373 8
374 0
375 0
376 0
377 0
378 10
379 0
380 0
381 0
382 0
383 0
384 0
385 0
386 0
387 0
388 2
389 24792705
390 12282794
391 14820037
392 13100368
393 14751474
394 12173720
395 15536084
396 11648367
397 14336235
398 12800057
399 13387779
400 11654144
401 14241547
402 11201344
403 12359885
404 11932124
405 12394292
406 10421988
407 12123002
408 10149563
409 11324533
410 10309986
411 10083567
412 8974390
413 10507953
414 8591496
415 8780035
416 8164269
417 8351506
418 7112877
419 7887708
420 6438863
421 6759826
422 6107488
423 5824179
424 5295035
425 5863379
426 4548974
427 4555869
428 4224208
429 4403498
430 3592771
431 3910577
432 3110922
433 3258484
434 3092791
435 2787786
436 2410612
437 2811154
438 2168564
439 2199571
440 2021581
441 1945952
442 1607250
443 1814339
444 1502952
445 1522364
446 1365158
447 1200413
448 1040734
449 1331187
450 939406
451 909802
452 907459
453 865044
454 745976
455 779500
456 606238
457 618096
458 558675
459 571640
460 440212
461 575134
462 379568
463 362164
464 388686
465 341987
466 292900
467 316564
468 229827
469 285832
470 239465
471 197727
472 159732
473 233001
474 165704
475 130835
476 133788
477 142871
478 99822
479 153646
480 102496
481 93438
482 80810
483 67145
484 65994
485 99257
486 55690
487 56370
488 57418
489 57685
490 40922
491 46612
492 30526
493 40083
494 40964
495 27212
496 17452
497 37564
498 19456
499 28848
500 19230
501 24867
502 12443
503 15974
504 13008
505 10970
506 14196
507 9356
508 8768
509 20904
510 9472
511 5172
512 5463
513 5677
514 3734
515 10210
516 3618
517 5548
518 4576
519 4943
520 2188
521 5626
522 2756
523 1636
524 3644
525 3994
526 990
527 2095
528 416
529 2364
530 846
531 946
532 1808
533 4097
534 642
535 492
536 583
537 338
538 272
539 1102
540 346
541 448
542 924
543 600
544 274
545 1162
546 210
547 60
548 16
549 564
550 74
551 536
552 6
553 16
554 168
555 102
556 0
557 338
558 196
559 256
560 212
561 0
562 4
563 4
564 20
565 37
566 0
567 0
568 0
569 214
570 4
571 140
572 0
573 0
574 16
575 4
576 0
577 0
578 8
579 44
580 0
581 0
582 0
583 0
584 28
585 25
586 0
587 0
588 0
589 14
590 0
591 0
592 0
593 0
594 0
595 0
596 0
597 0
598 0
599 12
600 0
601 0
602 0
603 0
604 0
605 0
606 0
607 0
608 0
609 0
610 0
611 0
612 0
613 0
614 1
615 167078577
616 90834992
617 114394941
618 104972265
619 121764828
620 104262795
621 133652876
622 105496986
623 129693931
624 118946957
625 126723200
626 113467761
627 137699705
628 113632727
629 125780487
630 122337155
631 129118602
632 113157190
633 129869299
634 113274970
635 126325283
636 117733282
637 118874596
638 109224114
639 125606491
640 108970390
641 113372324
642 107996773
643 112172574
644 100885961
645 110509320
646 96792766
647 102067035
648 95233141
649 94495424
650 88353900
651 95767667
652 81775671
653 83213815
654 78514906
655 81258206
656 71558952
657 75811350
658 65713979
659 68106338
660 64379037
661 61822078
662 55934420
663 60847446
664 52022571
665 52888086
666 49192295
667 48829213
668 43225137
669 46060801
670 40596739
671 41441777
672 38079932
673 36202422
674 32775765
675 36630485
676 30335186
677 30148924
678 28839858
679 28300261
680 25500524
681 26247773
682 22605843
683 22904533
684 21156994
685 21063150
686 18404291
687 20431695
688 16636013
689 16342327
690 16057928
691 15306670
692 13721362
693 14230940
694 12054972
695 12909998
696 11682704
697 10757965
698 9611568
699 10907739
700 9115944
701 8561779
702 8183310
703 8114529
704 6909612
705 7887664
706 6481209
707 6364274
708 5795621
709 5356811
710 4999261
711 5707677
712 4412786
713 4397530
714 4168340
715 4176703
716 3516050
717 3665950
718 3018298
719 3204119
720 3122455
721 2701056
722 2245486
723 2766928
724 2131810
725 2305103
726 2011216
727 2093867
728 1638274
729 1773036
730 1533844
731 1494110
732 1429139
733 1258004
734 1165320
735 1537017
736 1094822
737 988757
738 912964
739 895049
740 785675
741 1019464
742 710002
743 733022
744 654756
745 664766
746 516710
747 668567
748 521779
749 469760
750 508733
751 491949
752 338108
753 400034
754 292462
755 420752
756 305670
757 263016
758 271382
759 380835
760 239472
761 208678
762 218874
763 188568
764 145894
765 228648
766 148388
767 163356
768 150048
769 161057
770 115922
771 169237
772 96570
773 84610
774 75830
775 122237
776 86392
777 112313
778 63586
779 51920
780 77762
781 52118
782 39659
783 91598
784 50240
785 57916
786 56760
787 36560
788 25304
789 37778
790 24316
791 47842
792 22320
793 19270
794 20214
795 55108
796 20372
797 24534
798 16988
799 19604
800 12914
801 14454
802 17076
803 10806
804 13816
805 14468
806 8848
807 21704
808 6022
809 4950
810 11442
811 9267
812 5536
813 14190
814 4466
815 7435
816 4052
817 3280
818 1952
819 9562
820 1906
821 2210
822 4358
823 6724
824 3534
825 6618
826 2144
827 1550
828 1298
829 840
830 882
831 5394
832 966
833 650
834 532
835 2068
836 3302
837 1328
838 384
839 1608
840 1735
841 452
842 376
843 1444
844 72
845 1090
846 320
847 270
848 98
849 1648
850 126
851 430
852 32
853 940
854 56
855 1204
856 146
857 92
858 138
859 0
860 74
861 60
862 576
863 0
864 22
865 248
866 28
867 560
868 0
869 0
870 264
871 34
872 0
873 4
874 0
875 250
876 4
877 0
878 0
879 16
880 0
881 204
882 0
883 0
884 0
885 136
886 0
887 0
888 28
889 0
890 4
891 0
892 0
893 0
894 0
895 62
896 0
897 0
898 0
899 0
900 44
901 0
902 0
903 0
904 0
905 0
906 0
907 0
908 0
909 10
910 0
911 0
912 0
913 0
914 0
915 12
916 0
917 0
918 0
919 0
920 0
921 0
922 0
923 0
924 0
925 0
926 0
927 0
928 0
929 0
930 2
