0 1
1 1
2 2
3 6
4 23
5 1
6 103
7 10
8 6
9 1
10 513
11 75
12 74
13 26
14 17
15 9
16 6
17 2762
18 522
19 645
20 321
21 290
22 130
23 166
24 47
25 54
26 48
27 41
28 4
29 8
30 2
31 15793
32 3579
33 5023
34 3058
35 3232
36 1527
37 2228
38 874
39 1159
40 893
41 875
42 340
43 503
44 281
45 269
46 207
47 156
48 112
49 123
50 21
51 54
52 2
53 0
54 6
55 5
56 94776
57 24670
58 37549
59 26174
60 30409
61 15966
62 23762
63 10965
64 15598
65 11639
66 12070
67 6487
68 9633
69 5690
70 6056
71 5021
72 4579
73 3366
74 4128
75 1991
76 2734
77 1503
78 1488
79 1127
80 1432
81 765
82 933
83 657
84 496
85 262
86 425
87 106
88 154
89 74
90 92
91 26
92 54
93 8
94 0
95 7
96 4
97 0
98 4
99 591950
100 172198
101 277089
102 213122
103 264667
104 154452
105 228665
106 119090
107 171635
108 130545
109 140681
110 87346
111 129648
112 80843
113 89519
114 77927
115 77496
116 57636
117 72997
118 44129
119 56802
120 38567
121 40481
122 30585
123 39332
124 26288
125 29031
126 23149
127 22663
128 15442
129 20266
130 11940
131 13360
132 10107
133 10516
134 7633
135 9318
136 6070
137 5707
138 4886
139 5013
140 2983
141 3876
142 2168
143 2205
144 1851
145 1824
146 950
147 1214
148 526
149 685
150 386
151 485
152 74
153 391
154 116
155 92
156 32
157 42
158 3
159 65
160 32
161 0
162 0
163 0
164 0
165 4
166 4
167 1
168 3824112
169 1219974
170 2043416
171 1693787
172 2213548
173 1420513
174 2086877
175 1205632
176 1719334
177 1345649
178 1499284
179 1018334
180 1487469
181 982487
182 1111324
183 994064
184 1041082
185 795125
186 999180
187 685365
188 853857
189 640737
190 685976
191 541423
192 679946
193 501230
194 546144
195 458471
196 479249
197 364168
198 448498
199 315978
200 353005
201 288836
202 301293
203 241579
204 283104
205 210799
206 217702
207 188745
208 197027
209 145802
210 170042
211 125405
212 132888
213 113900
214 115130
215 86529
216 99081
217 69574
218 79658
219 61304
220 64454
221 46900
222 56090
223 38556
224 42314
225 32258
226 33958
227 24748
228 29923
229 19324
230 21834
231 16521
232 15886
233 12154
234 14597
235 8298
236 9837
237 6772
238 7068
239 4758
240 6183
241 2874
242 4226
243 2660
244 2398
245 1474
246 1902
247 751
248 1314
249 798
250 482
251 400
252 388
253 208
254 316
255 74
256 87
257 148
258 86
259 10
260 32
261 38
262 24
263 0
264 16
265 4
266 14
267 0
268 0
269 6
270 0
271 0
272 0
273 0
274 1
275 25431452
276 8776255
277 15146147
278 13313437
279 18118228
280 12624045
281 18478260
282 11678715
283 16415221
284 13251790
285 15125453
286 11018340
287 15732940
288 10995688
289 12588177
290 11460251
291 12372029
292 9809126
293 12119490
294 9018156
295 10987933
296 8814422
297 9483854
298 7816300
299 9607182
300 7521823
301 8188091
302 7116222
303 7603307
304 6165976
305 7340428
306 5649759
307 6318454
308 5390556
309 5652196
310 4766987
311 5518967
312 4375598
313 4628174
314 4120798
315 4346588
316 3523319
317 3968838
318 3204822
319 3456389
320 3036285
321 3105163
322 2570482
323 2906629
324 2284934
325 2505949
326 2122665
327 2220259
328 1816835
329 2041644
330 1612780
331 1754296
332 1480901
333 1519482
334 1264824
335 1429234
336 1111634
337 1187071
338 1019939
339 1030438
340 856066
341 953242
342 738860
343 792032
344 664774
345 666281
346 555224
347 625149
348 472045
349 508776
350 428548
351 427860
352 344011
353 379810
354 293249
355 320317
356 263898
357 254214
358 207802
359 237253
360 178455
361 185328
362 153601
363 157641
364 122916
365 137830
366 99713
367 110575
368 86512
369 83907
370 65457
371 81854
372 51890
373 56847
374 47474
375 47441
376 32057
377 40599
378 24932
379 29534
380 22925
381 20771
382 14162
383 20124
384 9838
385 11696
386 9831
387 8299
388 5296
389 7079
390 3149
391 4766
392 3930
393 2564
394 1342
395 3224
396 952
397 1102
398 736
399 868
400 594
401 947
402 138
403 457
404 307
405 118
406 70
407 234
408 74
409 62
410 131
411 100
412 16
413 14
414 0
415 8
416 14
417 16
418 0
419 34
420 8
421 0
422 0
423 0
424 0
425 0
426 0
427 0
428 3
429 173453058
430 64082132
431 113147663
432 104260604
433 146612181
434 109560721
435 160503539
436 109670400
437 152317983
438 126970484
439 147484909
440 113767036
441 159061140
442 117250346
443 135212948
444 124920942
445 137323090
446 112978397
447 137500172
448 108569624
449 129965139
450 109529637
451 118055309
452 100906997
453 121696973
454 99792092
455 108673370
456 97048800
457 104538491
458 88649192
459 103141884
460 84257789
461 93707749
462 82554533
463 86929781
464 76012659
465 86672417
466 72176352
467 76835695
468 69897153
469 74105685
470 63275809
471 70001477
472 59581051
473 64182581
474 57949370
475 59636623
476 51970330
477 57788294
478 48524657
479 52144729
480 46369480
481 48501892
482 41995070
483 45972890
484 39036333
485 41821098
486 37069537
487 38161344
488 33496227
489 36787501
490 31010690
491 32606636
492 29397503
493 30153265
494 26384529
495 28448400
496 24206524
497 25532501
498 22730247
499 23108190
500 20313839
501 22021145
502 18612760
503 19429113
504 17434302
505 17719726
506 15401476
507 16416790
508 14062134
509 14783531
510 13098060
511 13168519
512 11501117
513 12425793
514 10527172
515 10815007
516 9668349
517 9914952
518 8508054
519 9083976
520 7666843
521 8023645
522 7033661
523 7097371
524 6126294
525 6664549
526 5479483
527 5693910
528 5053604
529 5180163
530 4336661
531 4663805
532 3845011
533 4045356
534 3525507
535 3567771
536 2989306
537 3273026
538 2653132
539 2746947
540 2413990
541 2445645
542 2033221
543 2199814
544 1790404
545 1874993
546 1621240
547 1627608
548 1347135
549 1493878
550 1181036
551 1226965
552 1056983
553 1081499
554 877544
555 967276
556 755406
557 801106
558 675852
559 695203
560 542650
561 616900
562 469806
563 496208
564 417440
565 427936
566 324563
567 375458
568 280757
569 290921
570 248151
571 250362
572 185077
573 214669
574 155300
575 159859
576 137873
577 136160
578 96860
579 113921
580 80872
581 79280
582 71884
583 66672
584 44760
585 54186
586 38588
587 36264
588 32560
589 31250
590 18080
591 25479
592 17574
593 14134
594 13586
595 12571
596 7611
597 10232
598 7630
599 5271
600 4905
601 5022
602 2934
603 3478
604 3246
605 1572
606 1756
607 2508
608 936
609 1247
610 842
611 598
612 812
613 514
614 232
615 544
616 386
617 318
618 147
619 242
620 106
621 86
622 94
623 36
624 80
625 80
626 18
627 98
628 18
629 26
630 0
631 4
632 4
633 8
634 18
635 0
636 10
637 14
638 1
639 0
640 0
641 0
642 0
643 1
644 0
645 0
646 2
