[[1]]
[[2, 3, 6]]
[[3, 6, 8]]
[[4]]
[[5, 8, 10]]
[[6, 8, 12]]
[[7, 8, 14]]
[[8, 10, 12, 15]]
[[9]]
[[10, 12, 15, 18]]
[[11, 18, 22]]
[[12, 15, 20]]
[[13, 18, 26]]
[[14, 15, 18, 20, 21]]
[[15, 18, 20, 24]]
[[16]]
[[17, 18, 34], [17, 32, 34]]
[[18, 24, 27]]
[[19, 32, 38]]
[[20, 24, 30]]
[[21, 27, 28]]
[[22, 24, 33]]
[[23, 32, 46]]
[[24, 27, 32]]
[[25]]
[[26, 27, 32, 39]]
[[27, 28, 30, 32, 35]]
[[28, 32, 35, 40]]
[[29, 32, 58], [29, 50, 58]]
[[30, 35, 42]]
[[31, 32, 62], [31, 50, 62]]
[[32, 40, 45]]
[[33, 35, 40, 42, 44]]
[[34, 48, 50, 51]]
[[35, 40, 42, 48]]
[[36]]
[[37, 50, 74], [37, 72, 74]]
[[38, 54, 57]]
[[39, 48, 52]]
[[40, 45, 50]]
[[41, 50, 82], [41, 72, 82]]
[[42, 48, 56]]
[[43, 50, 86], [43, 72, 86]]
[[44, 45, 55]]
[[45, 48, 60]]
[[46, 54, 69]]
[[47, 50, 94], [47, 72, 94]]
[[48, 50, 54]]
[[49]]
[[50, 56, 63]]
[[51, 52, 60, 65, 68], [51, 54, 56, 63, 68]]
[[52, 54, 56, 60, 63, 65]]
[[53, 72, 106], [53, 98, 106]]
[[54, 60, 63, 70]]
[[55, 56, 60, 63, 66]]
[[56, 63, 72]]
[[57, 75, 76]]
[[58, 72, 75, 87]]
[[59, 72, 118], [59, 98, 118]]
[[60, 63, 70, 72, 75]]
[[61, 72, 122], [61, 98, 122]]
[[62, 72, 75, 93]]
[[63, 66, 72, 75, 77]]
[[64]]
[[65, 66, 70, 72, 77, 78]]
[[66, 70, 75, 77, 80]]
[[67, 72, 134], [67, 98, 134], [67, 128, 134]]
[[68, 80, 85]]
[[69, 75, 92]]
[[70, 72, 75, 80, 84]]
[[71, 72, 142], [71, 98, 142], [71, 128, 142]]
[[72, 75, 77, 84, 88]]
[[73, 98, 146], [73, 128, 146]]
[[74, 96, 111]]
[[75, 77, 80, 84, 88, 90]]
[[76, 80, 95]]
[[77, 84, 88, 96]]
[[78, 80, 84, 90, 91]]
[[79, 98, 158], [79, 128, 158]]
[[80, 90, 98]]
[[81]]
[[82, 96, 123]]
[[83, 98, 166], [83, 128, 166], [83, 162, 166]]
[[84, 91, 96, 104]]
[[85, 90, 96, 98, 102]]
[[86, 96, 129]]
[[87, 108, 116]]
[[88, 98, 99]]
[[89, 98, 178], [89, 128, 178], [89, 162, 178]]
[[90, 91, 96, 98, 104, 105]]
[[91, 99, 104, 105, 108, 110]]
[[92, 95, 96, 114, 115], [92, 98, 99, 110, 115], [92, 105, 108, 112, 115]]
[[93, 108, 124]]
[[94, 96, 141]]
[[95, 98, 105, 112, 114], [95, 99, 108, 110, 114]]
[[96, 98, 108]]
[[97, 98, 194], [97, 128, 194], [97, 162, 194]]
[[98, 99, 105, 108, 110, 112]]
[[99, 104, 105, 108, 110, 112, 117]]
[[100]]
[[101, 128, 202], [101, 162, 202], [101, 200, 202]]
[[102, 104, 108, 112, 117, 119]]
[[103, 128, 206], [103, 162, 206], [103, 200, 206]]
[[104, 105, 112, 117, 120]]
[[105, 108, 112, 125]]
[[106, 150, 159]]
[[107, 128, 214], [107, 162, 214], [107, 200, 214]]
[[108, 112, 120, 125, 126]]
[[109, 128, 218], [109, 162, 218], [109, 200, 218]]
[[110, 120, 132]]
[[111, 147, 148]]
[[112, 126, 128]]
[[113, 128, 226], [113, 162, 226], [113, 200, 226]]
[[114, 117, 120, 126, 130, 133], [114, 120, 125, 126, 128, 133]]
[[115, 120, 138]]
[[116, 125, 145]]
[[117, 125, 128, 130]]
[[118, 150, 177]]
[[119, 126, 136]]
[[120, 128, 135]]
[[121]]
[[122, 150, 183]]
[[123, 147, 164]]
[[124, 125, 155]]
[[125, 126, 128, 140]]
[[126, 128, 135, 140, 147]]
[[127, 128, 254], [127, 162, 254], [127, 200, 254], [127, 242, 254]]
[[128, 130, 132, 135, 143]]
[[129, 147, 172]]
[[130, 132, 135, 143, 147, 150]]
[[131, 162, 262], [131, 200, 262], [131, 242, 262]]
[[132, 133, 147, 152, 154]]
[[133, 135, 140, 150, 152]]
[[134, 150, 201]]
[[135, 136, 140, 143, 153, 154, 156], [135, 140, 143, 147, 150, 154, 156]]
[[136, 147, 150, 153]]
[[137, 162, 274], [137, 200, 274], [137, 242, 274]]
[[138, 140, 147, 160, 161], [138, 143, 154, 156, 161]]
[[139, 162, 278], [139, 200, 278], [139, 242, 278]]
[[140, 143, 147, 154, 156, 160]]
[[141, 147, 188]]
[[142, 150, 213]]
[[143, 156, 160, 162, 165]]
[[144]]
[[145, 147, 160, 174]]
[[146, 150, 219], [146, 216, 219]]
[[147, 150, 162]]
[[148, 180, 185]]
[[149, 162, 298], [149, 200, 298], [149, 242, 298], [149, 288, 298]]
[[150, 168, 175]]
[[151, 162, 302], [151, 200, 302], [151, 242, 302], [151, 288, 302]]
[[152, 162, 171]]
[[153, 160, 170]]
[[154, 160, 162, 165, 168]]
[[155, 162, 165, 176, 186], [155, 168, 175, 180, 186]]
[[156, 168, 182]]
[[157, 162, 314], [157, 200, 314], [157, 242, 314], [157, 288, 314]]
[[158, 216, 237]]
[[159, 192, 212]]
[[160, 165, 168, 175, 176]]
[[161, 162, 175, 184]]
[[162, 165, 168, 175, 176, 180]]
[[163, 200, 326], [163, 242, 326], [163, 288, 326]]
[[164, 180, 205]]
[[165, 168, 170, 175, 187]]
[[166, 216, 249]]
[[167, 200, 334], [167, 242, 334], [167, 288, 334]]
[[168, 170, 176, 180, 187, 189]]
[[169]]
[[170, 171, 176, 187, 190]]
[[171, 182, 189, 190, 195]]
[[172, 180, 215]]
[[173, 200, 346], [173, 242, 346], [173, 288, 346], [173, 338, 346]]
[[174, 189, 200, 203]]
[[175, 189, 192]]
[[176, 180, 182, 189, 195, 198]]
[[177, 192, 236]]
[[178, 216, 267]]
[[179, 200, 358], [179, 242, 358], [179, 288, 358], [179, 338, 358]]
[[180, 182, 189, 195, 200]]
[[181, 200, 362], [181, 242, 362], [181, 288, 362], [181, 338, 362]]
[[182, 189, 192, 200, 208]]
[[183, 192, 244], [183, 243, 244]]
[[184, 200, 207]]
[[185, 189, 192, 210, 222], [185, 192, 198, 220, 222], [185, 195, 200, 208, 222]]
[[186, 189, 200, 217]]
[[187, 192, 198, 200, 204]]
[[188, 189, 200, 210, 235], [188, 189, 220, 231, 235], [188, 190, 198, 209, 235], [188, 190, 216, 228, 235], [188, 192, 195, 208, 235], [188, 192, 210, 224, 235], [188, 195, 204, 221, 235], [188, 195, 216, 234, 235], [188, 198, 200, 220, 235], [188, 198, 210, 231, 235], [188, 200, 207, 230, 235]]
[[189, 190, 198, 200, 209, 210], [189, 192, 195, 200, 208, 210]]
[[190, 192, 195, 198, 208, 209]]
[[191, 200, 382], [191, 242, 382], [191, 288, 382], [191, 338, 382]]
[[192, 200, 216]]
[[193, 200, 386], [193, 242, 386], [193, 288, 386], [193, 338, 386]]
[[194, 216, 291]]
[[195, 198, 208, 216, 220]]
[[196]]
[[197, 200, 394], [197, 242, 394], [197, 288, 394], [197, 338, 394], [197, 392, 394]]
[[198, 210, 216, 220, 224]]
[[199, 200, 398], [199, 242, 398], [199, 288, 398], [199, 338, 398], [199, 392, 398]]
[[200, 204, 208, 216, 221]]
[[201, 243, 268]]
[[202, 216, 303], [202, 294, 303]]
[[203, 224, 232]]
[[204, 208, 210, 216, 220, 221, 231]]
[[205, 216, 245, 246], [205, 240, 242, 246]]
[[206, 216, 309], [206, 294, 309]]
[[207, 210, 216, 224, 230]]
[[208, 210, 220, 231, 234]]
[[209, 210, 220, 224, 228]]
[[210, 220, 221, 224, 231, 234, 238]]
[[211, 242, 422], [211, 288, 422], [211, 338, 422], [211, 392, 422]]
[[212, 245, 265]]
[[213, 243, 284]]
[[214, 216, 321], [214, 294, 321]]
[[215, 216, 245, 258], [215, 240, 242, 258], [215, 243, 250, 258]]
[[216, 242, 243]]
[[217, 224, 248]]
[[218, 294, 327]]
[[219, 243, 292]]
[[220, 221, 231, 234, 238, 240]]
[[221, 224, 234, 238, 242]]
[[222, 224, 243, 259]]
[[223, 242, 446], [223, 288, 446], [223, 338, 446], [223, 392, 446]]
[[224, 242, 252]]
[[225]]
[[226, 294, 339]]
[[227, 242, 454], [227, 288, 454], [227, 338, 454], [227, 392, 454], [227, 450, 454]]
[[228, 234, 242, 243, 247]]
[[229, 242, 458], [229, 288, 458], [229, 338, 458], [229, 392, 458], [229, 450, 458]]
[[230, 231, 240, 242, 252, 253], [230, 231, 243, 250, 252, 253]]
[[231, 242, 252, 264]]
[[232, 242, 261]]
[[233, 242, 466], [233, 288, 466], [233, 338, 466], [233, 392, 466], [233, 450, 466]]
[[234, 250, 260]]
[[235, 270, 282]]
[[236, 245, 295]]
[[237, 243, 316], [237, 300, 316]]
[[238, 240, 242, 252, 255], [238, 243, 250, 252, 255]]
[[239, 242, 478], [239, 288, 478], [239, 338, 478], [239, 392, 478], [239, 450, 478]]
[[240, 243, 245]]
[[241, 242, 482], [241, 288, 482], [241, 338, 482], [241, 392, 482], [241, 450, 482]]
[[242, 245, 250]]
[[243, 250, 270]]
[[244, 245, 305]]
[[245, 250, 255, 270, 272]]
[[246, 250, 260, 273, 287], [246, 252, 264, 275, 287], [246, 255, 272, 280, 287], [246, 273, 275, 286, 287]]
[[247, 250, 252, 260, 266]]
[[248, 253, 264, 276, 279], [248, 255, 270, 272, 279]]
[[249, 300, 332]]
[[250, 255, 264, 272, 275]]
[[251, 288, 502], [251, 338, 502], [251, 392, 502], [251, 450, 502]]
[[252, 255, 260, 272, 273]]
[[253, 255, 264, 270, 272, 276]]
[[254, 294, 381]]
[[255, 260, 266, 270, 272, 273, 285]]
[[256]]
[[257, 288, 514], [257, 338, 514], [257, 392, 514], [257, 450, 514], [257, 512, 514]]
[[258, 259, 296, 300, 301], [258, 270, 280, 288, 301], [258, 273, 275, 286, 301]]
[[259, 260, 270, 273, 296], [259, 270, 280, 294, 296]]
[[260, 264, 273, 275, 280]]
[[261, 264, 270, 275, 288, 290], [261, 264, 273, 280, 286, 290], [261, 266, 270, 280, 285, 290]]
[[262, 294, 393], [262, 384, 393]]
[[263, 288, 526], [263, 338, 526], [263, 392, 526], [263, 450, 526], [263, 512, 526]]
[[264, 266, 270, 273, 285, 286]]
[[265, 270, 318]]
[[266, 280, 285, 288, 294]]
[[267, 300, 356]]
[[268, 320, 335]]
[[269, 288, 538], [269, 338, 538], [269, 392, 538], [269, 450, 538], [269, 512, 538]]
[[270, 273, 275, 280, 286, 288]]
[[271, 288, 542], [271, 338, 542], [271, 392, 542], [271, 450, 542], [271, 512, 542]]
[[272, 288, 306]]
[[273, 275, 280, 285, 286, 304]]
[[274, 294, 411], [274, 384, 411]]
[[275, 288, 294, 297]]
[[276, 286, 288, 297, 299]]
[[277, 288, 554], [277, 338, 554], [277, 392, 554], [277, 450, 554], [277, 512, 554]]
[[278, 294, 417], [278, 384, 417]]
[[279, 285, 294, 304, 310]]
[[280, 285, 288, 297, 304, 308]]
[[281, 288, 562], [281, 338, 562], [281, 392, 562], [281, 450, 562], [281, 512, 562]]
[[282, 287, 300, 328, 329], [282, 288, 297, 308, 329], [282, 294, 315, 320, 329]]
[[283, 288, 566], [283, 338, 566], [283, 392, 566], [283, 450, 566], [283, 512, 566]]
[[284, 320, 355]]
[[285, 297, 304, 308, 315]]
[[286, 297, 312]]
[[287, 288, 315, 320, 328], [287, 294, 297, 308, 328], [287, 299, 322, 325, 328]]
[[288, 294, 300]]
[[289]]
[[290, 294, 300, 308, 315, 319]]
[[291, 300, 388], [291, 363, 388]]
[[292, 320, 365]]
[[293, 338, 586], [293, 392, 586], [293, 450, 586], [293, 512, 586], [293, 578, 586]]
[[294, 300, 304, 306, 323]]
[[295, 297, 300, 330, 354], [295, 297, 310, 341, 354], [295, 297, 320, 352, 354], [295, 300, 306, 340, 354], [295, 300, 315, 350, 354], [295, 300, 320, 338, 354], [295, 308, 330, 343, 354], [295, 312, 320, 325, 354], [295, 315, 336, 338, 354], [295, 320, 336, 350, 354], [295, 322, 343, 345, 354], [295, 330, 338, 352, 354]]
[[296, 297, 320, 330, 333], [296, 300, 312, 325, 333], [296, 304, 306, 323, 333]]
[[297, 300, 308, 315, 320]]
[[298, 384, 447]]
[[299, 300, 312, 315, 320, 322]]
[[300, 304, 306, 312, 323, 325]]
[[301, 338, 343, 344]]
[[302, 384, 453]]
[[303, 363, 404]]
[[304, 306, 308, 320, 323, 330, 336]]
[[305, 360, 363, 366]]
[[306, 320, 338, 340]]
[[307, 338, 614], [307, 392, 614], [307, 450, 614], [307, 512, 614], [307, 578, 614]]
[[308, 312, 315, 325, 330]]
[[309, 363, 412]]
[[310, 312, 325, 330, 338, 341], [310, 315, 320, 330, 336, 341]]
[[311, 338, 622], [311, 392, 622], [311, 450, 622], [311, 512, 622], [311, 578, 622]]
[[312, 315, 320, 325, 336, 338]]
[[313, 338, 626], [313, 392, 626], [313, 450, 626], [313, 512, 626], [313, 578, 626]]
[[314, 384, 471]]
[[315, 320, 343]]
[[316, 320, 395]]
[[317, 338, 634], [317, 392, 634], [317, 450, 634], [317, 512, 634], [317, 578, 634]]
[[318, 336, 338, 371], [318, 350, 363, 371]]
[[319, 320, 330, 338, 348]]
[[320, 323, 338, 340, 342]]
[[321, 363, 428]]
[[322, 323, 336, 340, 342, 345]]
[[323, 330, 336, 340, 342, 350, 352]]
[[324]]
[[325, 336, 343, 351]]
[[326, 384, 489], [326, 486, 489]]
[[327, 363, 436], [327, 432, 436]]
[[328, 338, 369]]
[[329, 350, 376]]
[[330, 340, 343, 352, 357]]
[[331, 338, 662], [331, 392, 662], [331, 450, 662], [331, 512, 662], [331, 578, 662], [331, 648, 662]]
[[332, 405, 415]]
[[333, 360, 370]]
[[334, 384, 501], [334, 486, 501]]
[[335, 338, 375, 402], [335, 360, 363, 402], [335, 375, 392, 402]]
[[336, 338, 340, 357, 360]]
[[337, 338, 674], [337, 392, 674], [337, 450, 674], [337, 512, 674], [337, 578, 674], [337, 648, 674]]
[[338, 343, 350]]
[[339, 363, 452], [339, 432, 452]]
[[340, 350, 357, 360, 363]]
[[341, 343, 350, 352, 363, 372], [341, 345, 352, 360, 368, 372], [341, 350, 351, 352, 364, 372]]
[[342, 360, 380]]
[[343, 351, 363, 364]]
[[344, 363, 384, 387]]
[[345, 350, 351, 360, 364, 368]]
[[346, 384, 519], [346, 486, 519]]
[[347, 392, 694], [347, 450, 694], [347, 512, 694], [347, 578, 694], [347, 648, 694]]
[[348, 351, 377]]
[[349, 392, 698], [349, 450, 698], [349, 512, 698], [349, 578, 698], [349, 648, 698]]
[[350, 351, 360, 364, 375]]
[[351, 352, 357, 364, 374]]
[[352, 357, 360, 363, 374, 375, 378]]
[[353, 392, 706], [353, 450, 706], [353, 512, 706], [353, 578, 706], [353, 648, 706]]
[[354, 378, 413]]
[[355, 360, 363, 426], [355, 375, 392, 426], [355, 384, 405, 426]]
[[356, 405, 445]]
[[357, 360, 363, 374, 385]]
[[358, 384, 537], [358, 486, 537]]
[[359, 392, 718], [359, 450, 718], [359, 512, 718], [359, 578, 718], [359, 648, 718]]
[[360, 375, 384]]
[[361]]
[[362, 384, 543], [362, 486, 543]]
[[363, 364, 375, 378, 390]]
[[364, 375, 378, 384, 390, 392]]
[[365, 375, 392, 438], [365, 384, 405, 438]]
[[366, 378, 427]]
[[367, 392, 734], [367, 450, 734], [367, 512, 734], [367, 578, 734], [367, 648, 734], [367, 722, 734]]
[[368, 374, 375, 378, 385, 391]]
[[369, 375, 384, 410], [369, 392, 405, 410]]
[[370, 375, 384, 396, 407], [370, 392, 396, 405, 407]]
[[371, 375, 378, 405, 424], [371, 375, 392, 420, 424], [371, 378, 384, 392, 424], [371, 380, 385, 418, 424], [371, 384, 405, 420, 424]]
[[372, 375, 384, 390, 403]]
[[373, 392, 746], [373, 450, 746], [373, 512, 746], [373, 578, 746], [373, 648, 746], [373, 722, 746]]
[[374, 375, 396, 405, 408], [374, 380, 385, 399, 408], [374, 384, 392, 396, 408]]
[[375, 378, 385, 392, 396]]
[[376, 392, 423]]
[[377, 380, 390, 399, 406]]
[[378, 380, 392, 399, 405], [378, 384, 385, 396, 405]]
[[379, 392, 758], [379, 450, 758], [379, 512, 758], [379, 578, 758], [379, 648, 758], [379, 722, 758]]
[[380, 384, 385, 392, 396, 399]]
[[381, 432, 508], [381, 507, 508]]
[[382, 384, 573], [382, 486, 573]]
[[383, 392, 766], [383, 450, 766], [383, 512, 766], [383, 578, 766], [383, 648, 766], [383, 722, 766]]
[[384, 391, 392, 408, 414]]
[[385, 390, 392, 399, 416, 418]]
[[386, 486, 579]]
[[387, 392, 405, 430]]
[[388, 405, 485]]
[[389, 392, 778], [389, 450, 778], [389, 512, 778], [389, 578, 778], [389, 648, 778], [389, 722, 778]]
[[390, 391, 405, 408, 414, 416]]
[[391, 392, 414, 425]]
[[392, 396, 399, 405, 418, 420]]
[[393, 432, 524], [393, 507, 524]]
[[394, 486, 591]]
[[395, 396, 432, 440, 474], [395, 399, 420, 456, 474], [395, 403, 416, 465, 474], [395, 405, 408, 425, 474], [395, 405, 432, 450, 474], [395, 406, 420, 464, 474], [395, 406, 435, 448, 474], [395, 407, 440, 444, 474], [395, 413, 420, 472, 474], [395, 414, 432, 460, 474], [395, 418, 440, 456, 474], [395, 420, 448, 450, 474], [395, 423, 432, 470, 474], [395, 429, 440, 468, 474], [395, 434, 448, 465, 474], [395, 435, 450, 464, 474], [395, 437, 456, 460, 474]]
[[396, 408, 416, 425, 429]]
[[397, 450, 794], [397, 512, 794], [397, 578, 794], [397, 648, 794], [397, 722, 794]]
[[398, 486, 597]]
[[399, 405, 416, 418, 420, 429, 432]]
[[400]]
[[401, 450, 802], [401, 512, 802], [401, 578, 802], [401, 648, 802], [401, 722, 802], [401, 800, 802]]
[[402, 405, 406, 435, 469], [402, 405, 420, 450, 469], [402, 405, 434, 465, 469], [402, 406, 432, 464, 469], [402, 408, 425, 448, 469], [402, 414, 420, 460, 469], [402, 429, 440, 455, 469], [402, 432, 448, 450, 469]]
[[403, 405, 416, 420, 432, 434]]
[[404, 405, 505], [404, 500, 505]]
[[405, 416, 429, 432, 440]]
[[406, 408, 420, 425, 432, 435]]
[[407, 408, 429, 432, 442, 444], [407, 414, 418, 432, 437, 444]]
[[408, 414, 416, 418, 425, 429, 437]]
[[409, 450, 818], [409, 512, 818], [409, 578, 818], [409, 648, 818], [409, 722, 818], [409, 800, 818]]
[[410, 440, 451]]
[[411, 432, 548], [411, 507, 548]]
[[412, 500, 515]]
[[413, 448, 450, 472]]
[[414, 416, 418, 429, 432, 437, 450]]
[[415, 480, 498]]
[[416, 425, 442]]
[[417, 432, 556], [417, 507, 556]]
[[418, 420, 429, 432, 455, 456], [418, 420, 440, 448, 450, 456], [418, 425, 429, 442, 450, 456]]
[[419, 450, 838], [419, 512, 838], [419, 578, 838], [419, 648, 838], [419, 722, 838], [419, 800, 838]]
[[420, 425, 429, 440, 442, 448]]
[[421, 450, 842], [421, 512, 842], [421, 578, 842], [421, 648, 842], [421, 722, 842], [421, 800, 842]]
[[422, 486, 633], [422, 600, 633]]
[[423, 429, 455, 462, 470]]
[[424, 450, 477]]
[[425, 432, 459]]
[[426, 448, 486, 497]]
[[427, 448, 450, 488]]
[[428, 500, 535]]
[[429, 432, 440, 448, 450, 455]]
[[430, 440, 473]]
[[431, 450, 862], [431, 512, 862], [431, 578, 862], [431, 648, 862], [431, 722, 862], [431, 800, 862]]
[[432, 440, 455, 462, 468], [432, 442, 450, 459, 468]]
[[433, 450, 866], [433, 512, 866], [433, 578, 866], [433, 648, 866], [433, 722, 866], [433, 800, 866]]
[[434, 440, 450, 462, 465], [434, 442, 455, 459, 465]]
[[435, 440, 448, 462, 464]]
[[436, 500, 545]]
[[437, 442, 448, 455, 456, 459, 460]]
[[438, 448, 486, 511], [438, 504, 507, 511]]
[[439, 450, 878], [439, 512, 878], [439, 578, 878], [439, 648, 878], [439, 722, 878], [439, 800, 878]]
[[440, 442, 450, 455, 459, 462]]
[[441]]
[[442, 456, 459, 468, 475]]
[[443, 450, 886], [443, 512, 886], [443, 578, 886], [443, 648, 886], [443, 722, 886], [443, 800, 886], [443, 882, 886]]
[[444, 448, 450, 455, 480, 481], [444, 448, 459, 468, 476, 481], [444, 450, 456, 468, 475, 481]]
[[445, 480, 534]]
[[446, 486, 669], [446, 600, 669]]
[[447, 507, 596], [447, 588, 596]]
[[448, 450, 456, 459, 475, 476]]
[[449, 450, 898], [449, 512, 898], [449, 578, 898], [449, 648, 898], [449, 722, 898], [449, 800, 898], [449, 882, 898]]
[[450, 455, 459, 468, 476, 480]]
[[451, 455, 462, 468, 490, 492], [451, 459, 462, 476, 486, 492], [451, 460, 462, 480, 483, 492]]
[[452, 500, 565]]
[[453, 507, 604], [453, 588, 604]]
[[454, 486, 681], [454, 600, 681]]
[[455, 459, 468, 476, 486, 490], [455, 460, 468, 480, 483, 490]]
[[456, 459, 460, 475, 476, 480, 483]]
[[457, 512, 914], [457, 578, 914], [457, 648, 914], [457, 722, 914], [457, 800, 914], [457, 882, 914]]
[[458, 486, 687], [458, 600, 687]]
[[459, 460, 476, 480, 483, 486]]
[[460, 464, 476, 483, 486, 490, 493]]
[[461, 512, 922], [461, 578, 922], [461, 648, 922], [461, 722, 922], [461, 800, 922], [461, 882, 922]]
[[462, 464, 476, 480, 493, 495]]
[[463, 512, 926], [463, 578, 926], [463, 648, 926], [463, 722, 926], [463, 800, 926], [463, 882, 926]]
[[464, 476, 490, 493, 500, 504]]
[[465, 486, 490, 496]]
[[466, 486, 699], [466, 600, 699]]
[[467, 512, 934], [467, 578, 934], [467, 648, 934], [467, 722, 934], [467, 800, 934], [467, 882, 934]]
[[468, 475, 480, 486, 490, 494]]
[[469, 504, 536]]
[[470, 495, 512, 517]]
[[471, 507, 628], [471, 588, 628]]
[[472, 512, 531]]
[[473, 480, 495, 512, 516], [473, 483, 504, 506, 516], [473, 486, 490, 495, 516], [473, 495, 500, 507, 516]]
[[474, 504, 507, 553], [474, 512, 525, 553]]
[[475, 507, 513]]
[[476, 483, 495, 506, 510], [476, 486, 490, 504, 510], [476, 500, 504, 507, 510]]
[[477, 490, 530]]
[[478, 486, 717], [478, 600, 717]]
[[479, 512, 958], [479, 578, 958], [479, 648, 958], [479, 722, 958], [479, 800, 958], [479, 882, 958]]
[[480, 486, 500]]
[[481, 486, 494, 504, 513, 518]]
[[482, 486, 723], [482, 600, 723]]
[[483, 486, 490, 495, 504, 506]]
[[484]]
[[485, 486, 500, 582], [485, 490, 507, 582], [485, 512, 540, 582], [485, 540, 578, 582]]
[[486, 490, 500, 507]]
[[487, 512, 974], [487, 578, 974], [487, 648, 974], [487, 722, 974], [487, 800, 974], [487, 882, 974], [487, 968, 974]]
[[488, 512, 549]]
[[489, 507, 652], [489, 588, 652]]
[[490, 500, 512]]
[[491, 512, 982], [491, 578, 982], [491, 648, 982], [491, 722, 982], [491, 800, 982], [491, 882, 982], [491, 968, 982]]
[[492, 494, 512, 513, 533]]
[[493, 500, 507, 510, 522]]
[[494, 500, 507, 513, 520]]
[[495, 500, 507, 528]]
[[496, 500, 504, 510, 525, 527], [496, 500, 507, 510, 512, 527]]
[[497, 504, 568]]
[[498, 504, 507, 581], [498, 512, 525, 581], [498, 525, 578, 581]]
[[499, 512, 998], [499, 578, 998], [499, 648, 998], [499, 722, 998], [499, 800, 998], [499, 882, 998], [499, 968, 998]]
[[500, 507, 540]]
[[501, 507, 668], [501, 588, 668]]
[[502, 600, 753], [502, 726, 753]]
[[503, 512, 1006], [503, 578, 1006], [503, 648, 1006], [503, 722, 1006], [503, 800, 1006], [503, 882, 1006], [503, 968, 1006]]
[[504, 507, 512, 525]]
[[505, 512, 540, 606], [505, 540, 578, 606], [505, 600, 605, 606]]
[[506, 528, 552]]
[[507, 528, 539]]
[[508, 605, 635]]
[[509, 512, 1018], [509, 578, 1018], [509, 648, 1018], [509, 722, 1018], [509, 800, 1018], [509, 882, 1018], [509, 968, 1018]]
[[510, 540, 544]]
[[511, 512, 567, 584], [511, 567, 578, 584]]
[[512, 539, 550]]
[[513, 525, 532]]
[[514, 600, 771], [514, 726, 771]]
[[515, 540, 578, 618], [515, 600, 605, 618]]
[[516, 518, 540, 546, 555, 559], [516, 520, 539, 540, 550, 559], [516, 522, 532, 546, 551, 559], [516, 525, 528, 546, 550, 559]]
[[517, 528, 564]]
[[518, 520, 539, 546, 550, 555], [518, 522, 532, 540, 551, 555], [518, 525, 528, 540, 550, 555]]
[[519, 588, 692], [519, 675, 692]]
[[520, 525, 528, 539, 540, 546]]
[[521, 578, 1042], [521, 648, 1042], [521, 722, 1042], [521, 800, 1042], [521, 882, 1042], [521, 968, 1042]]
[[522, 525, 528, 532, 550, 551]]
[[523, 578, 1046], [523, 648, 1046], [523, 722, 1046], [523, 800, 1046], [523, 882, 1046], [523, 968, 1046]]
[[524, 605, 655]]
[[525, 540, 560]]
[[526, 600, 789], [526, 726, 789]]
[[527, 544, 558]]
[[528, 539, 544, 550, 561]]
[[529]]
[[530, 540, 544, 561, 583], [530, 550, 560, 567, 583]]
[[531, 540, 552, 575, 590], [531, 540, 578, 588, 590], [531, 550, 572, 585, 590], [531, 560, 567, 578, 590]]
[[532, 539, 540, 550, 567, 570], [532, 539, 544, 560, 561, 570]]
[[533, 550, 567, 572, 574]]
[[534, 567, 600, 623]]
[[535, 540, 578, 642], [535, 588, 640, 642], [535, 600, 605, 642]]
[[536, 578, 603]]
[[537, 588, 716], [537, 675, 716]]
[[538, 600, 807], [538, 726, 807]]
[[539, 544, 552, 561, 575]]
[[540, 544, 550, 560, 561, 567]]
[[541, 578, 1082], [541, 648, 1082], [541, 722, 1082], [541, 800, 1082], [541, 882, 1082], [541, 968, 1082], [541, 1058, 1082]]
[[542, 600, 813], [542, 726, 813]]
[[543, 588, 724], [543, 675, 724]]
[[544, 546, 561, 567, 572]]
[[545, 588, 640, 654], [545, 600, 605, 654]]
[[546, 550, 552, 567, 572, 575, 578]]
[[547, 578, 1094], [547, 648, 1094], [547, 722, 1094], [547, 800, 1094], [547, 882, 1094], [547, 968, 1094], [547, 1058, 1094]]
[[548, 605, 685]]
[[549, 578, 605, 610]]
[[550, 560, 567, 572, 578, 585]]
[[551, 552, 570, 575, 580]]
[[552, 575, 578, 588]]
[[553, 567, 578, 632], [553, 605, 630, 632]]
[[554, 600, 831], [554, 726, 831]]
[[555, 558, 570, 589, 592], [555, 560, 567, 588, 592]]
[[556, 605, 695]]
[[557, 578, 1114], [557, 648, 1114], [557, 722, 1114], [557, 800, 1114], [557, 882, 1114], [557, 968, 1114], [557, 1058, 1114]]
[[558, 560, 567, 570, 588, 589]]
[[559, 560, 578, 585, 602], [559, 567, 575, 598, 602]]
[[560, 567, 572, 578, 585, 588, 594]]
[[561, 567, 572, 585, 588, 595]]
[[562, 600, 843], [562, 726, 843]]
[[563, 578, 1126], [563, 648, 1126], [563, 722, 1126], [563, 800, 1126], [563, 882, 1126], [563, 968, 1126], [563, 1058, 1126]]
[[564, 570, 585, 608, 611], [564, 572, 578, 594, 611], [564, 575, 598, 600, 611], [564, 585, 588, 605, 611]]
[[565, 588, 640, 678], [565, 600, 605, 678], [565, 640, 675, 678]]
[[566, 600, 849], [566, 726, 849]]
[[567, 570, 580, 608, 609], [567, 580, 588, 605, 609]]
[[568, 578, 639]]
[[569, 578, 1138], [569, 648, 1138], [569, 722, 1138], [569, 800, 1138], [569, 882, 1138], [569, 968, 1138], [569, 1058, 1138]]
[[570, 588, 605, 608]]
[[571, 578, 1142], [571, 648, 1142], [571, 722, 1142], [571, 800, 1142], [571, 882, 1142], [571, 968, 1142], [571, 1058, 1142]]
[[572, 575, 588, 594, 598]]
[[573, 588, 764], [573, 675, 764]]
[[574, 578, 580, 609, 615], [574, 595, 600, 612, 615]]
[[575, 578, 585, 598, 605]]
[[576]]
[[577, 578, 1154], [577, 648, 1154], [577, 722, 1154], [577, 800, 1154], [577, 882, 1154], [577, 968, 1154], [577, 1058, 1154], [577, 1152, 1154]]
[[578, 588, 600]]
[[579, 588, 772], [579, 675, 772], [579, 768, 772]]
[[580, 588, 595, 609, 612]]
[[581, 605, 630, 664]]
[[582, 672, 679]]
[[583, 588, 594, 600, 636]]
[[584, 648, 657]]
[[585, 598, 600, 605, 621]]
[[586, 600, 879], [586, 726, 879], [586, 864, 879]]
[[587, 648, 1174], [587, 722, 1174], [587, 800, 1174], [587, 882, 1174], [587, 968, 1174], [587, 1058, 1174], [587, 1152, 1174]]
[[588, 594, 595, 605, 612, 616]]
[[589, 594, 595, 600, 608, 612, 616, 620]]
[[590, 594, 600, 640, 649], [590, 595, 612, 616, 649], [590, 616, 630, 648, 649]]
[[591, 675, 788], [591, 768, 788]]
[[592, 612, 629]]
[[593, 648, 1186], [593, 722, 1186], [593, 800, 1186], [593, 882, 1186], [593, 968, 1186], [593, 1058, 1186], [593, 1152, 1186]]
[[594, 595, 598, 600, 605, 612, 616, 621, 624]]
[[595, 598, 600, 605, 608, 612, 616, 621, 624, 627]]
[[596, 605, 745], [596, 720, 745]]
[[597, 675, 796], [597, 768, 796]]
[[598, 600, 621, 637]]
[[599, 648, 1198], [599, 722, 1198], [599, 800, 1198], [599, 882, 1198], [599, 968, 1198], [599, 1058, 1198], [599, 1152, 1198]]
[[600, 605, 608, 616, 627, 630]]
[[601, 648, 1202], [601, 722, 1202], [601, 800, 1202], [601, 882, 1202], [601, 968, 1202], [601, 1058, 1202], [601, 1152, 1202]]
[[602, 621, 640, 644, 645], [602, 624, 630, 637, 645]]
[[603, 640, 670]]
[[604, 605, 755], [604, 720, 755]]
[[605, 640, 648]]
[[606, 672, 707]]
[[607, 648, 1214], [607, 722, 1214], [607, 800, 1214], [607, 882, 1214], [607, 968, 1214], [607, 1058, 1214], [607, 1152, 1214]]
[[608, 609, 627, 630, 638, 640]]
[[609, 616, 624, 637, 638]]
[[610, 616, 630, 648, 671], [610, 624, 650, 660, 671]]
[[611, 630, 640, 650, 658]]
[[612, 616, 621, 627, 644, 646]]
[[613, 648, 1226], [613, 722, 1226], [613, 800, 1226], [613, 882, 1226], [613, 968, 1226], [613, 1058, 1226], [613, 1152, 1226]]
[[614, 726, 921], [614, 864, 921]]
[[615, 624, 640, 650, 656]]
[[616, 620, 648, 651, 660], [616, 621, 640, 644, 660], [616, 624, 630, 637, 660]]
[[617, 648, 1234], [617, 722, 1234], [617, 800, 1234], [617, 882, 1234], [617, 968, 1234], [617, 1058, 1234], [617, 1152, 1234]]
[[618, 672, 721]]
[[619, 648, 1238], [619, 722, 1238], [619, 800, 1238], [619, 882, 1238], [619, 968, 1238], [619, 1058, 1238], [619, 1152, 1238]]
[[620, 624, 630, 650, 651]]
[[621, 624, 630, 637, 640, 644]]
[[622, 726, 933], [622, 864, 933]]
[[623, 686, 712]]
[[624, 627, 640, 646, 660, 663]]
[[625]]
[[626, 726, 939], [626, 864, 939]]
[[627, 630, 640, 660, 665]]
[[628, 720, 785]]
[[629, 630, 646, 648, 665, 666]]
[[630, 640, 648, 672, 675]]
[[631, 648, 1262], [631, 722, 1262], [631, 800, 1262], [631, 882, 1262], [631, 968, 1262], [631, 1058, 1262], [631, 1152, 1262], [631, 1250, 1262]]
[[632, 648, 711]]
[[633, 675, 844], [633, 768, 844]]
[[634, 726, 951], [634, 864, 951]]
[[635, 750, 762]]
[[636, 637, 675, 689]]
[[637, 648, 650]]
[[638, 644, 646, 648, 650, 660, 663, 665, 667]]
[[639, 640, 710]]
[[640, 646, 650, 663, 665, 672]]
[[641, 648, 1282], [641, 722, 1282], [641, 800, 1282], [641, 882, 1282], [641, 968, 1282], [641, 1058, 1282], [641, 1152, 1282], [641, 1250, 1282]]
[[642, 672, 749]]
[[643, 648, 1286], [643, 722, 1286], [643, 800, 1286], [643, 882, 1286], [643, 968, 1286], [643, 1058, 1286], [643, 1152, 1286], [643, 1250, 1286]]
[[644, 645, 686, 688, 690]]
[[645, 650, 663, 680, 688]]
[[646, 648, 665, 672, 675, 680]]
[[647, 648, 1294], [647, 722, 1294], [647, 800, 1294], [647, 882, 1294], [647, 968, 1294], [647, 1058, 1294], [647, 1152, 1294], [647, 1250, 1294]]
[[648, 651, 660, 665, 682, 684]]
[[649, 675, 704, 708]]
[[650, 651, 660, 663, 672, 680, 682]]
[[651, 660, 667, 682, 686, 690, 696]]
[[652, 720, 815]]
[[653, 722, 1306], [653, 800, 1306], [653, 882, 1306], [653, 968, 1306], [653, 1058, 1306], [653, 1152, 1306], [653, 1250, 1306]]
[[654, 672, 763]]
[[655, 750, 786]]
[[656, 660, 672, 680, 693, 697], [656, 665, 680, 684, 686, 697]]
[[657, 720, 722, 730]]
[[658, 660, 686, 704, 705]]
[[659, 722, 1318], [659, 800, 1318], [659, 882, 1318], [659, 968, 1318], [659, 1058, 1318], [659, 1152, 1318], [659, 1250, 1318]]
[[660, 665, 675, 684, 693]]
[[661, 722, 1322], [661, 800, 1322], [661, 882, 1322], [661, 968, 1322], [661, 1058, 1322], [661, 1152, 1322], [661, 1250, 1322]]
[[662, 726, 993], [662, 864, 993]]
[[663, 665, 680, 684, 700, 702], [663, 667, 680, 690, 696, 702]]
[[664, 722, 747]]
[[665, 667, 684, 690, 696, 700]]
[[666, 684, 686, 700, 703]]
[[667, 675, 682, 696, 704, 713]]
[[668, 720, 835]]
[[669, 675, 892], [669, 768, 892], [669, 867, 892]]
[[670, 672, 693, 735, 737], [670, 675, 702, 715, 737], [670, 686, 693, 720, 737], [670, 700, 715, 728, 737], [670, 704, 720, 722, 737], [670, 704, 726, 735, 737]]
[[671, 675, 704, 732]]
[[672, 675, 686]]
[[673, 722, 1346], [673, 800, 1346], [673, 882, 1346], [673, 968, 1346], [673, 1058, 1346], [673, 1152, 1346], [673, 1250, 1346]]
[[674, 726, 1011], [674, 864, 1011]]
[[675, 680, 700, 714, 720]]
[[676]]
[[677, 722, 1354], [677, 800, 1354], [677, 882, 1354], [677, 968, 1354], [677, 1058, 1354], [677, 1152, 1354], [677, 1250, 1354], [677, 1352, 1354]]
[[678, 686, 768, 791], [678, 700, 726, 791], [678, 722, 756, 791]]
[[679, 686, 776]]
[[680, 682, 690, 693, 713, 714]]
[[681, 768, 908], [681, 867, 908]]
[[682, 686, 690, 700, 702, 713, 715]]
[[683, 722, 1366], [683, 800, 1366], [683, 882, 1366], [683, 968, 1366], [683, 1058, 1366], [683, 1152, 1366], [683, 1250, 1366], [683, 1352, 1366]]
[[684, 703, 720, 740]]
[[685, 750, 822]]
[[686, 700, 722]]
[[687, 768, 916], [687, 867, 916]]
[[688, 700, 714, 726, 731]]
[[689, 728, 742]]
[[690, 735, 736]]
[[691, 722, 1382], [691, 800, 1382], [691, 882, 1382], [691, 968, 1382], [691, 1058, 1382], [691, 1152, 1382], [691, 1250, 1382], [691, 1352, 1382]]
[[692, 720, 865], [692, 845, 865]]
[[693, 700, 704]]
[[694, 726, 1041], [694, 864, 1041], [694, 1014, 1041]]
[[695, 750, 834]]
[[696, 702, 704, 715, 720, 725]]
[[697, 702, 714, 728, 738]]
[[698, 726, 1047], [698, 864, 1047], [698, 1014, 1047]]
[[699, 768, 932], [699, 867, 932]]
[[700, 702, 722, 726, 728]]
[[701, 722, 1402], [701, 800, 1402], [701, 882, 1402], [701, 968, 1402], [701, 1058, 1402], [701, 1152, 1402], [701, 1250, 1402], [701, 1352, 1402]]
[[702, 704, 715, 720, 726]]
[[703, 704, 715, 720, 735, 740, 741], [703, 704, 715, 722, 726, 740, 741]]
[[704, 715, 720, 722, 725, 754], [704, 715, 725, 726, 735, 754]]
[[705, 735, 752]]
[[706, 726, 1059], [706, 864, 1059], [706, 1014, 1059]]
[[707, 726, 756, 808]]
[[708, 722, 728, 756, 767], [708, 725, 726, 754, 767]]
[[709, 722, 1418], [709, 800, 1418], [709, 882, 1418], [709, 968, 1418], [709, 1058, 1418], [709, 1152, 1418], [709, 1250, 1418], [709, 1352, 1418]]
[[710, 715, 725, 754, 781], [710, 715, 750, 780, 781], [710, 722, 748, 765, 781], [710, 735, 736, 759, 781], [710, 756, 768, 770, 781]]
[[711, 720, 722, 790], [711, 726, 735, 790], [711, 750, 768, 790]]
[[712, 722, 801], [712, 800, 801]]
[[713, 720, 735, 736, 744], [713, 722, 726, 736, 744]]
[[714, 715, 728, 735, 748]]
[[715, 720, 728, 736, 756, 759], [715, 725, 735, 736, 754, 759]]
[[716, 720, 895], [716, 845, 895]]
[[717, 768, 956], [717, 867, 956]]
[[718, 726, 1077], [718, 864, 1077], [718, 1014, 1077]]
[[719, 722, 1438], [719, 800, 1438], [719, 882, 1438], [719, 968, 1438], [719, 1058, 1438], [719, 1152, 1438], [719, 1250, 1438], [719, 1352, 1438]]
[[720, 722, 726, 735]]
[[721, 726, 756, 824]]
[[722, 735, 750]]
[[723, 768, 964], [723, 867, 964]]
[[724, 845, 905]]
[[725, 726, 728, 735, 750, 754, 756]]
[[726, 728, 741, 750, 756, 760]]
[[727, 800, 1454], [727, 882, 1454], [727, 968, 1454], [727, 1058, 1454], [727, 1152, 1454], [727, 1250, 1454], [727, 1352, 1454]]
[[728, 735, 741, 756, 760, 768]]
[[729]]
[[730, 735, 736, 759, 803], [730, 735, 768, 792, 803], [730, 748, 765, 800, 803], [730, 756, 768, 770, 803]]
[[731, 750, 765, 768, 774]]
[[732, 735, 768, 780, 793]]
[[733, 800, 1466], [733, 882, 1466], [733, 968, 1466], [733, 1058, 1466], [733, 1152, 1466], [733, 1250, 1466], [733, 1352, 1466], [733, 1458, 1466]]
[[734, 864, 1101], [734, 1014, 1101]]
[[735, 736, 756, 759, 768, 770]]
[[736, 748, 750, 759, 765]]
[[737, 742, 770, 795, 804], [737, 744, 775, 792, 804], [737, 768, 792, 800, 804]]
[[738, 740, 756, 760, 777, 779], [738, 744, 750, 760, 775, 779]]
[[739, 800, 1478], [739, 882, 1478], [739, 968, 1478], [739, 1058, 1478], [739, 1152, 1478], [739, 1250, 1478], [739, 1352, 1478], [739, 1458, 1478]]
[[740, 744, 750, 756, 775, 777], [740, 748, 750, 765, 770, 777]]
[[741, 744, 760, 768, 775, 780]]
[[742, 750, 756, 768, 795]]
[[743, 800, 1486], [743, 882, 1486], [743, 968, 1486], [743, 1058, 1486], [743, 1152, 1486], [743, 1250, 1486], [743, 1352, 1486], [743, 1458, 1486]]
[[744, 748, 756, 765, 770, 775]]
[[745, 750, 894]]
[[746, 864, 1119], [746, 1014, 1119]]
[[747, 810, 830]]
[[748, 750, 765, 768, 792]]
[[749, 800, 847, 856]]
[[750, 754, 768, 780, 783]]
[[751, 800, 1502], [751, 882, 1502], [751, 968, 1502], [751, 1058, 1502], [751, 1152, 1502], [751, 1250, 1502], [751, 1352, 1502], [751, 1458, 1502]]
[[752, 756, 760, 765, 798, 799], [752, 759, 768, 782, 792, 799]]
[[753, 768, 1004], [753, 867, 1004], [753, 972, 1004]]
[[754, 756, 760, 780, 783, 798, 800]]
[[755, 768, 810, 906], [755, 810, 867, 906], [755, 840, 847, 906], [755, 845, 864, 906]]
[[756, 759, 765, 770, 782]]
[[757, 800, 1514], [757, 882, 1514], [757, 968, 1514], [757, 1058, 1514], [757, 1152, 1514], [757, 1250, 1514], [757, 1352, 1514], [757, 1458, 1514]]
[[758, 864, 1137], [758, 1014, 1137]]
[[759, 768, 770, 800, 805]]
[[760, 768, 770, 792, 798]]
[[761, 800, 1522], [761, 882, 1522], [761, 968, 1522], [761, 1058, 1522], [761, 1152, 1522], [761, 1250, 1522], [761, 1352, 1522], [761, 1458, 1522]]
[[762, 840, 845, 889], [762, 847, 864, 889]]
[[763, 800, 847, 872]]
[[764, 845, 955]]
[[765, 768, 770, 775, 780, 782, 792, 805, 806]]
[[766, 864, 1149], [766, 1014, 1149]]
[[767, 800, 819, 826]]
[[768, 775, 780, 806, 810]]
[[769, 800, 1538], [769, 882, 1538], [769, 968, 1538], [769, 1058, 1538], [769, 1152, 1538], [769, 1250, 1538], [769, 1352, 1538], [769, 1458, 1538]]
[[770, 775, 780, 783, 792, 800, 806, 812]]
[[771, 867, 1028], [771, 972, 1028]]
[[772, 845, 965]]
[[773, 800, 1546], [773, 882, 1546], [773, 968, 1546], [773, 1058, 1546], [773, 1152, 1546], [773, 1250, 1546], [773, 1352, 1546], [773, 1458, 1546]]
[[774, 783, 798, 812, 817]]
[[775, 777, 806, 814, 819, 825]]
[[776, 800, 873]]
[[777, 783, 792, 812, 814]]
[[778, 864, 1167], [778, 1014, 1167]]
[[779, 780, 798, 800, 819, 820], [779, 782, 798, 805, 816, 820], [779, 783, 798, 810, 812, 820]]
[[780, 782, 800, 805, 816, 819], [780, 783, 800, 810, 812, 819]]
[[781, 825, 852]]
[[782, 783, 805, 810, 812, 816]]
[[783, 792, 805, 810, 812, 825, 828]]
[[784]]
[[785, 810, 867, 942], [785, 840, 847, 942], [785, 845, 864, 942]]
[[786, 840, 845, 917], [786, 847, 864, 917], [786, 867, 896, 917]]
[[787, 800, 1574], [787, 882, 1574], [787, 968, 1574], [787, 1058, 1574], [787, 1152, 1574], [787, 1250, 1574], [787, 1352, 1574], [787, 1458, 1574], [787, 1568, 1574]]
[[788, 845, 985], [788, 980, 985]]
[[789, 867, 1052], [789, 972, 1052]]
[[790, 792, 845, 869]]
[[791, 896, 904]]
[[792, 800, 816, 825, 833]]
[[793, 800, 819, 854]]
[[794, 864, 1191], [794, 1014, 1191], [794, 1176, 1191]]
[[795, 800, 840, 847, 848], [795, 816, 833, 845, 848]]
[[796, 845, 995], [796, 980, 995]]
[[797, 800, 1594], [797, 882, 1594], [797, 968, 1594], [797, 1058, 1594], [797, 1152, 1594], [797, 1250, 1594], [797, 1352, 1594], [797, 1458, 1594], [797, 1568, 1594]]
[[798, 800, 819, 825, 832, 836], [798, 805, 810, 825, 828, 836]]
[[799, 800, 833, 846]]
[[800, 805, 810, 819, 828, 832]]
[[801, 810, 890]]
[[802, 864, 1203], [802, 1014, 1203], [802, 1176, 1203]]
[[803, 825, 876]]
[[804, 832, 867, 871]]
[[805, 806, 810, 816, 819, 828, 833, 837]]
[[806, 819, 837, 840, 845]]
[[807, 867, 1076], [807, 972, 1076]]
[[808, 882, 909]]
[[809, 882, 1618], [809, 968, 1618], [809, 1058, 1618], [809, 1152, 1618], [809, 1250, 1618], [809, 1352, 1618], [809, 1458, 1618], [809, 1568, 1618]]
[[810, 816, 819, 832, 833, 840]]
[[811, 882, 1622], [811, 968, 1622], [811, 1058, 1622], [811, 1152, 1622], [811, 1250, 1622], [811, 1352, 1622], [811, 1458, 1622], [811, 1568, 1622]]
[[812, 840, 870]]
[[813, 867, 1084], [813, 972, 1084], [813, 1083, 1084]]
[[814, 816, 825, 828, 850, 851]]
[[815, 840, 847, 978], [815, 845, 864, 978], [815, 882, 960, 978], [815, 896, 945, 978], [815, 960, 968, 978]]
[[816, 840, 845, 847, 850]]
[[817, 855, 860]]
[[818, 864, 1227], [818, 1014, 1227], [818, 1176, 1227]]
[[819, 832, 847]]
[[820, 833, 840, 850, 861]]
[[821, 882, 1642], [821, 968, 1642], [821, 1058, 1642], [821, 1152, 1642], [821, 1250, 1642], [821, 1352, 1642], [821, 1458, 1642], [821, 1568, 1642]]
[[822, 840, 845, 959], [822, 847, 864, 959], [822, 867, 896, 959]]
[[823, 882, 1646], [823, 968, 1646], [823, 1058, 1646], [823, 1152, 1646], [823, 1250, 1646], [823, 1352, 1646], [823, 1458, 1646], [823, 1568, 1646]]
[[824, 882, 927]]
[[825, 833, 836, 840, 847, 850, 855]]
[[826, 840, 885]]
[[827, 882, 1654], [827, 968, 1654], [827, 1058, 1654], [827, 1152, 1654], [827, 1250, 1654], [827, 1352, 1654], [827, 1458, 1654], [827, 1568, 1654]]
[[828, 832, 836, 858, 867, 874], [828, 833, 845, 850, 855, 874], [828, 837, 840, 855, 868, 874], [828, 840, 847, 855, 867, 874], [828, 845, 855, 864, 867, 874]]
[[829, 882, 1658], [829, 968, 1658], [829, 1058, 1658], [829, 1152, 1658], [829, 1250, 1658], [829, 1352, 1658], [829, 1458, 1658], [829, 1568, 1658]]
[[830, 880, 882, 913]]
[[831, 867, 1108], [831, 972, 1108], [831, 1083, 1108]]
[[832, 836, 840, 847, 855, 858]]
[[833, 850, 864, 867]]
[[834, 840, 845, 973], [834, 847, 864, 973], [834, 867, 896, 973], [834, 896, 972, 973]]
[[835, 840, 847, 1002], [835, 845, 864, 1002], [835, 864, 980, 1002], [835, 867, 1000, 1002], [835, 882, 960, 1002], [835, 896, 945, 1002], [835, 960, 968, 1002], [835, 972, 1000, 1002]]
[[836, 855, 880]]
[[837, 847, 867, 868]]
[[838, 864, 1257], [838, 1014, 1257], [838, 1176, 1257]]
[[839, 882, 1678], [839, 968, 1678], [839, 1058, 1678], [839, 1152, 1678], [839, 1250, 1678], [839, 1352, 1678], [839, 1458, 1678], [839, 1568, 1678]]
[[840, 845, 847, 864]]
[[841]]
[[842, 864, 1263], [842, 1014, 1263], [842, 1176, 1263]]
[[843, 867, 1124], [843, 972, 1124], [843, 1083, 1124]]
[[844, 845, 1055], [844, 980, 1055]]
[[845, 847, 875]]
[[846, 847, 855, 875, 882, 893], [846, 851, 864, 874, 888, 893], [846, 855, 880, 882, 891, 893]]
[[847, 850, 858, 867, 875, 880, 884]]
[[848, 850, 882, 901]]
[[849, 867, 1132], [849, 972, 1132], [849, 1083, 1132]]
[[850, 851, 855, 858, 874, 880, 884, 888]]
[[851, 855, 867, 874, 880, 888, 891]]
[[852, 854, 910, 915, 923], [852, 858, 882, 891, 923], [852, 864, 875, 910, 923], [852, 882, 884, 918, 923]]
[[853, 882, 1706], [853, 968, 1706], [853, 1058, 1706], [853, 1152, 1706], [853, 1250, 1706], [853, 1352, 1706], [853, 1458, 1706], [853, 1568, 1706], [853, 1682, 1706]]
[[854, 864, 875, 915]]
[[855, 858, 874, 880, 897]]
[[856, 882, 963]]
[[857, 882, 1714], [857, 968, 1714], [857, 1058, 1714], [857, 1152, 1714], [857, 1250, 1714], [857, 1352, 1714], [857, 1458, 1714], [857, 1568, 1714], [857, 1682, 1714]]
[[858, 860, 891, 903, 910], [858, 864, 880, 896, 910], [858, 867, 875, 891, 910]]
[[859, 882, 1718], [859, 968, 1718], [859, 1058, 1718], [859, 1152, 1718], [859, 1250, 1718], [859, 1352, 1718], [859, 1458, 1718], [859, 1568, 1718], [859, 1682, 1718]]
[[860, 867, 875, 903]]
[[861, 864, 875, 880, 902], [861, 867, 891, 896, 902]]
[[862, 864, 1293], [862, 1014, 1293], [862, 1176, 1293]]
[[863, 882, 1726], [863, 968, 1726], [863, 1058, 1726], [863, 1152, 1726], [863, 1250, 1726], [863, 1352, 1726], [863, 1458, 1726], [863, 1568, 1726], [863, 1682, 1726]]
[[864, 867, 882]]
[[865, 867, 1000, 1038], [865, 882, 960, 1038], [865, 896, 945, 1038], [865, 960, 968, 1038], [865, 972, 1000, 1038], [865, 980, 1014, 1038]]
[[866, 1014, 1299], [866, 1176, 1299]]
[[867, 868, 870, 875, 882, 899]]
[[868, 870, 882, 884, 899, 910, 918]]
[[869, 870, 880, 928, 948], [869, 875, 891, 945, 948], [869, 880, 885, 944, 948], [869, 882, 896, 924, 948], [869, 891, 912, 931, 948], [869, 896, 903, 946, 948]]
[[870, 874, 912, 920, 928], [870, 875, 891, 924, 928]]
[[871, 880, 891, 910, 938], [871, 882, 896, 936, 938]]
[[872, 882, 981], [872, 968, 981]]
[[873, 875, 896, 970]]
[[874, 875, 897, 910, 912]]
[[875, 880, 882, 891, 896]]
[[876, 882, 884, 918, 949], [876, 882, 910, 945, 949], [876, 888, 925, 936, 949]]
[[877, 882, 1754], [877, 968, 1754], [877, 1058, 1754], [877, 1152, 1754], [877, 1250, 1754], [877, 1352, 1754], [877, 1458, 1754], [877, 1568, 1754], [877, 1682, 1754]]
[[878, 1014, 1317], [878, 1176, 1317]]
[[879, 972, 1172], [879, 1083, 1172]]
[[880, 884, 891, 897, 918, 920]]
[[881, 882, 1762], [881, 968, 1762], [881, 1058, 1762], [881, 1152, 1762], [881, 1250, 1762], [881, 1352, 1762], [881, 1458, 1762], [881, 1568, 1762], [881, 1682, 1762]]
[[882, 884, 896, 899, 910, 918, 928, 930]]
[[883, 968, 1766], [883, 1058, 1766], [883, 1152, 1766], [883, 1250, 1766], [883, 1352, 1766], [883, 1458, 1766], [883, 1568, 1766], [883, 1682, 1766]]
[[884, 897, 899, 912, 918, 920, 928, 930, 931]]
[[885, 893, 912, 940, 944], [885, 897, 920, 936, 944], [885, 899, 928, 930, 944]]
[[886, 1014, 1329], [886, 1176, 1329]]
[[887, 968, 1774], [887, 1058, 1774], [887, 1152, 1774], [887, 1250, 1774], [887, 1352, 1774], [887, 1458, 1774], [887, 1568, 1774], [887, 1682, 1774]]
[[888, 891, 896, 924, 925]]
[[889, 896, 1016]]
[[890, 896, 924, 960, 979], [890, 899, 930, 957, 979], [890, 901, 935, 954, 979], [890, 903, 945, 946, 979], [890, 910, 924, 975, 979], [890, 918, 935, 972, 979], [890, 924, 945, 968, 979], [890, 928, 957, 960, 979]]
[[891, 897, 910, 920, 924]]
[[892, 980, 1115]]
[[893, 897, 912, 920, 936, 940], [893, 899, 912, 928, 930, 940]]
[[894, 896, 972, 1043], [894, 945, 1000, 1043], [894, 968, 1029, 1043], [894, 1008, 1014, 1043]]
[[895, 896, 945, 1074], [895, 960, 968, 1074], [895, 960, 1058, 1074], [895, 972, 1000, 1074], [895, 980, 1014, 1074]]
[[896, 899, 912, 918, 924, 928, 930, 931, 935]]
[[897, 899, 920, 928, 930, 936]]
[[898, 1014, 1347], [898, 1176, 1347]]
[[899, 903, 928, 930, 935, 946, 952], [899, 910, 918, 928, 930, 936, 952]]
[[900]]
[[901, 912, 918, 931, 954]]
[[902, 910, 912, 920, 924, 931, 936, 943]]
[[903, 910, 918, 935, 936, 946]]
[[904, 968, 1017]]
[[905, 1080, 1086]]
[[906, 1050, 1057]]
[[907, 968, 1814], [907, 1058, 1814], [907, 1152, 1814], [907, 1250, 1814], [907, 1352, 1814], [907, 1458, 1814], [907, 1568, 1814], [907, 1682, 1814], [907, 1800, 1814]]
[[908, 980, 1135], [908, 1125, 1135]]
[[909, 1000, 1010]]
[[910, 912, 931, 936, 945]]
[[911, 968, 1822], [911, 1058, 1822], [911, 1152, 1822], [911, 1250, 1822], [911, 1352, 1822], [911, 1458, 1822], [911, 1568, 1822], [911, 1682, 1822], [911, 1800, 1822]]
[[912, 918, 924, 935, 945, 950]]
[[913, 924, 945, 960, 996], [913, 928, 957, 968, 996], [913, 960, 968, 990, 996]]
[[914, 1014, 1371], [914, 1176, 1371], [914, 1350, 1371]]
[[915, 960, 976]]
[[916, 980, 1145], [916, 1125, 1145]]
[[917, 968, 1008, 1048], [917, 1014, 1029, 1048]]
[[918, 950, 969]]
[[919, 968, 1838], [919, 1058, 1838], [919, 1152, 1838], [919, 1250, 1838], [919, 1352, 1838], [919, 1458, 1838], [919, 1568, 1838], [919, 1682, 1838], [919, 1800, 1838]]
[[920, 945, 966]]
[[921, 972, 1228], [921, 1083, 1228], [921, 1200, 1228]]
[[922, 1014, 1383], [922, 1176, 1383], [922, 1350, 1383]]
[[923, 936, 945, 960, 994]]
[[924, 931, 935, 950, 952, 960]]
[[925, 936, 962]]
[[926, 1014, 1389], [926, 1176, 1389], [926, 1350, 1389]]
[[927, 1000, 1030]]
[[928, 935, 945, 952, 957]]
[[929, 968, 1858], [929, 1058, 1858], [929, 1152, 1858], [929, 1250, 1858], [929, 1352, 1858], [929, 1458, 1858], [929, 1568, 1858], [929, 1682, 1858], [929, 1800, 1858]]
[[930, 960, 992]]
[[931, 950, 968]]
[[932, 980, 1165], [932, 1125, 1165]]
[[933, 972, 1244], [933, 1083, 1244], [933, 1200, 1244]]
[[934, 1014, 1401], [934, 1176, 1401], [934, 1350, 1401]]
[[935, 957, 960, 968, 986]]
[[936, 968, 972, 975]]
[[937, 968, 1874], [937, 1058, 1874], [937, 1152, 1874], [937, 1250, 1874], [937, 1352, 1874], [937, 1458, 1874], [937, 1568, 1874], [937, 1682, 1874], [937, 1800, 1874]]
[[938, 945, 968, 1005]]
[[939, 972, 1252], [939, 1083, 1252], [939, 1200, 1252]]
[[940, 945, 987]]
[[941, 968, 1882], [941, 1058, 1882], [941, 1152, 1882], [941, 1250, 1882], [941, 1352, 1882], [941, 1458, 1882], [941, 1568, 1882], [941, 1682, 1882], [941, 1800, 1882]]
[[942, 1050, 1099]]
[[943, 945, 960, 966, 984]]
[[944, 969, 975, 988, 1003]]
[[945, 950, 952, 960, 969, 972]]
[[946, 952, 957, 966, 986, 989]]
[[947, 968, 1894], [947, 1058, 1894], [947, 1152, 1894], [947, 1250, 1894], [947, 1352, 1894], [947, 1458, 1894], [947, 1568, 1894], [947, 1682, 1894], [947, 1800, 1894]]
[[948, 975, 1027]]
[[949, 950, 988, 1008, 1022], [949, 975, 1008, 1014, 1022], [949, 980, 990, 1001, 1022]]
[[950, 968, 972, 975, 988]]
[[951, 972, 1268], [951, 1083, 1268], [951, 1200, 1268]]
[[952, 957, 975, 986, 1001]]
[[953, 968, 1906], [953, 1058, 1906], [953, 1152, 1906], [953, 1250, 1906], [953, 1352, 1906], [953, 1458, 1906], [953, 1568, 1906], [953, 1682, 1906], [953, 1800, 1906]]
[[954, 960, 975, 988, 1000, 1007], [954, 962, 972, 988, 999, 1007], [954, 968, 972, 975, 988, 1007]]
[[955, 1080, 1146]]
[[956, 980, 1195], [956, 1125, 1195]]
[[957, 960, 969, 975, 986, 988, 990]]
[[958, 1014, 1437], [958, 1176, 1437], [958, 1350, 1437]]
[[959, 968, 1008, 1096], [959, 972, 1050, 1096], [959, 1008, 1058, 1096], [959, 1014, 1029, 1096], [959, 1050, 1083, 1096]]
[[960, 972, 980]]
[[961]]
[[962, 968, 975, 999]]
[[963, 1000, 1070]]
[[964, 980, 1205], [964, 1125, 1205]]
[[965, 1080, 1158]]
[[966, 968, 975, 1001, 1012]]
[[967, 968, 1934], [967, 1058, 1934], [967, 1152, 1934], [967, 1250, 1934], [967, 1352, 1934], [967, 1458, 1934], [967, 1568, 1934], [967, 1682, 1934], [967, 1800, 1934], [967, 1922, 1934]]
[[968, 980, 1000]]
[[969, 972, 986, 988, 990, 1001, 1015], [969, 975, 986, 988, 1000, 1008, 1015]]
[[970, 990, 1067]]
[[971, 1058, 1942], [971, 1152, 1942], [971, 1250, 1942], [971, 1352, 1942], [971, 1458, 1942], [971, 1568, 1942], [971, 1682, 1942], [971, 1800, 1942], [971, 1922, 1942]]
[[972, 975, 990, 1000, 1001, 1008]]
[[973, 1008, 1058, 1112], [973, 1014, 1029, 1112], [973, 1050, 1083, 1112]]
[[974, 1014, 1461], [974, 1176, 1461], [974, 1350, 1461]]
[[975, 980, 990, 1001, 1008, 1014]]
[[976, 1000, 1014, 1020, 1037]]
[[977, 1058, 1954], [977, 1152, 1954], [977, 1250, 1954], [977, 1352, 1954], [977, 1458, 1954], [977, 1568, 1954], [977, 1682, 1954], [977, 1800, 1954], [977, 1922, 1954]]
[[978, 1050, 1141]]
[[979, 1056, 1058, 1068]]
[[980, 1000, 1008, 1014, 1029]]
[[981, 1000, 1090]]
[[982, 1014, 1473], [982, 1176, 1473], [982, 1350, 1473]]
[[983, 1058, 1966], [983, 1152, 1966], [983, 1250, 1966], [983, 1352, 1966], [983, 1458, 1966], [983, 1568, 1966], [983, 1682, 1966], [983, 1800, 1966], [983, 1922, 1966]]
[[984, 1014, 1025]]
[[985, 1080, 1182]]
[[986, 1008, 1014, 1015, 1020]]
[[987, 988, 1001, 1026, 1034], [987, 992, 1008, 1023, 1034]]
[[988, 992, 1001, 1008, 1023, 1026]]
[[989, 992, 1012, 1023, 1032]]
[[990, 992, 1000, 1014, 1023]]
[[991, 1058, 1982], [991, 1152, 1982], [991, 1250, 1982], [991, 1352, 1982], [991, 1458, 1982], [991, 1568, 1982], [991, 1682, 1982], [991, 1800, 1982], [991, 1922, 1982]]
[[992, 1000, 1008, 1012, 1023, 1029, 1035]]
[[993, 1083, 1324], [993, 1200, 1324], [993, 1323, 1324]]
[[994, 1000, 1029, 1065]]
[[995, 1080, 1194]]
[[996, 1000, 1014, 1040, 1079], [996, 1001, 1050, 1078, 1079], [996, 1005, 1040, 1072, 1079], [996, 1008, 1029, 1053, 1079], [996, 1014, 1025, 1066, 1079], [996, 1014, 1053, 1058, 1079], [996, 1053, 1056, 1078, 1079]]
[[997, 1058, 1994], [997, 1152, 1994], [997, 1250, 1994], [997, 1352, 1994], [997, 1458, 1994], [997, 1568, 1994], [997, 1682, 1994], [997, 1800, 1994], [997, 1922, 1994]]
[[998, 1014, 1497], [998, 1176, 1497], [998, 1350, 1497]]
[[999, 1029, 1036]]
[[1000, 1014, 1015, 1029, 1044]]
[[1001, 1008, 1012, 1035, 1040]]
[[1002, 1050, 1169]]
[[1003, 1007, 1020, 1026, 1060, 1062], [1003, 1012, 1020, 1035, 1056, 1062], [1003, 1014, 1020, 1040, 1053, 1062], [1003, 1015, 1020, 1044, 1050, 1062], [1003, 1023, 1054, 1056, 1058, 1062]]
[[1004, 1125, 1255]]
[[1005, 1008, 1020, 1071, 1072], [1005, 1015, 1029, 1044, 1072]]
[[1006, 1014, 1509], [1006, 1176, 1509], [1006, 1350, 1509]]
[[1007, 1014, 1045, 1056, 1060]]
[[1008, 1014, 1050]]
[[1009, 1058, 2018], [1009, 1152, 2018], [1009, 1250, 2018], [1009, 1352, 2018], [1009, 1458, 2018], [1009, 1568, 2018], [1009, 1682, 2018], [1009, 1800, 2018], [1009, 1922, 2018]]
[[1010, 1012, 1035, 1058, 1111], [1010, 1012, 1080, 1104, 1111], [1010, 1014, 1078, 1080, 1111], [1010, 1020, 1023, 1054, 1111], [1010, 1020, 1056, 1088, 1111], [1010, 1023, 1050, 1085, 1111], [1010, 1026, 1045, 1083, 1111], [1010, 1034, 1035, 1081, 1111], [1010, 1035, 1056, 1104, 1111], [1010, 1040, 1053, 1078, 1111], [1010, 1044, 1045, 1102, 1111], [1010, 1056, 1058, 1080, 1111], [1010, 1080, 1083, 1100, 1111]]
[[1011, 1083, 1348], [1011, 1200, 1348], [1011, 1323, 1348]]
[[1012, 1014, 1026, 1035, 1045]]
[[1013, 1058, 2026], [1013, 1152, 2026], [1013, 1250, 2026], [1013, 1352, 2026], [1013, 1458, 2026], [1013, 1568, 2026], [1013, 1682, 2026], [1013, 1800, 2026], [1013, 1922, 2026]]
[[1014, 1015, 1040, 1044, 1050, 1053]]
[[1015, 1020, 1023, 1026, 1029, 1040, 1044, 1045, 1053, 1054]]
[[1016, 1058, 1143]]
[[1017, 1058, 1125, 1130], [1017, 1080, 1083, 1130]]
[[1018, 1176, 1527], [1018, 1350, 1527]]
[[1019, 1058, 2038], [1019, 1152, 2038], [1019, 1250, 2038], [1019, 1352, 2038], [1019, 1458, 2038], [1019, 1568, 2038], [1019, 1682, 2038], [1019, 1800, 2038], [1019, 1922, 2038]]
[[1020, 1029, 1040, 1053, 1071], [1020, 1045, 1056, 1064, 1071]]
[[1021, 1058, 2042], [1021, 1152, 2042], [1021, 1250, 2042], [1021, 1352, 2042], [1021, 1458, 2042], [1021, 1568, 2042], [1021, 1682, 2042], [1021, 1800, 2042], [1021, 1922, 2042]]
[[1022, 1023, 1078, 1085, 1095], [1022, 1029, 1080, 1083, 1095], [1022, 1040, 1050, 1053, 1095], [1022, 1040, 1058, 1092, 1095], [1022, 1071, 1080, 1088, 1095]]
[[1023, 1036, 1044, 1054, 1056, 1071, 1073]]
[[1024]]
[[1025, 1053, 1058, 1066]]
[[1026, 1040, 1045, 1053, 1056]]
[[1027, 1029, 1040, 1080, 1106], [1027, 1032, 1075, 1092, 1106], [1027, 1050, 1053, 1083, 1106], [1027, 1054, 1085, 1105, 1106], [1027, 1056, 1092, 1100, 1106], [1027, 1058, 1083, 1092, 1106]]
[[1028, 1125, 1285], [1028, 1280, 1285]]
[[1029, 1050, 1058]]
[[1030, 1078, 1125, 1133]]
[[1031, 1058, 2062], [1031, 1152, 2062], [1031, 1250, 2062], [1031, 1352, 2062], [1031, 1458, 2062], [1031, 1568, 2062], [1031, 1682, 2062], [1031, 1800, 2062], [1031, 1922, 2062], [1031, 2048, 2062]]
[[1032, 1036, 1044, 1050, 1073, 1075]]
[[1033, 1058, 2066], [1033, 1152, 2066], [1033, 1250, 2066], [1033, 1352, 2066], [1033, 1458, 2066], [1033, 1568, 2066], [1033, 1682, 2066], [1033, 1800, 2066], [1033, 1922, 2066], [1033, 2048, 2066]]
[[1034, 1035, 1040, 1053, 1078, 1081], [1034, 1035, 1056, 1058, 1080, 1081]]
[[1035, 1058, 1080, 1104]]
[[1036, 1044, 1050, 1056, 1058, 1073, 1078]]
[[1037, 1058, 1088, 1098]]
[[1038, 1050, 1211]]
[[1039, 1058, 2078], [1039, 1152, 2078], [1039, 1250, 2078], [1039, 1352, 2078], [1039, 1458, 2078], [1039, 1568, 2078], [1039, 1682, 2078], [1039, 1800, 2078], [1039, 1922, 2078], [1039, 2048, 2078]]
[[1040, 1045, 1050, 1053, 1056, 1058, 1064]]
[[1041, 1083, 1388], [1041, 1200, 1388], [1041, 1323, 1388]]
[[1042, 1176, 1563], [1042, 1350, 1563], [1042, 1536, 1563]]
[[1043, 1134, 1192]]
[[1044, 1064, 1071, 1088, 1102]]
[[1045, 1050, 1064, 1078, 1080]]
[[1046, 1176, 1569], [1046, 1350, 1569], [1046, 1536, 1569]]
[[1047, 1083, 1396], [1047, 1200, 1396], [1047, 1323, 1396]]
[[1048, 1058, 1179], [1048, 1152, 1179]]
[[1049, 1058, 2098], [1049, 1152, 2098], [1049, 1250, 2098], [1049, 1352, 2098], [1049, 1458, 2098], [1049, 1568, 2098], [1049, 1682, 2098], [1049, 1800, 2098], [1049, 1922, 2098], [1049, 2048, 2098]]
[[1050, 1058, 1071, 1083, 1088]]
[[1051, 1058, 2102], [1051, 1152, 2102], [1051, 1250, 2102], [1051, 1352, 2102], [1051, 1458, 2102], [1051, 1568, 2102], [1051, 1682, 2102], [1051, 1800, 2102], [1051, 1922, 2102], [1051, 2048, 2102]]
[[1052, 1125, 1315], [1052, 1280, 1315]]
[[1053, 1071, 1083, 1088, 1092]]
[[1054, 1071, 1080, 1083, 1085]]
[[1055, 1080, 1266]]
[[1056, 1078, 1083]]
[[1057, 1134, 1208]]
[[1058, 1078, 1100]]
[[1059, 1083, 1412], [1059, 1200, 1412], [1059, 1323, 1412]]
[[1060, 1088, 1092, 1105, 1113]]
[[1061, 1152, 2122], [1061, 1250, 2122], [1061, 1352, 2122], [1061, 1458, 2122], [1061, 1568, 2122], [1061, 1682, 2122], [1061, 1800, 2122], [1061, 1922, 2122], [1061, 2048, 2122]]
[[1062, 1064, 1071, 1088, 1121]]
[[1063, 1152, 2126], [1063, 1250, 2126], [1063, 1352, 2126], [1063, 1458, 2126], [1063, 1568, 2126], [1063, 1682, 2126], [1063, 1800, 2126], [1063, 1922, 2126], [1063, 2048, 2126]]
[[1064, 1071, 1073, 1080, 1088, 1102, 1110]]
[[1065, 1083, 1125, 1136]]
[[1066, 1080, 1088, 1105, 1107]]
[[1067, 1083, 1100, 1164]]
[[1068, 1071, 1088, 1092, 1157], [1068, 1078, 1083, 1144, 1157], [1068, 1088, 1122, 1144, 1157], [1068, 1092, 1134, 1152, 1157], [1068, 1120, 1144, 1155, 1157]]
[[1069, 1152, 2138], [1069, 1250, 2138], [1069, 1352, 2138], [1069, 1458, 2138], [1069, 1568, 2138], [1069, 1682, 2138], [1069, 1800, 2138], [1069, 1922, 2138], [1069, 2048, 2138]]
[[1070, 1078, 1125, 1177]]
[[1071, 1078, 1080, 1092, 1100, 1105]]
[[1072, 1088, 1139]]
[[1073, 1075, 1110, 1118, 1125, 1131], [1073, 1083, 1092, 1110, 1120, 1131]]
[[1074, 1083, 1134, 1253], [1074, 1120, 1215, 1253], [1074, 1134, 1200, 1253], [1074, 1176, 1183, 1253]]
[[1075, 1080, 1083, 1088, 1105, 1118], [1075, 1080, 1085, 1092, 1116, 1118]]
[[1076, 1125, 1345], [1076, 1280, 1345]]
[[1077, 1083, 1436], [1077, 1200, 1436], [1077, 1323, 1436]]
[[1078, 1085, 1100, 1116, 1120]]
[[1079, 1080, 1092, 1125, 1162], [1079, 1083, 1092, 1152, 1162], [1079, 1088, 1105, 1120, 1162], [1079, 1092, 1104, 1150, 1162], [1079, 1105, 1122, 1155, 1162]]
[[1080, 1088, 1100, 1122, 1125]]
[[1081, 1085, 1104, 1116, 1120, 1128], [1081, 1088, 1100, 1122, 1127, 1128]]
[[1082, 1176, 1623], [1082, 1350, 1623], [1082, 1536, 1623]]
[[1083, 1085, 1088, 1092, 1105, 1116]]
[[1084, 1125, 1355], [1084, 1280, 1355]]
[[1085, 1088, 1092, 1104, 1105, 1116, 1127]]
[[1086, 1120, 1215, 1267], [1086, 1134, 1200, 1267], [1086, 1176, 1183, 1267]]
[[1087, 1152, 2174], [1087, 1250, 2174], [1087, 1352, 2174], [1087, 1458, 2174], [1087, 1568, 2174], [1087, 1682, 2174], [1087, 1800, 2174], [1087, 1922, 2174], [1087, 2048, 2174]]
[[1088, 1092, 1105, 1110, 1116, 1134, 1147], [1088, 1100, 1110, 1116, 1122, 1125, 1147]]
[[1089]]
[[1090, 1100, 1120, 1183, 1199], [1090, 1100, 1125, 1152, 1199], [1090, 1125, 1176, 1188, 1199], [1090, 1144, 1152, 1170, 1199], [1090, 1155, 1176, 1183, 1199]]
[[1091, 1152, 2182], [1091, 1250, 2182], [1091, 1352, 2182], [1091, 1458, 2182], [1091, 1568, 2182], [1091, 1682, 2182], [1091, 1800, 2182], [1091, 1922, 2182], [1091, 2048, 2182], [1091, 2178, 2182]]
[[1092, 1100, 1105, 1120, 1122]]
[[1093, 1152, 2186], [1093, 1250, 2186], [1093, 1352, 2186], [1093, 1458, 2186], [1093, 1568, 2186], [1093, 1682, 2186], [1093, 1800, 2186], [1093, 1922, 2186], [1093, 2048, 2186], [1093, 2178, 2186]]
[[1094, 1176, 1641], [1094, 1350, 1641], [1094, 1536, 1641]]
[[1095, 1104, 1125, 1127, 1168], [1095, 1105, 1122, 1144, 1168]]
[[1096, 1152, 1233]]
[[1097, 1152, 2194], [1097, 1250, 2194], [1097, 1352, 2194], [1097, 1458, 2194], [1097, 1568, 2194], [1097, 1682, 2194], [1097, 1800, 2194], [1097, 1922, 2194], [1097, 2048, 2194], [1097, 2178, 2194]]
[[1098, 1100, 1134, 1140, 1155, 1159], [1098, 1104, 1125, 1140, 1150, 1159], [1098, 1107, 1120, 1140, 1148, 1159], [1098, 1110, 1116, 1140, 1147, 1159]]
[[1099, 1134, 1256]]
[[1100, 1102, 1104, 1105, 1122, 1127, 1131, 1140]]
[[1101, 1200, 1468], [1101, 1323, 1468], [1101, 1452, 1468]]
[[1102, 1107, 1131, 1140, 1144, 1148, 1155]]
[[1103, 1152, 2206], [1103, 1250, 2206], [1103, 1352, 2206], [1103, 1458, 2206], [1103, 1568, 2206], [1103, 1682, 2206], [1103, 1800, 2206], [1103, 1922, 2206], [1103, 2048, 2206], [1103, 2178, 2206]]
[[1104, 1105, 1122, 1125, 1127, 1144]]
[[1105, 1107, 1120, 1122, 1127, 1144, 1148, 1150], [1105, 1110, 1116, 1122, 1127, 1144, 1147, 1150]]
[[1106, 1110, 1134, 1184, 1185], [1106, 1120, 1152, 1176, 1185], [1106, 1125, 1176, 1183, 1185]]
[[1107, 1110, 1116, 1120, 1147, 1148]]
[[1108, 1125, 1385], [1108, 1280, 1385]]
[[1109, 1152, 2218], [1109, 1250, 2218], [1109, 1352, 2218], [1109, 1458, 2218], [1109, 1568, 2218], [1109, 1682, 2218], [1109, 1800, 2218], [1109, 1922, 2218], [1109, 2048, 2218], [1109, 2178, 2218]]
[[1110, 1116, 1118, 1147, 1152, 1161, 1170], [1110, 1116, 1120, 1144, 1147, 1155, 1170]]
[[1111, 1188, 1212]]
[[1112, 1152, 1251], [1112, 1250, 1251]]
[[1113, 1125, 1152, 1155, 1166]]
[[1114, 1176, 1671], [1114, 1350, 1671], [1114, 1536, 1671]]
[[1115, 1125, 1176, 1338], [1115, 1152, 1215, 1338], [1115, 1176, 1280, 1338], [1115, 1200, 1210, 1338], [1115, 1210, 1323, 1338], [1115, 1215, 1250, 1338], [1115, 1320, 1331, 1338]]
[[1116, 1125, 1140, 1176, 1178]]
[[1117, 1152, 2234], [1117, 1250, 2234], [1117, 1352, 2234], [1117, 1458, 2234], [1117, 1568, 2234], [1117, 1682, 2234], [1117, 1800, 2234], [1117, 1922, 2234], [1117, 2048, 2234], [1117, 2178, 2234]]
[[1118, 1125, 1131, 1160, 1161]]
[[1119, 1200, 1492], [1119, 1323, 1492], [1119, 1452, 1492]]
[[1120, 1125, 1134]]
[[1121, 1140, 1152, 1176, 1180]]
[[1122, 1125, 1144, 1150, 1170, 1173]]
[[1123, 1152, 2246], [1123, 1250, 2246], [1123, 1352, 2246], [1123, 1458, 2246], [1123, 1568, 2246], [1123, 1682, 2246], [1123, 1800, 2246], [1123, 1922, 2246], [1123, 2048, 2246], [1123, 2178, 2246]]
[[1124, 1125, 1405], [1124, 1280, 1405]]
[[1125, 1140, 1147, 1152, 1176, 1178, 1184]]
[[1126, 1176, 1689], [1126, 1350, 1689], [1126, 1536, 1689]]
[[1127, 1150, 1152]]
[[1128, 1131, 1152, 1160, 1170, 1175], [1128, 1134, 1144, 1155, 1170, 1175]]
[[1129, 1152, 2258], [1129, 1250, 2258], [1129, 1352, 2258], [1129, 1458, 2258], [1129, 1568, 2258], [1129, 1682, 2258], [1129, 1800, 2258], [1129, 1922, 2258], [1129, 2048, 2258], [1129, 2178, 2258]]
[[1130, 1134, 1155, 1200, 1243], [1130, 1144, 1152, 1170, 1243], [1130, 1144, 1216, 1235, 1243], [1130, 1152, 1188, 1215, 1243], [1130, 1155, 1176, 1183, 1243], [1130, 1183, 1210, 1232, 1243], [1130, 1184, 1215, 1221, 1243], [1130, 1188, 1200, 1210, 1243]]
[[1131, 1134, 1144, 1152, 1155, 1160]]
[[1132, 1280, 1415]]
[[1133, 1188, 1236]]
[[1134, 1144, 1155, 1170, 1176]]
[[1135, 1152, 1215, 1362], [1135, 1176, 1280, 1362], [1135, 1200, 1210, 1362], [1135, 1210, 1323, 1362], [1135, 1215, 1250, 1362], [1135, 1215, 1352, 1362], [1135, 1280, 1350, 1362], [1135, 1320, 1331, 1362]]
[[1136, 1139, 1152, 1206, 1207], [1136, 1150, 1173, 1176, 1207]]
[[1137, 1200, 1516], [1137, 1323, 1516], [1137, 1452, 1516]]
[[1138, 1176, 1707], [1138, 1350, 1707], [1138, 1536, 1707]]
[[1139, 1150, 1173, 1200, 1206], [1139, 1155, 1188, 1190, 1206]]
[[1140, 1144, 1147, 1170, 1178, 1184, 1188]]
[[1141, 1152, 1183, 1304], [1141, 1183, 1250, 1304], [1141, 1210, 1260, 1304]]
[[1142, 1176, 1713], [1142, 1350, 1713], [1142, 1536, 1713]]
[[1143, 1210, 1270]]
[[1144, 1152, 1155, 1170, 1176, 1183]]
[[1145, 1152, 1215, 1374], [1145, 1176, 1280, 1374], [1145, 1200, 1210, 1374], [1145, 1210, 1323, 1374], [1145, 1215, 1250, 1374], [1145, 1215, 1352, 1374], [1145, 1280, 1350, 1374], [1145, 1320, 1331, 1374]]
[[1146, 1176, 1183, 1337]]
[[1147, 1178, 1183, 1184, 1197]]
[[1148, 1152, 1155, 1160, 1188, 1189]]
[[1149, 1200, 1532], [1149, 1323, 1532], [1149, 1452, 1532]]
[[1150, 1152, 1155, 1173, 1176, 1188, 1190]]
[[1151, 1152, 2302], [1151, 1250, 2302], [1151, 1352, 2302], [1151, 1458, 2302], [1151, 1568, 2302], [1151, 1682, 2302], [1151, 1800, 2302], [1151, 1922, 2302], [1151, 2048, 2302], [1151, 2178, 2302]]
[[1152, 1170, 1173, 1176, 1183, 1190, 1196]]
[[1153, 1250, 2306], [1153, 1352, 2306], [1153, 1458, 2306], [1153, 1568, 2306], [1153, 1682, 2306], [1153, 1800, 2306], [1153, 1922, 2306], [1153, 2048, 2306], [1153, 2178, 2306]]
[[1154, 1176, 1731], [1154, 1350, 1731], [1154, 1536, 1731]]
[[1155, 1170, 1178, 1188, 1197, 1200, 1209]]
[[1156]]
[[1157, 1170, 1190, 1224, 1246], [1157, 1175, 1183, 1222, 1246], [1157, 1197, 1210, 1235, 1246]]
[[1158, 1176, 1183, 1351], [1158, 1183, 1350, 1351], [1158, 1250, 1344, 1351]]
[[1159, 1200, 1215, 1216, 1220]]
[[1160, 1183, 1215, 1218]]
[[1161, 1183, 1200, 1204]]
[[1162, 1176, 1190, 1224, 1245], [1162, 1183, 1200, 1210, 1245], [1162, 1188, 1210, 1232, 1245]]
[[1163, 1250, 2326], [1163, 1352, 2326], [1163, 1458, 2326], [1163, 1568, 2326], [1163, 1682, 2326], [1163, 1800, 2326], [1163, 1922, 2326], [1163, 2048, 2326], [1163, 2178, 2326], [1163, 2312, 2326]]
[[1164, 1248, 1250, 1261]]
[[1165, 1176, 1280, 1398], [1165, 1200, 1210, 1398], [1165, 1210, 1323, 1398], [1165, 1215, 1250, 1398], [1165, 1215, 1352, 1398], [1165, 1280, 1350, 1398], [1165, 1320, 1331, 1398]]
[[1166, 1170, 1188, 1196, 1215, 1219]]
[[1167, 1200, 1556], [1167, 1323, 1556], [1167, 1452, 1556]]
[[1168, 1176, 1200, 1224, 1241], [1168, 1183, 1190, 1210, 1241]]
[[1169, 1183, 1250, 1336], [1169, 1210, 1260, 1336]]
[[1170, 1173, 1183, 1190, 1196, 1200]]
[[1171, 1250, 2342], [1171, 1352, 2342], [1171, 1458, 2342], [1171, 1568, 2342], [1171, 1682, 2342], [1171, 1800, 2342], [1171, 1922, 2342], [1171, 2048, 2342], [1171, 2178, 2342], [1171, 2312, 2342]]
[[1172, 1280, 1465], [1172, 1445, 1465]]
[[1173, 1176, 1178, 1190, 1196, 1197, 1200, 1209, 1210]]
[[1174, 1176, 1761], [1174, 1350, 1761], [1174, 1536, 1761], [1174, 1734, 1761]]
[[1175, 1178, 1200, 1209, 1216, 1222]]
[[1176, 1210, 1215]]
[[1177, 1188, 1284]]
[[1178, 1200, 1209, 1210, 1235]]
[[1179, 1210, 1310]]
[[1180, 1183, 1215, 1239]]
[[1181, 1250, 2362], [1181, 1352, 2362], [1181, 1458, 2362], [1181, 1568, 2362], [1181, 1682, 2362], [1181, 1800, 2362], [1181, 1922, 2362], [1181, 2048, 2362], [1181, 2178, 2362], [1181, 2312, 2362]]
[[1182, 1183, 1350, 1379], [1182, 1250, 1344, 1379], [1182, 1344, 1352, 1379], [1182, 1350, 1372, 1379]]
[[1183, 1197, 1216]]
[[1184, 1188, 1200, 1210, 1215, 1221]]
[[1185, 1215, 1264]]
[[1186, 1350, 1779], [1186, 1536, 1779], [1186, 1734, 1779]]
[[1187, 1250, 2374], [1187, 1352, 2374], [1187, 1458, 2374], [1187, 1568, 2374], [1187, 1682, 2374], [1187, 1800, 2374], [1187, 1922, 2374], [1187, 2048, 2374], [1187, 2178, 2374], [1187, 2312, 2374]]
[[1188, 1190, 1215, 1224, 1232], [1188, 1197, 1200, 1216, 1232]]
[[1189, 1190, 1218, 1224, 1230]]
[[1190, 1197, 1200, 1215, 1216, 1224]]
[[1191, 1200, 1588], [1191, 1323, 1588], [1191, 1452, 1588], [1191, 1587, 1588]]
[[1192, 1250, 1341]]
[[1193, 1250, 2386], [1193, 1352, 2386], [1193, 1458, 2386], [1193, 1568, 2386], [1193, 1682, 2386], [1193, 1800, 2386], [1193, 1922, 2386], [1193, 2048, 2386], [1193, 2178, 2386], [1193, 2312, 2386]]
[[1194, 1250, 1344, 1393], [1194, 1344, 1352, 1393], [1194, 1350, 1372, 1393]]
[[1195, 1200, 1210, 1434], [1195, 1210, 1323, 1434], [1195, 1215, 1250, 1434], [1195, 1215, 1352, 1434], [1195, 1280, 1350, 1434], [1195, 1320, 1331, 1434]]
[[1196, 1200, 1209, 1215, 1240, 1242], [1196, 1200, 1210, 1216, 1235, 1242]]
[[1197, 1200, 1232, 1250, 1254], [1197, 1210, 1215, 1232, 1254]]
[[1198, 1350, 1797], [1198, 1536, 1797], [1198, 1734, 1797]]
[[1199, 1200, 1287, 1300, 1308], [1199, 1206, 1254, 1273, 1308], [1199, 1210, 1242, 1265, 1308], [1199, 1215, 1232, 1260, 1308], [1199, 1215, 1276, 1305, 1308], [1199, 1216, 1250, 1254, 1308], [1199, 1221, 1224, 1258, 1308], [1199, 1221, 1260, 1295, 1308], [1199, 1224, 1254, 1292, 1308], [1199, 1232, 1242, 1288, 1308], [1199, 1248, 1250, 1287, 1308]]
[[1200, 1209, 1215, 1240, 1248], [1200, 1210, 1216, 1235, 1248]]
[[1201, 1250, 2402], [1201, 1352, 2402], [1201, 1458, 2402], [1201, 1568, 2402], [1201, 1682, 2402], [1201, 1800, 2402], [1201, 1922, 2402], [1201, 2048, 2402], [1201, 2178, 2402], [1201, 2312, 2402]]
[[1202, 1350, 1803], [1202, 1536, 1803], [1202, 1734, 1803]]
[[1203, 1323, 1604], [1203, 1452, 1604], [1203, 1587, 1604]]
[[1204, 1210, 1215, 1218, 1247]]
[[1205, 1210, 1323, 1446], [1205, 1215, 1250, 1446], [1205, 1215, 1352, 1446], [1205, 1280, 1350, 1446], [1205, 1320, 1331, 1446], [1205, 1323, 1440, 1446], [1205, 1350, 1445, 1446]]
[[1206, 1216, 1250, 1273]]
[[1207, 1224, 1278]]
[[1208, 1250, 1359], [1208, 1352, 1359]]
[[1209, 1210, 1215, 1216, 1235, 1240]]
[[1210, 1215, 1232, 1242, 1260, 1265], [1210, 1216, 1242, 1250, 1254, 1265], [1210, 1221, 1224, 1242, 1258, 1265]]
[[1211, 1250, 1372, 1384], [1211, 1344, 1350, 1384], [1211, 1352, 1372, 1384]]
[[1212, 1248, 1250, 1313]]
[[1213, 1250, 2426], [1213, 1352, 2426], [1213, 1458, 2426], [1213, 1568, 2426], [1213, 1682, 2426], [1213, 1800, 2426], [1213, 1922, 2426], [1213, 2048, 2426], [1213, 2178, 2426], [1213, 2312, 2426]]
[[1214, 1350, 1821], [1214, 1536, 1821], [1214, 1734, 1821]]
[[1215, 1216, 1235, 1248, 1250]]
[[1216, 1221, 1224, 1250, 1254, 1258]]
[[1217, 1250, 2434], [1217, 1352, 2434], [1217, 1458, 2434], [1217, 1568, 2434], [1217, 1682, 2434], [1217, 1800, 2434], [1217, 1922, 2434], [1217, 2048, 2434], [1217, 2178, 2434], [1217, 2312, 2434]]
[[1218, 1224, 1232, 1275, 1276], [1218, 1242, 1260, 1265, 1276]]
[[1219, 1242, 1272]]
[[1220, 1248, 1260, 1274, 1281]]
[[1221, 1224, 1235, 1254, 1258, 1274, 1280], [1221, 1224, 1242, 1250, 1258, 1265, 1280], [1221, 1232, 1250, 1258, 1260, 1275, 1280]]
[[1222, 1248, 1269]]
[[1223, 1250, 2446], [1223, 1352, 2446], [1223, 1458, 2446], [1223, 1568, 2446], [1223, 1682, 2446], [1223, 1800, 2446], [1223, 1922, 2446], [1223, 2048, 2446], [1223, 2178, 2446], [1223, 2312, 2446]]
[[1224, 1248, 1250, 1274, 1275]]
[[1225]]
[[1226, 1350, 1839], [1226, 1536, 1839], [1226, 1734, 1839]]
[[1227, 1323, 1636], [1227, 1452, 1636], [1227, 1587, 1636]]
[[1228, 1280, 1535], [1228, 1445, 1535]]
[[1229, 1250, 2458], [1229, 1352, 2458], [1229, 1458, 2458], [1229, 1568, 2458], [1229, 1682, 2458], [1229, 1800, 2458], [1229, 1922, 2458], [1229, 2048, 2458], [1229, 2178, 2458], [1229, 2312, 2458], [1229, 2450, 2458]]
[[1230, 1232, 1240, 1242, 1250, 1260, 1265, 1271]]
[[1231, 1250, 2462], [1231, 1352, 2462], [1231, 1458, 2462], [1231, 1568, 2462], [1231, 1682, 2462], [1231, 1800, 2462], [1231, 1922, 2462], [1231, 2048, 2462], [1231, 2178, 2462], [1231, 2312, 2462], [1231, 2450, 2462]]
[[1232, 1235, 1248, 1254, 1260]]
[[1233, 1250, 1280, 1370], [1233, 1280, 1352, 1370]]
[[1234, 1350, 1851], [1234, 1536, 1851], [1234, 1734, 1851]]
[[1235, 1242, 1250, 1254, 1265, 1274]]
[[1236, 1248, 1250, 1339], [1236, 1300, 1323, 1339]]
[[1237, 1250, 2474], [1237, 1352, 2474], [1237, 1458, 2474], [1237, 1568, 2474], [1237, 1682, 2474], [1237, 1800, 2474], [1237, 1922, 2474], [1237, 2048, 2474], [1237, 2178, 2474], [1237, 2312, 2474], [1237, 2450, 2474]]
[[1238, 1350, 1857], [1238, 1536, 1857], [1238, 1734, 1857]]
[[1239, 1242, 1260, 1265, 1298]]
[[1240, 1242, 1280, 1288, 1302], [1240, 1248, 1260, 1274, 1302]]
[[1241, 1242, 1292, 1311, 1314], [1241, 1248, 1275, 1300, 1314], [1241, 1258, 1260, 1295, 1314]]
[[1242, 1248, 1265, 1280, 1287]]
[[1243, 1323, 1331, 1356]]
[[1244, 1280, 1555], [1244, 1445, 1555]]
[[1245, 1280, 1323, 1328]]
[[1246, 1248, 1260, 1300, 1335], [1246, 1250, 1260, 1323, 1335], [1246, 1258, 1275, 1295, 1335], [1246, 1260, 1272, 1325, 1335], [1246, 1275, 1292, 1330, 1335]]
[[1247, 1248, 1276, 1280, 1287, 1290]]
[[1248, 1250, 1258, 1260, 1274, 1275, 1295]]
[[1249, 1250, 2498], [1249, 1352, 2498], [1249, 1458, 2498], [1249, 1568, 2498], [1249, 1682, 2498], [1249, 1800, 2498], [1249, 1922, 2498], [1249, 2048, 2498], [1249, 2178, 2498], [1249, 2312, 2498], [1249, 2450, 2498]]
[[1250, 1274, 1300]]
[[1251, 1280, 1352, 1390]]
[[1252, 1280, 1565], [1252, 1445, 1565]]
[[1253, 1400, 1432]]
[[1254, 1274, 1275, 1287, 1292]]
[[1255, 1470, 1506]]
[[1256, 1352, 1413]]
[[1257, 1323, 1676], [1257, 1452, 1676], [1257, 1587, 1676]]
[[1258, 1274, 1280, 1287, 1295, 1309]]
[[1259, 1352, 2518], [1259, 1458, 2518], [1259, 1568, 2518], [1259, 1682, 2518], [1259, 1800, 2518], [1259, 1922, 2518], [1259, 2048, 2518], [1259, 2178, 2518], [1259, 2312, 2518], [1259, 2450, 2518]]
[[1260, 1265, 1274, 1287, 1288]]
[[1261, 1274, 1323, 1344, 1358], [1261, 1300, 1344, 1350, 1358]]
[[1262, 1350, 1893], [1262, 1536, 1893], [1262, 1734, 1893]]
[[1263, 1323, 1684], [1263, 1452, 1684], [1263, 1587, 1684]]
[[1264, 1275, 1323, 1343]]
[[1265, 1275, 1276, 1292, 1305, 1311]]
[[1266, 1323, 1400, 1477], [1266, 1344, 1352, 1477], [1266, 1344, 1458, 1477], [1266, 1350, 1372, 1477], [1266, 1400, 1452, 1477]]
[[1267, 1400, 1448]]
[[1268, 1280, 1585], [1268, 1445, 1585]]
[[1269, 1271, 1302, 1312, 1316]]
[[1270, 1320, 1323, 1397], [1270, 1352, 1375, 1397]]
[[1271, 1275, 1287, 1300, 1302, 1309, 1312]]
[[1272, 1274, 1300, 1323, 1325], [1272, 1276, 1305, 1320, 1325]]
[[1273, 1275, 1280, 1292, 1323, 1340], [1273, 1276, 1311, 1320, 1334, 1340], [1273, 1287, 1292, 1320, 1326, 1340]]
[[1274, 1280, 1287, 1320, 1323]]
[[1275, 1280, 1287, 1320, 1323, 1326]]
[[1276, 1280, 1287, 1300, 1305]]
[[1277, 1352, 2554], [1277, 1458, 2554], [1277, 1568, 2554], [1277, 1682, 2554], [1277, 1800, 2554], [1277, 1922, 2554], [1277, 2048, 2554], [1277, 2178, 2554], [1277, 2312, 2554], [1277, 2450, 2554]]
[[1278, 1288, 1311, 1344, 1349], [1278, 1295, 1330, 1332, 1349]]
[[1279, 1352, 2558], [1279, 1458, 2558], [1279, 1568, 2558], [1279, 1682, 2558], [1279, 1800, 2558], [1279, 1922, 2558], [1279, 2048, 2558], [1279, 2178, 2558], [1279, 2312, 2558], [1279, 2450, 2558]]
[[1280, 1288, 1292, 1309, 1311, 1320]]
[[1281, 1295, 1320, 1332, 1342], [1281, 1300, 1309, 1326, 1342]]
[[1282, 1350, 1923], [1282, 1536, 1923], [1282, 1734, 1923]]
[[1283, 1352, 2566], [1283, 1458, 2566], [1283, 1568, 2566], [1283, 1682, 2566], [1283, 1800, 2566], [1283, 1922, 2566], [1283, 2048, 2566], [1283, 2178, 2566], [1283, 2312, 2566], [1283, 2450, 2566]]
[[1284, 1300, 1323, 1391]]
[[1285, 1470, 1542]]
[[1286, 1350, 1929], [1286, 1536, 1929], [1286, 1734, 1929]]
[[1287, 1300, 1331]]
[[1288, 1295, 1305, 1332, 1334]]
[[1289, 1352, 2578], [1289, 1458, 2578], [1289, 1568, 2578], [1289, 1682, 2578], [1289, 1800, 2578], [1289, 1922, 2578], [1289, 2048, 2578], [1289, 2178, 2578], [1289, 2312, 2578], [1289, 2450, 2578]]
[[1290, 1295, 1302, 1332, 1333]]
[[1291, 1352, 2582], [1291, 1458, 2582], [1291, 1568, 2582], [1291, 1682, 2582], [1291, 1800, 2582], [1291, 1922, 2582], [1291, 2048, 2582], [1291, 2178, 2582], [1291, 2312, 2582], [1291, 2450, 2582]]
[[1292, 1309, 1320, 1323, 1330]]
[[1293, 1323, 1724], [1293, 1452, 1724], [1293, 1587, 1724]]
[[1294, 1350, 1941], [1294, 1536, 1941], [1294, 1734, 1941]]
[[1295, 1300, 1309, 1320, 1326, 1332]]
[[1296]]
[[1297, 1352, 2594], [1297, 1458, 2594], [1297, 1568, 2594], [1297, 1682, 2594], [1297, 1800, 2594], [1297, 1922, 2594], [1297, 2048, 2594], [1297, 2178, 2594], [1297, 2312, 2594], [1297, 2450, 2594], [1297, 2592, 2594]]
[[1298, 1305, 1320, 1334, 1350, 1357]]
[[1299, 1323, 1732], [1299, 1452, 1732], [1299, 1587, 1732], [1299, 1728, 1732]]
[[1300, 1309, 1323, 1326, 1331, 1344, 1350]]
[[1301, 1352, 2602], [1301, 1458, 2602], [1301, 1568, 2602], [1301, 1682, 2602], [1301, 1800, 2602], [1301, 1922, 2602], [1301, 2048, 2602], [1301, 2178, 2602], [1301, 2312, 2602], [1301, 2450, 2602], [1301, 2592, 2602]]
[[1302, 1331, 1344, 1352, 1364]]
[[1303, 1352, 2606], [1303, 1458, 2606], [1303, 1568, 2606], [1303, 1682, 2606], [1303, 1800, 2606], [1303, 1922, 2606], [1303, 2048, 2606], [1303, 2178, 2606], [1303, 2312, 2606], [1303, 2450, 2606], [1303, 2592, 2606]]
[[1304, 1352, 1467], [1304, 1458, 1467]]
[[1305, 1311, 1330, 1334, 1344]]
[[1306, 1350, 1959], [1306, 1536, 1959], [1306, 1734, 1959], [1306, 1944, 1959]]
[[1307, 1352, 2614], [1307, 1458, 2614], [1307, 1568, 2614], [1307, 1682, 2614], [1307, 1800, 2614], [1307, 1922, 2614], [1307, 2048, 2614], [1307, 2178, 2614], [1307, 2312, 2614], [1307, 2450, 2614], [1307, 2592, 2614]]
[[1308, 1404, 1417]]
[[1309, 1320, 1344, 1352, 1360]]
[[1310, 1320, 1323, 1441], [1310, 1331, 1440, 1441], [1310, 1352, 1375, 1441]]
[[1311, 1316, 1320, 1330, 1331, 1334, 1352, 1363]]
[[1312, 1331, 1350, 1353]]
[[1313, 1320, 1331, 1365, 1414], [1313, 1323, 1400, 1404, 1414], [1313, 1325, 1372, 1378, 1414], [1313, 1326, 1344, 1377, 1414], [1313, 1344, 1352, 1404, 1414], [1313, 1350, 1372, 1404, 1414]]
[[1314, 1368, 1387]]
[[1315, 1470, 1578]]
[[1316, 1320, 1331, 1334, 1363, 1372, 1380], [1316, 1325, 1334, 1363, 1365, 1378, 1380], [1316, 1330, 1334, 1350, 1363, 1368, 1380]]
[[1317, 1323, 1756], [1317, 1452, 1756], [1317, 1587, 1756], [1317, 1728, 1756]]
[[1318, 1350, 1977], [1318, 1536, 1977], [1318, 1734, 1977], [1318, 1944, 1977]]
[[1319, 1352, 2638], [1319, 1458, 2638], [1319, 1568, 2638], [1319, 1682, 2638], [1319, 1800, 2638], [1319, 1922, 2638], [1319, 2048, 2638], [1319, 2178, 2638], [1319, 2312, 2638], [1319, 2450, 2638], [1319, 2592, 2638]]
[[1320, 1330, 1331, 1344, 1352, 1368]]
[[1321, 1352, 2642], [1321, 1458, 2642], [1321, 1568, 2642], [1321, 1682, 2642], [1321, 1800, 2642], [1321, 1922, 2642], [1321, 2048, 2642], [1321, 2178, 2642], [1321, 2312, 2642], [1321, 2450, 2642], [1321, 2592, 2642]]
[[1322, 1350, 1983], [1322, 1536, 1983], [1322, 1734, 1983], [1322, 1944, 1983]]
[[1323, 1350, 1352]]
[[1324, 1445, 1655], [1324, 1620, 1655]]
[[1325, 1326, 1344, 1372, 1377, 1378], [1325, 1326, 1350, 1352, 1377, 1378], [1325, 1330, 1350, 1365, 1368, 1378]]
[[1326, 1344, 1350, 1360, 1365]]
[[1327, 1352, 2654], [1327, 1458, 2654], [1327, 1568, 2654], [1327, 1682, 2654], [1327, 1800, 2654], [1327, 1922, 2654], [1327, 2048, 2654], [1327, 2178, 2654], [1327, 2312, 2654], [1327, 2450, 2654], [1327, 2592, 2654]]
[[1328, 1377, 1411]]
[[1329, 1452, 1772], [1329, 1587, 1772], [1329, 1728, 1772]]
[[1330, 1331, 1368, 1372, 1375]]
[[1331, 1333, 1352, 1364, 1376]]
[[1332, 1368, 1406]]
[[1333, 1352, 1360, 1364, 1375, 1376, 1377]]
[[1334, 1352, 1360, 1377, 1380, 1392], [1334, 1372, 1375, 1380, 1386, 1392]]
[[1335, 1340, 1372, 1407, 1424], [1335, 1344, 1365, 1404, 1424], [1335, 1350, 1375, 1408, 1424]]
[[1336, 1352, 1503], [1336, 1458, 1503]]
[[1337, 1400, 1528]]
[[1338, 1512, 1561]]
[[1339, 1344, 1352, 1404, 1442], [1339, 1344, 1378, 1431, 1442], [1339, 1350, 1372, 1404, 1442], [1339, 1372, 1375, 1430, 1442], [1339, 1386, 1430, 1440, 1442]]
[[1340, 1344, 1360, 1377, 1407], [1340, 1350, 1375, 1386, 1407]]
[[1341, 1440, 1490]]
[[1342, 1350, 1375, 1380, 1403]]
[[1343, 1352, 1377, 1422]]
[[1344, 1350, 1352, 1372]]
[[1345, 1470, 1614]]
[[1346, 1350, 2019], [1346, 1536, 2019], [1346, 1734, 2019], [1346, 1944, 2019]]
[[1347, 1452, 1796], [1347, 1587, 1796], [1347, 1728, 1796]]
[[1348, 1445, 1685], [1348, 1620, 1685]]
[[1349, 1368, 1375, 1408, 1420]]
[[1350, 1353, 1360, 1375, 1394]]
[[1351, 1400, 1544]]
[[1352, 1360, 1372, 1375, 1377, 1386]]
[[1353, 1376, 1377, 1394, 1419]]
[[1354, 1536, 2031], [1354, 1734, 2031], [1354, 1944, 2031]]
[[1355, 1470, 1626]]
[[1356, 1404, 1469]]
[[1357, 1375, 1380, 1408, 1416]]
[[1358, 1365, 1375, 1430, 1455], [1358, 1372, 1440, 1452, 1455], [1358, 1375, 1386, 1452, 1455], [1358, 1377, 1428, 1440, 1455], [1358, 1400, 1445, 1452, 1455]]
[[1359, 1440, 1510]]
[[1360, 1375, 1377, 1386, 1400]]
[[1361, 1458, 2722], [1361, 1568, 2722], [1361, 1682, 2722], [1361, 1800, 2722], [1361, 1922, 2722], [1361, 2048, 2722], [1361, 2178, 2722], [1361, 2312, 2722], [1361, 2450, 2722], [1361, 2592, 2722]]
[[1362, 1512, 1589]]
[[1363, 1375, 1392, 1408, 1410]]
[[1364, 1375, 1395]]
[[1365, 1372, 1375, 1386, 1400, 1404]]
[[1366, 1536, 2049], [1366, 1734, 2049], [1366, 1944, 2049]]
[[1367, 1458, 2734], [1367, 1568, 2734], [1367, 1682, 2734], [1367, 1800, 2734], [1367, 1922, 2734], [1367, 2048, 2734], [1367, 2178, 2734], [1367, 2312, 2734], [1367, 2450, 2734], [1367, 2592, 2734]]
[[1368, 1372, 1392, 1400, 1421, 1425], [1368, 1376, 1386, 1400, 1419, 1425]]
[[1369]]
[[1370, 1375, 1458, 1507], [1370, 1408, 1445, 1507]]
[[1371, 1452, 1828], [1371, 1587, 1828], [1371, 1728, 1828]]
[[1372, 1386, 1408]]
[[1373, 1458, 2746], [1373, 1568, 2746], [1373, 1682, 2746], [1373, 1800, 2746], [1373, 1922, 2746], [1373, 2048, 2746], [1373, 2178, 2746], [1373, 2312, 2746], [1373, 2450, 2746], [1373, 2592, 2746], [1373, 2738, 2746]]
[[1374, 1512, 1603]]
[[1375, 1377, 1400, 1404, 1428, 1430], [1375, 1380, 1395, 1404, 1426, 1430]]
[[1376, 1392, 1408, 1419, 1421]]
[[1377, 1380, 1395, 1400, 1426, 1428], [1377, 1386, 1392, 1408, 1421, 1428]]
[[1378, 1386, 1400, 1404, 1408, 1431]]
[[1379, 1400, 1576]]
[[1380, 1386, 1392, 1395, 1400, 1408, 1421, 1426]]
[[1381, 1458, 2762], [1381, 1568, 2762], [1381, 1682, 2762], [1381, 1800, 2762], [1381, 1922, 2762], [1381, 2048, 2762], [1381, 2178, 2762], [1381, 2312, 2762], [1381, 2450, 2762], [1381, 2592, 2762], [1381, 2738, 2762]]
[[1382, 1536, 2073], [1382, 1734, 2073], [1382, 1944, 2073]]
[[1383, 1452, 1844], [1383, 1587, 1844], [1383, 1728, 1844]]
[[1384, 1458, 1557]]
[[1385, 1470, 1662]]
[[1386, 1394, 1400, 1404, 1428, 1430, 1435]]
[[1387, 1425, 1445, 1452, 1460]]
[[1388, 1445, 1735], [1388, 1620, 1735]]
[[1389, 1452, 1852], [1389, 1587, 1852], [1389, 1728, 1852]]
[[1390, 1408, 1445, 1529]]
[[1391, 1456, 1458, 1498]]
[[1392, 1394, 1421, 1428, 1435, 1440]]
[[1393, 1400, 1592]]
[[1394, 1404, 1406, 1425, 1428, 1435, 1443, 1445], [1394, 1404, 1408, 1428, 1430, 1435, 1440, 1445]]
[[1395, 1400, 1426, 1445, 1449]]
[[1396, 1445, 1745], [1396, 1620, 1745]]
[[1397, 1445, 1485, 1524]]
[[1398, 1512, 1631]]
[[1399, 1458, 2798], [1399, 1568, 2798], [1399, 1682, 2798], [1399, 1800, 2798], [1399, 1922, 2798], [1399, 2048, 2798], [1399, 2178, 2798], [1399, 2312, 2798], [1399, 2450, 2798], [1399, 2592, 2798], [1399, 2738, 2798]]
[[1400, 1406, 1425, 1443, 1456], [1400, 1408, 1430, 1440, 1456]]
[[1401, 1452, 1868], [1401, 1587, 1868], [1401, 1728, 1868]]
[[1402, 1536, 2103], [1402, 1734, 2103], [1402, 1944, 2103]]
[[1403, 1404, 1449, 1456, 1458, 1464], [1403, 1408, 1425, 1449, 1463, 1464], [1403, 1410, 1426, 1440, 1457, 1464]]
[[1404, 1408, 1430, 1445, 1452]]
[[1405, 1470, 1686]]
[[1406, 1408, 1425, 1430, 1440, 1443]]
[[1407, 1425, 1458, 1463, 1474]]
[[1408, 1410, 1426, 1430, 1449, 1452, 1456, 1457]]
[[1409, 1458, 2818], [1409, 1568, 2818], [1409, 1682, 2818], [1409, 1800, 2818], [1409, 1922, 2818], [1409, 2048, 2818], [1409, 2178, 2818], [1409, 2312, 2818], [1409, 2450, 2818], [1409, 2592, 2818], [1409, 2738, 2818]]
[[1410, 1426, 1445, 1452, 1457, 1472], [1410, 1426, 1457, 1458, 1470, 1472]]
[[1411, 1450, 1452, 1479, 1494]]
[[1412, 1445, 1765], [1412, 1620, 1765]]
[[1413, 1440, 1570]]
[[1414, 1445, 1512, 1515]]
[[1415, 1470, 1698]]
[[1416, 1445, 1470, 1475], [1416, 1452, 1458, 1475]]
[[1417, 1456, 1458, 1526]]
[[1418, 1536, 2127], [1418, 1734, 2127], [1418, 1944, 2127]]
[[1419, 1428, 1430, 1445, 1456, 1462]]
[[1420, 1430, 1463, 1482, 1491], [1420, 1431, 1445, 1484, 1491], [1420, 1435, 1452, 1476, 1491]]
[[1421, 1440, 1445, 1450]]
[[1422, 1425, 1440, 1500, 1501], [1422, 1425, 1445, 1470, 1501], [1422, 1425, 1452, 1458, 1501]]
[[1423, 1458, 2846], [1423, 1568, 2846], [1423, 1682, 2846], [1423, 1800, 2846], [1423, 1922, 2846], [1423, 2048, 2846], [1423, 2178, 2846], [1423, 2312, 2846], [1423, 2450, 2846], [1423, 2592, 2846], [1423, 2738, 2846]]
[[1424, 1428, 1431, 1484, 1513], [1424, 1428, 1458, 1512, 1513], [1424, 1470, 1485, 1496, 1513]]
[[1425, 1430, 1440, 1452, 1456, 1463]]
[[1426, 1445, 1470, 1472, 1488], [1426, 1452, 1458, 1472, 1488]]
[[1427, 1458, 2854], [1427, 1568, 2854], [1427, 1682, 2854], [1427, 1800, 2854], [1427, 1922, 2854], [1427, 2048, 2854], [1427, 2178, 2854], [1427, 2312, 2854], [1427, 2450, 2854], [1427, 2592, 2854], [1427, 2738, 2854]]
[[1428, 1435, 1440, 1450, 1476, 1479], [1428, 1449, 1450, 1458, 1472, 1479]]
[[1429, 1458, 2858], [1429, 1568, 2858], [1429, 1682, 2858], [1429, 1800, 2858], [1429, 1922, 2858], [1429, 2048, 2858], [1429, 2178, 2858], [1429, 2312, 2858], [1429, 2450, 2858], [1429, 2592, 2858], [1429, 2738, 2858]]
[[1430, 1435, 1452, 1463, 1476, 1482]]
[[1431, 1449, 1452, 1472, 1484]]
[[1432, 1458, 1611], [1432, 1568, 1611]]
[[1433, 1458, 2866], [1433, 1568, 2866], [1433, 1682, 2866], [1433, 1800, 2866], [1433, 1922, 2866], [1433, 2048, 2866], [1433, 2178, 2866], [1433, 2312, 2866], [1433, 2450, 2866], [1433, 2592, 2866], [1433, 2738, 2866]]
[[1434, 1512, 1673]]
[[1435, 1445, 1449, 1472, 1476]]
[[1436, 1445, 1795], [1436, 1620, 1795]]
[[1437, 1452, 1916], [1437, 1587, 1916], [1437, 1728, 1916], [1437, 1875, 1916]]
[[1438, 1536, 2157], [1438, 1734, 2157], [1438, 1944, 2157]]
[[1439, 1458, 2878], [1439, 1568, 2878], [1439, 1682, 2878], [1439, 1800, 2878], [1439, 1922, 2878], [1439, 2048, 2878], [1439, 2178, 2878], [1439, 2312, 2878], [1439, 2450, 2878], [1439, 2592, 2878], [1439, 2738, 2878]]
[[1440, 1445, 1458]]
[[1441, 1445, 1485, 1572]]
[[1442, 1445, 1512, 1545]]
[[1443, 1449, 1456, 1470, 1472, 1480]]
[[1444]]
[[1445, 1452, 1458, 1470]]
[[1446, 1512, 1687]]
[[1447, 1458, 2894], [1447, 1568, 2894], [1447, 1682, 2894], [1447, 1800, 2894], [1447, 1922, 2894], [1447, 2048, 2894], [1447, 2178, 2894], [1447, 2312, 2894], [1447, 2450, 2894], [1447, 2592, 2894], [1447, 2738, 2894], [1447, 2888, 2894]]
[[1448, 1458, 1629], [1448, 1568, 1629]]
[[1449, 1452, 1456, 1458, 1470, 1495], [1449, 1458, 1463, 1482, 1485, 1495]]
[[1450, 1452, 1458, 1470, 1479, 1485, 1496], [1450, 1456, 1458, 1463, 1479, 1482, 1496]]
[[1451, 1458, 2902], [1451, 1568, 2902], [1451, 1682, 2902], [1451, 1800, 2902], [1451, 1922, 2902], [1451, 2048, 2902], [1451, 2178, 2902], [1451, 2312, 2902], [1451, 2450, 2902], [1451, 2592, 2902], [1451, 2738, 2902], [1451, 2888, 2902]]
[[1452, 1456, 1463, 1470, 1482, 1485]]
[[1453, 1458, 2906], [1453, 1568, 2906], [1453, 1682, 2906], [1453, 1800, 2906], [1453, 1922, 2906], [1453, 2048, 2906], [1453, 2178, 2906], [1453, 2312, 2906], [1453, 2450, 2906], [1453, 2592, 2906], [1453, 2738, 2906], [1453, 2888, 2906]]
[[1454, 1536, 2181], [1454, 1734, 2181], [1454, 1944, 2181], [1454, 2166, 2181]]
[[1455, 1500, 1552]]
[[1456, 1457, 1463, 1482, 1485, 1488, 1500, 1504]]
[[1457, 1462, 1463, 1472, 1482, 1488, 1495, 1496, 1504, 1505]]
[[1458, 1470, 1500]]
[[1459, 1568, 2918], [1459, 1682, 2918], [1459, 1800, 2918], [1459, 1922, 2918], [1459, 2048, 2918], [1459, 2178, 2918], [1459, 2312, 2918], [1459, 2450, 2918], [1459, 2592, 2918], [1459, 2738, 2918], [1459, 2888, 2918]]
[[1460, 1462, 1500, 1505, 1530, 1533], [1460, 1464, 1500, 1512, 1525, 1533], [1460, 1470, 1488, 1512, 1519, 1533], [1460, 1472, 1485, 1512, 1518, 1533], [1460, 1476, 1480, 1512, 1517, 1533]]
[[1461, 1587, 1948], [1461, 1728, 1948], [1461, 1875, 1948]]
[[1462, 1470, 1485, 1496, 1500, 1505, 1512], [1462, 1472, 1479, 1495, 1505, 1508, 1512]]
