# Table of n, A260112(n) for n = 0..10000
0 0
1 1
2 2
3 3
4 2
5 3
6 4
7 5
8 3
9 4
10 5
11 6
12 4
13 5
14 6
15 7
16 3
17 4
18 5
19 6
20 4
21 5
22 6
23 7
24 5
25 6
26 7
27 8
28 6
29 7
30 8
31 9
32 4
33 5
34 6
35 7
36 5
37 6
38 7
39 8
40 6
41 7
42 8
43 9
44 7
45 8
46 9
47 10
48 5
49 6
50 7
51 8
52 6
53 7
54 8
55 9
56 7
57 8
58 9
59 10
60 8
61 9
62 10
63 11
64 4
65 5
66 6
67 7
68 5
69 6
70 7
71 8
72 6
73 7
74 8
75 9
76 7
77 8
78 9
79 10
80 5
81 6
82 7
83 8
84 6
85 7
86 8
87 9
88 7
89 8
90 9
91 10
92 8
93 9
94 10
95 11
96 6
97 7
98 8
99 9
100 7
101 8
102 9
103 10
104 8
105 9
106 10
107 11
108 9
109 10
110 11
111 12
112 7
113 8
114 9
115 10
116 8
117 9
118 10
119 11
120 9
121 10
122 11
123 12
124 10
125 11
126 12
127 13
128 5
129 6
130 7
131 8
132 6
133 7
134 8
135 9
136 7
137 8
138 9
139 10
140 8
141 9
142 10
143 11
144 6
145 7
146 8
147 9
148 7
149 8
150 9
151 10
152 8
153 9
154 10
155 11
156 9
157 10
158 11
159 12
160 7
161 8
162 9
163 10
164 8
165 9
166 10
167 11
168 9
169 10
170 11
171 12
172 10
173 11
174 12
175 13
176 8
177 9
178 10
179 11
180 9
181 10
182 11
183 12
184 10
185 11
186 12
187 13
188 11
189 12
190 13
191 14
192 6
193 7
194 8
195 9
196 7
197 8
198 9
199 10
200 8
201 9
202 10
203 11
204 9
205 10
206 11
207 12
208 7
209 8
210 9
211 10
212 8
213 9
214 10
215 11
216 9
217 10
218 11
219 12
220 10
221 11
222 12
223 13
224 8
225 9
226 10
227 11
228 9
229 10
230 11
231 12
232 10
233 11
234 12
235 13
236 11
237 12
238 13
239 14
240 9
241 10
242 11
243 12
244 10
245 11
246 12
247 13
248 11
249 12
250 13
251 14
252 12
253 13
254 14
255 15
256 5
257 6
258 7
259 8
260 6
261 7
262 8
263 9
264 7
265 8
266 9
267 10
268 8
269 9
270 10
271 11
272 6
273 7
274 8
275 9
276 7
277 8
278 9
279 10
280 8
281 9
282 10
283 11
284 9
285 10
286 11
287 12
288 7
289 8
290 9
291 10
292 8
293 9
294 10
295 11
296 9
297 10
298 11
299 12
300 10
301 11
302 12
303 13
304 8
305 9
306 10
307 11
308 9
309 10
310 11
311 12
312 10
313 11
314 12
315 13
316 11
317 12
318 13
319 14
320 6
321 7
322 8
323 9
324 7
325 8
326 9
327 10
328 8
329 9
330 10
331 11
332 9
333 10
334 11
335 12
336 7
337 8
338 9
339 10
340 8
341 9
342 10
343 11
344 9
345 10
346 11
347 12
348 10
349 11
350 12
351 13
352 8
353 9
354 10
355 11
356 9
357 10
358 11
359 12
360 10
361 11
362 12
363 13
364 11
365 12
366 13
367 14
368 9
369 10
370 11
371 12
372 10
373 11
374 12
375 13
376 11
377 12
378 13
379 14
380 12
381 13
382 14
383 15
384 7
385 8
386 9
387 10
388 8
389 9
390 10
391 11
392 9
393 10
394 11
395 12
396 10
397 11
398 12
399 13
400 8
401 9
402 10
403 11
404 9
405 10
406 11
407 12
408 10
409 11
410 12
411 13
412 11
413 12
414 13
415 14
416 9
417 10
418 11
419 12
420 10
421 11
422 12
423 13
424 11
425 12
426 13
427 14
428 12
429 13
430 14
431 15
432 10
433 11
434 12
435 13
436 11
437 12
438 13
439 14
440 12
441 13
442 14
443 15
444 13
445 14
446 15
447 16
448 8
449 9
450 10
451 11
452 9
453 10
454 11
455 12
456 10
457 11
458 12
459 13
460 11
461 12
462 13
463 14
464 9
465 10
466 11
467 12
468 10
469 11
470 12
471 13
472 11
473 12
474 13
475 14
476 12
477 13
478 14
479 15
480 10
481 11
482 12
483 13
484 11
485 12
486 13
487 14
488 12
489 13
490 14
491 15
492 13
493 14
494 15
495 16
496 11
497 12
498 13
499 14
500 12
501 13
502 14
503 15
504 13
505 14
506 15
507 16
508 14
509 15
510 16
511 17
512 6
513 7
514 8
515 9
516 7
517 8
518 9
519 10
520 8
521 9
522 10
523 11
524 9
525 10
526 11
527 12
528 7
529 8
530 9
531 10
532 8
533 9
534 10
535 11
536 9
537 10
538 11
539 12
540 10
541 11
542 12
543 13
544 8
545 9
546 10
547 11
548 9
549 10
550 11
551 12
552 10
553 11
554 12
555 13
556 11
557 12
558 13
559 14
560 9
561 10
562 11
563 12
564 10
565 11
566 12
567 13
568 11
569 12
570 13
571 14
572 12
573 13
574 14
575 15
576 7
577 8
578 9
579 10
580 8
581 9
582 10
583 11
584 9
585 10
586 11
587 12
588 10
589 11
590 12
591 13
592 8
593 9
594 10
595 11
596 9
597 10
598 11
599 12
600 10
601 11
602 12
603 13
604 11
605 12
606 13
607 14
608 9
609 10
610 11
611 12
612 10
613 11
614 12
615 13
616 11
617 12
618 13
619 14
620 12
621 13
622 14
623 15
624 10
625 11
626 12
627 13
628 11
629 12
630 13
631 14
632 12
633 13
634 14
635 15
636 13
637 14
638 15
639 16
640 8
641 9
642 10
643 11
644 9
645 10
646 11
647 12
648 10
649 11
650 12
651 13
652 11
653 12
654 13
655 14
656 9
657 10
658 11
659 12
660 10
661 11
662 12
663 13
664 11
665 12
666 13
667 14
668 12
669 13
670 14
671 15
672 10
673 11
674 12
675 13
676 11
677 12
678 13
679 14
680 12
681 13
682 14
683 15
684 13
685 14
686 15
687 16
688 11
689 12
690 13
691 14
692 12
693 13
694 14
695 15
696 13
697 14
698 15
699 16
700 14
701 15
702 16
703 17
704 9
705 10
706 11
707 12
708 10
709 11
710 12
711 13
712 11
713 12
714 13
715 14
716 12
717 13
718 14
719 15
720 10
721 11
722 12
723 13
724 11
725 12
726 13
727 14
728 12
729 13
730 14
731 15
732 13
733 14
734 15
735 16
736 11
737 12
738 13
739 14
740 12
741 13
742 14
743 15
744 13
745 14
746 15
747 16
748 14
749 15
750 16
751 17
752 12
753 13
754 14
755 15
756 13
757 14
758 15
759 16
760 14
761 15
762 16
763 17
764 15
765 16
766 17
767 18
768 7
769 8
770 9
771 10
772 8
773 9
774 10
775 11
776 9
777 10
778 11
779 12
780 10
781 11
782 12
783 13
784 8
785 9
786 10
787 11
788 9
789 10
790 11
791 12
792 10
793 11
794 12
795 13
796 11
797 12
798 13
799 14
800 9
801 10
802 11
803 12
804 10
805 11
806 12
807 13
808 11
809 12
810 13
811 14
812 12
813 13
814 14
815 15
816 10
817 11
818 12
819 13
820 11
821 12
822 13
823 14
824 12
825 13
826 14
827 15
828 13
829 14
830 15
831 16
832 8
833 9
834 10
835 11
836 9
837 10
838 11
839 12
840 10
841 11
842 12
843 13
844 11
845 12
846 13
847 14
848 9
849 10
850 11
851 12
852 10
853 11
854 12
855 13
856 11
857 12
858 13
859 14
860 12
861 13
862 14
863 15
864 10
865 11
866 12
867 13
868 11
869 12
870 13
871 14
872 12
873 13
874 14
875 15
876 13
877 14
878 15
879 16
880 11
881 12
882 13
883 14
884 12
885 13
886 14
887 15
888 13
889 14
890 15
891 16
892 14
893 15
894 16
895 17
896 9
897 10
898 11
899 12
900 10
901 11
902 12
903 13
904 11
905 12
906 13
907 14
908 12
909 13
910 14
911 15
912 10
913 11
914 12
915 13
916 11
917 12
918 13
919 14
920 12
921 13
922 14
923 15
924 13
925 14
926 15
927 16
928 11
929 12
930 13
931 14
932 12
933 13
934 14
935 15
936 13
937 14
938 15
939 16
940 14
941 15
942 16
943 17
944 12
945 13
946 14
947 15
948 13
949 14
950 15
951 16
952 14
953 15
954 16
955 17
956 15
957 16
958 17
959 18
960 10
961 11
962 12
963 13
964 11
965 12
966 13
967 14
968 12
969 13
970 14
971 15
972 13
973 14
974 15
975 16
976 11
977 12
978 13
979 14
980 12
981 13
982 14
983 15
984 13
985 14
986 15
987 16
988 14
989 15
990 16
991 17
992 12
993 13
994 14
995 15
996 13
997 14
998 15
999 16
1000 14
1001 15
1002 16
1003 17
1004 15
1005 16
1006 17
1007 18
1008 13
1009 14
1010 15
1011 16
1012 14
1013 15
1014 16
1015 17
1016 15
1017 16
1018 17
1019 18
1020 16
1021 17
1022 18
1023 19
1024 6
1025 7
1026 8
1027 9
1028 7
1029 8
1030 9
1031 10
1032 8
1033 9
1034 10
1035 11
1036 9
1037 10
1038 11
1039 12
1040 7
1041 8
1042 9
1043 10
1044 8
1045 9
1046 10
1047 11
1048 9
1049 10
1050 11
1051 12
1052 10
1053 11
1054 12
1055 13
1056 8
1057 9
1058 10
1059 11
1060 9
1061 10
1062 11
1063 12
1064 10
1065 11
1066 12
1067 13
1068 11
1069 12
1070 13
1071 14
1072 9
1073 10
1074 11
1075 12
1076 10
1077 11
1078 12
1079 13
1080 11
1081 12
1082 13
1083 14
1084 12
1085 13
1086 14
1087 15
1088 7
1089 8
1090 9
1091 10
1092 8
1093 9
1094 10
1095 11
1096 9
1097 10
1098 11
1099 12
1100 10
1101 11
1102 12
1103 13
1104 8
1105 9
1106 10
1107 11
1108 9
1109 10
1110 11
1111 12
1112 10
1113 11
1114 12
1115 13
1116 11
1117 12
1118 13
1119 14
1120 9
1121 10
1122 11
1123 12
1124 10
1125 11
1126 12
1127 13
1128 11
1129 12
1130 13
1131 14
1132 12
1133 13
1134 14
1135 15
1136 10
1137 11
1138 12
1139 13
1140 11
1141 12
1142 13
1143 14
1144 12
1145 13
1146 14
1147 15
1148 13
1149 14
1150 15
1151 16
1152 8
1153 9
1154 10
1155 11
1156 9
1157 10
1158 11
1159 12
1160 10
1161 11
1162 12
1163 13
1164 11
1165 12
1166 13
1167 14
1168 9
1169 10
1170 11
1171 12
1172 10
1173 11
1174 12
1175 13
1176 11
1177 12
1178 13
1179 14
1180 12
1181 13
1182 14
1183 15
1184 10
1185 11
1186 12
1187 13
1188 11
1189 12
1190 13
1191 14
1192 12
1193 13
1194 14
1195 15
1196 13
1197 14
1198 15
1199 16
1200 11
1201 12
1202 13
1203 14
1204 12
1205 13
1206 14
1207 15
1208 13
1209 14
1210 15
1211 16
1212 14
1213 15
1214 16
1215 17
1216 9
1217 10
1218 11
1219 12
1220 10
1221 11
1222 12
1223 13
1224 11
1225 12
1226 13
1227 14
1228 12
1229 13
1230 14
1231 15
1232 10
1233 11
1234 12
1235 13
1236 11
1237 12
1238 13
1239 14
1240 12
1241 13
1242 14
1243 15
1244 13
1245 14
1246 15
1247 16
1248 11
1249 12
1250 13
1251 14
1252 12
1253 13
1254 14
1255 15
1256 13
1257 14
1258 15
1259 16
1260 14
1261 15
1262 16
1263 17
1264 12
1265 13
1266 14
1267 15
1268 13
1269 14
1270 15
1271 16
1272 14
1273 15
1274 16
1275 17
1276 15
1277 16
1278 17
1279 18
1280 7
1281 8
1282 9
1283 10
1284 8
1285 9
1286 10
1287 11
1288 9
1289 10
1290 11
1291 12
1292 10
1293 11
1294 12
1295 13
1296 8
1297 9
1298 10
1299 11
1300 9
1301 10
1302 11
1303 12
1304 10
1305 11
1306 12
1307 13
1308 11
1309 12
1310 13
1311 14
1312 9
1313 10
1314 11
1315 12
1316 10
1317 11
1318 12
1319 13
1320 11
1321 12
1322 13
1323 14
1324 12
1325 13
1326 14
1327 15
1328 10
1329 11
1330 12
1331 13
1332 11
1333 12
1334 13
1335 14
1336 12
1337 13
1338 14
1339 15
1340 13
1341 14
1342 15
1343 16
1344 8
1345 9
1346 10
1347 11
1348 9
1349 10
1350 11
1351 12
1352 10
1353 11
1354 12
1355 13
1356 11
1357 12
1358 13
1359 14
1360 9
1361 10
1362 11
1363 12
1364 10
1365 11
1366 12
1367 13
1368 11
1369 12
1370 13
1371 14
1372 12
1373 13
1374 14
1375 15
1376 10
1377 11
1378 12
1379 13
1380 11
1381 12
1382 13
1383 14
1384 12
1385 13
1386 14
1387 15
1388 13
1389 14
1390 15
1391 16
1392 11
1393 12
1394 13
1395 14
1396 12
1397 13
1398 14
1399 15
1400 13
1401 14
1402 15
1403 16
1404 14
1405 15
1406 16
1407 17
1408 9
1409 10
1410 11
1411 12
1412 10
1413 11
1414 12
1415 13
1416 11
1417 12
1418 13
1419 14
1420 12
1421 13
1422 14
1423 15
1424 10
1425 11
1426 12
1427 13
1428 11
1429 12
1430 13
1431 14
1432 12
1433 13
1434 14
1435 15
1436 13
1437 14
1438 15
1439 16
1440 11
1441 12
1442 13
1443 14
1444 12
1445 13
1446 14
1447 15
1448 13
1449 14
1450 15
1451 16
1452 14
1453 15
1454 16
1455 17
1456 12
1457 13
1458 14
1459 15
1460 13
1461 14
1462 15
1463 16
1464 14
1465 15
1466 16
1467 17
1468 15
1469 16
1470 17
1471 18
1472 10
1473 11
1474 12
1475 13
1476 11
1477 12
1478 13
1479 14
1480 12
1481 13
1482 14
1483 15
1484 13
1485 14
1486 15
1487 16
1488 11
1489 12
1490 13
1491 14
1492 12
1493 13
1494 14
1495 15
1496 13
1497 14
1498 15
1499 16
1500 14
1501 15
1502 16
1503 17
1504 12
1505 13
1506 14
1507 15
1508 13
1509 14
1510 15
1511 16
1512 14
1513 15
1514 16
1515 17
1516 15
1517 16
1518 17
1519 18
1520 13
1521 14
1522 15
1523 16
1524 14
1525 15
1526 16
1527 17
1528 15
1529 16
1530 17
1531 18
1532 16
1533 17
1534 18
1535 19
1536 8
1537 9
1538 10
1539 11
1540 9
1541 10
1542 11
1543 12
1544 10
1545 11
1546 12
1547 13
1548 11
1549 12
1550 13
1551 14
1552 9
1553 10
1554 11
1555 12
1556 10
1557 11
1558 12
1559 13
1560 11
1561 12
1562 13
1563 14
1564 12
1565 13
1566 14
1567 15
1568 10
1569 11
1570 12
1571 13
1572 11
1573 12
1574 13
1575 14
1576 12
1577 13
1578 14
1579 15
1580 13
1581 14
1582 15
1583 16
1584 11
1585 12
1586 13
1587 14
1588 12
1589 13
1590 14
1591 15
1592 13
1593 14
1594 15
1595 16
1596 14
1597 15
1598 16
1599 17
1600 9
1601 10
1602 11
1603 12
1604 10
1605 11
1606 12
1607 13
1608 11
1609 12
1610 13
1611 14
1612 12
1613 13
1614 14
1615 15
1616 10
1617 11
1618 12
1619 13
1620 11
1621 12
1622 13
1623 14
1624 12
1625 13
1626 14
1627 15
1628 13
1629 14
1630 15
1631 16
1632 11
1633 12
1634 13
1635 14
1636 12
1637 13
1638 14
1639 15
1640 13
1641 14
1642 15
1643 16
1644 14
1645 15
1646 16
1647 17
1648 12
1649 13
1650 14
1651 15
1652 13
1653 14
1654 15
1655 16
1656 14
1657 15
1658 16
1659 17
1660 15
1661 16
1662 17
1663 18
1664 10
1665 11
1666 12
1667 13
1668 11
1669 12
1670 13
1671 14
1672 12
1673 13
1674 14
1675 15
1676 13
1677 14
1678 15
1679 16
1680 11
1681 12
1682 13
1683 14
1684 12
1685 13
1686 14
1687 15
1688 13
1689 14
1690 15
1691 16
1692 14
1693 15
1694 16
1695 17
1696 12
1697 13
1698 14
1699 15
1700 13
1701 14
1702 15
1703 16
1704 14
1705 15
1706 16
1707 17
1708 15
1709 16
1710 17
1711 18
1712 13
1713 14
1714 15
1715 16
1716 14
1717 15
1718 16
1719 17
1720 15
1721 16
1722 17
1723 18
1724 16
1725 17
1726 18
1727 19
1728 11
1729 12
1730 13
1731 14
1732 12
1733 13
1734 14
1735 15
1736 13
1737 14
1738 15
1739 16
1740 14
1741 15
1742 16
1743 17
1744 12
1745 13
1746 14
1747 15
1748 13
1749 14
1750 15
1751 16
1752 14
1753 15
1754 16
1755 17
1756 15
1757 16
1758 17
1759 18
1760 13
1761 14
1762 15
1763 16
1764 14
1765 15
1766 16
1767 17
1768 15
1769 16
1770 17
1771 18
1772 16
1773 17
1774 18
1775 19
1776 14
1777 15
1778 16
1779 17
1780 15
1781 16
1782 17
1783 18
1784 16
1785 17
1786 18
1787 19
1788 17
1789 18
1790 19
1791 20
1792 9
1793 10
1794 11
1795 12
1796 10
1797 11
1798 12
1799 13
1800 11
1801 12
1802 13
1803 14
1804 12
1805 13
1806 14
1807 15
1808 10
1809 11
1810 12
1811 13
1812 11
1813 12
1814 13
1815 14
1816 12
1817 13
1818 14
1819 15
1820 13
1821 14
1822 15
1823 16
1824 11
1825 12
1826 13
1827 14
1828 12
1829 13
1830 14
1831 15
1832 13
1833 14
1834 15
1835 16
1836 14
1837 15
1838 16
1839 17
1840 12
1841 13
1842 14
1843 15
1844 13
1845 14
1846 15
1847 16
1848 14
1849 15
1850 16
1851 17
1852 15
1853 16
1854 17
1855 18
1856 10
1857 11
1858 12
1859 13
1860 11
1861 12
1862 13
1863 14
1864 12
1865 13
1866 14
1867 15
1868 13
1869 14
1870 15
1871 16
1872 11
1873 12
1874 13
1875 14
1876 12
1877 13
1878 14
1879 15
1880 13
1881 14
1882 15
1883 16
1884 14
1885 15
1886 16
1887 17
1888 12
1889 13
1890 14
1891 15
1892 13
1893 14
1894 15
1895 16
1896 14
1897 15
1898 16
1899 17
1900 15
1901 16
1902 17
1903 18
1904 13
1905 14
1906 15
1907 16
1908 14
1909 15
1910 16
1911 17
1912 15
1913 16
1914 17
1915 18
1916 16
1917 17
1918 18
1919 19
1920 11
1921 12
1922 13
1923 14
1924 12
1925 13
1926 14
1927 15
1928 13
1929 14
1930 15
1931 16
1932 14
1933 15
1934 16
1935 17
1936 12
1937 13
1938 14
1939 15
1940 13
1941 14
1942 15
1943 16
1944 14
1945 15
1946 16
1947 17
1948 15
1949 16
1950 17
1951 18
1952 13
1953 14
1954 15
1955 16
1956 14
1957 15
1958 16
1959 17
1960 15
1961 16
1962 17
1963 18
1964 16
1965 17
1966 18
1967 19
1968 14
1969 15
1970 16
1971 17
1972 15
1973 16
1974 17
1975 18
1976 16
1977 17
1978 18
1979 19
1980 17
1981 18
1982 19
1983 20
1984 12
1985 13
1986 14
1987 15
1988 13
1989 14
1990 15
1991 16
1992 14
1993 15
1994 16
1995 17
1996 15
1997 16
1998 17
1999 18
2000 13
2001 14
2002 15
2003 16
2004 14
2005 15
2006 16
2007 17
2008 15
2009 16
2010 17
2011 18
2012 16
2013 17
2014 18
2015 19
2016 14
2017 15
2018 16
2019 17
2020 15
2021 16
2022 17
2023 18
2024 16
2025 17
2026 18
2027 19
2028 17
2029 18
2030 19
2031 20
2032 15
2033 16
2034 17
2035 18
2036 16
2037 17
2038 18
2039 19
2040 17
2041 18
2042 19
2043 20
2044 18
2045 19
2046 20
2047 21
2048 7
2049 8
2050 9
2051 10
2052 8
2053 9
2054 10
2055 11
2056 9
2057 10
2058 11
2059 12
2060 10
2061 11
2062 12
2063 13
2064 8
2065 9
2066 10
2067 11
2068 9
2069 10
2070 11
2071 12
2072 10
2073 11
2074 12
2075 13
2076 11
2077 12
2078 13
2079 14
2080 9
2081 10
2082 11
2083 12
2084 10
2085 11
2086 12
2087 13
2088 11
2089 12
2090 13
2091 14
2092 12
2093 13
2094 14
2095 15
2096 10
2097 11
2098 12
2099 13
2100 11
2101 12
2102 13
2103 14
2104 12
2105 13
2106 14
2107 15
2108 13
2109 14
2110 15
2111 16
2112 8
2113 9
2114 10
2115 11
2116 9
2117 10
2118 11
2119 12
2120 10
2121 11
2122 12
2123 13
2124 11
2125 12
2126 13
2127 14
2128 9
2129 10
2130 11
2131 12
2132 10
2133 11
2134 12
2135 13
2136 11
2137 12
2138 13
2139 14
2140 12
2141 13
2142 14
2143 15
2144 10
2145 11
2146 12
2147 13
2148 11
2149 12
2150 13
2151 14
2152 12
2153 13
2154 14
2155 15
2156 13
2157 14
2158 15
2159 16
2160 11
2161 12
2162 13
2163 14
2164 12
2165 13
2166 14
2167 15
2168 13
2169 14
2170 15
2171 16
2172 14
2173 15
2174 16
2175 17
2176 9
2177 10
2178 11
2179 12
2180 10
2181 11
2182 12
2183 13
2184 11
2185 12
2186 13
2187 14
2188 12
2189 13
2190 14
2191 15
2192 10
2193 11
2194 12
2195 13
2196 11
2197 12
2198 13
2199 14
2200 12
2201 13
2202 14
2203 15
2204 13
2205 14
2206 15
2207 16
2208 11
2209 12
2210 13
2211 14
2212 12
2213 13
2214 14
2215 15
2216 13
2217 14
2218 15
2219 16
2220 14
2221 15
2222 16
2223 17
2224 12
2225 13
2226 14
2227 15
2228 13
2229 14
2230 15
2231 16
2232 14
2233 15
2234 16
2235 17
2236 15
2237 16
2238 17
2239 18
2240 10
2241 11
2242 12
2243 13
2244 11
2245 12
2246 13
2247 14
2248 12
2249 13
2250 14
2251 15
2252 13
2253 14
2254 15
2255 16
2256 11
2257 12
2258 13
2259 14
2260 12
2261 13
2262 14
2263 15
2264 13
2265 14
2266 15
2267 16
2268 14
2269 15
2270 16
2271 17
2272 12
2273 13
2274 14
2275 15
2276 13
2277 14
2278 15
2279 16
2280 14
2281 15
2282 16
2283 17
2284 15
2285 16
2286 17
2287 18
2288 13
2289 14
2290 15
2291 16
2292 14
2293 15
2294 16
2295 17
2296 15
2297 16
2298 17
2299 18
2300 16
2301 17
2302 18
2303 19
2304 8
2305 9
2306 10
2307 11
2308 9
2309 10
2310 11
2311 12
2312 10
2313 11
2314 12
2315 13
2316 11
2317 12
2318 13
2319 14
2320 9
2321 10
2322 11
2323 12
2324 10
2325 11
2326 12
2327 13
2328 11
2329 12
2330 13
2331 14
2332 12
2333 13
2334 14
2335 15
2336 10
2337 11
2338 12
2339 13
2340 11
2341 12
2342 13
2343 14
2344 12
2345 13
2346 14
2347 15
2348 13
2349 14
2350 15
2351 16
2352 11
2353 12
2354 13
2355 14
2356 12
2357 13
2358 14
2359 15
2360 13
2361 14
2362 15
2363 16
2364 14
2365 15
2366 16
2367 17
2368 9
2369 10
2370 11
2371 12
2372 10
2373 11
2374 12
2375 13
2376 11
2377 12
2378 13
2379 14
2380 12
2381 13
2382 14
2383 15
2384 10
2385 11
2386 12
2387 13
2388 11
2389 12
2390 13
2391 14
2392 12
2393 13
2394 14
2395 15
2396 13
2397 14
2398 15
2399 16
2400 11
2401 12
2402 13
2403 14
2404 12
2405 13
2406 14
2407 15
2408 13
2409 14
2410 15
2411 16
2412 14
2413 15
2414 16
2415 17
2416 12
2417 13
2418 14
2419 15
2420 13
2421 14
2422 15
2423 16
2424 14
2425 15
2426 16
2427 17
2428 15
2429 16
2430 17
2431 18
2432 10
2433 11
2434 12
2435 13
2436 11
2437 12
2438 13
2439 14
2440 12
2441 13
2442 14
2443 15
2444 13
2445 14
2446 15
2447 16
2448 11
2449 12
2450 13
2451 14
2452 12
2453 13
2454 14
2455 15
2456 13
2457 14
2458 15
2459 16
2460 14
2461 15
2462 16
2463 17
2464 12
2465 13
2466 14
2467 15
2468 13
2469 14
2470 15
2471 16
2472 14
2473 15
2474 16
2475 17
2476 15
2477 16
2478 17
2479 18
2480 13
2481 14
2482 15
2483 16
2484 14
2485 15
2486 16
2487 17
2488 15
2489 16
2490 17
2491 18
2492 16
2493 17
2494 18
2495 19
2496 11
2497 12
2498 13
2499 14
2500 12
2501 13
2502 14
2503 15
2504 13
2505 14
2506 15
2507 16
2508 14
2509 15
2510 16
2511 17
2512 12
2513 13
2514 14
2515 15
2516 13
2517 14
2518 15
2519 16
2520 14
2521 15
2522 16
2523 17
2524 15
2525 16
2526 17
2527 18
2528 13
2529 14
2530 15
2531 16
2532 14
2533 15
2534 16
2535 17
2536 15
2537 16
2538 17
2539 18
2540 16
2541 17
2542 18
2543 19
2544 14
2545 15
2546 16
2547 17
2548 15
2549 16
2550 17
2551 18
2552 16
2553 17
2554 18
2555 19
2556 17
2557 18
2558 19
2559 20
2560 9
2561 10
2562 11
2563 12
2564 10
2565 11
2566 12
2567 13
2568 11
2569 12
2570 13
2571 14
2572 12
2573 13
2574 14
2575 15
2576 10
2577 11
2578 12
2579 13
2580 11
2581 12
2582 13
2583 14
2584 12
2585 13
2586 14
2587 15
2588 13
2589 14
2590 15
2591 16
2592 11
2593 12
2594 13
2595 14
2596 12
2597 13
2598 14
2599 15
2600 13
2601 14
2602 15
2603 16
2604 14
2605 15
2606 16
2607 17
2608 12
2609 13
2610 14
2611 15
2612 13
2613 14
2614 15
2615 16
2616 14
2617 15
2618 16
2619 17
2620 15
2621 16
2622 17
2623 18
2624 10
2625 11
2626 12
2627 13
2628 11
2629 12
2630 13
2631 14
2632 12
2633 13
2634 14
2635 15
2636 13
2637 14
2638 15
2639 16
2640 11
2641 12
2642 13
2643 14
2644 12
2645 13
2646 14
2647 15
2648 13
2649 14
2650 15
2651 16
2652 14
2653 15
2654 16
2655 17
2656 12
2657 13
2658 14
2659 15
2660 13
2661 14
2662 15
2663 16
2664 14
2665 15
2666 16
2667 17
2668 15
2669 16
2670 17
2671 18
2672 13
2673 14
2674 15
2675 16
2676 14
2677 15
2678 16
2679 17
2680 15
2681 16
2682 17
2683 18
2684 16
2685 17
2686 18
2687 19
2688 11
2689 12
2690 13
2691 14
2692 12
2693 13
2694 14
2695 15
2696 13
2697 14
2698 15
2699 16
2700 14
2701 15
2702 16
2703 17
2704 12
2705 13
2706 14
2707 15
2708 13
2709 14
2710 15
2711 16
2712 14
2713 15
2714 16
2715 17
2716 15
2717 16
2718 17
2719 18
2720 13
2721 14
2722 15
2723 16
2724 14
2725 15
2726 16
2727 17
2728 15
2729 16
2730 17
2731 18
2732 16
2733 17
2734 18
2735 19
2736 14
2737 15
2738 16
2739 17
2740 15
2741 16
2742 17
2743 18
2744 16
2745 17
2746 18
2747 19
2748 17
2749 18
2750 19
2751 20
2752 12
2753 13
2754 14
2755 15
2756 13
2757 14
2758 15
2759 16
2760 14
2761 15
2762 16
2763 17
2764 15
2765 16
2766 17
2767 18
2768 13
2769 14
2770 15
2771 16
2772 14
2773 15
2774 16
2775 17
2776 15
2777 16
2778 17
2779 18
2780 16
2781 17
2782 18
2783 19
2784 14
2785 15
2786 16
2787 17
2788 15
2789 16
2790 17
2791 18
2792 16
2793 17
2794 18
2795 19
2796 17
2797 18
2798 19
2799 20
2800 15
2801 16
2802 17
2803 18
2804 16
2805 17
2806 18
2807 19
2808 17
2809 18
2810 19
2811 20
2812 18
2813 19
2814 20
2815 21
2816 10
2817 11
2818 12
2819 13
2820 11
2821 12
2822 13
2823 14
2824 12
2825 13
2826 14
2827 15
2828 13
2829 14
2830 15
2831 16
2832 11
2833 12
2834 13
2835 14
2836 12
2837 13
2838 14
2839 15
2840 13
2841 14
2842 15
2843 16
2844 14
2845 15
2846 16
2847 17
2848 12
2849 13
2850 14
2851 15
2852 13
2853 14
2854 15
2855 16
2856 14
2857 15
2858 16
2859 17
2860 15
2861 16
2862 17
2863 18
2864 13
2865 14
2866 15
2867 16
2868 14
2869 15
2870 16
2871 17
2872 15
2873 16
2874 17
2875 18
2876 16
2877 17
2878 18
2879 19
2880 11
2881 12
2882 13
2883 14
2884 12
2885 13
2886 14
2887 15
2888 13
2889 14
2890 15
2891 16
2892 14
2893 15
2894 16
2895 17
2896 12
2897 13
2898 14
2899 15
2900 13
2901 14
2902 15
2903 16
2904 14
2905 15
2906 16
2907 17
2908 15
2909 16
2910 17
2911 18
2912 13
2913 14
2914 15
2915 16
2916 14
2917 15
2918 16
2919 17
2920 15
2921 16
2922 17
2923 18
2924 16
2925 17
2926 18
2927 19
2928 14
2929 15
2930 16
2931 17
2932 15
2933 16
2934 17
2935 18
2936 16
2937 17
2938 18
2939 19
2940 17
2941 18
2942 19
2943 20
2944 12
2945 13
2946 14
2947 15
2948 13
2949 14
2950 15
2951 16
2952 14
2953 15
2954 16
2955 17
2956 15
2957 16
2958 17
2959 18
2960 13
2961 14
2962 15
2963 16
2964 14
2965 15
2966 16
2967 17
2968 15
2969 16
2970 17
2971 18
2972 16
2973 17
2974 18
2975 19
2976 14
2977 15
2978 16
2979 17
2980 15
2981 16
2982 17
2983 18
2984 16
2985 17
2986 18
2987 19
2988 17
2989 18
2990 19
2991 20
2992 15
2993 16
2994 17
2995 18
2996 16
2997 17
2998 18
2999 19
3000 17
3001 18
3002 19
3003 20
3004 18
3005 19
3006 20
3007 21
3008 13
3009 14
3010 15
3011 16
3012 14
3013 15
3014 16
3015 17
3016 15
3017 16
3018 17
3019 18
3020 16
3021 17
3022 18
3023 19
3024 14
3025 15
3026 16
3027 17
3028 15
3029 16
3030 17
3031 18
3032 16
3033 17
3034 18
3035 19
3036 17
3037 18
3038 19
3039 20
3040 15
3041 16
3042 17
3043 18
3044 16
3045 17
3046 18
3047 19
3048 17
3049 18
3050 19
3051 20
3052 18
3053 19
3054 20
3055 21
3056 16
3057 17
3058 18
3059 19
3060 17
3061 18
3062 19
3063 20
3064 18
3065 19
3066 20
3067 21
3068 19
3069 20
3070 21
3071 22
3072 8
3073 9
3074 10
3075 11
3076 9
3077 10
3078 11
3079 12
3080 10
3081 11
3082 12
3083 13
3084 11
3085 12
3086 13
3087 14
3088 9
3089 10
3090 11
3091 12
3092 10
3093 11
3094 12
3095 13
3096 11
3097 12
3098 13
3099 14
3100 12
3101 13
3102 14
3103 15
3104 10
3105 11
3106 12
3107 13
3108 11
3109 12
3110 13
3111 14
3112 12
3113 13
3114 14
3115 15
3116 13
3117 14
3118 15
3119 16
3120 11
3121 12
3122 13
3123 14
3124 12
3125 13
3126 14
3127 15
3128 13
3129 14
3130 15
3131 16
3132 14
3133 15
3134 16
3135 17
3136 9
3137 10
3138 11
3139 12
3140 10
3141 11
3142 12
3143 13
3144 11
3145 12
3146 13
3147 14
3148 12
3149 13
3150 14
3151 15
3152 10
3153 11
3154 12
3155 13
3156 11
3157 12
3158 13
3159 14
3160 12
3161 13
3162 14
3163 15
3164 13
3165 14
3166 15
3167 16
3168 11
3169 12
3170 13
3171 14
3172 12
3173 13
3174 14
3175 15
3176 13
3177 14
3178 15
3179 16
3180 14
3181 15
3182 16
3183 17
3184 12
3185 13
3186 14
3187 15
3188 13
3189 14
3190 15
3191 16
3192 14
3193 15
3194 16
3195 17
3196 15
3197 16
3198 17
3199 18
3200 10
3201 11
3202 12
3203 13
3204 11
3205 12
3206 13
3207 14
3208 12
3209 13
3210 14
3211 15
3212 13
3213 14
3214 15
3215 16
3216 11
3217 12
3218 13
3219 14
3220 12
3221 13
3222 14
3223 15
3224 13
3225 14
3226 15
3227 16
3228 14
3229 15
3230 16
3231 17
3232 12
3233 13
3234 14
3235 15
3236 13
3237 14
3238 15
3239 16
3240 14
3241 15
3242 16
3243 17
3244 15
3245 16
3246 17
3247 18
3248 13
3249 14
3250 15
3251 16
3252 14
3253 15
3254 16
3255 17
3256 15
3257 16
3258 17
3259 18
3260 16
3261 17
3262 18
3263 19
3264 11
3265 12
3266 13
3267 14
3268 12
3269 13
3270 14
3271 15
3272 13
3273 14
3274 15
3275 16
3276 14
3277 15
3278 16
3279 17
3280 12
3281 13
3282 14
3283 15
3284 13
3285 14
3286 15
3287 16
3288 14
3289 15
3290 16
3291 17
3292 15
3293 16
3294 17
3295 18
3296 13
3297 14
3298 15
3299 16
3300 14
3301 15
3302 16
3303 17
3304 15
3305 16
3306 17
3307 18
3308 16
3309 17
3310 18
3311 19
3312 14
3313 15
3314 16
3315 17
3316 15
3317 16
3318 17
3319 18
3320 16
3321 17
3322 18
3323 19
3324 17
3325 18
3326 19
3327 20
3328 9
3329 10
3330 11
3331 12
3332 10
3333 11
3334 12
3335 13
3336 11
3337 12
3338 13
3339 14
3340 12
3341 13
3342 14
3343 15
3344 10
3345 11
3346 12
3347 13
3348 11
3349 12
3350 13
3351 14
3352 12
3353 13
3354 14
3355 15
3356 13
3357 14
3358 15
3359 16
3360 11
3361 12
3362 13
3363 14
3364 12
3365 13
3366 14
3367 15
3368 13
3369 14
3370 15
3371 16
3372 14
3373 15
3374 16
3375 17
3376 12
3377 13
3378 14
3379 15
3380 13
3381 14
3382 15
3383 16
3384 14
3385 15
3386 16
3387 17
3388 15
3389 16
3390 17
3391 18
3392 10
3393 11
3394 12
3395 13
3396 11
3397 12
3398 13
3399 14
3400 12
3401 13
3402 14
3403 15
3404 13
3405 14
3406 15
3407 16
3408 11
3409 12
3410 13
3411 14
3412 12
3413 13
3414 14
3415 15
3416 13
3417 14
3418 15
3419 16
3420 14
3421 15
3422 16
3423 17
3424 12
3425 13
3426 14
3427 15
3428 13
3429 14
3430 15
3431 16
3432 14
3433 15
3434 16
3435 17
3436 15
3437 16
3438 17
3439 18
3440 13
3441 14
3442 15
3443 16
3444 14
3445 15
3446 16
3447 17
3448 15
3449 16
3450 17
3451 18
3452 16
3453 17
3454 18
3455 19
3456 11
3457 12
3458 13
3459 14
3460 12
3461 13
3462 14
3463 15
3464 13
3465 14
3466 15
3467 16
3468 14
3469 15
3470 16
3471 17
3472 12
3473 13
3474 14
3475 15
3476 13
3477 14
3478 15
3479 16
3480 14
3481 15
3482 16
3483 17
3484 15
3485 16
3486 17
3487 18
3488 13
3489 14
3490 15
3491 16
3492 14
3493 15
3494 16
3495 17
3496 15
3497 16
3498 17
3499 18
3500 16
3501 17
3502 18
3503 19
3504 14
3505 15
3506 16
3507 17
3508 15
3509 16
3510 17
3511 18
3512 16
3513 17
3514 18
3515 19
3516 17
3517 18
3518 19
3519 20
3520 12
3521 13
3522 14
3523 15
3524 13
3525 14
3526 15
3527 16
3528 14
3529 15
3530 16
3531 17
3532 15
3533 16
3534 17
3535 18
3536 13
3537 14
3538 15
3539 16
3540 14
3541 15
3542 16
3543 17
3544 15
3545 16
3546 17
3547 18
3548 16
3549 17
3550 18
3551 19
3552 14
3553 15
3554 16
3555 17
3556 15
3557 16
3558 17
3559 18
3560 16
3561 17
3562 18
3563 19
3564 17
3565 18
3566 19
3567 20
3568 15
3569 16
3570 17
3571 18
3572 16
3573 17
3574 18
3575 19
3576 17
3577 18
3578 19
3579 20
3580 18
3581 19
3582 20
3583 21
3584 10
3585 11
3586 12
3587 13
3588 11
3589 12
3590 13
3591 14
3592 12
3593 13
3594 14
3595 15
3596 13
3597 14
3598 15
3599 16
3600 11
3601 12
3602 13
3603 14
3604 12
3605 13
3606 14
3607 15
3608 13
3609 14
3610 15
3611 16
3612 14
3613 15
3614 16
3615 17
3616 12
3617 13
3618 14
3619 15
3620 13
3621 14
3622 15
3623 16
3624 14
3625 15
3626 16
3627 17
3628 15
3629 16
3630 17
3631 18
3632 13
3633 14
3634 15
3635 16
3636 14
3637 15
3638 16
3639 17
3640 15
3641 16
3642 17
3643 18
3644 16
3645 17
3646 18
3647 19
3648 11
3649 12
3650 13
3651 14
3652 12
3653 13
3654 14
3655 15
3656 13
3657 14
3658 15
3659 16
3660 14
3661 15
3662 16
3663 17
3664 12
3665 13
3666 14
3667 15
3668 13
3669 14
3670 15
3671 16
3672 14
3673 15
3674 16
3675 17
3676 15
3677 16
3678 17
3679 18
3680 13
3681 14
3682 15
3683 16
3684 14
3685 15
3686 16
3687 17
3688 15
3689 16
3690 17
3691 18
3692 16
3693 17
3694 18
3695 19
3696 14
3697 15
3698 16
3699 17
3700 15
3701 16
3702 17
3703 18
3704 16
3705 17
3706 18
3707 19
3708 17
3709 18
3710 19
3711 20
3712 12
3713 13
3714 14
3715 15
3716 13
3717 14
3718 15
3719 16
3720 14
3721 15
3722 16
3723 17
3724 15
3725 16
3726 17
3727 18
3728 13
3729 14
3730 15
3731 16
3732 14
3733 15
3734 16
3735 17
3736 15
3737 16
3738 17
3739 18
3740 16
3741 17
3742 18
3743 19
3744 14
3745 15
3746 16
3747 17
3748 15
3749 16
3750 17
3751 18
3752 16
3753 17
3754 18
3755 19
3756 17
3757 18
3758 19
3759 20
3760 15
3761 16
3762 17
3763 18
3764 16
3765 17
3766 18
3767 19
3768 17
3769 18
3770 19
3771 20
3772 18
3773 19
3774 20
3775 21
3776 13
3777 14
3778 15
3779 16
3780 14
3781 15
3782 16
3783 17
3784 15
3785 16
3786 17
3787 18
3788 16
3789 17
3790 18
3791 19
3792 14
3793 15
3794 16
3795 17
3796 15
3797 16
3798 17
3799 18
3800 16
3801 17
3802 18
3803 19
3804 17
3805 18
3806 19
3807 20
3808 15
3809 16
3810 17
3811 18
3812 16
3813 17
3814 18
3815 19
3816 17
3817 18
3818 19
3819 20
3820 18
3821 19
3822 20
3823 21
3824 16
3825 17
3826 18
3827 19
3828 17
3829 18
3830 19
3831 20
3832 18
3833 19
3834 20
3835 21
3836 19
3837 20
3838 21
3839 22
3840 11
3841 12
3842 13
3843 14
3844 12
3845 13
3846 14
3847 15
3848 13
3849 14
3850 15
3851 16
3852 14
3853 15
3854 16
3855 17
3856 12
3857 13
3858 14
3859 15
3860 13
3861 14
3862 15
3863 16
3864 14
3865 15
3866 16
3867 17
3868 15
3869 16
3870 17
3871 18
3872 13
3873 14
3874 15
3875 16
3876 14
3877 15
3878 16
3879 17
3880 15
3881 16
3882 17
3883 18
3884 16
3885 17
3886 18
3887 19
3888 14
3889 15
3890 16
3891 17
3892 15
3893 16
3894 17
3895 18
3896 16
3897 17
3898 18
3899 19
3900 17
3901 18
3902 19
3903 20
3904 12
3905 13
3906 14
3907 15
3908 13
3909 14
3910 15
3911 16
3912 14
3913 15
3914 16
3915 17
3916 15
3917 16
3918 17
3919 18
3920 13
3921 14
3922 15
3923 16
3924 14
3925 15
3926 16
3927 17
3928 15
3929 16
3930 17
3931 18
3932 16
3933 17
3934 18
3935 19
3936 14
3937 15
3938 16
3939 17
3940 15
3941 16
3942 17
3943 18
3944 16
3945 17
3946 18
3947 19
3948 17
3949 18
3950 19
3951 20
3952 15
3953 16
3954 17
3955 18
3956 16
3957 17
3958 18
3959 19
3960 17
3961 18
3962 19
3963 20
3964 18
3965 19
3966 20
3967 21
3968 13
3969 14
3970 15
3971 16
3972 14
3973 15
3974 16
3975 17
3976 15
3977 16
3978 17
3979 18
3980 16
3981 17
3982 18
3983 19
3984 14
3985 15
3986 16
3987 17
3988 15
3989 16
3990 17
3991 18
3992 16
3993 17
3994 18
3995 19
3996 17
3997 18
3998 19
3999 20
4000 15
4001 16
4002 17
4003 18
4004 16
4005 17
4006 18
4007 19
4008 17
4009 18
4010 19
4011 20
4012 18
4013 19
4014 20
4015 21
4016 16
4017 17
4018 18
4019 19
4020 17
4021 18
4022 19
4023 20
4024 18
4025 19
4026 20
4027 21
4028 19
4029 20
4030 21
4031 22
4032 14
4033 15
4034 16
4035 17
4036 15
4037 16
4038 17
4039 18
4040 16
4041 17
4042 18
4043 19
4044 17
4045 18
4046 19
4047 20
4048 15
4049 16
4050 17
4051 18
4052 16
4053 17
4054 18
4055 19
4056 17
4057 18
4058 19
4059 20
4060 18
4061 19
4062 20
4063 21
4064 16
4065 17
4066 18
4067 19
4068 17
4069 18
4070 19
4071 20
4072 18
4073 19
4074 20
4075 21
4076 19
4077 20
4078 21
4079 22
4080 17
4081 18
4082 19
4083 20
4084 18
4085 19
4086 20
4087 21
4088 19
4089 20
4090 21
4091 22
4092 20
4093 21
4094 22
4095 23
4096 7
4097 8
4098 9
4099 10
4100 8
4101 9
4102 10
4103 11
4104 9
4105 10
4106 11
4107 12
4108 10
4109 11
4110 12
4111 13
4112 8
4113 9
4114 10
4115 11
4116 9
4117 10
4118 11
4119 12
4120 10
4121 11
4122 12
4123 13
4124 11
4125 12
4126 13
4127 14
4128 9
4129 10
4130 11
4131 12
4132 10
4133 11
4134 12
4135 13
4136 11
4137 12
4138 13
4139 14
4140 12
4141 13
4142 14
4143 15
4144 10
4145 11
4146 12
4147 13
4148 11
4149 12
4150 13
4151 14
4152 12
4153 13
4154 14
4155 15
4156 13
4157 14
4158 15
4159 16
4160 8
4161 9
4162 10
4163 11
4164 9
4165 10
4166 11
4167 12
4168 10
4169 11
4170 12
4171 13
4172 11
4173 12
4174 13
4175 14
4176 9
4177 10
4178 11
4179 12
4180 10
4181 11
4182 12
4183 13
4184 11
4185 12
4186 13
4187 14
4188 12
4189 13
4190 14
4191 15
4192 10
4193 11
4194 12
4195 13
4196 11
4197 12
4198 13
4199 14
4200 12
4201 13
4202 14
4203 15
4204 13
4205 14
4206 15
4207 16
4208 11
4209 12
4210 13
4211 14
4212 12
4213 13
4214 14
4215 15
4216 13
4217 14
4218 15
4219 16
4220 14
4221 15
4222 16
4223 17
4224 9
4225 10
4226 11
4227 12
4228 10
4229 11
4230 12
4231 13
4232 11
4233 12
4234 13
4235 14
4236 12
4237 13
4238 14
4239 15
4240 10
4241 11
4242 12
4243 13
4244 11
4245 12
4246 13
4247 14
4248 12
4249 13
4250 14
4251 15
4252 13
4253 14
4254 15
4255 16
4256 11
4257 12
4258 13
4259 14
4260 12
4261 13
4262 14
4263 15
4264 13
4265 14
4266 15
4267 16
4268 14
4269 15
4270 16
4271 17
4272 12
4273 13
4274 14
4275 15
4276 13
4277 14
4278 15
4279 16
4280 14
4281 15
4282 16
4283 17
4284 15
4285 16
4286 17
4287 18
4288 10
4289 11
4290 12
4291 13
4292 11
4293 12
4294 13
4295 14
4296 12
4297 13
4298 14
4299 15
4300 13
4301 14
4302 15
4303 16
4304 11
4305 12
4306 13
4307 14
4308 12
4309 13
4310 14
4311 15
4312 13
4313 14
4314 15
4315 16
4316 14
4317 15
4318 16
4319 17
4320 12
4321 13
4322 14
4323 15
4324 13
4325 14
4326 15
4327 16
4328 14
4329 15
4330 16
4331 17
4332 15
4333 16
4334 17
4335 18
4336 13
4337 14
4338 15
4339 16
4340 14
4341 15
4342 16
4343 17
4344 15
4345 16
4346 17
4347 18
4348 16
4349 17
4350 18
4351 19
4352 8
4353 9
4354 10
4355 11
4356 9
4357 10
4358 11
4359 12
4360 10
4361 11
4362 12
4363 13
4364 11
4365 12
4366 13
4367 14
4368 9
4369 10
4370 11
4371 12
4372 10
4373 11
4374 12
4375 13
4376 11
4377 12
4378 13
4379 14
4380 12
4381 13
4382 14
4383 15
4384 10
4385 11
4386 12
4387 13
4388 11
4389 12
4390 13
4391 14
4392 12
4393 13
4394 14
4395 15
4396 13
4397 14
4398 15
4399 16
4400 11
4401 12
4402 13
4403 14
4404 12
4405 13
4406 14
4407 15
4408 13
4409 14
4410 15
4411 16
4412 14
4413 15
4414 16
4415 17
4416 9
4417 10
4418 11
4419 12
4420 10
4421 11
4422 12
4423 13
4424 11
4425 12
4426 13
4427 14
4428 12
4429 13
4430 14
4431 15
4432 10
4433 11
4434 12
4435 13
4436 11
4437 12
4438 13
4439 14
4440 12
4441 13
4442 14
4443 15
4444 13
4445 14
4446 15
4447 16
4448 11
4449 12
4450 13
4451 14
4452 12
4453 13
4454 14
4455 15
4456 13
4457 14
4458 15
4459 16
4460 14
4461 15
4462 16
4463 17
4464 12
4465 13
4466 14
4467 15
4468 13
4469 14
4470 15
4471 16
4472 14
4473 15
4474 16
4475 17
4476 15
4477 16
4478 17
4479 18
4480 10
4481 11
4482 12
4483 13
4484 11
4485 12
4486 13
4487 14
4488 12
4489 13
4490 14
4491 15
4492 13
4493 14
4494 15
4495 16
4496 11
4497 12
4498 13
4499 14
4500 12
4501 13
4502 14
4503 15
4504 13
4505 14
4506 15
4507 16
4508 14
4509 15
4510 16
4511 17
4512 12
4513 13
4514 14
4515 15
4516 13
4517 14
4518 15
4519 16
4520 14
4521 15
4522 16
4523 17
4524 15
4525 16
4526 17
4527 18
4528 13
4529 14
4530 15
4531 16
4532 14
4533 15
4534 16
4535 17
4536 15
4537 16
4538 17
4539 18
4540 16
4541 17
4542 18
4543 19
4544 11
4545 12
4546 13
4547 14
4548 12
4549 13
4550 14
4551 15
4552 13
4553 14
4554 15
4555 16
4556 14
4557 15
4558 16
4559 17
4560 12
4561 13
4562 14
4563 15
4564 13
4565 14
4566 15
4567 16
4568 14
4569 15
4570 16
4571 17
4572 15
4573 16
4574 17
4575 18
4576 13
4577 14
4578 15
4579 16
4580 14
4581 15
4582 16
4583 17
4584 15
4585 16
4586 17
4587 18
4588 16
4589 17
4590 18
4591 19
4592 14
4593 15
4594 16
4595 17
4596 15
4597 16
4598 17
4599 18
4600 16
4601 17
4602 18
4603 19
4604 17
4605 18
4606 19
4607 20
4608 9
4609 10
4610 11
4611 12
4612 10
4613 11
4614 12
4615 13
4616 11
4617 12
4618 13
4619 14
4620 12
4621 13
4622 14
4623 15
4624 10
4625 11
4626 12
4627 13
4628 11
4629 12
4630 13
4631 14
4632 12
4633 13
4634 14
4635 15
4636 13
4637 14
4638 15
4639 16
4640 11
4641 12
4642 13
4643 14
4644 12
4645 13
4646 14
4647 15
4648 13
4649 14
4650 15
4651 16
4652 14
4653 15
4654 16
4655 17
4656 12
4657 13
4658 14
4659 15
4660 13
4661 14
4662 15
4663 16
4664 14
4665 15
4666 16
4667 17
4668 15
4669 16
4670 17
4671 18
4672 10
4673 11
4674 12
4675 13
4676 11
4677 12
4678 13
4679 14
4680 12
4681 13
4682 14
4683 15
4684 13
4685 14
4686 15
4687 16
4688 11
4689 12
4690 13
4691 14
4692 12
4693 13
4694 14
4695 15
4696 13
4697 14
4698 15
4699 16
4700 14
4701 15
4702 16
4703 17
4704 12
4705 13
4706 14
4707 15
4708 13
4709 14
4710 15
4711 16
4712 14
4713 15
4714 16
4715 17
4716 15
4717 16
4718 17
4719 18
4720 13
4721 14
4722 15
4723 16
4724 14
4725 15
4726 16
4727 17
4728 15
4729 16
4730 17
4731 18
4732 16
4733 17
4734 18
4735 19
4736 11
4737 12
4738 13
4739 14
4740 12
4741 13
4742 14
4743 15
4744 13
4745 14
4746 15
4747 16
4748 14
4749 15
4750 16
4751 17
4752 12
4753 13
4754 14
4755 15
4756 13
4757 14
4758 15
4759 16
4760 14
4761 15
4762 16
4763 17
4764 15
4765 16
4766 17
4767 18
4768 13
4769 14
4770 15
4771 16
4772 14
4773 15
4774 16
4775 17
4776 15
4777 16
4778 17
4779 18
4780 16
4781 17
4782 18
4783 19
4784 14
4785 15
4786 16
4787 17
4788 15
4789 16
4790 17
4791 18
4792 16
4793 17
4794 18
4795 19
4796 17
4797 18
4798 19
4799 20
4800 12
4801 13
4802 14
4803 15
4804 13
4805 14
4806 15
4807 16
4808 14
4809 15
4810 16
4811 17
4812 15
4813 16
4814 17
4815 18
4816 13
4817 14
4818 15
4819 16
4820 14
4821 15
4822 16
4823 17
4824 15
4825 16
4826 17
4827 18
4828 16
4829 17
4830 18
4831 19
4832 14
4833 15
4834 16
4835 17
4836 15
4837 16
4838 17
4839 18
4840 16
4841 17
4842 18
4843 19
4844 17
4845 18
4846 19
4847 20
4848 15
4849 16
4850 17
4851 18
4852 16
4853 17
4854 18
4855 19
4856 17
4857 18
4858 19
4859 20
4860 18
4861 19
4862 20
4863 21
4864 10
4865 11
4866 12
4867 13
4868 11
4869 12
4870 13
4871 14
4872 12
4873 13
4874 14
4875 15
4876 13
4877 14
4878 15
4879 16
4880 11
4881 12
4882 13
4883 14
4884 12
4885 13
4886 14
4887 15
4888 13
4889 14
4890 15
4891 16
4892 14
4893 15
4894 16
4895 17
4896 12
4897 13
4898 14
4899 15
4900 13
4901 14
4902 15
4903 16
4904 14
4905 15
4906 16
4907 17
4908 15
4909 16
4910 17
4911 18
4912 13
4913 14
4914 15
4915 16
4916 14
4917 15
4918 16
4919 17
4920 15
4921 16
4922 17
4923 18
4924 16
4925 17
4926 18
4927 19
4928 11
4929 12
4930 13
4931 14
4932 12
4933 13
4934 14
4935 15
4936 13
4937 14
4938 15
4939 16
4940 14
4941 15
4942 16
4943 17
4944 12
4945 13
4946 14
4947 15
4948 13
4949 14
4950 15
4951 16
4952 14
4953 15
4954 16
4955 17
4956 15
4957 16
4958 17
4959 18
4960 13
4961 14
4962 15
4963 16
4964 14
4965 15
4966 16
4967 17
4968 15
4969 16
4970 17
4971 18
4972 16
4973 17
4974 18
4975 19
4976 14
4977 15
4978 16
4979 17
4980 15
4981 16
4982 17
4983 18
4984 16
4985 17
4986 18
4987 19
4988 17
4989 18
4990 19
4991 20
4992 12
4993 13
4994 14
4995 15
4996 13
4997 14
4998 15
4999 16
5000 14
5001 15
5002 16
5003 17
5004 15
5005 16
5006 17
5007 18
5008 13
5009 14
5010 15
5011 16
5012 14
5013 15
5014 16
5015 17
5016 15
5017 16
5018 17
5019 18
5020 16
5021 17
5022 18
5023 19
5024 14
5025 15
5026 16
5027 17
5028 15
5029 16
5030 17
5031 18
5032 16
5033 17
5034 18
5035 19
5036 17
5037 18
5038 19
5039 20
5040 15
5041 16
5042 17
5043 18
5044 16
5045 17
5046 18
5047 19
5048 17
5049 18
5050 19
5051 20
5052 18
5053 19
5054 20
5055 21
5056 13
5057 14
5058 15
5059 16
5060 14
5061 15
5062 16
5063 17
5064 15
5065 16
5066 17
5067 18
5068 16
5069 17
5070 18
5071 19
5072 14
5073 15
5074 16
5075 17
5076 15
5077 16
5078 17
5079 18
5080 16
5081 17
5082 18
5083 19
5084 17
5085 18
5086 19
5087 20
5088 15
5089 16
5090 17
5091 18
5092 16
5093 17
5094 18
5095 19
5096 17
5097 18
5098 19
5099 20
5100 18
5101 19
5102 20
5103 21
5104 16
5105 17
5106 18
5107 19
5108 17
5109 18
5110 19
5111 20
5112 18
5113 19
5114 20
5115 21
5116 19
5117 20
5118 21
5119 22
5120 8
5121 9
5122 10
5123 11
5124 9
5125 10
5126 11
5127 12
5128 10
5129 11
5130 12
5131 13
5132 11
5133 12
5134 13
5135 14
5136 9
5137 10
5138 11
5139 12
5140 10
5141 11
5142 12
5143 13
5144 11
5145 12
5146 13
5147 14
5148 12
5149 13
5150 14
5151 15
5152 10
5153 11
5154 12
5155 13
5156 11
5157 12
5158 13
5159 14
5160 12
5161 13
5162 14
5163 15
5164 13
5165 14
5166 15
5167 16
5168 11
5169 12
5170 13
5171 14
5172 12
5173 13
5174 14
5175 15
5176 13
5177 14
5178 15
5179 16
5180 14
5181 15
5182 16
5183 17
5184 9
5185 10
5186 11
5187 12
5188 10
5189 11
5190 12
5191 13
5192 11
5193 12
5194 13
5195 14
5196 12
5197 13
5198 14
5199 15
5200 10
5201 11
5202 12
5203 13
5204 11
5205 12
5206 13
5207 14
5208 12
5209 13
5210 14
5211 15
5212 13
5213 14
5214 15
5215 16
5216 11
5217 12
5218 13
5219 14
5220 12
5221 13
5222 14
5223 15
5224 13
5225 14
5226 15
5227 16
5228 14
5229 15
5230 16
5231 17
5232 12
5233 13
5234 14
5235 15
5236 13
5237 14
5238 15
5239 16
5240 14
5241 15
5242 16
5243 17
5244 15
5245 16
5246 17
5247 18
5248 10
5249 11
5250 12
5251 13
5252 11
5253 12
5254 13
5255 14
5256 12
5257 13
5258 14
5259 15
5260 13
5261 14
5262 15
5263 16
5264 11
5265 12
5266 13
5267 14
5268 12
5269 13
5270 14
5271 15
5272 13
5273 14
5274 15
5275 16
5276 14
5277 15
5278 16
5279 17
5280 12
5281 13
5282 14
5283 15
5284 13
5285 14
5286 15
5287 16
5288 14
5289 15
5290 16
5291 17
5292 15
5293 16
5294 17
5295 18
5296 13
5297 14
5298 15
5299 16
5300 14
5301 15
5302 16
5303 17
5304 15
5305 16
5306 17
5307 18
5308 16
5309 17
5310 18
5311 19
5312 11
5313 12
5314 13
5315 14
5316 12
5317 13
5318 14
5319 15
5320 13
5321 14
5322 15
5323 16
5324 14
5325 15
5326 16
5327 17
5328 12
5329 13
5330 14
5331 15
5332 13
5333 14
5334 15
5335 16
5336 14
5337 15
5338 16
5339 17
5340 15
5341 16
5342 17
5343 18
5344 13
5345 14
5346 15
5347 16
5348 14
5349 15
5350 16
5351 17
5352 15
5353 16
5354 17
5355 18
5356 16
5357 17
5358 18
5359 19
5360 14
5361 15
5362 16
5363 17
5364 15
5365 16
5366 17
5367 18
5368 16
5369 17
5370 18
5371 19
5372 17
5373 18
5374 19
5375 20
5376 9
5377 10
5378 11
5379 12
5380 10
5381 11
5382 12
5383 13
5384 11
5385 12
5386 13
5387 14
5388 12
5389 13
5390 14
5391 15
5392 10
5393 11
5394 12
5395 13
5396 11
5397 12
5398 13
5399 14
5400 12
5401 13
5402 14
5403 15
5404 13
5405 14
5406 15
5407 16
5408 11
5409 12
5410 13
5411 14
5412 12
5413 13
5414 14
5415 15
5416 13
5417 14
5418 15
5419 16
5420 14
5421 15
5422 16
5423 17
5424 12
5425 13
5426 14
5427 15
5428 13
5429 14
5430 15
5431 16
5432 14
5433 15
5434 16
5435 17
5436 15
5437 16
5438 17
5439 18
5440 10
5441 11
5442 12
5443 13
5444 11
5445 12
5446 13
5447 14
5448 12
5449 13
5450 14
5451 15
5452 13
5453 14
5454 15
5455 16
5456 11
5457 12
5458 13
5459 14
5460 12
5461 13
5462 14
5463 15
5464 13
5465 14
5466 15
5467 16
5468 14
5469 15
5470 16
5471 17
5472 12
5473 13
5474 14
5475 15
5476 13
5477 14
5478 15
5479 16
5480 14
5481 15
5482 16
5483 17
5484 15
5485 16
5486 17
5487 18
5488 13
5489 14
5490 15
5491 16
5492 14
5493 15
5494 16
5495 17
5496 15
5497 16
5498 17
5499 18
5500 16
5501 17
5502 18
5503 19
5504 11
5505 12
5506 13
5507 14
5508 12
5509 13
5510 14
5511 15
5512 13
5513 14
5514 15
5515 16
5516 14
5517 15
5518 16
5519 17
5520 12
5521 13
5522 14
5523 15
5524 13
5525 14
5526 15
5527 16
5528 14
5529 15
5530 16
5531 17
5532 15
5533 16
5534 17
5535 18
5536 13
5537 14
5538 15
5539 16
5540 14
5541 15
5542 16
5543 17
5544 15
5545 16
5546 17
5547 18
5548 16
5549 17
5550 18
5551 19
5552 14
5553 15
5554 16
5555 17
5556 15
5557 16
5558 17
5559 18
5560 16
5561 17
5562 18
5563 19
5564 17
5565 18
5566 19
5567 20
5568 12
5569 13
5570 14
5571 15
5572 13
5573 14
5574 15
5575 16
5576 14
5577 15
5578 16
5579 17
5580 15
5581 16
5582 17
5583 18
5584 13
5585 14
5586 15
5587 16
5588 14
5589 15
5590 16
5591 17
5592 15
5593 16
5594 17
5595 18
5596 16
5597 17
5598 18
5599 19
5600 14
5601 15
5602 16
5603 17
5604 15
5605 16
5606 17
5607 18
5608 16
5609 17
5610 18
5611 19
5612 17
5613 18
5614 19
5615 20
5616 15
5617 16
5618 17
5619 18
5620 16
5621 17
5622 18
5623 19
5624 17
5625 18
5626 19
5627 20
5628 18
5629 19
5630 20
5631 21
5632 10
5633 11
5634 12
5635 13
5636 11
5637 12
5638 13
5639 14
5640 12
5641 13
5642 14
5643 15
5644 13
5645 14
5646 15
5647 16
5648 11
5649 12
5650 13
5651 14
5652 12
5653 13
5654 14
5655 15
5656 13
5657 14
5658 15
5659 16
5660 14
5661 15
5662 16
5663 17
5664 12
5665 13
5666 14
5667 15
5668 13
5669 14
5670 15
5671 16
5672 14
5673 15
5674 16
5675 17
5676 15
5677 16
5678 17
5679 18
5680 13
5681 14
5682 15
5683 16
5684 14
5685 15
5686 16
5687 17
5688 15
5689 16
5690 17
5691 18
5692 16
5693 17
5694 18
5695 19
5696 11
5697 12
5698 13
5699 14
5700 12
5701 13
5702 14
5703 15
5704 13
5705 14
5706 15
5707 16
5708 14
5709 15
5710 16
5711 17
5712 12
5713 13
5714 14
5715 15
5716 13
5717 14
5718 15
5719 16
5720 14
5721 15
5722 16
5723 17
5724 15
5725 16
5726 17
5727 18
5728 13
5729 14
5730 15
5731 16
5732 14
5733 15
5734 16
5735 17
5736 15
5737 16
5738 17
5739 18
5740 16
5741 17
5742 18
5743 19
5744 14
5745 15
5746 16
5747 17
5748 15
5749 16
5750 17
5751 18
5752 16
5753 17
5754 18
5755 19
5756 17
5757 18
5758 19
5759 20
5760 12
5761 13
5762 14
5763 15
5764 13
5765 14
5766 15
5767 16
5768 14
5769 15
5770 16
5771 17
5772 15
5773 16
5774 17
5775 18
5776 13
5777 14
5778 15
5779 16
5780 14
5781 15
5782 16
5783 17
5784 15
5785 16
5786 17
5787 18
5788 16
5789 17
5790 18
5791 19
5792 14
5793 15
5794 16
5795 17
5796 15
5797 16
5798 17
5799 18
5800 16
5801 17
5802 18
5803 19
5804 17
5805 18
5806 19
5807 20
5808 15
5809 16
5810 17
5811 18
5812 16
5813 17
5814 18
5815 19
5816 17
5817 18
5818 19
5819 20
5820 18
5821 19
5822 20
5823 21
5824 13
5825 14
5826 15
5827 16
5828 14
5829 15
5830 16
5831 17
5832 15
5833 16
5834 17
5835 18
5836 16
5837 17
5838 18
5839 19
5840 14
5841 15
5842 16
5843 17
5844 15
5845 16
5846 17
5847 18
5848 16
5849 17
5850 18
5851 19
5852 17
5853 18
5854 19
5855 20
5856 15
5857 16
5858 17
5859 18
5860 16
5861 17
5862 18
5863 19
5864 17
5865 18
5866 19
5867 20
5868 18
5869 19
5870 20
5871 21
5872 16
5873 17
5874 18
5875 19
5876 17
5877 18
5878 19
5879 20
5880 18
5881 19
5882 20
5883 21
5884 19
5885 20
5886 21
5887 22
5888 11
5889 12
5890 13
5891 14
5892 12
5893 13
5894 14
5895 15
5896 13
5897 14
5898 15
5899 16
5900 14
5901 15
5902 16
5903 17
5904 12
5905 13
5906 14
5907 15
5908 13
5909 14
5910 15
5911 16
5912 14
5913 15
5914 16
5915 17
5916 15
5917 16
5918 17
5919 18
5920 13
5921 14
5922 15
5923 16
5924 14
5925 15
5926 16
5927 17
5928 15
5929 16
5930 17
5931 18
5932 16
5933 17
5934 18
5935 19
5936 14
5937 15
5938 16
5939 17
5940 15
5941 16
5942 17
5943 18
5944 16
5945 17
5946 18
5947 19
5948 17
5949 18
5950 19
5951 20
5952 12
5953 13
5954 14
5955 15
5956 13
5957 14
5958 15
5959 16
5960 14
5961 15
5962 16
5963 17
5964 15
5965 16
5966 17
5967 18
5968 13
5969 14
5970 15
5971 16
5972 14
5973 15
5974 16
5975 17
5976 15
5977 16
5978 17
5979 18
5980 16
5981 17
5982 18
5983 19
5984 14
5985 15
5986 16
5987 17
5988 15
5989 16
5990 17
5991 18
5992 16
5993 17
5994 18
5995 19
5996 17
5997 18
5998 19
5999 20
6000 15
6001 16
6002 17
6003 18
6004 16
6005 17
6006 18
6007 19
6008 17
6009 18
6010 19
6011 20
6012 18
6013 19
6014 20
6015 21
6016 13
6017 14
6018 15
6019 16
6020 14
6021 15
6022 16
6023 17
6024 15
6025 16
6026 17
6027 18
6028 16
6029 17
6030 18
6031 19
6032 14
6033 15
6034 16
6035 17
6036 15
6037 16
6038 17
6039 18
6040 16
6041 17
6042 18
6043 19
6044 17
6045 18
6046 19
6047 20
6048 15
6049 16
6050 17
6051 18
6052 16
6053 17
6054 18
6055 19
6056 17
6057 18
6058 19
6059 20
6060 18
6061 19
6062 20
6063 21
6064 16
6065 17
6066 18
6067 19
6068 17
6069 18
6070 19
6071 20
6072 18
6073 19
6074 20
6075 21
6076 19
6077 20
6078 21
6079 22
6080 14
6081 15
6082 16
6083 17
6084 15
6085 16
6086 17
6087 18
6088 16
6089 17
6090 18
6091 19
6092 17
6093 18
6094 19
6095 20
6096 15
6097 16
6098 17
6099 18
6100 16
6101 17
6102 18
6103 19
6104 17
6105 18
6106 19
6107 20
6108 18
6109 19
6110 20
6111 21
6112 16
6113 17
6114 18
6115 19
6116 17
6117 18
6118 19
6119 20
6120 18
6121 19
6122 20
6123 21
6124 19
6125 20
6126 21
6127 22
6128 17
6129 18
6130 19
6131 20
6132 18
6133 19
6134 20
6135 21
6136 19
6137 20
6138 21
6139 22
6140 20
6141 21
6142 22
6143 23
6144 9
6145 10
6146 11
6147 12
6148 10
6149 11
6150 12
6151 13
6152 11
6153 12
6154 13
6155 14
6156 12
6157 13
6158 14
6159 15
6160 10
6161 11
6162 12
6163 13
6164 11
6165 12
6166 13
6167 14
6168 12
6169 13
6170 14
6171 15
6172 13
6173 14
6174 15
6175 16
6176 11
6177 12
6178 13
6179 14
6180 12
6181 13
6182 14
6183 15
6184 13
6185 14
6186 15
6187 16
6188 14
6189 15
6190 16
6191 17
6192 12
6193 13
6194 14
6195 15
6196 13
6197 14
6198 15
6199 16
6200 14
6201 15
6202 16
6203 17
6204 15
6205 16
6206 17
6207 18
6208 10
6209 11
6210 12
6211 13
6212 11
6213 12
6214 13
6215 14
6216 12
6217 13
6218 14
6219 15
6220 13
6221 14
6222 15
6223 16
6224 11
6225 12
6226 13
6227 14
6228 12
6229 13
6230 14
6231 15
6232 13
6233 14
6234 15
6235 16
6236 14
6237 15
6238 16
6239 17
6240 12
6241 13
6242 14
6243 15
6244 13
6245 14
6246 15
6247 16
6248 14
6249 15
6250 16
6251 17
6252 15
6253 16
6254 17
6255 18
6256 13
6257 14
6258 15
6259 16
6260 14
6261 15
6262 16
6263 17
6264 15
6265 16
6266 17
6267 18
6268 16
6269 17
6270 18
6271 19
6272 11
6273 12
6274 13
6275 14
6276 12
6277 13
6278 14
6279 15
6280 13
6281 14
6282 15
6283 16
6284 14
6285 15
6286 16
6287 17
6288 12
6289 13
6290 14
6291 15
6292 13
6293 14
6294 15
6295 16
6296 14
6297 15
6298 16
6299 17
6300 15
6301 16
6302 17
6303 18
6304 13
6305 14
6306 15
6307 16
6308 14
6309 15
6310 16
6311 17
6312 15
6313 16
6314 17
6315 18
6316 16
6317 17
6318 18
6319 19
6320 14
6321 15
6322 16
6323 17
6324 15
6325 16
6326 17
6327 18
6328 16
6329 17
6330 18
6331 19
6332 17
6333 18
6334 19
6335 20
6336 12
6337 13
6338 14
6339 15
6340 13
6341 14
6342 15
6343 16
6344 14
6345 15
6346 16
6347 17
6348 15
6349 16
6350 17
6351 18
6352 13
6353 14
6354 15
6355 16
6356 14
6357 15
6358 16
6359 17
6360 15
6361 16
6362 17
6363 18
6364 16
6365 17
6366 18
6367 19
6368 14
6369 15
6370 16
6371 17
6372 15
6373 16
6374 17
6375 18
6376 16
6377 17
6378 18
6379 19
6380 17
6381 18
6382 19
6383 20
6384 15
6385 16
6386 17
6387 18
6388 16
6389 17
6390 18
6391 19
6392 17
6393 18
6394 19
6395 20
6396 18
6397 19
6398 20
6399 21
6400 10
6401 11
6402 12
6403 13
6404 11
6405 12
6406 13
6407 14
6408 12
6409 13
6410 14
6411 15
6412 13
6413 14
6414 15
6415 16
6416 11
6417 12
6418 13
6419 14
6420 12
6421 13
6422 14
6423 15
6424 13
6425 14
6426 15
6427 16
6428 14
6429 15
6430 16
6431 17
6432 12
6433 13
6434 14
6435 15
6436 13
6437 14
6438 15
6439 16
6440 14
6441 15
6442 16
6443 17
6444 15
6445 16
6446 17
6447 18
6448 13
6449 14
6450 15
6451 16
6452 14
6453 15
6454 16
6455 17
6456 15
6457 16
6458 17
6459 18
6460 16
6461 17
6462 18
6463 19
6464 11
6465 12
6466 13
6467 14
6468 12
6469 13
6470 14
6471 15
6472 13
6473 14
6474 15
6475 16
6476 14
6477 15
6478 16
6479 17
6480 12
6481 13
6482 14
6483 15
6484 13
6485 14
6486 15
6487 16
6488 14
6489 15
6490 16
6491 17
6492 15
6493 16
6494 17
6495 18
6496 13
6497 14
6498 15
6499 16
6500 14
6501 15
6502 16
6503 17
6504 15
6505 16
6506 17
6507 18
6508 16
6509 17
6510 18
6511 19
6512 14
6513 15
6514 16
6515 17
6516 15
6517 16
6518 17
6519 18
6520 16
6521 17
6522 18
6523 19
6524 17
6525 18
6526 19
6527 20
6528 12
6529 13
6530 14
6531 15
6532 13
6533 14
6534 15
6535 16
6536 14
6537 15
6538 16
6539 17
6540 15
6541 16
6542 17
6543 18
6544 13
6545 14
6546 15
6547 16
6548 14
6549 15
6550 16
6551 17
6552 15
6553 16
6554 17
6555 18
6556 16
6557 17
6558 18
6559 19
6560 14
6561 15
6562 16
6563 17
6564 15
6565 16
6566 17
6567 18
6568 16
6569 17
6570 18
6571 19
6572 17
6573 18
6574 19
6575 20
6576 15
6577 16
6578 17
6579 18
6580 16
6581 17
6582 18
6583 19
6584 17
6585 18
6586 19
6587 20
6588 18
6589 19
6590 20
6591 21
6592 13
6593 14
6594 15
6595 16
6596 14
6597 15
6598 16
6599 17
6600 15
6601 16
6602 17
6603 18
6604 16
6605 17
6606 18
6607 19
6608 14
6609 15
6610 16
6611 17
6612 15
6613 16
6614 17
6615 18
6616 16
6617 17
6618 18
6619 19
6620 17
6621 18
6622 19
6623 20
6624 15
6625 16
6626 17
6627 18
6628 16
6629 17
6630 18
6631 19
6632 17
6633 18
6634 19
6635 20
6636 18
6637 19
6638 20
6639 21
6640 16
6641 17
6642 18
6643 19
6644 17
6645 18
6646 19
6647 20
6648 18
6649 19
6650 20
6651 21
6652 19
6653 20
6654 21
6655 22
6656 11
6657 12
6658 13
6659 14
6660 12
6661 13
6662 14
6663 15
6664 13
6665 14
6666 15
6667 16
6668 14
6669 15
6670 16
6671 17
6672 12
6673 13
6674 14
6675 15
6676 13
6677 14
6678 15
6679 16
6680 14
6681 15
6682 16
6683 17
6684 15
6685 16
6686 17
6687 18
6688 13
6689 14
6690 15
6691 16
6692 14
6693 15
6694 16
6695 17
6696 15
6697 16
6698 17
6699 18
6700 16
6701 17
6702 18
6703 19
6704 14
6705 15
6706 16
6707 17
6708 15
6709 16
6710 17
6711 18
6712 16
6713 17
6714 18
6715 19
6716 17
6717 18
6718 19
6719 20
6720 12
6721 13
6722 14
6723 15
6724 13
6725 14
6726 15
6727 16
6728 14
6729 15
6730 16
6731 17
6732 15
6733 16
6734 17
6735 18
6736 13
6737 14
6738 15
6739 16
6740 14
6741 15
6742 16
6743 17
6744 15
6745 16
6746 17
6747 18
6748 16
6749 17
6750 18
6751 19
6752 14
6753 15
6754 16
6755 17
6756 15
6757 16
6758 17
6759 18
6760 16
6761 17
6762 18
6763 19
6764 17
6765 18
6766 19
6767 20
6768 15
6769 16
6770 17
6771 18
6772 16
6773 17
6774 18
6775 19
6776 17
6777 18
6778 19
6779 20
6780 18
6781 19
6782 20
6783 21
6784 13
6785 14
6786 15
6787 16
6788 14
6789 15
6790 16
6791 17
6792 15
6793 16
6794 17
6795 18
6796 16
6797 17
6798 18
6799 19
6800 14
6801 15
6802 16
6803 17
6804 15
6805 16
6806 17
6807 18
6808 16
6809 17
6810 18
6811 19
6812 17
6813 18
6814 19
6815 20
6816 15
6817 16
6818 17
6819 18
6820 16
6821 17
6822 18
6823 19
6824 17
6825 18
6826 19
6827 20
6828 18
6829 19
6830 20
6831 21
6832 16
6833 17
6834 18
6835 19
6836 17
6837 18
6838 19
6839 20
6840 18
6841 19
6842 20
6843 21
6844 19
6845 20
6846 21
6847 22
6848 14
6849 15
6850 16
6851 17
6852 15
6853 16
6854 17
6855 18
6856 16
6857 17
6858 18
6859 19
6860 17
6861 18
6862 19
6863 20
6864 15
6865 16
6866 17
6867 18
6868 16
6869 17
6870 18
6871 19
6872 17
6873 18
6874 19
6875 20
6876 18
6877 19
6878 20
6879 21
6880 16
6881 17
6882 18
6883 19
6884 17
6885 18
6886 19
6887 20
6888 18
6889 19
6890 20
6891 21
6892 19
6893 20
6894 21
6895 22
6896 17
6897 18
6898 19
6899 20
6900 18
6901 19
6902 20
6903 21
6904 19
6905 20
6906 21
6907 22
6908 20
6909 21
6910 22
6911 23
6912 12
6913 13
6914 14
6915 15
6916 13
6917 14
6918 15
6919 16
6920 14
6921 15
6922 16
6923 17
6924 15
6925 16
6926 17
6927 18
6928 13
6929 14
6930 15
6931 16
6932 14
6933 15
6934 16
6935 17
6936 15
6937 16
6938 17
6939 18
6940 16
6941 17
6942 18
6943 19
6944 14
6945 15
6946 16
6947 17
6948 15
6949 16
6950 17
6951 18
6952 16
6953 17
6954 18
6955 19
6956 17
6957 18
6958 19
6959 20
6960 15
6961 16
6962 17
6963 18
6964 16
6965 17
6966 18
6967 19
6968 17
6969 18
6970 19
6971 20
6972 18
6973 19
6974 20
6975 21
6976 13
6977 14
6978 15
6979 16
6980 14
6981 15
6982 16
6983 17
6984 15
6985 16
6986 17
6987 18
6988 16
6989 17
6990 18
6991 19
6992 14
6993 15
6994 16
6995 17
6996 15
6997 16
6998 17
6999 18
7000 16
7001 17
7002 18
7003 19
7004 17
7005 18
7006 19
7007 20
7008 15
7009 16
7010 17
7011 18
7012 16
7013 17
7014 18
7015 19
7016 17
7017 18
7018 19
7019 20
7020 18
7021 19
7022 20
7023 21
7024 16
7025 17
7026 18
7027 19
7028 17
7029 18
7030 19
7031 20
7032 18
7033 19
7034 20
7035 21
7036 19
7037 20
7038 21
7039 22
7040 14
7041 15
7042 16
7043 17
7044 15
7045 16
7046 17
7047 18
7048 16
7049 17
7050 18
7051 19
7052 17
7053 18
7054 19
7055 20
7056 15
7057 16
7058 17
7059 18
7060 16
7061 17
7062 18
7063 19
7064 17
7065 18
7066 19
7067 20
7068 18
7069 19
7070 20
7071 21
7072 16
7073 17
7074 18
7075 19
7076 17
7077 18
7078 19
7079 20
7080 18
7081 19
7082 20
7083 21
7084 19
7085 20
7086 21
7087 22
7088 17
7089 18
7090 19
7091 20
7092 18
7093 19
7094 20
7095 21
7096 19
7097 20
7098 21
7099 22
7100 20
7101 21
7102 22
7103 23
7104 15
7105 16
7106 17
7107 18
7108 16
7109 17
7110 18
7111 19
7112 17
7113 18
7114 19
7115 20
7116 18
7117 19
7118 20
7119 21
7120 16
7121 17
7122 18
7123 19
7124 17
7125 18
7126 19
7127 20
7128 18
7129 19
7130 20
7131 21
7132 19
7133 20
7134 21
7135 22
7136 17
7137 18
7138 19
7139 20
7140 18
7141 19
7142 20
7143 21
7144 19
7145 20
7146 21
7147 22
7148 20
7149 21
7150 22
7151 23
7152 18
7153 19
7154 20
7155 21
7156 19
7157 20
7158 21
7159 22
7160 20
7161 21
7162 22
7163 23
7164 21
7165 22
7166 23
7167 24
7168 10
7169 11
7170 12
7171 13
7172 11
7173 12
7174 13
7175 14
7176 12
7177 13
7178 14
7179 15
7180 13
7181 14
7182 15
7183 16
7184 11
7185 12
7186 13
7187 14
7188 12
7189 13
7190 14
7191 15
7192 13
7193 14
7194 15
7195 16
7196 14
7197 15
7198 16
7199 17
7200 12
7201 13
7202 14
7203 15
7204 13
7205 14
7206 15
7207 16
7208 14
7209 15
7210 16
7211 17
7212 15
7213 16
7214 17
7215 18
7216 13
7217 14
7218 15
7219 16
7220 14
7221 15
7222 16
7223 17
7224 15
7225 16
7226 17
7227 18
7228 16
7229 17
7230 18
7231 19
7232 11
7233 12
7234 13
7235 14
7236 12
7237 13
7238 14
7239 15
7240 13
7241 14
7242 15
7243 16
7244 14
7245 15
7246 16
7247 17
7248 12
7249 13
7250 14
7251 15
7252 13
7253 14
7254 15
7255 16
7256 14
7257 15
7258 16
7259 17
7260 15
7261 16
7262 17
7263 18
7264 13
7265 14
7266 15
7267 16
7268 14
7269 15
7270 16
7271 17
7272 15
7273 16
7274 17
7275 18
7276 16
7277 17
7278 18
7279 19
7280 14
7281 15
7282 16
7283 17
7284 15
7285 16
7286 17
7287 18
7288 16
7289 17
7290 18
7291 19
7292 17
7293 18
7294 19
7295 20
7296 12
7297 13
7298 14
7299 15
7300 13
7301 14
7302 15
7303 16
7304 14
7305 15
7306 16
7307 17
7308 15
7309 16
7310 17
7311 18
7312 13
7313 14
7314 15
7315 16
7316 14
7317 15
7318 16
7319 17
7320 15
7321 16
7322 17
7323 18
7324 16
7325 17
7326 18
7327 19
7328 14
7329 15
7330 16
7331 17
7332 15
7333 16
7334 17
7335 18
7336 16
7337 17
7338 18
7339 19
7340 17
7341 18
7342 19
7343 20
7344 15
7345 16
7346 17
7347 18
7348 16
7349 17
7350 18
7351 19
7352 17
7353 18
7354 19
7355 20
7356 18
7357 19
7358 20
7359 21
7360 13
7361 14
7362 15
7363 16
7364 14
7365 15
7366 16
7367 17
7368 15
7369 16
7370 17
7371 18
7372 16
7373 17
7374 18
7375 19
7376 14
7377 15
7378 16
7379 17
7380 15
7381 16
7382 17
7383 18
7384 16
7385 17
7386 18
7387 19
7388 17
7389 18
7390 19
7391 20
7392 15
7393 16
7394 17
7395 18
7396 16
7397 17
7398 18
7399 19
7400 17
7401 18
7402 19
7403 20
7404 18
7405 19
7406 20
7407 21
7408 16
7409 17
7410 18
7411 19
7412 17
7413 18
7414 19
7415 20
7416 18
7417 19
7418 20
7419 21
7420 19
7421 20
7422 21
7423 22
7424 11
7425 12
7426 13
7427 14
7428 12
7429 13
7430 14
7431 15
7432 13
7433 14
7434 15
7435 16
7436 14
7437 15
7438 16
7439 17
7440 12
7441 13
7442 14
7443 15
7444 13
7445 14
7446 15
7447 16
7448 14
7449 15
7450 16
7451 17
7452 15
7453 16
7454 17
7455 18
7456 13
7457 14
7458 15
7459 16
7460 14
7461 15
7462 16
7463 17
7464 15
7465 16
7466 17
7467 18
7468 16
7469 17
7470 18
7471 19
7472 14
7473 15
7474 16
7475 17
7476 15
7477 16
7478 17
7479 18
7480 16
7481 17
7482 18
7483 19
7484 17
7485 18
7486 19
7487 20
7488 12
7489 13
7490 14
7491 15
7492 13
7493 14
7494 15
7495 16
7496 14
7497 15
7498 16
7499 17
7500 15
7501 16
7502 17
7503 18
7504 13
7505 14
7506 15
7507 16
7508 14
7509 15
7510 16
7511 17
7512 15
7513 16
7514 17
7515 18
7516 16
7517 17
7518 18
7519 19
7520 14
7521 15
7522 16
7523 17
7524 15
7525 16
7526 17
7527 18
7528 16
7529 17
7530 18
7531 19
7532 17
7533 18
7534 19
7535 20
7536 15
7537 16
7538 17
7539 18
7540 16
7541 17
7542 18
7543 19
7544 17
7545 18
7546 19
7547 20
7548 18
7549 19
7550 20
7551 21
7552 13
7553 14
7554 15
7555 16
7556 14
7557 15
7558 16
7559 17
7560 15
7561 16
7562 17
7563 18
7564 16
7565 17
7566 18
7567 19
7568 14
7569 15
7570 16
7571 17
7572 15
7573 16
7574 17
7575 18
7576 16
7577 17
7578 18
7579 19
7580 17
7581 18
7582 19
7583 20
7584 15
7585 16
7586 17
7587 18
7588 16
7589 17
7590 18
7591 19
7592 17
7593 18
7594 19
7595 20
7596 18
7597 19
7598 20
7599 21
7600 16
7601 17
7602 18
7603 19
7604 17
7605 18
7606 19
7607 20
7608 18
7609 19
7610 20
7611 21
7612 19
7613 20
7614 21
7615 22
7616 14
7617 15
7618 16
7619 17
7620 15
7621 16
7622 17
7623 18
7624 16
7625 17
7626 18
7627 19
7628 17
7629 18
7630 19
7631 20
7632 15
7633 16
7634 17
7635 18
7636 16
7637 17
7638 18
7639 19
7640 17
7641 18
7642 19
7643 20
7644 18
7645 19
7646 20
7647 21
7648 16
7649 17
7650 18
7651 19
7652 17
7653 18
7654 19
7655 20
7656 18
7657 19
7658 20
7659 21
7660 19
7661 20
7662 21
7663 22
7664 17
7665 18
7666 19
7667 20
7668 18
7669 19
7670 20
7671 21
7672 19
7673 20
7674 21
7675 22
7676 20
7677 21
7678 22
7679 23
7680 12
7681 13
7682 14
7683 15
7684 13
7685 14
7686 15
7687 16
7688 14
7689 15
7690 16
7691 17
7692 15
7693 16
7694 17
7695 18
7696 13
7697 14
7698 15
7699 16
7700 14
7701 15
7702 16
7703 17
7704 15
7705 16
7706 17
7707 18
7708 16
7709 17
7710 18
7711 19
7712 14
7713 15
7714 16
7715 17
7716 15
7717 16
7718 17
7719 18
7720 16
7721 17
7722 18
7723 19
7724 17
7725 18
7726 19
7727 20
7728 15
7729 16
7730 17
7731 18
7732 16
7733 17
7734 18
7735 19
7736 17
7737 18
7738 19
7739 20
7740 18
7741 19
7742 20
7743 21
7744 13
7745 14
7746 15
7747 16
7748 14
7749 15
7750 16
7751 17
7752 15
7753 16
7754 17
7755 18
7756 16
7757 17
7758 18
7759 19
7760 14
7761 15
7762 16
7763 17
7764 15
7765 16
7766 17
7767 18
7768 16
7769 17
7770 18
7771 19
7772 17
7773 18
7774 19
7775 20
7776 15
7777 16
7778 17
7779 18
7780 16
7781 17
7782 18
7783 19
7784 17
7785 18
7786 19
7787 20
7788 18
7789 19
7790 20
7791 21
7792 16
7793 17
7794 18
7795 19
7796 17
7797 18
7798 19
7799 20
7800 18
7801 19
7802 20
7803 21
7804 19
7805 20
7806 21
7807 22
7808 14
7809 15
7810 16
7811 17
7812 15
7813 16
7814 17
7815 18
7816 16
7817 17
7818 18
7819 19
7820 17
7821 18
7822 19
7823 20
7824 15
7825 16
7826 17
7827 18
7828 16
7829 17
7830 18
7831 19
7832 17
7833 18
7834 19
7835 20
7836 18
7837 19
7838 20
7839 21
7840 16
7841 17
7842 18
7843 19
7844 17
7845 18
7846 19
7847 20
7848 18
7849 19
7850 20
7851 21
7852 19
7853 20
7854 21
7855 22
7856 17
7857 18
7858 19
7859 20
7860 18
7861 19
7862 20
7863 21
7864 19
7865 20
7866 21
7867 22
7868 20
7869 21
7870 22
7871 23
7872 15
7873 16
7874 17
7875 18
7876 16
7877 17
7878 18
7879 19
7880 17
7881 18
7882 19
7883 20
7884 18
7885 19
7886 20
7887 21
7888 16
7889 17
7890 18
7891 19
7892 17
7893 18
7894 19
7895 20
7896 18
7897 19
7898 20
7899 21
7900 19
7901 20
7902 21
7903 22
7904 17
7905 18
7906 19
7907 20
7908 18
7909 19
7910 20
7911 21
7912 19
7913 20
7914 21
7915 22
7916 20
7917 21
7918 22
7919 23
7920 18
7921 19
7922 20
7923 21
7924 19
7925 20
7926 21
7927 22
7928 20
7929 21
7930 22
7931 23
7932 21
7933 22
7934 23
7935 24
7936 13
7937 14
7938 15
7939 16
7940 14
7941 15
7942 16
7943 17
7944 15
7945 16
7946 17
7947 18
7948 16
7949 17
7950 18
7951 19
7952 14
7953 15
7954 16
7955 17
7956 15
7957 16
7958 17
7959 18
7960 16
7961 17
7962 18
7963 19
7964 17
7965 18
7966 19
7967 20
7968 15
7969 16
7970 17
7971 18
7972 16
7973 17
7974 18
7975 19
7976 17
7977 18
7978 19
7979 20
7980 18
7981 19
7982 20
7983 21
7984 16
7985 17
7986 18
7987 19
7988 17
7989 18
7990 19
7991 20
7992 18
7993 19
7994 20
7995 21
7996 19
7997 20
7998 21
7999 22
8000 14
8001 15
8002 16
8003 17
8004 15
8005 16
8006 17
8007 18
8008 16
8009 17
8010 18
8011 19
8012 17
8013 18
8014 19
8015 20
8016 15
8017 16
8018 17
8019 18
8020 16
8021 17
8022 18
8023 19
8024 17
8025 18
8026 19
8027 20
8028 18
8029 19
8030 20
8031 21
8032 16
8033 17
8034 18
8035 19
8036 17
8037 18
8038 19
8039 20
8040 18
8041 19
8042 20
8043 21
8044 19
8045 20
8046 21
8047 22
8048 17
8049 18
8050 19
8051 20
8052 18
8053 19
8054 20
8055 21
8056 19
8057 20
8058 21
8059 22
8060 20
8061 21
8062 22
8063 23
8064 15
8065 16
8066 17
8067 18
8068 16
8069 17
8070 18
8071 19
8072 17
8073 18
8074 19
8075 20
8076 18
8077 19
8078 20
8079 21
8080 16
8081 17
8082 18
8083 19
8084 17
8085 18
8086 19
8087 20
8088 18
8089 19
8090 20
8091 21
8092 19
8093 20
8094 21
8095 22
8096 17
8097 18
8098 19
8099 20
8100 18
8101 19
8102 20
8103 21
8104 19
8105 20
8106 21
8107 22
8108 20
8109 21
8110 22
8111 23
8112 18
8113 19
8114 20
8115 21
8116 19
8117 20
8118 21
8119 22
8120 20
8121 21
8122 22
8123 23
8124 21
8125 22
8126 23
8127 24
8128 16
8129 17
8130 18
8131 19
8132 17
8133 18
8134 19
8135 20
8136 18
8137 19
8138 20
8139 21
8140 19
8141 20
8142 21
8143 22
8144 17
8145 18
8146 19
8147 20
8148 18
8149 19
8150 20
8151 21
8152 19
8153 20
8154 21
8155 22
8156 20
8157 21
8158 22
8159 23
8160 18
8161 19
8162 20
8163 21
8164 19
8165 20
8166 21
8167 22
8168 20
8169 21
8170 22
8171 23
8172 21
8173 22
8174 23
8175 24
8176 19
8177 20
8178 21
8179 22
8180 20
8181 21
8182 22
8183 23
8184 21
8185 22
8186 23
8187 24
8188 22
8189 23
8190 24
8191 25
8192 8
8193 9
8194 10
8195 11
8196 9
8197 10
8198 11
8199 12
8200 10
8201 11
8202 12
8203 13
8204 11
8205 12
8206 13
8207 14
8208 9
8209 10
8210 11
8211 12
8212 10
8213 11
8214 12
8215 13
8216 11
8217 12
8218 13
8219 14
8220 12
8221 13
8222 14
8223 15
8224 10
8225 11
8226 12
8227 13
8228 11
8229 12
8230 13
8231 14
8232 12
8233 13
8234 14
8235 15
8236 13
8237 14
8238 15
8239 16
8240 11
8241 12
8242 13
8243 14
8244 12
8245 13
8246 14
8247 15
8248 13
8249 14
8250 15
8251 16
8252 14
8253 15
8254 16
8255 17
8256 9
8257 10
8258 11
8259 12
8260 10
8261 11
8262 12
8263 13
8264 11
8265 12
8266 13
8267 14
8268 12
8269 13
8270 14
8271 15
8272 10
8273 11
8274 12
8275 13
8276 11
8277 12
8278 13
8279 14
8280 12
8281 13
8282 14
8283 15
8284 13
8285 14
8286 15
8287 16
8288 11
8289 12
8290 13
8291 14
8292 12
8293 13
8294 14
8295 15
8296 13
8297 14
8298 15
8299 16
8300 14
8301 15
8302 16
8303 17
8304 12
8305 13
8306 14
8307 15
8308 13
8309 14
8310 15
8311 16
8312 14
8313 15
8314 16
8315 17
8316 15
8317 16
8318 17
8319 18
8320 10
8321 11
8322 12
8323 13
8324 11
8325 12
8326 13
8327 14
8328 12
8329 13
8330 14
8331 15
8332 13
8333 14
8334 15
8335 16
8336 11
8337 12
8338 13
8339 14
8340 12
8341 13
8342 14
8343 15
8344 13
8345 14
8346 15
8347 16
8348 14
8349 15
8350 16
8351 17
8352 12
8353 13
8354 14
8355 15
8356 13
8357 14
8358 15
8359 16
8360 14
8361 15
8362 16
8363 17
8364 15
8365 16
8366 17
8367 18
8368 13
8369 14
8370 15
8371 16
8372 14
8373 15
8374 16
8375 17
8376 15
8377 16
8378 17
8379 18
8380 16
8381 17
8382 18
8383 19
8384 11
8385 12
8386 13
8387 14
8388 12
8389 13
8390 14
8391 15
8392 13
8393 14
8394 15
8395 16
8396 14
8397 15
8398 16
8399 17
8400 12
8401 13
8402 14
8403 15
8404 13
8405 14
8406 15
8407 16
8408 14
8409 15
8410 16
8411 17
8412 15
8413 16
8414 17
8415 18
8416 13
8417 14
8418 15
8419 16
8420 14
8421 15
8422 16
8423 17
8424 15
8425 16
8426 17
8427 18
8428 16
8429 17
8430 18
8431 19
8432 14
8433 15
8434 16
8435 17
8436 15
8437 16
8438 17
8439 18
8440 16
8441 17
8442 18
8443 19
8444 17
8445 18
8446 19
8447 20
8448 9
8449 10
8450 11
8451 12
8452 10
8453 11
8454 12
8455 13
8456 11
8457 12
8458 13
8459 14
8460 12
8461 13
8462 14
8463 15
8464 10
8465 11
8466 12
8467 13
8468 11
8469 12
8470 13
8471 14
8472 12
8473 13
8474 14
8475 15
8476 13
8477 14
8478 15
8479 16
8480 11
8481 12
8482 13
8483 14
8484 12
8485 13
8486 14
8487 15
8488 13
8489 14
8490 15
8491 16
8492 14
8493 15
8494 16
8495 17
8496 12
8497 13
8498 14
8499 15
8500 13
8501 14
8502 15
8503 16
8504 14
8505 15
8506 16
8507 17
8508 15
8509 16
8510 17
8511 18
8512 10
8513 11
8514 12
8515 13
8516 11
8517 12
8518 13
8519 14
8520 12
8521 13
8522 14
8523 15
8524 13
8525 14
8526 15
8527 16
8528 11
8529 12
8530 13
8531 14
8532 12
8533 13
8534 14
8535 15
8536 13
8537 14
8538 15
8539 16
8540 14
8541 15
8542 16
8543 17
8544 12
8545 13
8546 14
8547 15
8548 13
8549 14
8550 15
8551 16
8552 14
8553 15
8554 16
8555 17
8556 15
8557 16
8558 17
8559 18
8560 13
8561 14
8562 15
8563 16
8564 14
8565 15
8566 16
8567 17
8568 15
8569 16
8570 17
8571 18
8572 16
8573 17
8574 18
8575 19
8576 11
8577 12
8578 13
8579 14
8580 12
8581 13
8582 14
8583 15
8584 13
8585 14
8586 15
8587 16
8588 14
8589 15
8590 16
8591 17
8592 12
8593 13
8594 14
8595 15
8596 13
8597 14
8598 15
8599 16
8600 14
8601 15
8602 16
8603 17
8604 15
8605 16
8606 17
8607 18
8608 13
8609 14
8610 15
8611 16
8612 14
8613 15
8614 16
8615 17
8616 15
8617 16
8618 17
8619 18
8620 16
8621 17
8622 18
8623 19
8624 14
8625 15
8626 16
8627 17
8628 15
8629 16
8630 17
8631 18
8632 16
8633 17
8634 18
8635 19
8636 17
8637 18
8638 19
8639 20
8640 12
8641 13
8642 14
8643 15
8644 13
8645 14
8646 15
8647 16
8648 14
8649 15
8650 16
8651 17
8652 15
8653 16
8654 17
8655 18
8656 13
8657 14
8658 15
8659 16
8660 14
8661 15
8662 16
8663 17
8664 15
8665 16
8666 17
8667 18
8668 16
8669 17
8670 18
8671 19
8672 14
8673 15
8674 16
8675 17
8676 15
8677 16
8678 17
8679 18
8680 16
8681 17
8682 18
8683 19
8684 17
8685 18
8686 19
8687 20
8688 15
8689 16
8690 17
8691 18
8692 16
8693 17
8694 18
8695 19
8696 17
8697 18
8698 19
8699 20
8700 18
8701 19
8702 20
8703 21
8704 10
8705 11
8706 12
8707 13
8708 11
8709 12
8710 13
8711 14
8712 12
8713 13
8714 14
8715 15
8716 13
8717 14
8718 15
8719 16
8720 11
8721 12
8722 13
8723 14
8724 12
8725 13
8726 14
8727 15
8728 13
8729 14
8730 15
8731 16
8732 14
8733 15
8734 16
8735 17
8736 12
8737 13
8738 14
8739 15
8740 13
8741 14
8742 15
8743 16
8744 14
8745 15
8746 16
8747 17
8748 15
8749 16
8750 17
8751 18
8752 13
8753 14
8754 15
8755 16
8756 14
8757 15
8758 16
8759 17
8760 15
8761 16
8762 17
8763 18
8764 16
8765 17
8766 18
8767 19
8768 11
8769 12
8770 13
8771 14
8772 12
8773 13
8774 14
8775 15
8776 13
8777 14
8778 15
8779 16
8780 14
8781 15
8782 16
8783 17
8784 12
8785 13
8786 14
8787 15
8788 13
8789 14
8790 15
8791 16
8792 14
8793 15
8794 16
8795 17
8796 15
8797 16
8798 17
8799 18
8800 13
8801 14
8802 15
8803 16
8804 14
8805 15
8806 16
8807 17
8808 15
8809 16
8810 17
8811 18
8812 16
8813 17
8814 18
8815 19
8816 14
8817 15
8818 16
8819 17
8820 15
8821 16
8822 17
8823 18
8824 16
8825 17
8826 18
8827 19
8828 17
8829 18
8830 19
8831 20
8832 12
8833 13
8834 14
8835 15
8836 13
8837 14
8838 15
8839 16
8840 14
8841 15
8842 16
8843 17
8844 15
8845 16
8846 17
8847 18
8848 13
8849 14
8850 15
8851 16
8852 14
8853 15
8854 16
8855 17
8856 15
8857 16
8858 17
8859 18
8860 16
8861 17
8862 18
8863 19
8864 14
8865 15
8866 16
8867 17
8868 15
8869 16
8870 17
8871 18
8872 16
8873 17
8874 18
8875 19
8876 17
8877 18
8878 19
8879 20
8880 15
8881 16
8882 17
8883 18
8884 16
8885 17
8886 18
8887 19
8888 17
8889 18
8890 19
8891 20
8892 18
8893 19
8894 20
8895 21
8896 13
8897 14
8898 15
8899 16
8900 14
8901 15
8902 16
8903 17
8904 15
8905 16
8906 17
8907 18
8908 16
8909 17
8910 18
8911 19
8912 14
8913 15
8914 16
8915 17
8916 15
8917 16
8918 17
8919 18
8920 16
8921 17
8922 18
8923 19
8924 17
8925 18
8926 19
8927 20
8928 15
8929 16
8930 17
8931 18
8932 16
8933 17
8934 18
8935 19
8936 17
8937 18
8938 19
8939 20
8940 18
8941 19
8942 20
8943 21
8944 16
8945 17
8946 18
8947 19
8948 17
8949 18
8950 19
8951 20
8952 18
8953 19
8954 20
8955 21
8956 19
8957 20
8958 21
8959 22
8960 11
8961 12
8962 13
8963 14
8964 12
8965 13
8966 14
8967 15
8968 13
8969 14
8970 15
8971 16
8972 14
8973 15
8974 16
8975 17
8976 12
8977 13
8978 14
8979 15
8980 13
8981 14
8982 15
8983 16
8984 14
8985 15
8986 16
8987 17
8988 15
8989 16
8990 17
8991 18
8992 13
8993 14
8994 15
8995 16
8996 14
8997 15
8998 16
8999 17
9000 15
9001 16
9002 17
9003 18
9004 16
9005 17
9006 18
9007 19
9008 14
9009 15
9010 16
9011 17
9012 15
9013 16
9014 17
9015 18
9016 16
9017 17
9018 18
9019 19
9020 17
9021 18
9022 19
9023 20
9024 12
9025 13
9026 14
9027 15
9028 13
9029 14
9030 15
9031 16
9032 14
9033 15
9034 16
9035 17
9036 15
9037 16
9038 17
9039 18
9040 13
9041 14
9042 15
9043 16
9044 14
9045 15
9046 16
9047 17
9048 15
9049 16
9050 17
9051 18
9052 16
9053 17
9054 18
9055 19
9056 14
9057 15
9058 16
9059 17
9060 15
9061 16
9062 17
9063 18
9064 16
9065 17
9066 18
9067 19
9068 17
9069 18
9070 19
9071 20
9072 15
9073 16
9074 17
9075 18
9076 16
9077 17
9078 18
9079 19
9080 17
9081 18
9082 19
9083 20
9084 18
9085 19
9086 20
9087 21
9088 13
9089 14
9090 15
9091 16
9092 14
9093 15
9094 16
9095 17
9096 15
9097 16
9098 17
9099 18
9100 16
9101 17
9102 18
9103 19
9104 14
9105 15
9106 16
9107 17
9108 15
9109 16
9110 17
9111 18
9112 16
9113 17
9114 18
9115 19
9116 17
9117 18
9118 19
9119 20
9120 15
9121 16
9122 17
9123 18
9124 16
9125 17
9126 18
9127 19
9128 17
9129 18
9130 19
9131 20
9132 18
9133 19
9134 20
9135 21
9136 16
9137 17
9138 18
9139 19
9140 17
9141 18
9142 19
9143 20
9144 18
9145 19
9146 20
9147 21
9148 19
9149 20
9150 21
9151 22
9152 14
9153 15
9154 16
9155 17
9156 15
9157 16
9158 17
9159 18
9160 16
9161 17
9162 18
9163 19
9164 17
9165 18
9166 19
9167 20
9168 15
9169 16
9170 17
9171 18
9172 16
9173 17
9174 18
9175 19
9176 17
9177 18
9178 19
9179 20
9180 18
9181 19
9182 20
9183 21
9184 16
9185 17
9186 18
9187 19
9188 17
9189 18
9190 19
9191 20
9192 18
9193 19
9194 20
9195 21
9196 19
9197 20
9198 21
9199 22
9200 17
9201 18
9202 19
9203 20
9204 18
9205 19
9206 20
9207 21
9208 19
9209 20
9210 21
9211 22
9212 20
9213 21
9214 22
9215 23
9216 9
9217 10
9218 11
9219 12
9220 10
9221 11
9222 12
9223 13
9224 11
9225 12
9226 13
9227 14
9228 12
9229 13
9230 14
9231 15
9232 10
9233 11
9234 12
9235 13
9236 11
9237 12
9238 13
9239 14
9240 12
9241 13
9242 14
9243 15
9244 13
9245 14
9246 15
9247 16
9248 11
9249 12
9250 13
9251 14
9252 12
9253 13
9254 14
9255 15
9256 13
9257 14
9258 15
9259 16
9260 14
9261 15
9262 16
9263 17
9264 12
9265 13
9266 14
9267 15
9268 13
9269 14
9270 15
9271 16
9272 14
9273 15
9274 16
9275 17
9276 15
9277 16
9278 17
9279 18
9280 10
9281 11
9282 12
9283 13
9284 11
9285 12
9286 13
9287 14
9288 12
9289 13
9290 14
9291 15
9292 13
9293 14
9294 15
9295 16
9296 11
9297 12
9298 13
9299 14
9300 12
9301 13
9302 14
9303 15
9304 13
9305 14
9306 15
9307 16
9308 14
9309 15
9310 16
9311 17
9312 12
9313 13
9314 14
9315 15
9316 13
9317 14
9318 15
9319 16
9320 14
9321 15
9322 16
9323 17
9324 15
9325 16
9326 17
9327 18
9328 13
9329 14
9330 15
9331 16
9332 14
9333 15
9334 16
9335 17
9336 15
9337 16
9338 17
9339 18
9340 16
9341 17
9342 18
9343 19
9344 11
9345 12
9346 13
9347 14
9348 12
9349 13
9350 14
9351 15
9352 13
9353 14
9354 15
9355 16
9356 14
9357 15
9358 16
9359 17
9360 12
9361 13
9362 14
9363 15
9364 13
9365 14
9366 15
9367 16
9368 14
9369 15
9370 16
9371 17
9372 15
9373 16
9374 17
9375 18
9376 13
9377 14
9378 15
9379 16
9380 14
9381 15
9382 16
9383 17
9384 15
9385 16
9386 17
9387 18
9388 16
9389 17
9390 18
9391 19
9392 14
9393 15
9394 16
9395 17
9396 15
9397 16
9398 17
9399 18
9400 16
9401 17
9402 18
9403 19
9404 17
9405 18
9406 19
9407 20
9408 12
9409 13
9410 14
9411 15
9412 13
9413 14
9414 15
9415 16
9416 14
9417 15
9418 16
9419 17
9420 15
9421 16
9422 17
9423 18
9424 13
9425 14
9426 15
9427 16
9428 14
9429 15
9430 16
9431 17
9432 15
9433 16
9434 17
9435 18
9436 16
9437 17
9438 18
9439 19
9440 14
9441 15
9442 16
9443 17
9444 15
9445 16
9446 17
9447 18
9448 16
9449 17
9450 18
9451 19
9452 17
9453 18
9454 19
9455 20
9456 15
9457 16
9458 17
9459 18
9460 16
9461 17
9462 18
9463 19
9464 17
9465 18
9466 19
9467 20
9468 18
9469 19
9470 20
9471 21
9472 10
9473 11
9474 12
9475 13
9476 11
9477 12
9478 13
9479 14
9480 12
9481 13
9482 14
9483 15
9484 13
9485 14
9486 15
9487 16
9488 11
9489 12
9490 13
9491 14
9492 12
9493 13
9494 14
9495 15
9496 13
9497 14
9498 15
9499 16
9500 14
9501 15
9502 16
9503 17
9504 12
9505 13
9506 14
9507 15
9508 13
9509 14
9510 15
9511 16
9512 14
9513 15
9514 16
9515 17
9516 15
9517 16
9518 17
9519 18
9520 13
9521 14
9522 15
9523 16
9524 14
9525 15
9526 16
9527 17
9528 15
9529 16
9530 17
9531 18
9532 16
9533 17
9534 18
9535 19
9536 11
9537 12
9538 13
9539 14
9540 12
9541 13
9542 14
9543 15
9544 13
9545 14
9546 15
9547 16
9548 14
9549 15
9550 16
9551 17
9552 12
9553 13
9554 14
9555 15
9556 13
9557 14
9558 15
9559 16
9560 14
9561 15
9562 16
9563 17
9564 15
9565 16
9566 17
9567 18
9568 13
9569 14
9570 15
9571 16
9572 14
9573 15
9574 16
9575 17
9576 15
9577 16
9578 17
9579 18
9580 16
9581 17
9582 18
9583 19
9584 14
9585 15
9586 16
9587 17
9588 15
9589 16
9590 17
9591 18
9592 16
9593 17
9594 18
9595 19
9596 17
9597 18
9598 19
9599 20
9600 12
9601 13
9602 14
9603 15
9604 13
9605 14
9606 15
9607 16
9608 14
9609 15
9610 16
9611 17
9612 15
9613 16
9614 17
9615 18
9616 13
9617 14
9618 15
9619 16
9620 14
9621 15
9622 16
9623 17
9624 15
9625 16
9626 17
9627 18
9628 16
9629 17
9630 18
9631 19
9632 14
9633 15
9634 16
9635 17
9636 15
9637 16
9638 17
9639 18
9640 16
9641 17
9642 18
9643 19
9644 17
9645 18
9646 19
9647 20
9648 15
9649 16
9650 17
9651 18
9652 16
9653 17
9654 18
9655 19
9656 17
9657 18
9658 19
9659 20
9660 18
9661 19
9662 20
9663 21
9664 13
9665 14
9666 15
9667 16
9668 14
9669 15
9670 16
9671 17
9672 15
9673 16
9674 17
9675 18
9676 16
9677 17
9678 18
9679 19
9680 14
9681 15
9682 16
9683 17
9684 15
9685 16
9686 17
9687 18
9688 16
9689 17
9690 18
9691 19
9692 17
9693 18
9694 19
9695 20
9696 15
9697 16
9698 17
9699 18
9700 16
9701 17
9702 18
9703 19
9704 17
9705 18
9706 19
9707 20
9708 18
9709 19
9710 20
9711 21
9712 16
9713 17
9714 18
9715 19
9716 17
9717 18
9718 19
9719 20
9720 18
9721 19
9722 20
9723 21
9724 19
9725 20
9726 21
9727 22
9728 11
9729 12
9730 13
9731 14
9732 12
9733 13
9734 14
9735 15
9736 13
9737 14
9738 15
9739 16
9740 14
9741 15
9742 16
9743 17
9744 12
9745 13
9746 14
9747 15
9748 13
9749 14
9750 15
9751 16
9752 14
9753 15
9754 16
9755 17
9756 15
9757 16
9758 17
9759 18
9760 13
9761 14
9762 15
9763 16
9764 14
9765 15
9766 16
9767 17
9768 15
9769 16
9770 17
9771 18
9772 16
9773 17
9774 18
9775 19
9776 14
9777 15
9778 16
9779 17
9780 15
9781 16
9782 17
9783 18
9784 16
9785 17
9786 18
9787 19
9788 17
9789 18
9790 19
9791 20
9792 12
9793 13
9794 14
9795 15
9796 13
9797 14
9798 15
9799 16
9800 14
9801 15
9802 16
9803 17
9804 15
9805 16
9806 17
9807 18
9808 13
9809 14
9810 15
9811 16
9812 14
9813 15
9814 16
9815 17
9816 15
9817 16
9818 17
9819 18
9820 16
9821 17
9822 18
9823 19
9824 14
9825 15
9826 16
9827 17
9828 15
9829 16
9830 17
9831 18
9832 16
9833 17
9834 18
9835 19
9836 17
9837 18
9838 19
9839 20
9840 15
9841 16
9842 17
9843 18
9844 16
9845 17
9846 18
9847 19
9848 17
9849 18
9850 19
9851 20
9852 18
9853 19
9854 20
9855 21
9856 13
9857 14
9858 15
9859 16
9860 14
9861 15
9862 16
9863 17
9864 15
9865 16
9866 17
9867 18
9868 16
9869 17
9870 18
9871 19
9872 14
9873 15
9874 16
9875 17
9876 15
9877 16
9878 17
9879 18
9880 16
9881 17
9882 18
9883 19
9884 17
9885 18
9886 19
9887 20
9888 15
9889 16
9890 17
9891 18
9892 16
9893 17
9894 18
9895 19
9896 17
9897 18
9898 19
9899 20
9900 18
9901 19
9902 20
9903 21
9904 16
9905 17
9906 18
9907 19
9908 17
9909 18
9910 19
9911 20
9912 18
9913 19
9914 20
9915 21
9916 19
9917 20
9918 21
9919 22
9920 14
9921 15
9922 16
9923 17
9924 15
9925 16
9926 17
9927 18
9928 16
9929 17
9930 18
9931 19
9932 17
9933 18
9934 19
9935 20
9936 15
9937 16
9938 17
9939 18
9940 16
9941 17
9942 18
9943 19
9944 17
9945 18
9946 19
9947 20
9948 18
9949 19
9950 20
9951 21
9952 16
9953 17
9954 18
9955 19
9956 17
9957 18
9958 19
9959 20
9960 18
9961 19
9962 20
9963 21
9964 19
9965 20
9966 21
9967 22
9968 17
9969 18
9970 19
9971 20
9972 18
9973 19
9974 20
9975 21
9976 19
9977 20
9978 21
9979 22
9980 20
9981 21
9982 22
9983 23
9984 12
9985 13
9986 14
9987 15
9988 13
9989 14
9990 15
9991 16
9992 14
9993 15
9994 16
9995 17
9996 15
9997 16
9998 17
9999 18
10000 13
