# Table of n, A268040(n) for n = 0..8191.
0 0
1 0
2 1
3 0
4 0
5 2
6 0
7 1
8 2
9 3
10 0
11 0
12 0
13 2
14 4
15 0
16 1
17 0
18 1
19 4
20 5
21 0
22 0
23 2
24 0
25 4
26 4
27 6
28 0
29 1
30 2
31 3
32 4
33 5
34 6
35 7
36 0
37 0
38 0
39 2
40 0
41 4
42 4
43 6
44 8
45 0
46 1
47 0
48 1
49 0
50 1
51 4
52 5
53 8
54 9
55 0
56 0
57 2
58 0
59 0
60 0
61 2
62 4
63 8
64 8
65 10
66 0
67 1
68 2
69 3
70 0
71 1
72 2
73 3
74 8
75 9
76 10
77 11
78 0
79 0
80 0
81 2
82 4
83 0
84 0
85 2
86 8
87 8
88 8
89 10
90 12
91 0
92 1
93 0
94 1
95 4
96 5
97 0
98 1
99 8
100 9
101 8
102 9
103 12
104 13
105 0
106 0
107 2
108 0
109 4
110 4
111 6
112 0
113 8
114 8
115 10
116 8
117 12
118 12
119 14
120 0
121 1
122 2
123 3
124 4
125 5
126 6
127 7
128 8
129 9
130 10
131 11
132 12
133 13
134 14
135 15
136 0
137 0
138 0
139 2
140 0
141 4
142 4
143 6
144 0
145 8
146 8
147 10
148 8
149 12
150 12
151 14
152 16
153 0
154 1
155 0
156 1
157 0
158 1
159 4
160 5
161 0
162 1
163 8
164 9
165 8
166 9
167 12
168 13
169 16
170 17
171 0
172 0
173 2
174 0
175 0
176 0
177 2
178 4
179 0
180 0
181 2
182 8
183 8
184 8
185 10
186 12
187 16
188 16
189 18
190 0
191 1
192 2
193 3
194 0
195 1
196 2
197 3
198 0
199 1
200 2
201 3
202 8
203 9
204 10
205 11
206 16
207 17
208 18
209 19
210 0
211 0
212 0
213 2
214 4
215 0
216 0
217 2
218 0
219 0
220 0
221 2
222 4
223 8
224 8
225 10
226 16
227 16
228 16
229 18
230 20
231 0
232 1
233 0
234 1
235 4
236 5
237 0
238 1
239 0
240 1
241 0
242 1
243 4
244 5
245 8
246 9
247 16
248 17
249 16
250 17
251 20
252 21
253 0
254 0
255 2
256 0
257 4
258 4
259 6
260 0
261 0
262 0
263 2
264 0
265 4
266 4
267 6
268 8
269 16
270 16
271 18
272 16
273 20
274 20
275 22
276 0
277 1
278 2
279 3
280 4
281 5
282 6
283 7
284 0
285 1
286 2
287 3
288 4
289 5
290 6
291 7
292 16
293 17
294 18
295 19
296 20
297 21
298 22
299 23
300 0
301 0
302 0
303 2
304 0
305 4
306 4
307 6
308 8
309 0
310 0
311 2
312 0
313 4
314 4
315 6
316 16
317 16
318 16
319 18
320 16
321 20
322 20
323 22
324 24
325 0
326 1
327 0
328 1
329 0
330 1
331 4
332 5
333 8
334 9
335 0
336 1
337 0
338 1
339 4
340 5
341 16
342 17
343 16
344 17
345 16
346 17
347 20
348 21
349 24
350 25
351 0
352 0
353 2
354 0
355 0
356 0
357 2
358 4
359 8
360 8
361 10
362 0
363 0
364 0
365 2
366 4
367 16
368 16
369 18
370 16
371 16
372 16
373 18
374 20
375 24
376 24
377 26
378 0
379 1
380 2
381 3
382 0
383 1
384 2
385 3
386 8
387 9
388 10
389 11
390 0
391 1
392 2
393 3
394 16
395 17
396 18
397 19
398 16
399 17
400 18
401 19
402 24
403 25
404 26
405 27
406 0
407 0
408 0
409 2
410 4
411 0
412 0
413 2
414 8
415 8
416 8
417 10
418 12
419 0
420 0
421 2
422 16
423 16
424 16
425 18
426 20
427 16
428 16
429 18
430 24
431 24
432 24
433 26
434 28
435 0
436 1
437 0
438 1
439 4
440 5
441 0
442 1
443 8
444 9
445 8
446 9
447 12
448 13
449 0
450 1
451 16
452 17
453 16
454 17
455 20
456 21
457 16
458 17
459 24
460 25
461 24
462 25
463 28
464 29
465 0
466 0
467 2
468 0
469 4
470 4
471 6
472 0
473 8
474 8
475 10
476 8
477 12
478 12
479 14
480 0
481 16
482 16
483 18
484 16
485 20
486 20
487 22
488 16
489 24
490 24
491 26
492 24
493 28
494 28
495 30
496 0
497 1
498 2
499 3
500 4
501 5
502 6
503 7
504 8
505 9
506 10
507 11
508 12
509 13
510 14
511 15
512 16
513 17
514 18
515 19
516 20
517 21
518 22
519 23
520 24
521 25
522 26
523 27
524 28
525 29
526 30
527 31
528 0
529 0
530 0
531 2
532 0
533 4
534 4
535 6
536 0
537 8
538 8
539 10
540 8
541 12
542 12
543 14
544 0
545 16
546 16
547 18
548 16
549 20
550 20
551 22
552 16
553 24
554 24
555 26
556 24
557 28
558 28
559 30
560 32
561 0
562 1
563 0
564 1
565 0
566 1
567 4
568 5
569 0
570 1
571 8
572 9
573 8
574 9
575 12
576 13
577 0
578 1
579 16
580 17
581 16
582 17
583 20
584 21
585 16
586 17
587 24
588 25
589 24
590 25
591 28
592 29
593 32
594 33
595 0
596 0
597 2
598 0
599 0
600 0
601 2
602 4
603 0
604 0
605 2
606 8
607 8
608 8
609 10
610 12
611 0
612 0
613 2
614 16
615 16
616 16
617 18
618 20
619 16
620 16
621 18
622 24
623 24
624 24
625 26
626 28
627 32
628 32
629 34
630 0
631 1
632 2
633 3
634 0
635 1
636 2
637 3
638 0
639 1
640 2
641 3
642 8
643 9
644 10
645 11
646 0
647 1
648 2
649 3
650 16
651 17
652 18
653 19
654 16
655 17
656 18
657 19
658 24
659 25
660 26
661 27
662 32
663 33
664 34
665 35
666 0
667 0
668 0
669 2
670 4
671 0
672 0
673 2
674 0
675 0
676 0
677 2
678 4
679 8
680 8
681 10
682 0
683 0
684 0
685 2
686 4
687 16
688 16
689 18
690 16
691 16
692 16
693 18
694 20
695 24
696 24
697 26
698 32
699 32
700 32
701 34
702 36
703 0
704 1
705 0
706 1
707 4
708 5
709 0
710 1
711 0
712 1
713 0
714 1
715 4
716 5
717 8
718 9
719 0
720 1
721 0
722 1
723 4
724 5
725 16
726 17
727 16
728 17
729 16
730 17
731 20
732 21
733 24
734 25
735 32
736 33
737 32
738 33
739 36
740 37
741 0
742 0
743 2
744 0
745 4
746 4
747 6
748 0
749 0
750 0
751 2
752 0
753 4
754 4
755 6
756 8
757 0
758 0
759 2
760 0
761 4
762 4
763 6
764 16
765 16
766 16
767 18
768 16
769 20
770 20
771 22
772 24
773 32
774 32
775 34
776 32
777 36
778 36
779 38
780 0
781 1
782 2
783 3
784 4
785 5
786 6
787 7
788 0
789 1
790 2
791 3
792 4
793 5
794 6
795 7
796 0
797 1
798 2
799 3
800 4
801 5
802 6
803 7
804 16
805 17
806 18
807 19
808 20
809 21
810 22
811 23
812 32
813 33
814 34
815 35
816 36
817 37
818 38
819 39
820 0
821 0
822 0
823 2
824 0
825 4
826 4
827 6
828 8
829 0
830 0
831 2
832 0
833 4
834 4
835 6
836 0
837 0
838 0
839 2
840 0
841 4
842 4
843 6
844 8
845 16
846 16
847 18
848 16
849 20
850 20
851 22
852 32
853 32
854 32
855 34
856 32
857 36
858 36
859 38
860 40
861 0
862 1
863 0
864 1
865 0
866 1
867 4
868 5
869 8
870 9
871 0
872 1
873 0
874 1
875 4
876 5
877 0
878 1
879 0
880 1
881 0
882 1
883 4
884 5
885 8
886 9
887 16
888 17
889 16
890 17
891 20
892 21
893 32
894 33
895 32
896 33
897 32
898 33
899 36
900 37
901 40
902 41
903 0
904 0
905 2
906 0
907 0
908 0
909 2
910 4
911 8
912 8
913 10
914 0
915 0
916 0
917 2
918 4
919 0
920 0
921 2
922 0
923 0
924 0
925 2
926 4
927 8
928 8
929 10
930 16
931 16
932 16
933 18
934 20
935 32
936 32
937 34
938 32
939 32
940 32
941 34
942 36
943 40
944 40
945 42
946 0
947 1
948 2
949 3
950 0
951 1
952 2
953 3
954 8
955 9
956 10
957 11
958 0
959 1
960 2
961 3
962 0
963 1
964 2
965 3
966 0
967 1
968 2
969 3
970 8
971 9
972 10
973 11
974 16
975 17
976 18
977 19
978 32
979 33
980 34
981 35
982 32
983 33
984 34
985 35
986 40
987 41
988 42
989 43
990 0
991 0
992 0
993 2
994 4
995 0
996 0
997 2
998 8
999 8
1000 8
1001 10
1002 12
1003 0
1004 0
1005 2
1006 0
1007 0
1008 0
1009 2
1010 4
1011 0
1012 0
1013 2
1014 8
1015 8
1016 8
1017 10
1018 12
1019 16
1020 16
1021 18
1022 32
1023 32
1024 32
1025 34
1026 36
1027 32
1028 32
1029 34
1030 40
1031 40
1032 40
1033 42
1034 44
1035 0
1036 1
1037 0
1038 1
1039 4
1040 5
1041 0
1042 1
1043 8
1044 9
1045 8
1046 9
1047 12
1048 13
1049 0
1050 1
1051 0
1052 1
1053 0
1054 1
1055 4
1056 5
1057 0
1058 1
1059 8
1060 9
1061 8
1062 9
1063 12
1064 13
1065 16
1066 17
1067 32
1068 33
1069 32
1070 33
1071 36
1072 37
1073 32
1074 33
1075 40
1076 41
1077 40
1078 41
1079 44
1080 45
1081 0
1082 0
1083 2
1084 0
1085 4
1086 4
1087 6
1088 0
1089 8
1090 8
1091 10
1092 8
1093 12
1094 12
1095 14
1096 0
1097 0
1098 0
1099 2
1100 0
1101 4
1102 4
1103 6
1104 0
1105 8
1106 8
1107 10
1108 8
1109 12
1110 12
1111 14
1112 16
1113 32
1114 32
1115 34
1116 32
1117 36
1118 36
1119 38
1120 32
1121 40
1122 40
1123 42
1124 40
1125 44
1126 44
1127 46
1128 0
1129 1
1130 2
1131 3
1132 4
1133 5
1134 6
1135 7
1136 8
1137 9
1138 10
1139 11
1140 12
1141 13
1142 14
1143 15
1144 0
1145 1
1146 2
1147 3
1148 4
1149 5
1150 6
1151 7
1152 8
1153 9
1154 10
1155 11
1156 12
1157 13
1158 14
1159 15
1160 32
1161 33
1162 34
1163 35
1164 36
1165 37
1166 38
1167 39
1168 40
1169 41
1170 42
1171 43
1172 44
1173 45
1174 46
1175 47
1176 0
1177 0
1178 0
1179 2
1180 0
1181 4
1182 4
1183 6
1184 0
1185 8
1186 8
1187 10
1188 8
1189 12
1190 12
1191 14
1192 16
1193 0
1194 0
1195 2
1196 0
1197 4
1198 4
1199 6
1200 0
1201 8
1202 8
1203 10
1204 8
1205 12
1206 12
1207 14
1208 32
1209 32
1210 32
1211 34
1212 32
1213 36
1214 36
1215 38
1216 32
1217 40
1218 40
1219 42
1220 40
1221 44
1222 44
1223 46
1224 48
1225 0
1226 1
1227 0
1228 1
1229 0
1230 1
1231 4
1232 5
1233 0
1234 1
1235 8
1236 9
1237 8
1238 9
1239 12
1240 13
1241 16
1242 17
1243 0
1244 1
1245 0
1246 1
1247 4
1248 5
1249 0
1250 1
1251 8
1252 9
1253 8
1254 9
1255 12
1256 13
1257 32
1258 33
1259 32
1260 33
1261 32
1262 33
1263 36
1264 37
1265 32
1266 33
1267 40
1268 41
1269 40
1270 41
1271 44
1272 45
1273 48
1274 49
1275 0
1276 0
1277 2
1278 0
1279 0
1280 0
1281 2
1282 4
1283 0
1284 0
1285 2
1286 8
1287 8
1288 8
1289 10
1290 12
1291 16
1292 16
1293 18
1294 0
1295 0
1296 0
1297 2
1298 4
1299 0
1300 0
1301 2
1302 8
1303 8
1304 8
1305 10
1306 12
1307 32
1308 32
1309 34
1310 32
1311 32
1312 32
1313 34
1314 36
1315 32
1316 32
1317 34
1318 40
1319 40
1320 40
1321 42
1322 44
1323 48
1324 48
1325 50
1326 0
1327 1
1328 2
1329 3
1330 0
1331 1
1332 2
1333 3
1334 0
1335 1
1336 2
1337 3
1338 8
1339 9
1340 10
1341 11
1342 16
1343 17
1344 18
1345 19
1346 0
1347 1
1348 2
1349 3
1350 0
1351 1
1352 2
1353 3
1354 8
1355 9
1356 10
1357 11
1358 32
1359 33
1360 34
1361 35
1362 32
1363 33
1364 34
1365 35
1366 32
1367 33
1368 34
1369 35
1370 40
1371 41
1372 42
1373 43
1374 48
1375 49
1376 50
1377 51
1378 0
1379 0
1380 0
1381 2
1382 4
1383 0
1384 0
1385 2
1386 0
1387 0
1388 0
1389 2
1390 4
1391 8
1392 8
1393 10
1394 16
1395 16
1396 16
1397 18
1398 20
1399 0
1400 0
1401 2
1402 0
1403 0
1404 0
1405 2
1406 4
1407 8
1408 8
1409 10
1410 32
1411 32
1412 32
1413 34
1414 36
1415 32
1416 32
1417 34
1418 32
1419 32
1420 32
1421 34
1422 36
1423 40
1424 40
1425 42
1426 48
1427 48
1428 48
1429 50
1430 52
1431 0
1432 1
1433 0
1434 1
1435 4
1436 5
1437 0
1438 1
1439 0
1440 1
1441 0
1442 1
1443 4
1444 5
1445 8
1446 9
1447 16
1448 17
1449 16
1450 17
1451 20
1452 21
1453 0
1454 1
1455 0
1456 1
1457 0
1458 1
1459 4
1460 5
1461 8
1462 9
1463 32
1464 33
1465 32
1466 33
1467 36
1468 37
1469 32
1470 33
1471 32
1472 33
1473 32
1474 33
1475 36
1476 37
1477 40
1478 41
1479 48
1480 49
1481 48
1482 49
1483 52
1484 53
1485 0
1486 0
1487 2
1488 0
1489 4
1490 4
1491 6
1492 0
1493 0
1494 0
1495 2
1496 0
1497 4
1498 4
1499 6
1500 8
1501 16
1502 16
1503 18
1504 16
1505 20
1506 20
1507 22
1508 0
1509 0
1510 0
1511 2
1512 0
1513 4
1514 4
1515 6
1516 8
1517 32
1518 32
1519 34
1520 32
1521 36
1522 36
1523 38
1524 32
1525 32
1526 32
1527 34
1528 32
1529 36
1530 36
1531 38
1532 40
1533 48
1534 48
1535 50
1536 48
1537 52
1538 52
1539 54
1540 0
1541 1
1542 2
1543 3
1544 4
1545 5
1546 6
1547 7
1548 0
1549 1
1550 2
1551 3
1552 4
1553 5
1554 6
1555 7
1556 16
1557 17
1558 18
1559 19
1560 20
1561 21
1562 22
1563 23
1564 0
1565 1
1566 2
1567 3
1568 4
1569 5
1570 6
1571 7
1572 32
1573 33
1574 34
1575 35
1576 36
1577 37
1578 38
1579 39
1580 32
1581 33
1582 34
1583 35
1584 36
1585 37
1586 38
1587 39
1588 48
1589 49
1590 50
1591 51
1592 52
1593 53
1594 54
1595 55
1596 0
1597 0
1598 0
1599 2
1600 0
1601 4
1602 4
1603 6
1604 8
1605 0
1606 0
1607 2
1608 0
1609 4
1610 4
1611 6
1612 16
1613 16
1614 16
1615 18
1616 16
1617 20
1618 20
1619 22
1620 24
1621 0
1622 0
1623 2
1624 0
1625 4
1626 4
1627 6
1628 32
1629 32
1630 32
1631 34
1632 32
1633 36
1634 36
1635 38
1636 40
1637 32
1638 32
1639 34
1640 32
1641 36
1642 36
1643 38
1644 48
1645 48
1646 48
1647 50
1648 48
1649 52
1650 52
1651 54
1652 56
1653 0
1654 1
1655 0
1656 1
1657 0
1658 1
1659 4
1660 5
1661 8
1662 9
1663 0
1664 1
1665 0
1666 1
1667 4
1668 5
1669 16
1670 17
1671 16
1672 17
1673 16
1674 17
1675 20
1676 21
1677 24
1678 25
1679 0
1680 1
1681 0
1682 1
1683 4
1684 5
1685 32
1686 33
1687 32
1688 33
1689 32
1690 33
1691 36
1692 37
1693 40
1694 41
1695 32
1696 33
1697 32
1698 33
1699 36
1700 37
1701 48
1702 49
1703 48
1704 49
1705 48
1706 49
1707 52
1708 53
1709 56
1710 57
1711 0
1712 0
1713 2
1714 0
1715 0
1716 0
1717 2
1718 4
1719 8
1720 8
1721 10
1722 0
1723 0
1724 0
1725 2
1726 4
1727 16
1728 16
1729 18
1730 16
1731 16
1732 16
1733 18
1734 20
1735 24
1736 24
1737 26
1738 0
1739 0
1740 0
1741 2
1742 4
1743 32
1744 32
1745 34
1746 32
1747 32
1748 32
1749 34
1750 36
1751 40
1752 40
1753 42
1754 32
1755 32
1756 32
1757 34
1758 36
1759 48
1760 48
1761 50
1762 48
1763 48
1764 48
1765 50
1766 52
1767 56
1768 56
1769 58
1770 0
1771 1
1772 2
1773 3
1774 0
1775 1
1776 2
1777 3
1778 8
1779 9
1780 10
1781 11
1782 0
1783 1
1784 2
1785 3
1786 16
1787 17
1788 18
1789 19
1790 16
1791 17
1792 18
1793 19
1794 24
1795 25
1796 26
1797 27
1798 0
1799 1
1800 2
1801 3
1802 32
1803 33
1804 34
1805 35
1806 32
1807 33
1808 34
1809 35
1810 40
1811 41
1812 42
1813 43
1814 32
1815 33
1816 34
1817 35
1818 48
1819 49
1820 50
1821 51
1822 48
1823 49
1824 50
1825 51
1826 56
1827 57
1828 58
1829 59
1830 0
1831 0
1832 0
1833 2
1834 4
1835 0
1836 0
1837 2
1838 8
1839 8
1840 8
1841 10
1842 12
1843 0
1844 0
1845 2
1846 16
1847 16
1848 16
1849 18
1850 20
1851 16
1852 16
1853 18
1854 24
1855 24
1856 24
1857 26
1858 28
1859 0
1860 0
1861 2
1862 32
1863 32
1864 32
1865 34
1866 36
1867 32
1868 32
1869 34
1870 40
1871 40
1872 40
1873 42
1874 44
1875 32
1876 32
1877 34
1878 48
1879 48
1880 48
1881 50
1882 52
1883 48
1884 48
1885 50
1886 56
1887 56
1888 56
1889 58
1890 60
1891 0
1892 1
1893 0
1894 1
1895 4
1896 5
1897 0
1898 1
1899 8
1900 9
1901 8
1902 9
1903 12
1904 13
1905 0
1906 1
1907 16
1908 17
1909 16
1910 17
1911 20
1912 21
1913 16
1914 17
1915 24
1916 25
1917 24
1918 25
1919 28
1920 29
1921 0
1922 1
1923 32
1924 33
1925 32
1926 33
1927 36
1928 37
1929 32
1930 33
1931 40
1932 41
1933 40
1934 41
1935 44
1936 45
1937 32
1938 33
1939 48
1940 49
1941 48
1942 49
1943 52
1944 53
1945 48
1946 49
1947 56
1948 57
1949 56
1950 57
1951 60
1952 61
1953 0
1954 0
1955 2
1956 0
1957 4
1958 4
1959 6
1960 0
1961 8
1962 8
1963 10
1964 8
1965 12
1966 12
1967 14
1968 0
1969 16
1970 16
1971 18
1972 16
1973 20
1974 20
1975 22
1976 16
1977 24
1978 24
1979 26
1980 24
1981 28
1982 28
1983 30
1984 0
1985 32
1986 32
1987 34
1988 32
1989 36
1990 36
1991 38
1992 32
1993 40
1994 40
1995 42
1996 40
1997 44
1998 44
1999 46
2000 32
2001 48
2002 48
2003 50
2004 48
2005 52
2006 52
2007 54
2008 48
2009 56
2010 56
2011 58
2012 56
2013 60
2014 60
2015 62
2016 0
2017 1
2018 2
2019 3
2020 4
2021 5
2022 6
2023 7
2024 8
2025 9
2026 10
2027 11
2028 12
2029 13
2030 14
2031 15
2032 16
2033 17
2034 18
2035 19
2036 20
2037 21
2038 22
2039 23
2040 24
2041 25
2042 26
2043 27
2044 28
2045 29
2046 30
2047 31
2048 32
2049 33
2050 34
2051 35
2052 36
2053 37
2054 38
2055 39
2056 40
2057 41
2058 42
2059 43
2060 44
2061 45
2062 46
2063 47
2064 48
2065 49
2066 50
2067 51
2068 52
2069 53
2070 54
2071 55
2072 56
2073 57
2074 58
2075 59
2076 60
2077 61
2078 62
2079 63
2080 0
2081 0
2082 0
2083 2
2084 0
2085 4
2086 4
2087 6
2088 0
2089 8
2090 8
2091 10
2092 8
2093 12
2094 12
2095 14
2096 0
2097 16
2098 16
2099 18
2100 16
2101 20
2102 20
2103 22
2104 16
2105 24
2106 24
2107 26
2108 24
2109 28
2110 28
2111 30
2112 0
2113 32
2114 32
2115 34
2116 32
2117 36
2118 36
2119 38
2120 32
2121 40
2122 40
2123 42
2124 40
2125 44
2126 44
2127 46
2128 32
2129 48
2130 48
2131 50
2132 48
2133 52
2134 52
2135 54
2136 48
2137 56
2138 56
2139 58
2140 56
2141 60
2142 60
2143 62
2144 64
2145 0
2146 1
2147 0
2148 1
2149 0
2150 1
2151 4
2152 5
2153 0
2154 1
2155 8
2156 9
2157 8
2158 9
2159 12
2160 13
2161 0
2162 1
2163 16
2164 17
2165 16
2166 17
2167 20
2168 21
2169 16
2170 17
2171 24
2172 25
2173 24
2174 25
2175 28
2176 29
2177 0
2178 1
2179 32
2180 33
2181 32
2182 33
2183 36
2184 37
2185 32
2186 33
2187 40
2188 41
2189 40
2190 41
2191 44
2192 45
2193 32
2194 33
2195 48
2196 49
2197 48
2198 49
2199 52
2200 53
2201 48
2202 49
2203 56
2204 57
2205 56
2206 57
2207 60
2208 61
2209 64
2210 65
2211 0
2212 0
2213 2
2214 0
2215 0
2216 0
2217 2
2218 4
2219 0
2220 0
2221 2
2222 8
2223 8
2224 8
2225 10
2226 12
2227 0
2228 0
2229 2
2230 16
2231 16
2232 16
2233 18
2234 20
2235 16
2236 16
2237 18
2238 24
2239 24
2240 24
2241 26
2242 28
2243 0
2244 0
2245 2
2246 32
2247 32
2248 32
2249 34
2250 36
2251 32
2252 32
2253 34
2254 40
2255 40
2256 40
2257 42
2258 44
2259 32
2260 32
2261 34
2262 48
2263 48
2264 48
2265 50
2266 52
2267 48
2268 48
2269 50
2270 56
2271 56
2272 56
2273 58
2274 60
2275 64
2276 64
2277 66
2278 0
2279 1
2280 2
2281 3
2282 0
2283 1
2284 2
2285 3
2286 0
2287 1
2288 2
2289 3
2290 8
2291 9
2292 10
2293 11
2294 0
2295 1
2296 2
2297 3
2298 16
2299 17
2300 18
2301 19
2302 16
2303 17
2304 18
2305 19
2306 24
2307 25
2308 26
2309 27
2310 0
2311 1
2312 2
2313 3
2314 32
2315 33
2316 34
2317 35
2318 32
2319 33
2320 34
2321 35
2322 40
2323 41
2324 42
2325 43
2326 32
2327 33
2328 34
2329 35
2330 48
2331 49
2332 50
2333 51
2334 48
2335 49
2336 50
2337 51
2338 56
2339 57
2340 58
2341 59
2342 64
2343 65
2344 66
2345 67
2346 0
2347 0
2348 0
2349 2
2350 4
2351 0
2352 0
2353 2
2354 0
2355 0
2356 0
2357 2
2358 4
2359 8
2360 8
2361 10
2362 0
2363 0
2364 0
2365 2
2366 4
2367 16
2368 16
2369 18
2370 16
2371 16
2372 16
2373 18
2374 20
2375 24
2376 24
2377 26
2378 0
2379 0
2380 0
2381 2
2382 4
2383 32
2384 32
2385 34
2386 32
2387 32
2388 32
2389 34
2390 36
2391 40
2392 40
2393 42
2394 32
2395 32
2396 32
2397 34
2398 36
2399 48
2400 48
2401 50
2402 48
2403 48
2404 48
2405 50
2406 52
2407 56
2408 56
2409 58
2410 64
2411 64
2412 64
2413 66
2414 68
2415 0
2416 1
2417 0
2418 1
2419 4
2420 5
2421 0
2422 1
2423 0
2424 1
2425 0
2426 1
2427 4
2428 5
2429 8
2430 9
2431 0
2432 1
2433 0
2434 1
2435 4
2436 5
2437 16
2438 17
2439 16
2440 17
2441 16
2442 17
2443 20
2444 21
2445 24
2446 25
2447 0
2448 1
2449 0
2450 1
2451 4
2452 5
2453 32
2454 33
2455 32
2456 33
2457 32
2458 33
2459 36
2460 37
2461 40
2462 41
2463 32
2464 33
2465 32
2466 33
2467 36
2468 37
2469 48
2470 49
2471 48
2472 49
2473 48
2474 49
2475 52
2476 53
2477 56
2478 57
2479 64
2480 65
2481 64
2482 65
2483 68
2484 69
2485 0
2486 0
2487 2
2488 0
2489 4
2490 4
2491 6
2492 0
2493 0
2494 0
2495 2
2496 0
2497 4
2498 4
2499 6
2500 8
2501 0
2502 0
2503 2
2504 0
2505 4
2506 4
2507 6
2508 16
2509 16
2510 16
2511 18
2512 16
2513 20
2514 20
2515 22
2516 24
2517 0
2518 0
2519 2
2520 0
2521 4
2522 4
2523 6
2524 32
2525 32
2526 32
2527 34
2528 32
2529 36
2530 36
2531 38
2532 40
2533 32
2534 32
2535 34
2536 32
2537 36
2538 36
2539 38
2540 48
2541 48
2542 48
2543 50
2544 48
2545 52
2546 52
2547 54
2548 56
2549 64
2550 64
2551 66
2552 64
2553 68
2554 68
2555 70
2556 0
2557 1
2558 2
2559 3
2560 4
2561 5
2562 6
2563 7
2564 0
2565 1
2566 2
2567 3
2568 4
2569 5
2570 6
2571 7
2572 0
2573 1
2574 2
2575 3
2576 4
2577 5
2578 6
2579 7
2580 16
2581 17
2582 18
2583 19
2584 20
2585 21
2586 22
2587 23
2588 0
2589 1
2590 2
2591 3
2592 4
2593 5
2594 6
2595 7
2596 32
2597 33
2598 34
2599 35
2600 36
2601 37
2602 38
2603 39
2604 32
2605 33
2606 34
2607 35
2608 36
2609 37
2610 38
2611 39
2612 48
2613 49
2614 50
2615 51
2616 52
2617 53
2618 54
2619 55
2620 64
2621 65
2622 66
2623 67
2624 68
2625 69
2626 70
2627 71
2628 0
2629 0
2630 0
2631 2
2632 0
2633 4
2634 4
2635 6
2636 8
2637 0
2638 0
2639 2
2640 0
2641 4
2642 4
2643 6
2644 0
2645 0
2646 0
2647 2
2648 0
2649 4
2650 4
2651 6
2652 8
2653 16
2654 16
2655 18
2656 16
2657 20
2658 20
2659 22
2660 0
2661 0
2662 0
2663 2
2664 0
2665 4
2666 4
2667 6
2668 8
2669 32
2670 32
2671 34
2672 32
2673 36
2674 36
2675 38
2676 32
2677 32
2678 32
2679 34
2680 32
2681 36
2682 36
2683 38
2684 40
2685 48
2686 48
2687 50
2688 48
2689 52
2690 52
2691 54
2692 64
2693 64
2694 64
2695 66
2696 64
2697 68
2698 68
2699 70
2700 72
2701 0
2702 1
2703 0
2704 1
2705 0
2706 1
2707 4
2708 5
2709 8
2710 9
2711 0
2712 1
2713 0
2714 1
2715 4
2716 5
2717 0
2718 1
2719 0
2720 1
2721 0
2722 1
2723 4
2724 5
2725 8
2726 9
2727 16
2728 17
2729 16
2730 17
2731 20
2732 21
2733 0
2734 1
2735 0
2736 1
2737 0
2738 1
2739 4
2740 5
2741 8
2742 9
2743 32
2744 33
2745 32
2746 33
2747 36
2748 37
2749 32
2750 33
2751 32
2752 33
2753 32
2754 33
2755 36
2756 37
2757 40
2758 41
2759 48
2760 49
2761 48
2762 49
2763 52
2764 53
2765 64
2766 65
2767 64
2768 65
2769 64
2770 65
2771 68
2772 69
2773 72
2774 73
2775 0
2776 0
2777 2
2778 0
2779 0
2780 0
2781 2
2782 4
2783 8
2784 8
2785 10
2786 0
2787 0
2788 0
2789 2
2790 4
2791 0
2792 0
2793 2
2794 0
2795 0
2796 0
2797 2
2798 4
2799 8
2800 8
2801 10
2802 16
2803 16
2804 16
2805 18
2806 20
2807 0
2808 0
2809 2
2810 0
2811 0
2812 0
2813 2
2814 4
2815 8
2816 8
2817 10
2818 32
2819 32
2820 32
2821 34
2822 36
2823 32
2824 32
2825 34
2826 32
2827 32
2828 32
2829 34
2830 36
2831 40
2832 40
2833 42
2834 48
2835 48
2836 48
2837 50
2838 52
2839 64
2840 64
2841 66
2842 64
2843 64
2844 64
2845 66
2846 68
2847 72
2848 72
2849 74
2850 0
2851 1
2852 2
2853 3
2854 0
2855 1
2856 2
2857 3
2858 8
2859 9
2860 10
2861 11
2862 0
2863 1
2864 2
2865 3
2866 0
2867 1
2868 2
2869 3
2870 0
2871 1
2872 2
2873 3
2874 8
2875 9
2876 10
2877 11
2878 16
2879 17
2880 18
2881 19
2882 0
2883 1
2884 2
2885 3
2886 0
2887 1
2888 2
2889 3
2890 8
2891 9
2892 10
2893 11
2894 32
2895 33
2896 34
2897 35
2898 32
2899 33
2900 34
2901 35
2902 32
2903 33
2904 34
2905 35
2906 40
2907 41
2908 42
2909 43
2910 48
2911 49
2912 50
2913 51
2914 64
2915 65
2916 66
2917 67
2918 64
2919 65
2920 66
2921 67
2922 72
2923 73
2924 74
2925 75
2926 0
2927 0
2928 0
2929 2
2930 4
2931 0
2932 0
2933 2
2934 8
2935 8
2936 8
2937 10
2938 12
2939 0
2940 0
2941 2
2942 0
2943 0
2944 0
2945 2
2946 4
2947 0
2948 0
2949 2
2950 8
2951 8
2952 8
2953 10
2954 12
2955 16
2956 16
2957 18
2958 0
2959 0
2960 0
2961 2
2962 4
2963 0
2964 0
2965 2
2966 8
2967 8
2968 8
2969 10
2970 12
2971 32
2972 32
2973 34
2974 32
2975 32
2976 32
2977 34
2978 36
2979 32
2980 32
2981 34
2982 40
2983 40
2984 40
2985 42
2986 44
2987 48
2988 48
2989 50
2990 64
2991 64
2992 64
2993 66
2994 68
2995 64
2996 64
2997 66
2998 72
2999 72
3000 72
3001 74
3002 76
3003 0
3004 1
3005 0
3006 1
3007 4
3008 5
3009 0
3010 1
3011 8
3012 9
3013 8
3014 9
3015 12
3016 13
3017 0
3018 1
3019 0
3020 1
3021 0
3022 1
3023 4
3024 5
3025 0
3026 1
3027 8
3028 9
3029 8
3030 9
3031 12
3032 13
3033 16
3034 17
3035 0
3036 1
3037 0
3038 1
3039 4
3040 5
3041 0
3042 1
3043 8
3044 9
3045 8
3046 9
3047 12
3048 13
3049 32
3050 33
3051 32
3052 33
3053 32
3054 33
3055 36
3056 37
3057 32
3058 33
3059 40
3060 41
3061 40
3062 41
3063 44
3064 45
3065 48
3066 49
3067 64
3068 65
3069 64
3070 65
3071 68
3072 69
3073 64
3074 65
3075 72
3076 73
3077 72
3078 73
3079 76
3080 77
3081 0
3082 0
3083 2
3084 0
3085 4
3086 4
3087 6
3088 0
3089 8
3090 8
3091 10
3092 8
3093 12
3094 12
3095 14
3096 0
3097 0
3098 0
3099 2
3100 0
3101 4
3102 4
3103 6
3104 0
3105 8
3106 8
3107 10
3108 8
3109 12
3110 12
3111 14
3112 16
3113 0
3114 0
3115 2
3116 0
3117 4
3118 4
3119 6
3120 0
3121 8
3122 8
3123 10
3124 8
3125 12
3126 12
3127 14
3128 32
3129 32
3130 32
3131 34
3132 32
3133 36
3134 36
3135 38
3136 32
3137 40
3138 40
3139 42
3140 40
3141 44
3142 44
3143 46
3144 48
3145 64
3146 64
3147 66
3148 64
3149 68
3150 68
3151 70
3152 64
3153 72
3154 72
3155 74
3156 72
3157 76
3158 76
3159 78
3160 0
3161 1
3162 2
3163 3
3164 4
3165 5
3166 6
3167 7
3168 8
3169 9
3170 10
3171 11
3172 12
3173 13
3174 14
3175 15
3176 0
3177 1
3178 2
3179 3
3180 4
3181 5
3182 6
3183 7
3184 8
3185 9
3186 10
3187 11
3188 12
3189 13
3190 14
3191 15
3192 0
3193 1
3194 2
3195 3
3196 4
3197 5
3198 6
3199 7
3200 8
3201 9
3202 10
3203 11
3204 12
3205 13
3206 14
3207 15
3208 32
3209 33
3210 34
3211 35
3212 36
3213 37
3214 38
3215 39
3216 40
3217 41
3218 42
3219 43
3220 44
3221 45
3222 46
3223 47
3224 64
3225 65
3226 66
3227 67
3228 68
3229 69
3230 70
3231 71
3232 72
3233 73
3234 74
3235 75
3236 76
3237 77
3238 78
3239 79
3240 0
3241 0
3242 0
3243 2
3244 0
3245 4
3246 4
3247 6
3248 0
3249 8
3250 8
3251 10
3252 8
3253 12
3254 12
3255 14
3256 16
3257 0
3258 0
3259 2
3260 0
3261 4
3262 4
3263 6
3264 0
3265 8
3266 8
3267 10
3268 8
3269 12
3270 12
3271 14
3272 0
3273 0
3274 0
3275 2
3276 0
3277 4
3278 4
3279 6
3280 0
3281 8
3282 8
3283 10
3284 8
3285 12
3286 12
3287 14
3288 16
3289 32
3290 32
3291 34
3292 32
3293 36
3294 36
3295 38
3296 32
3297 40
3298 40
3299 42
3300 40
3301 44
3302 44
3303 46
3304 64
3305 64
3306 64
3307 66
3308 64
3309 68
3310 68
3311 70
3312 64
3313 72
3314 72
3315 74
3316 72
3317 76
3318 76
3319 78
3320 80
3321 0
3322 1
3323 0
3324 1
3325 0
3326 1
3327 4
3328 5
3329 0
3330 1
3331 8
3332 9
3333 8
3334 9
3335 12
3336 13
3337 16
3338 17
3339 0
3340 1
3341 0
3342 1
3343 4
3344 5
3345 0
3346 1
3347 8
3348 9
3349 8
3350 9
3351 12
3352 13
3353 0
3354 1
3355 0
3356 1
3357 0
3358 1
3359 4
3360 5
3361 0
3362 1
3363 8
3364 9
3365 8
3366 9
3367 12
3368 13
3369 16
3370 17
3371 32
3372 33
3373 32
3374 33
3375 36
3376 37
3377 32
3378 33
3379 40
3380 41
3381 40
3382 41
3383 44
3384 45
3385 64
3386 65
3387 64
3388 65
3389 64
3390 65
3391 68
3392 69
3393 64
3394 65
3395 72
3396 73
3397 72
3398 73
3399 76
3400 77
3401 80
3402 81
3403 0
3404 0
3405 2
3406 0
3407 0
3408 0
3409 2
3410 4
3411 0
3412 0
3413 2
3414 8
3415 8
3416 8
3417 10
3418 12
3419 16
3420 16
3421 18
3422 0
3423 0
3424 0
3425 2
3426 4
3427 0
3428 0
3429 2
3430 8
3431 8
3432 8
3433 10
3434 12
3435 0
3436 0
3437 2
3438 0
3439 0
3440 0
3441 2
3442 4
3443 0
3444 0
3445 2
3446 8
3447 8
3448 8
3449 10
3450 12
3451 16
3452 16
3453 18
3454 32
3455 32
3456 32
3457 34
3458 36
3459 32
3460 32
3461 34
3462 40
3463 40
3464 40
3465 42
3466 44
3467 64
3468 64
3469 66
3470 64
3471 64
3472 64
3473 66
3474 68
3475 64
3476 64
3477 66
3478 72
3479 72
3480 72
3481 74
3482 76
3483 80
3484 80
3485 82
3486 0
3487 1
3488 2
3489 3
3490 0
3491 1
3492 2
3493 3
3494 0
3495 1
3496 2
3497 3
3498 8
3499 9
3500 10
3501 11
3502 16
3503 17
3504 18
3505 19
3506 0
3507 1
3508 2
3509 3
3510 0
3511 1
3512 2
3513 3
3514 8
3515 9
3516 10
3517 11
3518 0
3519 1
3520 2
3521 3
3522 0
3523 1
3524 2
3525 3
3526 0
3527 1
3528 2
3529 3
3530 8
3531 9
3532 10
3533 11
3534 16
3535 17
3536 18
3537 19
3538 32
3539 33
3540 34
3541 35
3542 32
3543 33
3544 34
3545 35
3546 40
3547 41
3548 42
3549 43
3550 64
3551 65
3552 66
3553 67
3554 64
3555 65
3556 66
3557 67
3558 64
3559 65
3560 66
3561 67
3562 72
3563 73
3564 74
3565 75
3566 80
3567 81
3568 82
3569 83
3570 0
3571 0
3572 0
3573 2
3574 4
3575 0
3576 0
3577 2
3578 0
3579 0
3580 0
3581 2
3582 4
3583 8
3584 8
3585 10
3586 16
3587 16
3588 16
3589 18
3590 20
3591 0
3592 0
3593 2
3594 0
3595 0
3596 0
3597 2
3598 4
3599 8
3600 8
3601 10
3602 0
3603 0
3604 0
3605 2
3606 4
3607 0
3608 0
3609 2
3610 0
3611 0
3612 0
3613 2
3614 4
3615 8
3616 8
3617 10
3618 16
3619 16
3620 16
3621 18
3622 20
3623 32
3624 32
3625 34
3626 32
3627 32
3628 32
3629 34
3630 36
3631 40
3632 40
3633 42
3634 64
3635 64
3636 64
3637 66
3638 68
3639 64
3640 64
3641 66
3642 64
3643 64
3644 64
3645 66
3646 68
3647 72
3648 72
3649 74
3650 80
3651 80
3652 80
3653 82
3654 84
3655 0
3656 1
3657 0
3658 1
3659 4
3660 5
3661 0
3662 1
3663 0
3664 1
3665 0
3666 1
3667 4
3668 5
3669 8
3670 9
3671 16
3672 17
3673 16
3674 17
3675 20
3676 21
3677 0
3678 1
3679 0
3680 1
3681 0
3682 1
3683 4
3684 5
3685 8
3686 9
3687 0
3688 1
3689 0
3690 1
3691 4
3692 5
3693 0
3694 1
3695 0
3696 1
3697 0
3698 1
3699 4
3700 5
3701 8
3702 9
3703 16
3704 17
3705 16
3706 17
3707 20
3708 21
3709 32
3710 33
3711 32
3712 33
3713 32
3714 33
3715 36
3716 37
3717 40
3718 41
3719 64
3720 65
3721 64
3722 65
3723 68
3724 69
3725 64
3726 65
3727 64
3728 65
3729 64
3730 65
3731 68
3732 69
3733 72
3734 73
3735 80
3736 81
3737 80
3738 81
3739 84
3740 85
3741 0
3742 0
3743 2
3744 0
3745 4
3746 4
3747 6
3748 0
3749 0
3750 0
3751 2
3752 0
3753 4
3754 4
3755 6
3756 8
3757 16
3758 16
3759 18
3760 16
3761 20
3762 20
3763 22
3764 0
3765 0
3766 0
3767 2
3768 0
3769 4
3770 4
3771 6
3772 8
3773 0
3774 0
3775 2
3776 0
3777 4
3778 4
3779 6
3780 0
3781 0
3782 0
3783 2
3784 0
3785 4
3786 4
3787 6
3788 8
3789 16
3790 16
3791 18
3792 16
3793 20
3794 20
3795 22
3796 32
3797 32
3798 32
3799 34
3800 32
3801 36
3802 36
3803 38
3804 40
3805 64
3806 64
3807 66
3808 64
3809 68
3810 68
3811 70
3812 64
3813 64
3814 64
3815 66
3816 64
3817 68
3818 68
3819 70
3820 72
3821 80
3822 80
3823 82
3824 80
3825 84
3826 84
3827 86
3828 0
3829 1
3830 2
3831 3
3832 4
3833 5
3834 6
3835 7
3836 0
3837 1
3838 2
3839 3
3840 4
3841 5
3842 6
3843 7
3844 16
3845 17
3846 18
3847 19
3848 20
3849 21
3850 22
3851 23
3852 0
3853 1
3854 2
3855 3
3856 4
3857 5
3858 6
3859 7
3860 0
3861 1
3862 2
3863 3
3864 4
3865 5
3866 6
3867 7
3868 0
3869 1
3870 2
3871 3
3872 4
3873 5
3874 6
3875 7
3876 16
3877 17
3878 18
3879 19
3880 20
3881 21
3882 22
3883 23
3884 32
3885 33
3886 34
3887 35
3888 36
3889 37
3890 38
3891 39
3892 64
3893 65
3894 66
3895 67
3896 68
3897 69
3898 70
3899 71
3900 64
3901 65
3902 66
3903 67
3904 68
3905 69
3906 70
3907 71
3908 80
3909 81
3910 82
3911 83
3912 84
3913 85
3914 86
3915 87
3916 0
3917 0
3918 0
3919 2
3920 0
3921 4
3922 4
3923 6
3924 8
3925 0
3926 0
3927 2
3928 0
3929 4
3930 4
3931 6
3932 16
3933 16
3934 16
3935 18
3936 16
3937 20
3938 20
3939 22
3940 24
3941 0
3942 0
3943 2
3944 0
3945 4
3946 4
3947 6
3948 0
3949 0
3950 0
3951 2
3952 0
3953 4
3954 4
3955 6
3956 8
3957 0
3958 0
3959 2
3960 0
3961 4
3962 4
3963 6
3964 16
3965 16
3966 16
3967 18
3968 16
3969 20
3970 20
3971 22
3972 24
3973 32
3974 32
3975 34
3976 32
3977 36
3978 36
3979 38
3980 64
3981 64
3982 64
3983 66
3984 64
3985 68
3986 68
3987 70
3988 72
3989 64
3990 64
3991 66
3992 64
3993 68
3994 68
3995 70
3996 80
3997 80
3998 80
3999 82
4000 80
4001 84
4002 84
4003 86
4004 88
4005 0
4006 1
4007 0
4008 1
4009 0
4010 1
4011 4
4012 5
4013 8
4014 9
4015 0
4016 1
4017 0
4018 1
4019 4
4020 5
4021 16
4022 17
4023 16
4024 17
4025 16
4026 17
4027 20
4028 21
4029 24
4030 25
4031 0
4032 1
4033 0
4034 1
4035 4
4036 5
4037 0
4038 1
4039 0
4040 1
4041 0
4042 1
4043 4
4044 5
4045 8
4046 9
4047 0
4048 1
4049 0
4050 1
4051 4
4052 5
4053 16
4054 17
4055 16
4056 17
4057 16
4058 17
4059 20
4060 21
4061 24
4062 25
4063 32
4064 33
4065 32
4066 33
4067 36
4068 37
4069 64
4070 65
4071 64
4072 65
4073 64
4074 65
4075 68
4076 69
4077 72
4078 73
4079 64
4080 65
4081 64
4082 65
4083 68
4084 69
4085 80
4086 81
4087 80
4088 81
4089 80
4090 81
4091 84
4092 85
4093 88
4094 89
4095 0
4096 0
4097 2
4098 0
4099 0
4100 0
4101 2
4102 4
4103 8
4104 8
4105 10
4106 0
4107 0
4108 0
4109 2
4110 4
4111 16
4112 16
4113 18
4114 16
4115 16
4116 16
4117 18
4118 20
4119 24
4120 24
4121 26
4122 0
4123 0
4124 0
4125 2
4126 4
4127 0
4128 0
4129 2
4130 0
4131 0
4132 0
4133 2
4134 4
4135 8
4136 8
4137 10
4138 0
4139 0
4140 0
4141 2
4142 4
4143 16
4144 16
4145 18
4146 16
4147 16
4148 16
4149 18
4150 20
4151 24
4152 24
4153 26
4154 32
4155 32
4156 32
4157 34
4158 36
4159 64
4160 64
4161 66
4162 64
4163 64
4164 64
4165 66
4166 68
4167 72
4168 72
4169 74
4170 64
4171 64
4172 64
4173 66
4174 68
4175 80
4176 80
4177 82
4178 80
4179 80
4180 80
4181 82
4182 84
4183 88
4184 88
4185 90
4186 0
4187 1
4188 2
4189 3
4190 0
4191 1
4192 2
4193 3
4194 8
4195 9
4196 10
4197 11
4198 0
4199 1
4200 2
4201 3
4202 16
4203 17
4204 18
4205 19
4206 16
4207 17
4208 18
4209 19
4210 24
4211 25
4212 26
4213 27
4214 0
4215 1
4216 2
4217 3
4218 0
4219 1
4220 2
4221 3
4222 0
4223 1
4224 2
4225 3
4226 8
4227 9
4228 10
4229 11
4230 0
4231 1
4232 2
4233 3
4234 16
4235 17
4236 18
4237 19
4238 16
4239 17
4240 18
4241 19
4242 24
4243 25
4244 26
4245 27
4246 32
4247 33
4248 34
4249 35
4250 64
4251 65
4252 66
4253 67
4254 64
4255 65
4256 66
4257 67
4258 72
4259 73
4260 74
4261 75
4262 64
4263 65
4264 66
4265 67
4266 80
4267 81
4268 82
4269 83
4270 80
4271 81
4272 82
4273 83
4274 88
4275 89
4276 90
4277 91
4278 0
4279 0
4280 0
4281 2
4282 4
4283 0
4284 0
4285 2
4286 8
4287 8
4288 8
4289 10
4290 12
4291 0
4292 0
4293 2
4294 16
4295 16
4296 16
4297 18
4298 20
4299 16
4300 16
4301 18
4302 24
4303 24
4304 24
4305 26
4306 28
4307 0
4308 0
4309 2
4310 0
4311 0
4312 0
4313 2
4314 4
4315 0
4316 0
4317 2
4318 8
4319 8
4320 8
4321 10
4322 12
4323 0
4324 0
4325 2
4326 16
4327 16
4328 16
4329 18
4330 20
4331 16
4332 16
4333 18
4334 24
4335 24
4336 24
4337 26
4338 28
4339 32
4340 32
4341 34
4342 64
4343 64
4344 64
4345 66
4346 68
4347 64
4348 64
4349 66
4350 72
4351 72
4352 72
4353 74
4354 76
4355 64
4356 64
4357 66
4358 80
4359 80
4360 80
4361 82
4362 84
4363 80
4364 80
4365 82
4366 88
4367 88
4368 88
4369 90
4370 92
4371 0
4372 1
4373 0
4374 1
4375 4
4376 5
4377 0
4378 1
4379 8
4380 9
4381 8
4382 9
4383 12
4384 13
4385 0
4386 1
4387 16
4388 17
4389 16
4390 17
4391 20
4392 21
4393 16
4394 17
4395 24
4396 25
4397 24
4398 25
4399 28
4400 29
4401 0
4402 1
4403 0
4404 1
4405 0
4406 1
4407 4
4408 5
4409 0
4410 1
4411 8
4412 9
4413 8
4414 9
4415 12
4416 13
4417 0
4418 1
4419 16
4420 17
4421 16
4422 17
4423 20
4424 21
4425 16
4426 17
4427 24
4428 25
4429 24
4430 25
4431 28
4432 29
4433 32
4434 33
4435 64
4436 65
4437 64
4438 65
4439 68
4440 69
4441 64
4442 65
4443 72
4444 73
4445 72
4446 73
4447 76
4448 77
4449 64
4450 65
4451 80
4452 81
4453 80
4454 81
4455 84
4456 85
4457 80
4458 81
4459 88
4460 89
4461 88
4462 89
4463 92
4464 93
4465 0
4466 0
4467 2
4468 0
4469 4
4470 4
4471 6
4472 0
4473 8
4474 8
4475 10
4476 8
4477 12
4478 12
4479 14
4480 0
4481 16
4482 16
4483 18
4484 16
4485 20
4486 20
4487 22
4488 16
4489 24
4490 24
4491 26
4492 24
4493 28
4494 28
4495 30
4496 0
4497 0
4498 0
4499 2
4500 0
4501 4
4502 4
4503 6
4504 0
4505 8
4506 8
4507 10
4508 8
4509 12
4510 12
4511 14
4512 0
4513 16
4514 16
4515 18
4516 16
4517 20
4518 20
4519 22
4520 16
4521 24
4522 24
4523 26
4524 24
4525 28
4526 28
4527 30
4528 32
4529 64
4530 64
4531 66
4532 64
4533 68
4534 68
4535 70
4536 64
4537 72
4538 72
4539 74
4540 72
4541 76
4542 76
4543 78
4544 64
4545 80
4546 80
4547 82
4548 80
4549 84
4550 84
4551 86
4552 80
4553 88
4554 88
4555 90
4556 88
4557 92
4558 92
4559 94
4560 0
4561 1
4562 2
4563 3
4564 4
4565 5
4566 6
4567 7
4568 8
4569 9
4570 10
4571 11
4572 12
4573 13
4574 14
4575 15
4576 16
4577 17
4578 18
4579 19
4580 20
4581 21
4582 22
4583 23
4584 24
4585 25
4586 26
4587 27
4588 28
4589 29
4590 30
4591 31
4592 0
4593 1
4594 2
4595 3
4596 4
4597 5
4598 6
4599 7
4600 8
4601 9
4602 10
4603 11
4604 12
4605 13
4606 14
4607 15
4608 16
4609 17
4610 18
4611 19
4612 20
4613 21
4614 22
4615 23
4616 24
4617 25
4618 26
4619 27
4620 28
4621 29
4622 30
4623 31
4624 64
4625 65
4626 66
4627 67
4628 68
4629 69
4630 70
4631 71
4632 72
4633 73
4634 74
4635 75
4636 76
4637 77
4638 78
4639 79
4640 80
4641 81
4642 82
4643 83
4644 84
4645 85
4646 86
4647 87
4648 88
4649 89
4650 90
4651 91
4652 92
4653 93
4654 94
4655 95
4656 0
4657 0
4658 0
4659 2
4660 0
4661 4
4662 4
4663 6
4664 0
4665 8
4666 8
4667 10
4668 8
4669 12
4670 12
4671 14
4672 0
4673 16
4674 16
4675 18
4676 16
4677 20
4678 20
4679 22
4680 16
4681 24
4682 24
4683 26
4684 24
4685 28
4686 28
4687 30
4688 32
4689 0
4690 0
4691 2
4692 0
4693 4
4694 4
4695 6
4696 0
4697 8
4698 8
4699 10
4700 8
4701 12
4702 12
4703 14
4704 0
4705 16
4706 16
4707 18
4708 16
4709 20
4710 20
4711 22
4712 16
4713 24
4714 24
4715 26
4716 24
4717 28
4718 28
4719 30
4720 64
4721 64
4722 64
4723 66
4724 64
4725 68
4726 68
4727 70
4728 64
4729 72
4730 72
4731 74
4732 72
4733 76
4734 76
4735 78
4736 64
4737 80
4738 80
4739 82
4740 80
4741 84
4742 84
4743 86
4744 80
4745 88
4746 88
4747 90
4748 88
4749 92
4750 92
4751 94
4752 96
4753 0
4754 1
4755 0
4756 1
4757 0
4758 1
4759 4
4760 5
4761 0
4762 1
4763 8
4764 9
4765 8
4766 9
4767 12
4768 13
4769 0
4770 1
4771 16
4772 17
4773 16
4774 17
4775 20
4776 21
4777 16
4778 17
4779 24
4780 25
4781 24
4782 25
4783 28
4784 29
4785 32
4786 33
4787 0
4788 1
4789 0
4790 1
4791 4
4792 5
4793 0
4794 1
4795 8
4796 9
4797 8
4798 9
4799 12
4800 13
4801 0
4802 1
4803 16
4804 17
4805 16
4806 17
4807 20
4808 21
4809 16
4810 17
4811 24
4812 25
4813 24
4814 25
4815 28
4816 29
4817 64
4818 65
4819 64
4820 65
4821 64
4822 65
4823 68
4824 69
4825 64
4826 65
4827 72
4828 73
4829 72
4830 73
4831 76
4832 77
4833 64
4834 65
4835 80
4836 81
4837 80
4838 81
4839 84
4840 85
4841 80
4842 81
4843 88
4844 89
4845 88
4846 89
4847 92
4848 93
4849 96
4850 97
4851 0
4852 0
4853 2
4854 0
4855 0
4856 0
4857 2
4858 4
4859 0
4860 0
4861 2
4862 8
4863 8
4864 8
4865 10
4866 12
4867 0
4868 0
4869 2
4870 16
4871 16
4872 16
4873 18
4874 20
4875 16
4876 16
4877 18
4878 24
4879 24
4880 24
4881 26
4882 28
4883 32
4884 32
4885 34
4886 0
4887 0
4888 0
4889 2
4890 4
4891 0
4892 0
4893 2
4894 8
4895 8
4896 8
4897 10
4898 12
4899 0
4900 0
4901 2
4902 16
4903 16
4904 16
4905 18
4906 20
4907 16
4908 16
4909 18
4910 24
4911 24
4912 24
4913 26
4914 28
4915 64
4916 64
4917 66
4918 64
4919 64
4920 64
4921 66
4922 68
4923 64
4924 64
4925 66
4926 72
4927 72
4928 72
4929 74
4930 76
4931 64
4932 64
4933 66
4934 80
4935 80
4936 80
4937 82
4938 84
4939 80
4940 80
4941 82
4942 88
4943 88
4944 88
4945 90
4946 92
4947 96
4948 96
4949 98
4950 0
4951 1
4952 2
4953 3
4954 0
4955 1
4956 2
4957 3
4958 0
4959 1
4960 2
4961 3
4962 8
4963 9
4964 10
4965 11
4966 0
4967 1
4968 2
4969 3
4970 16
4971 17
4972 18
4973 19
4974 16
4975 17
4976 18
4977 19
4978 24
4979 25
4980 26
4981 27
4982 32
4983 33
4984 34
4985 35
4986 0
4987 1
4988 2
4989 3
4990 0
4991 1
4992 2
4993 3
4994 8
4995 9
4996 10
4997 11
4998 0
4999 1
5000 2
5001 3
5002 16
5003 17
5004 18
5005 19
5006 16
5007 17
5008 18
5009 19
5010 24
5011 25
5012 26
5013 27
5014 64
5015 65
5016 66
5017 67
5018 64
5019 65
5020 66
5021 67
5022 64
5023 65
5024 66
5025 67
5026 72
5027 73
5028 74
5029 75
5030 64
5031 65
5032 66
5033 67
5034 80
5035 81
5036 82
5037 83
5038 80
5039 81
5040 82
5041 83
5042 88
5043 89
5044 90
5045 91
5046 96
5047 97
5048 98
5049 99
5050 0
5051 0
5052 0
5053 2
5054 4
5055 0
5056 0
5057 2
5058 0
5059 0
5060 0
5061 2
5062 4
5063 8
5064 8
5065 10
5066 0
5067 0
5068 0
5069 2
5070 4
5071 16
5072 16
5073 18
5074 16
5075 16
5076 16
5077 18
5078 20
5079 24
5080 24
5081 26
5082 32
5083 32
5084 32
5085 34
5086 36
5087 0
5088 0
5089 2
5090 0
5091 0
5092 0
5093 2
5094 4
5095 8
5096 8
5097 10
5098 0
5099 0
5100 0
5101 2
5102 4
5103 16
5104 16
5105 18
5106 16
5107 16
5108 16
5109 18
5110 20
5111 24
5112 24
5113 26
5114 64
5115 64
5116 64
5117 66
5118 68
5119 64
5120 64
5121 66
5122 64
5123 64
5124 64
5125 66
5126 68
5127 72
5128 72
5129 74
5130 64
5131 64
5132 64
5133 66
5134 68
5135 80
5136 80
5137 82
5138 80
5139 80
5140 80
5141 82
5142 84
5143 88
5144 88
5145 90
5146 96
5147 96
5148 96
5149 98
5150 100
5151 0
5152 1
5153 0
5154 1
5155 4
5156 5
5157 0
5158 1
5159 0
5160 1
5161 0
5162 1
5163 4
5164 5
5165 8
5166 9
5167 0
5168 1
5169 0
5170 1
5171 4
5172 5
5173 16
5174 17
5175 16
5176 17
5177 16
5178 17
5179 20
5180 21
5181 24
5182 25
5183 32
5184 33
5185 32
5186 33
5187 36
5188 37
5189 0
5190 1
5191 0
5192 1
5193 0
5194 1
5195 4
5196 5
5197 8
5198 9
5199 0
5200 1
5201 0
5202 1
5203 4
5204 5
5205 16
5206 17
5207 16
5208 17
5209 16
5210 17
5211 20
5212 21
5213 24
5214 25
5215 64
5216 65
5217 64
5218 65
5219 68
5220 69
5221 64
5222 65
5223 64
5224 65
5225 64
5226 65
5227 68
5228 69
5229 72
5230 73
5231 64
5232 65
5233 64
5234 65
5235 68
5236 69
5237 80
5238 81
5239 80
5240 81
5241 80
5242 81
5243 84
5244 85
5245 88
5246 89
5247 96
5248 97
5249 96
5250 97
5251 100
5252 101
5253 0
5254 0
5255 2
5256 0
5257 4
5258 4
5259 6
5260 0
5261 0
5262 0
5263 2
5264 0
5265 4
5266 4
5267 6
5268 8
5269 0
5270 0
5271 2
5272 0
5273 4
5274 4
5275 6
5276 16
5277 16
5278 16
5279 18
5280 16
5281 20
5282 20
5283 22
5284 24
5285 32
5286 32
5287 34
5288 32
5289 36
5290 36
5291 38
5292 0
5293 0
5294 0
5295 2
5296 0
5297 4
5298 4
5299 6
5300 8
5301 0
5302 0
5303 2
5304 0
5305 4
5306 4
5307 6
5308 16
5309 16
5310 16
5311 18
5312 16
5313 20
5314 20
5315 22
5316 24
5317 64
5318 64
5319 66
5320 64
5321 68
5322 68
5323 70
5324 64
5325 64
5326 64
5327 66
5328 64
5329 68
5330 68
5331 70
5332 72
5333 64
5334 64
5335 66
5336 64
5337 68
5338 68
5339 70
5340 80
5341 80
5342 80
5343 82
5344 80
5345 84
5346 84
5347 86
5348 88
5349 96
5350 96
5351 98
5352 96
5353 100
5354 100
5355 102
5356 0
5357 1
5358 2
5359 3
5360 4
5361 5
5362 6
5363 7
5364 0
5365 1
5366 2
5367 3
5368 4
5369 5
5370 6
5371 7
5372 0
5373 1
5374 2
5375 3
5376 4
5377 5
5378 6
5379 7
5380 16
5381 17
5382 18
5383 19
5384 20
5385 21
5386 22
5387 23
5388 32
5389 33
5390 34
5391 35
5392 36
5393 37
5394 38
5395 39
5396 0
5397 1
5398 2
5399 3
5400 4
5401 5
5402 6
5403 7
5404 0
5405 1
5406 2
5407 3
5408 4
5409 5
5410 6
5411 7
5412 16
5413 17
5414 18
5415 19
5416 20
5417 21
5418 22
5419 23
5420 64
5421 65
5422 66
5423 67
5424 68
5425 69
5426 70
5427 71
5428 64
5429 65
5430 66
5431 67
5432 68
5433 69
5434 70
5435 71
5436 64
5437 65
5438 66
5439 67
5440 68
5441 69
5442 70
5443 71
5444 80
5445 81
5446 82
5447 83
5448 84
5449 85
5450 86
5451 87
5452 96
5453 97
5454 98
5455 99
5456 100
5457 101
5458 102
5459 103
5460 0
5461 0
5462 0
5463 2
5464 0
5465 4
5466 4
5467 6
5468 8
5469 0
5470 0
5471 2
5472 0
5473 4
5474 4
5475 6
5476 0
5477 0
5478 0
5479 2
5480 0
5481 4
5482 4
5483 6
5484 8
5485 16
5486 16
5487 18
5488 16
5489 20
5490 20
5491 22
5492 32
5493 32
5494 32
5495 34
5496 32
5497 36
5498 36
5499 38
5500 40
5501 0
5502 0
5503 2
5504 0
5505 4
5506 4
5507 6
5508 0
5509 0
5510 0
5511 2
5512 0
5513 4
5514 4
5515 6
5516 8
5517 16
5518 16
5519 18
5520 16
5521 20
5522 20
5523 22
5524 64
5525 64
5526 64
5527 66
5528 64
5529 68
5530 68
5531 70
5532 72
5533 64
5534 64
5535 66
5536 64
5537 68
5538 68
5539 70
5540 64
5541 64
5542 64
5543 66
5544 64
5545 68
5546 68
5547 70
5548 72
5549 80
5550 80
5551 82
5552 80
5553 84
5554 84
5555 86
5556 96
5557 96
5558 96
5559 98
5560 96
5561 100
5562 100
5563 102
5564 104
5565 0
5566 1
5567 0
5568 1
5569 0
5570 1
5571 4
5572 5
5573 8
5574 9
5575 0
5576 1
5577 0
5578 1
5579 4
5580 5
5581 0
5582 1
5583 0
5584 1
5585 0
5586 1
5587 4
5588 5
5589 8
5590 9
5591 16
5592 17
5593 16
5594 17
5595 20
5596 21
5597 32
5598 33
5599 32
5600 33
5601 32
5602 33
5603 36
5604 37
5605 40
5606 41
5607 0
5608 1
5609 0
5610 1
5611 4
5612 5
5613 0
5614 1
5615 0
5616 1
5617 0
5618 1
5619 4
5620 5
5621 8
5622 9
5623 16
5624 17
5625 16
5626 17
5627 20
5628 21
5629 64
5630 65
5631 64
5632 65
5633 64
5634 65
5635 68
5636 69
5637 72
5638 73
5639 64
5640 65
5641 64
5642 65
5643 68
5644 69
5645 64
5646 65
5647 64
5648 65
5649 64
5650 65
5651 68
5652 69
5653 72
5654 73
5655 80
5656 81
5657 80
5658 81
5659 84
5660 85
5661 96
5662 97
5663 96
5664 97
5665 96
5666 97
5667 100
5668 101
5669 104
5670 105
5671 0
5672 0
5673 2
5674 0
5675 0
5676 0
5677 2
5678 4
5679 8
5680 8
5681 10
5682 0
5683 0
5684 0
5685 2
5686 4
5687 0
5688 0
5689 2
5690 0
5691 0
5692 0
5693 2
5694 4
5695 8
5696 8
5697 10
5698 16
5699 16
5700 16
5701 18
5702 20
5703 32
5704 32
5705 34
5706 32
5707 32
5708 32
5709 34
5710 36
5711 40
5712 40
5713 42
5714 0
5715 0
5716 0
5717 2
5718 4
5719 0
5720 0
5721 2
5722 0
5723 0
5724 0
5725 2
5726 4
5727 8
5728 8
5729 10
5730 16
5731 16
5732 16
5733 18
5734 20
5735 64
5736 64
5737 66
5738 64
5739 64
5740 64
5741 66
5742 68
5743 72
5744 72
5745 74
5746 64
5747 64
5748 64
5749 66
5750 68
5751 64
5752 64
5753 66
5754 64
5755 64
5756 64
5757 66
5758 68
5759 72
5760 72
5761 74
5762 80
5763 80
5764 80
5765 82
5766 84
5767 96
5768 96
5769 98
5770 96
5771 96
5772 96
5773 98
5774 100
5775 104
5776 104
5777 106
5778 0
5779 1
5780 2
5781 3
5782 0
5783 1
5784 2
5785 3
5786 8
5787 9
5788 10
5789 11
5790 0
5791 1
5792 2
5793 3
5794 0
5795 1
5796 2
5797 3
5798 0
5799 1
5800 2
5801 3
5802 8
5803 9
5804 10
5805 11
5806 16
5807 17
5808 18
5809 19
5810 32
5811 33
5812 34
5813 35
5814 32
5815 33
5816 34
5817 35
5818 40
5819 41
5820 42
5821 43
5822 0
5823 1
5824 2
5825 3
5826 0
5827 1
5828 2
5829 3
5830 0
5831 1
5832 2
5833 3
5834 8
5835 9
5836 10
5837 11
5838 16
5839 17
5840 18
5841 19
5842 64
5843 65
5844 66
5845 67
5846 64
5847 65
5848 66
5849 67
5850 72
5851 73
5852 74
5853 75
5854 64
5855 65
5856 66
5857 67
5858 64
5859 65
5860 66
5861 67
5862 64
5863 65
5864 66
5865 67
5866 72
5867 73
5868 74
5869 75
5870 80
5871 81
5872 82
5873 83
5874 96
5875 97
5876 98
5877 99
5878 96
5879 97
5880 98
5881 99
5882 104
5883 105
5884 106
5885 107
5886 0
5887 0
5888 0
5889 2
5890 4
5891 0
5892 0
5893 2
5894 8
5895 8
5896 8
5897 10
5898 12
5899 0
5900 0
5901 2
5902 0
5903 0
5904 0
5905 2
5906 4
5907 0
5908 0
5909 2
5910 8
5911 8
5912 8
5913 10
5914 12
5915 16
5916 16
5917 18
5918 32
5919 32
5920 32
5921 34
5922 36
5923 32
5924 32
5925 34
5926 40
5927 40
5928 40
5929 42
5930 44
5931 0
5932 0
5933 2
5934 0
5935 0
5936 0
5937 2
5938 4
5939 0
5940 0
5941 2
5942 8
5943 8
5944 8
5945 10
5946 12
5947 16
5948 16
5949 18
5950 64
5951 64
5952 64
5953 66
5954 68
5955 64
5956 64
5957 66
5958 72
5959 72
5960 72
5961 74
5962 76
5963 64
5964 64
5965 66
5966 64
5967 64
5968 64
5969 66
5970 68
5971 64
5972 64
5973 66
5974 72
5975 72
5976 72
5977 74
5978 76
5979 80
5980 80
5981 82
5982 96
5983 96
5984 96
5985 98
5986 100
5987 96
5988 96
5989 98
5990 104
5991 104
5992 104
5993 106
5994 108
5995 0
5996 1
5997 0
5998 1
5999 4
6000 5
6001 0
6002 1
6003 8
6004 9
6005 8
6006 9
6007 12
6008 13
6009 0
6010 1
6011 0
6012 1
6013 0
6014 1
6015 4
6016 5
6017 0
6018 1
6019 8
6020 9
6021 8
6022 9
6023 12
6024 13
6025 16
6026 17
6027 32
6028 33
6029 32
6030 33
6031 36
6032 37
6033 32
6034 33
6035 40
6036 41
6037 40
6038 41
6039 44
6040 45
6041 0
6042 1
6043 0
6044 1
6045 0
6046 1
6047 4
6048 5
6049 0
6050 1
6051 8
6052 9
6053 8
6054 9
6055 12
6056 13
6057 16
6058 17
6059 64
6060 65
6061 64
6062 65
6063 68
6064 69
6065 64
6066 65
6067 72
6068 73
6069 72
6070 73
6071 76
6072 77
6073 64
6074 65
6075 64
6076 65
6077 64
6078 65
6079 68
6080 69
6081 64
6082 65
6083 72
6084 73
6085 72
6086 73
6087 76
6088 77
6089 80
6090 81
6091 96
6092 97
6093 96
6094 97
6095 100
6096 101
6097 96
6098 97
6099 104
6100 105
6101 104
6102 105
6103 108
6104 109
6105 0
6106 0
6107 2
6108 0
6109 4
6110 4
6111 6
6112 0
6113 8
6114 8
6115 10
6116 8
6117 12
6118 12
6119 14
6120 0
6121 0
6122 0
6123 2
6124 0
6125 4
6126 4
6127 6
6128 0
6129 8
6130 8
6131 10
6132 8
6133 12
6134 12
6135 14
6136 16
6137 32
6138 32
6139 34
6140 32
6141 36
6142 36
6143 38
6144 32
6145 40
6146 40
6147 42
6148 40
6149 44
6150 44
6151 46
6152 0
6153 0
6154 0
6155 2
6156 0
6157 4
6158 4
6159 6
6160 0
6161 8
6162 8
6163 10
6164 8
6165 12
6166 12
6167 14
6168 16
6169 64
6170 64
6171 66
6172 64
6173 68
6174 68
6175 70
6176 64
6177 72
6178 72
6179 74
6180 72
6181 76
6182 76
6183 78
6184 64
6185 64
6186 64
6187 66
6188 64
6189 68
6190 68
6191 70
6192 64
6193 72
6194 72
6195 74
6196 72
6197 76
6198 76
6199 78
6200 80
6201 96
6202 96
6203 98
6204 96
6205 100
6206 100
6207 102
6208 96
6209 104
6210 104
6211 106
6212 104
6213 108
6214 108
6215 110
6216 0
6217 1
6218 2
6219 3
6220 4
6221 5
6222 6
6223 7
6224 8
6225 9
6226 10
6227 11
6228 12
6229 13
6230 14
6231 15
6232 0
6233 1
6234 2
6235 3
6236 4
6237 5
6238 6
6239 7
6240 8
6241 9
6242 10
6243 11
6244 12
6245 13
6246 14
6247 15
6248 32
6249 33
6250 34
6251 35
6252 36
6253 37
6254 38
6255 39
6256 40
6257 41
6258 42
6259 43
6260 44
6261 45
6262 46
6263 47
6264 0
6265 1
6266 2
6267 3
6268 4
6269 5
6270 6
6271 7
6272 8
6273 9
6274 10
6275 11
6276 12
6277 13
6278 14
6279 15
6280 64
6281 65
6282 66
6283 67
6284 68
6285 69
6286 70
6287 71
6288 72
6289 73
6290 74
6291 75
6292 76
6293 77
6294 78
6295 79
6296 64
6297 65
6298 66
6299 67
6300 68
6301 69
6302 70
6303 71
6304 72
6305 73
6306 74
6307 75
6308 76
6309 77
6310 78
6311 79
6312 96
6313 97
6314 98
6315 99
6316 100
6317 101
6318 102
6319 103
6320 104
6321 105
6322 106
6323 107
6324 108
6325 109
6326 110
6327 111
6328 0
6329 0
6330 0
6331 2
6332 0
6333 4
6334 4
6335 6
6336 0
6337 8
6338 8
6339 10
6340 8
6341 12
6342 12
6343 14
6344 16
6345 0
6346 0
6347 2
6348 0
6349 4
6350 4
6351 6
6352 0
6353 8
6354 8
6355 10
6356 8
6357 12
6358 12
6359 14
6360 32
6361 32
6362 32
6363 34
6364 32
6365 36
6366 36
6367 38
6368 32
6369 40
6370 40
6371 42
6372 40
6373 44
6374 44
6375 46
6376 48
6377 0
6378 0
6379 2
6380 0
6381 4
6382 4
6383 6
6384 0
6385 8
6386 8
6387 10
6388 8
6389 12
6390 12
6391 14
6392 64
6393 64
6394 64
6395 66
6396 64
6397 68
6398 68
6399 70
6400 64
6401 72
6402 72
6403 74
6404 72
6405 76
6406 76
6407 78
6408 80
6409 64
6410 64
6411 66
6412 64
6413 68
6414 68
6415 70
6416 64
6417 72
6418 72
6419 74
6420 72
6421 76
6422 76
6423 78
6424 96
6425 96
6426 96
6427 98
6428 96
6429 100
6430 100
6431 102
6432 96
6433 104
6434 104
6435 106
6436 104
6437 108
6438 108
6439 110
6440 112
6441 0
6442 1
6443 0
6444 1
6445 0
6446 1
6447 4
6448 5
6449 0
6450 1
6451 8
6452 9
6453 8
6454 9
6455 12
6456 13
6457 16
6458 17
6459 0
6460 1
6461 0
6462 1
6463 4
6464 5
6465 0
6466 1
6467 8
6468 9
6469 8
6470 9
6471 12
6472 13
6473 32
6474 33
6475 32
6476 33
6477 32
6478 33
6479 36
6480 37
6481 32
6482 33
6483 40
6484 41
6485 40
6486 41
6487 44
6488 45
6489 48
6490 49
6491 0
6492 1
6493 0
6494 1
6495 4
6496 5
6497 0
6498 1
6499 8
6500 9
6501 8
6502 9
6503 12
6504 13
6505 64
6506 65
6507 64
6508 65
6509 64
6510 65
6511 68
6512 69
6513 64
6514 65
6515 72
6516 73
6517 72
6518 73
6519 76
6520 77
6521 80
6522 81
6523 64
6524 65
6525 64
6526 65
6527 68
6528 69
6529 64
6530 65
6531 72
6532 73
6533 72
6534 73
6535 76
6536 77
6537 96
6538 97
6539 96
6540 97
6541 96
6542 97
6543 100
6544 101
6545 96
6546 97
6547 104
6548 105
6549 104
6550 105
6551 108
6552 109
6553 112
6554 113
6555 0
6556 0
6557 2
6558 0
6559 0
6560 0
6561 2
6562 4
6563 0
6564 0
6565 2
6566 8
6567 8
6568 8
6569 10
6570 12
6571 16
6572 16
6573 18
6574 0
6575 0
6576 0
6577 2
6578 4
6579 0
6580 0
6581 2
6582 8
6583 8
6584 8
6585 10
6586 12
6587 32
6588 32
6589 34
6590 32
6591 32
6592 32
6593 34
6594 36
6595 32
6596 32
6597 34
6598 40
6599 40
6600 40
6601 42
6602 44
6603 48
6604 48
6605 50
6606 0
6607 0
6608 0
6609 2
6610 4
6611 0
6612 0
6613 2
6614 8
6615 8
6616 8
6617 10
6618 12
6619 64
6620 64
6621 66
6622 64
6623 64
6624 64
6625 66
6626 68
6627 64
6628 64
6629 66
6630 72
6631 72
6632 72
6633 74
6634 76
6635 80
6636 80
6637 82
6638 64
6639 64
6640 64
6641 66
6642 68
6643 64
6644 64
6645 66
6646 72
6647 72
6648 72
6649 74
6650 76
6651 96
6652 96
6653 98
6654 96
6655 96
6656 96
6657 98
6658 100
6659 96
6660 96
6661 98
6662 104
6663 104
6664 104
6665 106
6666 108
6667 112
6668 112
6669 114
6670 0
6671 1
6672 2
6673 3
6674 0
6675 1
6676 2
6677 3
6678 0
6679 1
6680 2
6681 3
6682 8
6683 9
6684 10
6685 11
6686 16
6687 17
6688 18
6689 19
6690 0
6691 1
6692 2
6693 3
6694 0
6695 1
6696 2
6697 3
6698 8
6699 9
6700 10
6701 11
6702 32
6703 33
6704 34
6705 35
6706 32
6707 33
6708 34
6709 35
6710 32
6711 33
6712 34
6713 35
6714 40
6715 41
6716 42
6717 43
6718 48
6719 49
6720 50
6721 51
6722 0
6723 1
6724 2
6725 3
6726 0
6727 1
6728 2
6729 3
6730 8
6731 9
6732 10
6733 11
6734 64
6735 65
6736 66
6737 67
6738 64
6739 65
6740 66
6741 67
6742 64
6743 65
6744 66
6745 67
6746 72
6747 73
6748 74
6749 75
6750 80
6751 81
6752 82
6753 83
6754 64
6755 65
6756 66
6757 67
6758 64
6759 65
6760 66
6761 67
6762 72
6763 73
6764 74
6765 75
6766 96
6767 97
6768 98
6769 99
6770 96
6771 97
6772 98
6773 99
6774 96
6775 97
6776 98
6777 99
6778 104
6779 105
6780 106
6781 107
6782 112
6783 113
6784 114
6785 115
6786 0
6787 0
6788 0
6789 2
6790 4
6791 0
6792 0
6793 2
6794 0
6795 0
6796 0
6797 2
6798 4
6799 8
6800 8
6801 10
6802 16
6803 16
6804 16
6805 18
6806 20
6807 0
6808 0
6809 2
6810 0
6811 0
6812 0
6813 2
6814 4
6815 8
6816 8
6817 10
6818 32
6819 32
6820 32
6821 34
6822 36
6823 32
6824 32
6825 34
6826 32
6827 32
6828 32
6829 34
6830 36
6831 40
6832 40
6833 42
6834 48
6835 48
6836 48
6837 50
6838 52
6839 0
6840 0
6841 2
6842 0
6843 0
6844 0
6845 2
6846 4
6847 8
6848 8
6849 10
6850 64
6851 64
6852 64
6853 66
6854 68
6855 64
6856 64
6857 66
6858 64
6859 64
6860 64
6861 66
6862 68
6863 72
6864 72
6865 74
6866 80
6867 80
6868 80
6869 82
6870 84
6871 64
6872 64
6873 66
6874 64
6875 64
6876 64
6877 66
6878 68
6879 72
6880 72
6881 74
6882 96
6883 96
6884 96
6885 98
6886 100
6887 96
6888 96
6889 98
6890 96
6891 96
6892 96
6893 98
6894 100
6895 104
6896 104
6897 106
6898 112
6899 112
6900 112
6901 114
6902 116
6903 0
6904 1
6905 0
6906 1
6907 4
6908 5
6909 0
6910 1
6911 0
6912 1
6913 0
6914 1
6915 4
6916 5
6917 8
6918 9
6919 16
6920 17
6921 16
6922 17
6923 20
6924 21
6925 0
6926 1
6927 0
6928 1
6929 0
6930 1
6931 4
6932 5
6933 8
6934 9
6935 32
6936 33
6937 32
6938 33
6939 36
6940 37
6941 32
6942 33
6943 32
6944 33
6945 32
6946 33
6947 36
6948 37
6949 40
6950 41
6951 48
6952 49
6953 48
6954 49
6955 52
6956 53
6957 0
6958 1
6959 0
6960 1
6961 0
6962 1
6963 4
6964 5
6965 8
6966 9
6967 64
6968 65
6969 64
6970 65
6971 68
6972 69
6973 64
6974 65
6975 64
6976 65
6977 64
6978 65
6979 68
6980 69
6981 72
6982 73
6983 80
6984 81
6985 80
6986 81
6987 84
6988 85
6989 64
6990 65
6991 64
6992 65
6993 64
6994 65
6995 68
6996 69
6997 72
6998 73
6999 96
7000 97
7001 96
7002 97
7003 100
7004 101
7005 96
7006 97
7007 96
7008 97
7009 96
7010 97
7011 100
7012 101
7013 104
7014 105
7015 112
7016 113
7017 112
7018 113
7019 116
7020 117
7021 0
7022 0
7023 2
7024 0
7025 4
7026 4
7027 6
7028 0
7029 0
7030 0
7031 2
7032 0
7033 4
7034 4
7035 6
7036 8
7037 16
7038 16
7039 18
7040 16
7041 20
7042 20
7043 22
7044 0
7045 0
7046 0
7047 2
7048 0
7049 4
7050 4
7051 6
7052 8
7053 32
7054 32
7055 34
7056 32
7057 36
7058 36
7059 38
7060 32
7061 32
7062 32
7063 34
7064 32
7065 36
7066 36
7067 38
7068 40
7069 48
7070 48
7071 50
7072 48
7073 52
7074 52
7075 54
7076 0
7077 0
7078 0
7079 2
7080 0
7081 4
7082 4
7083 6
7084 8
7085 64
7086 64
7087 66
7088 64
7089 68
7090 68
7091 70
7092 64
7093 64
7094 64
7095 66
7096 64
7097 68
7098 68
7099 70
7100 72
7101 80
7102 80
7103 82
7104 80
7105 84
7106 84
7107 86
7108 64
7109 64
7110 64
7111 66
7112 64
7113 68
7114 68
7115 70
7116 72
7117 96
7118 96
7119 98
7120 96
7121 100
7122 100
7123 102
7124 96
7125 96
7126 96
7127 98
7128 96
7129 100
7130 100
7131 102
7132 104
7133 112
7134 112
7135 114
7136 112
7137 116
7138 116
7139 118
7140 0
7141 1
7142 2
7143 3
7144 4
7145 5
7146 6
7147 7
7148 0
7149 1
7150 2
7151 3
7152 4
7153 5
7154 6
7155 7
7156 16
7157 17
7158 18
7159 19
7160 20
7161 21
7162 22
7163 23
7164 0
7165 1
7166 2
7167 3
7168 4
7169 5
7170 6
7171 7
7172 32
7173 33
7174 34
7175 35
7176 36
7177 37
7178 38
7179 39
7180 32
7181 33
7182 34
7183 35
7184 36
7185 37
7186 38
7187 39
7188 48
7189 49
7190 50
7191 51
7192 52
7193 53
7194 54
7195 55
7196 0
7197 1
7198 2
7199 3
7200 4
7201 5
7202 6
7203 7
7204 64
7205 65
7206 66
7207 67
7208 68
7209 69
7210 70
7211 71
7212 64
7213 65
7214 66
7215 67
7216 68
7217 69
7218 70
7219 71
7220 80
7221 81
7222 82
7223 83
7224 84
7225 85
7226 86
7227 87
7228 64
7229 65
7230 66
7231 67
7232 68
7233 69
7234 70
7235 71
7236 96
7237 97
7238 98
7239 99
7240 100
7241 101
7242 102
7243 103
7244 96
7245 97
7246 98
7247 99
7248 100
7249 101
7250 102
7251 103
7252 112
7253 113
7254 114
7255 115
7256 116
7257 117
7258 118
7259 119
7260 0
7261 0
7262 0
7263 2
7264 0
7265 4
7266 4
7267 6
7268 8
7269 0
7270 0
7271 2
7272 0
7273 4
7274 4
7275 6
7276 16
7277 16
7278 16
7279 18
7280 16
7281 20
7282 20
7283 22
7284 24
7285 0
7286 0
7287 2
7288 0
7289 4
7290 4
7291 6
7292 32
7293 32
7294 32
7295 34
7296 32
7297 36
7298 36
7299 38
7300 40
7301 32
7302 32
7303 34
7304 32
7305 36
7306 36
7307 38
7308 48
7309 48
7310 48
7311 50
7312 48
7313 52
7314 52
7315 54
7316 56
7317 0
7318 0
7319 2
7320 0
7321 4
7322 4
7323 6
7324 64
7325 64
7326 64
7327 66
7328 64
7329 68
7330 68
7331 70
7332 72
7333 64
7334 64
7335 66
7336 64
7337 68
7338 68
7339 70
7340 80
7341 80
7342 80
7343 82
7344 80
7345 84
7346 84
7347 86
7348 88
7349 64
7350 64
7351 66
7352 64
7353 68
7354 68
7355 70
7356 96
7357 96
7358 96
7359 98
7360 96
7361 100
7362 100
7363 102
7364 104
7365 96
7366 96
7367 98
7368 96
7369 100
7370 100
7371 102
7372 112
7373 112
7374 112
7375 114
7376 112
7377 116
7378 116
7379 118
7380 120
7381 0
7382 1
7383 0
7384 1
7385 0
7386 1
7387 4
7388 5
7389 8
7390 9
7391 0
7392 1
7393 0
7394 1
7395 4
7396 5
7397 16
7398 17
7399 16
7400 17
7401 16
7402 17
7403 20
7404 21
7405 24
7406 25
7407 0
7408 1
7409 0
7410 1
7411 4
7412 5
7413 32
7414 33
7415 32
7416 33
7417 32
7418 33
7419 36
7420 37
7421 40
7422 41
7423 32
7424 33
7425 32
7426 33
7427 36
7428 37
7429 48
7430 49
7431 48
7432 49
7433 48
7434 49
7435 52
7436 53
7437 56
7438 57
7439 0
7440 1
7441 0
7442 1
7443 4
7444 5
7445 64
7446 65
7447 64
7448 65
7449 64
7450 65
7451 68
7452 69
7453 72
7454 73
7455 64
7456 65
7457 64
7458 65
7459 68
7460 69
7461 80
7462 81
7463 80
7464 81
7465 80
7466 81
7467 84
7468 85
7469 88
7470 89
7471 64
7472 65
7473 64
7474 65
7475 68
7476 69
7477 96
7478 97
7479 96
7480 97
7481 96
7482 97
7483 100
7484 101
7485 104
7486 105
7487 96
7488 97
7489 96
7490 97
7491 100
7492 101
7493 112
7494 113
7495 112
7496 113
7497 112
7498 113
7499 116
7500 117
7501 120
7502 121
7503 0
7504 0
7505 2
7506 0
7507 0
7508 0
7509 2
7510 4
7511 8
7512 8
7513 10
7514 0
7515 0
7516 0
7517 2
7518 4
7519 16
7520 16
7521 18
7522 16
7523 16
7524 16
7525 18
7526 20
7527 24
7528 24
7529 26
7530 0
7531 0
7532 0
7533 2
7534 4
7535 32
7536 32
7537 34
7538 32
7539 32
7540 32
7541 34
7542 36
7543 40
7544 40
7545 42
7546 32
7547 32
7548 32
7549 34
7550 36
7551 48
7552 48
7553 50
7554 48
7555 48
7556 48
7557 50
7558 52
7559 56
7560 56
7561 58
7562 0
7563 0
7564 0
7565 2
7566 4
7567 64
7568 64
7569 66
7570 64
7571 64
7572 64
7573 66
7574 68
7575 72
7576 72
7577 74
7578 64
7579 64
7580 64
7581 66
7582 68
7583 80
7584 80
7585 82
7586 80
7587 80
7588 80
7589 82
7590 84
7591 88
7592 88
7593 90
7594 64
7595 64
7596 64
7597 66
7598 68
7599 96
7600 96
7601 98
7602 96
7603 96
7604 96
7605 98
7606 100
7607 104
7608 104
7609 106
7610 96
7611 96
7612 96
7613 98
7614 100
7615 112
7616 112
7617 114
7618 112
7619 112
7620 112
7621 114
7622 116
7623 120
7624 120
7625 122
7626 0
7627 1
7628 2
7629 3
7630 0
7631 1
7632 2
7633 3
7634 8
7635 9
7636 10
7637 11
7638 0
7639 1
7640 2
7641 3
7642 16
7643 17
7644 18
7645 19
7646 16
7647 17
7648 18
7649 19
7650 24
7651 25
7652 26
7653 27
7654 0
7655 1
7656 2
7657 3
7658 32
7659 33
7660 34
7661 35
7662 32
7663 33
7664 34
7665 35
7666 40
7667 41
7668 42
7669 43
7670 32
7671 33
7672 34
7673 35
7674 48
7675 49
7676 50
7677 51
7678 48
7679 49
7680 50
7681 51
7682 56
7683 57
7684 58
7685 59
7686 0
7687 1
7688 2
7689 3
7690 64
7691 65
7692 66
7693 67
7694 64
7695 65
7696 66
7697 67
7698 72
7699 73
7700 74
7701 75
7702 64
7703 65
7704 66
7705 67
7706 80
7707 81
7708 82
7709 83
7710 80
7711 81
7712 82
7713 83
7714 88
7715 89
7716 90
7717 91
7718 64
7719 65
7720 66
7721 67
7722 96
7723 97
7724 98
7725 99
7726 96
7727 97
7728 98
7729 99
7730 104
7731 105
7732 106
7733 107
7734 96
7735 97
7736 98
7737 99
7738 112
7739 113
7740 114
7741 115
7742 112
7743 113
7744 114
7745 115
7746 120
7747 121
7748 122
7749 123
7750 0
7751 0
7752 0
7753 2
7754 4
7755 0
7756 0
7757 2
7758 8
7759 8
7760 8
7761 10
7762 12
7763 0
7764 0
7765 2
7766 16
7767 16
7768 16
7769 18
7770 20
7771 16
7772 16
7773 18
7774 24
7775 24
7776 24
7777 26
7778 28
7779 0
7780 0
7781 2
7782 32
7783 32
7784 32
7785 34
7786 36
7787 32
7788 32
7789 34
7790 40
7791 40
7792 40
7793 42
7794 44
7795 32
7796 32
7797 34
7798 48
7799 48
7800 48
7801 50
7802 52
7803 48
7804 48
7805 50
7806 56
7807 56
7808 56
7809 58
7810 60
7811 0
7812 0
7813 2
7814 64
7815 64
7816 64
7817 66
7818 68
7819 64
7820 64
7821 66
7822 72
7823 72
7824 72
7825 74
7826 76
7827 64
7828 64
7829 66
7830 80
7831 80
7832 80
7833 82
7834 84
7835 80
7836 80
7837 82
7838 88
7839 88
7840 88
7841 90
7842 92
7843 64
7844 64
7845 66
7846 96
7847 96
7848 96
7849 98
7850 100
7851 96
7852 96
7853 98
7854 104
7855 104
7856 104
7857 106
7858 108
7859 96
7860 96
7861 98
7862 112
7863 112
7864 112
7865 114
7866 116
7867 112
7868 112
7869 114
7870 120
7871 120
7872 120
7873 122
7874 124
7875 0
7876 1
7877 0
7878 1
7879 4
7880 5
7881 0
7882 1
7883 8
7884 9
7885 8
7886 9
7887 12
7888 13
7889 0
7890 1
7891 16
7892 17
7893 16
7894 17
7895 20
7896 21
7897 16
7898 17
7899 24
7900 25
7901 24
7902 25
7903 28
7904 29
7905 0
7906 1
7907 32
7908 33
7909 32
7910 33
7911 36
7912 37
7913 32
7914 33
7915 40
7916 41
7917 40
7918 41
7919 44
7920 45
7921 32
7922 33
7923 48
7924 49
7925 48
7926 49
7927 52
7928 53
7929 48
7930 49
7931 56
7932 57
7933 56
7934 57
7935 60
7936 61
7937 0
7938 1
7939 64
7940 65
7941 64
7942 65
7943 68
7944 69
7945 64
7946 65
7947 72
7948 73
7949 72
7950 73
7951 76
7952 77
7953 64
7954 65
7955 80
7956 81
7957 80
7958 81
7959 84
7960 85
7961 80
7962 81
7963 88
7964 89
7965 88
7966 89
7967 92
7968 93
7969 64
7970 65
7971 96
7972 97
7973 96
7974 97
7975 100
7976 101
7977 96
7978 97
7979 104
7980 105
7981 104
7982 105
7983 108
7984 109
7985 96
7986 97
7987 112
7988 113
7989 112
7990 113
7991 116
7992 117
7993 112
7994 113
7995 120
7996 121
7997 120
7998 121
7999 124
8000 125
8001 0
8002 0
8003 2
8004 0
8005 4
8006 4
8007 6
8008 0
8009 8
8010 8
8011 10
8012 8
8013 12
8014 12
8015 14
8016 0
8017 16
8018 16
8019 18
8020 16
8021 20
8022 20
8023 22
8024 16
8025 24
8026 24
8027 26
8028 24
8029 28
8030 28
8031 30
8032 0
8033 32
8034 32
8035 34
8036 32
8037 36
8038 36
8039 38
8040 32
8041 40
8042 40
8043 42
8044 40
8045 44
8046 44
8047 46
8048 32
8049 48
8050 48
8051 50
8052 48
8053 52
8054 52
8055 54
8056 48
8057 56
8058 56
8059 58
8060 56
8061 60
8062 60
8063 62
8064 0
8065 64
8066 64
8067 66
8068 64
8069 68
8070 68
8071 70
8072 64
8073 72
8074 72
8075 74
8076 72
8077 76
8078 76
8079 78
8080 64
8081 80
8082 80
8083 82
8084 80
8085 84
8086 84
8087 86
8088 80
8089 88
8090 88
8091 90
8092 88
8093 92
8094 92
8095 94
8096 64
8097 96
8098 96
8099 98
8100 96
8101 100
8102 100
8103 102
8104 96
8105 104
8106 104
8107 106
8108 104
8109 108
8110 108
8111 110
8112 96
8113 112
8114 112
8115 114
8116 112
8117 116
8118 116
8119 118
8120 112
8121 120
8122 120
8123 122
8124 120
8125 124
8126 124
8127 126
8128 0
8129 1
8130 2
8131 3
8132 4
8133 5
8134 6
8135 7
8136 8
8137 9
8138 10
8139 11
8140 12
8141 13
8142 14
8143 15
8144 16
8145 17
8146 18
8147 19
8148 20
8149 21
8150 22
8151 23
8152 24
8153 25
8154 26
8155 27
8156 28
8157 29
8158 30
8159 31
8160 32
8161 33
8162 34
8163 35
8164 36
8165 37
8166 38
8167 39
8168 40
8169 41
8170 42
8171 43
8172 44
8173 45
8174 46
8175 47
8176 48
8177 49
8178 50
8179 51
8180 52
8181 53
8182 54
8183 55
8184 56
8185 57
8186 58
8187 59
8188 60
8189 61
8190 62
8191 63
