# Table of n, A268057(n) for n = 1..10000.
1 1
2 1
3 1
4 1
5 2
6 1
7 1
8 1
9 2
10 1
11 1
12 2
13 3
14 2
15 1
16 1
17 1
18 1
19 2
20 2
21 1
22 1
23 2
24 2
25 3
26 3
27 2
28 1
29 1
30 1
31 2
32 1
33 3
34 2
35 2
36 1
37 1
38 2
39 1
40 2
41 3
42 2
43 3
44 2
45 1
46 1
47 1
48 2
49 2
50 1
51 3
52 3
53 2
54 2
55 1
56 1
57 2
58 3
59 4
60 2
61 3
62 5
63 4
64 3
65 2
66 1
67 1
68 1
69 1
70 1
71 2
72 1
73 3
74 2
75 2
76 2
77 2
78 1
79 1
80 2
81 2
82 2
83 3
84 2
85 3
86 4
87 3
88 3
89 3
90 2
91 1
92 1
93 1
94 2
95 2
96 3
97 2
98 1
99 3
100 4
101 3
102 3
103 2
104 2
105 1
106 1
107 2
108 1
109 2
110 1
111 2
112 2
113 3
114 3
115 2
116 3
117 2
118 3
119 2
120 1
121 1
122 1
123 2
124 1
125 2
126 2
127 2
128 1
129 3
130 3
131 3
132 2
133 3
134 2
135 2
136 1
137 1
138 2
139 3
140 2
141 3
142 4
143 4
144 2
145 3
146 5
147 5
148 4
149 3
150 4
151 3
152 2
153 1
154 1
155 1
156 1
157 2
158 2
159 1
160 3
161 2
162 1
163 3
164 4
165 2
166 3
167 3
168 2
169 2
170 2
171 1
172 1
173 2
174 2
175 3
176 4
177 2
178 5
179 3
180 2
181 3
182 4
183 6
184 3
185 5
186 4
187 3
188 3
189 2
190 1
191 1
192 1
193 2
194 1
195 1
196 2
197 3
198 2
199 2
200 1
201 3
202 3
203 4
204 3
205 2
206 2
207 3
208 2
209 2
210 1
211 1
212 2
213 1
214 2
215 2
216 2
217 1
218 3
219 2
220 2
221 3
222 3
223 4
224 2
225 3
226 3
227 3
228 2
229 3
230 2
231 1
232 1
233 1
234 2
235 2
236 2
237 3
238 2
239 4
240 3
241 2
242 1
243 3
244 4
245 5
246 3
247 4
248 3
249 3
250 3
251 2
252 2
253 1
254 1
255 2
256 3
257 4
258 4
259 5
260 3
261 4
262 5
263 4
264 2
265 3
266 5
267 6
268 5
269 4
270 6
271 5
272 5
273 4
274 3
275 2
276 1
277 1
278 1
279 1
280 1
281 2
282 1
283 2
284 1
285 2
286 2
287 2
288 1
289 3
290 3
291 3
292 2
293 3
294 2
295 3
296 2
297 2
298 2
299 2
300 1
301 1
302 2
303 2
304 2
305 1
306 2
307 3
308 2
309 4
310 2
311 3
312 2
313 3
314 4
315 3
316 5
317 3
318 4
319 3
320 2
321 3
322 3
323 3
324 2
325 1
326 1
327 1
328 2
329 2
330 2
331 2
332 3
333 2
334 3
335 3
336 3
337 2
338 1
339 3
340 4
341 4
342 4
343 3
344 4
345 3
346 3
347 3
348 3
349 2
350 2
351 1
352 1
353 2
354 1
355 2
356 3
357 2
358 3
359 2
360 1
361 4
362 4
363 2
364 2
365 3
366 3
367 5
368 5
369 2
370 3
371 4
372 3
373 4
374 3
375 2
376 3
377 2
378 1
379 1
380 1
381 2
382 1
383 3
384 2
385 1
386 2
387 2
388 3
389 3
390 2
391 2
392 1
393 3
394 3
395 4
396 4
397 3
398 3
399 2
400 3
401 4
402 2
403 3
404 2
405 2
406 1
407 1
408 2
409 3
410 2
411 3
412 4
413 2
414 4
415 3
416 4
417 3
418 4
419 4
420 2
421 3
422 5
423 5
424 4
425 5
426 4
427 5
428 3
429 5
430 4
431 3
432 4
433 3
434 2
435 1
436 1
437 1
438 1
439 2
440 1
441 1
442 2
443 2
444 2
445 1
446 3
447 2
448 3
449 2
450 1
451 3
452 4
453 3
454 4
455 2
456 3
457 3
458 3
459 2
460 2
461 3
462 2
463 2
464 2
465 1
466 1
467 2
468 2
469 3
470 2
471 2
472 3
473 4
474 4
475 2
476 5
477 4
478 3
479 3
480 2
481 3
482 4
483 4
484 5
485 6
486 3
487 5
488 5
489 4
490 3
491 3
492 4
493 3
494 3
495 2
496 1
497 1
498 1
499 2
500 1
501 2
502 2
503 2
504 1
505 3
506 2
507 3
508 2
509 3
510 2
511 2
512 1
513 3
514 3
515 4
516 3
517 4
518 3
519 4
520 2
521 3
522 3
523 3
524 2
525 3
526 2
527 2
528 1
529 1
530 2
531 1
532 2
533 2
534 2
535 3
536 2
537 3
538 2
539 1
540 4
541 4
542 3
543 2
544 2
545 3
546 3
547 4
548 5
549 5
550 2
551 3
552 4
553 3
554 4
555 3
556 3
557 3
558 2
559 3
560 2
561 1
562 1
563 1
564 2
565 2
566 3
567 3
568 4
569 2
570 5
571 3
572 2
573 4
574 3
575 4
576 3
577 2
578 1
579 3
580 4
581 5
582 4
583 5
584 3
585 4
586 6
587 3
588 5
589 4
590 4
591 3
592 3
593 2
594 2
595 1
596 1
597 2
598 3
599 4
600 1
601 2
602 1
603 4
604 5
605 2
606 3
607 4
608 6
609 2
610 2
611 4
612 2
613 3
614 5
615 3
616 3
617 7
618 5
619 4
620 3
621 6
622 5
623 2
624 3
625 2
626 5
627 4
628 3
629 2
630 1
631 1
632 1
633 1
634 1
635 2
636 1
637 2
638 2
639 1
640 2
641 2
642 1
643 3
644 3
645 2
646 2
647 2
648 1
649 3
650 3
651 3
652 4
653 4
654 2
655 3
656 3
657 2
658 3
659 3
660 2
661 3
662 2
663 2
664 2
665 2
666 1
667 1
668 2
669 2
670 2
671 3
672 2
673 3
674 4
675 2
676 4
677 3
678 2
679 4
680 3
681 4
682 4
683 3
684 2
685 3
686 4
687 5
688 5
689 4
690 5
691 3
692 4
693 5
694 3
695 5
696 4
697 3
698 4
699 3
700 3
701 3
702 2
703 1
704 1
705 1
706 2
707 2
708 3
709 2
710 3
711 3
712 2
713 4
714 4
715 2
716 3
717 5
718 4
719 3
720 3
721 2
722 1
723 3
724 4
725 4
726 5
727 6
728 4
729 3
730 5
731 5
732 3
733 4
734 4
735 3
736 4
737 3
738 3
739 2
740 2
741 1
742 1
743 2
744 1
745 2
746 3
747 2
748 3
749 4
750 2
751 3
752 3
753 2
754 1
755 4
756 3
757 4
758 4
759 2
760 2
761 3
762 3
763 5
764 5
765 4
766 5
767 2
768 3
769 4
770 4
771 3
772 5
773 4
774 3
775 4
776 3
777 2
778 3
779 2
780 1
781 1
782 1
783 2
784 1
785 1
786 2
787 2
788 1
789 2
790 1
791 3
792 2
793 2
794 3
795 2
796 2
797 3
798 2
799 2
800 1
801 3
802 3
803 4
804 3
805 3
806 4
807 3
808 3
809 4
810 2
811 3
812 2
813 3
814 3
815 2
816 2
817 3
818 2
819 2
820 1
821 1
822 2
823 3
824 2
825 2
826 3
827 4
828 2
829 3
830 2
831 3
832 3
833 3
834 4
835 4
836 4
837 5
838 3
839 4
840 2
841 3
842 5
843 4
844 6
845 5
846 5
847 5
848 4
849 4
850 4
851 3
852 4
853 3
854 5
855 4
856 3
857 3
858 4
859 3
860 2
861 1
862 1
863 1
864 1
865 2
866 2
867 1
868 1
869 2
870 2
871 2
872 3
873 2
874 2
875 1
876 3
877 3
878 3
879 2
880 3
881 2
882 1
883 3
884 4
885 3
886 4
887 4
888 4
889 2
890 3
891 3
892 4
893 3
894 3
895 3
896 2
897 2
898 3
899 3
900 2
901 2
902 2
903 1
904 1
905 2
906 2
907 3
908 3
909 2
910 2
911 3
912 3
913 3
914 4
915 3
916 4
917 2
918 5
919 5
920 4
921 3
922 4
923 3
924 2
925 3
926 4
927 5
928 4
929 5
930 6
931 6
932 3
933 5
934 4
935 5
936 4
937 4
938 4
939 3
940 3
941 4
942 4
943 3
944 3
945 2
946 1
947 1
948 1
949 2
950 1
951 2
952 2
953 2
954 2
955 3
956 2
957 1
958 3
959 3
960 2
961 3
962 4
963 3
964 3
965 3
966 2
967 2
968 1
969 3
970 3
971 4
972 4
973 4
974 5
975 4
976 3
977 4
978 4
979 2
980 3
981 4
982 3
983 3
984 3
985 3
986 2
987 3
988 2
989 2
990 1
991 1
992 2
993 1
994 2
995 1
996 2
997 2
998 2
999 1
1000 2
1001 2
1002 2
1003 3
1004 2
1005 1
1006 4
1007 3
1008 2
1009 3
1010 2
1011 2
1012 2
1013 3
1014 3
1015 3
1016 4
1017 3
1018 4
1019 5
1020 2
1021 3
1022 4
1023 3
1024 3
1025 3
1026 2
1027 3
1028 3
1029 3
1030 2
1031 3
1032 2
1033 3
1034 2
1035 1
1036 1
1037 1
1038 2
1039 2
1040 2
1041 3
1042 3
1043 4
1044 2
1045 4
1046 2
1047 5
1048 4
1049 3
1050 2
1051 4
1052 6
1053 5
1054 5
1055 4
1056 3
1057 2
1058 1
1059 3
1060 4
1061 5
1062 6
1063 6
1064 7
1065 5
1066 3
1067 4
1068 5
1069 6
1070 3
1071 5
1072 3
1073 5
1074 4
1075 4
1076 3
1077 3
1078 3
1079 2
1080 2
1081 1
1082 1
1083 2
1084 3
1085 4
1086 3
1087 4
1088 4
1089 5
1090 3
1091 5
1092 4
1093 5
1094 6
1095 4
1096 3
1097 4
1098 7
1099 5
1100 4
1101 5
1102 4
1103 4
1104 2
1105 3
1106 5
1107 5
1108 6
1109 5
1110 6
1111 8
1112 5
1113 4
1114 5
1115 7
1116 6
1117 5
1118 6
1119 4
1120 6
1121 5
1122 5
1123 4
1124 5
1125 4
1126 3
1127 2
1128 1
1129 1
1130 1
1131 1
1132 1
1133 2
1134 1
1135 2
1136 1
1137 2
1138 2
1139 2
1140 1
1141 3
1142 2
1143 2
1144 1
1145 3
1146 2
1147 3
1148 2
1149 2
1150 2
1151 2
1152 1
1153 3
1154 3
1155 3
1156 3
1157 4
1158 3
1159 4
1160 2
1161 3
1162 3
1163 4
1164 2
1165 3
1166 3
1167 3
1168 2
1169 3
1170 2
1171 3
1172 2
1173 2
1174 2
1175 2
1176 1
1177 1
1178 2
1179 2
1180 2
1181 3
1182 2
1183 1
1184 2
1185 3
1186 4
1187 4
1188 2
1189 5
1190 2
1191 3
1192 2
1193 4
1194 6
1195 5
1196 4
1197 2
1198 4
1199 3
1200 2
1201 3
1202 4
1203 5
1204 3
1205 5
1206 6
1207 7
1208 5
1209 3
1210 4
1211 3
1212 6
1213 3
1214 5
1215 5
1216 4
1217 3
1218 2
1219 3
1220 4
1221 3
1222 3
1223 3
1224 2
1225 1
1226 1
1227 1
1228 2
1229 2
1230 1
1231 2
1232 2
1233 2
1234 2
1235 1
1236 3
1237 2
1238 4
1239 3
1240 2
1241 2
1242 3
1243 4
1244 3
1245 2
1246 3
1247 3
1248 3
1249 2
1250 1
1251 3
1252 4
1253 4
1254 4
1255 3
1256 4
1257 5
1258 4
1259 3
1260 3
1261 4
1262 5
1263 3
1264 4
1265 2
1266 3
1267 3
1268 3
1269 3
1270 2
1271 3
1272 3
1273 2
1274 2
1275 1
1276 1
1277 2
1278 1
1279 2
1280 2
1281 2
1282 3
1283 2
1284 3
1285 2
1286 4
1287 2
1288 3
1289 4
1290 3
1291 2
1292 1
1293 4
1294 4
1295 5
1296 4
1297 4
1298 3
1299 2
1300 2
1301 3
1302 3
1303 4
1304 5
1305 5
1306 6
1307 5
1308 5
1309 2
1310 3
1311 4
1312 5
1313 4
1314 3
1315 5
1316 3
1317 4
1318 3
1319 4
1320 3
1321 3
1322 3
1323 2
1324 3
1325 2
1326 1
1327 1
1328 1
1329 2
1330 1
1331 2
1332 2
1333 3
1334 2
1335 4
1336 2
1337 3
1338 2
1339 1
1340 3
1341 4
1342 2
1343 2
1344 3
1345 4
1346 3
1347 3
1348 3
1349 3
1350 2
1351 2
1352 1
1353 3
1354 3
1355 4
1356 4
1357 4
1358 4
1359 5
1360 4
1361 3
1362 3
1363 5
1364 4
1365 2
1366 3
1367 4
1368 3
1369 5
1370 3
1371 4
1372 3
1373 3
1374 2
1375 3
1376 2
1377 2
1378 1
1379 1
1380 2
1381 3
1382 2
1383 4
1384 5
1385 3
1386 5
1387 6
1388 4
1389 7
1390 5
1391 2
1392 8
1393 6
1394 5
1395 3
1396 4
1397 7
1398 3
1399 8
1400 7
1401 4
1402 5
1403 4
1404 2
1405 3
1406 5
1407 6
1408 5
1409 8
1410 9
1411 4
1412 8
1413 5
1414 4
1415 6
1416 7
1417 9
1418 3
1419 6
1420 8
1421 5
1422 7
1423 6
1424 4
1425 6
1426 5
1427 3
1428 4
1429 3
1430 2
1431 1
1432 1
1433 1
1434 1
1435 2
1436 3
1437 1
1438 4
1439 2
1440 1
1441 3
1442 4
1443 2
1444 2
1445 3
1446 2
1447 2
1448 2
1449 1
1450 3
1451 4
1452 3
1453 4
1454 3
1455 2
1456 3
1457 2
1458 1
1459 3
1460 4
1461 3
1462 4
1463 5
1464 4
1465 5
1466 4
1467 2
1468 3
1469 3
1470 3
1471 4
1472 3
1473 3
1474 5
1475 4
1476 2
1477 3
1478 5
1479 2
1480 4
1481 3
1482 2
1483 2
1484 2
1485 1
1486 1
1487 2
1488 2
1489 3
1490 1
1491 2
1492 3
1493 4
1494 2
1495 2
1496 1
1497 4
1498 3
1499 4
1500 3
1501 4
1502 4
1503 2
1504 5
1505 4
1506 4
1507 2
1508 3
1509 4
1510 2
1511 3
1512 2
1513 3
1514 4
1515 3
1516 5
1517 4
1518 3
1519 5
1520 5
1521 6
1522 3
1523 5
1524 5
1525 4
1526 5
1527 4
1528 5
1529 2
1530 3
1531 3
1532 5
1533 4
1534 3
1535 2
1536 4
1537 3
1538 3
1539 2
1540 1
1541 1
1542 1
1543 2
1544 1
1545 2
1546 2
1547 1
1548 1
1549 2
1550 3
1551 2
1552 2
1553 2
1554 1
1555 3
1556 2
1557 3
1558 2
1559 3
1560 3
1561 2
1562 3
1563 4
1564 2
1565 3
1566 2
1567 2
1568 1
1569 3
1570 3
1571 4
1572 3
1573 5
1574 4
1575 3
1576 4
1577 4
1578 3
1579 4
1580 3
1581 4
1582 2
1583 3
1584 3
1585 3
1586 4
1587 3
1588 2
1589 2
1590 3
1591 3
1592 2
1593 3
1594 2
1595 2
1596 1
1597 1
1598 2
1599 1
1600 2
1601 3
1602 2
1603 2
1604 2
1605 2
1606 3
1607 3
1608 3
1609 4
1610 2
1611 4
1612 3
1613 3
1614 2
1615 1
1616 4
1617 5
1618 5
1619 4
1620 3
1621 3
1622 4
1623 2
1624 2
1625 3
1626 3
1627 5
1628 4
1629 4
1630 5
1631 6
1632 6
1633 5
1634 2
1635 3
1636 4
1637 4
1638 5
1639 3
1640 5
1641 4
1642 4
1643 4
1644 3
1645 3
1646 3
1647 3
1648 4
1649 3
1650 2
1651 3
1652 2
1653 1
1654 1
1655 1
1656 2
1657 2
1658 3
1659 3
1660 2
1661 2
1662 3
1663 3
1664 3
1665 4
1666 4
1667 2
1668 5
1669 4
1670 3
1671 3
1672 2
1673 4
1674 5
1675 3
1676 5
1677 4
1678 3
1679 4
1680 3
1681 2
1682 1
1683 3
1684 4
1685 5
1686 4
1687 5
1688 6
1689 4
1690 6
1691 5
1692 3
1693 4
1694 4
1695 5
1696 6
1697 3
1698 5
1699 5
1700 4
1701 4
1702 4
1703 3
1704 3
1705 4
1706 4
1707 3
1708 3
1709 2
1710 2
1711 1
1712 1
1713 2
1714 3
1715 4
1716 5
1717 6
1718 4
1719 4
1720 6
1721 7
1722 5
1723 6
1724 5
1725 4
1726 5
1727 6
1728 5
1729 6
1730 3
1731 4
1732 6
1733 6
1734 6
1735 6
1736 7
1737 5
1738 6
1739 4
1740 2
1741 3
1742 5
1743 7
1744 6
1745 8
1746 7
1747 7
1748 7
1749 7
1750 5
1751 4
1752 7
1753 6
1754 7
1755 6
1756 5
1757 6
1758 7
1759 6
1760 8
1761 7
1762 5
1763 5
1764 7
1765 6
1766 5
1767 4
1768 3
1769 2
1770 1
1771 1
1772 1
1773 1
1774 1
1775 1
1776 1
1777 2
1778 2
1779 2
1780 1
1781 2
1782 1
1783 3
1784 2
1785 1
1786 2
1787 3
1788 2
1789 2
1790 1
1791 3
1792 3
1793 3
1794 2
1795 2
1796 3
1797 2
1798 2
1799 2
1800 1
1801 3
1802 3
1803 3
1804 4
1805 3
1806 3
1807 4
1808 4
1809 4
1810 2
1811 3
1812 3
1813 4
1814 3
1815 2
1816 3
1817 4
1818 2
1819 3
1820 2
1821 3
1822 3
1823 3
1824 2
1825 2
1826 2
1827 2
1828 2
1829 2
1830 1
1831 1
1832 2
1833 2
1834 2
1835 2
1836 2
1837 3
1838 3
1839 4
1840 2
1841 3
1842 2
1843 5
1844 3
1845 2
1846 6
1847 3
1848 4
1849 3
1850 2
1851 4
1852 4
1853 3
1854 6
1855 4
1856 5
1857 4
1858 3
1859 3
1860 2
1861 3
1862 4
1863 4
1864 5
1865 6
1866 5
1867 7
1868 4
1869 5
1870 5
1871 3
1872 4
1873 5
1874 4
1875 7
1876 3
1877 4
1878 6
1879 3
1880 4
1881 3
1882 5
1883 4
1884 4
1885 3
1886 3
1887 3
1888 3
1889 3
1890 2
1891 1
1892 1
1893 1
1894 2
1895 2
1896 2
1897 2
1898 3
1899 3
1900 4
1901 2
1902 4
1903 2
1904 3
1905 3
1906 2
1907 4
1908 5
1909 4
1910 3
1911 2
1912 3
1913 5
1914 5
1915 4
1916 3
1917 3
1918 4
1919 3
1920 3
1921 2
1922 1
1923 3
1924 4
1925 4
1926 5
1927 4
1928 4
1929 5
1930 6
1931 6
1932 4
1933 3
1934 4
1935 5
1936 6
1937 5
1938 3
1939 4
1940 4
1941 3
1942 5
1943 3
1944 5
1945 4
1946 4
1947 3
1948 3
1949 3
1950 3
1951 2
1952 2
1953 1
1954 1
1955 2
1956 1
1957 2
1958 2
1959 2
1960 1
1961 2
1962 1
1963 2
1964 3
1965 2
1966 4
1967 2
1968 2
1969 3
1970 3
1971 2
1972 3
1973 2
1974 1
1975 4
1976 4
1977 3
1978 5
1979 4
1980 2
1981 2
1982 3
1983 2
1984 2
1985 3
1986 3
1987 4
1988 3
1989 3
1990 5
1991 6
1992 4
1993 5
1994 5
1995 2
1996 3
1997 4
1998 3
1999 4
2000 4
2001 3
2002 3
2003 5
2004 3
2005 4
2006 3
2007 2
2008 3
2009 2
2010 3
2011 3
2012 3
2013 2
2014 3
2015 2
2016 1
2017 1
2018 1
2019 2
2020 1
2021 2
2022 2
2023 2
2024 1
2025 2
2026 2
2027 3
2028 2
2029 3
2030 2
2031 2
2032 1
2033 4
2034 3
2035 3
2036 2
2037 2
2038 3
2039 4
2040 2
2041 3
2042 3
2043 3
2044 2
2045 3
2046 2
2047 2
2048 1
2049 3
2050 3
2051 4
2052 3
2053 4
2054 4
2055 4
2056 3
2057 5
2058 4
2059 3
2060 3
2061 4
2062 4
2063 5
2064 2
2065 3
2066 3
2067 4
2068 3
2069 4
2070 3
2071 3
2072 2
2073 3
2074 3
2075 3
2076 2
2077 3
2078 2
2079 2
2080 1
2081 1
2082 2
2083 3
2084 2
2085 1
2086 2
2087 3
2088 2
2089 3
2090 2
2091 3
2092 2
2093 1
2094 4
2095 2
2096 2
2097 5
2098 4
2099 3
2100 2
2101 3
2102 4
2103 4
2104 6
2105 3
2106 2
2107 4
2108 4
2109 4
2110 2
2111 4
2112 2
2113 3
2114 5
2115 3
2116 5
2117 5
2118 5
2119 3
2120 4
2121 7
2122 5
2123 5
2124 4
2125 3
2126 4
2127 5
2128 6
2129 3
2130 3
2131 5
2132 2
2133 3
2134 4
2135 3
2136 4
2137 3
2138 4
2139 3
2140 2
2141 3
2142 4
2143 3
2144 2
2145 1
2146 1
2147 1
2148 1
2149 2
2150 2
2151 1
2152 2
2153 2
2154 2
2155 2
2156 1
2157 2
2158 2
2159 3
2160 2
2161 2
2162 3
2163 3
2164 3
2165 2
2166 2
2167 1
2168 3
2169 4
2170 3
2171 4
2172 3
2173 3
2174 3
2175 2
2176 3
2177 2
2178 1
2179 3
2180 4
2181 3
2182 4
2183 4
2184 4
2185 5
2186 4
2187 5
2188 4
2189 2
2190 3
2191 3
2192 4
2193 4
2194 4
2195 3
2196 3
2197 4
2198 3
2199 3
2200 2
2201 3
2202 3
2203 3
2204 3
2205 2
2206 3
2207 3
2208 2
2209 2
2210 2
2211 1
2212 1
2213 2
2214 2
2215 3
2216 3
2217 2
2218 4
2219 3
2220 4
2221 5
2222 2
2223 5
2224 3
2225 3
2226 5
2227 3
2228 4
2229 4
2230 6
2231 5
2232 4
2233 2
2234 5
2235 7
2236 5
2237 6
2238 4
2239 3
2240 5
2241 5
2242 4
2243 3
2244 2
2245 3
2246 4
2247 5
2248 6
2249 6
2250 4
2251 5
2252 7
2253 6
2254 8
2255 6
2256 3
2257 5
2258 6
2259 7
2260 5
2261 5
2262 4
2263 6
2264 4
2265 4
2266 6
2267 3
2268 6
2269 5
2270 4
2271 5
2272 3
2273 4
2274 4
2275 3
2276 3
2277 2
2278 1
2279 1
2280 1
2281 2
2282 1
2283 3
2284 2
2285 4
2286 2
2287 4
2288 3
2289 2
2290 3
2291 3
2292 4
2293 3
2294 2
2295 1
2296 5
2297 3
2298 3
2299 4
2300 2
2301 3
2302 4
2303 6
2304 3
2305 5
2306 4
2307 4
2308 3
2309 3
2310 2
2311 2
2312 1
2313 3
2314 3
2315 4
2316 4
2317 5
2318 5
2319 6
2320 4
2321 7
2322 5
2323 4
2324 3
2325 5
2326 4
2327 4
2328 6
2329 2
2330 3
2331 4
2332 5
2333 4
2334 4
2335 3
2336 4
2337 5
2338 3
2339 5
2340 3
2341 4
2342 2
2343 3
2344 2
2345 2
2346 1
2347 1
2348 2
2349 1
2350 2
2351 3
2352 2
2353 3
2354 4
2355 3
2356 4
2357 2
2358 4
2359 3
2360 4
2361 4
2362 4
2363 2
2364 5
2365 5
2366 4
2367 3
2368 2
2369 1
2370 4
2371 6
2372 3
2373 5
2374 4
2375 3
2376 4
2377 4
2378 4
2379 2
2380 2
2381 3
2382 3
2383 5
2384 5
2385 5
2386 4
2387 5
2388 6
2389 4
2390 7
2391 5
2392 2
2393 3
2394 4
2395 5
2396 6
2397 6
2398 3
2399 5
2400 5
2401 5
2402 4
2403 5
2404 3
2405 5
2406 4
2407 5
2408 4
2409 3
2410 4
2411 3
2412 2
2413 3
2414 2
2415 1
2416 1
2417 1
2418 2
2419 2
2420 1
2421 3
2422 1
2423 4
2424 2
2425 1
2426 3
2427 2
2428 2
2429 1
2430 2
2431 4
2432 2
2433 5
2434 3
2435 2
2436 2
2437 3
2438 2
2439 4
2440 3
2441 6
2442 5
2443 2
2444 3
2445 2
2446 5
2447 4
2448 3
2449 2
2450 1
2451 3
2452 4
2453 5
2454 6
2455 3
2456 4
2457 3
2458 6
2459 7
2460 4
2461 5
2462 3
2463 4
2464 3
2465 3
2466 4
2467 6
2468 3
2469 5
2470 3
2471 2
2472 3
2473 3
2474 4
2475 2
2476 3
2477 5
2478 2
2479 4
2480 2
2481 3
2482 3
2483 2
2484 2
2485 1
2486 1
2487 2
2488 3
2489 4
2490 2
2491 3
2492 2
2493 3
2494 4
2495 2
2496 3
2497 4
2498 4
2499 2
2500 4
2501 3
2502 4
2503 5
2504 3
2505 4
2506 4
2507 3
2508 3
2509 4
2510 5
2511 4
2512 5
2513 5
2514 5
2515 4
2516 5
2517 3
2518 3
2519 4
2520 2
2521 3
2522 5
2523 4
2524 4
2525 6
2526 5
2527 6
2528 6
2529 6
2530 5
2531 6
2532 5
2533 4
2534 4
2535 5
2536 5
2537 4
2538 6
2539 5
2540 4
2541 5
2542 3
2543 5
2544 5
2545 4
2546 3
2547 5
2548 4
2549 3
2550 4
2551 3
2552 5
2553 4
2554 3
2555 2
2556 1
2557 1
2558 1
2559 1
2560 1
2561 2
2562 1
2563 2
2564 1
2565 1
2566 2
2567 2
2568 1
2569 3
2570 2
2571 2
2572 2
2573 2
2574 1
2575 3
2576 2
2577 2
2578 2
2579 2
2580 1
2581 3
2582 3
2583 2
2584 3
2585 3
2586 2
2587 3
2588 2
2589 2
2590 2
2591 2
2592 1
2593 3
2594 3
2595 3
2596 3
2597 4
2598 3
2599 4
2600 4
2601 3
2602 4
2603 4
2604 2
2605 3
2606 3
2607 3
2608 3
2609 4
2610 2
2611 3
2612 3
2613 3
2614 3
2615 4
2616 2
2617 3
2618 3
2619 2
2620 2
2621 3
2622 2
2623 3
2624 2
2625 2
2626 2
2627 2
2628 1
2629 1
2630 2
2631 2
2632 2
2633 3
2634 2
2635 3
2636 2
2637 2
2638 3
2639 4
2640 2
2641 3
2642 3
2643 4
2644 3
2645 4
2646 2
2647 4
2648 4
2649 4
2650 4
2651 3
2652 2
2653 4
2654 5
2655 5
2656 5
2657 5
2658 4
2659 5
2660 3
2661 4
2662 4
2663 3
2664 2
2665 3
2666 4
2667 5
2668 5
2669 4
2670 6
2671 5
2672 6
2673 6
2674 6
2675 6
2676 5
2677 3
2678 4
2679 5
2680 5
2681 5
2682 5
2683 3
2684 5
2685 4
2686 5
2687 4
2688 4
2689 3
2690 5
2691 4
2692 3
2693 3
2694 4
2695 3
2696 4
2697 3
2698 3
2699 3
2700 2
2701 1
2702 1
2703 1
2704 2
2705 2
2706 3
2707 2
2708 3
2709 2
2710 2
2711 3
2712 3
2713 2
2714 3
2715 3
2716 4
2717 4
2718 3
2719 2
2720 4
2721 4
2722 4
2723 3
2724 4
2725 2
2726 3
2727 4
2728 5
2729 3
2730 5
2731 4
2732 3
2733 4
2734 3
2735 3
2736 3
2737 2
2738 1
2739 3
2740 4
2741 4
2742 4
2743 5
2744 4
2745 5
2746 6
2747 4
2748 6
2749 5
2750 4
2751 3
2752 5
2753 4
2754 5
2755 5
2756 5
2757 3
2758 4
2759 5
2760 5
2761 4
2762 4
2763 3
2764 4
2765 4
2766 3
2767 3
2768 4
2769 3
2770 4
2771 3
2772 3
2773 2
2774 2
2775 1
2776 1
2777 2
2778 1
2779 2
2780 1
2781 2
2782 2
2783 2
2784 2
2785 2
2786 3
2787 2
2788 3
2789 2
2790 1
2791 4
2792 3
2793 2
2794 3
2795 2
2796 3
2797 3
2798 3
2799 2
2800 1
2801 4
2802 4
2803 4
2804 4
2805 2
2806 4
2807 4
2808 3
2809 3
2810 2
2811 2
2812 2
2813 3
2814 3
2815 3
2816 4
2817 4
2818 5
2819 5
2820 3
2821 5
2822 5
2823 5
2824 5
2825 2
2826 3
2827 4
2828 4
2829 4
2830 3
2831 4
2832 3
2833 4
2834 5
2835 2
2836 3
2837 4
2838 3
2839 4
2840 3
2841 3
2842 3
2843 3
2844 3
2845 2
2846 3
2847 2
2848 3
2849 2
2850 1
2851 1
2852 1
2853 2
2854 1
2855 2
2856 2
2857 3
2858 2
2859 2
2860 3
2861 4
2862 2
2863 5
2864 3
2865 2
2866 3
2867 3
2868 2
2869 1
2870 4
2871 6
2872 4
2873 4
2874 2
2875 2
2876 3
2877 5
2878 5
2879 3
2880 4
2881 4
2882 3
2883 4
2884 3
2885 3
2886 2
2887 2
2888 1
2889 3
2890 3
2891 4
2892 4
2893 5
2894 4
2895 5
2896 5
2897 4
2898 6
2899 6
2900 4
2901 3
2902 3
2903 5
2904 5
2905 7
2906 5
2907 2
2908 3
2909 4
2910 4
2911 3
2912 4
2913 6
2914 3
2915 5
2916 4
2917 3
2918 3
2919 4
2920 3
2921 3
2922 2
2923 3
2924 2
2925 2
2926 1
2927 1
2928 2
2929 3
2930 2
2931 3
2932 4
2933 1
2934 4
2935 4
2936 2
2937 1
2938 4
2939 5
2940 2
2941 3
2942 6
2943 5
2944 4
2945 2
2946 6
2947 3
2948 2
2949 5
2950 4
2951 3
2952 4
2953 6
2954 4
2955 3
2956 6
2957 4
2958 6
2959 2
2960 5
2961 2
2962 4
2963 4
2964 2
2965 3
2966 5
2967 5
2968 3
2969 6
2970 3
2971 7
2972 5
2973 7
2974 4
2975 5
2976 7
2977 5
2978 4
2979 5
2980 6
2981 3
2982 4
2983 7
2984 3
2985 5
2986 6
2987 7
2988 4
2989 3
2990 6
2991 5
2992 2
2993 3
2994 5
2995 5
2996 2
2997 5
2998 4
2999 3
3000 4
3001 3
3002 2
3003 1
3004 1
3005 1
3006 1
3007 2
3008 2
3009 1
3010 2
3011 2
3012 2
3013 3
3014 2
3015 2
3016 1
3017 3
3018 2
3019 4
3020 4
3021 2
3022 2
3023 3
3024 3
3025 3
3026 3
3027 2
3028 2
3029 1
3030 3
3031 4
3032 4
3033 3
3034 5
3035 4
3036 3
3037 4
3038 3
3039 2
3040 3
3041 2
3042 1
3043 3
3044 4
3045 3
3046 4
3047 5
3048 4
3049 5
3050 6
3051 4
3052 5
3053 5
3054 4
3055 2
3056 3
3057 3
3058 4
3059 4
3060 4
3061 4
3062 3
3063 3
3064 5
3065 5
3066 3
3067 4
3068 2
3069 3
3070 3
3071 4
3072 3
3073 3
3074 3
3075 2
3076 3
3077 3
3078 2
3079 2
3080 2
3081 1
3082 1
3083 2
3084 2
3085 3
3086 4
3087 2
3088 3
3089 4
3090 4
3091 5
3092 3
3093 4
3094 2
3095 5
3096 4
3097 5
3098 4
3099 4
3100 3
3101 4
3102 6
3103 3
3104 6
3105 4
3106 4
3107 2
3108 5
3109 7
3110 7
3111 4
3112 5
3113 5
3114 3
3115 4
3116 5
3117 4
3118 5
3119 3
3120 2
3121 3
3122 4
3123 6
3124 5
3125 6
3126 5
3127 4
3128 6
3129 6
3130 5
3131 8
3132 8
3133 6
3134 3
3135 5
3136 5
3137 7
3138 4
3139 7
3140 5
3141 4
3142 5
3143 5
3144 6
3145 5
3146 6
3147 3
3148 5
3149 4
3150 6
3151 5
3152 5
3153 4
3154 3
3155 5
3156 4
3157 3
3158 3
3159 2
3160 1
3161 1
3162 1
3163 2
3164 1
3165 1
3166 2
3167 3
3168 1
3169 2
3170 1
3171 3
3172 2
3173 2
3174 2
3175 2
3176 1
3177 3
3178 2
3179 2
3180 1
3181 4
3182 3
3183 4
3184 2
3185 2
3186 2
3187 3
3188 3
3189 4
3190 2
3191 3
3192 2
3193 3
3194 3
3195 2
3196 2
3197 3
3198 2
3199 2
3200 1
3201 3
3202 3
3203 4
3204 3
3205 3
3206 4
3207 4
3208 3
3209 4
3210 3
3211 5
3212 4
3213 4
3214 3
3215 3
3216 3
3217 5
3218 4
3219 5
3220 2
3221 3
3222 3
3223 4
3224 2
3225 3
3226 3
3227 3
3228 3
3229 4
3230 2
3231 3
3232 2
3233 4
3234 3
3235 2
3236 2
3237 3
3238 2
3239 2
3240 1
3241 1
3242 2
3243 1
3244 2
3245 2
3246 2
3247 3
3248 2
3249 1
3250 2
3251 3
3252 2
3253 2
3254 4
3255 3
3256 2
3257 3
3258 2
3259 3
3260 2
3261 3
3262 4
3263 3
3264 2
3265 3
3266 2
3267 1
3268 4
3269 4
3270 4
3271 4
3272 4
3273 4
3274 3
3275 4
3276 2
3277 4
3278 3
3279 2
3280 2
3281 3
3282 3
3283 4
3284 5
3285 3
3286 5
3287 4
3288 5
3289 5
3290 5
3291 5
3292 5
3293 5
3294 2
3295 3
3296 4
3297 3
3298 4
3299 5
3300 4
3301 3
3302 4
3303 3
3304 4
3305 3
3306 4
3307 5
3308 3
3309 3
3310 4
3311 3
3312 2
3313 3
3314 4
3315 3
3316 3
3317 3
3318 2
3319 3
3320 2
3321 1
3322 1
3323 1
3324 2
3325 2
3326 2
3327 3
3328 3
3329 2
3330 2
3331 2
3332 3
3333 3
3334 3
3335 4
3336 4
3337 2
3338 5
3339 3
3340 4
3341 2
3342 5
3343 3
3344 4
3345 3
3346 4
3347 3
3348 2
3349 4
3350 4
3351 4
3352 3
3353 4
3354 3
3355 5
3356 4
3357 3
3358 3
3359 4
3360 3
3361 2
3362 1
3363 3
3364 4
3365 5
3366 4
3367 4
3368 5
3369 6
3370 4
3371 5
3372 4
3373 5
3374 5
3375 5
3376 3
3377 4
3378 5
3379 4
3380 5
3381 4
3382 6
3383 3
3384 5
3385 4
3386 6
3387 3
3388 5
3389 5
3390 4
3391 4
3392 4
3393 3
3394 3
3395 3
3396 4
3397 4
3398 3
3399 3
3400 3
3401 2
3402 2
3403 1
3404 1
3405 2
3406 3
3407 4
3408 4
3409 5
3410 6
3411 4
3412 3
3413 4
3414 6
3415 7
3416 5
3417 6
3418 5
3419 4
3420 6
3421 7
3422 7
3423 4
3424 5
3425 7
3426 7
3427 7
3428 5
3429 5
3430 3
3431 4
3432 6
3433 8
3434 6
3435 8
3436 7
3437 6
3438 6
3439 7
3440 4
3441 7
3442 5
3443 4
3444 2
3445 3
3446 5
3447 6
3448 8
3449 5
3450 8
3451 7
3452 7
3453 8
3454 9
3455 7
3456 9
3457 7
3458 5
3459 4
3460 6
3461 6
3462 8
3463 8
3464 8
3465 6
3466 5
3467 8
3468 8
3469 7
3470 5
3471 6
3472 7
3473 6
3474 8
3475 7
3476 5
3477 4
3478 5
3479 7
3480 6
3481 5
3482 5
3483 4
3484 3
3485 2
3486 1
3487 1
3488 1
3489 1
3490 1
3491 2
3492 1
3493 1
3494 2
3495 2
3496 2
3497 2
3498 1
3499 2
3500 1
3501 3
3502 2
3503 3
3504 2
3505 3
3506 2
3507 1
3508 3
3509 4
3510 2
3511 3
3512 2
3513 2
3514 1
3515 3
3516 3
3517 4
3518 3
3519 3
3520 3
3521 2
3522 2
3523 3
3524 3
3525 2
3526 2
3527 2
3528 1
3529 3
3530 3
3531 3
3532 4
3533 4
3534 3
3535 3
3536 4
3537 4
3538 4
3539 5
3540 4
3541 4
3542 2
3543 3
3544 3
3545 4
3546 3
3547 5
3548 4
3549 2
3550 3
3551 4
3552 3
3553 4
3554 3
3555 4
3556 2
3557 3
3558 2
3559 3
3560 3
3561 3
3562 3
3563 2
3564 2
3565 3
3566 2
3567 2
3568 2
3569 2
3570 1
3571 1
3572 2
3573 2
3574 2
3575 1
3576 2
3577 2
3578 2
3579 3
3580 2
3581 3
3582 2
3583 3
3584 2
3585 3
3586 2
3587 1
3588 4
3589 4
3590 2
3591 2
3592 5
3593 3
3594 4
3595 3
3596 3
3597 3
3598 2
3599 4
3600 4
3601 4
3602 3
3603 5
3604 2
3605 4
3606 4
3607 4
3608 4
3609 3
3610 2
3611 3
3612 2
3613 3
3614 4
3615 3
3616 4
3617 5
3618 5
3619 5
3620 5
3621 3
3622 6
3623 4
3624 5
3625 5
3626 5
3627 3
3628 4
3629 4
3630 4
3631 5
3632 4
3633 6
3634 3
3635 3
3636 5
3637 5
3638 2
3639 3
3640 4
3641 3
3642 4
3643 3
3644 4
3645 3
3646 4
3647 3
3648 3
3649 3
3650 2
3651 3
3652 3
3653 3
3654 2
3655 1
3656 1
3657 1
3658 2
3659 2
3660 2
3661 2
3662 2
3663 3
3664 3
3665 3
3666 4
3667 2
3668 4
3669 2
3670 5
3671 3
3672 2
3673 3
3674 4
3675 3
3676 2
3677 4
3678 3
3679 3
3680 5
3681 4
3682 3
3683 2
3684 3
3685 5
3686 4
3687 5
3688 4
3689 4
3690 4
3691 3
3692 3
3693 4
3694 4
3695 3
3696 3
3697 2
3698 1
3699 3
3700 4
3701 4
3702 5
3703 5
3704 4
3705 4
3706 5
3707 5
3708 5
3709 6
3710 5
3711 6
3712 4
3713 3
3714 4
3715 5
3716 6
3717 4
3718 4
3719 5
3720 3
3721 4
3722 5
3723 4
3724 3
3725 4
3726 6
3727 3
3728 5
3729 3
3730 5
3731 4
3732 4
3733 4
3734 3
3735 3
3736 3
3737 3
3738 3
3739 2
3740 2
3741 1
3742 1
3743 2
3744 1
3745 2
3746 3
3747 2
3748 2
3749 3
3750 3
3751 3
3752 4
3753 2
3754 4
3755 2
3756 3
3757 3
3758 3
3759 4
3760 5
3761 3
3762 2
3763 3
3764 5
3765 4
3766 3
3767 4
3768 3
3769 2
3770 1
3771 4
3772 4
3773 6
3774 3
3775 6
3776 4
3777 4
3778 5
3779 5
3780 4
3781 3
3782 4
3783 2
3784 2
3785 3
3786 3
3787 5
3788 4
3789 5
3790 6
3791 6
3792 5
3793 5
3794 7
3795 4
3796 7
3797 5
3798 5
3799 2
3800 3
3801 4
3802 5
3803 4
3804 5
3805 6
3806 4
3807 3
3808 4
3809 6
3810 5
3811 4
3812 4
3813 4
3814 3
3815 5
3816 3
3817 5
3818 4
3819 4
3820 4
3821 3
3822 3
3823 4
3824 3
3825 2
3826 3
3827 2
3828 1
3829 1
3830 1
3831 2
3832 1
3833 3
3834 2
3835 2
3836 1
3837 3
3838 2
3839 1
3840 2
3841 3
3842 2
3843 4
3844 2
3845 3
3846 3
3847 3
3848 2
3849 2
3850 1
3851 4
3852 3
3853 4
3854 3
3855 3
3856 2
3857 2
3858 3
3859 4
3860 4
3861 2
3862 3
3863 4
3864 3
3865 3
3866 3
3867 3
3868 2
3869 3
3870 2
3871 2
3872 1
3873 3
3874 3
3875 4
3876 3
3877 4
3878 4
3879 4
3880 4
3881 5
3882 4
3883 3
3884 5
3885 5
3886 4
3887 3
3888 3
3889 4
3890 4
3891 5
3892 4
3893 5
3894 2
3895 3
3896 3
3897 4
3898 4
3899 4
3900 3
3901 5
3902 3
3903 4
3904 3
3905 2
3906 3
3907 4
3908 2
3909 3
3910 3
3911 4
3912 2
3913 3
3914 2
3915 2
3916 1
3917 1
3918 2
3919 3
3920 2
3921 3
3922 4
3923 4
3924 2
3925 3
3926 4
3927 2
3928 4
3929 3
3930 4
3931 5
3932 4
3933 3
3934 4
3935 4
3936 4
3937 4
3938 2
3939 5
3940 4
3941 5
3942 3
3943 3
3944 4
3945 3
3946 4
3947 4
3948 6
3949 6
3950 5
3951 5
3952 4
3953 6
3954 4
3955 3
3956 4
3957 5
3958 4
3959 4
3960 2
3961 3
3962 5
3963 5
3964 6
3965 5
3966 4
3967 5
3968 7
3969 5
3970 6
3971 6
3972 7
3973 7
3974 5
3975 5
3976 4
3977 5
3978 4
3979 4
3980 6
3981 5
3982 6
3983 3
3984 5
3985 5
3986 5
3987 5
3988 4
3989 5
3990 6
3991 5
3992 4
3993 5
3994 3
3995 5
3996 4
3997 3
3998 5
3999 5
4000 4
4001 3
4002 4
4003 3
4004 2
4005 1
4006 1
4007 1
4008 1
4009 2
4010 1
4011 1
4012 2
4013 2
4014 1
4015 1
4016 2
4017 2
4018 3
4019 2
4020 1
4021 2
4022 2
4023 1
4024 3
4025 2
4026 2
4027 2
4028 3
4029 2
4030 2
4031 3
4032 2
4033 2
4034 2
4035 1
4036 3
4037 4
4038 3
4039 3
4040 3
4041 2
4042 3
4043 3
4044 3
4045 2
4046 3
4047 2
4048 3
4049 2
4050 1
4051 3
4052 4
4053 3
4054 4
4055 3
4056 4
4057 4
4058 4
4059 3
4060 4
4061 4
4062 4
4063 5
4064 4
4065 2
4066 3
4067 3
4068 3
4069 4
4070 3
4071 3
4072 4
4073 3
4074 3
4075 3
4076 4
4077 2
4078 3
4079 3
4080 2
4081 3
4082 4
4083 3
4084 3
4085 2
4086 2
4087 3
4088 3
4089 2
4090 2
4091 3
4092 2
4093 2
4094 2
4095 1
4096 1
4097 2
4098 2
4099 3
4100 2
4101 2
4102 1
4103 3
4104 2
4105 2
4106 3
4107 2
4108 1
4109 2
4110 2
4111 4
4112 3
4113 2
4114 3
4115 4
4116 2
4117 3
4118 4
4119 4
4120 5
4121 2
4122 3
4123 2
4124 4
4125 2
4126 5
4127 4
4128 6
4129 5
4130 3
4131 4
4132 4
4133 3
4134 2
4135 4
4136 3
4137 2
4138 3
4139 3
4140 2
4141 3
4142 4
4143 4
4144 3
4145 4
4146 5
4147 3
4148 4
4149 5
4150 5
4151 4
4152 6
4153 7
4154 5
4155 6
4156 3
4157 5
4158 3
4159 4
4160 3
4161 6
4162 5
4163 5
4164 4
4165 3
4166 5
4167 4
4168 3
4169 4
4170 5
4171 3
4172 3
4173 2
4174 3
4175 4
4176 3
4177 3
4178 4
4179 2
4180 3
4181 3
4182 4
4183 3
4184 3
4185 2
4186 1
4187 1
4188 1
4189 2
4190 1
4191 2
4192 2
4193 2
4194 2
4195 2
4196 2
4197 2
4198 3
4199 2
4200 3
4201 2
4202 4
4203 3
4204 2
4205 5
4206 4
4207 3
4208 2
4209 1
4210 5
4211 4
4212 4
4213 3
4214 3
4215 3
4216 2
4217 3
4218 4
4219 5
4220 6
4221 3
4222 5
4223 3
4224 5
4225 4
4226 4
4227 3
4228 3
4229 3
4230 2
4231 2
4232 1
4233 3
4234 3
4235 4
4236 4
4237 4
4238 5
4239 5
4240 6
4241 4
4242 6
4243 4
4244 7
4245 6
4246 5
4247 4
4248 3
4249 4
4250 4
4251 4
4252 5
4253 5
4254 6
4255 2
4256 3
4257 4
4258 5
4259 6
4260 3
4261 4
4262 5
4263 3
4264 4
4265 3
4266 4
4267 3
4268 3
4269 3
4270 3
4271 3
4272 3
4273 3
4274 2
4275 3
4276 2
4277 2
4278 1
4279 1
4280 2
4281 1
4282 2
4283 2
4284 2
4285 3
4286 3
4287 2
4288 2
4289 3
4290 3
4291 3
4292 3
4293 2
4294 4
4295 4
4296 2
4297 5
4298 4
4299 3
4300 3
4301 2
4302 4
4303 3
4304 3
4305 4
4306 3
4307 3
4308 2
4309 1
4310 4
4311 5
4312 4
4313 3
4314 4
4315 6
4316 5
4317 3
4318 4
4319 4
4320 3
4321 4
4322 3
4323 2
4324 2
4325 3
4326 3
4327 4
4328 5
4329 4
4330 5
4331 5
4332 4
4333 6
4334 7
4335 5
4336 4
4337 5
4338 6
4339 5
4340 2
4341 3
4342 4
4343 4
4344 5
4345 4
4346 4
4347 5
4348 3
4349 4
4350 4
4351 5
4352 6
4353 3
4354 5
4355 5
4356 3
4357 4
4358 4
4359 4
4360 4
4361 3
4362 3
4363 4
4364 4
4365 3
4366 3
4367 3
4368 2
4369 3
4370 2
4371 1
4372 1
4373 1
4374 2
4375 2
4376 3
4377 3
4378 3
4379 4
4380 3
4381 3
4382 4
4383 4
4384 3
4385 4
4386 3
4387 5
4388 4
4389 3
4390 4
4391 5
4392 4
4393 4
4394 2
4395 5
4396 5
4397 6
4398 4
4399 4
4400 4
4401 3
4402 2
4403 4
4404 5
4405 7
4406 6
4407 5
4408 6
4409 4
4410 6
4411 5
4412 5
4413 4
4414 5
4415 4
4416 3
4417 2
4418 1
4419 3
4420 4
4421 5
4422 6
4423 5
4424 6
4425 6
4426 7
4427 5
4428 7
4429 6
4430 7
4431 8
4432 6
4433 5
4434 3
4435 4
4436 5
4437 5
4438 5
4439 7
4440 6
4441 6
4442 3
4443 5
4444 5
4445 6
4446 5
4447 4
4448 5
4449 6
4450 4
4451 5
4452 4
4453 5
4454 5
4455 4
4456 4
4457 5
4458 4
4459 4
4460 4
4461 3
4462 3
4463 2
4464 2
4465 1
4466 1
4467 2
4468 3
4469 4
4470 1
4471 2
4472 5
4473 6
4474 2
4475 2
4476 6
4477 7
4478 5
4479 7
4480 2
4481 3
4482 3
4483 2
4484 1
4485 3
4486 7
4487 6
4488 4
4489 5
4490 4
4491 4
4492 8
4493 7
4494 7
4495 2
4496 3
4497 4
4498 8
4499 9
4500 5
4501 5
4502 8
4503 2
4504 4
4505 3
4506 6
4507 7
4508 3
4509 6
4510 2
4511 4
4512 2
4513 3
4514 5
4515 3
4516 7
4517 4
4518 8
4519 7
4520 4
4521 5
4522 3
4523 9
4524 6
4525 6
4526 10
4527 9
4528 5
4529 4
4530 3
4531 8
4532 8
4533 9
4534 5
4535 5
4536 6
4537 5
4538 7
4539 8
4540 4
4541 2
4542 3
4543 4
4544 4
4545 3
4546 8
4547 6
4548 8
4549 7
4550 3
4551 3
4552 7
4553 6
4554 3
4555 2
4556 5
4557 4
4558 3
4559 2
4560 1
4561 1
4562 1
4563 1
4564 1
4565 2
4566 1
4567 3
4568 1
4569 2
4570 2
4571 2
4572 1
4573 3
4574 2
4575 2
4576 1
4577 3
4578 2
4579 2
4580 2
4581 2
4582 2
4583 2
4584 1
4585 3
4586 3
4587 3
4588 2
4589 3
4590 2
4591 2
4592 1
4593 3
4594 3
4595 4
4596 2
4597 3
4598 3
4599 3
4600 2
4601 3
4602 2
4603 3
4604 2
4605 2
4606 2
4607 2
4608 1
4609 3
4610 3
4611 3
4612 3
4613 4
4614 3
4615 4
4616 3
4617 4
4618 4
4619 4
4620 3
4621 5
4622 4
4623 4
4624 2
4625 3
4626 3
4627 4
4628 3
4629 4
4630 4
4631 4
4632 2
4633 3
4634 3
4635 3
4636 3
4637 3
4638 3
4639 4
4640 2
4641 3
4642 3
4643 4
4644 2
4645 3
4646 3
4647 3
4648 2
4649 4
4650 2
4651 3
4652 2
4653 2
4654 2
4655 2
4656 1
4657 1
4658 2
4659 2
4660 2
4661 3
4662 2
4663 3
4664 2
4665 4
4666 4
4667 5
4668 2
4669 3
4670 4
4671 4
4672 2
4673 3
4674 4
4675 3
4676 4
4677 4
4678 5
4679 4
4680 2
4681 6
4682 4
4683 3
4684 4
4685 5
4686 4
4687 3
4688 2
4689 4
4690 6
4691 4
4692 7
4693 5
4694 5
4695 4
4696 4
4697 5
4698 4
4699 6
4700 5
4701 4
4702 4
4703 3
4704 2
4705 3
4706 4
4707 5
4708 5
4709 6
4710 7
4711 5
4712 6
4713 5
4714 5
4715 6
4716 6
4717 8
4718 5
4719 7
4720 5
4721 3
4722 4
4723 5
4724 6
4725 5
4726 4
4727 5
4728 7
4729 3
4730 5
4731 6
4732 5
4733 5
4734 4
4735 5
4736 4
4737 3
4738 5
4739 5
4740 4
4741 3
4742 6
4743 5
4744 5
4745 3
4746 4
4747 3
4748 4
4749 3
4750 3
4751 3
4752 2
4753 1
4754 1
4755 1
4756 2
4757 2
4758 3
4759 2
4760 1
4761 2
4762 3
4763 3
4764 4
4765 2
4766 2
4767 1
4768 3
4769 2
4770 3
4771 3
4772 3
4773 4
4774 2
4775 4
4776 3
4777 2
4778 4
4779 5
4780 4
4781 2
4782 5
4783 3
4784 4
4785 2
4786 3
4787 4
4788 3
4789 6
4790 3
4791 5
4792 5
4793 4
4794 3
4795 2
4796 3
4797 4
4798 3
4799 3
4800 3
4801 2
4802 1
4803 3
4804 4
4805 4
4806 4
4807 5
4808 4
4809 3
4810 4
4811 5
4812 6
4813 6
4814 4
4815 7
4816 4
4817 5
4818 4
4819 3
4820 5
4821 4
4822 6
4823 3
4824 5
4825 6
4826 5
4827 3
4828 4
4829 5
4830 3
4831 5
4832 4
4833 4
4834 4
4835 3
4836 4
4837 2
4838 3
4839 3
4840 5
4841 4
4842 4
4843 3
4844 2
4845 3
4846 4
4847 3
4848 3
4849 2
4850 2
4851 1
4852 1
4853 2
4854 1
4855 2
4856 3
4857 2
4858 2
4859 2
4860 1
4861 2
4862 1
4863 2
4864 3
4865 2
4866 2
4867 2
4868 3
4869 2
4870 3
4871 4
4872 3
4873 2
4874 3
4875 2
4876 3
4877 4
4878 3
4879 3
4880 3
4881 2
4882 3
4883 2
4884 1
4885 4
4886 4
4887 4
4888 4
4889 4
4890 4
4891 4
4892 4
4893 3
4894 4
4895 2
4896 2
4897 3
4898 4
4899 2
4900 2
4901 3
4902 3
4903 5
4904 4
4905 3
4906 3
4907 5
4908 4
4909 5
4910 5
4911 5
4912 5
4913 5
4914 5
4915 5
4916 5
4917 2
4918 3
4919 4
4920 3
4921 4
4922 4
4923 4
4924 5
4925 4
4926 3
4927 4
4928 3
4929 4
4930 5
4931 4
4932 3
4933 4
4934 3
4935 3
4936 3
4937 4
4938 3
4939 2
4940 3
4941 2
4942 3
4943 3
4944 3
4945 4
4946 3
4947 2
4948 3
4949 2
4950 1
4951 1
4952 1
4953 2
4954 1
4955 1
4956 2
4957 2
4958 2
4959 2
4960 1
4961 2
4962 2
4963 3
4964 2
4965 2
4966 2
4967 3
4968 2
4969 2
4970 1
4971 3
4972 3
4973 3
4974 2
4975 1
4976 4
4977 3
4978 3
4979 4
4980 2
4981 3
4982 2
4983 2
4984 3
4985 3
4986 4
4987 5
4988 3
4989 4
4990 2
4991 3
4992 3
4993 3
4994 3
4995 2
4996 3
4997 3
4998 2
4999 2
5000 1
5001 3
5002 3
5003 4
5004 4
5005 3
5006 4
5007 4
5008 4
5009 4
5010 3
5011 5
5012 4
5013 6
5014 5
5015 4
5016 4
5017 3
5018 3
5019 4
5020 3
5021 5
5022 4
5023 4
5024 5
5025 2
5026 3
5027 4
5028 4
5029 4
5030 2
5031 3
5032 3
5033 4
5034 3
5035 3
5036 3
5037 4
5038 3
5039 3
5040 2
5041 3
5042 3
5043 3
5044 3
5045 2
5046 2
5047 3
5048 2
5049 2
5050 1
5051 1
5052 2
5053 3
5054 2
5055 2
5056 3
5057 4
5058 3
5059 3
5060 2
5061 3
5062 3
5063 3
5064 4
5065 4
5066 3
5067 4
5068 4
5069 4
5070 2
5071 5
5072 4
5073 4
5074 3
5075 2
5076 5
5077 3
5078 5
5079 5
5080 4
5081 4
5082 3
5083 3
5084 4
5085 5
5086 6
5087 4
5088 3
5089 5
5090 6
5091 5
5092 5
5093 5
5094 4
5095 4
5096 4
5097 5
5098 3
5099 4
5100 2
5101 3
5102 5
5103 4
5104 6
5105 5
5106 5
5107 5
5108 6
5109 6
5110 6
5111 7
5112 6
5113 4
5114 5
5115 7
5116 6
5117 5
5118 4
5119 4
5120 5
5121 5
5122 6
5123 6
5124 4
5125 6
5126 3
5127 4
5128 5
5129 5
5130 6
5131 3
5132 5
5133 5
5134 5
5135 4
5136 5
5137 5
5138 4
5139 4
5140 4
5141 3
5142 4
5143 4
5144 5
5145 4
5146 3
5147 3
5148 4
5149 3
5150 2
5151 1
5152 1
5153 1
5154 1
5155 2
5156 2
5157 1
5158 3
5159 2
5160 2
5161 2
5162 2
5163 2
5164 3
5165 3
5166 3
5167 2
5168 1
5169 3
5170 4
5171 2
5172 4
5173 4
5174 3
5175 2
5176 2
5177 3
5178 5
5179 4
5180 4
5181 3
5182 3
5183 2
5184 2
5185 1
5186 3
5187 4
5188 5
5189 4
5190 3
5191 5
5192 3
5193 4
5194 3
5195 4
5196 3
5197 3
5198 3
5199 2
5200 3
5201 2
5202 1
5203 3
5204 4
5205 3
5206 4
5207 4
5208 4
5209 5
5210 4
5211 5
5212 4
5213 6
5214 4
5215 5
5216 6
5217 5
5218 4
5219 2
5220 3
5221 3
5222 4
5223 4
5224 5
5225 5
5226 6
5227 4
5228 3
5229 3
5230 4
5231 5
5232 5
5233 3
5234 5
5235 4
5236 2
5237 3
5238 4
5239 4
5240 4
5241 3
5242 3
5243 3
5244 3
5245 3
5246 4
5247 2
5248 3
5249 3
5250 2
5251 2
5252 2
5253 1
5254 1
5255 2
5256 2
5257 3
5258 3
5259 2
5260 4
5261 5
5262 4
5263 3
5264 4
5265 5
5266 6
5267 4
5268 7
5269 5
5270 2
5271 7
5272 6
5273 3
5274 7
5275 8
5276 5
5277 5
5278 3
5279 4
5280 9
5281 7
5282 6
5283 7
5284 4
5285 5
5286 4
5287 2
5288 5
5289 5
5290 7
5291 10
5292 4
5293 6
5294 8
5295 7
5296 3
5297 8
5298 7
5299 5
5300 5
5301 5
5302 4
5303 3
5304 2
5305 3
5306 4
5307 5
5308 6
5309 6
5310 6
5311 8
5312 9
5313 4
5314 8
5315 9
5316 7
5317 5
5318 11
5319 8
5320 6
5321 6
5322 3
5323 5
5324 6
5325 5
5326 8
5327 7
5328 8
5329 10
5330 5
5331 4
5332 6
5333 6
5334 9
5335 8
5336 4
5337 7
5338 8
5339 3
5340 6
5341 8
5342 5
5343 7
5344 6
5345 5
5346 4
5347 5
5348 6
5349 5
5350 3
5351 4
5352 4
5353 3
5354 3
5355 2
5356 1
5357 1
5358 1
5359 2
5360 1
5361 2
5362 2
5363 3
5364 1
5365 3
5366 2
5367 3
5368 2
5369 1
5370 3
5371 4
5372 2
5373 2
5374 4
5375 4
5376 2
5377 3
5378 3
5379 3
5380 2
5381 2
5382 1
5383 4
5384 3
5385 3
5386 4
5387 4
5388 2
5389 3
5390 2
5391 3
5392 3
5393 5
5394 4
5395 2
5396 3
5397 4
5398 3
5399 5
5400 3
5401 4
5402 3
5403 3
5404 2
5405 3
5406 2
5407 2
5408 1
5409 3
5410 3
5411 4
5412 3
5413 4
5414 4
5415 5
5416 4
5417 6
5418 4
5419 5
5420 4
5421 3
5422 5
5423 6
5424 4
5425 4
5426 3
5427 4
5428 3
5429 5
5430 5
5431 4
5432 4
5433 5
5434 2
5435 3
5436 3
5437 4
5438 4
5439 4
5440 3
5441 5
5442 5
5443 3
5444 3
5445 5
5446 4
5447 2
5448 3
5449 4
5450 3
5451 4
5452 2
5453 4
5454 3
5455 3
5456 2
5457 3
5458 2
5459 2
5460 1
5461 1
5462 2
5463 1
5464 2
5465 1
5466 2
5467 1
5468 2
5469 3
5470 2
5471 3
5472 4
5473 2
5474 2
5475 1
5476 4
5477 2
5478 2
5479 3
5480 2
5481 1
5482 3
5483 3
5484 4
5485 2
5486 2
5487 5
5488 2
5489 3
5490 2
5491 5
5492 4
5493 3
5494 2
5495 1
5496 4
5497 6
5498 4
5499 6
5500 3
5501 4
5502 2
5503 4
5504 3
5505 2
5506 3
5507 4
5508 4
5509 2
5510 2
5511 2
5512 2
5513 3
5514 3
5515 3
5516 3
5517 5
5518 5
5519 4
5520 3
5521 4
5522 5
5523 3
5524 5
5525 4
5526 7
5527 5
5528 7
5529 5
5530 2
5531 3
5532 4
5533 5
5534 6
5535 3
5536 4
5537 3
5538 6
5539 3
5540 3
5541 5
5542 4
5543 4
5544 2
5545 3
5546 4
5547 3
5548 3
5549 5
5550 2
5551 3
5552 3
5553 5
5554 4
5555 3
5556 4
5557 3
5558 2
5559 3
5560 2
5561 3
5562 2
5563 3
5564 2
5565 1
5566 1
5567 1
5568 2
5569 2
5570 2
5571 3
5572 2
5573 2
5574 3
5575 4
5576 3
5577 5
5578 2
5579 3
5580 2
5581 5
5582 3
5583 6
5584 4
5585 4
5586 2
5587 7
5588 4
5589 5
5590 4
5591 2
5592 5
5593 8
5594 5
5595 6
5596 3
5597 5
5598 3
5599 3
5600 2
5601 4
5602 6
5603 7
5604 9
5605 3
5606 6
5607 8
5608 5
5609 7
5610 6
5611 4
5612 6
5613 5
5614 3
5615 4
5616 3
5617 2
5618 1
5619 3
5620 4
5621 5
5622 4
5623 6
5624 7
5625 5
5626 7
5627 8
5628 6
5629 9
5630 7
5631 4
5632 10
5633 8
5634 7
5635 5
5636 3
5637 4
5638 4
5639 6
5640 4
5641 7
5642 6
5643 9
5644 6
5645 3
5646 5
5647 6
5648 5
5649 8
5650 3
5651 5
5652 5
5653 7
5654 4
5655 6
5656 3
5657 4
5658 3
5659 6
5660 4
5661 5
5662 4
5663 3
5664 3
5665 4
5666 3
5667 3
5668 3
5669 2
5670 2
5671 1
5672 1
5673 2
5674 3
5675 4
5676 3
5677 4
5678 3
5679 4
5680 5
5681 4
5682 5
5683 6
5684 4
5685 6
5686 3
5687 6
5688 4
5689 5
5690 7
5691 4
5692 3
5693 8
5694 4
5695 6
5696 4
5697 4
5698 5
5699 5
5700 5
5701 5
5702 7
5703 6
5704 5
5705 4
5706 3
5707 4
5708 6
5709 8
5710 6
5711 6
5712 5
5713 5
5714 4
5715 8
5716 5
5717 4
5718 5
5719 6
5720 6
5721 4
5722 4
5723 4
5724 2
5725 3
5726 5
5727 5
5728 5
5729 7
5730 7
5731 6
5732 5
5733 6
5734 9
5735 5
5736 6
5737 6
5738 7
5739 7
5740 9
5741 7
5742 5
5743 4
5744 5
5745 6
5746 7
5747 8
5748 6
5749 6
5750 6
5751 6
5752 5
5753 5
5754 7
5755 5
5756 9
5757 4
5758 5
5759 8
5760 6
5761 5
5762 7
5763 4
5764 7
5765 5
5766 7
5767 6
5768 5
5769 6
5770 5
5771 4
5772 5
5773 4
5774 5
5775 4
5776 3
5777 2
5778 1
5779 1
5780 1
5781 1
5782 1
5783 2
5784 1
5785 2
5786 2
5787 1
5788 3
5789 2
5790 1
5791 2
5792 4
5793 2
5794 2
5795 2
5796 1
5797 3
5798 3
5799 2
5800 4
5801 3
5802 2
5803 3
5804 2
5805 1
5806 3
5807 3
5808 2
5809 3
5810 2
5811 2
5812 2
5813 2
5814 1
5815 3
5816 3
5817 3
5818 4
5819 3
5820 3
5821 5
5822 4
5823 2
5824 3
5825 5
5826 2
5827 4
5828 3
5829 2
5830 2
5831 2
5832 1
5833 3
5834 3
5835 3
5836 4
5837 5
5838 3
5839 6
5840 4
5841 3
5842 5
5843 6
5844 4
5845 4
5846 5
5847 4
5848 4
5849 4
5850 2
5851 3
5852 3
5853 3
5854 3
5855 4
5856 3
5857 4
5858 4
5859 2
5860 3
5861 4
5862 3
5863 4
5864 5
5865 3
5866 4
5867 4
5868 2
5869 3
5870 3
5871 3
5872 5
5873 3
5874 2
5875 3
5876 4
5877 2
5878 3
5879 3
5880 2
5881 3
5882 2
5883 2
5884 2
5885 2
5886 1
5887 1
5888 2
5889 2
5890 2
5891 3
5892 2
5893 3
5894 4
5895 2
5896 3
5897 4
5898 2
5899 4
5900 5
5901 3
5902 5
5903 4
5904 2
5905 6
5906 3
5907 3
5908 4
5909 5
5910 5
5911 3
5912 4
5913 2
5914 4
5915 5
5916 7
5917 6
5918 5
5919 4
5920 4
5921 3
5922 2
5923 4
5924 5
5925 7
5926 6
5927 3
5928 4
5929 6
5930 4
5931 7
5932 5
5933 4
5934 5
5935 5
5936 3
5937 4
5938 4
5939 3
5940 2
5941 3
5942 4
5943 5
5944 5
5945 4
5946 6
5947 6
5948 5
5949 6
5950 8
5951 5
5952 7
5953 5
5954 4
5955 7
5956 8
5957 6
5958 5
5959 3
5960 4
5961 5
5962 5
5963 6
5964 7
5965 8
5966 6
5967 5
5968 3
5969 5
5970 4
5971 6
5972 6
5973 5
5974 4
5975 4
5976 7
5977 3
5978 5
5979 6
5980 4
5981 6
5982 5
5983 3
5984 5
5985 4
5986 3
5987 5
5988 4
5989 3
5990 4
5991 3
5992 3
5993 3
5994 2
5995 1
5996 1
5997 1
5998 2
5999 2
6000 1
6001 2
6002 2
6003 3
6004 2
6005 1
6006 1
6007 2
6008 3
6009 3
6010 2
6011 4
6012 4
6013 2
6014 3
6015 2
6016 2
6017 1
6018 3
6019 4
6020 2
6021 3
6022 2
6023 4
6024 4
6025 3
6026 5
6027 4
6028 2
6029 4
6030 2
6031 2
6032 3
6033 5
6034 5
6035 4
6036 5
6037 4
6038 5
6039 2
6040 3
6041 3
6042 5
6043 4
6044 3
6045 2
6046 4
6047 3
6048 3
6049 2
6050 1
6051 3
6052 4
6053 4
6054 5
6055 3
6056 4
6057 5
6058 6
6059 4
6060 4
6061 3
6062 6
6063 5
6064 6
6065 5
6066 6
6067 6
6068 4
6069 3
6070 3
6071 5
6072 3
6073 5
6074 6
6075 4
6076 5
6077 5
6078 3
6079 4
6080 3
6081 5
6082 4
6083 2
6084 3
6085 3
6086 4
6087 3
6088 5
6089 5
6090 3
6091 4
6092 4
6093 3
6094 2
6095 2
6096 3
6097 4
6098 3
6099 3
6100 2
6101 3
6102 3
6103 2
6104 2
6105 1
6106 1
6107 2
6108 1
6109 2
6110 2
6111 2
6112 3
6113 4
6114 2
6115 2
6116 2
6117 2
6118 4
6119 5
6120 3
6121 4
6122 3
6123 2
6124 5
6125 3
6126 3
6127 2
6128 6
6129 4
6130 3
6131 4
6132 2
6133 3
6134 5
6135 4
6136 3
6137 4
6138 3
6139 3
6140 3
6141 2
6142 1
6143 4
6144 4
6145 4
6146 6
6147 3
6148 4
6149 7
6150 4
6151 6
6152 4
6153 4
6154 5
6155 3
6156 3
6157 4
6158 3
6159 2
6160 2
6161 3
6162 3
6163 4
6164 5
6165 4
6166 4
6167 6
6168 5
6169 5
6170 7
6171 5
6172 8
6173 5
6174 4
6175 7
6176 5
6177 5
6178 5
6179 2
6180 3
6181 4
6182 4
6183 4
6184 5
6185 4
6186 5
6187 6
6188 4
6189 3
6190 5
6191 4
6192 5
6193 7
6194 3
6195 4
6196 4
6197 6
6198 3
6199 4
6200 5
6201 4
6202 6
6203 5
6204 3
6205 3
6206 3
6207 3
6208 5
6209 4
6210 3
6211 3
6212 3
6213 2
6214 3
6215 2
6216 1
6217 1
6218 1
6219 2
6220 1
6221 2
6222 2
6223 1
6224 1
6225 2
6226 2
6227 2
6228 2
6229 2
6230 1
6231 2
6232 1
6233 3
6234 2
6235 4
6236 3
6237 2
6238 2
6239 4
6240 2
6241 3
6242 2
6243 2
6244 1
6245 4
6246 3
6247 5
6248 2
6249 3
6250 3
6251 2
6252 2
6253 2
6254 3
6255 4
6256 3
6257 4
6258 2
6259 3
6260 3
6261 3
6262 4
6263 3
6264 2
6265 2
6266 3
6267 3
6268 2
6269 3
6270 2
6271 2
6272 1
6273 3
6274 3
6275 4
6276 3
6277 4
6278 4
6279 3
6280 3
6281 4
6282 5
6283 4
6284 4
6285 4
6286 3
6287 5
6288 4
6289 5
6290 4
6291 3
6292 3
6293 3
6294 4
6295 4
6296 3
6297 6
6298 4
6299 5
6300 2
6301 3
6302 3
6303 4
6304 3
6305 5
6306 3
6307 3
6308 4
6309 5
6310 3
6311 4
6312 2
6313 3
6314 2
6315 3
6316 3
6317 3
6318 3
6319 3
6320 2
6321 2
6322 3
6323 3
6324 2
6325 3
6326 2
6327 2
6328 1
6329 1
6330 2
6331 3
6332 2
6333 4
6334 5
6335 2
6336 2
6337 5
6338 4
6339 4
6340 5
6341 6
6342 2
6343 3
6344 2
6345 5
6346 5
6347 6
6348 7
6349 3
6350 4
6351 4
6352 6
6353 7
6354 6
6355 5
6356 2
6357 7
6358 5
6359 8
6360 6
6361 3
6362 5
6363 3
6364 5
6365 3
6366 4
6367 4
6368 4
6369 9
6370 8
6371 6
6372 8
6373 5
6374 4
6375 7
6376 6
6377 4
6378 7
6379 5
6380 6
6381 3
6382 5
6383 4
6384 2
6385 3
6386 5
6387 6
6388 4
6389 7
6390 6
6391 8
6392 5
6393 7
6394 8
6395 5
6396 6
6397 9
6398 7
6399 9
6400 10
6401 5
6402 5
6403 5
6404 4
6405 6
6406 4
6407 6
6408 4
6409 7
6410 9
6411 6
6412 8
6413 3
6414 6
6415 7
6416 8
6417 7
6418 5
6419 5
6420 4
6421 8
6422 7
6423 6
6424 6
6425 3
6426 4
6427 3
6428 7
6429 6
6430 5
6431 5
6432 6
6433 3
6434 3
6435 6
6436 5
6437 3
6438 4
6439 3
6440 2
6441 1
6442 1
6443 1
6444 1
6445 2
6446 3
6447 1
6448 2
6449 2
6450 2
6451 3
6452 3
6453 2
6454 4
6455 2
6456 3
6457 2
6458 3
6459 2
6460 1
6461 3
6462 3
6463 3
6464 4
6465 3
6466 3
6467 4
6468 2
6469 2
6470 3
6471 4
6472 4
6473 3
6474 4
6475 3
6476 3
6477 2
6478 2
6479 1
6480 3
6481 4
6482 4
6483 5
6484 3
6485 5
6486 4
6487 4
6488 4
6489 3
6490 3
6491 3
6492 3
6493 4
6494 3
6495 2
6496 3
6497 2
6498 1
6499 3
6500 4
6501 3
6502 4
6503 5
6504 4
6505 4
6506 4
6507 4
6508 5
6509 5
6510 5
6511 6
6512 4
6513 6
6514 5
6515 5
6516 4
6517 2
6518 3
6519 3
6520 4
6521 4
6522 5
6523 4
6524 5
6525 5
6526 4
6527 3
6528 3
6529 5
6530 4
6531 4
6532 5
6533 4
6534 4
6535 4
6536 2
6537 3
6538 4
6539 3
6540 4
6541 3
6542 5
6543 3
6544 4
6545 4
6546 3
6547 3
6548 3
6549 2
6550 4
6551 3
6552 2
6553 2
6554 2
6555 1
6556 1
6557 2
6558 2
6559 3
6560 1
6561 2
6562 3
6563 3
6564 4
6565 2
6566 2
6567 4
6568 3
6569 3
6570 3
6571 3
6572 4
6573 4
6574 2
6575 4
6576 3
6577 2
6578 1
6579 3
6580 4
6581 3
6582 4
6583 3
6584 4
6585 5
6586 3
6587 3
6588 4
6589 4
6590 3
6591 4
6592 4
6593 2
6594 5
6595 4
6596 5
6597 4
6598 5
6599 5
6600 5
6601 2
6602 4
6603 3
6604 5
6605 4
6606 4
6607 3
6608 5
6609 4
6610 2
6611 3
6612 2
6613 3
6614 4
6615 3
6616 5
6617 6
6618 4
6619 5
6620 5
6621 6
6622 4
6623 5
6624 3
6625 6
6626 6
6627 6
6628 5
6629 6
6630 5
6631 6
6632 3
6633 5
6634 5
6635 4
6636 5
6637 5
6638 4
6639 4
6640 6
6641 5
6642 4
6643 5
6644 4
6645 5
6646 4
6647 2
6648 3
6649 4
6650 5
6651 3
6652 5
6653 5
6654 4
6655 4
6656 4
6657 4
6658 5
6659 3
6660 3
6661 5
6662 4
6663 4
6664 3
6665 2
6666 4
6667 3
6668 3
6669 2
6670 1
6671 1
6672 1
6673 2
6674 1
6675 2
6676 2
6677 2
6678 2
6679 3
6680 3
6681 3
6682 3
6683 4
6684 2
6685 4
6686 2
6687 3
6688 3
6689 2
6690 3
6691 4
6692 3
6693 2
6694 4
6695 3
6696 4
6697 3
6698 2
6699 1
6700 5
6701 3
6702 4
6703 4
6704 3
6705 4
6706 3
6707 3
6708 2
6709 3
6710 4
6711 4
6712 5
6713 6
6714 3
6715 5
6716 5
6717 4
6718 4
6719 4
6720 3
6721 3
6722 4
6723 4
6724 3
6725 3
6726 2
6727 2
6728 1
6729 3
6730 3
6731 4
6732 4
6733 5
6734 5
6735 4
6736 4
6737 5
6738 5
6739 5
6740 6
6741 6
6742 4
6743 7
6744 6
6745 5
6746 5
6747 4
6748 3
6749 4
6750 4
6751 5
6752 4
6753 5
6754 5
6755 4
6756 6
6757 2
6758 3
6759 4
6760 5
6761 4
6762 5
6763 3
6764 4
6765 5
6766 4
6767 3
6768 4
6769 4
6770 3
6771 5
6772 3
6773 5
6774 4
6775 4
6776 4
6777 4
6778 3
6779 3
6780 3
6781 3
6782 2
6783 3
6784 2
6785 2
6786 1
6787 1
6788 2
6789 1
6790 2
6791 3
6792 2
6793 4
6794 4
6795 1
6796 5
6797 5
6798 2
6799 1
6800 4
6801 3
6802 4
6803 4
6804 2
6805 2
6806 5
6807 3
6808 5
6809 3
6810 4
6811 5
6812 2
6813 2
6814 4
6815 2
6816 3
6817 5
6818 4
6819 3
6820 4
6821 3
6822 2
6823 3
6824 2
6825 1
6826 4
6827 4
6828 4
6829 6
6830 3
6831 3
6832 6
6833 4
6834 4
6835 3
6836 5
6837 4
6838 2
6839 6
6840 2
6841 5
6842 4
6843 2
6844 2
6845 3
6846 3
6847 5
6848 6
6849 3
6850 7
6851 3
6852 5
6853 6
6854 4
6855 5
6856 5
6857 7
6858 4
6859 4
6860 7
6861 5
6862 5
6863 5
6864 2
6865 3
6866 4
6867 3
6868 4
6869 5
6870 4
6871 5
6872 6
6873 4
6874 3
6875 5
6876 3
6877 3
6878 6
6879 5
6880 4
6881 6
6882 4
6883 6
6884 3
6885 3
6886 5
6887 5
6888 4
6889 5
6890 2
6891 3
6892 6
6893 6
6894 2
6895 5
6896 5
6897 3
6898 4
6899 3
6900 2
6901 3
6902 2
6903 1
6904 1
6905 1
6906 2
6907 2
6908 3
6909 3
6910 4
6911 4
6912 2
6913 5
6914 5
6915 6
6916 2
6917 4
6918 3
6919 4
6920 5
6921 6
6922 3
6923 7
6924 3
6925 5
6926 3
6927 6
6928 7
6929 5
6930 6
6931 4
6932 2
6933 5
6934 8
6935 6
6936 4
6937 5
6938 3
6939 6
6940 5
6941 3
6942 2
6943 4
6944 7
6945 6
6946 7
6947 6
6948 5
6949 6
6950 7
6951 6
6952 8
6953 7
6954 5
6955 5
6956 7
6957 6
6958 5
6959 4
6960 3
6961 2
6962 1
6963 3
6964 4
6965 5
6966 6
6967 7
6968 8
6969 6
6970 6
6971 8
6972 9
6973 7
6974 8
6975 7
6976 6
6977 7
6978 8
6979 7
6980 8
6981 5
6982 3
6983 4
6984 6
6985 7
6986 4
6987 6
6988 5
6989 7
6990 9
6991 6
6992 3
6993 5
6994 7
6995 6
6996 8
6997 7
6998 4
6999 6
7000 4
7001 8
7002 4
7003 7
7004 6
7005 5
7006 4
7007 5
7008 3
7009 7
7010 6
7011 6
7012 3
7013 5
7014 5
7015 4
7016 4
7017 3
7018 3
7019 2
7020 2
7021 1
7022 1
7023 2
7024 3
7025 4
7026 5
7027 6
7028 1
7029 2
7030 3
7031 4
7032 4
7033 5
7034 3
7035 2
7036 3
7037 2
7038 1
7039 5
7040 6
7041 7
7042 3
7043 4
7044 5
7045 6
7046 7
7047 4
7048 5
7049 2
7050 4
7051 5
7052 5
7053 6
7054 8
7055 2
7056 3
7057 5
7058 3
7059 6
7060 3
7061 4
7062 4
7063 4
7064 9
7065 6
7066 5
7067 6
7068 8
7069 6
7070 4
7071 7
7072 2
7073 4
7074 4
7075 5
7076 4
7077 2
7078 6
7079 4
7080 2
7081 3
7082 5
7083 7
7084 3
7085 5
7086 6
7087 5
7088 5
7089 3
7090 8
7091 5
7092 7
7093 9
7094 7
7095 6
7096 7
7097 10
7098 5
7099 5
7100 5
7101 4
7102 7
7103 4
7104 6
7105 4
7106 3
7107 9
7108 7
7109 6
7110 6
7111 5
7112 3
7113 6
7114 5
7115 8
7116 7
7117 6
7118 5
7119 4
7120 8
7121 7
7122 6
7123 2
7124 3
7125 4
7126 3
7127 4
7128 6
7129 5
7130 5
7131 4
7132 3
7133 2
7134 7
7135 6
7136 5
7137 4
7138 3
7139 2
7140 1
7141 1
7142 1
7143 1
7144 1
7145 1
7146 1
7147 2
7148 1
7149 2
7150 1
7151 2
7152 1
7153 2
7154 2
7155 1
7156 2
7157 2
7158 2
7159 2
7160 1
7161 2
7162 2
7163 2
7164 1
7165 2
7166 3
7167 2
7168 2
7169 2
7170 1
7171 3
7172 2
7173 3
7174 3
7175 2
7176 2
7177 3
7178 2
7179 2
7180 1
7181 3
7182 3
7183 4
7184 3
7185 2
7186 3
7187 4
7188 2
7189 3
7190 2
7191 3
7192 3
7193 3
7194 2
7195 2
7196 2
7197 2
7198 2
7199 2
7200 1
7201 3
7202 3
7203 3
7204 3
7205 3
7206 3
7207 4
7208 4
7209 4
7210 3
7211 4
7212 3
7213 5
7214 4
7215 3
7216 4
7217 5
7218 4
7219 4
7220 2
7221 3
7222 3
7223 4
7224 3
7225 3
7226 4
7227 4
7228 3
7229 4
7230 2
7231 3
7232 3
7233 3
7234 4
7235 3
7236 2
7237 3
7238 3
7239 3
7240 2
7241 3
7242 3
7243 3
7244 3
7245 2
7246 3
7247 3
7248 2
7249 3
7250 2
7251 3
7252 2
7253 3
7254 2
7255 2
7256 2
7257 2
7258 2
7259 2
7260 1
7261 1
7262 2
7263 2
7264 2
7265 2
7266 2
7267 3
7268 2
7269 3
7270 2
7271 1
7272 2
7273 3
7274 4
7275 2
7276 4
7277 3
7278 4
7279 4
7280 2
7281 5
7282 2
7283 3
7284 2
7285 6
7286 4
7287 4
7288 4
7289 3
7290 2
7291 5
7292 7
7293 3
7294 5
7295 5
7296 4
7297 3
7298 4
7299 3
7300 2
7301 4
7302 4
7303 6
7304 4
7305 6
7306 4
7307 5
7308 7
7309 4
7310 6
7311 5
7312 4
7313 3
7314 4
7315 2
7316 4
7317 4
7318 3
7319 3
7320 2
7321 3
7322 4
7323 4
7324 5
7325 5
7326 3
7327 5
7328 4
7329 5
7330 6
7331 7
7332 5
7333 8
7334 6
7335 5
7336 7
7337 5
7338 7
7339 5
7340 5
7341 3
7342 4
7343 5
7344 4
7345 5
7346 6
7347 6
7348 4
7349 8
7350 6
7351 3
7352 4
7353 5
7354 5
7355 5
7356 7
7357 3
7358 4
7359 3
7360 6
7361 3
7362 5
7363 5
7364 4
7365 5
7366 3
7367 5
7368 4
7369 3
7370 2
7371 3
7372 4
7373 3
7374 4
7375 3
7376 3
7377 3
7378 3
7379 3
7380 2
7381 1
7382 1
7383 1
7384 2
7385 2
7386 2
7387 2
7388 3
7389 2
7390 3
7391 2
7392 2
7393 2
7394 3
7395 3
7396 2
7397 3
7398 3
7399 4
7400 3
7401 2
7402 4
7403 3
7404 4
7405 2
7406 4
7407 5
7408 4
7409 3
7410 3
7411 2
7412 4
7413 6
7414 5
7415 3
7416 4
7417 4
7418 3
7419 3
7420 3
7421 2
7422 3
7423 4
7424 5
7425 4
7426 7
7427 3
7428 4
7429 6
7430 3
7431 4
7432 3
7433 5
7434 4
7435 4
7436 3
7437 3
7438 3
7439 3
7440 3
7441 2
7442 1
7443 3
7444 4
7445 4
7446 4
7447 4
7448 4
7449 5
7450 5
7451 6
7452 4
7453 5
7454 4
7455 7
7456 5
7457 4
7458 8
7459 5
7460 6
7461 5
7462 4
7463 3
7464 4
7465 4
7466 4
7467 5
7468 5
7469 4
7470 6
7471 7
7472 5
7473 3
7474 4
7475 4
7476 5
7477 6
7478 5
7479 3
7480 5
7481 4
7482 5
7483 3
7484 4
7485 5
7486 4
7487 4
7488 3
7489 4
7490 4
7491 3
7492 3
7493 3
7494 4
7495 3
7496 4
7497 3
7498 3
7499 3
7500 3
7501 2
7502 2
7503 1
7504 1
7505 2
7506 1
7507 2
7508 2
7509 2
7510 3
7511 2
7512 3
7513 2
7514 3
7515 2
7516 3
7517 4
7518 2
7519 4
7520 3
7521 3
7522 4
7523 2
7524 4
7525 4
7526 3
7527 2
7528 4
7529 5
7530 3
7531 4
7532 4
7533 2
7534 3
7535 4
7536 3
7537 5
7538 4
7539 3
7540 3
7541 4
7542 3
7543 2
7544 1
7545 4
7546 4
7547 5
7548 4
7549 4
7550 5
7551 4
7552 5
7553 4
7554 5
7555 5
7556 4
7557 3
7558 4
7559 4
7560 4
7561 4
7562 3
7563 2
7564 2
7565 3
7566 3
7567 4
7568 5
7569 5
7570 5
7571 5
7572 4
7573 5
7574 6
7575 6
7576 5
7577 6
7578 5
7579 6
7580 5
7581 5
7582 6
7583 5
7584 5
7585 2
7586 3
7587 4
7588 5
7589 4
7590 4
7591 5
7592 6
7593 4
7594 5
7595 4
7596 3
7597 5
7598 5
7599 4
7600 6
7601 5
7602 3
7603 4
7604 5
7605 5
7606 3
7607 5
7608 4
7609 4
7610 5
7611 3
7612 5
7613 4
7614 3
7615 4
7616 3
7617 4
7618 3
7619 4
7620 3
7621 3
7622 3
7623 2
7624 3
7625 2
7626 1
7627 1
7628 1
7629 2
7630 1
7631 2
7632 2
7633 3
7634 2
7635 4
7636 2
7637 3
7638 2
7639 4
7640 3
7641 2
7642 3
7643 3
7644 4
7645 3
7646 2
7647 4
7648 4
7649 5
7650 2
7651 3
7652 3
7653 4
7654 3
7655 3
7656 2
7657 1
7658 4
7659 4
7660 5
7661 4
7662 4
7663 5
7664 3
7665 4
7666 2
7667 2
7668 3
7669 4
7670 5
7671 6
7672 5
7673 3
7674 4
7675 4
7676 3
7677 5
7678 3
7679 5
7680 4
7681 4
7682 3
7683 3
7684 3
7685 3
7686 2
7687 2
7688 1
7689 3
7690 3
7691 4
7692 4
7693 4
7694 4
7695 5
7696 5
7697 6
7698 4
7699 6
7700 4
7701 5
7702 5
7703 4
7704 6
7705 7
7706 6
7707 5
7708 4
7709 3
7710 3
7711 5
7712 4
7713 6
7714 5
7715 5
7716 6
7717 5
7718 5
7719 2
7720 3
7721 4
7722 4
7723 5
7724 4
7725 4
7726 3
7727 6
7728 5
7729 5
7730 3
7731 4
7732 5
7733 4
7734 4
7735 3
7736 4
7737 5
7738 3
7739 4
7740 3
7741 5
7742 3
7743 4
7744 3
7745 3
7746 2
7747 3
7748 2
7749 2
7750 1
7751 1
7752 2
7753 3
7754 2
7755 1
7756 2
7757 3
7758 2
7759 3
7760 2
7761 3
7762 2
7763 3
7764 4
7765 2
7766 4
7767 3
7768 4
7769 4
7770 2
7771 3
7772 3
7773 3
7774 2
7775 1
7776 4
7777 4
7778 4
7779 4
7780 2
7781 2
7782 5
7783 5
7784 4
7785 3
7786 4
7787 5
7788 4
7789 3
7790 2
7791 3
7792 4
7793 4
7794 6
7795 4
7796 6
7797 3
7798 5
7799 5
7800 2
7801 4
7802 4
7803 5
7804 4
7805 3
7806 4
7807 4
7808 4
7809 4
7810 2
7811 4
7812 2
7813 3
7814 5
7815 3
7816 5
7817 5
7818 5
7819 5
7820 4
7821 5
7822 6
7823 5
7824 5
7825 3
7826 6
7827 6
7828 4
7829 7
7830 5
7831 7
7832 5
7833 5
7834 4
7835 3
7836 4
7837 5
7838 6
7839 5
7840 4
7841 5
7842 6
7843 6
7844 3
7845 3
7846 5
7847 5
7848 5
7849 5
7850 2
7851 3
7852 4
7853 4
7854 4
7855 3
7856 5
7857 5
7858 4
7859 5
7860 3
7861 5
7862 4
7863 3
7864 4
7865 3
7866 4
7867 3
7868 4
7869 3
7870 2
7871 3
7872 4
7873 3
7874 2
7875 1
7876 1
7877 1
7878 1
7879 2
7880 2
7881 1
7882 1
7883 2
7884 1
7885 2
7886 3
7887 2
7888 2
7889 1
7890 2
7891 2
7892 2
7893 1
7894 3
7895 2
7896 1
7897 3
7898 4
7899 2
7900 2
7901 4
7902 2
7903 2
7904 3
7905 2
7906 2
7907 3
7908 3
7909 3
7910 2
7911 2
7912 3
7913 3
7914 2
7915 2
7916 2
7917 1
7918 3
7919 4
7920 3
7921 4
7922 4
7923 3
7924 3
7925 5
7926 3
7927 4
7928 3
7929 2
7930 3
7931 2
7932 3
7933 3
7934 3
7935 2
7936 3
7937 2
7938 1
7939 3
7940 4
7941 3
7942 4
7943 4
7944 4
7945 3
7946 4
7947 3
7948 4
7949 5
7950 4
7951 6
7952 4
7953 4
7954 5
7955 5
7956 4
7957 5
7958 4
7959 2
7960 3
7961 3
7962 3
7963 4
7964 4
7965 3
7966 3
7967 4
7968 4
7969 4
7970 3
7971 3
7972 4
7973 3
7974 3
7975 5
7976 3
7977 3
7978 5
7979 4
7980 2
7981 3
7982 4
7983 2
7984 3
7985 3
7986 3
7987 2
7988 3
7989 3
7990 4
7991 3
7992 2
7993 3
7994 2
7995 2
7996 3
7997 3
7998 2
7999 2
8000 2
8001 1
8002 1
8003 2
8004 2
8005 3
8006 3
8007 2
8008 2
8009 3
8010 2
8011 3
8012 3
8013 3
8014 4
8015 2
8016 3
8017 4
8018 4
8019 2
8020 5
8021 3
8022 2
8023 5
8024 4
8025 3
8026 3
8027 5
8028 6
8029 4
8030 4
8031 3
8032 3
8033 4
8034 5
8035 4
8036 6
8037 6
8038 5
8039 5
8040 4
8041 3
8042 4
8043 2
8044 5
8045 5
8046 6
8047 7
8048 6
8049 4
8050 5
8051 7
8052 4
8053 5
8054 3
8055 6
8056 5
8057 4
8058 5
8059 4
8060 3
8061 3
8062 4
8063 3
8064 2
8065 3
8066 4
8067 5
8068 4
8069 4
8070 5
8071 6
8072 5
8073 6
8074 7
8075 4
8076 6
8077 5
8078 8
8079 6
8080 5
8081 7
8082 8
8083 7
8084 6
8085 6
8086 3
8087 5
8088 4
8089 5
8090 6
8091 6
8092 7
8093 7
8094 5
8095 6
8096 5
8097 4
8098 4
8099 5
8100 5
8101 7
8102 6
8103 4
8104 4
8105 5
8106 6
8107 3
8108 4
8109 6
8110 3
8111 5
8112 5
8113 4
8114 3
8115 5
8116 4
8117 4
8118 4
8119 3
8120 4
8121 3
8122 3
8123 4
8124 4
8125 3
8126 3
8127 2
8128 1
8129 1
8130 1
8131 2
8132 1
8133 3
8134 2
8135 2
8136 1
8137 2
8138 2
8139 3
8140 2
8141 4
8142 2
8143 2
8144 1
8145 3
8146 2
8147 3
8148 2
8149 2
8150 3
8151 5
8152 2
8153 3
8154 3
8155 3
8156 2
8157 3
8158 2
8159 2
8160 1
8161 4
8162 4
8163 6
8164 3
8165 4
8166 3
8167 4
8168 2
8169 4
8170 2
8171 3
8172 3
8173 4
8174 4
8175 5
8176 2
8177 3
8178 3
8179 4
8180 3
8181 4
8182 3
8183 3
8184 2
8185 3
8186 3
8187 3
8188 2
8189 3
8190 2
8191 2
8192 1
8193 3
8194 3
8195 4
8196 3
8197 4
8198 4
8199 4
8200 3
8201 4
8202 4
8203 5
8204 4
8205 5
8206 4
8207 4
8208 3
8209 6
8210 5
8211 5
8212 4
8213 4
8214 3
8215 5
8216 3
8217 5
8218 4
8219 5
8220 4
8221 7
8222 5
8223 5
8224 2
8225 3
8226 3
8227 4
8228 3
8229 4
8230 4
8231 4
8232 3
8233 6
8234 4
8235 3
8236 3
8237 4
8238 3
8239 4
8240 2
8241 3
8242 3
8243 5
8244 3
8245 4
8246 3
8247 3
8248 2
8249 3
8250 3
8251 4
8252 2
8253 3
8254 2
8255 2
8256 1
8257 1
8258 2
8259 1
8260 2
8261 3
8262 2
8263 2
8264 2
8265 2
8266 3
8267 3
8268 3
8269 4
8270 2
8271 3
8272 2
8273 4
8274 2
8275 4
8276 3
8277 2
8278 5
8279 3
8280 3
8281 3
8282 4
8283 3
8284 5
8285 5
8286 3
8287 4
8288 2
8289 4
8290 4
8291 4
8292 3
8293 3
8294 4
8295 4
8296 3
8297 3
8298 2
8299 1
8300 4
8301 5
8302 4
8303 5
8304 5
8305 5
8306 6
8307 4
8308 4
8309 4
8310 3
8311 5
8312 5
8313 4
8314 5
8315 4
8316 3
8317 3
8318 4
8319 2
8320 2
8321 3
8322 3
8323 5
8324 4
8325 4
8326 5
8327 6
8328 5
8329 6
8330 6
8331 4
8332 5
8333 5
8334 5
8335 7
8336 6
8337 6
8338 6
8339 5
8340 6
8341 5
8342 2
8343 3
8344 4
8345 4
8346 5
8347 5
8348 4
8349 4
8350 5
8351 5
8352 5
8353 3
8354 5
8355 4
8356 6
8357 6
8358 4
8359 5
8360 4
8361 4
8362 4
8363 6
8364 3
8365 4
8366 5
8367 3
8368 5
8369 3
8370 4
8371 3
8372 5
8373 4
8374 4
8375 4
8376 3
8377 3
8378 3
8379 3
8380 4
8381 3
8382 2
8383 3
8384 2
8385 1
8386 1
8387 1
8388 2
8389 2
8390 1
8391 3
8392 3
8393 2
8394 3
8395 1
8396 4
8397 2
8398 1
8399 3
8400 2
8401 2
8402 5
8403 3
8404 3
8405 2
8406 3
8407 3
8408 3
8409 2
8410 2
8411 1
8412 4
8413 4
8414 4
8415 2
8416 4
8417 2
8418 5
8419 5
8420 3
8421 4
8422 4
8423 3
8424 2
8425 2
8426 4
8427 3
8428 2
8429 4
8430 3
8431 4
8432 5
8433 6
8434 3
8435 3
8436 5
8437 2
8438 3
8439 4
8440 3
8441 4
8442 3
8443 4
8444 3
8445 2
8446 3
8447 4
8448 3
8449 2
8450 1
8451 3
8452 4
8453 5
8454 4
8455 3
8456 4
8457 5
8458 4
8459 5
8460 4
8461 5
8462 4
8463 3
8464 6
8465 4
8466 4
8467 7
8468 6
8469 5
8470 4
8471 5
8472 3
8473 4
8474 5
8475 3
8476 3
8477 4
8478 5
8479 5
8480 4
8481 6
8482 6
8483 3
8484 5
8485 3
8486 5
8487 5
8488 5
8489 2
8490 3
8491 3
8492 4
8493 4
8494 4
8495 3
8496 4
8497 4
8498 6
8499 3
8500 3
8501 4
8502 2
8503 3
8504 5
8505 2
8506 4
8507 3
8508 4
8509 4
8510 2
8511 3
8512 3
8513 2
8514 2
8515 1
8516 1
8517 2
8518 3
8519 4
8520 2
8521 3
8522 3
8523 4
8524 3
8525 2
8526 3
8527 4
8528 2
8529 3
8530 4
8531 4
8532 5
8533 3
8534 6
8535 4
8536 3
8537 4
8538 5
8539 4
8540 4
8541 2
8542 6
8543 7
8544 5
8545 4
8546 4
8547 4
8548 5
8549 6
8550 3
8551 6
8552 5
8553 6
8554 4
8555 4
8556 5
8557 3
8558 3
8559 4
8560 6
8561 5
8562 6
8563 4
8564 6
8565 5
8566 6
8567 7
8568 5
8569 6
8570 4
8571 7
8572 6
8573 5
8574 3
8575 4
8576 4
8577 4
8578 3
8579 4
8580 2
8581 3
8582 5
8583 4
8584 5
8585 5
8586 5
8587 4
8588 6
8589 7
8590 8
8591 5
8592 7
8593 6
8594 8
8595 7
8596 6
8597 7
8598 5
8599 7
8600 6
8601 7
8602 5
8603 4
8604 4
8605 6
8606 5
8607 5
8608 7
8609 6
8610 7
8611 4
8612 7
8613 6
8614 5
8615 5
8616 5
8617 6
8618 8
8619 7
8620 3
8621 5
8622 5
8623 6
8624 5
8625 4
8626 5
8627 7
8628 4
8629 6
8630 5
8631 5
8632 4
8633 3
8634 5
8635 4
8636 3
8637 4
8638 5
8639 4
8640 4
8641 3
8642 5
8643 4
8644 3
8645 2
8646 1
8647 1
8648 1
8649 1
8650 1
8651 2
8652 1
8653 2
8654 2
8655 2
8656 2
8657 1
8658 1
8659 2
8660 2
8661 2
8662 2
8663 3
8664 2
8665 3
8666 2
8667 2
8668 1
8669 4
8670 2
8671 3
8672 2
8673 3
8674 3
8675 3
8676 2
8677 3
8678 2
8679 1
8680 3
8681 4
8682 3
8683 3
8684 3
8685 3
8686 2
8687 3
8688 2
8689 2
8690 1
8691 3
8692 3
8693 4
8694 4
8695 4
8696 3
8697 3
8698 4
8699 3
8700 3
8701 2
8702 3
8703 3
8704 3
8705 3
8706 2
8707 3
8708 3
8709 2
8710 2
8711 2
8712 1
8713 3
8714 3
8715 3
8716 4
8717 4
8718 3
8719 4
8720 4
8721 4
8722 4
8723 3
8724 4
8725 4
8726 5
8727 4
8728 4
8729 5
8730 5
8731 5
8732 4
8733 4
8734 2
8735 3
8736 3
8737 4
8738 3
8739 4
8740 4
8741 4
8742 4
8743 5
8744 4
8745 2
8746 3
8747 4
8748 3
8749 4
8750 4
8751 4
8752 3
8753 4
8754 3
8755 5
8756 2
8757 3
8758 3
8759 4
8760 3
8761 4
8762 3
8763 3
8764 3
8765 3
8766 2
8767 2
8768 3
8769 3
8770 3
8771 3
8772 2
8773 3
8774 2
8775 2
8776 2
8777 2
8778 1
8779 1
8780 2
8781 2
8782 2
8783 3
8784 2
8785 1
8786 4
8787 2
8788 3
8789 2
8790 2
8791 3
8792 2
8793 4
8794 4
8795 3
8796 2
8797 1
8798 4
8799 2
8800 2
8801 3
8802 4
8803 5
8804 3
8805 6
8806 3
8807 4
8808 4
8809 3
8810 4
8811 2
8812 4
8813 4
8814 6
8815 3
8816 2
8817 5
8818 4
8819 4
8820 2
8821 3
8822 2
8823 4
8824 5
8825 6
8826 4
8827 5
8828 3
8829 4
8830 5
8831 7
8832 6
8833 4
8834 3
8835 2
8836 4
8837 5
8838 4
8839 3
8840 3
8841 2
8842 4
8843 3
8844 2
8845 3
8846 4
8847 5
8848 3
8849 4
8850 4
8851 5
8852 6
8853 5
8854 3
8855 4
8856 5
8857 7
8858 8
8859 6
8860 5
8861 4
8862 6
8863 5
8864 7
8865 6
8866 5
8867 3
8868 4
8869 3
8870 5
8871 5
8872 6
8873 3
8874 4
8875 7
8876 5
8877 5
8878 3
8879 5
8880 4
8881 5
8882 5
8883 4
8884 7
8885 4
8886 6
8887 5
8888 4
8889 3
8890 3
8891 5
8892 2
8893 3
8894 4
8895 5
8896 5
8897 3
8898 4
8899 3
8900 3
8901 4
8902 3
8903 5
8904 2
8905 3
8906 4
8907 3
8908 3
8909 3
8910 2
8911 1
8912 1
8913 1
8914 2
8915 2
8916 3
8917 2
8918 2
8919 3
8920 4
8921 3
8922 2
8923 2
8924 3
8925 4
8926 5
8927 3
8928 6
8929 4
8930 2
8931 5
8932 4
8933 2
8934 3
8935 5
8936 5
8937 3
8938 4
8939 3
8940 5
8941 5
8942 4
8943 3
8944 2
8945 4
8946 6
8947 4
8948 4
8949 6
8950 7
8951 5
8952 3
8953 4
8954 4
8955 2
8956 3
8957 5
8958 6
8959 7
8960 5
8961 5
8962 4
8963 6
8964 4
8965 4
8966 6
8967 3
8968 6
8969 5
8970 4
8971 5
8972 3
8973 4
8974 4
8975 3
8976 3
8977 2
8978 1
8979 3
8980 4
8981 4
8982 5
8983 5
8984 4
8985 6
8986 5
8987 6
8988 7
8989 4
8990 7
8991 5
8992 5
8993 7
8994 5
8995 6
8996 6
8997 8
8998 7
8999 6
9000 4
9001 3
9002 5
9003 5
9004 4
9005 6
9006 8
9007 7
9008 5
9009 5
9010 7
9011 5
9012 3
9013 4
9014 5
9015 6
9016 6
9017 4
9018 5
9019 4
9020 6
9021 6
9022 4
9023 3
9024 5
9025 6
9026 3
9027 5
9028 7
9029 4
9030 6
9031 5
9032 4
9033 3
9034 3
9035 4
9036 5
9037 4
9038 3
9039 3
9040 4
9041 3
9042 3
9043 2
9044 2
9045 1
9046 1
9047 2
9048 1
9049 2
9050 1
9051 2
9052 3
9053 4
9054 1
9055 2
9056 2
9057 2
9058 2
9059 2
9060 1
9061 4
9062 5
9063 2
9064 3
9065 2
9066 2
9067 2
9068 3
9069 2
9070 3
9071 2
9072 1
9073 4
9074 4
9075 2
9076 3
9077 4
9078 2
9079 3
9080 3
9081 2
9082 3
9083 3
9084 3
9085 2
9086 3
9087 2
9088 3
9089 2
9090 1
9091 4
9092 4
9093 4
9094 4
9095 4
9096 3
9097 4
9098 5
9099 2
9100 4
9101 4
9102 3
9103 4
9104 6
9105 2
9106 3
9107 3
9108 2
9109 4
9110 2
9111 2
9112 2
9113 3
9114 3
9115 3
9116 5
9117 3
9118 4
9119 4
9120 3
9121 7
9122 5
9123 4
9124 5
9125 5
9126 3
9127 6
9128 5
9129 4
9130 5
9131 5
9132 5
9133 5
9134 5
9135 2
9136 3
9137 4
9138 3
9139 4
9140 3
9141 4
9142 4
9143 4
9144 3
9145 4
9146 4
9147 3
9148 5
9149 4
9150 3
9151 5
9152 5
9153 2
9154 3
9155 4
9156 3
9157 4
9158 3
9159 3
9160 3
9161 4
9162 3
9163 6
9164 5
9165 2
9166 3
9167 3
9168 3
9169 3
9170 3
9171 2
9172 5
9173 4
9174 3
9175 2
9176 3
9177 2
9178 3
9179 2
9180 1
9181 1
9182 1
9183 2
9184 1
9185 2
9186 2
9187 3
9188 1
9189 2
9190 3
9191 2
9192 2
9193 3
9194 4
9195 2
9196 2
9197 1
9198 4
9199 3
9200 3
9201 4
9202 2
9203 5
9204 3
9205 3
9206 3
9207 2
9208 4
9209 4
9210 3
9211 3
9212 2
9213 2
9214 1
9215 4
9216 5
9217 4
9218 3
9219 4
9220 3
9221 4
9222 4
9223 4
9224 2
9225 2
9226 3
9227 5
9228 4
9229 4
9230 6
9231 2
9232 3
9233 4
9234 5
9235 4
9236 4
9237 3
9238 4
9239 5
9240 3
9241 5
9242 3
9243 4
9244 2
9245 3
9246 2
9247 2
9248 1
9249 3
9250 3
9251 4
9252 3
9253 5
9254 4
9255 6
9256 4
9257 6
9258 5
9259 4
9260 5
9261 5
9262 6
9263 5
9264 4
9265 3
9266 7
9267 5
9268 5
9269 6
9270 4
9271 3
9272 3
9273 5
9274 5
9275 5
9276 4
9277 5
9278 4
9279 5
9280 6
9281 5
9282 2
9283 3
9284 3
9285 4
9286 4
9287 5
9288 5
9289 3
9290 4
9291 4
9292 4
9293 6
9294 3
9295 5
9296 4
9297 4
9298 5
9299 2
9300 3
9301 3
9302 5
9303 4
9304 3
9305 3
9306 4
9307 3
9308 2
9309 4
9310 3
9311 3
9312 2
9313 3
9314 2
9315 2
9316 1
9317 1
9318 2
9319 3
9320 2
9321 3
9322 4
9323 3
9324 2
9325 3
9326 4
9327 4
9328 4
9329 4
9330 5
9331 3
9332 4
9333 2
9334 5
9335 3
9336 3
9337 5
9338 4
9339 5
9340 3
9341 5
9342 4
9343 3
9344 6
9345 6
9346 3
9347 5
9348 4
9349 4
9350 2
9351 5
9352 7
9353 5
9354 6
9355 4
9356 3
9357 6
9358 5
9359 3
9360 4
9361 3
9362 4
9363 4
9364 7
9365 5
9366 6
9367 6
9368 5
9369 6
9370 7
9371 4
9372 6
9373 6
9374 6
9375 4
9376 3
9377 4
9378 5
9379 5
9380 4
9381 4
9382 4
9383 4
9384 2
9385 3
9386 5
9387 5
9388 5
9389 5
9390 6
9391 6
9392 5
9393 4
9394 5
9395 7
9396 7
9397 7
9398 5
9399 8
9400 7
9401 6
9402 7
9403 7
9404 6
9405 8
9406 5
9407 5
9408 4
9409 5
9410 4
9411 6
9412 7
9413 4
9414 5
9415 7
9416 6
9417 8
9418 6
9419 3
9420 5
9421 5
9422 6
9423 4
9424 7
9425 7
9426 4
9427 5
9428 6
9429 4
9430 6
9431 5
9432 6
9433 4
9434 4
9435 6
9436 3
9437 5
9438 4
9439 6
9440 5
9441 5
9442 5
9443 5
9444 4
9445 3
9446 4
9447 5
9448 4
9449 3
9450 4
9451 3
9452 2
9453 1
9454 1
9455 1
9456 1
9457 2
9458 2
9459 1
9460 3
9461 2
9462 2
9463 3
9464 2
9465 2
9466 3
9467 3
9468 2
9469 4
9470 2
9471 3
9472 3
9473 4
9474 3
9475 2
9476 1
9477 4
9478 4
9479 3
9480 2
9481 4
9482 3
9483 4
9484 4
9485 4
9486 2
9487 2
9488 3
9489 5
9490 3
9491 5
9492 4
9493 4
9494 3
9495 3
9496 3
9497 2
9498 2
9499 1
9500 3
9501 4
9502 5
9503 6
9504 6
9505 3
9506 5
9507 5
9508 5
9509 4
9510 5
9511 3
9512 5
9513 4
9514 5
9515 4
9516 3
9517 4
9518 3
9519 2
9520 3
9521 2
9522 1
9523 3
9524 4
9525 3
9526 4
9527 5
9528 4
9529 5
9530 6
9531 5
9532 6
9533 4
9534 6
9535 5
9536 6
9537 6
9538 6
9539 4
9540 7
9541 7
9542 6
9543 5
9544 4
9545 2
9546 3
9547 3
9548 4
9549 4
9550 4
9551 5
9552 5
9553 6
9554 4
9555 6
9556 4
9557 3
9558 3
9559 5
9560 5
9561 5
9562 4
9563 5
9564 3
9565 4
9566 5
9567 5
9568 2
9569 3
9570 4
9571 5
9572 4
9573 4
9574 3
9575 5
9576 3
9577 4
9578 4
9579 3
9580 3
9581 4
9582 3
9583 3
9584 4
9585 2
9586 3
9587 3
9588 2
9589 2
9590 2
9591 1
9592 1
9593 2
9594 2
9595 3
9596 4
9597 2
9598 3
9599 3
9600 4
9601 5
9602 4
9603 4
9604 5
9605 6
9606 4
9607 5
9608 3
9609 6
9610 3
9611 4
9612 6
9613 4
9614 2
9615 4
9616 7
9617 5
9618 4
9619 5
9620 3
9621 4
9622 5
9623 5
9624 4
9625 3
9626 4
9627 6
9628 6
9629 8
9630 5
9631 4
9632 6
9633 6
9634 6
9635 4
9636 4
9637 2
9638 5
9639 7
9640 7
9641 6
9642 7
9643 5
9644 5
9645 6
9646 4
9647 5
9648 8
9649 3
9650 7
9651 4
9652 4
9653 5
9654 6
9655 5
9656 5
9657 4
9658 5
9659 3
9660 2
9661 3
9662 4
9663 6
9664 5
9665 6
9666 6
9667 7
9668 6
9669 5
9670 5
9671 8
9672 4
9673 9
9674 6
9675 5
9676 7
9677 6
9678 6
9679 8
9680 7
9681 8
9682 8
9683 6
9684 3
9685 5
9686 5
9687 7
9688 7
9689 7
9690 5
9691 6
9692 9
9693 7
9694 7
9695 5
9696 4
9697 5
9698 6
9699 6
9700 5
9701 4
9702 6
9703 5
9704 6
9705 8
9706 5
9707 3
9708 5
9709 7
9710 5
9711 4
9712 7
9713 4
9714 6
9715 5
9716 7
9717 6
9718 5
9719 5
9720 6
9721 5
9722 4
9723 4
9724 3
9725 5
9726 4
9727 3
9728 3
9729 2
9730 1
9731 1
9732 1
9733 2
9734 1
9735 1
9736 2
9737 1
9738 2
9739 2
9740 1
9741 3
9742 3
9743 2
9744 1
9745 2
9746 4
9747 2
9748 2
9749 2
9750 1
9751 2
9752 3
9753 2
9754 2
9755 3
9756 2
9757 2
9758 1
9759 3
9760 2
9761 5
9762 4
9763 3
9764 2
9765 1
9766 5
9767 4
9768 3
9769 3
9770 2
9771 3
9772 2
9773 4
9774 3
9775 2
9776 2
9777 3
9778 4
9779 3
9780 3
9781 4
9782 6
9783 3
9784 5
9785 3
9786 2
9787 3
9788 3
9789 4
9790 2
9791 3
9792 5
9793 2
9794 4
9795 2
9796 3
9797 3
9798 2
9799 2
9800 1
9801 3
9802 3
9803 4
9804 4
9805 3
9806 5
9807 3
9808 6
9809 4
9810 3
9811 5
9812 4
9813 4
9814 3
9815 4
9816 6
9817 4
9818 7
9819 5
9820 4
9821 4
9822 5
9823 4
9824 3
9825 3
9826 4
9827 5
9828 3
9829 4
9830 3
9831 4
9832 4
9833 5
9834 6
9835 2
9836 3
9837 4
9838 5
9839 6
9840 3
9841 4
9842 2
9843 3
9844 3
9845 4
9846 3
9847 3
9848 4
9849 3
9850 2
9851 3
9852 3
9853 3
9854 5
9855 3
9856 2
9857 3
9858 4
9859 4
9860 2
9861 3
9862 3
9863 2
9864 3
9865 2
9866 2
9867 3
9868 2
9869 2
9870 1
9871 1
9872 2
9873 1
9874 2
9875 2
9876 2
9877 2
9878 3
9879 3
9880 2
9881 4
9882 4
9883 5
9884 2
9885 3
9886 6
9887 3
9888 4
9889 4
9890 2
9891 4
9892 4
9893 2
9894 5
9895 7
9896 5
9897 3
9898 2
9899 8
9900 5
9901 4
9902 6
9903 4
9904 3
9905 2
9906 5
9907 6
9908 4
9909 6
9910 5
9911 5
9912 4
9913 5
9914 4
9915 3
9916 2
9917 1
9918 4
9919 6
9920 6
9921 7
9922 7
9923 3
9924 5
9925 5
9926 9
9927 4
9928 8
9929 3
9930 5
9931 5
9932 4
9933 4
9934 6
9935 5
9936 4
9937 3
9938 3
9939 2
9940 2
9941 3
9942 3
9943 4
9944 4
9945 5
9946 6
9947 7
9948 5
9949 5
9950 6
9951 6
9952 4
9953 9
9954 5
9955 10
9956 6
9957 6
9958 4
9959 8
9960 8
9961 7
9962 7
9963 5
9964 2
9965 3
9966 4
9967 5
9968 6
9969 5
9970 6
9971 6
9972 7
9973 5
9974 7
9975 6
9976 3
9977 4
9978 5
9979 7
9980 5
9981 6
9982 9
9983 3
9984 4
9985 6
9986 8
9987 6
9988 3
9989 5
9990 5
9991 3
9992 5
9993 5
9994 4
9995 7
9996 4
9997 3
9998 6
9999 5
10000 5
