# Table of n, A269423(n) for n = 1..10000.
1 1
2 1
3 3
4 1
5 7
6 4
7 8
8 8
9 10
10 16
11 3
12 9
13 7
14 12
15 13
16 25
17 12
18 4
19 12
20 14
21 22
22 58
23 3
24 12
25 34
26 48
27 11
28 31
29 31
30 4
31 79
32 14
33 35
34 82
35 36
36 113
37 21
38 28
39 6
40 47
41 59
42 9
43 46
44 1
45 105
46 131
47 59
48 103
49 30
50 27
51 48
52 12
53 7
54 38
55 60
56 19
57 50
58 110
59 157
60 210
61 7
62 6
63 23
64 134
65 34
66 52
67 8
68 171
69 52
70 71
71 115
72 53
73 47
74 47
75 129
76 35
77 98
78 43
79 83
80 59
81 22
82 69
83 82
84 92
85 94
86 74
87 79
88 49
89 139
90 64
91 23
92 178
93 64
94 160
95 63
96 36
97 29
98 150
99 129
100 83
101 40
102 42
103 215
104 47
105 83
106 127
107 84
108 28
109 41
110 136
111 95
112 141
113 114
114 245
115 157
116 97
117 27
118 149
119 30
120 92
121 244
122 6
123 166
124 97
125 79
126 156
127 241
128 180
129 257
130 87
131 236
132 209
133 66
134 150
135 59
136 252
137 129
138 18
139 172
140 1
141 582
142 149
143 31
144 231
145 35
146 125
147 40
148 85
149 485
150 548
151 237
152 54
153 85
154 156
155 10
156 456
157 290
158 96
159 172
160 195
161 7
162 134
163 40
164 165
165 441
166 312
167 81
168 316
169 88
170 56
171 102
172 350
173 34
174 199
175 123
176 187
177 258
178 312
179 99
180 353
181 16
182 64
183 132
184 269
185 59
186 85
187 635
188 106
189 35
190 207
191 110
192 79
193 95
194 170
195 285
196 17
197 272
198 68
199 490
200 170
201 139
202 62
203 197
204 261
205 127
206 343
207 414
208 53
209 231
210 87
211 136
212 222
213 334
214 57
215 119
216 98
217 167
218 123
219 181
220 77
221 287
222 235
223 213
224 198
225 172
226 303
227 226
228 325
229 72
230 27
231 359
232 48
233 432
234 142
235 234
236 156
237 178
238 225
239 78
240 115
241 226
242 107
243 99
244 550
245 132
246 536
247 143
248 507
249 38
250 319
251 64
252 331
253 353
254 429
255 138
256 163
257 647
258 181
259 473
260 92
261 823
262 85
263 108
264 354
265 179
266 452
267 177
268 141
269 383
270 188
271 750
272 431
273 193
274 103
275 174
276 270
277 140
278 303
279 143
280 361
281 302
282 161
283 146
284 235
285 262
286 51
287 518
288 212
289 150
290 404
291 347
292 73
293 161
294 500
295 79
296 303
297 492
298 313
299 172
300 358
301 705
302 349
303 899
304 88
305 48
306 285
307 85
308 236
309 98
310 179
311 181
312 422
313 424
314 237
315 568
316 404
317 631
318 163
319 266
320 388
321 51
322 45
323 10
324 225
325 465
326 75
327 231
328 188
329 837
330 116
331 497
332 634
333 356
334 887
335 178
336 171
337 326
338 64
339 289
340 408
341 476
342 310
343 616
344 133
345 217
346 255
347 945
348 356
349 636
350 202
351 118
352 414
353 789
354 504
355 548
356 802
357 66
358 546
359 542
360 38
361 358
362 193
363 182
364 249
365 608
366 242
367 529
368 245
369 39
370 254
371 302
372 483
373 325
374 316
375 263
376 325
377 608
378 417
379 149
380 174
381 170
382 96
383 372
384 267
385 125
386 225
387 419
388 752
389 65
390 744
391 241
392 937
393 359
394 80
395 31
396 247
397 644
398 681
399 167
400 541
401 520
402 347
403 172
404 922
405 180
406 192
407 410
408 914
409 512
410 521
411 81
412 392
413 268
414 673
415 492
416 100
417 1022
418 274
419 646
420 217
421 394
422 904
423 404
424 522
425 23
426 677
427 226
428 515
429 861
430 58
431 361
432 864
433 294
434 404
435 276
436 845
437 94
438 30
439 598
440 303
441 388
442 143
443 486
444 930
445 284
446 749
447 208
448 708
449 378
450 305
451 71
452 451
453 592
454 1088
455 3
456 305
457 615
458 946
459 111
460 281
461 7
462 54
463 603
464 618
465 777
466 700
467 305
468 946
469 1172
470 305
471 413
472 38
473 739
474 471
475 171
476 428
477 846
478 1217
479 384
480 259
481 665
482 694
483 555
484 349
485 559
486 1045
487 365
488 941
489 501
490 782
491 265
492 1658
493 186
494 175
495 429
496 34
497 486
498 358
499 49
500 638
501 524
502 240
503 226
504 527
505 77
506 614
507 884
508 671
509 102
510 1159
511 208
512 853
513 469
514 419
515 720
516 1438
517 232
518 756
519 569
520 498
521 433
522 1111
523 83
524 885
525 140
526 130
527 678
528 391
529 1095
530 989
531 454
532 96
533 194
534 175
535 271
536 608
537 301
538 117
539 575
540 185
541 688
542 522
543 6
544 655
545 945
546 740
547 708
548 1005
549 1310
550 260
551 872
552 642
553 826
554 473
555 1016
556 334
557 163
558 940
559 1407
560 124
561 472
562 679
563 286
564 251
565 81
566 1486
567 231
568 516
569 932
570 1078
571 3
572 140
573 83
574 686
575 1136
576 216
577 159
578 105
579 343
580 174
581 321
582 941
583 699
584 175
585 1447
586 182
587 312
588 28
589 967
590 483
591 667
592 561
593 131
594 50
595 421
596 473
597 80
598 1403
599 434
600 71
601 715
602 195
603 822
604 447
605 835
606 986
607 316
608 1791
609 360
610 506
611 1389
612 910
613 800
614 726
615 779
616 1096
617 291
618 948
619 513
620 265
621 347
622 743
623 336
624 528
625 126
626 107
627 164
628 1290
629 302
630 385
631 596
632 544
633 174
634 1298
635 246
636 735
637 1017
638 1266
639 141
640 151
641 315
642 575
643 811
644 1300
645 74
646 2169
647 424
648 485
649 910
650 149
651 1127
652 1107
653 533
654 233
655 1724
656 2099
657 602
658 795
659 285
660 466
661 51
662 1017
663 581
664 679
665 1405
666 253
667 735
668 412
669 1083
670 391
671 1215
672 43
673 993
674 818
675 662
676 220
677 2038
678 659
679 2105
680 327
681 1074
682 12
683 1256
684 1369
685 711
686 942
687 95
688 849
689 982
690 692
691 102
692 1542
693 366
694 2121
695 145
696 444
697 439
698 593
699 1221
700 473
701 1450
702 9
703 796
704 790
705 367
706 35
707 19
708 1961
709 1007
710 65
711 2146
712 1663
713 409
714 101
715 1780
716 455
717 780
718 353
719 1596
720 1455
721 190
722 26
723 288
724 1791
725 947
726 1646
727 1467
728 1148
729 1463
730 242
731 164
732 407
733 1342
734 1341
735 2087
736 835
737 807
738 224
739 1918
740 2638
741 1188
742 1007
743 1089
744 753
745 168
746 453
747 1238
748 1164
749 2529
750 500
751 811
752 989
753 873
754 722
755 1516
756 1219
757 49
758 361
759 872
760 539
761 2201
762 325
763 124
764 523
765 113
766 378
767 75
768 768
769 218
770 500
771 283
772 652
773 219
774 186
775 1679
776 375
777 1468
778 745
779 761
780 1786
781 358
782 1637
783 323
784 310
785 470
786 350
787 779
788 327
789 849
790 1036
791 1612
792 1409
793 898
794 769
795 1368
796 1032
797 691
798 608
799 1494
800 696
801 218
802 456
803 654
804 720
805 989
806 2085
807 1689
808 305
809 48
810 813
811 1539
812 416
813 1015
814 539
815 2023
816 22
817 1022
818 1091
819 256
820 868
821 2189
822 1266
823 706
824 23
825 341
826 621
827 970
828 885
829 870
830 90
831 29
832 404
833 979
834 56
835 2033
836 109
837 400
838 2156
839 27
840 707
841 659
842 927
843 788
844 717
845 532
846 956
847 1413
848 1488
849 2225
850 976
851 160
852 855
853 534
854 101
855 2381
856 532
857 955
858 1116
859 922
860 1567
861 597
862 729
863 890
864 1638
865 402
866 1036
867 783
868 1331
869 423
870 1559
871 417
872 1794
873 1823
874 409
875 30
876 207
877 1450
878 811
879 375
880 124
881 686
882 1303
883 481
884 1251
885 2615
886 212
887 1799
888 211
889 485
890 2261
891 368
892 129
893 220
894 71
895 1589
896 1202
897 603
898 1082
899 1094
900 147
901 797
902 1346
903 1518
904 2834
905 1389
906 801
907 1374
908 1048
909 784
910 1375
911 836
912 1256
913 1689
914 521
915 158
916 248
917 459
918 693
919 1322
920 2172
921 1677
922 3540
923 811
924 757
925 465
926 198
927 1192
928 39
929 1431
930 567
931 1298
932 1928
933 838
934 646
935 77
936 366
937 683
938 34
939 566
940 1027
941 1513
942 766
943 679
944 980
945 2569
946 1760
947 1638
948 1143
949 851
950 1109
951 999
952 146
953 332
954 879
955 2009
956 1592
957 418
958 366
959 1102
960 973
961 356
962 1151
963 428
964 462
965 1424
966 824
967 2400
968 1130
969 727
970 1155
971 429
972 1701
973 2329
974 873
975 544
976 1357
977 462
978 1219
979 1452
980 1682
981 943
982 1982
983 1027
984 942
985 1444
986 617
987 848
988 476
989 2166
990 958
991 271
992 1051
993 706
994 1140
995 822
996 1139
997 857
998 675
999 1376
1000 1860
1001 443
1002 57
1003 546
1004 1455
1005 986
1006 1776
1007 2461
1008 25
1009 857
1010 157
1011 1930
1012 1238
1013 624
1014 398
1015 1731
1016 1443
1017 1841
1018 896
1019 960
1020 303
1021 1183
1022 1890
1023 480
1024 314
1025 966
1026 1447
1027 3165
1028 672
1029 730
1030 117
1031 1527
1032 1071
1033 2206
1034 595
1035 857
1036 2111
1037 608
1038 1232
1039 722
1040 333
1041 419
1042 137
1043 158
1044 1110
1045 955
1046 587
1047 1753
1048 1003
1049 76
1050 723
1051 1778
1052 757
1053 430
1054 1920
1055 71
1056 22
1057 829
1058 239
1059 1867
1060 472
1061 772
1062 151
1063 75
1064 1006
1065 1565
1066 515
1067 1198
1068 500
1069 2201
1070 278
1071 3050
1072 1819
1073 1705
1074 770
1075 2607
1076 687
1077 772
1078 2346
1079 533
1080 1962
1081 298
1082 1368
1083 1965
1084 973
1085 43
1086 366
1087 2730
1088 1913
1089 889
1090 30
1091 1002
1092 1030
1093 423
1094 2616
1095 926
1096 796
1097 74
1098 2249
1099 1146
1100 439
1101 451
1102 1883
1103 440
1104 304
1105 434
1106 1372
1107 693
1108 349
1109 1363
1110 1605
1111 1600
1112 525
1113 1739
1114 1098
1115 1207
1116 1506
1117 641
1118 1049
1119 914
1120 2191
1121 961
1122 922
1123 423
1124 960
1125 1136
1126 2247
1127 1093
1128 1275
1129 546
1130 1388
1131 745
1132 1974
1133 1362
1134 876
1135 200
1136 3269
1137 911
1138 1999
1139 2768
1140 2418
1141 123
1142 708
1143 1512
1144 1647
1145 1478
1146 2817
1147 1262
1148 879
1149 305
1150 130
1151 3400
1152 865
1153 777
1154 186
1155 1136
1156 1251
1157 571
1158 1793
1159 917
1160 1802
1161 378
1162 50
1163 504
1164 2007
1165 351
1166 2283
1167 1267
1168 122
1169 392
1170 356
1171 2416
1172 1497
1173 2540
1174 835
1175 222
1176 1275
1177 1796
1178 217
1179 3128
1180 213
1181 170
1182 535
1183 2522
1184 187
1185 126
1186 883
1187 417
1188 879
1189 369
1190 1250
1191 1091
1192 1192
1193 1365
1194 885
1195 967
1196 198
1197 468
1198 2308
1199 1702
1200 12
1201 1976
1202 1605
1203 420
1204 1113
1205 1211
1206 192
1207 1945
1208 1108
1209 82
1210 284
1211 1891
1212 3938
1213 2041
1214 88
1215 844
1216 1123
1217 1899
1218 129
1219 2321
1220 503
1221 1106
1222 233
1223 786
1224 452
1225 238
1226 340
1227 1167
1228 969
1229 1170
1230 998
1231 269
1232 2101
1233 73
1234 570
1235 603
1236 1574
1237 1158
1238 2493
1239 882
1240 218
1241 877
1242 1113
1243 911
1244 2000
1245 2229
1246 300
1247 894
1248 330
1249 36
1250 3254
1251 2497
1252 1954
1253 1209
1254 1024
1255 2985
1256 2036
1257 655
1258 2084
1259 2298
1260 1879
1261 1086
1262 2928
1263 534
1264 1204
1265 1032
1266 2277
1267 2040
1268 2055
1269 277
1270 1535
1271 1249
1272 1040
1273 493
1274 2284
1275 2362
1276 894
1277 735
1278 1601
1279 1281
1280 1625
1281 2202
1282 1227
1283 1701
1284 1076
1285 2802
1286 1213
1287 973
1288 1169
1289 515
1290 2545
1291 2039
1292 1613
1293 702
1294 322
1295 268
1296 611
1297 1482
1298 2568
1299 1019
1300 683
1301 262
1302 2825
1303 976
1304 455
1305 112
1306 1987
1307 549
1308 256
1309 185
1310 557
1311 1233
1312 339
1313 1436
1314 1212
1315 412
1316 760
1317 2413
1318 1326
1319 563
1320 285
1321 84
1322 2279
1323 1584
1324 1398
1325 62
1326 2288
1327 371
1328 351
1329 732
1330 534
1331 983
1332 253
1333 780
1334 1657
1335 1462
1336 693
1337 1960
1338 1599
1339 2124
1340 2450
1341 2679
1342 1266
1343 1356
1344 613
1345 730
1346 1099
1347 1736
1348 2751
1349 617
1350 159
1351 1241
1352 1335
1353 1081
1354 1344
1355 1309
1356 2535
1357 1551
1358 572
1359 677
1360 755
1361 1087
1362 1656
1363 1949
1364 2957
1365 3287
1366 173
1367 1232
1368 4249
1369 967
1370 701
1371 3508
1372 1675
1373 2415
1374 2743
1375 2482
1376 4091
1377 922
1378 311
1379 3080
1380 859
1381 523
1382 1256
1383 1143
1384 298
1385 292
1386 72
1387 3308
1388 2721
1389 1919
1390 1480
1391 1473
1392 654
1393 1368
1394 2084
1395 1961
1396 1064
1397 1539
1398 2699
1399 1241
1400 1387
1401 290
1402 1224
1403 2053
1404 561
1405 2594
1406 849
1407 917
1408 1214
1409 2076
1410 962
1411 27
1412 1789
1413 2622
1414 1079
1415 1325
1416 807
1417 1822
1418 1263
1419 2666
1420 7
1421 112
1422 626
1423 1218
1424 2308
1425 987
1426 2078
1427 2462
1428 509
1429 546
1430 163
1431 2344
1432 268
1433 2114
1434 160
1435 2397
1436 1780
1437 101
1438 2839
1439 1543
1440 3230
1441 377
1442 121
1443 1972
1444 2664
1445 448
1446 992
1447 4668
1448 264
1449 934
1450 1721
1451 155
1452 2176
1453 1215
1454 4198
1455 3262
1456 315
1457 2035
1458 3719
1459 427
1460 1170
1461 289
1462 1518
1463 2120
1464 1361
1465 340
1466 136
1467 738
1468 1182
1469 1427
1470 1646
1471 542
1472 115
1473 1687
1474 360
1475 946
1476 1857
1477 1064
1478 1603
1479 779
1480 2001
1481 922
1482 1387
1483 1752
1484 1310
1485 1608
1486 1211
1487 405
1488 2283
1489 136
1490 1066
1491 76
1492 882
1493 476
1494 4737
1495 1474
1496 914
1497 3827
1498 1074
1499 1644
1500 3419
1501 1675
1502 77
1503 1133
1504 501
1505 2383
1506 1172
1507 1084
1508 61
1509 2514
1510 302
1511 467
1512 1666
1513 2718
1514 1879
1515 851
1516 4527
1517 1463
1518 2894
1519 1903
1520 613
1521 1288
1522 2897
1523 3513
1524 1236
1525 996
1526 2781
1527 1447
1528 1192
1529 3721
1530 697
1531 801
1532 2680
1533 1735
1534 128
1535 2647
1536 1045
1537 1005
1538 3062
1539 7572
1540 903
1541 970
1542 2059
1543 2647
1544 991
1545 308
1546 5341
1547 1166
1548 346
1549 1857
1550 114
1551 2026
1552 1246
1553 1131
1554 715
1555 996
1556 688
1557 1012
1558 2150
1559 1806
1560 854
1561 2477
1562 1108
1563 6044
1564 1635
1565 1421
1566 3162
1567 3687
1568 1106
1569 2070
1570 1002
1571 1604
1572 1195
1573 572
1574 1409
1575 164
1576 271
1577 224
1578 1946
1579 1916
1580 1422
1581 2174
1582 1117
1583 318
1584 1606
1585 2524
1586 252
1587 1550
1588 395
1589 1635
1590 139
1591 1512
1592 2365
1593 3356
1594 2273
1595 468
1596 3297
1597 1453
1598 327
1599 1812
1600 1418
1601 1359
1602 2070
1603 3433
1604 3522
1605 3851
1606 4021
1607 671
1608 2161
1609 995
1610 469
1611 2132
1612 2311
1613 2403
1614 155
1615 348
1616 1380
1617 449
1618 626
1619 853
1620 1761
1621 405
1622 1049
1623 2459
1624 2443
1625 3405
1626 2326
1627 685
1628 1099
1629 2905
1630 860
1631 2126
1632 1882
1633 1678
1634 435
1635 3907
1636 257
1637 3264
1638 3499
1639 1043
1640 175
1641 1650
1642 267
1643 2220
1644 1818
1645 2730
1646 2391
1647 1416
1648 717
1649 419
1650 3965
1651 1512
1652 2200
1653 890
1654 2002
1655 1775
1656 2407
1657 2845
1658 1960
1659 508
1660 278
1661 806
1662 1714
1663 1399
1664 1700
1665 3208
1666 4569
1667 1545
1668 1141
1669 517
1670 540
1671 2822
1672 1218
1673 1944
1674 1049
1675 4585
1676 2458
1677 2734
1678 2472
1679 2903
1680 1080
1681 1282
1682 2393
1683 707
1684 421
1685 540
1686 590
1687 3042
1688 1253
1689 4367
1690 7
1691 3118
1692 579
1693 1446
1694 991
1695 554
1696 2490
1697 1762
1698 2407
1699 2912
1700 4901
1701 5391
1702 2226
1703 654
1704 415
1705 2648
1706 1504
1707 2591
1708 1678
1709 514
1710 484
1711 1302
1712 2202
1713 1126
1714 2112
1715 1291
1716 1488
1717 2356
1718 779
1719 446
1720 38
1721 2069
1722 292
1723 2266
1724 1803
1725 927
1726 1024
1727 1717
1728 1945
1729 2191
1730 2993
1731 2468
1732 644
1733 43
1734 2975
1735 2155
1736 2057
1737 465
1738 679
1739 3612
1740 69
1741 2019
1742 383
1743 550
1744 73
1745 879
1746 1085
1747 2170
1748 1844
1749 2613
1750 2957
1751 1653
1752 2986
1753 2297
1754 521
1755 743
1756 1126
1757 300
1758 3076
1759 3277
1760 1282
1761 3209
1762 2385
1763 3579
1764 739
1765 1621
1766 2208
1767 895
1768 866
1769 3380
1770 1094
1771 2597
1772 217
1773 1346
1774 1914
1775 1913
1776 4473
1777 1500
1778 2463
1779 557
1780 5710
1781 2908
1782 915
1783 1064
1784 501
1785 364
1786 2019
1787 117
1788 41
1789 2424
1790 2447
1791 1692
1792 1270
1793 2044
1794 2471
1795 564
1796 1328
1797 2194
1798 340
1799 1391
1800 3268
1801 2466
1802 4061
1803 3042
1804 3442
1805 2776
1806 1771
1807 2500
1808 1581
1809 4049
1810 16
1811 59
1812 5614
1813 22
1814 231
1815 3107
1816 2352
1817 3716
1818 3580
1819 1572
1820 961
1821 1729
1822 1840
1823 1539
1824 827
1825 1366
1826 4965
1827 74
1828 2479
1829 2527
1830 1989
1831 830
1832 2156
1833 3134
1834 3532
1835 3920
1836 875
1837 733
1838 3214
1839 2308
1840 2381
1841 1174
1842 479
1843 433
1844 3234
1845 588
1846 140
1847 2870
1848 579
1849 2820
1850 1683
1851 1517
1852 685
1853 2740
1854 1451
1855 31
1856 2917
1857 3094
1858 1101
1859 2491
1860 1496
1861 2112
1862 1465
1863 364
1864 1582
1865 623
1866 1448
1867 3142
1868 286
1869 99
1870 2389
1871 2401
1872 434
1873 3089
1874 192
1875 910
1876 2429
1877 1552
1878 1386
1879 3232
1880 297
1881 38
1882 3572
1883 1437
1884 2153
1885 314
1886 5053
1887 796
1888 167
1889 1326
1890 1915
1891 1594
1892 4114
1893 3844
1894 2577
1895 985
1896 132
1897 610
1898 1789
1899 3613
1900 161
1901 3444
1902 1383
1903 3277
1904 4700
1905 87
1906 137
1907 2125
1908 237
1909 2987
1910 2985
1911 547
1912 3214
1913 4118
1914 4557
1915 2946
1916 3084
1917 1356
1918 3428
1919 5711
1920 3610
1921 2742
1922 2270
1923 317
1924 2055
1925 2436
1926 2279
1927 1881
1928 1288
1929 1338
1930 4520
1931 485
1932 2044
1933 1882
1934 844
1935 184
1936 86
1937 1657
1938 2092
1939 1593
1940 966
1941 113
1942 357
1943 567
1944 3119
1945 4079
1946 2204
1947 2657
1948 1554
1949 3016
1950 1267
1951 2563
1952 707
1953 679
1954 2691
1955 1470
1956 1081
1957 1493
1958 160
1959 1213
1960 3010
1961 2974
1962 1604
1963 1765
1964 86
1965 2509
1966 2706
1967 1392
1968 2785
1969 1780
1970 539
1971 776
1972 2654
1973 292
1974 2594
1975 3504
1976 1514
1977 1936
1978 3339
1979 2447
1980 1028
1981 126
1982 1569
1983 3445
1984 1780
1985 1905
1986 3098
1987 3082
1988 1988
1989 6343
1990 3989
1991 3175
1992 2684
1993 1102
1994 54
1995 1773
1996 1846
1997 1421
1998 62
1999 3332
2000 3673
2001 3375
2002 2240
2003 510
2004 2051
2005 1522
2006 1791
2007 2783
2008 641
2009 4848
2010 3247
2011 761
2012 2422
2013 1493
2014 2756
2015 714
2016 763
2017 2251
2018 746
2019 3725
2020 789
2021 1798
2022 1958
2023 1208
2024 430
2025 563
2026 4397
2027 2041
2028 2718
2029 1343
2030 434
2031 444
2032 1151
2033 2151
2034 1014
2035 2770
2036 2707
2037 408
2038 1398
2039 2220
2040 4499
2041 4551
2042 501
2043 3389
2044 5598
2045 4077
2046 1799
2047 1136
2048 5397
2049 864
2050 4677
2051 3819
2052 1315
2053 2592
2054 2275
2055 5307
2056 652
2057 4993
2058 2019
2059 5396
2060 2935
2061 5387
2062 53
2063 2776
2064 1057
2065 152
2066 3823
2067 1284
2068 3088
2069 6295
2070 6057
2071 2952
2072 1321
2073 1415
2074 1831
2075 3292
2076 3948
2077 62
2078 2385
2079 3583
2080 2108
2081 910
2082 1724
2083 137
2084 4259
2085 3959
2086 34
2087 1325
2088 1106
2089 32
2090 436
2091 1248
2092 2781
2093 1584
2094 279
2095 310
2096 1592
2097 1698
2098 2588
2099 1584
2100 407
2101 2358
2102 171
2103 1298
2104 780
2105 3689
2106 14
2107 2188
2108 2993
2109 459
2110 1187
2111 2226
2112 4078
2113 2940
2114 2038
2115 4308
2116 773
2117 438
2118 3444
2119 5072
2120 7465
2121 5159
2122 1235
2123 179
2124 2170
2125 5286
2126 2808
2127 588
2128 416
2129 744
2130 358
2131 404
2132 3108
2133 4416
2134 5494
2135 2719
2136 707
2137 2304
2138 4870
2139 2227
2140 1721
2141 1832
2142 710
2143 438
2144 727
2145 4275
2146 873
2147 97
2148 2104
2149 2299
2150 4983
2151 3950
2152 1515
2153 4225
2154 4723
2155 3371
2156 3935
2157 3735
2158 1474
2159 1177
2160 578
2161 3394
2162 1600
2163 1394
2164 390
2165 1861
2166 1677
2167 3941
2168 935
2169 1154
2170 5818
2171 159
2172 2182
2173 1452
2174 3915
2175 4069
2176 1682
2177 4293
2178 841
2179 1067
2180 1124
2181 1691
2182 2432
2183 627
2184 894
2185 1519
2186 2192
2187 2012
2188 2802
2189 1846
2190 593
2191 3167
2192 5972
2193 2580
2194 4462
2195 1875
2196 1310
2197 3235
2198 1960
2199 2766
2200 1836
2201 4400
2202 6196
2203 239
2204 4052
2205 5179
2206 1772
2207 624
2208 3411
2209 113
2210 3842
2211 544
2212 1682
2213 1204
2214 998
2215 88
2216 1331
2217 2121
2218 1258
2219 370
2220 8201
2221 1205
2222 3257
2223 3924
2224 1268
2225 3267
2226 4431
2227 6991
2228 1804
2229 3042
2230 1535
2231 706
2232 519
2233 322
2234 1601
2235 340
2236 68
2237 121
2238 3113
2239 1678
2240 7653
2241 2025
2242 390
2243 1006
2244 7409
2245 2403
2246 2122
2247 2546
2248 2701
2249 5910
2250 1193
2251 2908
2252 1389
2253 1972
2254 290
2255 1416
2256 275
2257 582
2258 2722
2259 3472
2260 3174
2261 4659
2262 1220
2263 955
2264 393
2265 3937
2266 2193
2267 82
2268 3405
2269 2995
2270 3177
2271 2804
2272 1673
2273 5908
2274 816
2275 6095
2276 3887
2277 2289
2278 4345
2279 5695
2280 349
2281 1925
2282 2211
2283 5155
2284 1613
2285 4733
2286 1345
2287 2074
2288 1440
2289 2343
2290 151
2291 1988
2292 273
2293 3740
2294 1810
2295 372
2296 1334
2297 4122
2298 2353
2299 6342
2300 1427
2301 1241
2302 2831
2303 2648
2304 6458
2305 242
2306 2062
2307 1280
2308 5044
2309 133
2310 876
2311 3158
2312 3561
2313 1554
2314 2538
2315 3825
2316 1317
2317 1822
2318 1526
2319 2081
2320 1230
2321 3968
2322 4052
2323 1055
2324 1973
2325 304
2326 2702
2327 2587
2328 1771
2329 1728
2330 3854
2331 1036
2332 3312
2333 2043
2334 214
2335 545
2336 5133
2337 1754
2338 22
2339 2284
2340 183
2341 2470
2342 364
2343 3833
2344 1494
2345 632
2346 1244
2347 1602
2348 758
2349 4337
2350 2040
2351 183
2352 2745
2353 4471
2354 2341
2355 2565
2356 2139
2357 4148
2358 4670
2359 1880
2360 5831
2361 507
2362 3289
2363 104
2364 2076
2365 6889
2366 1773
2367 1567
2368 366
2369 384
2370 938
2371 3356
2372 2343
2373 2160
2374 3335
2375 2879
2376 2792
2377 885
2378 697
2379 1580
2380 918
2381 3877
2382 472
2383 3443
2384 1555
2385 3947
2386 192
2387 1022
2388 545
2389 4239
2390 3440
2391 2547
2392 559
2393 1810
2394 1336
2395 1541
2396 277
2397 3294
2398 3176
2399 2599
2400 1775
2401 2954
2402 366
2403 8257
2404 878
2405 5082
2406 688
2407 4606
2408 1974
2409 2097
2410 1905
2411 1815
2412 2704
2413 3151
2414 2195
2415 3593
2416 6152
2417 2825
2418 2237
2419 952
2420 82
2421 3420
2422 2727
2423 400
2424 2028
2425 907
2426 2293
2427 4980
2428 1051
2429 5109
2430 2197
2431 1086
2432 3186
2433 3661
2434 2957
2435 893
2436 2910
2437 81
2438 3314
2439 804
2440 2463
2441 2363
2442 4521
2443 4588
2444 2080
2445 5708
2446 1198
2447 3960
2448 5654
2449 553
2450 3006
2451 1742
2452 1511
2453 1845
2454 4653
2455 736
2456 778
2457 3393
2458 5696
2459 6330
2460 3243
2461 1830
2462 3166
2463 4752
2464 2610
2465 58
2466 2448
2467 5087
2468 3913
2469 22
2470 4999
2471 2397
2472 4430
2473 1064
2474 2496
2475 3799
2476 40
2477 1916
2478 1584
2479 1859
2480 466
2481 125
2482 2853
2483 558
2484 2892
2485 809
2486 469
2487 969
2488 4563
2489 993
2490 3719
2491 5321
2492 994
2493 4246
2494 2948
2495 2730
2496 5000
2497 3496
2498 2296
2499 3084
2500 3882
2501 1838
2502 4027
2503 4513
2504 2830
2505 1213
2506 35
2507 5578
2508 1735
2509 5856
2510 4167
2511 2643
2512 1241
2513 2653
2514 2970
2515 1054
2516 4669
2517 1474
2518 4230
2519 467
2520 2509
2521 2561
2522 2475
2523 5556
2524 2001
2525 2466
2526 6762
2527 2861
2528 2098
2529 5159
2530 956
2531 2259
2532 2099
2533 1264
2534 3646
2535 5696
2536 1185
2537 4255
2538 5144
2539 1625
2540 1217
2541 6309
2542 2652
2543 4599
2544 7102
2545 1680
2546 3841
2547 5169
2548 4442
2549 249
2550 887
2551 2053
2552 1017
2553 2777
2554 3099
2555 6011
2556 1844
2557 2891
2558 4345
2559 1176
2560 1859
2561 2963
2562 237
2563 2812
2564 1363
2565 8698
2566 1537
2567 1341
2568 4254
2569 5375
2570 3135
2571 1379
2572 4453
2573 4394
2574 830
2575 3626
2576 192
2577 2561
2578 3526
2579 1324
2580 4213
2581 4535
2582 607
2583 339
2584 535
2585 1558
2586 518
2587 2931
2588 4815
2589 4144
2590 3841
2591 3558
2592 5437
2593 796
2594 3867
2595 359
2596 1284
2597 1910
2598 1017
2599 6384
2600 523
2601 712
2602 2545
2603 3334
2604 4143
2605 1928
2606 5607
2607 1795
2608 1372
2609 1986
2610 3028
2611 3051
2612 646
2613 2983
2614 714
2615 1323
2616 3099
2617 1527
2618 1759
2619 1296
2620 2758
2621 1239
2622 8053
2623 2177
2624 4285
2625 949
2626 2849
2627 2275
2628 1299
2629 5191
2630 5545
2631 1171
2632 4645
2633 559
2634 1901
2635 1022
2636 3186
2637 566
2638 3773
2639 2476
2640 3038
2641 2316
2642 1194
2643 5078
2644 2606
2645 3018
2646 1130
2647 5403
2648 5589
2649 3221
2650 4625
2651 3030
2652 4788
2653 3806
2654 3170
2655 3047
2656 851
2657 6074
2658 1406
2659 3362
2660 1336
2661 2335
2662 4347
2663 1919
2664 3001
2665 1012
2666 2770
2667 2477
2668 1993
2669 4551
2670 2856
2671 4181
2672 1589
2673 3390
2674 2301
2675 407
2676 1862
2677 5182
2678 3551
2679 2811
2680 4323
2681 3367
2682 3221
2683 2412
2684 3652
2685 2525
2686 1236
2687 4115
2688 1799
2689 1460
2690 1377
2691 4935
2692 2109
2693 1230
2694 1203
2695 947
2696 2681
2697 6246
2698 3394
2699 4997
2700 1813
2701 3904
2702 2364
2703 1653
2704 5085
2705 447
2706 6345
2707 2703
2708 3110
2709 262
2710 116
2711 4156
2712 1385
2713 3368
2714 66
2715 5984
2716 1537
2717 1274
2718 3883
2719 2175
2720 2357
2721 1953
2722 4954
2723 2618
2724 475
2725 187
2726 2903
2727 5331
2728 1218
2729 3051
2730 7073
2731 3893
2732 3228
2733 783
2734 5139
2735 668
2736 3213
2737 1138
2738 2830
2739 723
2740 5180
2741 1385
2742 2538
2743 1923
2744 2231
2745 3263
2746 2310
2747 3196
2748 438
2749 4633
2750 3238
2751 4195
2752 1108
2753 3904
2754 944
2755 3512
2756 6514
2757 264
2758 3262
2759 1444
2760 3787
2761 1963
2762 929
2763 662
2764 3170
2765 1018
2766 3310
2767 2051
2768 7887
2769 1485
2770 5304
2771 296
2772 2287
2773 957
2774 257
2775 166
2776 4403
2777 3561
2778 3691
2779 3875
2780 3321
2781 5629
2782 1603
2783 4317
2784 1100
2785 4329
2786 1334
2787 2602
2788 3345
2789 482
2790 464
2791 2675
2792 5759
2793 859
2794 1769
2795 508
2796 3401
2797 4251
2798 4999
2799 2614
2800 2769
2801 854
2802 5451
2803 1355
2804 5544
2805 2526
2806 2627
2807 2278
2808 3387
2809 9127
2810 4245
2811 3177
2812 4481
2813 419
2814 766
2815 3652
2816 897
2817 3117
2818 1542
2819 1342
2820 2834
2821 1773
2822 3537
2823 4710
2824 434
2825 6366
2826 5850
2827 773
2828 1155
2829 1722
2830 9745
2831 7732
2832 1177
2833 2781
2834 4352
2835 999
2836 796
2837 522
2838 1556
2839 8911
2840 966
2841 579
2842 109
2843 4011
2844 1904
2845 5029
2846 450
2847 5714
2848 4651
2849 4866
2850 985
2851 1347
2852 6169
2853 2594
2854 2658
2855 130
2856 2849
2857 2628
2858 3344
2859 3271
2860 2186
2861 4277
2862 2059
2863 1487
2864 5882
2865 666
2866 833
2867 3172
2868 4725
2869 1859
2870 5421
2871 2321
2872 4069
2873 2421
2874 118
2875 3527
2876 11
2877 501
2878 1560
2879 5323
2880 4255
2881 1868
2882 2737
2883 465
2884 2298
2885 2480
2886 1254
2887 3000
2888 857
2889 2444
2890 2616
2891 5029
2892 3895
2893 1586
2894 3061
2895 771
2896 2088
2897 2074
2898 402
2899 2939
2900 2933
2901 2806
2902 780
2903 6989
2904 1204
2905 8819
2906 2941
2907 3824
2908 5573
2909 32
2910 7566
2911 1387
2912 6234
2913 3242
2914 994
2915 2821
2916 475
2917 4313
2918 4182
2919 55
2920 766
2921 4530
2922 3002
2923 542
2924 2147
2925 2037
2926 3873
2927 2237
2928 2504
2929 729
2930 232
2931 3465
2932 1359
2933 5720
2934 578
2935 2417
2936 3863
2937 3878
2938 2090
2939 3528
2940 2698
2941 14729
2942 985
2943 3328
2944 905
2945 20
2946 6452
2947 762
2948 4843
2949 232
2950 688
2951 6406
2952 2832
2953 2636
2954 7535
2955 4850
2956 168
2957 7725
2958 1587
2959 2472
2960 2321
2961 191
2962 2034
2963 5736
2964 2099
2965 6101
2966 854
2967 3618
2968 1556
2969 2190
2970 3473
2971 3259
2972 329
2973 1364
2974 9904
2975 3646
2976 1526
2977 2752
2978 604
2979 924
2980 3561
2981 2576
2982 3031
2983 4601
2984 2859
2985 7949
2986 6932
2987 2541
2988 1577
2989 1971
2990 477
2991 3832
2992 4476
2993 6449
2994 2036
2995 3774
2996 4196
2997 1233
2998 1561
2999 107
3000 4358
3001 6983
3002 9057
3003 844
3004 250
3005 2123
3006 4942
3007 3276
3008 2921
3009 4438
3010 3923
3011 1914
3012 2770
3013 1776
3014 873
3015 2916
3016 3031
3017 612
3018 9434
3019 6329
3020 2237
3021 3559
3022 1475
3023 1964
3024 4067
3025 2125
3026 1574
3027 835
3028 4441
3029 1204
3030 5624
3031 11399
3032 220
3033 2977
3034 3217
3035 1149
3036 162
3037 2099
3038 7344
3039 2777
3040 504
3041 4385
3042 9883
3043 1318
3044 640
3045 1361
3046 1367
3047 5351
3048 3696
3049 1962
3050 2878
3051 5346
3052 660
3053 3905
3054 630
3055 475
3056 184
3057 1780
3058 1813
3059 1689
3060 1481
3061 3335
3062 6501
3063 6469
3064 1086
3065 981
3066 3705
3067 8218
3068 2042
3069 872
3070 681
3071 4453
3072 2161
3073 1650
3074 2306
3075 4012
3076 2695
3077 3376
3078 2266
3079 1312
3080 3837
3081 3844
3082 5643
3083 3348
3084 6171
3085 242
3086 767
3087 4425
3088 3329
3089 2619
3090 3605
3091 435
3092 3898
3093 3980
3094 4770
3095 3974
3096 2429
3097 333
3098 5301
3099 7549
3100 962
3101 983
3102 1966
3103 4419
3104 3583
3105 269
3106 7895
3107 4365
3108 2656
3109 1140
3110 3544
3111 178
3112 1661
3113 2883
3114 2584
3115 12
3116 4386
3117 4380
3118 2319
3119 6905
3120 843
3121 2339
3122 1039
3123 2630
3124 5222
3125 1199
3126 111
3127 3432
3128 3394
3129 931
3130 1087
3131 1395
3132 3074
3133 221
3134 4447
3135 3608
3136 3261
3137 3295
3138 1230
3139 5784
3140 1878
3141 1430
3142 2234
3143 3075
3144 2633
3145 1160
3146 305
3147 1181
3148 1106
3149 849
3150 1442
3151 4782
3152 9277
3153 751
3154 515
3155 1429
3156 547
3157 1602
3158 2771
3159 537
3160 5754
3161 6587
3162 5675
3163 3968
3164 734
3165 1751
3166 3969
3167 4769
3168 265
3169 2469
3170 6185
3171 2732
3172 5871
3173 3319
3174 4192
3175 6821
3176 5467
3177 8467
3178 1742
3179 371
3180 2547
3181 3416
3182 1564
3183 5552
3184 2919
3185 1584
3186 10372
3187 2169
3188 1770
3189 3243
3190 4690
3191 5794
3192 2830
3193 719
3194 4256
3195 1335
3196 4580
3197 1595
3198 4533
3199 6503
3200 1175
3201 5383
3202 1014
3203 5238
3204 3650
3205 1233
3206 3775
3207 1218
3208 3561
3209 1959
3210 3758
3211 3135
3212 4708
3213 3032
3214 7450
3215 2379
3216 4326
3217 5459
3218 2672
3219 71
3220 137
3221 7661
3222 620
3223 1448
3224 2111
3225 4452
3226 811
3227 3691
3228 4861
3229 1578
3230 3060
3231 3209
3232 8601
3233 4962
3234 5657
3235 5774
3236 3517
3237 4442
3238 5809
3239 5380
3240 5425
3241 803
3242 3526
3243 11414
3244 2976
3245 927
3246 2966
3247 3847
3248 697
3249 3247
3250 100
3251 683
3252 6363
3253 935
3254 8534
3255 3298
3256 332
3257 2790
3258 6597
3259 5603
3260 368
3261 4403
3262 7922
3263 8109
3264 5601
3265 484
3266 11
3267 4694
3268 3792
3269 4617
3270 3625
3271 5846
3272 172
3273 4323
3274 2491
3275 252
3276 3673
3277 10916
3278 1599
3279 1441
3280 189
3281 218
3282 3226
3283 1431
3284 1526
3285 4757
3286 2170
3287 3803
3288 4259
3289 9641
3290 4077
3291 2137
3292 3461
3293 1848
3294 7237
3295 3733
3296 3148
3297 5169
3298 7095
3299 2747
3300 4666
3301 4639
3302 1261
3303 3917
3304 5813
3305 2886
3306 610
3307 1409
3308 8062
3309 1409
3310 6365
3311 3638
3312 4011
3313 3594
3314 6124
3315 2714
3316 719
3317 4951
3318 1465
3319 7124
3320 2035
3321 3972
3322 5364
3323 4502
3324 1796
3325 451
3326 3338
3327 5856
3328 8842
3329 4390
3330 1507
3331 186
3332 6576
3333 3113
3334 3577
3335 7575
3336 3207
3337 3920
3338 5294
3339 8471
3340 785
3341 976
3342 3097
3343 979
3344 4212
3345 5318
3346 2304
3347 4760
3348 6007
3349 2454
3350 3277
3351 3574
3352 613
3353 1352
3354 5477
3355 632
3356 8629
3357 9282
3358 2139
3359 7626
3360 4191
3361 611
3362 6094
3363 1105
3364 1893
3365 6573
3366 1250
3367 8975
3368 4697
3369 3912
3370 370
3371 5255
3372 2114
3373 2011
3374 4679
3375 3090
3376 5717
3377 1625
3378 8235
3379 3051
3380 2561
3381 3360
3382 40
3383 4578
3384 1318
3385 817
3386 5728
3387 4522
3388 2564
3389 7088
3390 4802
3391 5707
3392 3426
3393 8928
3394 8162
3395 2509
3396 2538
3397 2263
3398 5022
3399 1832
3400 1901
3401 5141
3402 1579
3403 4749
3404 6787
3405 4792
3406 5469
3407 276
3408 1116
3409 2581
3410 2819
3411 6318
3412 2218
3413 1990
3414 1991
3415 2087
3416 6056
3417 5057
3418 2319
3419 2118
3420 8991
3421 1690
3422 6729
3423 2737
3424 3431
3425 7253
3426 8984
3427 747
3428 3080
3429 3161
3430 4948
3431 3621
3432 3682
3433 6165
3434 412
3435 1104
3436 3545
3437 4988
3438 1474
3439 3087
3440 5369
3441 2050
3442 4596
3443 5424
3444 9613
3445 3387
3446 7646
3447 1836
3448 1220
3449 1552
3450 2115
3451 8295
3452 1665
3453 4286
3454 1021
3455 6084
3456 10395
3457 32
3458 1262
3459 2107
3460 581
3461 5124
3462 6631
3463 3411
3464 286
3465 6796
3466 474
3467 4416
3468 3122
3469 5349
3470 2146
3471 2931
3472 2626
3473 4992
3474 2350
3475 3860
3476 2583
3477 644
3478 4379
3479 5785
3480 186
3481 2550
3482 5828
3483 7409
3484 4341
3485 3390
3486 5194
3487 955
3488 3809
3489 5796
3490 2767
3491 869
3492 3992
3493 31
3494 2936
3495 1968
3496 3972
3497 846
3498 448
3499 6947
3500 2883
3501 1427
3502 2586
3503 1701
3504 4570
3505 1489
3506 10084
3507 2896
3508 2925
3509 7025
3510 166
3511 1940
3512 5961
3513 1643
3514 3429
3515 1455
3516 6718
3517 10574
3518 1
3519 6366
3520 755
3521 3082
3522 2260
3523 2235
3524 7352
3525 764
3526 10713
3527 10316
3528 3883
3529 2985
3530 5132
3531 4632
3532 7989
3533 1926
3534 934
3535 1129
3536 1983
3537 6336
3538 903
3539 3
3540 5791
3541 4646
3542 7981
3543 2438
3544 6671
3545 5191
3546 1284
3547 5747
3548 2109
3549 5643
3550 7625
3551 7571
3552 17
3553 801
3554 3452
3555 2424
3556 3192
3557 5615
3558 5710
3559 5403
3560 1554
3561 13059
3562 1560
3563 1961
3564 1202
3565 1661
3566 2427
3567 578
3568 3591
3569 11278
3570 309
3571 2393
3572 3285
3573 1868
3574 6784
3575 1481
3576 1535
3577 8070
3578 2002
3579 4178
3580 8294
3581 1677
3582 5406
3583 7543
3584 2965
3585 70
3586 993
3587 4436
3588 3867
3589 2620
3590 3291
3591 4448
3592 2855
3593 2849
3594 6597
3595 568
3596 25
3597 1619
3598 1836
3599 515
3600 4279
3601 4982
3602 681
3603 81
3604 208
3605 4268
3606 1102
3607 1427
3608 5740
3609 519
3610 3010
3611 683
3612 3784
3613 2445
3614 3074
3615 5317
3616 1212
3617 4885
3618 6902
3619 2353
3620 787
3621 10487
3622 1005
3623 178
3624 2135
3625 5840
3626 5573
3627 2247
3628 7456
3629 3197
3630 3582
3631 2641
3632 6763
3633 3466
3634 2092
3635 2895
3636 3262
3637 3062
3638 7890
3639 6996
3640 710
3641 3967
3642 4495
3643 1344
3644 4941
3645 2325
3646 8797
3647 2863
3648 8882
3649 7
3650 4813
3651 395
3652 10780
3653 2563
3654 860
3655 6485
3656 5591
3657 3109
3658 4907
3659 1237
3660 273
3661 10265
3662 2684
3663 1391
3664 2521
3665 1670
3666 6965
3667 2878
3668 289
3669 4232
3670 1394
3671 4341
3672 3701
3673 8387
3674 658
3675 324
3676 5292
3677 5305
3678 337
3679 2191
3680 23
3681 3410
3682 8528
3683 7878
3684 10171
3685 1921
3686 4083
3687 3764
3688 6146
3689 5104
3690 3039
3691 11110
3692 126
3693 825
3694 1251
3695 2015
3696 6802
3697 2948
3698 5337
3699 6930
3700 124
3701 3739
3702 2095
3703 9714
3704 4479
3705 5792
3706 129
3707 482
3708 2678
3709 5230
3710 1992
3711 1033
3712 3103
3713 6279
3714 219
3715 3580
3716 1828
3717 2007
3718 4533
3719 5661
3720 698
3721 5285
3722 1942
3723 1362
3724 37
3725 3971
3726 315
3727 3437
3728 10240
3729 1437
3730 9049
3731 4468
3732 4925
3733 3764
3734 669
3735 4739
3736 4809
3737 2770
3738 3480
3739 6352
3740 7183
3741 4583
3742 498
3743 2009
3744 1116
3745 5111
3746 383
3747 3070
3748 2275
3749 8029
3750 5058
3751 7064
3752 1909
3753 5634
3754 2434
3755 2592
3756 2498
3757 6067
3758 7084
3759 1575
3760 3249
3761 8738
3762 2785
3763 1517
3764 9732
3765 2493
3766 923
3767 55
3768 6311
3769 2241
3770 2309
3771 1718
3772 2549
3773 3860
3774 4289
3775 5196
3776 7019
3777 1109
3778 105
3779 853
3780 2727
3781 1267
3782 2042
3783 5825
3784 4858
3785 6081
3786 5687
3787 5060
3788 3337
3789 2809
3790 3769
3791 5487
3792 8474
3793 2035
3794 98
3795 7278
3796 1208
3797 8843
3798 3384
3799 7500
3800 4299
3801 4417
3802 5129
3803 3432
3804 168
3805 7333
3806 8078
3807 3537
3808 2466
3809 6972
3810 1911
3811 473
3812 6605
3813 384
3814 2996
3815 3460
3816 179
3817 4670
3818 5550
3819 7777
3820 6449
3821 140
3822 5062
3823 6084
3824 8109
3825 4276
3826 3705
3827 1960
3828 11146
3829 1005
3830 342
3831 2149
3832 8983
3833 3065
3834 4961
3835 10168
3836 3001
3837 9154
3838 3064
3839 2775
3840 3098
3841 6780
3842 7480
3843 3135
3844 9943
3845 2377
3846 5083
3847 9127
3848 1842
3849 2982
3850 149
3851 4095
3852 2839
3853 4884
3854 3479
3855 3350
3856 2504
3857 2377
3858 3469
3859 2123
3860 14441
3861 4617
3862 5692
3863 7307
3864 1553
3865 1140
3866 5574
3867 12791
3868 35
3869 1277
3870 90
3871 3172
3872 2586
3873 4377
3874 353
3875 6786
3876 2014
3877 3404
3878 3110
3879 4455
3880 6050
3881 1551
3882 2647
3883 10912
3884 8755
3885 2582
3886 2206
3887 5995
3888 2445
3889 2370
3890 4688
3891 3139
3892 5561
3893 4607
3894 3795
3895 3402
3896 3409
3897 7373
3898 6287
3899 4351
3900 320
3901 1084
3902 2058
3903 11406
3904 10764
3905 6607
3906 1751
3907 4641
3908 6594
3909 2063
3910 3218
3911 208
3912 9192
3913 7716
3914 4407
3915 6820
3916 4448
3917 7996
3918 152
3919 2016
3920 7017
3921 508
3922 2908
3923 8544
3924 6945
3925 3343
3926 4785
3927 9539
3928 3768
3929 511
3930 2113
3931 3
3932 3284
3933 9156
3934 13706
3935 4178
3936 7038
3937 2867
3938 5891
3939 7671
3940 5347
3941 5867
3942 54
3943 7547
3944 2620
3945 6410
3946 11204
3947 2393
3948 2207
3949 5583
3950 7401
3951 34
3952 2977
3953 670
3954 3913
3955 2641
3956 4385
3957 5754
3958 7014
3959 5521
3960 9973
3961 6810
3962 6234
3963 10485
3964 292
3965 8127
3966 2378
3967 4246
3968 6229
3969 3262
3970 1928
3971 4203
3972 16165
3973 6373
3974 7869
3975 2570
3976 4928
3977 85
3978 3397
3979 4454
3980 8618
3981 417
3982 3139
3983 5554
3984 83
3985 7633
3986 806
3987 7159
3988 2976
3989 4008
3990 922
3991 8717
3992 7257
3993 2384
3994 2581
3995 6057
3996 6731
3997 1418
3998 5232
3999 9860
4000 4873
4001 1892
4002 852
4003 1351
4004 1302
4005 1606
4006 1009
4007 482
4008 4001
4009 4539
4010 1
4011 10759
4012 5136
4013 3463
4014 3830
4015 4422
4016 3717
4017 2957
4018 3946
4019 1698
4020 7235
4021 1710
4022 2490
4023 2985
4024 557
4025 100
4026 3078
4027 6308
4028 3671
4029 3589
4030 3896
4031 504
4032 6229
4033 1118
4034 1095
4035 8326
4036 5198
4037 10310
4038 4149
4039 2802
4040 993
4041 12076
4042 4607
4043 2601
4044 4574
4045 50
4046 12835
4047 1696
4048 79
4049 4169
4050 2939
4051 1314
4052 9070
4053 3098
4054 2640
4055 4102
4056 2273
4057 5245
4058 2187
4059 1802
4060 6796
4061 3471
4062 11734
4063 2806
4064 4294
4065 3298
4066 100
4067 14271
4068 3221
4069 8314
4070 9170
4071 775
4072 674
4073 5212
4074 2027
4075 7277
4076 4664
4077 7772
4078 2317
4079 9990
4080 885
4081 2301
4082 1877
4083 4532
4084 8219
4085 7587
4086 2931
4087 3148
4088 2167
4089 1497
4090 4393
4091 7397
4092 50
4093 1719
4094 1079
4095 9279
4096 207
4097 4358
4098 2752
4099 5914
4100 1626
4101 272
4102 5499
4103 2777
4104 3994
4105 3324
4106 1599
4107 1238
4108 6497
4109 4664
4110 2939
4111 447
4112 1460
4113 938
4114 5661
4115 5049
4116 264
4117 3670
4118 5126
4119 5932
4120 5107
4121 6771
4122 5759
4123 529
4124 1644
4125 7571
4126 5837
4127 8346
4128 5464
4129 4507
4130 2057
4131 1244
4132 1861
4133 613
4134 3407
4135 5728
4136 874
4137 291
4138 3303
4139 6356
4140 6760
4141 721
4142 7164
4143 6059
4144 9248
4145 4054
4146 63
4147 5704
4148 4559
4149 7130
4150 8021
4151 2026
4152 3514
4153 2392
4154 6393
4155 4347
4156 5812
4157 2531
4158 5478
4159 307
4160 1351
4161 7293
4162 4167
4163 8790
4164 2663
4165 2900
4166 5259
4167 8040
4168 2489
4169 5772
4170 508
4171 565
4172 7286
4173 160
4174 4443
4175 3156
4176 904
4177 4190
4178 10750
4179 475
4180 1855
4181 3393
4182 4983
4183 4043
4184 7963
4185 2133
4186 2724
4187 1713
4188 6447
4189 3994
4190 6983
4191 5695
4192 6231
4193 3754
4194 428
4195 7494
4196 6306
4197 8121
4198 7293
4199 4852
4200 5325
4201 698
4202 6676
4203 10698
4204 1928
4205 1944
4206 4707
4207 814
4208 1597
4209 7409
4210 3436
4211 2308
4212 6095
4213 7228
4214 21
4215 2509
4216 7737
4217 4321
4218 1227
4219 4789
4220 3901
4221 3290
4222 1643
4223 1439
4224 1030
4225 8255
4226 9317
4227 8305
4228 654
4229 536
4230 10976
4231 2592
4232 5747
4233 3258
4234 787
4235 5521
4236 7924
4237 4506
4238 4224
4239 6230
4240 10247
4241 3768
4242 5317
4243 3927
4244 1118
4245 8553
4246 9549
4247 231
4248 2948
4249 10889
4250 1736
4251 3862
4252 6767
4253 4878
4254 9689
4255 7752
4256 8052
4257 809
4258 732
4259 10373
4260 4990
4261 4392
4262 23
4263 4278
4264 138
4265 3880
4266 2807
4267 11910
4268 6079
4269 595
4270 136
4271 5119
4272 9634
4273 922
4274 2661
4275 13729
4276 4932
4277 5445
4278 9727
4279 6788
4280 5929
4281 2047
4282 2859
4283 3810
4284 6087
4285 11842
4286 4935
4287 1396
4288 2087
4289 11602
4290 1143
4291 10562
4292 1542
4293 5268
4294 10048
4295 3428
4296 1068
4297 3271
4298 7638
4299 4168
4300 151
4301 211
4302 41
4303 6588
4304 553
4305 6212
4306 5395
4307 6874
4308 7623
4309 290
4310 2010
4311 1646
4312 1746
4313 6137
4314 1023
4315 3311
4316 1492
4317 7128
4318 1762
4319 1953
4320 451
4321 9132
4322 5979
4323 9747
4324 4750
4325 2711
4326 3396
4327 1922
4328 3487
4329 5811
4330 3481
4331 337
4332 5052
4333 7482
4334 1052
4335 3447
4336 1658
4337 7670
4338 5846
4339 5988
4340 1372
4341 8295
4342 2291
4343 11324
4344 1522
4345 5667
4346 2499
4347 8983
4348 1345
4349 213
4350 11918
4351 6757
4352 5083
4353 3942
4354 8619
4355 2248
4356 5150
4357 4198
4358 11416
4359 1717
4360 7683
4361 7783
4362 5569
4363 1406
4364 290
4365 6558
4366 2245
4367 5232
4368 9990
4369 3844
4370 1611
4371 1114
4372 1440
4373 5850
4374 149
4375 9600
4376 3860
4377 8800
4378 3804
4379 6119
4380 9168
4381 277
4382 6702
4383 3952
4384 169
4385 11686
4386 3229
4387 359
4388 1106
4389 4056
4390 6924
4391 5967
4392 4311
4393 7445
4394 6702
4395 970
4396 718
4397 4215
4398 5044
4399 5510
4400 7119
4401 1526
4402 9068
4403 10903
4404 2371
4405 2173
4406 7887
4407 10592
4408 285
4409 1491
4410 3486
4411 3044
4412 3277
4413 3989
4414 857
4415 1404
4416 5648
4417 4652
4418 4213
4419 10071
4420 1612
4421 3530
4422 4102
4423 4839
4424 697
4425 9424
4426 4023
4427 1503
4428 7886
4429 6536
4430 5156
4431 4289
4432 692
4433 1541
4434 2284
4435 653
4436 3683
4437 987
4438 9554
4439 4169
4440 14032
4441 10075
4442 11928
4443 6599
4444 1860
4445 2599
4446 643
4447 8571
4448 9815
4449 394
4450 4923
4451 5899
4452 6145
4453 10872
4454 6090
4455 5852
4456 1341
4457 3593
4458 2179
4459 6852
4460 2398
4461 477
4462 6816
4463 3187
4464 2685
4465 1346
4466 5908
4467 5892
4468 12565
4469 1000
4470 1677
4471 5972
4472 979
4473 4000
4474 3380
4475 8091
4476 5738
4477 2358
4478 7383
4479 12192
4480 1366
4481 4887
4482 3077
4483 390
4484 1392
4485 759
4486 320
4487 4512
4488 1626
4489 6042
4490 34
4491 1912
4492 3938
4493 10857
4494 3651
4495 6505
4496 585
4497 5419
4498 1300
4499 4706
4500 3168
4501 5158
4502 9463
4503 1968
4504 1608
4505 1029
4506 9636
4507 7160
4508 2500
4509 404
4510 125
4511 2589
4512 10843
4513 5854
4514 5975
4515 1556
4516 3059
4517 684
4518 6026
4519 1067
4520 4552
4521 2654
4522 3570
4523 5017
4524 18869
4525 3901
4526 3203
4527 1732
4528 268
4529 164
4530 7015
4531 4211
4532 6032
4533 12295
4534 4901
4535 10492
4536 1311
4537 1416
4538 3924
4539 8383
4540 2826
4541 4681
4542 645
4543 49
4544 1041
4545 3547
4546 171
4547 1917
4548 3846
4549 2297
4550 2042
4551 12061
4552 9391
4553 6411
4554 1128
4555 97
4556 736
4557 3562
4558 9613
4559 10140
4560 155
4561 4142
4562 6774
4563 9510
4564 2976
4565 5026
4566 4977
4567 671
4568 2374
4569 2340
4570 7304
4571 3951
4572 2419
4573 708
4574 5898
4575 951
4576 892
4577 3286
4578 5337
4579 4684
4580 3220
4581 10549
4582 6926
4583 7700
4584 3563
4585 8539
4586 3180
4587 1205
4588 3090
4589 1985
4590 427
4591 2124
4592 7707
4593 2092
4594 3386
4595 4953
4596 3493
4597 1627
4598 2026
4599 9488
4600 7236
4601 7105
4602 846
4603 2982
4604 6419
4605 2098
4606 2756
4607 10512
4608 2267
4609 3319
4610 1685
4611 3713
4612 1679
4613 4661
4614 4729
4615 2315
4616 8187
4617 9229
4618 4696
4619 1005
4620 2103
4621 8910
4622 8595
4623 8308
4624 663
4625 2800
4626 5966
4627 11397
4628 339
4629 2054
4630 1808
4631 3242
4632 10400
4633 4692
4634 4577
4635 7040
4636 4470
4637 347
4638 8175
4639 3757
4640 2255
4641 4065
4642 5063
4643 193
4644 2298
4645 10887
4646 5425
4647 3662
4648 2629
4649 289
4650 741
4651 6421
4652 18281
4653 3721
4654 8984
4655 2481
4656 5883
4657 2696
4658 5406
4659 3559
4660 5991
4661 8939
4662 992
4663 3206
4664 14398
4665 208
4666 13992
4667 2512
4668 9410
4669 6676
4670 8640
4671 4803
4672 8604
4673 1715
4674 4627
4675 2959
4676 4803
4677 6511
4678 6861
4679 4333
4680 1357
4681 5161
4682 4272
4683 2384
4684 5881
4685 2045
4686 2955
4687 3117
4688 6374
4689 5631
4690 10353
4691 864
4692 4943
4693 9101
4694 6061
4695 5392
4696 5782
4697 6960
4698 5418
4699 1507
4700 3480
4701 2035
4702 6043
4703 2460
4704 2062
4705 5527
4706 4678
4707 7420
4708 8633
4709 1911
4710 5758
4711 62
4712 4588
4713 181
4714 11538
4715 6935
4716 5140
4717 8734
4718 10265
4719 6413
4720 8446
4721 2777
4722 1928
4723 8187
4724 10419
4725 5796
4726 4093
4727 2006
4728 5294
4729 8023
4730 3518
4731 3541
4732 2470
4733 4191
4734 1025
4735 2254
4736 4601
4737 2778
4738 2136
4739 4545
4740 2822
4741 30
4742 5119
4743 7143
4744 6698
4745 700
4746 20064
4747 1492
4748 6835
4749 7449
4750 4564
4751 5645
4752 4881
4753 3717
4754 5415
4755 544
4756 2566
4757 5847
4758 2192
4759 4954
4760 5186
4761 2787
4762 1190
4763 3183
4764 7326
4765 7240
4766 4081
4767 1341
4768 9637
4769 9726
4770 6909
4771 11986
4772 3334
4773 13298
4774 2023
4775 2899
4776 3384
4777 275
4778 1755
4779 4614
4780 1342
4781 1889
4782 7443
4783 8555
4784 1197
4785 4322
4786 2863
4787 4656
4788 10612
4789 11083
4790 6192
4791 235
4792 11422
4793 4442
4794 6152
4795 4315
4796 6224
4797 259
4798 3536
4799 1894
4800 2999
4801 6032
4802 9879
4803 12591
4804 7553
4805 2919
4806 5304
4807 4151
4808 3174
4809 8683
4810 5628
4811 9165
4812 2230
4813 7009
4814 2298
4815 3061
4816 1530
4817 1917
4818 2956
4819 343
4820 2024
4821 2499
4822 734
4823 1625
4824 1217
4825 372
4826 1471
4827 1326
4828 6321
4829 2839
4830 8250
4831 1767
4832 6287
4833 1725
4834 7328
4835 1721
4836 6072
4837 7673
4838 387
4839 14209
4840 1302
4841 895
4842 3547
4843 7605
4844 3598
4845 3513
4846 15631
4847 660
4848 4051
4849 2146
4850 3634
4851 6
4852 10138
4853 414
4854 10636
4855 1475
4856 4217
4857 17988
4858 7096
4859 1751
4860 5156
4861 5159
4862 4864
4863 4017
4864 10648
4865 1108
4866 6269
4867 1241
4868 3923
4869 7834
4870 2976
4871 7572
4872 2092
4873 16971
4874 4066
4875 2226
4876 734
4877 3471
4878 6485
4879 3742
4880 1296
4881 5692
4882 7321
4883 156
4884 5004
4885 8258
4886 5607
4887 5557
4888 1431
4889 6285
4890 504
4891 223
4892 4376
4893 4105
4894 12147
4895 2336
4896 8104
4897 2375
4898 3237
4899 4819
4900 1717
4901 13630
4902 5604
4903 2744
4904 3505
4905 672
4906 1758
4907 6355
4908 160
4909 6917
4910 589
4911 6
4912 8737
4913 6052
4914 4836
4915 2715
4916 6752
4917 6371
4918 3595
4919 2304
4920 9599
4921 5987
4922 6024
4923 9183
4924 4496
4925 6817
4926 472
4927 98
4928 13521
4929 2072
4930 2726
4931 2526
4932 7174
4933 4027
4934 2484
4935 11106
4936 497
4937 1488
4938 12680
4939 1035
4940 2153
4941 7062
4942 3549
4943 6464
4944 4263
4945 3790
4946 1006
4947 5915
4948 3579
4949 6764
4950 403
4951 7693
4952 1465
4953 6117
4954 11016
4955 10116
4956 1628
4957 8698
4958 4066
4959 2376
4960 6222
4961 10030
4962 13647
4963 1555
4964 5742
4965 12149
4966 2357
4967 7333
4968 5084
4969 2115
4970 10066
4971 3757
4972 30
4973 4262
4974 1287
4975 6554
4976 1660
4977 10059
4978 590
4979 2932
4980 6401
4981 4539
4982 4875
4983 9336
4984 7603
4985 4202
4986 1158
4987 7077
4988 10817
4989 3099
4990 13390
4991 4778
4992 5973
4993 6555
4994 7803
4995 2336
4996 7508
4997 8200
4998 3586
4999 17309
5000 7465
5001 6579
5002 13123
5003 1394
5004 8835
5005 8216
5006 1316
5007 2276
5008 1679
5009 2977
5010 8211
5011 6432
5012 1105
5013 3747
5014 3249
5015 9658
5016 4949
5017 9208
5018 8111
5019 1770
5020 1108
5021 9951
5022 5499
5023 2273
5024 1523
5025 6564
5026 9468
5027 1203
5028 7392
5029 8909
5030 4782
5031 1865
5032 3067
5033 6891
5034 4185
5035 3446
5036 7228
5037 674
5038 4393
5039 7613
5040 626
5041 825
5042 368
5043 637
5044 10409
5045 1305
5046 10535
5047 4488
5048 6766
5049 4421
5050 630
5051 5091
5052 11027
5053 5665
5054 5932
5055 8532
5056 11532
5057 9748
5058 5737
5059 3743
5060 5350
5061 1871
5062 6895
5063 11376
5064 5043
5065 1174
5066 10517
5067 4396
5068 12104
5069 11033
5070 6565
5071 4689
5072 4214
5073 1584
5074 5858
5075 3010
5076 689
5077 9941
5078 6439
5079 1804
5080 8321
5081 5729
5082 13755
5083 8980
5084 8955
5085 11616
5086 2467
5087 5933
5088 8052
5089 4668
5090 1846
5091 11900
5092 687
5093 374
5094 3684
5095 4453
5096 7279
5097 4936
5098 747
5099 1977
5100 4210
5101 2305
5102 7086
5103 96
5104 10888
5105 1259
5106 2305
5107 6464
5108 2092
5109 5300
5110 3736
5111 12915
5112 472
5113 908
5114 13692
5115 4888
5116 9074
5117 3681
5118 2394
5119 13027
5120 4372
5121 8653
5122 7554
5123 2733
5124 10062
5125 4491
5126 9113
5127 1101
5128 4586
5129 7900
5130 7320
5131 3341
5132 7517
5133 5691
5134 1226
5135 1451
5136 8030
5137 4276
5138 6274
5139 5080
5140 6118
5141 7031
5142 2979
5143 2721
5144 8317
5145 212
5146 5690
5147 3962
5148 486
5149 4472
5150 8641
5151 16789
5152 4930
5153 1651
5154 3963
5155 4738
5156 20585
5157 902
5158 5793
5159 18594
5160 1841
5161 12587
5162 4858
5163 452
5164 6164
5165 7571
5166 10722
5167 2102
5168 8765
5169 7061
5170 4930
5171 2188
5172 827
5173 5996
5174 1334
5175 1529
5176 730
5177 2624
5178 3031
5179 7244
5180 9188
5181 2544
5182 5842
5183 164
5184 4638
5185 4507
5186 6285
5187 7412
5188 1480
5189 3931
5190 2090
5191 7169
5192 6857
5193 4947
5194 7052
5195 5369
5196 6042
5197 9359
5198 6251
5199 7767
5200 650
5201 6399
5202 1733
5203 3936
5204 3923
5205 1811
5206 1637
5207 1071
5208 1581
5209 1004
5210 5623
5211 2046
5212 4430
5213 563
5214 2011
5215 4476
5216 7346
5217 3421
5218 769
5219 4165
5220 937
5221 16
5222 4081
5223 5442
5224 721
5225 13714
5226 6184
5227 1359
5228 1176
5229 4106
5230 6432
5231 3478
5232 11779
5233 4887
5234 4609
5235 907
5236 2493
5237 6665
5238 9221
5239 1235
5240 4639
5241 1393
5242 4314
5243 1860
5244 6145
5245 6088
5246 5103
5247 1743
5248 1069
5249 666
5250 5516
5251 2943
5252 1912
5253 2807
5254 10363
5255 4941
5256 2422
5257 8928
5258 5880
5259 6204
5260 947
5261 3610
5262 4969
5263 1392
5264 2693
5265 375
5266 2860
5267 10070
5268 6744
5269 1216
5270 909
5271 9708
5272 486
5273 3794
5274 4061
5275 294
5276 3741
5277 1362
5278 614
5279 990
5280 20503
5281 9764
5282 6924
5283 5655
5284 4285
5285 3796
5286 9527
5287 7614
5288 1617
5289 1778
5290 5761
5291 3658
5292 11833
5293 1039
5294 13150
5295 34
5296 290
5297 5968
5298 88
5299 7736
5300 7339
5301 7901
5302 2683
5303 4349
5304 7984
5305 7157
5306 7290
5307 3023
5308 22
5309 2493
5310 4216
5311 108
5312 918
5313 564
5314 523
5315 1892
5316 3316
5317 15312
5318 5129
5319 4358
5320 2149
5321 8306
5322 3920
5323 2972
5324 2037
5325 4806
5326 2968
5327 3780
5328 19
5329 6771
5330 9880
5331 8821
5332 2220
5333 4909
5334 7875
5335 10177
5336 2251
5337 17711
5338 1818
5339 1120
5340 2156
5341 6875
5342 2533
5343 3235
5344 5797
5345 9900
5346 8590
5347 20510
5348 2480
5349 5048
5350 5766
5351 8260
5352 4659
5353 7962
5354 6717
5355 7446
5356 5000
5357 5807
5358 3719
5359 471
5360 856
5361 5050
5362 9876
5363 1032
5364 10167
5365 18338
5366 6221
5367 6620
5368 3748
5369 12833
5370 4274
5371 3762
5372 2410
5373 4072
5374 2138
5375 11091
5376 11669
5377 6872
5378 3106
5379 2276
5380 8579
5381 595
5382 422
5383 9443
5384 6773
5385 2048
5386 10923
5387 2744
5388 4297
5389 4863
5390 4093
5391 12750
5392 5836
5393 2273
5394 8507
5395 6312
5396 6931
5397 2903
5398 7952
5399 1006
5400 2188
5401 4744
5402 3985
5403 11286
5404 4804
5405 6042
5406 10552
5407 4425
5408 2831
5409 973
5410 8887
5411 1476
5412 1631
5413 7639
5414 564
5415 11666
5416 2625
5417 4286
5418 7647
5419 14609
5420 681
5421 5358
5422 991
5423 2094
5424 13333
5425 11089
5426 7948
5427 1171
5428 5554
5429 1498
5430 4238
5431 6557
5432 11912
5433 12193
5434 7510
5435 7768
5436 3636
5437 5961
5438 3354
5439 797
5440 627
5441 6819
5442 8322
5443 988
5444 1746
5445 15377
5446 2792
5447 7971
5448 11990
5449 4924
5450 2391
5451 18362
5452 1641
5453 3703
5454 4782
5455 889
5456 10950
5457 674
5458 2526
5459 9475
5460 3901
5461 5804
5462 2211
5463 6962
5464 4428
5465 5856
5466 7241
5467 12246
5468 9772
5469 10968
5470 446
5471 4892
5472 2084
5473 5287
5474 2237
5475 4120
5476 1745
5477 3558
5478 6044
5479 7755
5480 3348
5481 3447
5482 1082
5483 976
5484 7157
5485 9180
5486 4625
5487 5571
5488 1449
5489 11168
5490 3672
5491 4964
5492 10381
5493 496
5494 15797
5495 6292
5496 4441
5497 5597
5498 1955
5499 23033
5500 3176
5501 4856
5502 3491
5503 1173
5504 5835
5505 5598
5506 6748
5507 6046
5508 2385
5509 672
5510 4777
5511 6436
5512 4861
5513 513
5514 4249
5515 922
5516 6629
5517 1972
5518 3148
5519 6888
5520 653
5521 10442
5522 1836
5523 2527
5524 12783
5525 3935
5526 10310
5527 6900
5528 6099
5529 2907
5530 2349
5531 3958
5532 3560
5533 7964
5534 6950
5535 5042
5536 5049
5537 8834
5538 1439
5539 2088
5540 1813
5541 1610
5542 3345
5543 2509
5544 8321
5545 3034
5546 1757
5547 10851
5548 640
5549 4346
5550 10510
5551 2935
5552 5366
5553 2711
5554 12351
5555 8682
5556 13077
5557 9080
5558 4457
5559 3358
5560 589
5561 7534
5562 2300
5563 721
5564 2414
5565 5296
5566 7139
5567 1455
5568 10201
5569 13341
5570 1832
5571 12365
5572 6794
5573 7470
5574 8885
5575 1212
5576 457
5577 6573
5578 5416
5579 1518
5580 5153
5581 6651
5582 272
5583 8172
5584 5463
5585 8926
5586 16988
5587 3010
5588 1196
5589 8719
5590 205
5591 7596
5592 1289
5593 2176
5594 5193
5595 3562
5596 5894
5597 6281
5598 8788
5599 2645
5600 1478
5601 5958
5602 2082
5603 5123
5604 6031
5605 1808
5606 3788
5607 8653
5608 3929
5609 3516
5610 5929
5611 4464
5612 4852
5613 2791
5614 6814
5615 10458
5616 7605
5617 1734
5618 2555
5619 5757
5620 83
5621 2065
5622 6191
5623 7566
5624 9732
5625 3654
5626 2525
5627 3421
5628 10608
5629 7890
5630 10648
5631 7301
5632 525
5633 51
5634 14396
5635 464
5636 2019
5637 5786
5638 10654
5639 4433
5640 5336
5641 3613
5642 2366
5643 8796
5644 4316
5645 5021
5646 4528
5647 2548
5648 8906
5649 5618
5650 4771
5651 4645
5652 8005
5653 6077
5654 12213
5655 7543
5656 2705
5657 10888
5658 230
5659 3890
5660 3707
5661 16066
5662 10156
5663 8770
5664 11700
5665 10555
5666 6576
5667 6596
5668 1093
5669 2421
5670 119
5671 8733
5672 1560
5673 8069
5674 1868
5675 5421
5676 1954
5677 1478
5678 10998
5679 7650
5680 15641
5681 4934
5682 8611
5683 9571
5684 7851
5685 1912
5686 3858
5687 6359
5688 268
5689 1550
5690 15833
5691 11495
5692 9492
5693 6780
5694 4871
5695 14258
5696 6672
5697 73
5698 6088
5699 1116
5700 1536
5701 4300
5702 11176
5703 12338
5704 6903
5705 13353
5706 2201
5707 6349
5708 6034
5709 3686
5710 12106
5711 8443
5712 7702
5713 1842
5714 4037
5715 4756
5716 10426
5717 9990
5718 3581
5719 4228
5720 5943
5721 4130
5722 1006
5723 3068
5724 5652
5725 71
5726 8504
5727 6920
5728 8814
5729 8236
5730 1529
5731 7329
5732 2565
5733 2847
5734 3889
5735 2033
5736 12106
5737 11634
5738 4622
5739 125
5740 7015
5741 1784
5742 6512
5743 5295
5744 9264
5745 2831
5746 1419
5747 10193
5748 4619
5749 517
5750 2543
5751 1952
5752 6460
5753 5462
5754 14804
5755 2729
5756 3852
5757 13291
5758 14119
5759 17329
5760 920
5761 5649
5762 2874
5763 12801
5764 4135
5765 10131
5766 6611
5767 1511
5768 8791
5769 5228
5770 8477
5771 6054
5772 6018
5773 1600
5774 3288
5775 1225
5776 8553
5777 7109
5778 3324
5779 11215
5780 3107
5781 2148
5782 18816
5783 2882
5784 18722
5785 4316
5786 6004
5787 5279
5788 3087
5789 8117
5790 8779
5791 7947
5792 8745
5793 10370
5794 7298
5795 7376
5796 20939
5797 18091
5798 8190
5799 2065
5800 1166
5801 1780
5802 3519
5803 9885
5804 19364
5805 8328
5806 953
5807 8561
5808 7530
5809 4235
5810 4343
5811 14809
5812 14319
5813 4788
5814 3970
5815 206
5816 9637
5817 1128
5818 5068
5819 9118
5820 4063
5821 1531
5822 4622
5823 2020
5824 16790
5825 9676
5826 8153
5827 1192
5828 10585
5829 8402
5830 8280
5831 4958
5832 2484
5833 6177
5834 10366
5835 7347
5836 6770
5837 11571
5838 15691
5839 1542
5840 14226
5841 6563
5842 6238
5843 7791
5844 1520
5845 6864
5846 13842
5847 12527
5848 1652
5849 3621
5850 20019
5851 2278
5852 6919
5853 3096
5854 14310
5855 3537
5856 13005
5857 3498
5858 10221
5859 3009
5860 4605
5861 10526
5862 1776
5863 3988
5864 6277
5865 4305
5866 13056
5867 5961
5868 534
5869 147
5870 13953
5871 6200
5872 277
5873 3122
5874 6355
5875 6471
5876 5256
5877 5856
5878 45
5879 1207
5880 7109
5881 6498
5882 5968
5883 16291
5884 127
5885 2026
5886 556
5887 3873
5888 9575
5889 8242
5890 11842
5891 6656
5892 15947
5893 11897
5894 16861
5895 52
5896 1736
5897 7441
5898 10208
5899 5025
5900 11195
5901 1678
5902 3850
5903 8434
5904 5048
5905 6785
5906 8142
5907 2775
5908 11669
5909 5144
5910 7837
5911 6387
5912 2369
5913 381
5914 10979
5915 12872
5916 7497
5917 4325
5918 2437
5919 776
5920 751
5921 1978
5922 607
5923 9498
5924 7138
5925 4413
5926 5466
5927 5309
5928 4158
5929 19110
5930 8223
5931 3980
5932 10493
5933 7121
5934 12545
5935 5895
5936 5445
5937 9131
5938 144
5939 7943
5940 1771
5941 6220
5942 4966
5943 12342
5944 91
5945 6090
5946 1238
5947 6055
5948 3914
5949 7209
5950 119
5951 210
5952 19267
5953 8171
5954 686
5955 4907
5956 9167
5957 9313
5958 7425
5959 8371
5960 9570
5961 21957
5962 3915
5963 1102
5964 12714
5965 2004
5966 5678
5967 5606
5968 22826
5969 2339
5970 6801
5971 4403
5972 15577
5973 12463
5974 11125
5975 10640
5976 6081
5977 920
5978 14991
5979 15167
5980 4163
5981 15351
5982 8600
5983 1872
5984 5145
5985 2450
5986 8352
5987 14673
5988 10301
5989 9779
5990 6628
5991 6561
5992 372
5993 10225
5994 4515
5995 6420
5996 10891
5997 1597
5998 1623
5999 6879
6000 3636
6001 2147
6002 4848
6003 2109
6004 13228
6005 5644
6006 3039
6007 8869
6008 8154
6009 3152
6010 10852
6011 14976
6012 2944
6013 9111
6014 2425
6015 2728
6016 10923
6017 3404
6018 5790
6019 2822
6020 4953
6021 14154
6022 4566
6023 4262
6024 11120
6025 1663
6026 11148
6027 4612
6028 2271
6029 3552
6030 211
6031 14404
6032 16084
6033 11107
6034 10762
6035 11905
6036 7805
6037 9285
6038 3132
6039 2962
6040 2769
6041 4954
6042 15725
6043 10524
6044 13633
6045 5958
6046 10573
6047 8327
6048 4549
6049 1165
6050 9168
6051 2079
6052 7839
6053 3043
6054 5915
6055 11920
6056 11504
6057 7401
6058 11755
6059 18654
6060 4060
6061 7134
6062 6026
6063 4678
6064 990
6065 537
6066 510
6067 10623
6068 3649
6069 12457
6070 1913
6071 11069
6072 9036
6073 5973
6074 2725
6075 5020
6076 10114
6077 7331
6078 1225
6079 10594
6080 7541
6081 13896
6082 13010
6083 1953
6084 13414
6085 3402
6086 5660
6087 5333
6088 18179
6089 2837
6090 13442
6091 4002
6092 13143
6093 2820
6094 6756
6095 9061
6096 2020
6097 3464
6098 8187
6099 16271
6100 1925
6101 18244
6102 3032
6103 5162
6104 3020
6105 3868
6106 6892
6107 3564
6108 12307
6109 1381
6110 3835
6111 2551
6112 6407
6113 7206
6114 19100
6115 3255
6116 2474
6117 11661
6118 5162
6119 6050
6120 1783
6121 4452
6122 9384
6123 4056
6124 7203
6125 4565
6126 694
6127 2263
6128 8541
6129 2207
6130 7941
6131 9946
6132 4759
6133 7811
6134 1423
6135 5682
6136 1079
6137 10649
6138 5572
6139 3534
6140 4168
6141 5115
6142 13365
6143 2254
6144 7307
6145 11480
6146 5348
6147 8113
6148 1046
6149 18599
6150 1578
6151 51
6152 8348
6153 5013
6154 957
6155 9275
6156 2825
6157 14481
6158 1951
6159 2625
6160 4825
6161 7082
6162 7262
6163 6977
6164 7542
6165 3510
6166 122
6167 507
6168 1021
6169 6773
6170 2421
6171 8643
6172 2460
6173 6096
6174 1546
6175 337
6176 8671
6177 12577
6178 3365
6179 6918
6180 6930
6181 11123
6182 3154
6183 4195
6184 10818
6185 16353
6186 811
6187 6426
6188 14582
6189 318
6190 2240
6191 15122
6192 4807
6193 223
6194 1146
6195 4230
6196 7801
6197 3037
6198 3896
6199 9869
6200 9119
6201 8596
6202 15057
6203 1552
6204 6769
6205 892
6206 10344
6207 6599
6208 2784
6209 9359
6210 1769
6211 3091
6212 10088
6213 8231
6214 1323
6215 2779
6216 10019
6217 6813
6218 8630
6219 2090
6220 9605
6221 9138
6222 11814
6223 4409
6224 12427
6225 435
6226 1466
6227 276
6228 11820
6229 14398
6230 17550
6231 10053
6232 1536
6233 1444
6234 17127
6235 1725
6236 7869
6237 4505
6238 9276
6239 11977
6240 45
6241 8169
6242 7780
6243 1271
6244 8395
6245 9504
6246 5376
6247 1969
6248 446
6249 10532
6250 3714
6251 14468
6252 1076
6253 1449
6254 5825
6255 11111
6256 4036
6257 6662
6258 10604
6259 10431
6260 5737
6261 12420
6262 3779
6263 4677
6264 3008
6265 7540
6266 11132
6267 2983
6268 3755
6269 10649
6270 1244
6271 7684
6272 8534
6273 7701
6274 13346
6275 1813
6276 1407
6277 6893
6278 9155
6279 3969
6280 2648
6281 7323
6282 2458
6283 3212
6284 10679
6285 22674
6286 2677
6287 9396
6288 9537
6289 3617
6290 4861
6291 5885
6292 11669
6293 8324
6294 15937
6295 7440
6296 7046
6297 9734
6298 3338
6299 4656
6300 402
6301 13956
6302 1671
6303 1443
6304 5796
6305 1743
6306 5232
6307 4594
6308 4119
6309 3773
6310 2531
6311 6081
6312 6040
6313 5982
6314 5931
6315 383
6316 352
6317 10202
6318 10955
6319 6330
6320 4524
6321 10652
6322 5130
6323 6822
6324 1623
6325 2118
6326 1512
6327 4062
6328 4376
6329 9821
6330 17712
6331 8440
6332 10211
6333 9111
6334 4509
6335 731
6336 6340
6337 4340
6338 7010
6339 1228
6340 11593
6341 1471
6342 6915
6343 5838
6344 9665
6345 2861
6346 13198
6347 7401
6348 869
6349 7767
6350 5885
6351 1253
6352 9119
6353 3536
6354 511
6355 12542
6356 10050
6357 4180
6358 3943
6359 9156
6360 9047
6361 375
6362 1434
6363 7969
6364 17703
6365 5879
6366 7158
6367 885
6368 23
6369 2080
6370 9635
6371 6972
6372 2442
6373 7085
6374 7150
6375 5035
6376 1135
6377 5271
6378 3132
6379 2707
6380 295
6381 3333
6382 13344
6383 8308
6384 3271
6385 1710
6386 14388
6387 8769
6388 15509
6389 2129
6390 582
6391 7357
6392 530
6393 5540
6394 5653
6395 10523
6396 16889
6397 10029
6398 3565
6399 11399
6400 14260
6401 8315
6402 15958
6403 10159
6404 8482
6405 9073
6406 5600
6407 8607
6408 380
6409 243
6410 4737
6411 7743
6412 4002
6413 15439
6414 983
6415 5465
6416 12164
6417 8517
6418 6117
6419 13211
6420 9545
6421 10392
6422 4640
6423 5537
6424 2858
6425 7565
6426 8510
6427 6868
6428 2584
6429 281
6430 9636
6431 11353
6432 17698
6433 6803
6434 1132
6435 4336
6436 9053
6437 6785
6438 5924
6439 10637
6440 4802
6441 2080
6442 11761
6443 6544
6444 3677
6445 4358
6446 10175
6447 10760
6448 9002
6449 11020
6450 4776
6451 1342
6452 6774
6453 10395
6454 1093
6455 1686
6456 5385
6457 9184
6458 8099
6459 14563
6460 8013
6461 4447
6462 1431
6463 1632
6464 16948
6465 8209
6466 1995
6467 11447
6468 5276
6469 6582
6470 9155
6471 15040
6472 1098
6473 2627
6474 5348
6475 4800
6476 7789
6477 5121
6478 5431
6479 4451
6480 6895
6481 4016
6482 4527
6483 4458
6484 1223
6485 15497
6486 352
6487 15055
6488 2596
6489 2758
6490 10301
6491 2670
6492 3804
6493 1386
6494 1027
6495 6485
6496 4948
6497 11689
6498 7856
6499 2385
6500 7228
6501 3869
6502 3862
6503 12235
6504 5048
6505 12304
6506 2240
6507 16466
6508 15590
6509 5833
6510 4549
6511 7723
6512 20487
6513 757
6514 7658
6515 1248
6516 1097
6517 2424
6518 8497
6519 8634
6520 1732
6521 3028
6522 9180
6523 2908
6524 4471
6525 2564
6526 6055
6527 4871
6528 1564
6529 15790
6530 4882
6531 8137
6532 5958
6533 7071
6534 4416
6535 3287
6536 18099
6537 2768
6538 9059
6539 3583
6540 2724
6541 11726
6542 10590
6543 7122
6544 7680
6545 14775
6546 3876
6547 17452
6548 6183
6549 5885
6550 892
6551 4127
6552 687
6553 7345
6554 5661
6555 11205
6556 6166
6557 6161
6558 9552
6559 10430
6560 5766
6561 12347
6562 2813
6563 9035
6564 19814
6565 8785
6566 4045
6567 775
6568 167
6569 1165
6570 6234
6571 689
6572 6616
6573 12451
6574 5085
6575 8750
6576 16287
6577 6769
6578 12303
6579 5763
6580 6279
6581 402
6582 8984
6583 3140
6584 13447
6585 6618
6586 10464
6587 9732
6588 10887
6589 47
6590 8216
6591 2844
6592 9749
6593 370
6594 4760
6595 4552
6596 15664
6597 16361
6598 21138
6599 13784
6600 4835
6601 9957
6602 7757
6603 12158
6604 6699
6605 8165
6606 5896
6607 5928
6608 3866
6609 2167
6610 5336
6611 18697
6612 5522
6613 22
6614 6671
6615 2100
6616 10180
6617 8138
6618 8173
6619 2219
6620 15615
6621 6941
6622 4954
6623 2288
6624 9400
6625 2693
6626 1437
6627 5583
6628 9005
6629 8616
6630 5085
6631 5532
6632 425
6633 7816
6634 7158
6635 14836
6636 13480
6637 9944
6638 5748
6639 9450
6640 11715
6641 3423
6642 669
6643 713
6644 7848
6645 5705
6646 10503
6647 3039
6648 6003
6649 1722
6650 7239
6651 6366
6652 6522
6653 1793
6654 6898
6655 8724
6656 16027
6657 16257
6658 1461
6659 244
6660 8779
6661 677
6662 8102
6663 2544
6664 10094
6665 11844
6666 478
6667 1259
6668 17906
6669 5902
6670 8406
6671 18211
6672 8022
6673 1174
6674 12025
6675 9866
6676 14504
6677 5391
6678 795
6679 3512
6680 14457
6681 1629
6682 1092
6683 5384
6684 366
6685 10319
6686 10123
6687 11432
6688 9972
6689 5224
6690 524
6691 6465
6692 1790
6693 6568
6694 12309
6695 10665
6696 1112
6697 2611
6698 14438
6699 10677
6700 3269
6701 209
6702 19458
6703 8622
6704 5760
6705 3636
6706 3089
6707 2593
6708 4651
6709 3930
6710 6748
6711 1636
6712 5934
6713 1848
6714 2056
6715 4671
6716 6297
6717 7995
6718 8412
6719 4792
6720 1425
6721 6568
6722 3081
6723 5862
6724 5106
6725 7691
6726 78
6727 3758
6728 16608
6729 12757
6730 10429
6731 9969
6732 205
6733 10854
6734 5009
6735 10857
6736 11215
6737 2626
6738 4317
6739 3391
6740 7543
6741 4233
6742 265
6743 8255
6744 8815
6745 2411
6746 5263
6747 6661
6748 25834
6749 4192
6750 11000
6751 7073
6752 7534
6753 6589
6754 1850
6755 357
6756 6712
6757 7292
6758 1674
6759 9037
6760 11058
6761 11153
6762 2634
6763 5285
6764 8931
6765 933
6766 14154
6767 10175
6768 4533
6769 21066
6770 14497
6771 13062
6772 1548
6773 14971
6774 13457
6775 8473
6776 6390
6777 2390
6778 5384
6779 11132
6780 14521
6781 1845
6782 1233
6783 147
6784 17361
6785 13662
6786 11673
6787 12625
6788 13231
6789 16893
6790 3226
6791 1994
6792 11746
6793 6104
6794 13668
6795 4503
6796 11041
6797 16730
6798 304
6799 7276
6800 7237
6801 9519
6802 12966
6803 6541
6804 21930
6805 4052
6806 2263
6807 1468
6808 4925
6809 10821
6810 9669
6811 5044
6812 1666
6813 8767
6814 6551
6815 13649
6816 5405
6817 14972
6818 3393
6819 10296
6820 12104
6821 10749
6822 13143
6823 11029
6824 9124
6825 404
6826 5806
6827 4678
6828 1255
6829 1591
6830 5565
6831 7191
6832 9761
6833 1586
6834 7649
6835 13989
6836 2265
6837 5293
6838 9377
6839 2105
6840 5626
6841 13486
6842 291
6843 9710
6844 15880
6845 4540
6846 10067
6847 809
6848 7582
6849 3795
6850 9306
6851 2926
6852 16127
6853 4366
6854 6495
6855 8659
6856 1548
6857 11943
6858 7131
6859 4062
6860 5969
6861 7703
6862 819
6863 7678
6864 9337
6865 7907
6866 5165
6867 8046
6868 9264
6869 7705
6870 2580
6871 83
6872 12321
6873 783
6874 19671
6875 15282
6876 9025
6877 9771
6878 2492
6879 6080
6880 4231
6881 9594
6882 8174
6883 8926
6884 1801
6885 3805
6886 976
6887 7005
6888 10622
6889 7735
6890 3250
6891 5403
6892 7454
6893 11590
6894 2063
6895 19829
6896 7788
6897 7364
6898 20059
6899 2550
6900 6974
6901 4423
6902 13793
6903 16335
6904 1387
6905 8644
6906 7634
6907 5388
6908 2493
6909 15765
6910 12461
6911 8303
6912 3709
6913 3379
6914 3334
6915 13356
6916 4049
6917 12634
6918 16751
6919 9529
6920 7997
6921 3506
6922 9383
6923 2424
6924 9772
6925 8953
6926 6558
6927 5901
6928 7796
6929 4930
6930 27399
6931 8841
6932 8832
6933 7995
6934 2211
6935 17160
6936 6429
6937 13109
6938 6342
6939 8742
6940 4281
6941 10973
6942 11964
6943 4274
6944 974
6945 9815
6946 6581
6947 5315
6948 614
6949 11476
6950 10922
6951 1497
6952 388
6953 2227
6954 8533
6955 603
6956 4042
6957 6902
6958 3416
6959 2523
6960 7409
6961 2902
6962 18661
6963 11392
6964 11360
6965 10273
6966 8696
6967 2864
6968 10216
6969 6843
6970 808
6971 2598
6972 19858
6973 953
6974 11491
6975 7370
6976 1345
6977 12079
6978 6352
6979 5712
6980 4640
6981 12142
6982 807
6983 14285
6984 1711
6985 5906
6986 945
6987 2918
6988 5182
6989 13931
6990 13800
6991 9114
6992 2271
6993 6514
6994 184
6995 9012
6996 5977
6997 9881
6998 1643
6999 703
7000 7622
7001 11149
7002 1993
7003 6614
7004 3991
7005 10398
7006 5684
7007 10397
7008 13537
7009 14373
7010 12599
7011 2055
7012 4633
7013 5929
7014 7677
7015 12149
7016 9171
7017 12819
7018 2637
7019 11937
7020 2916
7021 4619
7022 6929
7023 8648
7024 63
7025 6124
7026 6625
7027 4952
7028 6301
7029 10441
7030 7103
7031 8877
7032 253
7033 2651
7034 454
7035 1247
7036 12206
7037 10880
7038 13533
7039 1922
7040 10815
7041 3607
7042 5450
7043 13194
7044 4569
7045 2297
7046 10797
7047 835
7048 3673
7049 16369
7050 11675
7051 12112
7052 11175
7053 199
7054 7970
7055 7418
7056 2609
7057 17312
7058 9272
7059 3717
7060 9875
7061 8393
7062 8349
7063 2642
7064 8319
7065 13274
7066 8979
7067 12644
7068 620
7069 5089
7070 5502
7071 8015
7072 9437
7073 20256
7074 1395
7075 1692
7076 7509
7077 7537
7078 10286
7079 1206
7080 661
7081 7634
7082 8955
7083 6954
7084 10852
7085 7798
7086 15349
7087 14619
7088 6116
7089 2904
7090 10947
7091 10672
7092 5381
7093 10894
7094 7460
7095 5508
7096 8906
7097 12086
7098 2891
7099 6129
7100 12799
7101 8753
7102 11433
7103 12352
7104 11450
7105 9654
7106 1507
7107 7997
7108 1976
7109 13368
7110 5149
7111 12260
7112 14014
7113 986
7114 7417
7115 4117
7116 11293
7117 4571
7118 1295
7119 6320
7120 1535
7121 18553
7122 7549
7123 2445
7124 4969
7125 6755
7126 2469
7127 3861
7128 13425
7129 3373
7130 5772
7131 12679
7132 740
7133 10751
7134 8276
7135 6734
7136 6959
7137 813
7138 14325
7139 7795
7140 424
7141 6997
7142 2869
7143 7295
7144 8515
7145 4722
7146 5187
7147 6706
7148 3428
7149 15195
7150 7067
7151 9671
7152 5690
7153 5275
7154 15396
7155 13179
7156 7213
7157 17024
7158 14422
7159 11834
7160 6077
7161 2127
7162 5043
7163 10833
7164 16534
7165 7217
7166 4533
7167 7824
7168 798
7169 9546
7170 1537
7171 1317
7172 2195
7173 1092
7174 7217
7175 7713
7176 3130
7177 4393
7178 13917
7179 9662
7180 2537
7181 1084
7182 4057
7183 12006
7184 14457
7185 17753
7186 9842
7187 10728
7188 396
7189 16149
7190 12521
7191 10554
7192 5352
7193 11338
7194 7345
7195 3
7196 6545
7197 4940
7198 7614
7199 1442
7200 8144
7201 1753
7202 5111
7203 14118
7204 5294
7205 5003
7206 8159
7207 5767
7208 1657
7209 13116
7210 1523
7211 3688
7212 5329
7213 15803
7214 25718
7215 18102
7216 11085
7217 30702
7218 5609
7219 3239
7220 7952
7221 6827
7222 4601
7223 15257
7224 8576
7225 12297
7226 1860
7227 6278
7228 17280
7229 7915
7230 3540
7231 12011
7232 12320
7233 4733
7234 1707
7235 13162
7236 17864
7237 11124
7238 4458
7239 18955
7240 10409
7241 9220
7242 5093
7243 289
7244 5902
7245 7540
7246 5074
7247 3026
7248 883
7249 2278
7250 1026
7251 25
7252 27035
7253 8927
7254 6436
7255 692
7256 4040
7257 16921
7258 4806
7259 11956
7260 6752
7261 433
7262 10369
7263 5110
7264 9342
7265 6215
7266 1010
7267 5042
7268 5047
7269 6037
7270 6582
7271 674
7272 8404
7273 8295
7274 3834
7275 9417
7276 17339
7277 15940
7278 9867
7279 10056
7280 13382
7281 7666
7282 2177
7283 9537
7284 1416
7285 12184
7286 6151
7287 5096
7288 629
7289 5170
7290 6603
7291 4132
7292 10838
7293 19407
7294 2297
7295 15466
7296 7075
7297 8588
7298 6206
7299 2264
7300 1298
7301 11027
7302 8813
7303 15144
7304 7509
7305 9656
7306 2524
7307 10072
7308 1384
7309 3386
7310 5317
7311 13956
7312 286
7313 5932
7314 89
7315 6096
7316 3923
7317 4145
7318 3985
7319 1851
7320 12572
7321 7489
7322 8808
7323 16417
7324 3512
7325 79
7326 7774
7327 5920
7328 15893
7329 15761
7330 11261
7331 17427
7332 4061
7333 17980
7334 6700
7335 11892
7336 3202
7337 1791
7338 9526
7339 8498
7340 14519
7341 2904
7342 13510
7343 7623
7344 8847
7345 13763
7346 7687
7347 13147
7348 3494
7349 2741
7350 7112
7351 11320
7352 17899
7353 14165
7354 6418
7355 941
7356 10095
7357 13041
7358 12984
7359 14365
7360 3304
7361 6117
7362 11053
7363 11553
7364 23277
7365 299
7366 11979
7367 5151
7368 2131
7369 1931
7370 11046
7371 1204
7372 9666
7373 15259
7374 2739
7375 11238
7376 7328
7377 5769
7378 3560
7379 903
7380 10659
7381 6152
7382 6272
7383 9444
7384 2834
7385 1753
7386 1069
7387 4473
7388 7912
7389 265
7390 4402
7391 1466
7392 9179
7393 1902
7394 1317
7395 3002
7396 4437
7397 13296
7398 2204
7399 3625
7400 3944
7401 20118
7402 9133
7403 11177
7404 14077
7405 1571
7406 10314
7407 4621
7408 2003
7409 20799
7410 6255
7411 16540
7412 8646
7413 7827
7414 1200
7415 3339
7416 3665
7417 11454
7418 15264
7419 6585
7420 4805
7421 817
7422 635
7423 6236
7424 5691
7425 11181
7426 11673
7427 2743
7428 5842
7429 8163
7430 3368
7431 3383
7432 261
7433 6268
7434 370
7435 4806
7436 1038
7437 3434
7438 2807
7439 8743
7440 13827
7441 13656
7442 12126
7443 6443
7444 7631
7445 10898
7446 9048
7447 3645
7448 4243
7449 14728
7450 14496
7451 12109
7452 423
7453 8488
7454 14110
7455 13031
7456 5432
7457 5073
7458 84
7459 5945
7460 13877
7461 608
7462 2194
7463 8999
7464 5507
7465 13900
7466 3439
7467 317
7468 10923
7469 16068
7470 12726
7471 3297
7472 5969
7473 7902
7474 3633
7475 8578
7476 5212
7477 2374
7478 4705
7479 3373
7480 6148
7481 196
7482 7051
7483 3675
7484 4350
7485 11029
7486 6587
7487 4792
7488 7342
7489 13290
7490 13302
7491 8620
7492 3451
7493 3549
7494 5915
7495 101
7496 14131
7497 12939
7498 5679
7499 3613
7500 13708
7501 6713
7502 6169
7503 8328
7504 3844
7505 678
7506 6706
7507 2141
7508 6906
7509 15928
7510 14824
7511 11455
7512 16564
7513 1224
7514 15096
7515 8565
7516 3661
7517 12895
7518 727
7519 7640
7520 1369
7521 16414
7522 5016
7523 496
7524 12110
7525 7179
7526 1844
7527 459
7528 10170
7529 3665
7530 7180
7531 8406
7532 23998
7533 7412
7534 19512
7535 4318
7536 999
7537 22383
7538 7073
7539 3061
7540 18332
7541 16617
7542 23474
7543 17048
7544 4837
7545 1353
7546 1436
7547 14471
7548 8657
7549 14950
7550 3807
7551 5529
7552 5884
7553 16024
7554 7981
7555 9103
7556 12274
7557 15553
7558 8846
7559 10502
7560 2047
7561 2091
7562 18909
7563 1701
7564 7468
7565 7993
7566 15836
7567 9315
7568 12341
7569 874
7570 8345
7571 15583
7572 11097
7573 1128
7574 7097
7575 13267
7576 2669
7577 903
7578 3364
7579 8603
7580 222
7581 13396
7582 17678
7583 3750
7584 10562
7585 13242
7586 4484
7587 15435
7588 8229
7589 12940
7590 5666
7591 138
7592 5163
7593 6619
7594 7783
7595 2297
7596 16827
7597 10084
7598 14464
7599 2576
7600 2522
7601 12030
7602 1736
7603 9175
7604 10753
7605 12088
7606 1321
7607 4781
7608 9980
7609 2401
7610 458
7611 1732
7612 75
7613 16167
7614 13984
7615 7356
7616 667
7617 721
7618 7377
7619 3653
7620 466
7621 7604
7622 8592
7623 11970
7624 172
7625 9650
7626 14713
7627 10054
7628 3932
7629 5463
7630 18690
7631 9476
7632 10275
7633 8773
7634 22179
7635 1222
7636 825
7637 5686
7638 17211
7639 9311
7640 12179
7641 6558
7642 3614
7643 9878
7644 546
7645 1960
7646 8996
7647 14807
7648 6385
7649 17520
7650 12386
7651 2858
7652 3928
7653 2776
7654 13853
7655 19330
7656 21320
7657 7342
7658 11374
7659 2838
7660 3979
7661 12224
7662 2008
7663 1213
7664 13636
7665 13120
7666 16970
7667 4332
7668 9966
7669 2812
7670 5509
7671 7103
7672 5289
7673 17060
7674 9356
7675 773
7676 6384
7677 24367
7678 16877
7679 7298
7680 10872
7681 16235
7682 2877
7683 11456
7684 14356
7685 998
7686 10357
7687 18288
7688 18943
7689 9521
7690 850
7691 9220
7692 7789
7693 17560
7694 10060
7695 5143
7696 11835
7697 5627
7698 7374
7699 4279
7700 5643
7701 9603
7702 19543
7703 14544
7704 2336
7705 10559
7706 1991
7707 13011
7708 1056
7709 6311
7710 109
7711 12162
7712 10767
7713 16390
7714 2281
7715 6609
7716 11573
7717 4998
7718 110
7719 9046
7720 8876
7721 3330
7722 6899
7723 12462
7724 7402
7725 13548
7726 1150
7727 9716
7728 7897
7729 18468
7730 1916
7731 4593
7732 5673
7733 5499
7734 7729
7735 12239
7736 11921
7737 8419
7738 2000
7739 8873
7740 8820
7741 16542
7742 9725
7743 6645
7744 5675
7745 6617
7746 8038
7747 1324
7748 1407
7749 3295
7750 299
7751 234
7752 5163
7753 1612
7754 5275
7755 13371
7756 8284
7757 13653
7758 7910
7759 4191
7760 3194
7761 6949
7762 6292
7763 15203
7764 461
7765 2442
7766 5514
7767 18955
7768 21299
7769 9911
7770 2117
7771 5755
7772 12393
7773 2242
7774 19452
7775 831
7776 10293
7777 13135
7778 10181
7779 2592
7780 9027
7781 221
7782 20441
7783 16864
7784 7690
7785 615
7786 218
7787 6607
7788 14237
7789 24725
7790 2939
7791 12182
7792 1800
7793 6635
7794 1959
7795 14749
7796 26793
7797 7494
7798 9879
7799 5612
7800 9557
7801 13596
7802 21797
7803 5085
7804 17635
7805 13088
7806 2909
7807 6159
7808 7158
7809 3174
7810 2342
7811 17806
7812 12011
7813 3419
7814 5095
7815 12659
7816 10654
7817 6672
7818 4427
7819 10612
7820 2734
7821 1583
7822 391
7823 1763
7824 7284
7825 12021
7826 1874
7827 14561
7828 20299
7829 2954
7830 8297
7831 9360
7832 60
7833 2043
7834 9234
7835 3145
7836 1634
7837 6298
7838 9887
7839 6961
7840 8422
7841 15471
7842 957
7843 8673
7844 7271
7845 1520
7846 17286
7847 8964
7848 14276
7849 5612
7850 1332
7851 9626
7852 1554
7853 2236
7854 9099
7855 7383
7856 17159
7857 4663
7858 633
7859 4938
7860 16453
7861 2231
7862 13532
7863 8541
7864 17142
7865 10607
7866 1169
7867 8985
7868 6957
7869 19406
7870 1213
7871 2398
7872 8510
7873 11667
7874 6018
7875 23475
7876 7435
7877 3173
7878 4605
7879 19651
7880 8748
7881 3028
7882 7791
7883 8759
7884 1756
7885 10209
7886 17193
7887 11696
7888 3866
7889 601
7890 10274
7891 3193
7892 14399
7893 13138
7894 9132
7895 5928
7896 12919
7897 11097
7898 7777
7899 9169
7900 8548
7901 13310
7902 7954
7903 6431
7904 232
7905 4596
7906 15373
7907 17505
7908 7883
7909 10578
7910 10004
7911 11311
7912 10203
7913 1641
7914 1214
7915 11222
7916 4860
7917 7834
7918 7938
7919 2007
7920 13064
7921 6014
7922 6425
7923 3058
7924 6721
7925 2314
7926 18484
7927 3718
7928 10602
7929 16652
7930 892
7931 7674
7932 3486
7933 5039
7934 1898
7935 4434
7936 14492
7937 2250
7938 17433
7939 1727
7940 8775
7941 12060
7942 12892
7943 10260
7944 5403
7945 10374
7946 10287
7947 24982
7948 10911
7949 7902
7950 8865
7951 4783
7952 16130
7953 400
7954 11288
7955 4882
7956 2278
7957 6123
7958 3623
7959 1529
7960 7758
7961 8099
7962 5910
7963 7969
7964 11266
7965 1065
7966 14078
7967 2181
7968 4080
7969 24414
7970 9905
7971 12095
7972 5175
7973 7014
7974 6979
7975 453
7976 6265
7977 4094
7978 8384
7979 13783
7980 7255
7981 13354
7982 15142
7983 8625
7984 13913
7985 14157
7986 12636
7987 820
7988 7391
7989 9842
7990 6004
7991 3503
7992 2485
7993 8775
7994 21
7995 18618
7996 20033
7997 22933
7998 6274
7999 7034
8000 792
8001 2401
8002 22165
8003 1160
8004 13064
8005 12282
8006 7984
8007 5460
8008 8414
8009 12116
8010 9564
8011 982
8012 14451
8013 10361
8014 3992
8015 23381
8016 3065
8017 1743
8018 2241
8019 7647
8020 716
8021 11823
8022 14204
8023 12555
8024 11914
8025 9239
8026 797
8027 10981
8028 41
8029 9004
8030 12758
8031 473
8032 1525
8033 4182
8034 7730
8035 7508
8036 12167
8037 1116
8038 13727
8039 11201
8040 4218
8041 5686
8042 7260
8043 4756
8044 4317
8045 423
8046 14611
8047 801
8048 9394
8049 13371
8050 17185
8051 5762
8052 15119
8053 9921
8054 2598
8055 2396
8056 1961
8057 12266
8058 10579
8059 523
8060 8720
8061 1150
8062 3978
8063 15495
8064 3122
8065 4609
8066 4406
8067 2997
8068 12580
8069 23201
8070 4205
8071 2106
8072 1581
8073 7794
8074 11373
8075 469
8076 928
8077 1304
8078 5200
8079 3834
8080 1038
8081 6022
8082 4057
8083 17393
8084 2785
8085 12279
8086 19301
8087 2428
8088 16820
8089 10642
8090 11085
8091 8360
8092 15731
8093 10057
8094 4113
8095 19149
8096 448
8097 5415
8098 11328
8099 31099
8100 5465
8101 16832
8102 12817
8103 2503
8104 12823
8105 4409
8106 7325
8107 4340
8108 437
8109 15097
8110 3131
8111 6575
8112 9244
8113 16736
8114 2053
8115 1495
8116 12676
8117 10152
8118 3312
8119 16155
8120 4104
8121 24354
8122 3566
8123 1855
8124 3754
8125 2598
8126 5406
8127 6204
8128 4153
8129 9402
8130 6158
8131 14849
8132 2139
8133 9131
8134 1387
8135 7775
8136 10772
8137 18867
8138 12286
8139 2605
8140 4397
8141 10186
8142 6156
8143 3348
8144 13800
8145 19874
8146 8804
8147 5685
8148 7651
8149 2737
8150 7718
8151 9667
8152 4225
8153 9700
8154 12600
8155 10586
8156 1811
8157 6953
8158 5405
8159 10789
8160 6182
8161 1451
8162 4178
8163 14216
8164 3044
8165 11704
8166 1772
8167 9789
8168 8340
8169 16997
8170 9846
8171 17624
8172 5691
8173 16826
8174 15167
8175 18150
8176 3595
8177 2714
8178 14482
8179 5475
8180 6964
8181 5168
8182 9547
8183 19801
8184 3644
8185 2913
8186 1252
8187 26891
8188 1102
8189 3335
8190 18858
8191 8286
8192 3485
8193 3938
8194 6510
8195 11074
8196 6880
8197 7381
8198 12174
8199 15019
8200 6015
8201 12231
8202 5440
8203 5112
8204 1162
8205 2237
8206 66
8207 7243
8208 4842
8209 21825
8210 4994
8211 13498
8212 3188
8213 23000
8214 4642
8215 979
8216 19918
8217 7661
8218 17837
8219 9343
8220 8295
8221 7234
8222 7002
8223 7599
8224 345
8225 12358
8226 4239
8227 2008
8228 3522
8229 8283
8230 8615
8231 9317
8232 7117
8233 2059
8234 9785
8235 5646
8236 13215
8237 5508
8238 13047
8239 11182
8240 327
8241 8154
8242 17239
8243 1099
8244 8647
8245 10457
8246 6473
8247 3213
8248 8822
8249 5954
8250 17742
8251 8172
8252 9955
8253 2835
8254 4168
8255 13545
8256 1049
8257 7595
8258 8472
8259 3410
8260 6046
8261 3168
8262 6609
8263 15473
8264 9427
8265 18143
8266 2044
8267 2422
8268 3352
8269 1442
8270 8976
8271 2419
8272 16103
8273 4773
8274 8733
8275 13634
8276 30037
8277 4422
8278 2716
8279 2601
8280 9139
8281 6227
8282 17463
8283 17389
8284 11121
8285 7695
8286 10030
8287 5567
8288 2075
8289 2514
8290 42
8291 11846
8292 483
8293 6225
8294 10731
8295 35326
8296 8403
8297 13758
8298 3283
8299 9970
8300 9920
8301 4354
8302 7799
8303 9470
8304 2884
8305 8974
8306 8309
8307 3951
8308 21230
8309 20464
8310 7063
8311 2948
8312 2274
8313 921
8314 8170
8315 7107
8316 8687
8317 7388
8318 7091
8319 15757
8320 7590
8321 23871
8322 15421
8323 5315
8324 21476
8325 1826
8326 8313
8327 12630
8328 15188
8329 7566
8330 10012
8331 6786
8332 14786
8333 5225
8334 10498
8335 9405
8336 7505
8337 5544
8338 8223
8339 6763
8340 8254
8341 4476
8342 6750
8343 6
8344 4629
8345 8355
8346 10015
8347 8681
8348 18866
8349 16256
8350 9753
8351 1083
8352 8816
8353 13830
8354 1342
8355 21935
8356 5654
8357 3990
8358 9702
8359 1301
8360 11544
8361 12436
8362 4408
8363 928
8364 6692
8365 3828
8366 5370
8367 7736
8368 3153
8369 11366
8370 9906
8371 12717
8372 1102
8373 7014
8374 6326
8375 4621
8376 5651
8377 4272
8378 7200
8379 10124
8380 5600
8381 87
8382 3093
8383 8465
8384 12760
8385 3334
8386 7383
8387 8186
8388 5895
8389 7989
8390 20919
8391 2450
8392 312
8393 8605
8394 15452
8395 11934
8396 9242
8397 11256
8398 5576
8399 7265
8400 14611
8401 663
8402 10311
8403 11435
8404 23163
8405 2954
8406 15126
8407 7462
8408 750
8409 5868
8410 6349
8411 5675
8412 10696
8413 13375
8414 8595
8415 396
8416 3615
8417 4376
8418 1125
8419 29244
8420 12206
8421 1434
8422 11387
8423 4270
8424 494
8425 3916
8426 6103
8427 2904
8428 11898
8429 3885
8430 14846
8431 1329
8432 18357
8433 6924
8434 10338
8435 6638
8436 8791
8437 12247
8438 7122
8439 8666
8440 8355
8441 6611
8442 7782
8443 23006
8444 7225
8445 5499
8446 12534
8447 5611
8448 16064
8449 21161
8450 4033
8451 3784
8452 1452
8453 1388
8454 6109
8455 22196
8456 7404
8457 1915
8458 7878
8459 1924
8460 10919
8461 14912
8462 10682
8463 8127
8464 985
8465 14329
8466 6046
8467 10522
8468 20950
8469 10316
8470 10046
8471 14058
8472 13880
8473 13756
8474 26131
8475 1541
8476 10731
8477 11502
8478 16019
8479 2337
8480 11520
8481 8416
8482 15752
8483 9195
8484 16230
8485 7655
8486 7697
8487 6287
8488 18815
8489 8372
8490 10685
8491 18498
8492 3829
8493 3903
8494 1417
8495 1424
8496 8409
8497 7197
8498 12082
8499 3547
8500 5748
8501 4195
8502 9207
8503 2347
8504 14747
8505 6412
8506 6948
8507 12551
8508 2073
8509 5718
8510 19558
8511 3660
8512 4589
8513 6194
8514 4298
8515 15279
8516 3752
8517 8634
8518 13110
8519 8627
8520 801
8521 7794
8522 8277
8523 3627
8524 7228
8525 6067
8526 8268
8527 10960
8528 6012
8529 3978
8530 772
8531 3835
8532 11083
8533 10389
8534 13064
8535 12008
8536 3403
8537 4580
8538 11605
8539 5162
8540 12214
8541 20456
8542 10012
8543 4245
8544 22497
8545 14078
8546 6094
8547 7403
8548 19702
8549 8081
8550 6858
8551 4131
8552 7099
8553 12603
8554 21643
8555 17534
8556 5790
8557 369
8558 1308
8559 5735
8560 2567
8561 20487
8562 4017
8563 6126
8564 1993
8565 28932
8566 7451
8567 9085
8568 12797
8569 19715
8570 5299
8571 4817
8572 63
8573 2755
8574 175
8575 12415
8576 18915
8577 1113
8578 27515
8579 21355
8580 9059
8581 3600
8582 8417
8583 5031
8584 8733
8585 10663
8586 2714
8587 2804
8588 8665
8589 135
8590 19230
8591 10875
8592 9483
8593 15997
8594 301
8595 13473
8596 8277
8597 6382
8598 9112
8599 10872
8600 6384
8601 3270
8602 3733
8603 9600
8604 17520
8605 14274
8606 8068
8607 10481
8608 10849
8609 3110
8610 2532
8611 6949
8612 6493
8613 7283
8614 7909
8615 14407
8616 6807
8617 6662
8618 9868
8619 11466
8620 8132
8621 13589
8622 8979
8623 9549
8624 741
8625 14731
8626 11204
8627 8616
8628 404
8629 5940
8630 14385
8631 8459
8632 15593
8633 8785
8634 17717
8635 12098
8636 11930
8637 27
8638 9297
8639 10065
8640 6244
8641 28648
8642 4159
8643 12647
8644 11183
8645 7040
8646 7982
8647 15647
8648 10367
8649 6995
8650 3122
8651 3174
8652 2365
8653 29836
8654 7114
8655 12141
8656 1614
8657 14632
8658 727
8659 9557
8660 5381
8661 4980
8662 11920
8663 21045
8664 12196
8665 20721
8666 22101
8667 2470
8668 5376
8669 10823
8670 2267
8671 8603
8672 2279
8673 17624
8674 6880
8675 6037
8676 17617
8677 11027
8678 1220
8679 1431
8680 6353
8681 13524
8682 20377
8683 13967
8684 4734
8685 18293
8686 9429
8687 13978
8688 19
8689 2099
8690 7257
8691 3184
8692 14083
8693 946
8694 2101
8695 11546
8696 11890
8697 307
8698 13654
8699 11345
8700 8736
8701 11666
8702 4003
8703 10147
8704 10121
8705 299
8706 10873
8707 27124
8708 5731
8709 8733
8710 1079
8711 15408
8712 1644
8713 2505
8714 5823
8715 13706
8716 4673
8717 13315
8718 1067
8719 9824
8720 15294
8721 3741
8722 2691
8723 10664
8724 16386
8725 9584
8726 5971
8727 2723
8728 10388
8729 7794
8730 5114
8731 14991
8732 9397
8733 44789
8734 8666
8735 8930
8736 26479
8737 21435
8738 8167
8739 2471
8740 15839
8741 1165
8742 15806
8743 21877
8744 2183
8745 6441
8746 12989
8747 4480
8748 10906
8749 12766
8750 11142
8751 10499
8752 2060
8753 13921
8754 2049
8755 7304
8756 152
8757 4455
8758 859
8759 12689
8760 6854
8761 1069
8762 9793
8763 124
8764 12276
8765 8340
8766 4384
8767 14661
8768 2485
8769 10030
8770 15938
8771 2248
8772 4690
8773 15602
8774 7390
8775 29051
8776 10585
8777 6479
8778 13513
8779 15523
8780 3632
8781 72
8782 1368
8783 1473
8784 6239
8785 22072
8786 3103
8787 3284
8788 7149
8789 7548
8790 9631
8791 29453
8792 15863
8793 9953
8794 7184
8795 4670
8796 8467
8797 10115
8798 7770
8799 18308
8800 10238
8801 7905
8802 9678
8803 3030
8804 11419
8805 2443
8806 2262
8807 14325
8808 20448
8809 15900
8810 1032
8811 11647
8812 7997
8813 19779
8814 17878
8815 9509
8816 15978
8817 1973
8818 11210
8819 17184
8820 10776
8821 6150
8822 16184
8823 8231
8824 3186
8825 2542
8826 1120
8827 7225
8828 17466
8829 6759
8830 2633
8831 7288
8832 11629
8833 5531
8834 8958
8835 6401
8836 3374
8837 7080
8838 9426
8839 6874
8840 90
8841 23028
8842 7862
8843 7024
8844 1411
8845 206
8846 16322
8847 24656
8848 16476
8849 10593
8850 6300
8851 188
8852 3515
8853 11742
8854 5608
8855 17610
8856 21420
8857 19167
8858 7579
8859 460
8860 6554
8861 4500
8862 7833
8863 5916
8864 4392
8865 19117
8866 3132
8867 9233
8868 7804
8869 9941
8870 5450
8871 9073
8872 3288
8873 16221
8874 1692
8875 14011
8876 29199
8877 7900
8878 3874
8879 4516
8880 5681
8881 4116
8882 10854
8883 2363
8884 10983
8885 7510
8886 5785
8887 26552
8888 1511
8889 9294
8890 3637
8891 5040
8892 33
8893 13967
8894 465
8895 16931
8896 5364
8897 6105
8898 11377
8899 6795
8900 958
8901 4356
8902 7024
8903 1788
8904 5914
8905 2382
8906 24013
8907 12031
8908 13780
8909 7297
8910 5639
8911 16630
8912 2139
8913 13770
8914 4882
8915 5552
8916 8941
8917 13732
8918 11968
8919 1833
8920 79
8921 10494
8922 4101
8923 3232
8924 9779
8925 9317
8926 27802
8927 18659
8928 24896
8929 9523
8930 18851
8931 19092
8932 9146
8933 3408
8934 9856
8935 5240
8936 6827
8937 9716
8938 81
8939 12195
8940 7970
8941 33987
8942 2263
8943 2771
8944 7222
8945 3831
8946 5711
8947 3021
8948 6579
8949 16787
8950 2954
8951 15312
8952 3927
8953 9901
8954 12702
8955 17510
8956 9841
8957 11331
8958 17192
8959 577
8960 15693
8961 7994
8962 8673
8963 6475
8964 9026
8965 11652
8966 1619
8967 927
8968 5499
8969 5343
8970 2166
8971 5245
8972 1416
8973 989
8974 9352
8975 7598
8976 16328
8977 4904
8978 5613
8979 24500
8980 7800
8981 8851
8982 16744
8983 13337
8984 14754
8985 14654
8986 2019
8987 1176
8988 8143
8989 5674
8990 3227
8991 9516
8992 12193
8993 19244
8994 10773
8995 27121
8996 15134
8997 8839
8998 13070
8999 25398
9000 6128
9001 8233
9002 8342
9003 9881
9004 34031
9005 8205
9006 7662
9007 12779
9008 5061
9009 4984
9010 5762
9011 2123
9012 29451
9013 18030
9014 8431
9015 7553
9016 792
9017 18554
9018 7079
9019 9166
9020 6919
9021 10849
9022 9827
9023 2909
9024 6979
9025 13271
9026 19155
9027 9423
9028 1654
9029 3203
9030 10031
9031 9166
9032 15089
9033 4803
9034 8927
9035 27828
9036 18859
9037 7219
9038 5550
9039 21083
9040 2890
9041 4926
9042 8570
9043 15237
9044 3570
9045 11942
9046 11421
9047 10589
9048 17188
9049 9458
9050 8804
9051 26632
9052 13782
9053 8121
9054 4870
9055 11798
9056 2574
9057 12005
9058 2927
9059 17171
9060 8570
9061 10712
9062 6109
9063 3277
9064 21060
9065 869
9066 14519
9067 8267
9068 19386
9069 15342
9070 5673
9071 8629
9072 16231
9073 25764
9074 18113
9075 3681
9076 7778
9077 9813
9078 37
9079 3566
9080 6753
9081 13161
9082 10715
9083 18531
9084 14657
9085 11115
9086 17234
9087 10854
9088 9591
9089 9777
9090 3417
9091 5874
9092 10249
9093 8938
9094 7863
9095 6014
9096 13401
9097 1541
9098 3826
9099 10058
9100 11171
9101 17617
9102 11933
9103 10235
9104 4865
9105 1837
9106 12936
9107 16340
9108 5040
9109 10704
9110 10002
9111 17273
9112 13017
9113 6471
9114 16201
9115 14168
9116 6711
9117 12897
9118 16298
9119 12598
9120 13227
9121 10604
9122 1927
9123 1946
9124 15944
9125 6039
9126 1572
9127 13458
9128 17849
9129 8854
9130 1826
9131 28404
9132 15254
9133 22756
9134 6638
9135 17089
9136 1836
9137 2492
9138 17776
9139 16936
9140 1936
9141 39
9142 705
9143 1809
9144 1962
9145 13271
9146 18539
9147 11538
9148 6554
9149 1330
9150 8387
9151 545
9152 3565
9153 10839
9154 4959
9155 28393
9156 24337
9157 8288
9158 19996
9159 4337
9160 2777
9161 17569
9162 8153
9163 14026
9164 9768
9165 15061
9166 20438
9167 18359
9168 16956
9169 12098
9170 21102
9171 8520
9172 3889
9173 1239
9174 888
9175 9359
9176 406
9177 3299
9178 1126
9179 8201
9180 31442
9181 16592
9182 11051
9183 20133
9184 16388
9185 2726
9186 2918
9187 10971
9188 11506
9189 391
9190 8193
9191 4332
9192 17902
9193 1518
9194 8904
9195 9751
9196 5218
9197 1056
9198 3202
9199 16031
9200 1009
9201 4504
9202 969
9203 938
9204 4155
9205 8935
9206 9685
9207 29412
9208 15931
9209 2136
9210 3146
9211 12969
9212 387
9213 5005
9214 9376
9215 2861
9216 4272
9217 338
9218 7569
9219 6534
9220 17339
9221 12410
9222 9245
9223 4012
9224 2193
9225 1188
9226 1670
9227 6237
9228 5199
9229 4942
9230 5687
9231 7779
9232 3478
9233 9433
9234 30263
9235 14685
9236 181
9237 5629
9238 9041
9239 11094
9240 2165
9241 1222
9242 16614
9243 2293
9244 14111
9245 12735
9246 4697
9247 18096
9248 10270
9249 1534
9250 11236
9251 4562
9252 1988
9253 3076
9254 13187
9255 9596
9256 5850
9257 3228
9258 1271
9259 3987
9260 14798
9261 10862
9262 8457
9263 17046
9264 35394
9265 2752
9266 4048
9267 4889
9268 9009
9269 2126
9270 8502
9271 1520
9272 15206
9273 2487
9274 7703
9275 18944
9276 10040
9277 8489
9278 16019
9279 22328
9280 7319
9281 7888
9282 13117
9283 2364
9284 5924
9285 22308
9286 5616
9287 9982
9288 10320
9289 3044
9290 13679
9291 15548
9292 12045
9293 1941
9294 17067
9295 9787
9296 3295
9297 9221
9298 7625
9299 11427
9300 23356
9301 9068
9302 19226
9303 21272
9304 19112
9305 18739
9306 14161
9307 12593
9308 8684
9309 7352
9310 27070
9311 14560
9312 136
9313 17537
9314 11083
9315 13756
9316 5826
9317 24015
9318 10475
9319 15879
9320 9281
9321 20044
9322 5326
9323 6348
9324 10630
9325 4908
9326 5164
9327 7045
9328 1256
9329 5605
9330 7607
9331 5084
9332 3919
9333 2192
9334 1677
9335 11943
9336 11471
9337 14177
9338 11582
9339 2311
9340 3534
9341 3777
9342 24660
9343 23522
9344 4686
9345 6423
9346 4923
9347 19665
9348 9957
9349 8428
9350 358
9351 4115
9352 12264
9353 3134
9354 1207
9355 15588
9356 12747
9357 11586
9358 3926
9359 33915
9360 12060
9361 9027
9362 3679
9363 9978
9364 5363
9365 26643
9366 11465
9367 13980
9368 13456
9369 7133
9370 43435
9371 6789
9372 507
9373 7616
9374 5204
9375 12193
9376 9693
9377 8627
9378 5923
9379 1176
9380 10813
9381 11190
9382 3115
9383 12622
9384 23647
9385 10435
9386 7138
9387 19817
9388 4037
9389 2195
9390 7171
9391 5657
9392 11074
9393 14067
9394 16208
9395 5808
9396 13768
9397 9113
9398 4453
9399 9633
9400 8775
9401 11018
9402 11308
9403 2702
9404 9443
9405 18028
9406 12727
9407 2033
9408 987
9409 2507
9410 8160
9411 8249
9412 12671
9413 12759
9414 4821
9415 1267
9416 6067
9417 19088
9418 5162
9419 6077
9420 7731
9421 11911
9422 6228
9423 9441
9424 4982
9425 10305
9426 10944
9427 9551
9428 3190
9429 11533
9430 1315
9431 14549
9432 8568
9433 14112
9434 26486
9435 17293
9436 4378
9437 12494
9438 13247
9439 2646
9440 13271
9441 18859
9442 11010
9443 21458
9444 10090
9445 9066
9446 780
9447 9606
9448 20452
9449 19296
9450 13768
9451 1439
9452 14980
9453 12952
9454 7237
9455 2563
9456 6780
9457 7502
9458 19836
9459 13515
9460 7973
9461 4895
9462 3610
9463 10211
9464 7128
9465 5597
9466 2737
9467 4280
9468 12481
9469 4556
9470 28466
9471 137
9472 5439
9473 9986
9474 16888
9475 8627
9476 13236
9477 1801
9478 5555
9479 10131
9480 8091
9481 2777
9482 8943
9483 15638
9484 7585
9485 3576
9486 6788
9487 11790
9488 12648
9489 12457
9490 143
9491 5207
9492 19930
9493 8128
9494 422
9495 21351
9496 9133
9497 11329
9498 11241
9499 12747
9500 2065
9501 4629
9502 269
9503 2068
9504 13638
9505 11479
9506 10699
9507 2535
9508 40
9509 20011
9510 16875
9511 4631
9512 12184
9513 1345
9514 5478
9515 2020
9516 12123
9517 4266
9518 6772
9519 10496
9520 9144
9521 26047
9522 4885
9523 21421
9524 5135
9525 7926
9526 27713
9527 15322
9528 1520
9529 8968
9530 7097
9531 4032
9532 9733
9533 7790
9534 5665
9535 22251
9536 13852
9537 35465
9538 19161
9539 14317
9540 9492
9541 1630
9542 3115
9543 22019
9544 6174
9545 15363
9546 8897
9547 8243
9548 21589
9549 32185
9550 5017
9551 11225
9552 15991
9553 3144
9554 17356
9555 10575
9556 21648
9557 31602
9558 2777
9559 10486
9560 1669
9561 14080
9562 2647
9563 17228
9564 12854
9565 3557
9566 1473
9567 1754
9568 10017
9569 16903
9570 10469
9571 9865
9572 3077
9573 13568
9574 968
9575 8018
9576 856
9577 8911
9578 9387
9579 1088
9580 14589
9581 6286
9582 9354
9583 5514
9584 12704
9585 2284
9586 13439
9587 7123
9588 517
9589 4389
9590 4705
9591 25706
9592 16423
9593 1576
9594 7683
9595 19803
9596 12699
9597 5533
9598 12485
9599 19451
9600 20633
9601 10100
9602 11404
9603 10654
9604 4849
9605 24586
9606 19373
9607 24705
9608 31841
9609 6230
9610 12677
9611 266
9612 17185
9613 13191
9614 8602
9615 7153
9616 14383
9617 14987
9618 1672
9619 11926
9620 5695
9621 18428
9622 1960
9623 17705
9624 6667
9625 655
9626 9848
9627 3678
9628 2074
9629 1791
9630 7186
9631 9013
9632 3301
9633 24247
9634 6221
9635 15487
9636 29358
9637 11953
9638 4848
9639 16901
9640 11135
9641 4726
9642 8956
9643 7467
9644 7296
9645 3839
9646 11987
9647 3949
9648 10003
9649 2310
9650 11241
9651 6777
9652 13825
9653 14576
9654 9464
9655 16750
9656 18387
9657 1518
9658 5723
9659 7823
9660 16665
9661 8271
9662 10056
9663 8784
9664 9294
9665 17125
9666 18263
9667 12865
9668 8326
9669 17438
9670 9586
9671 40275
9672 1745
9673 13324
9674 2549
9675 15178
9676 6433
9677 6812
9678 12504
9679 7010
9680 3637
9681 5286
9682 2689
9683 10919
9684 13285
9685 24355
9686 18177
9687 7490
9688 1155
9689 9475
9690 8915
9691 8070
9692 8272
9693 15174
9694 1007
9695 4409
9696 19293
9697 18034
9698 2296
9699 1679
9700 16722
9701 10670
9702 12360
9703 6666
9704 1390
9705 13064
9706 5537
9707 3902
9708 25081
9709 1409
9710 19458
9711 19152
9712 517
9713 6129
9714 18444
9715 1777
9716 21343
9717 13350
9718 10273
9719 1515
9720 8275
9721 6752
9722 4962
9723 15592
9724 404
9725 11798
9726 13876
9727 7531
9728 6839
9729 15156
9730 4256
9731 1142
9732 28985
9733 12398
9734 12296
9735 4839
9736 10470
9737 5936
9738 8784
9739 1977
9740 6750
9741 3396
9742 1086
9743 6659
9744 1555
9745 6673
9746 506
9747 8203
9748 18609
9749 8494
9750 6118
9751 18040
9752 16660
9753 21531
9754 1430
9755 2772
9756 8358
9757 5529
9758 10045
9759 1808
9760 32308
9761 10073
9762 8286
9763 6519
9764 21498
9765 876
9766 8860
9767 11946
9768 11045
9769 10066
9770 1230
9771 23651
9772 22491
9773 2590
9774 2152
9775 7079
9776 998
9777 20284
9778 4120
9779 22832
9780 1420
9781 5993
9782 4226
9783 7701
9784 6455
9785 21383
9786 570
9787 11725
9788 2652
9789 18275
9790 14271
9791 5374
9792 11183
9793 11794
9794 2256
9795 7234
9796 5299
9797 3603
9798 8433
9799 3276
9800 2036
9801 4979
9802 4418
9803 12400
9804 1543
9805 7052
9806 77
9807 4285
9808 29608
9809 7652
9810 3555
9811 13752
9812 6941
9813 19670
9814 4490
9815 18660
9816 10908
9817 7154
9818 4243
9819 4080
9820 4645
9821 12331
9822 12303
9823 11383
9824 14430
9825 1967
9826 7771
9827 14326
9828 6874
9829 12205
9830 22828
9831 15087
9832 13766
9833 7536
9834 8292
9835 1387
9836 4222
9837 5838
9838 3990
9839 2547
9840 6118
9841 21555
9842 30016
9843 10215
9844 9843
9845 6805
9846 11942
9847 19624
9848 14587
9849 8210
9850 3920
9851 24680
9852 14002
9853 14804
9854 11395
9855 13786
9856 18581
9857 27845
9858 10009
9859 2482
9860 8055
9861 17115
9862 11609
9863 15250
9864 1257
9865 12466
9866 23372
9867 25209
9868 16267
9869 12118
9870 1999
9871 8214
9872 180
9873 10490
9874 2465
9875 8231
9876 13701
9877 20903
9878 19137
9879 31049
9880 13740
9881 25990
9882 12245
9883 26094
9884 2760
9885 19403
9886 4634
9887 16962
9888 8302
9889 9328
9890 6617
9891 4250
9892 24289
9893 8261
9894 12992
9895 6751
9896 588
9897 336
9898 14030
9899 10745
9900 8679
9901 11175
9902 309
9903 4192
9904 12981
9905 22629
9906 28532
9907 6773
9908 13062
9909 8697
9910 5070
9911 32409
9912 5274
9913 7028
9914 2262
9915 11250
9916 20904
9917 3250
9918 10171
9919 10133
9920 14945
9921 20328
9922 6166
9923 9896
9924 14328
9925 11297
9926 9656
9927 2752
9928 1835
9929 1823
9930 7543
9931 5675
9932 8334
9933 10366
9934 9526
9935 2588
9936 12401
9937 6818
9938 20692
9939 3201
9940 6207
9941 26620
9942 6868
9943 14210
9944 12395
9945 8892
9946 22001
9947 11471
9948 5167
9949 2915
9950 11807
9951 8642
9952 6883
9953 9297
9954 3306
9955 13035
9956 3043
9957 19447
9958 4334
9959 8608
9960 6067
9961 5703
9962 9009
9963 10714
9964 8540
9965 9613
9966 10271
9967 13805
9968 5928
9969 13471
9970 13085
9971 1235
9972 10621
9973 14026
9974 8143
9975 10343
9976 8046
9977 11307
9978 23661
9979 9632
9980 11793
9981 4882
9982 13914
9983 5286
9984 4306
9985 3248
9986 12111
9987 5499
9988 6849
9989 12037
9990 19647
9991 5125
9992 16031
9993 12399
9994 2763
9995 21860
9996 8834
9997 6911
9998 2515
9999 3456
10000 2509
