# Table of n, A272011(n) for n = 0..10000.
0 0
1 1
2 1
3 0
4 2
5 2
6 0
7 2
8 1
9 2
10 1
11 0
12 3
13 3
14 0
15 3
16 1
17 3
18 1
19 0
20 3
21 2
22 3
23 2
24 0
25 3
26 2
27 1
28 3
29 2
30 1
31 0
32 4
33 4
34 0
35 4
36 1
37 4
38 1
39 0
40 4
41 2
42 4
43 2
44 0
45 4
46 2
47 1
48 4
49 2
50 1
51 0
52 4
53 3
54 4
55 3
56 0
57 4
58 3
59 1
60 4
61 3
62 1
63 0
64 4
65 3
66 2
67 4
68 3
69 2
70 0
71 4
72 3
73 2
74 1
75 4
76 3
77 2
78 1
79 0
80 5
81 5
82 0
83 5
84 1
85 5
86 1
87 0
88 5
89 2
90 5
91 2
92 0
93 5
94 2
95 1
96 5
97 2
98 1
99 0
100 5
101 3
102 5
103 3
104 0
105 5
106 3
107 1
108 5
109 3
110 1
111 0
112 5
113 3
114 2
115 5
116 3
117 2
118 0
119 5
120 3
121 2
122 1
123 5
124 3
125 2
126 1
127 0
128 5
129 4
130 5
131 4
132 0
133 5
134 4
135 1
136 5
137 4
138 1
139 0
140 5
141 4
142 2
143 5
144 4
145 2
146 0
147 5
148 4
149 2
150 1
151 5
152 4
153 2
154 1
155 0
156 5
157 4
158 3
159 5
160 4
161 3
162 0
163 5
164 4
165 3
166 1
167 5
168 4
169 3
170 1
171 0
172 5
173 4
174 3
175 2
176 5
177 4
178 3
179 2
180 0
181 5
182 4
183 3
184 2
185 1
186 5
187 4
188 3
189 2
190 1
191 0
192 6
193 6
194 0
195 6
196 1
197 6
198 1
199 0
200 6
201 2
202 6
203 2
204 0
205 6
206 2
207 1
208 6
209 2
210 1
211 0
212 6
213 3
214 6
215 3
216 0
217 6
218 3
219 1
220 6
221 3
222 1
223 0
224 6
225 3
226 2
227 6
228 3
229 2
230 0
231 6
232 3
233 2
234 1
235 6
236 3
237 2
238 1
239 0
240 6
241 4
242 6
243 4
244 0
245 6
246 4
247 1
248 6
249 4
250 1
251 0
252 6
253 4
254 2
255 6
256 4
257 2
258 0
259 6
260 4
261 2
262 1
263 6
264 4
265 2
266 1
267 0
268 6
269 4
270 3
271 6
272 4
273 3
274 0
275 6
276 4
277 3
278 1
279 6
280 4
281 3
282 1
283 0
284 6
285 4
286 3
287 2
288 6
289 4
290 3
291 2
292 0
293 6
294 4
295 3
296 2
297 1
298 6
299 4
300 3
301 2
302 1
303 0
304 6
305 5
306 6
307 5
308 0
309 6
310 5
311 1
312 6
313 5
314 1
315 0
316 6
317 5
318 2
319 6
320 5
321 2
322 0
323 6
324 5
325 2
326 1
327 6
328 5
329 2
330 1
331 0
332 6
333 5
334 3
335 6
336 5
337 3
338 0
339 6
340 5
341 3
342 1
343 6
344 5
345 3
346 1
347 0
348 6
349 5
350 3
351 2
352 6
353 5
354 3
355 2
356 0
357 6
358 5
359 3
360 2
361 1
362 6
363 5
364 3
365 2
366 1
367 0
368 6
369 5
370 4
371 6
372 5
373 4
374 0
375 6
376 5
377 4
378 1
379 6
380 5
381 4
382 1
383 0
384 6
385 5
386 4
387 2
388 6
389 5
390 4
391 2
392 0
393 6
394 5
395 4
396 2
397 1
398 6
399 5
400 4
401 2
402 1
403 0
404 6
405 5
406 4
407 3
408 6
409 5
410 4
411 3
412 0
413 6
414 5
415 4
416 3
417 1
418 6
419 5
420 4
421 3
422 1
423 0
424 6
425 5
426 4
427 3
428 2
429 6
430 5
431 4
432 3
433 2
434 0
435 6
436 5
437 4
438 3
439 2
440 1
441 6
442 5
443 4
444 3
445 2
446 1
447 0
448 7
449 7
450 0
451 7
452 1
453 7
454 1
455 0
456 7
457 2
458 7
459 2
460 0
461 7
462 2
463 1
464 7
465 2
466 1
467 0
468 7
469 3
470 7
471 3
472 0
473 7
474 3
475 1
476 7
477 3
478 1
479 0
480 7
481 3
482 2
483 7
484 3
485 2
486 0
487 7
488 3
489 2
490 1
491 7
492 3
493 2
494 1
495 0
496 7
497 4
498 7
499 4
500 0
501 7
502 4
503 1
504 7
505 4
506 1
507 0
508 7
509 4
510 2
511 7
512 4
513 2
514 0
515 7
516 4
517 2
518 1
519 7
520 4
521 2
522 1
523 0
524 7
525 4
526 3
527 7
528 4
529 3
530 0
531 7
532 4
533 3
534 1
535 7
536 4
537 3
538 1
539 0
540 7
541 4
542 3
543 2
544 7
545 4
546 3
547 2
548 0
549 7
550 4
551 3
552 2
553 1
554 7
555 4
556 3
557 2
558 1
559 0
560 7
561 5
562 7
563 5
564 0
565 7
566 5
567 1
568 7
569 5
570 1
571 0
572 7
573 5
574 2
575 7
576 5
577 2
578 0
579 7
580 5
581 2
582 1
583 7
584 5
585 2
586 1
587 0
588 7
589 5
590 3
591 7
592 5
593 3
594 0
595 7
596 5
597 3
598 1
599 7
600 5
601 3
602 1
603 0
604 7
605 5
606 3
607 2
608 7
609 5
610 3
611 2
612 0
613 7
614 5
615 3
616 2
617 1
618 7
619 5
620 3
621 2
622 1
623 0
624 7
625 5
626 4
627 7
628 5
629 4
630 0
631 7
632 5
633 4
634 1
635 7
636 5
637 4
638 1
639 0
640 7
641 5
642 4
643 2
644 7
645 5
646 4
647 2
648 0
649 7
650 5
651 4
652 2
653 1
654 7
655 5
656 4
657 2
658 1
659 0
660 7
661 5
662 4
663 3
664 7
665 5
666 4
667 3
668 0
669 7
670 5
671 4
672 3
673 1
674 7
675 5
676 4
677 3
678 1
679 0
680 7
681 5
682 4
683 3
684 2
685 7
686 5
687 4
688 3
689 2
690 0
691 7
692 5
693 4
694 3
695 2
696 1
697 7
698 5
699 4
700 3
701 2
702 1
703 0
704 7
705 6
706 7
707 6
708 0
709 7
710 6
711 1
712 7
713 6
714 1
715 0
716 7
717 6
718 2
719 7
720 6
721 2
722 0
723 7
724 6
725 2
726 1
727 7
728 6
729 2
730 1
731 0
732 7
733 6
734 3
735 7
736 6
737 3
738 0
739 7
740 6
741 3
742 1
743 7
744 6
745 3
746 1
747 0
748 7
749 6
750 3
751 2
752 7
753 6
754 3
755 2
756 0
757 7
758 6
759 3
760 2
761 1
762 7
763 6
764 3
765 2
766 1
767 0
768 7
769 6
770 4
771 7
772 6
773 4
774 0
775 7
776 6
777 4
778 1
779 7
780 6
781 4
782 1
783 0
784 7
785 6
786 4
787 2
788 7
789 6
790 4
791 2
792 0
793 7
794 6
795 4
796 2
797 1
798 7
799 6
800 4
801 2
802 1
803 0
804 7
805 6
806 4
807 3
808 7
809 6
810 4
811 3
812 0
813 7
814 6
815 4
816 3
817 1
818 7
819 6
820 4
821 3
822 1
823 0
824 7
825 6
826 4
827 3
828 2
829 7
830 6
831 4
832 3
833 2
834 0
835 7
836 6
837 4
838 3
839 2
840 1
841 7
842 6
843 4
844 3
845 2
846 1
847 0
848 7
849 6
850 5
851 7
852 6
853 5
854 0
855 7
856 6
857 5
858 1
859 7
860 6
861 5
862 1
863 0
864 7
865 6
866 5
867 2
868 7
869 6
870 5
871 2
872 0
873 7
874 6
875 5
876 2
877 1
878 7
879 6
880 5
881 2
882 1
883 0
884 7
885 6
886 5
887 3
888 7
889 6
890 5
891 3
892 0
893 7
894 6
895 5
896 3
897 1
898 7
899 6
900 5
901 3
902 1
903 0
904 7
905 6
906 5
907 3
908 2
909 7
910 6
911 5
912 3
913 2
914 0
915 7
916 6
917 5
918 3
919 2
920 1
921 7
922 6
923 5
924 3
925 2
926 1
927 0
928 7
929 6
930 5
931 4
932 7
933 6
934 5
935 4
936 0
937 7
938 6
939 5
940 4
941 1
942 7
943 6
944 5
945 4
946 1
947 0
948 7
949 6
950 5
951 4
952 2
953 7
954 6
955 5
956 4
957 2
958 0
959 7
960 6
961 5
962 4
963 2
964 1
965 7
966 6
967 5
968 4
969 2
970 1
971 0
972 7
973 6
974 5
975 4
976 3
977 7
978 6
979 5
980 4
981 3
982 0
983 7
984 6
985 5
986 4
987 3
988 1
989 7
990 6
991 5
992 4
993 3
994 1
995 0
996 7
997 6
998 5
999 4
1000 3
1001 2
1002 7
1003 6
1004 5
1005 4
1006 3
1007 2
1008 0
1009 7
1010 6
1011 5
1012 4
1013 3
1014 2
1015 1
1016 7
1017 6
1018 5
1019 4
1020 3
1021 2
1022 1
1023 0
1024 8
1025 8
1026 0
1027 8
1028 1
1029 8
1030 1
1031 0
1032 8
1033 2
1034 8
1035 2
1036 0
1037 8
1038 2
1039 1
1040 8
1041 2
1042 1
1043 0
1044 8
1045 3
1046 8
1047 3
1048 0
1049 8
1050 3
1051 1
1052 8
1053 3
1054 1
1055 0
1056 8
1057 3
1058 2
1059 8
1060 3
1061 2
1062 0
1063 8
1064 3
1065 2
1066 1
1067 8
1068 3
1069 2
1070 1
1071 0
1072 8
1073 4
1074 8
1075 4
1076 0
1077 8
1078 4
1079 1
1080 8
1081 4
1082 1
1083 0
1084 8
1085 4
1086 2
1087 8
1088 4
1089 2
1090 0
1091 8
1092 4
1093 2
1094 1
1095 8
1096 4
1097 2
1098 1
1099 0
1100 8
1101 4
1102 3
1103 8
1104 4
1105 3
1106 0
1107 8
1108 4
1109 3
1110 1
1111 8
1112 4
1113 3
1114 1
1115 0
1116 8
1117 4
1118 3
1119 2
1120 8
1121 4
1122 3
1123 2
1124 0
1125 8
1126 4
1127 3
1128 2
1129 1
1130 8
1131 4
1132 3
1133 2
1134 1
1135 0
1136 8
1137 5
1138 8
1139 5
1140 0
1141 8
1142 5
1143 1
1144 8
1145 5
1146 1
1147 0
1148 8
1149 5
1150 2
1151 8
1152 5
1153 2
1154 0
1155 8
1156 5
1157 2
1158 1
1159 8
1160 5
1161 2
1162 1
1163 0
1164 8
1165 5
1166 3
1167 8
1168 5
1169 3
1170 0
1171 8
1172 5
1173 3
1174 1
1175 8
1176 5
1177 3
1178 1
1179 0
1180 8
1181 5
1182 3
1183 2
1184 8
1185 5
1186 3
1187 2
1188 0
1189 8
1190 5
1191 3
1192 2
1193 1
1194 8
1195 5
1196 3
1197 2
1198 1
1199 0
1200 8
1201 5
1202 4
1203 8
1204 5
1205 4
1206 0
1207 8
1208 5
1209 4
1210 1
1211 8
1212 5
1213 4
1214 1
1215 0
1216 8
1217 5
1218 4
1219 2
1220 8
1221 5
1222 4
1223 2
1224 0
1225 8
1226 5
1227 4
1228 2
1229 1
1230 8
1231 5
1232 4
1233 2
1234 1
1235 0
1236 8
1237 5
1238 4
1239 3
1240 8
1241 5
1242 4
1243 3
1244 0
1245 8
1246 5
1247 4
1248 3
1249 1
1250 8
1251 5
1252 4
1253 3
1254 1
1255 0
1256 8
1257 5
1258 4
1259 3
1260 2
1261 8
1262 5
1263 4
1264 3
1265 2
1266 0
1267 8
1268 5
1269 4
1270 3
1271 2
1272 1
1273 8
1274 5
1275 4
1276 3
1277 2
1278 1
1279 0
1280 8
1281 6
1282 8
1283 6
1284 0
1285 8
1286 6
1287 1
1288 8
1289 6
1290 1
1291 0
1292 8
1293 6
1294 2
1295 8
1296 6
1297 2
1298 0
1299 8
1300 6
1301 2
1302 1
1303 8
1304 6
1305 2
1306 1
1307 0
1308 8
1309 6
1310 3
1311 8
1312 6
1313 3
1314 0
1315 8
1316 6
1317 3
1318 1
1319 8
1320 6
1321 3
1322 1
1323 0
1324 8
1325 6
1326 3
1327 2
1328 8
1329 6
1330 3
1331 2
1332 0
1333 8
1334 6
1335 3
1336 2
1337 1
1338 8
1339 6
1340 3
1341 2
1342 1
1343 0
1344 8
1345 6
1346 4
1347 8
1348 6
1349 4
1350 0
1351 8
1352 6
1353 4
1354 1
1355 8
1356 6
1357 4
1358 1
1359 0
1360 8
1361 6
1362 4
1363 2
1364 8
1365 6
1366 4
1367 2
1368 0
1369 8
1370 6
1371 4
1372 2
1373 1
1374 8
1375 6
1376 4
1377 2
1378 1
1379 0
1380 8
1381 6
1382 4
1383 3
1384 8
1385 6
1386 4
1387 3
1388 0
1389 8
1390 6
1391 4
1392 3
1393 1
1394 8
1395 6
1396 4
1397 3
1398 1
1399 0
1400 8
1401 6
1402 4
1403 3
1404 2
1405 8
1406 6
1407 4
1408 3
1409 2
1410 0
1411 8
1412 6
1413 4
1414 3
1415 2
1416 1
1417 8
1418 6
1419 4
1420 3
1421 2
1422 1
1423 0
1424 8
1425 6
1426 5
1427 8
1428 6
1429 5
1430 0
1431 8
1432 6
1433 5
1434 1
1435 8
1436 6
1437 5
1438 1
1439 0
1440 8
1441 6
1442 5
1443 2
1444 8
1445 6
1446 5
1447 2
1448 0
1449 8
1450 6
1451 5
1452 2
1453 1
1454 8
1455 6
1456 5
1457 2
1458 1
1459 0
1460 8
1461 6
1462 5
1463 3
1464 8
1465 6
1466 5
1467 3
1468 0
1469 8
1470 6
1471 5
1472 3
1473 1
1474 8
1475 6
1476 5
1477 3
1478 1
1479 0
1480 8
1481 6
1482 5
1483 3
1484 2
1485 8
1486 6
1487 5
1488 3
1489 2
1490 0
1491 8
1492 6
1493 5
1494 3
1495 2
1496 1
1497 8
1498 6
1499 5
1500 3
1501 2
1502 1
1503 0
1504 8
1505 6
1506 5
1507 4
1508 8
1509 6
1510 5
1511 4
1512 0
1513 8
1514 6
1515 5
1516 4
1517 1
1518 8
1519 6
1520 5
1521 4
1522 1
1523 0
1524 8
1525 6
1526 5
1527 4
1528 2
1529 8
1530 6
1531 5
1532 4
1533 2
1534 0
1535 8
1536 6
1537 5
1538 4
1539 2
1540 1
1541 8
1542 6
1543 5
1544 4
1545 2
1546 1
1547 0
1548 8
1549 6
1550 5
1551 4
1552 3
1553 8
1554 6
1555 5
1556 4
1557 3
1558 0
1559 8
1560 6
1561 5
1562 4
1563 3
1564 1
1565 8
1566 6
1567 5
1568 4
1569 3
1570 1
1571 0
1572 8
1573 6
1574 5
1575 4
1576 3
1577 2
1578 8
1579 6
1580 5
1581 4
1582 3
1583 2
1584 0
1585 8
1586 6
1587 5
1588 4
1589 3
1590 2
1591 1
1592 8
1593 6
1594 5
1595 4
1596 3
1597 2
1598 1
1599 0
1600 8
1601 7
1602 8
1603 7
1604 0
1605 8
1606 7
1607 1
1608 8
1609 7
1610 1
1611 0
1612 8
1613 7
1614 2
1615 8
1616 7
1617 2
1618 0
1619 8
1620 7
1621 2
1622 1
1623 8
1624 7
1625 2
1626 1
1627 0
1628 8
1629 7
1630 3
1631 8
1632 7
1633 3
1634 0
1635 8
1636 7
1637 3
1638 1
1639 8
1640 7
1641 3
1642 1
1643 0
1644 8
1645 7
1646 3
1647 2
1648 8
1649 7
1650 3
1651 2
1652 0
1653 8
1654 7
1655 3
1656 2
1657 1
1658 8
1659 7
1660 3
1661 2
1662 1
1663 0
1664 8
1665 7
1666 4
1667 8
1668 7
1669 4
1670 0
1671 8
1672 7
1673 4
1674 1
1675 8
1676 7
1677 4
1678 1
1679 0
1680 8
1681 7
1682 4
1683 2
1684 8
1685 7
1686 4
1687 2
1688 0
1689 8
1690 7
1691 4
1692 2
1693 1
1694 8
1695 7
1696 4
1697 2
1698 1
1699 0
1700 8
1701 7
1702 4
1703 3
1704 8
1705 7
1706 4
1707 3
1708 0
1709 8
1710 7
1711 4
1712 3
1713 1
1714 8
1715 7
1716 4
1717 3
1718 1
1719 0
1720 8
1721 7
1722 4
1723 3
1724 2
1725 8
1726 7
1727 4
1728 3
1729 2
1730 0
1731 8
1732 7
1733 4
1734 3
1735 2
1736 1
1737 8
1738 7
1739 4
1740 3
1741 2
1742 1
1743 0
1744 8
1745 7
1746 5
1747 8
1748 7
1749 5
1750 0
1751 8
1752 7
1753 5
1754 1
1755 8
1756 7
1757 5
1758 1
1759 0
1760 8
1761 7
1762 5
1763 2
1764 8
1765 7
1766 5
1767 2
1768 0
1769 8
1770 7
1771 5
1772 2
1773 1
1774 8
1775 7
1776 5
1777 2
1778 1
1779 0
1780 8
1781 7
1782 5
1783 3
1784 8
1785 7
1786 5
1787 3
1788 0
1789 8
1790 7
1791 5
1792 3
1793 1
1794 8
1795 7
1796 5
1797 3
1798 1
1799 0
1800 8
1801 7
1802 5
1803 3
1804 2
1805 8
1806 7
1807 5
1808 3
1809 2
1810 0
1811 8
1812 7
1813 5
1814 3
1815 2
1816 1
1817 8
1818 7
1819 5
1820 3
1821 2
1822 1
1823 0
1824 8
1825 7
1826 5
1827 4
1828 8
1829 7
1830 5
1831 4
1832 0
1833 8
1834 7
1835 5
1836 4
1837 1
1838 8
1839 7
1840 5
1841 4
1842 1
1843 0
1844 8
1845 7
1846 5
1847 4
1848 2
1849 8
1850 7
1851 5
1852 4
1853 2
1854 0
1855 8
1856 7
1857 5
1858 4
1859 2
1860 1
1861 8
1862 7
1863 5
1864 4
1865 2
1866 1
1867 0
1868 8
1869 7
1870 5
1871 4
1872 3
1873 8
1874 7
1875 5
1876 4
1877 3
1878 0
1879 8
1880 7
1881 5
1882 4
1883 3
1884 1
1885 8
1886 7
1887 5
1888 4
1889 3
1890 1
1891 0
1892 8
1893 7
1894 5
1895 4
1896 3
1897 2
1898 8
1899 7
1900 5
1901 4
1902 3
1903 2
1904 0
1905 8
1906 7
1907 5
1908 4
1909 3
1910 2
1911 1
1912 8
1913 7
1914 5
1915 4
1916 3
1917 2
1918 1
1919 0
1920 8
1921 7
1922 6
1923 8
1924 7
1925 6
1926 0
1927 8
1928 7
1929 6
1930 1
1931 8
1932 7
1933 6
1934 1
1935 0
1936 8
1937 7
1938 6
1939 2
1940 8
1941 7
1942 6
1943 2
1944 0
1945 8
1946 7
1947 6
1948 2
1949 1
1950 8
1951 7
1952 6
1953 2
1954 1
1955 0
1956 8
1957 7
1958 6
1959 3
1960 8
1961 7
1962 6
1963 3
1964 0
1965 8
1966 7
1967 6
1968 3
1969 1
1970 8
1971 7
1972 6
1973 3
1974 1
1975 0
1976 8
1977 7
1978 6
1979 3
1980 2
1981 8
1982 7
1983 6
1984 3
1985 2
1986 0
1987 8
1988 7
1989 6
1990 3
1991 2
1992 1
1993 8
1994 7
1995 6
1996 3
1997 2
1998 1
1999 0
2000 8
2001 7
2002 6
2003 4
2004 8
2005 7
2006 6
2007 4
2008 0
2009 8
2010 7
2011 6
2012 4
2013 1
2014 8
2015 7
2016 6
2017 4
2018 1
2019 0
2020 8
2021 7
2022 6
2023 4
2024 2
2025 8
2026 7
2027 6
2028 4
2029 2
2030 0
2031 8
2032 7
2033 6
2034 4
2035 2
2036 1
2037 8
2038 7
2039 6
2040 4
2041 2
2042 1
2043 0
2044 8
2045 7
2046 6
2047 4
2048 3
2049 8
2050 7
2051 6
2052 4
2053 3
2054 0
2055 8
2056 7
2057 6
2058 4
2059 3
2060 1
2061 8
2062 7
2063 6
2064 4
2065 3
2066 1
2067 0
2068 8
2069 7
2070 6
2071 4
2072 3
2073 2
2074 8
2075 7
2076 6
2077 4
2078 3
2079 2
2080 0
2081 8
2082 7
2083 6
2084 4
2085 3
2086 2
2087 1
2088 8
2089 7
2090 6
2091 4
2092 3
2093 2
2094 1
2095 0
2096 8
2097 7
2098 6
2099 5
2100 8
2101 7
2102 6
2103 5
2104 0
2105 8
2106 7
2107 6
2108 5
2109 1
2110 8
2111 7
2112 6
2113 5
2114 1
2115 0
2116 8
2117 7
2118 6
2119 5
2120 2
2121 8
2122 7
2123 6
2124 5
2125 2
2126 0
2127 8
2128 7
2129 6
2130 5
2131 2
2132 1
2133 8
2134 7
2135 6
2136 5
2137 2
2138 1
2139 0
2140 8
2141 7
2142 6
2143 5
2144 3
2145 8
2146 7
2147 6
2148 5
2149 3
2150 0
2151 8
2152 7
2153 6
2154 5
2155 3
2156 1
2157 8
2158 7
2159 6
2160 5
2161 3
2162 1
2163 0
2164 8
2165 7
2166 6
2167 5
2168 3
2169 2
2170 8
2171 7
2172 6
2173 5
2174 3
2175 2
2176 0
2177 8
2178 7
2179 6
2180 5
2181 3
2182 2
2183 1
2184 8
2185 7
2186 6
2187 5
2188 3
2189 2
2190 1
2191 0
2192 8
2193 7
2194 6
2195 5
2196 4
2197 8
2198 7
2199 6
2200 5
2201 4
2202 0
2203 8
2204 7
2205 6
2206 5
2207 4
2208 1
2209 8
2210 7
2211 6
2212 5
2213 4
2214 1
2215 0
2216 8
2217 7
2218 6
2219 5
2220 4
2221 2
2222 8
2223 7
2224 6
2225 5
2226 4
2227 2
2228 0
2229 8
2230 7
2231 6
2232 5
2233 4
2234 2
2235 1
2236 8
2237 7
2238 6
2239 5
2240 4
2241 2
2242 1
2243 0
2244 8
2245 7
2246 6
2247 5
2248 4
2249 3
2250 8
2251 7
2252 6
2253 5
2254 4
2255 3
2256 0
2257 8
2258 7
2259 6
2260 5
2261 4
2262 3
2263 1
2264 8
2265 7
2266 6
2267 5
2268 4
2269 3
2270 1
2271 0
2272 8
2273 7
2274 6
2275 5
2276 4
2277 3
2278 2
2279 8
2280 7
2281 6
2282 5
2283 4
2284 3
2285 2
2286 0
2287 8
2288 7
2289 6
2290 5
2291 4
2292 3
2293 2
2294 1
2295 8
2296 7
2297 6
2298 5
2299 4
2300 3
2301 2
2302 1
2303 0
2304 9
2305 9
2306 0
2307 9
2308 1
2309 9
2310 1
2311 0
2312 9
2313 2
2314 9
2315 2
2316 0
2317 9
2318 2
2319 1
2320 9
2321 2
2322 1
2323 0
2324 9
2325 3
2326 9
2327 3
2328 0
2329 9
2330 3
2331 1
2332 9
2333 3
2334 1
2335 0
2336 9
2337 3
2338 2
2339 9
2340 3
2341 2
2342 0
2343 9
2344 3
2345 2
2346 1
2347 9
2348 3
2349 2
2350 1
2351 0
2352 9
2353 4
2354 9
2355 4
2356 0
2357 9
2358 4
2359 1
2360 9
2361 4
2362 1
2363 0
2364 9
2365 4
2366 2
2367 9
2368 4
2369 2
2370 0
2371 9
2372 4
2373 2
2374 1
2375 9
2376 4
2377 2
2378 1
2379 0
2380 9
2381 4
2382 3
2383 9
2384 4
2385 3
2386 0
2387 9
2388 4
2389 3
2390 1
2391 9
2392 4
2393 3
2394 1
2395 0
2396 9
2397 4
2398 3
2399 2
2400 9
2401 4
2402 3
2403 2
2404 0
2405 9
2406 4
2407 3
2408 2
2409 1
2410 9
2411 4
2412 3
2413 2
2414 1
2415 0
2416 9
2417 5
2418 9
2419 5
2420 0
2421 9
2422 5
2423 1
2424 9
2425 5
2426 1
2427 0
2428 9
2429 5
2430 2
2431 9
2432 5
2433 2
2434 0
2435 9
2436 5
2437 2
2438 1
2439 9
2440 5
2441 2
2442 1
2443 0
2444 9
2445 5
2446 3
2447 9
2448 5
2449 3
2450 0
2451 9
2452 5
2453 3
2454 1
2455 9
2456 5
2457 3
2458 1
2459 0
2460 9
2461 5
2462 3
2463 2
2464 9
2465 5
2466 3
2467 2
2468 0
2469 9
2470 5
2471 3
2472 2
2473 1
2474 9
2475 5
2476 3
2477 2
2478 1
2479 0
2480 9
2481 5
2482 4
2483 9
2484 5
2485 4
2486 0
2487 9
2488 5
2489 4
2490 1
2491 9
2492 5
2493 4
2494 1
2495 0
2496 9
2497 5
2498 4
2499 2
2500 9
2501 5
2502 4
2503 2
2504 0
2505 9
2506 5
2507 4
2508 2
2509 1
2510 9
2511 5
2512 4
2513 2
2514 1
2515 0
2516 9
2517 5
2518 4
2519 3
2520 9
2521 5
2522 4
2523 3
2524 0
2525 9
2526 5
2527 4
2528 3
2529 1
2530 9
2531 5
2532 4
2533 3
2534 1
2535 0
2536 9
2537 5
2538 4
2539 3
2540 2
2541 9
2542 5
2543 4
2544 3
2545 2
2546 0
2547 9
2548 5
2549 4
2550 3
2551 2
2552 1
2553 9
2554 5
2555 4
2556 3
2557 2
2558 1
2559 0
2560 9
2561 6
2562 9
2563 6
2564 0
2565 9
2566 6
2567 1
2568 9
2569 6
2570 1
2571 0
2572 9
2573 6
2574 2
2575 9
2576 6
2577 2
2578 0
2579 9
2580 6
2581 2
2582 1
2583 9
2584 6
2585 2
2586 1
2587 0
2588 9
2589 6
2590 3
2591 9
2592 6
2593 3
2594 0
2595 9
2596 6
2597 3
2598 1
2599 9
2600 6
2601 3
2602 1
2603 0
2604 9
2605 6
2606 3
2607 2
2608 9
2609 6
2610 3
2611 2
2612 0
2613 9
2614 6
2615 3
2616 2
2617 1
2618 9
2619 6
2620 3
2621 2
2622 1
2623 0
2624 9
2625 6
2626 4
2627 9
2628 6
2629 4
2630 0
2631 9
2632 6
2633 4
2634 1
2635 9
2636 6
2637 4
2638 1
2639 0
2640 9
2641 6
2642 4
2643 2
2644 9
2645 6
2646 4
2647 2
2648 0
2649 9
2650 6
2651 4
2652 2
2653 1
2654 9
2655 6
2656 4
2657 2
2658 1
2659 0
2660 9
2661 6
2662 4
2663 3
2664 9
2665 6
2666 4
2667 3
2668 0
2669 9
2670 6
2671 4
2672 3
2673 1
2674 9
2675 6
2676 4
2677 3
2678 1
2679 0
2680 9
2681 6
2682 4
2683 3
2684 2
2685 9
2686 6
2687 4
2688 3
2689 2
2690 0
2691 9
2692 6
2693 4
2694 3
2695 2
2696 1
2697 9
2698 6
2699 4
2700 3
2701 2
2702 1
2703 0
2704 9
2705 6
2706 5
2707 9
2708 6
2709 5
2710 0
2711 9
2712 6
2713 5
2714 1
2715 9
2716 6
2717 5
2718 1
2719 0
2720 9
2721 6
2722 5
2723 2
2724 9
2725 6
2726 5
2727 2
2728 0
2729 9
2730 6
2731 5
2732 2
2733 1
2734 9
2735 6
2736 5
2737 2
2738 1
2739 0
2740 9
2741 6
2742 5
2743 3
2744 9
2745 6
2746 5
2747 3
2748 0
2749 9
2750 6
2751 5
2752 3
2753 1
2754 9
2755 6
2756 5
2757 3
2758 1
2759 0
2760 9
2761 6
2762 5
2763 3
2764 2
2765 9
2766 6
2767 5
2768 3
2769 2
2770 0
2771 9
2772 6
2773 5
2774 3
2775 2
2776 1
2777 9
2778 6
2779 5
2780 3
2781 2
2782 1
2783 0
2784 9
2785 6
2786 5
2787 4
2788 9
2789 6
2790 5
2791 4
2792 0
2793 9
2794 6
2795 5
2796 4
2797 1
2798 9
2799 6
2800 5
2801 4
2802 1
2803 0
2804 9
2805 6
2806 5
2807 4
2808 2
2809 9
2810 6
2811 5
2812 4
2813 2
2814 0
2815 9
2816 6
2817 5
2818 4
2819 2
2820 1
2821 9
2822 6
2823 5
2824 4
2825 2
2826 1
2827 0
2828 9
2829 6
2830 5
2831 4
2832 3
2833 9
2834 6
2835 5
2836 4
2837 3
2838 0
2839 9
2840 6
2841 5
2842 4
2843 3
2844 1
2845 9
2846 6
2847 5
2848 4
2849 3
2850 1
2851 0
2852 9
2853 6
2854 5
2855 4
2856 3
2857 2
2858 9
2859 6
2860 5
2861 4
2862 3
2863 2
2864 0
2865 9
2866 6
2867 5
2868 4
2869 3
2870 2
2871 1
2872 9
2873 6
2874 5
2875 4
2876 3
2877 2
2878 1
2879 0
2880 9
2881 7
2882 9
2883 7
2884 0
2885 9
2886 7
2887 1
2888 9
2889 7
2890 1
2891 0
2892 9
2893 7
2894 2
2895 9
2896 7
2897 2
2898 0
2899 9
2900 7
2901 2
2902 1
2903 9
2904 7
2905 2
2906 1
2907 0
2908 9
2909 7
2910 3
2911 9
2912 7
2913 3
2914 0
2915 9
2916 7
2917 3
2918 1
2919 9
2920 7
2921 3
2922 1
2923 0
2924 9
2925 7
2926 3
2927 2
2928 9
2929 7
2930 3
2931 2
2932 0
2933 9
2934 7
2935 3
2936 2
2937 1
2938 9
2939 7
2940 3
2941 2
2942 1
2943 0
2944 9
2945 7
2946 4
2947 9
2948 7
2949 4
2950 0
2951 9
2952 7
2953 4
2954 1
2955 9
2956 7
2957 4
2958 1
2959 0
2960 9
2961 7
2962 4
2963 2
2964 9
2965 7
2966 4
2967 2
2968 0
2969 9
2970 7
2971 4
2972 2
2973 1
2974 9
2975 7
2976 4
2977 2
2978 1
2979 0
2980 9
2981 7
2982 4
2983 3
2984 9
2985 7
2986 4
2987 3
2988 0
2989 9
2990 7
2991 4
2992 3
2993 1
2994 9
2995 7
2996 4
2997 3
2998 1
2999 0
3000 9
3001 7
3002 4
3003 3
3004 2
3005 9
3006 7
3007 4
3008 3
3009 2
3010 0
3011 9
3012 7
3013 4
3014 3
3015 2
3016 1
3017 9
3018 7
3019 4
3020 3
3021 2
3022 1
3023 0
3024 9
3025 7
3026 5
3027 9
3028 7
3029 5
3030 0
3031 9
3032 7
3033 5
3034 1
3035 9
3036 7
3037 5
3038 1
3039 0
3040 9
3041 7
3042 5
3043 2
3044 9
3045 7
3046 5
3047 2
3048 0
3049 9
3050 7
3051 5
3052 2
3053 1
3054 9
3055 7
3056 5
3057 2
3058 1
3059 0
3060 9
3061 7
3062 5
3063 3
3064 9
3065 7
3066 5
3067 3
3068 0
3069 9
3070 7
3071 5
3072 3
3073 1
3074 9
3075 7
3076 5
3077 3
3078 1
3079 0
3080 9
3081 7
3082 5
3083 3
3084 2
3085 9
3086 7
3087 5
3088 3
3089 2
3090 0
3091 9
3092 7
3093 5
3094 3
3095 2
3096 1
3097 9
3098 7
3099 5
3100 3
3101 2
3102 1
3103 0
3104 9
3105 7
3106 5
3107 4
3108 9
3109 7
3110 5
3111 4
3112 0
3113 9
3114 7
3115 5
3116 4
3117 1
3118 9
3119 7
3120 5
3121 4
3122 1
3123 0
3124 9
3125 7
3126 5
3127 4
3128 2
3129 9
3130 7
3131 5
3132 4
3133 2
3134 0
3135 9
3136 7
3137 5
3138 4
3139 2
3140 1
3141 9
3142 7
3143 5
3144 4
3145 2
3146 1
3147 0
3148 9
3149 7
3150 5
3151 4
3152 3
3153 9
3154 7
3155 5
3156 4
3157 3
3158 0
3159 9
3160 7
3161 5
3162 4
3163 3
3164 1
3165 9
3166 7
3167 5
3168 4
3169 3
3170 1
3171 0
3172 9
3173 7
3174 5
3175 4
3176 3
3177 2
3178 9
3179 7
3180 5
3181 4
3182 3
3183 2
3184 0
3185 9
3186 7
3187 5
3188 4
3189 3
3190 2
3191 1
3192 9
3193 7
3194 5
3195 4
3196 3
3197 2
3198 1
3199 0
3200 9
3201 7
3202 6
3203 9
3204 7
3205 6
3206 0
3207 9
3208 7
3209 6
3210 1
3211 9
3212 7
3213 6
3214 1
3215 0
3216 9
3217 7
3218 6
3219 2
3220 9
3221 7
3222 6
3223 2
3224 0
3225 9
3226 7
3227 6
3228 2
3229 1
3230 9
3231 7
3232 6
3233 2
3234 1
3235 0
3236 9
3237 7
3238 6
3239 3
3240 9
3241 7
3242 6
3243 3
3244 0
3245 9
3246 7
3247 6
3248 3
3249 1
3250 9
3251 7
3252 6
3253 3
3254 1
3255 0
3256 9
3257 7
3258 6
3259 3
3260 2
3261 9
3262 7
3263 6
3264 3
3265 2
3266 0
3267 9
3268 7
3269 6
3270 3
3271 2
3272 1
3273 9
3274 7
3275 6
3276 3
3277 2
3278 1
3279 0
3280 9
3281 7
3282 6
3283 4
3284 9
3285 7
3286 6
3287 4
3288 0
3289 9
3290 7
3291 6
3292 4
3293 1
3294 9
3295 7
3296 6
3297 4
3298 1
3299 0
3300 9
3301 7
3302 6
3303 4
3304 2
3305 9
3306 7
3307 6
3308 4
3309 2
3310 0
3311 9
3312 7
3313 6
3314 4
3315 2
3316 1
3317 9
3318 7
3319 6
3320 4
3321 2
3322 1
3323 0
3324 9
3325 7
3326 6
3327 4
3328 3
3329 9
3330 7
3331 6
3332 4
3333 3
3334 0
3335 9
3336 7
3337 6
3338 4
3339 3
3340 1
3341 9
3342 7
3343 6
3344 4
3345 3
3346 1
3347 0
3348 9
3349 7
3350 6
3351 4
3352 3
3353 2
3354 9
3355 7
3356 6
3357 4
3358 3
3359 2
3360 0
3361 9
3362 7
3363 6
3364 4
3365 3
3366 2
3367 1
3368 9
3369 7
3370 6
3371 4
3372 3
3373 2
3374 1
3375 0
3376 9
3377 7
3378 6
3379 5
3380 9
3381 7
3382 6
3383 5
3384 0
3385 9
3386 7
3387 6
3388 5
3389 1
3390 9
3391 7
3392 6
3393 5
3394 1
3395 0
3396 9
3397 7
3398 6
3399 5
3400 2
3401 9
3402 7
3403 6
3404 5
3405 2
3406 0
3407 9
3408 7
3409 6
3410 5
3411 2
3412 1
3413 9
3414 7
3415 6
3416 5
3417 2
3418 1
3419 0
3420 9
3421 7
3422 6
3423 5
3424 3
3425 9
3426 7
3427 6
3428 5
3429 3
3430 0
3431 9
3432 7
3433 6
3434 5
3435 3
3436 1
3437 9
3438 7
3439 6
3440 5
3441 3
3442 1
3443 0
3444 9
3445 7
3446 6
3447 5
3448 3
3449 2
3450 9
3451 7
3452 6
3453 5
3454 3
3455 2
3456 0
3457 9
3458 7
3459 6
3460 5
3461 3
3462 2
3463 1
3464 9
3465 7
3466 6
3467 5
3468 3
3469 2
3470 1
3471 0
3472 9
3473 7
3474 6
3475 5
3476 4
3477 9
3478 7
3479 6
3480 5
3481 4
3482 0
3483 9
3484 7
3485 6
3486 5
3487 4
3488 1
3489 9
3490 7
3491 6
3492 5
3493 4
3494 1
3495 0
3496 9
3497 7
3498 6
3499 5
3500 4
3501 2
3502 9
3503 7
3504 6
3505 5
3506 4
3507 2
3508 0
3509 9
3510 7
3511 6
3512 5
3513 4
3514 2
3515 1
3516 9
3517 7
3518 6
3519 5
3520 4
3521 2
3522 1
3523 0
3524 9
3525 7
3526 6
3527 5
3528 4
3529 3
3530 9
3531 7
3532 6
3533 5
3534 4
3535 3
3536 0
3537 9
3538 7
3539 6
3540 5
3541 4
3542 3
3543 1
3544 9
3545 7
3546 6
3547 5
3548 4
3549 3
3550 1
3551 0
3552 9
3553 7
3554 6
3555 5
3556 4
3557 3
3558 2
3559 9
3560 7
3561 6
3562 5
3563 4
3564 3
3565 2
3566 0
3567 9
3568 7
3569 6
3570 5
3571 4
3572 3
3573 2
3574 1
3575 9
3576 7
3577 6
3578 5
3579 4
3580 3
3581 2
3582 1
3583 0
3584 9
3585 8
3586 9
3587 8
3588 0
3589 9
3590 8
3591 1
3592 9
3593 8
3594 1
3595 0
3596 9
3597 8
3598 2
3599 9
3600 8
3601 2
3602 0
3603 9
3604 8
3605 2
3606 1
3607 9
3608 8
3609 2
3610 1
3611 0
3612 9
3613 8
3614 3
3615 9
3616 8
3617 3
3618 0
3619 9
3620 8
3621 3
3622 1
3623 9
3624 8
3625 3
3626 1
3627 0
3628 9
3629 8
3630 3
3631 2
3632 9
3633 8
3634 3
3635 2
3636 0
3637 9
3638 8
3639 3
3640 2
3641 1
3642 9
3643 8
3644 3
3645 2
3646 1
3647 0
3648 9
3649 8
3650 4
3651 9
3652 8
3653 4
3654 0
3655 9
3656 8
3657 4
3658 1
3659 9
3660 8
3661 4
3662 1
3663 0
3664 9
3665 8
3666 4
3667 2
3668 9
3669 8
3670 4
3671 2
3672 0
3673 9
3674 8
3675 4
3676 2
3677 1
3678 9
3679 8
3680 4
3681 2
3682 1
3683 0
3684 9
3685 8
3686 4
3687 3
3688 9
3689 8
3690 4
3691 3
3692 0
3693 9
3694 8
3695 4
3696 3
3697 1
3698 9
3699 8
3700 4
3701 3
3702 1
3703 0
3704 9
3705 8
3706 4
3707 3
3708 2
3709 9
3710 8
3711 4
3712 3
3713 2
3714 0
3715 9
3716 8
3717 4
3718 3
3719 2
3720 1
3721 9
3722 8
3723 4
3724 3
3725 2
3726 1
3727 0
3728 9
3729 8
3730 5
3731 9
3732 8
3733 5
3734 0
3735 9
3736 8
3737 5
3738 1
3739 9
3740 8
3741 5
3742 1
3743 0
3744 9
3745 8
3746 5
3747 2
3748 9
3749 8
3750 5
3751 2
3752 0
3753 9
3754 8
3755 5
3756 2
3757 1
3758 9
3759 8
3760 5
3761 2
3762 1
3763 0
3764 9
3765 8
3766 5
3767 3
3768 9
3769 8
3770 5
3771 3
3772 0
3773 9
3774 8
3775 5
3776 3
3777 1
3778 9
3779 8
3780 5
3781 3
3782 1
3783 0
3784 9
3785 8
3786 5
3787 3
3788 2
3789 9
3790 8
3791 5
3792 3
3793 2
3794 0
3795 9
3796 8
3797 5
3798 3
3799 2
3800 1
3801 9
3802 8
3803 5
3804 3
3805 2
3806 1
3807 0
3808 9
3809 8
3810 5
3811 4
3812 9
3813 8
3814 5
3815 4
3816 0
3817 9
3818 8
3819 5
3820 4
3821 1
3822 9
3823 8
3824 5
3825 4
3826 1
3827 0
3828 9
3829 8
3830 5
3831 4
3832 2
3833 9
3834 8
3835 5
3836 4
3837 2
3838 0
3839 9
3840 8
3841 5
3842 4
3843 2
3844 1
3845 9
3846 8
3847 5
3848 4
3849 2
3850 1
3851 0
3852 9
3853 8
3854 5
3855 4
3856 3
3857 9
3858 8
3859 5
3860 4
3861 3
3862 0
3863 9
3864 8
3865 5
3866 4
3867 3
3868 1
3869 9
3870 8
3871 5
3872 4
3873 3
3874 1
3875 0
3876 9
3877 8
3878 5
3879 4
3880 3
3881 2
3882 9
3883 8
3884 5
3885 4
3886 3
3887 2
3888 0
3889 9
3890 8
3891 5
3892 4
3893 3
3894 2
3895 1
3896 9
3897 8
3898 5
3899 4
3900 3
3901 2
3902 1
3903 0
3904 9
3905 8
3906 6
3907 9
3908 8
3909 6
3910 0
3911 9
3912 8
3913 6
3914 1
3915 9
3916 8
3917 6
3918 1
3919 0
3920 9
3921 8
3922 6
3923 2
3924 9
3925 8
3926 6
3927 2
3928 0
3929 9
3930 8
3931 6
3932 2
3933 1
3934 9
3935 8
3936 6
3937 2
3938 1
3939 0
3940 9
3941 8
3942 6
3943 3
3944 9
3945 8
3946 6
3947 3
3948 0
3949 9
3950 8
3951 6
3952 3
3953 1
3954 9
3955 8
3956 6
3957 3
3958 1
3959 0
3960 9
3961 8
3962 6
3963 3
3964 2
3965 9
3966 8
3967 6
3968 3
3969 2
3970 0
3971 9
3972 8
3973 6
3974 3
3975 2
3976 1
3977 9
3978 8
3979 6
3980 3
3981 2
3982 1
3983 0
3984 9
3985 8
3986 6
3987 4
3988 9
3989 8
3990 6
3991 4
3992 0
3993 9
3994 8
3995 6
3996 4
3997 1
3998 9
3999 8
4000 6
4001 4
4002 1
4003 0
4004 9
4005 8
4006 6
4007 4
4008 2
4009 9
4010 8
4011 6
4012 4
4013 2
4014 0
4015 9
4016 8
4017 6
4018 4
4019 2
4020 1
4021 9
4022 8
4023 6
4024 4
4025 2
4026 1
4027 0
4028 9
4029 8
4030 6
4031 4
4032 3
4033 9
4034 8
4035 6
4036 4
4037 3
4038 0
4039 9
4040 8
4041 6
4042 4
4043 3
4044 1
4045 9
4046 8
4047 6
4048 4
4049 3
4050 1
4051 0
4052 9
4053 8
4054 6
4055 4
4056 3
4057 2
4058 9
4059 8
4060 6
4061 4
4062 3
4063 2
4064 0
4065 9
4066 8
4067 6
4068 4
4069 3
4070 2
4071 1
4072 9
4073 8
4074 6
4075 4
4076 3
4077 2
4078 1
4079 0
4080 9
4081 8
4082 6
4083 5
4084 9
4085 8
4086 6
4087 5
4088 0
4089 9
4090 8
4091 6
4092 5
4093 1
4094 9
4095 8
4096 6
4097 5
4098 1
4099 0
4100 9
4101 8
4102 6
4103 5
4104 2
4105 9
4106 8
4107 6
4108 5
4109 2
4110 0
4111 9
4112 8
4113 6
4114 5
4115 2
4116 1
4117 9
4118 8
4119 6
4120 5
4121 2
4122 1
4123 0
4124 9
4125 8
4126 6
4127 5
4128 3
4129 9
4130 8
4131 6
4132 5
4133 3
4134 0
4135 9
4136 8
4137 6
4138 5
4139 3
4140 1
4141 9
4142 8
4143 6
4144 5
4145 3
4146 1
4147 0
4148 9
4149 8
4150 6
4151 5
4152 3
4153 2
4154 9
4155 8
4156 6
4157 5
4158 3
4159 2
4160 0
4161 9
4162 8
4163 6
4164 5
4165 3
4166 2
4167 1
4168 9
4169 8
4170 6
4171 5
4172 3
4173 2
4174 1
4175 0
4176 9
4177 8
4178 6
4179 5
4180 4
4181 9
4182 8
4183 6
4184 5
4185 4
4186 0
4187 9
4188 8
4189 6
4190 5
4191 4
4192 1
4193 9
4194 8
4195 6
4196 5
4197 4
4198 1
4199 0
4200 9
4201 8
4202 6
4203 5
4204 4
4205 2
4206 9
4207 8
4208 6
4209 5
4210 4
4211 2
4212 0
4213 9
4214 8
4215 6
4216 5
4217 4
4218 2
4219 1
4220 9
4221 8
4222 6
4223 5
4224 4
4225 2
4226 1
4227 0
4228 9
4229 8
4230 6
4231 5
4232 4
4233 3
4234 9
4235 8
4236 6
4237 5
4238 4
4239 3
4240 0
4241 9
4242 8
4243 6
4244 5
4245 4
4246 3
4247 1
4248 9
4249 8
4250 6
4251 5
4252 4
4253 3
4254 1
4255 0
4256 9
4257 8
4258 6
4259 5
4260 4
4261 3
4262 2
4263 9
4264 8
4265 6
4266 5
4267 4
4268 3
4269 2
4270 0
4271 9
4272 8
4273 6
4274 5
4275 4
4276 3
4277 2
4278 1
4279 9
4280 8
4281 6
4282 5
4283 4
4284 3
4285 2
4286 1
4287 0
4288 9
4289 8
4290 7
4291 9
4292 8
4293 7
4294 0
4295 9
4296 8
4297 7
4298 1
4299 9
4300 8
4301 7
4302 1
4303 0
4304 9
4305 8
4306 7
4307 2
4308 9
4309 8
4310 7
4311 2
4312 0
4313 9
4314 8
4315 7
4316 2
4317 1
4318 9
4319 8
4320 7
4321 2
4322 1
4323 0
4324 9
4325 8
4326 7
4327 3
4328 9
4329 8
4330 7
4331 3
4332 0
4333 9
4334 8
4335 7
4336 3
4337 1
4338 9
4339 8
4340 7
4341 3
4342 1
4343 0
4344 9
4345 8
4346 7
4347 3
4348 2
4349 9
4350 8
4351 7
4352 3
4353 2
4354 0
4355 9
4356 8
4357 7
4358 3
4359 2
4360 1
4361 9
4362 8
4363 7
4364 3
4365 2
4366 1
4367 0
4368 9
4369 8
4370 7
4371 4
4372 9
4373 8
4374 7
4375 4
4376 0
4377 9
4378 8
4379 7
4380 4
4381 1
4382 9
4383 8
4384 7
4385 4
4386 1
4387 0
4388 9
4389 8
4390 7
4391 4
4392 2
4393 9
4394 8
4395 7
4396 4
4397 2
4398 0
4399 9
4400 8
4401 7
4402 4
4403 2
4404 1
4405 9
4406 8
4407 7
4408 4
4409 2
4410 1
4411 0
4412 9
4413 8
4414 7
4415 4
4416 3
4417 9
4418 8
4419 7
4420 4
4421 3
4422 0
4423 9
4424 8
4425 7
4426 4
4427 3
4428 1
4429 9
4430 8
4431 7
4432 4
4433 3
4434 1
4435 0
4436 9
4437 8
4438 7
4439 4
4440 3
4441 2
4442 9
4443 8
4444 7
4445 4
4446 3
4447 2
4448 0
4449 9
4450 8
4451 7
4452 4
4453 3
4454 2
4455 1
4456 9
4457 8
4458 7
4459 4
4460 3
4461 2
4462 1
4463 0
4464 9
4465 8
4466 7
4467 5
4468 9
4469 8
4470 7
4471 5
4472 0
4473 9
4474 8
4475 7
4476 5
4477 1
4478 9
4479 8
4480 7
4481 5
4482 1
4483 0
4484 9
4485 8
4486 7
4487 5
4488 2
4489 9
4490 8
4491 7
4492 5
4493 2
4494 0
4495 9
4496 8
4497 7
4498 5
4499 2
4500 1
4501 9
4502 8
4503 7
4504 5
4505 2
4506 1
4507 0
4508 9
4509 8
4510 7
4511 5
4512 3
4513 9
4514 8
4515 7
4516 5
4517 3
4518 0
4519 9
4520 8
4521 7
4522 5
4523 3
4524 1
4525 9
4526 8
4527 7
4528 5
4529 3
4530 1
4531 0
4532 9
4533 8
4534 7
4535 5
4536 3
4537 2
4538 9
4539 8
4540 7
4541 5
4542 3
4543 2
4544 0
4545 9
4546 8
4547 7
4548 5
4549 3
4550 2
4551 1
4552 9
4553 8
4554 7
4555 5
4556 3
4557 2
4558 1
4559 0
4560 9
4561 8
4562 7
4563 5
4564 4
4565 9
4566 8
4567 7
4568 5
4569 4
4570 0
4571 9
4572 8
4573 7
4574 5
4575 4
4576 1
4577 9
4578 8
4579 7
4580 5
4581 4
4582 1
4583 0
4584 9
4585 8
4586 7
4587 5
4588 4
4589 2
4590 9
4591 8
4592 7
4593 5
4594 4
4595 2
4596 0
4597 9
4598 8
4599 7
4600 5
4601 4
4602 2
4603 1
4604 9
4605 8
4606 7
4607 5
4608 4
4609 2
4610 1
4611 0
4612 9
4613 8
4614 7
4615 5
4616 4
4617 3
4618 9
4619 8
4620 7
4621 5
4622 4
4623 3
4624 0
4625 9
4626 8
4627 7
4628 5
4629 4
4630 3
4631 1
4632 9
4633 8
4634 7
4635 5
4636 4
4637 3
4638 1
4639 0
4640 9
4641 8
4642 7
4643 5
4644 4
4645 3
4646 2
4647 9
4648 8
4649 7
4650 5
4651 4
4652 3
4653 2
4654 0
4655 9
4656 8
4657 7
4658 5
4659 4
4660 3
4661 2
4662 1
4663 9
4664 8
4665 7
4666 5
4667 4
4668 3
4669 2
4670 1
4671 0
4672 9
4673 8
4674 7
4675 6
4676 9
4677 8
4678 7
4679 6
4680 0
4681 9
4682 8
4683 7
4684 6
4685 1
4686 9
4687 8
4688 7
4689 6
4690 1
4691 0
4692 9
4693 8
4694 7
4695 6
4696 2
4697 9
4698 8
4699 7
4700 6
4701 2
4702 0
4703 9
4704 8
4705 7
4706 6
4707 2
4708 1
4709 9
4710 8
4711 7
4712 6
4713 2
4714 1
4715 0
4716 9
4717 8
4718 7
4719 6
4720 3
4721 9
4722 8
4723 7
4724 6
4725 3
4726 0
4727 9
4728 8
4729 7
4730 6
4731 3
4732 1
4733 9
4734 8
4735 7
4736 6
4737 3
4738 1
4739 0
4740 9
4741 8
4742 7
4743 6
4744 3
4745 2
4746 9
4747 8
4748 7
4749 6
4750 3
4751 2
4752 0
4753 9
4754 8
4755 7
4756 6
4757 3
4758 2
4759 1
4760 9
4761 8
4762 7
4763 6
4764 3
4765 2
4766 1
4767 0
4768 9
4769 8
4770 7
4771 6
4772 4
4773 9
4774 8
4775 7
4776 6
4777 4
4778 0
4779 9
4780 8
4781 7
4782 6
4783 4
4784 1
4785 9
4786 8
4787 7
4788 6
4789 4
4790 1
4791 0
4792 9
4793 8
4794 7
4795 6
4796 4
4797 2
4798 9
4799 8
4800 7
4801 6
4802 4
4803 2
4804 0
4805 9
4806 8
4807 7
4808 6
4809 4
4810 2
4811 1
4812 9
4813 8
4814 7
4815 6
4816 4
4817 2
4818 1
4819 0
4820 9
4821 8
4822 7
4823 6
4824 4
4825 3
4826 9
4827 8
4828 7
4829 6
4830 4
4831 3
4832 0
4833 9
4834 8
4835 7
4836 6
4837 4
4838 3
4839 1
4840 9
4841 8
4842 7
4843 6
4844 4
4845 3
4846 1
4847 0
4848 9
4849 8
4850 7
4851 6
4852 4
4853 3
4854 2
4855 9
4856 8
4857 7
4858 6
4859 4
4860 3
4861 2
4862 0
4863 9
4864 8
4865 7
4866 6
4867 4
4868 3
4869 2
4870 1
4871 9
4872 8
4873 7
4874 6
4875 4
4876 3
4877 2
4878 1
4879 0
4880 9
4881 8
4882 7
4883 6
4884 5
4885 9
4886 8
4887 7
4888 6
4889 5
4890 0
4891 9
4892 8
4893 7
4894 6
4895 5
4896 1
4897 9
4898 8
4899 7
4900 6
4901 5
4902 1
4903 0
4904 9
4905 8
4906 7
4907 6
4908 5
4909 2
4910 9
4911 8
4912 7
4913 6
4914 5
4915 2
4916 0
4917 9
4918 8
4919 7
4920 6
4921 5
4922 2
4923 1
4924 9
4925 8
4926 7
4927 6
4928 5
4929 2
4930 1
4931 0
4932 9
4933 8
4934 7
4935 6
4936 5
4937 3
4938 9
4939 8
4940 7
4941 6
4942 5
4943 3
4944 0
4945 9
4946 8
4947 7
4948 6
4949 5
4950 3
4951 1
4952 9
4953 8
4954 7
4955 6
4956 5
4957 3
4958 1
4959 0
4960 9
4961 8
4962 7
4963 6
4964 5
4965 3
4966 2
4967 9
4968 8
4969 7
4970 6
4971 5
4972 3
4973 2
4974 0
4975 9
4976 8
4977 7
4978 6
4979 5
4980 3
4981 2
4982 1
4983 9
4984 8
4985 7
4986 6
4987 5
4988 3
4989 2
4990 1
4991 0
4992 9
4993 8
4994 7
4995 6
4996 5
4997 4
4998 9
4999 8
5000 7
5001 6
5002 5
5003 4
5004 0
5005 9
5006 8
5007 7
5008 6
5009 5
5010 4
5011 1
5012 9
5013 8
5014 7
5015 6
5016 5
5017 4
5018 1
5019 0
5020 9
5021 8
5022 7
5023 6
5024 5
5025 4
5026 2
5027 9
5028 8
5029 7
5030 6
5031 5
5032 4
5033 2
5034 0
5035 9
5036 8
5037 7
5038 6
5039 5
5040 4
5041 2
5042 1
5043 9
5044 8
5045 7
5046 6
5047 5
5048 4
5049 2
5050 1
5051 0
5052 9
5053 8
5054 7
5055 6
5056 5
5057 4
5058 3
5059 9
5060 8
5061 7
5062 6
5063 5
5064 4
5065 3
5066 0
5067 9
5068 8
5069 7
5070 6
5071 5
5072 4
5073 3
5074 1
5075 9
5076 8
5077 7
5078 6
5079 5
5080 4
5081 3
5082 1
5083 0
5084 9
5085 8
5086 7
5087 6
5088 5
5089 4
5090 3
5091 2
5092 9
5093 8
5094 7
5095 6
5096 5
5097 4
5098 3
5099 2
5100 0
5101 9
5102 8
5103 7
5104 6
5105 5
5106 4
5107 3
5108 2
5109 1
5110 9
5111 8
5112 7
5113 6
5114 5
5115 4
5116 3
5117 2
5118 1
5119 0
5120 10
5121 10
5122 0
5123 10
5124 1
5125 10
5126 1
5127 0
5128 10
5129 2
5130 10
5131 2
5132 0
5133 10
5134 2
5135 1
5136 10
5137 2
5138 1
5139 0
5140 10
5141 3
5142 10
5143 3
5144 0
5145 10
5146 3
5147 1
5148 10
5149 3
5150 1
5151 0
5152 10
5153 3
5154 2
5155 10
5156 3
5157 2
5158 0
5159 10
5160 3
5161 2
5162 1
5163 10
5164 3
5165 2
5166 1
5167 0
5168 10
5169 4
5170 10
5171 4
5172 0
5173 10
5174 4
5175 1
5176 10
5177 4
5178 1
5179 0
5180 10
5181 4
5182 2
5183 10
5184 4
5185 2
5186 0
5187 10
5188 4
5189 2
5190 1
5191 10
5192 4
5193 2
5194 1
5195 0
5196 10
5197 4
5198 3
5199 10
5200 4
5201 3
5202 0
5203 10
5204 4
5205 3
5206 1
5207 10
5208 4
5209 3
5210 1
5211 0
5212 10
5213 4
5214 3
5215 2
5216 10
5217 4
5218 3
5219 2
5220 0
5221 10
5222 4
5223 3
5224 2
5225 1
5226 10
5227 4
5228 3
5229 2
5230 1
5231 0
5232 10
5233 5
5234 10
5235 5
5236 0
5237 10
5238 5
5239 1
5240 10
5241 5
5242 1
5243 0
5244 10
5245 5
5246 2
5247 10
5248 5
5249 2
5250 0
5251 10
5252 5
5253 2
5254 1
5255 10
5256 5
5257 2
5258 1
5259 0
5260 10
5261 5
5262 3
5263 10
5264 5
5265 3
5266 0
5267 10
5268 5
5269 3
5270 1
5271 10
5272 5
5273 3
5274 1
5275 0
5276 10
5277 5
5278 3
5279 2
5280 10
5281 5
5282 3
5283 2
5284 0
5285 10
5286 5
5287 3
5288 2
5289 1
5290 10
5291 5
5292 3
5293 2
5294 1
5295 0
5296 10
5297 5
5298 4
5299 10
5300 5
5301 4
5302 0
5303 10
5304 5
5305 4
5306 1
5307 10
5308 5
5309 4
5310 1
5311 0
5312 10
5313 5
5314 4
5315 2
5316 10
5317 5
5318 4
5319 2
5320 0
5321 10
5322 5
5323 4
5324 2
5325 1
5326 10
5327 5
5328 4
5329 2
5330 1
5331 0
5332 10
5333 5
5334 4
5335 3
5336 10
5337 5
5338 4
5339 3
5340 0
5341 10
5342 5
5343 4
5344 3
5345 1
5346 10
5347 5
5348 4
5349 3
5350 1
5351 0
5352 10
5353 5
5354 4
5355 3
5356 2
5357 10
5358 5
5359 4
5360 3
5361 2
5362 0
5363 10
5364 5
5365 4
5366 3
5367 2
5368 1
5369 10
5370 5
5371 4
5372 3
5373 2
5374 1
5375 0
5376 10
5377 6
5378 10
5379 6
5380 0
5381 10
5382 6
5383 1
5384 10
5385 6
5386 1
5387 0
5388 10
5389 6
5390 2
5391 10
5392 6
5393 2
5394 0
5395 10
5396 6
5397 2
5398 1
5399 10
5400 6
5401 2
5402 1
5403 0
5404 10
5405 6
5406 3
5407 10
5408 6
5409 3
5410 0
5411 10
5412 6
5413 3
5414 1
5415 10
5416 6
5417 3
5418 1
5419 0
5420 10
5421 6
5422 3
5423 2
5424 10
5425 6
5426 3
5427 2
5428 0
5429 10
5430 6
5431 3
5432 2
5433 1
5434 10
5435 6
5436 3
5437 2
5438 1
5439 0
5440 10
5441 6
5442 4
5443 10
5444 6
5445 4
5446 0
5447 10
5448 6
5449 4
5450 1
5451 10
5452 6
5453 4
5454 1
5455 0
5456 10
5457 6
5458 4
5459 2
5460 10
5461 6
5462 4
5463 2
5464 0
5465 10
5466 6
5467 4
5468 2
5469 1
5470 10
5471 6
5472 4
5473 2
5474 1
5475 0
5476 10
5477 6
5478 4
5479 3
5480 10
5481 6
5482 4
5483 3
5484 0
5485 10
5486 6
5487 4
5488 3
5489 1
5490 10
5491 6
5492 4
5493 3
5494 1
5495 0
5496 10
5497 6
5498 4
5499 3
5500 2
5501 10
5502 6
5503 4
5504 3
5505 2
5506 0
5507 10
5508 6
5509 4
5510 3
5511 2
5512 1
5513 10
5514 6
5515 4
5516 3
5517 2
5518 1
5519 0
5520 10
5521 6
5522 5
5523 10
5524 6
5525 5
5526 0
5527 10
5528 6
5529 5
5530 1
5531 10
5532 6
5533 5
5534 1
5535 0
5536 10
5537 6
5538 5
5539 2
5540 10
5541 6
5542 5
5543 2
5544 0
5545 10
5546 6
5547 5
5548 2
5549 1
5550 10
5551 6
5552 5
5553 2
5554 1
5555 0
5556 10
5557 6
5558 5
5559 3
5560 10
5561 6
5562 5
5563 3
5564 0
5565 10
5566 6
5567 5
5568 3
5569 1
5570 10
5571 6
5572 5
5573 3
5574 1
5575 0
5576 10
5577 6
5578 5
5579 3
5580 2
5581 10
5582 6
5583 5
5584 3
5585 2
5586 0
5587 10
5588 6
5589 5
5590 3
5591 2
5592 1
5593 10
5594 6
5595 5
5596 3
5597 2
5598 1
5599 0
5600 10
5601 6
5602 5
5603 4
5604 10
5605 6
5606 5
5607 4
5608 0
5609 10
5610 6
5611 5
5612 4
5613 1
5614 10
5615 6
5616 5
5617 4
5618 1
5619 0
5620 10
5621 6
5622 5
5623 4
5624 2
5625 10
5626 6
5627 5
5628 4
5629 2
5630 0
5631 10
5632 6
5633 5
5634 4
5635 2
5636 1
5637 10
5638 6
5639 5
5640 4
5641 2
5642 1
5643 0
5644 10
5645 6
5646 5
5647 4
5648 3
5649 10
5650 6
5651 5
5652 4
5653 3
5654 0
5655 10
5656 6
5657 5
5658 4
5659 3
5660 1
5661 10
5662 6
5663 5
5664 4
5665 3
5666 1
5667 0
5668 10
5669 6
5670 5
5671 4
5672 3
5673 2
5674 10
5675 6
5676 5
5677 4
5678 3
5679 2
5680 0
5681 10
5682 6
5683 5
5684 4
5685 3
5686 2
5687 1
5688 10
5689 6
5690 5
5691 4
5692 3
5693 2
5694 1
5695 0
5696 10
5697 7
5698 10
5699 7
5700 0
5701 10
5702 7
5703 1
5704 10
5705 7
5706 1
5707 0
5708 10
5709 7
5710 2
5711 10
5712 7
5713 2
5714 0
5715 10
5716 7
5717 2
5718 1
5719 10
5720 7
5721 2
5722 1
5723 0
5724 10
5725 7
5726 3
5727 10
5728 7
5729 3
5730 0
5731 10
5732 7
5733 3
5734 1
5735 10
5736 7
5737 3
5738 1
5739 0
5740 10
5741 7
5742 3
5743 2
5744 10
5745 7
5746 3
5747 2
5748 0
5749 10
5750 7
5751 3
5752 2
5753 1
5754 10
5755 7
5756 3
5757 2
5758 1
5759 0
5760 10
5761 7
5762 4
5763 10
5764 7
5765 4
5766 0
5767 10
5768 7
5769 4
5770 1
5771 10
5772 7
5773 4
5774 1
5775 0
5776 10
5777 7
5778 4
5779 2
5780 10
5781 7
5782 4
5783 2
5784 0
5785 10
5786 7
5787 4
5788 2
5789 1
5790 10
5791 7
5792 4
5793 2
5794 1
5795 0
5796 10
5797 7
5798 4
5799 3
5800 10
5801 7
5802 4
5803 3
5804 0
5805 10
5806 7
5807 4
5808 3
5809 1
5810 10
5811 7
5812 4
5813 3
5814 1
5815 0
5816 10
5817 7
5818 4
5819 3
5820 2
5821 10
5822 7
5823 4
5824 3
5825 2
5826 0
5827 10
5828 7
5829 4
5830 3
5831 2
5832 1
5833 10
5834 7
5835 4
5836 3
5837 2
5838 1
5839 0
5840 10
5841 7
5842 5
5843 10
5844 7
5845 5
5846 0
5847 10
5848 7
5849 5
5850 1
5851 10
5852 7
5853 5
5854 1
5855 0
5856 10
5857 7
5858 5
5859 2
5860 10
5861 7
5862 5
5863 2
5864 0
5865 10
5866 7
5867 5
5868 2
5869 1
5870 10
5871 7
5872 5
5873 2
5874 1
5875 0
5876 10
5877 7
5878 5
5879 3
5880 10
5881 7
5882 5
5883 3
5884 0
5885 10
5886 7
5887 5
5888 3
5889 1
5890 10
5891 7
5892 5
5893 3
5894 1
5895 0
5896 10
5897 7
5898 5
5899 3
5900 2
5901 10
5902 7
5903 5
5904 3
5905 2
5906 0
5907 10
5908 7
5909 5
5910 3
5911 2
5912 1
5913 10
5914 7
5915 5
5916 3
5917 2
5918 1
5919 0
5920 10
5921 7
5922 5
5923 4
5924 10
5925 7
5926 5
5927 4
5928 0
5929 10
5930 7
5931 5
5932 4
5933 1
5934 10
5935 7
5936 5
5937 4
5938 1
5939 0
5940 10
5941 7
5942 5
5943 4
5944 2
5945 10
5946 7
5947 5
5948 4
5949 2
5950 0
5951 10
5952 7
5953 5
5954 4
5955 2
5956 1
5957 10
5958 7
5959 5
5960 4
5961 2
5962 1
5963 0
5964 10
5965 7
5966 5
5967 4
5968 3
5969 10
5970 7
5971 5
5972 4
5973 3
5974 0
5975 10
5976 7
5977 5
5978 4
5979 3
5980 1
5981 10
5982 7
5983 5
5984 4
5985 3
5986 1
5987 0
5988 10
5989 7
5990 5
5991 4
5992 3
5993 2
5994 10
5995 7
5996 5
5997 4
5998 3
5999 2
6000 0
6001 10
6002 7
6003 5
6004 4
6005 3
6006 2
6007 1
6008 10
6009 7
6010 5
6011 4
6012 3
6013 2
6014 1
6015 0
6016 10
6017 7
6018 6
6019 10
6020 7
6021 6
6022 0
6023 10
6024 7
6025 6
6026 1
6027 10
6028 7
6029 6
6030 1
6031 0
6032 10
6033 7
6034 6
6035 2
6036 10
6037 7
6038 6
6039 2
6040 0
6041 10
6042 7
6043 6
6044 2
6045 1
6046 10
6047 7
6048 6
6049 2
6050 1
6051 0
6052 10
6053 7
6054 6
6055 3
6056 10
6057 7
6058 6
6059 3
6060 0
6061 10
6062 7
6063 6
6064 3
6065 1
6066 10
6067 7
6068 6
6069 3
6070 1
6071 0
6072 10
6073 7
6074 6
6075 3
6076 2
6077 10
6078 7
6079 6
6080 3
6081 2
6082 0
6083 10
6084 7
6085 6
6086 3
6087 2
6088 1
6089 10
6090 7
6091 6
6092 3
6093 2
6094 1
6095 0
6096 10
6097 7
6098 6
6099 4
6100 10
6101 7
6102 6
6103 4
6104 0
6105 10
6106 7
6107 6
6108 4
6109 1
6110 10
6111 7
6112 6
6113 4
6114 1
6115 0
6116 10
6117 7
6118 6
6119 4
6120 2
6121 10
6122 7
6123 6
6124 4
6125 2
6126 0
6127 10
6128 7
6129 6
6130 4
6131 2
6132 1
6133 10
6134 7
6135 6
6136 4
6137 2
6138 1
6139 0
6140 10
6141 7
6142 6
6143 4
6144 3
6145 10
6146 7
6147 6
6148 4
6149 3
6150 0
6151 10
6152 7
6153 6
6154 4
6155 3
6156 1
6157 10
6158 7
6159 6
6160 4
6161 3
6162 1
6163 0
6164 10
6165 7
6166 6
6167 4
6168 3
6169 2
6170 10
6171 7
6172 6
6173 4
6174 3
6175 2
6176 0
6177 10
6178 7
6179 6
6180 4
6181 3
6182 2
6183 1
6184 10
6185 7
6186 6
6187 4
6188 3
6189 2
6190 1
6191 0
6192 10
6193 7
6194 6
6195 5
6196 10
6197 7
6198 6
6199 5
6200 0
6201 10
6202 7
6203 6
6204 5
6205 1
6206 10
6207 7
6208 6
6209 5
6210 1
6211 0
6212 10
6213 7
6214 6
6215 5
6216 2
6217 10
6218 7
6219 6
6220 5
6221 2
6222 0
6223 10
6224 7
6225 6
6226 5
6227 2
6228 1
6229 10
6230 7
6231 6
6232 5
6233 2
6234 1
6235 0
6236 10
6237 7
6238 6
6239 5
6240 3
6241 10
6242 7
6243 6
6244 5
6245 3
6246 0
6247 10
6248 7
6249 6
6250 5
6251 3
6252 1
6253 10
6254 7
6255 6
6256 5
6257 3
6258 1
6259 0
6260 10
6261 7
6262 6
6263 5
6264 3
6265 2
6266 10
6267 7
6268 6
6269 5
6270 3
6271 2
6272 0
6273 10
6274 7
6275 6
6276 5
6277 3
6278 2
6279 1
6280 10
6281 7
6282 6
6283 5
6284 3
6285 2
6286 1
6287 0
6288 10
6289 7
6290 6
6291 5
6292 4
6293 10
6294 7
6295 6
6296 5
6297 4
6298 0
6299 10
6300 7
6301 6
6302 5
6303 4
6304 1
6305 10
6306 7
6307 6
6308 5
6309 4
6310 1
6311 0
6312 10
6313 7
6314 6
6315 5
6316 4
6317 2
6318 10
6319 7
6320 6
6321 5
6322 4
6323 2
6324 0
6325 10
6326 7
6327 6
6328 5
6329 4
6330 2
6331 1
6332 10
6333 7
6334 6
6335 5
6336 4
6337 2
6338 1
6339 0
6340 10
6341 7
6342 6
6343 5
6344 4
6345 3
6346 10
6347 7
6348 6
6349 5
6350 4
6351 3
6352 0
6353 10
6354 7
6355 6
6356 5
6357 4
6358 3
6359 1
6360 10
6361 7
6362 6
6363 5
6364 4
6365 3
6366 1
6367 0
6368 10
6369 7
6370 6
6371 5
6372 4
6373 3
6374 2
6375 10
6376 7
6377 6
6378 5
6379 4
6380 3
6381 2
6382 0
6383 10
6384 7
6385 6
6386 5
6387 4
6388 3
6389 2
6390 1
6391 10
6392 7
6393 6
6394 5
6395 4
6396 3
6397 2
6398 1
6399 0
6400 10
6401 8
6402 10
6403 8
6404 0
6405 10
6406 8
6407 1
6408 10
6409 8
6410 1
6411 0
6412 10
6413 8
6414 2
6415 10
6416 8
6417 2
6418 0
6419 10
6420 8
6421 2
6422 1
6423 10
6424 8
6425 2
6426 1
6427 0
6428 10
6429 8
6430 3
6431 10
6432 8
6433 3
6434 0
6435 10
6436 8
6437 3
6438 1
6439 10
6440 8
6441 3
6442 1
6443 0
6444 10
6445 8
6446 3
6447 2
6448 10
6449 8
6450 3
6451 2
6452 0
6453 10
6454 8
6455 3
6456 2
6457 1
6458 10
6459 8
6460 3
6461 2
6462 1
6463 0
6464 10
6465 8
6466 4
6467 10
6468 8
6469 4
6470 0
6471 10
6472 8
6473 4
6474 1
6475 10
6476 8
6477 4
6478 1
6479 0
6480 10
6481 8
6482 4
6483 2
6484 10
6485 8
6486 4
6487 2
6488 0
6489 10
6490 8
6491 4
6492 2
6493 1
6494 10
6495 8
6496 4
6497 2
6498 1
6499 0
6500 10
6501 8
6502 4
6503 3
6504 10
6505 8
6506 4
6507 3
6508 0
6509 10
6510 8
6511 4
6512 3
6513 1
6514 10
6515 8
6516 4
6517 3
6518 1
6519 0
6520 10
6521 8
6522 4
6523 3
6524 2
6525 10
6526 8
6527 4
6528 3
6529 2
6530 0
6531 10
6532 8
6533 4
6534 3
6535 2
6536 1
6537 10
6538 8
6539 4
6540 3
6541 2
6542 1
6543 0
6544 10
6545 8
6546 5
6547 10
6548 8
6549 5
6550 0
6551 10
6552 8
6553 5
6554 1
6555 10
6556 8
6557 5
6558 1
6559 0
6560 10
6561 8
6562 5
6563 2
6564 10
6565 8
6566 5
6567 2
6568 0
6569 10
6570 8
6571 5
6572 2
6573 1
6574 10
6575 8
6576 5
6577 2
6578 1
6579 0
6580 10
6581 8
6582 5
6583 3
6584 10
6585 8
6586 5
6587 3
6588 0
6589 10
6590 8
6591 5
6592 3
6593 1
6594 10
6595 8
6596 5
6597 3
6598 1
6599 0
6600 10
6601 8
6602 5
6603 3
6604 2
6605 10
6606 8
6607 5
6608 3
6609 2
6610 0
6611 10
6612 8
6613 5
6614 3
6615 2
6616 1
6617 10
6618 8
6619 5
6620 3
6621 2
6622 1
6623 0
6624 10
6625 8
6626 5
6627 4
6628 10
6629 8
6630 5
6631 4
6632 0
6633 10
6634 8
6635 5
6636 4
6637 1
6638 10
6639 8
6640 5
6641 4
6642 1
6643 0
6644 10
6645 8
6646 5
6647 4
6648 2
6649 10
6650 8
6651 5
6652 4
6653 2
6654 0
6655 10
6656 8
6657 5
6658 4
6659 2
6660 1
6661 10
6662 8
6663 5
6664 4
6665 2
6666 1
6667 0
6668 10
6669 8
6670 5
6671 4
6672 3
6673 10
6674 8
6675 5
6676 4
6677 3
6678 0
6679 10
6680 8
6681 5
6682 4
6683 3
6684 1
6685 10
6686 8
6687 5
6688 4
6689 3
6690 1
6691 0
6692 10
6693 8
6694 5
6695 4
6696 3
6697 2
6698 10
6699 8
6700 5
6701 4
6702 3
6703 2
6704 0
6705 10
6706 8
6707 5
6708 4
6709 3
6710 2
6711 1
6712 10
6713 8
6714 5
6715 4
6716 3
6717 2
6718 1
6719 0
6720 10
6721 8
6722 6
6723 10
6724 8
6725 6
6726 0
6727 10
6728 8
6729 6
6730 1
6731 10
6732 8
6733 6
6734 1
6735 0
6736 10
6737 8
6738 6
6739 2
6740 10
6741 8
6742 6
6743 2
6744 0
6745 10
6746 8
6747 6
6748 2
6749 1
6750 10
6751 8
6752 6
6753 2
6754 1
6755 0
6756 10
6757 8
6758 6
6759 3
6760 10
6761 8
6762 6
6763 3
6764 0
6765 10
6766 8
6767 6
6768 3
6769 1
6770 10
6771 8
6772 6
6773 3
6774 1
6775 0
6776 10
6777 8
6778 6
6779 3
6780 2
6781 10
6782 8
6783 6
6784 3
6785 2
6786 0
6787 10
6788 8
6789 6
6790 3
6791 2
6792 1
6793 10
6794 8
6795 6
6796 3
6797 2
6798 1
6799 0
6800 10
6801 8
6802 6
6803 4
6804 10
6805 8
6806 6
6807 4
6808 0
6809 10
6810 8
6811 6
6812 4
6813 1
6814 10
6815 8
6816 6
6817 4
6818 1
6819 0
6820 10
6821 8
6822 6
6823 4
6824 2
6825 10
6826 8
6827 6
6828 4
6829 2
6830 0
6831 10
6832 8
6833 6
6834 4
6835 2
6836 1
6837 10
6838 8
6839 6
6840 4
6841 2
6842 1
6843 0
6844 10
6845 8
6846 6
6847 4
6848 3
6849 10
6850 8
6851 6
6852 4
6853 3
6854 0
6855 10
6856 8
6857 6
6858 4
6859 3
6860 1
6861 10
6862 8
6863 6
6864 4
6865 3
6866 1
6867 0
6868 10
6869 8
6870 6
6871 4
6872 3
6873 2
6874 10
6875 8
6876 6
6877 4
6878 3
6879 2
6880 0
6881 10
6882 8
6883 6
6884 4
6885 3
6886 2
6887 1
6888 10
6889 8
6890 6
6891 4
6892 3
6893 2
6894 1
6895 0
6896 10
6897 8
6898 6
6899 5
6900 10
6901 8
6902 6
6903 5
6904 0
6905 10
6906 8
6907 6
6908 5
6909 1
6910 10
6911 8
6912 6
6913 5
6914 1
6915 0
6916 10
6917 8
6918 6
6919 5
6920 2
6921 10
6922 8
6923 6
6924 5
6925 2
6926 0
6927 10
6928 8
6929 6
6930 5
6931 2
6932 1
6933 10
6934 8
6935 6
6936 5
6937 2
6938 1
6939 0
6940 10
6941 8
6942 6
6943 5
6944 3
6945 10
6946 8
6947 6
6948 5
6949 3
6950 0
6951 10
6952 8
6953 6
6954 5
6955 3
6956 1
6957 10
6958 8
6959 6
6960 5
6961 3
6962 1
6963 0
6964 10
6965 8
6966 6
6967 5
6968 3
6969 2
6970 10
6971 8
6972 6
6973 5
6974 3
6975 2
6976 0
6977 10
6978 8
6979 6
6980 5
6981 3
6982 2
6983 1
6984 10
6985 8
6986 6
6987 5
6988 3
6989 2
6990 1
6991 0
6992 10
6993 8
6994 6
6995 5
6996 4
6997 10
6998 8
6999 6
7000 5
7001 4
7002 0
7003 10
7004 8
7005 6
7006 5
7007 4
7008 1
7009 10
7010 8
7011 6
7012 5
7013 4
7014 1
7015 0
7016 10
7017 8
7018 6
7019 5
7020 4
7021 2
7022 10
7023 8
7024 6
7025 5
7026 4
7027 2
7028 0
7029 10
7030 8
7031 6
7032 5
7033 4
7034 2
7035 1
7036 10
7037 8
7038 6
7039 5
7040 4
7041 2
7042 1
7043 0
7044 10
7045 8
7046 6
7047 5
7048 4
7049 3
7050 10
7051 8
7052 6
7053 5
7054 4
7055 3
7056 0
7057 10
7058 8
7059 6
7060 5
7061 4
7062 3
7063 1
7064 10
7065 8
7066 6
7067 5
7068 4
7069 3
7070 1
7071 0
7072 10
7073 8
7074 6
7075 5
7076 4
7077 3
7078 2
7079 10
7080 8
7081 6
7082 5
7083 4
7084 3
7085 2
7086 0
7087 10
7088 8
7089 6
7090 5
7091 4
7092 3
7093 2
7094 1
7095 10
7096 8
7097 6
7098 5
7099 4
7100 3
7101 2
7102 1
7103 0
7104 10
7105 8
7106 7
7107 10
7108 8
7109 7
7110 0
7111 10
7112 8
7113 7
7114 1
7115 10
7116 8
7117 7
7118 1
7119 0
7120 10
7121 8
7122 7
7123 2
7124 10
7125 8
7126 7
7127 2
7128 0
7129 10
7130 8
7131 7
7132 2
7133 1
7134 10
7135 8
7136 7
7137 2
7138 1
7139 0
7140 10
7141 8
7142 7
7143 3
7144 10
7145 8
7146 7
7147 3
7148 0
7149 10
7150 8
7151 7
7152 3
7153 1
7154 10
7155 8
7156 7
7157 3
7158 1
7159 0
7160 10
7161 8
7162 7
7163 3
7164 2
7165 10
7166 8
7167 7
7168 3
7169 2
7170 0
7171 10
7172 8
7173 7
7174 3
7175 2
7176 1
7177 10
7178 8
7179 7
7180 3
7181 2
7182 1
7183 0
7184 10
7185 8
7186 7
7187 4
7188 10
7189 8
7190 7
7191 4
7192 0
7193 10
7194 8
7195 7
7196 4
7197 1
7198 10
7199 8
7200 7
7201 4
7202 1
7203 0
7204 10
7205 8
7206 7
7207 4
7208 2
7209 10
7210 8
7211 7
7212 4
7213 2
7214 0
7215 10
7216 8
7217 7
7218 4
7219 2
7220 1
7221 10
7222 8
7223 7
7224 4
7225 2
7226 1
7227 0
7228 10
7229 8
7230 7
7231 4
7232 3
7233 10
7234 8
7235 7
7236 4
7237 3
7238 0
7239 10
7240 8
7241 7
7242 4
7243 3
7244 1
7245 10
7246 8
7247 7
7248 4
7249 3
7250 1
7251 0
7252 10
7253 8
7254 7
7255 4
7256 3
7257 2
7258 10
7259 8
7260 7
7261 4
7262 3
7263 2
7264 0
7265 10
7266 8
7267 7
7268 4
7269 3
7270 2
7271 1
7272 10
7273 8
7274 7
7275 4
7276 3
7277 2
7278 1
7279 0
7280 10
7281 8
7282 7
7283 5
7284 10
7285 8
7286 7
7287 5
7288 0
7289 10
7290 8
7291 7
7292 5
7293 1
7294 10
7295 8
7296 7
7297 5
7298 1
7299 0
7300 10
7301 8
7302 7
7303 5
7304 2
7305 10
7306 8
7307 7
7308 5
7309 2
7310 0
7311 10
7312 8
7313 7
7314 5
7315 2
7316 1
7317 10
7318 8
7319 7
7320 5
7321 2
7322 1
7323 0
7324 10
7325 8
7326 7
7327 5
7328 3
7329 10
7330 8
7331 7
7332 5
7333 3
7334 0
7335 10
7336 8
7337 7
7338 5
7339 3
7340 1
7341 10
7342 8
7343 7
7344 5
7345 3
7346 1
7347 0
7348 10
7349 8
7350 7
7351 5
7352 3
7353 2
7354 10
7355 8
7356 7
7357 5
7358 3
7359 2
7360 0
7361 10
7362 8
7363 7
7364 5
7365 3
7366 2
7367 1
7368 10
7369 8
7370 7
7371 5
7372 3
7373 2
7374 1
7375 0
7376 10
7377 8
7378 7
7379 5
7380 4
7381 10
7382 8
7383 7
7384 5
7385 4
7386 0
7387 10
7388 8
7389 7
7390 5
7391 4
7392 1
7393 10
7394 8
7395 7
7396 5
7397 4
7398 1
7399 0
7400 10
7401 8
7402 7
7403 5
7404 4
7405 2
7406 10
7407 8
7408 7
7409 5
7410 4
7411 2
7412 0
7413 10
7414 8
7415 7
7416 5
7417 4
7418 2
7419 1
7420 10
7421 8
7422 7
7423 5
7424 4
7425 2
7426 1
7427 0
7428 10
7429 8
7430 7
7431 5
7432 4
7433 3
7434 10
7435 8
7436 7
7437 5
7438 4
7439 3
7440 0
7441 10
7442 8
7443 7
7444 5
7445 4
7446 3
7447 1
7448 10
7449 8
7450 7
7451 5
7452 4
7453 3
7454 1
7455 0
7456 10
7457 8
7458 7
7459 5
7460 4
7461 3
7462 2
7463 10
7464 8
7465 7
7466 5
7467 4
7468 3
7469 2
7470 0
7471 10
7472 8
7473 7
7474 5
7475 4
7476 3
7477 2
7478 1
7479 10
7480 8
7481 7
7482 5
7483 4
7484 3
7485 2
7486 1
7487 0
7488 10
7489 8
7490 7
7491 6
7492 10
7493 8
7494 7
7495 6
7496 0
7497 10
7498 8
7499 7
7500 6
7501 1
7502 10
7503 8
7504 7
7505 6
7506 1
7507 0
7508 10
7509 8
7510 7
7511 6
7512 2
7513 10
7514 8
7515 7
7516 6
7517 2
7518 0
7519 10
7520 8
7521 7
7522 6
7523 2
7524 1
7525 10
7526 8
7527 7
7528 6
7529 2
7530 1
7531 0
7532 10
7533 8
7534 7
7535 6
7536 3
7537 10
7538 8
7539 7
7540 6
7541 3
7542 0
7543 10
7544 8
7545 7
7546 6
7547 3
7548 1
7549 10
7550 8
7551 7
7552 6
7553 3
7554 1
7555 0
7556 10
7557 8
7558 7
7559 6
7560 3
7561 2
7562 10
7563 8
7564 7
7565 6
7566 3
7567 2
7568 0
7569 10
7570 8
7571 7
7572 6
7573 3
7574 2
7575 1
7576 10
7577 8
7578 7
7579 6
7580 3
7581 2
7582 1
7583 0
7584 10
7585 8
7586 7
7587 6
7588 4
7589 10
7590 8
7591 7
7592 6
7593 4
7594 0
7595 10
7596 8
7597 7
7598 6
7599 4
7600 1
7601 10
7602 8
7603 7
7604 6
7605 4
7606 1
7607 0
7608 10
7609 8
7610 7
7611 6
7612 4
7613 2
7614 10
7615 8
7616 7
7617 6
7618 4
7619 2
7620 0
7621 10
7622 8
7623 7
7624 6
7625 4
7626 2
7627 1
7628 10
7629 8
7630 7
7631 6
7632 4
7633 2
7634 1
7635 0
7636 10
7637 8
7638 7
7639 6
7640 4
7641 3
7642 10
7643 8
7644 7
7645 6
7646 4
7647 3
7648 0
7649 10
7650 8
7651 7
7652 6
7653 4
7654 3
7655 1
7656 10
7657 8
7658 7
7659 6
7660 4
7661 3
7662 1
7663 0
7664 10
7665 8
7666 7
7667 6
7668 4
7669 3
7670 2
7671 10
7672 8
7673 7
7674 6
7675 4
7676 3
7677 2
7678 0
7679 10
7680 8
7681 7
7682 6
7683 4
7684 3
7685 2
7686 1
7687 10
7688 8
7689 7
7690 6
7691 4
7692 3
7693 2
7694 1
7695 0
7696 10
7697 8
7698 7
7699 6
7700 5
7701 10
7702 8
7703 7
7704 6
7705 5
7706 0
7707 10
7708 8
7709 7
7710 6
7711 5
7712 1
7713 10
7714 8
7715 7
7716 6
7717 5
7718 1
7719 0
7720 10
7721 8
7722 7
7723 6
7724 5
7725 2
7726 10
7727 8
7728 7
7729 6
7730 5
7731 2
7732 0
7733 10
7734 8
7735 7
7736 6
7737 5
7738 2
7739 1
7740 10
7741 8
7742 7
7743 6
7744 5
7745 2
7746 1
7747 0
7748 10
7749 8
7750 7
7751 6
7752 5
7753 3
7754 10
7755 8
7756 7
7757 6
7758 5
7759 3
7760 0
7761 10
7762 8
7763 7
7764 6
7765 5
7766 3
7767 1
7768 10
7769 8
7770 7
7771 6
7772 5
7773 3
7774 1
7775 0
7776 10
7777 8
7778 7
7779 6
7780 5
7781 3
7782 2
7783 10
7784 8
7785 7
7786 6
7787 5
7788 3
7789 2
7790 0
7791 10
7792 8
7793 7
7794 6
7795 5
7796 3
7797 2
7798 1
7799 10
7800 8
7801 7
7802 6
7803 5
7804 3
7805 2
7806 1
7807 0
7808 10
7809 8
7810 7
7811 6
7812 5
7813 4
7814 10
7815 8
7816 7
7817 6
7818 5
7819 4
7820 0
7821 10
7822 8
7823 7
7824 6
7825 5
7826 4
7827 1
7828 10
7829 8
7830 7
7831 6
7832 5
7833 4
7834 1
7835 0
7836 10
7837 8
7838 7
7839 6
7840 5
7841 4
7842 2
7843 10
7844 8
7845 7
7846 6
7847 5
7848 4
7849 2
7850 0
7851 10
7852 8
7853 7
7854 6
7855 5
7856 4
7857 2
7858 1
7859 10
7860 8
7861 7
7862 6
7863 5
7864 4
7865 2
7866 1
7867 0
7868 10
7869 8
7870 7
7871 6
7872 5
7873 4
7874 3
7875 10
7876 8
7877 7
7878 6
7879 5
7880 4
7881 3
7882 0
7883 10
7884 8
7885 7
7886 6
7887 5
7888 4
7889 3
7890 1
7891 10
7892 8
7893 7
7894 6
7895 5
7896 4
7897 3
7898 1
7899 0
7900 10
7901 8
7902 7
7903 6
7904 5
7905 4
7906 3
7907 2
7908 10
7909 8
7910 7
7911 6
7912 5
7913 4
7914 3
7915 2
7916 0
7917 10
7918 8
7919 7
7920 6
7921 5
7922 4
7923 3
7924 2
7925 1
7926 10
7927 8
7928 7
7929 6
7930 5
7931 4
7932 3
7933 2
7934 1
7935 0
7936 10
7937 9
7938 10
7939 9
7940 0
7941 10
7942 9
7943 1
7944 10
7945 9
7946 1
7947 0
7948 10
7949 9
7950 2
7951 10
7952 9
7953 2
7954 0
7955 10
7956 9
7957 2
7958 1
7959 10
7960 9
7961 2
7962 1
7963 0
7964 10
7965 9
7966 3
7967 10
7968 9
7969 3
7970 0
7971 10
7972 9
7973 3
7974 1
7975 10
7976 9
7977 3
7978 1
7979 0
7980 10
7981 9
7982 3
7983 2
7984 10
7985 9
7986 3
7987 2
7988 0
7989 10
7990 9
7991 3
7992 2
7993 1
7994 10
7995 9
7996 3
7997 2
7998 1
7999 0
8000 10
8001 9
8002 4
8003 10
8004 9
8005 4
8006 0
8007 10
8008 9
8009 4
8010 1
8011 10
8012 9
8013 4
8014 1
8015 0
8016 10
8017 9
8018 4
8019 2
8020 10
8021 9
8022 4
8023 2
8024 0
8025 10
8026 9
8027 4
8028 2
8029 1
8030 10
8031 9
8032 4
8033 2
8034 1
8035 0
8036 10
8037 9
8038 4
8039 3
8040 10
8041 9
8042 4
8043 3
8044 0
8045 10
8046 9
8047 4
8048 3
8049 1
8050 10
8051 9
8052 4
8053 3
8054 1
8055 0
8056 10
8057 9
8058 4
8059 3
8060 2
8061 10
8062 9
8063 4
8064 3
8065 2
8066 0
8067 10
8068 9
8069 4
8070 3
8071 2
8072 1
8073 10
8074 9
8075 4
8076 3
8077 2
8078 1
8079 0
8080 10
8081 9
8082 5
8083 10
8084 9
8085 5
8086 0
8087 10
8088 9
8089 5
8090 1
8091 10
8092 9
8093 5
8094 1
8095 0
8096 10
8097 9
8098 5
8099 2
8100 10
8101 9
8102 5
8103 2
8104 0
8105 10
8106 9
8107 5
8108 2
8109 1
8110 10
8111 9
8112 5
8113 2
8114 1
8115 0
8116 10
8117 9
8118 5
8119 3
8120 10
8121 9
8122 5
8123 3
8124 0
8125 10
8126 9
8127 5
8128 3
8129 1
8130 10
8131 9
8132 5
8133 3
8134 1
8135 0
8136 10
8137 9
8138 5
8139 3
8140 2
8141 10
8142 9
8143 5
8144 3
8145 2
8146 0
8147 10
8148 9
8149 5
8150 3
8151 2
8152 1
8153 10
8154 9
8155 5
8156 3
8157 2
8158 1
8159 0
8160 10
8161 9
8162 5
8163 4
8164 10
8165 9
8166 5
8167 4
8168 0
8169 10
8170 9
8171 5
8172 4
8173 1
8174 10
8175 9
8176 5
8177 4
8178 1
8179 0
8180 10
8181 9
8182 5
8183 4
8184 2
8185 10
8186 9
8187 5
8188 4
8189 2
8190 0
8191 10
8192 9
8193 5
8194 4
8195 2
8196 1
8197 10
8198 9
8199 5
8200 4
8201 2
8202 1
8203 0
8204 10
8205 9
8206 5
8207 4
8208 3
8209 10
8210 9
8211 5
8212 4
8213 3
8214 0
8215 10
8216 9
8217 5
8218 4
8219 3
8220 1
8221 10
8222 9
8223 5
8224 4
8225 3
8226 1
8227 0
8228 10
8229 9
8230 5
8231 4
8232 3
8233 2
8234 10
8235 9
8236 5
8237 4
8238 3
8239 2
8240 0
8241 10
8242 9
8243 5
8244 4
8245 3
8246 2
8247 1
8248 10
8249 9
8250 5
8251 4
8252 3
8253 2
8254 1
8255 0
8256 10
8257 9
8258 6
8259 10
8260 9
8261 6
8262 0
8263 10
8264 9
8265 6
8266 1
8267 10
8268 9
8269 6
8270 1
8271 0
8272 10
8273 9
8274 6
8275 2
8276 10
8277 9
8278 6
8279 2
8280 0
8281 10
8282 9
8283 6
8284 2
8285 1
8286 10
8287 9
8288 6
8289 2
8290 1
8291 0
8292 10
8293 9
8294 6
8295 3
8296 10
8297 9
8298 6
8299 3
8300 0
8301 10
8302 9
8303 6
8304 3
8305 1
8306 10
8307 9
8308 6
8309 3
8310 1
8311 0
8312 10
8313 9
8314 6
8315 3
8316 2
8317 10
8318 9
8319 6
8320 3
8321 2
8322 0
8323 10
8324 9
8325 6
8326 3
8327 2
8328 1
8329 10
8330 9
8331 6
8332 3
8333 2
8334 1
8335 0
8336 10
8337 9
8338 6
8339 4
8340 10
8341 9
8342 6
8343 4
8344 0
8345 10
8346 9
8347 6
8348 4
8349 1
8350 10
8351 9
8352 6
8353 4
8354 1
8355 0
8356 10
8357 9
8358 6
8359 4
8360 2
8361 10
8362 9
8363 6
8364 4
8365 2
8366 0
8367 10
8368 9
8369 6
8370 4
8371 2
8372 1
8373 10
8374 9
8375 6
8376 4
8377 2
8378 1
8379 0
8380 10
8381 9
8382 6
8383 4
8384 3
8385 10
8386 9
8387 6
8388 4
8389 3
8390 0
8391 10
8392 9
8393 6
8394 4
8395 3
8396 1
8397 10
8398 9
8399 6
8400 4
8401 3
8402 1
8403 0
8404 10
8405 9
8406 6
8407 4
8408 3
8409 2
8410 10
8411 9
8412 6
8413 4
8414 3
8415 2
8416 0
8417 10
8418 9
8419 6
8420 4
8421 3
8422 2
8423 1
8424 10
8425 9
8426 6
8427 4
8428 3
8429 2
8430 1
8431 0
8432 10
8433 9
8434 6
8435 5
8436 10
8437 9
8438 6
8439 5
8440 0
8441 10
8442 9
8443 6
8444 5
8445 1
8446 10
8447 9
8448 6
8449 5
8450 1
8451 0
8452 10
8453 9
8454 6
8455 5
8456 2
8457 10
8458 9
8459 6
8460 5
8461 2
8462 0
8463 10
8464 9
8465 6
8466 5
8467 2
8468 1
8469 10
8470 9
8471 6
8472 5
8473 2
8474 1
8475 0
8476 10
8477 9
8478 6
8479 5
8480 3
8481 10
8482 9
8483 6
8484 5
8485 3
8486 0
8487 10
8488 9
8489 6
8490 5
8491 3
8492 1
8493 10
8494 9
8495 6
8496 5
8497 3
8498 1
8499 0
8500 10
8501 9
8502 6
8503 5
8504 3
8505 2
8506 10
8507 9
8508 6
8509 5
8510 3
8511 2
8512 0
8513 10
8514 9
8515 6
8516 5
8517 3
8518 2
8519 1
8520 10
8521 9
8522 6
8523 5
8524 3
8525 2
8526 1
8527 0
8528 10
8529 9
8530 6
8531 5
8532 4
8533 10
8534 9
8535 6
8536 5
8537 4
8538 0
8539 10
8540 9
8541 6
8542 5
8543 4
8544 1
8545 10
8546 9
8547 6
8548 5
8549 4
8550 1
8551 0
8552 10
8553 9
8554 6
8555 5
8556 4
8557 2
8558 10
8559 9
8560 6
8561 5
8562 4
8563 2
8564 0
8565 10
8566 9
8567 6
8568 5
8569 4
8570 2
8571 1
8572 10
8573 9
8574 6
8575 5
8576 4
8577 2
8578 1
8579 0
8580 10
8581 9
8582 6
8583 5
8584 4
8585 3
8586 10
8587 9
8588 6
8589 5
8590 4
8591 3
8592 0
8593 10
8594 9
8595 6
8596 5
8597 4
8598 3
8599 1
8600 10
8601 9
8602 6
8603 5
8604 4
8605 3
8606 1
8607 0
8608 10
8609 9
8610 6
8611 5
8612 4
8613 3
8614 2
8615 10
8616 9
8617 6
8618 5
8619 4
8620 3
8621 2
8622 0
8623 10
8624 9
8625 6
8626 5
8627 4
8628 3
8629 2
8630 1
8631 10
8632 9
8633 6
8634 5
8635 4
8636 3
8637 2
8638 1
8639 0
8640 10
8641 9
8642 7
8643 10
8644 9
8645 7
8646 0
8647 10
8648 9
8649 7
8650 1
8651 10
8652 9
8653 7
8654 1
8655 0
8656 10
8657 9
8658 7
8659 2
8660 10
8661 9
8662 7
8663 2
8664 0
8665 10
8666 9
8667 7
8668 2
8669 1
8670 10
8671 9
8672 7
8673 2
8674 1
8675 0
8676 10
8677 9
8678 7
8679 3
8680 10
8681 9
8682 7
8683 3
8684 0
8685 10
8686 9
8687 7
8688 3
8689 1
8690 10
8691 9
8692 7
8693 3
8694 1
8695 0
8696 10
8697 9
8698 7
8699 3
8700 2
8701 10
8702 9
8703 7
8704 3
8705 2
8706 0
8707 10
8708 9
8709 7
8710 3
8711 2
8712 1
8713 10
8714 9
8715 7
8716 3
8717 2
8718 1
8719 0
8720 10
8721 9
8722 7
8723 4
8724 10
8725 9
8726 7
8727 4
8728 0
8729 10
8730 9
8731 7
8732 4
8733 1
8734 10
8735 9
8736 7
8737 4
8738 1
8739 0
8740 10
8741 9
8742 7
8743 4
8744 2
8745 10
8746 9
8747 7
8748 4
8749 2
8750 0
8751 10
8752 9
8753 7
8754 4
8755 2
8756 1
8757 10
8758 9
8759 7
8760 4
8761 2
8762 1
8763 0
8764 10
8765 9
8766 7
8767 4
8768 3
8769 10
8770 9
8771 7
8772 4
8773 3
8774 0
8775 10
8776 9
8777 7
8778 4
8779 3
8780 1
8781 10
8782 9
8783 7
8784 4
8785 3
8786 1
8787 0
8788 10
8789 9
8790 7
8791 4
8792 3
8793 2
8794 10
8795 9
8796 7
8797 4
8798 3
8799 2
8800 0
8801 10
8802 9
8803 7
8804 4
8805 3
8806 2
8807 1
8808 10
8809 9
8810 7
8811 4
8812 3
8813 2
8814 1
8815 0
8816 10
8817 9
8818 7
8819 5
8820 10
8821 9
8822 7
8823 5
8824 0
8825 10
8826 9
8827 7
8828 5
8829 1
8830 10
8831 9
8832 7
8833 5
8834 1
8835 0
8836 10
8837 9
8838 7
8839 5
8840 2
8841 10
8842 9
8843 7
8844 5
8845 2
8846 0
8847 10
8848 9
8849 7
8850 5
8851 2
8852 1
8853 10
8854 9
8855 7
8856 5
8857 2
8858 1
8859 0
8860 10
8861 9
8862 7
8863 5
8864 3
8865 10
8866 9
8867 7
8868 5
8869 3
8870 0
8871 10
8872 9
8873 7
8874 5
8875 3
8876 1
8877 10
8878 9
8879 7
8880 5
8881 3
8882 1
8883 0
8884 10
8885 9
8886 7
8887 5
8888 3
8889 2
8890 10
8891 9
8892 7
8893 5
8894 3
8895 2
8896 0
8897 10
8898 9
8899 7
8900 5
8901 3
8902 2
8903 1
8904 10
8905 9
8906 7
8907 5
8908 3
8909 2
8910 1
8911 0
8912 10
8913 9
8914 7
8915 5
8916 4
8917 10
8918 9
8919 7
8920 5
8921 4
8922 0
8923 10
8924 9
8925 7
8926 5
8927 4
8928 1
8929 10
8930 9
8931 7
8932 5
8933 4
8934 1
8935 0
8936 10
8937 9
8938 7
8939 5
8940 4
8941 2
8942 10
8943 9
8944 7
8945 5
8946 4
8947 2
8948 0
8949 10
8950 9
8951 7
8952 5
8953 4
8954 2
8955 1
8956 10
8957 9
8958 7
8959 5
8960 4
8961 2
8962 1
8963 0
8964 10
8965 9
8966 7
8967 5
8968 4
8969 3
8970 10
8971 9
8972 7
8973 5
8974 4
8975 3
8976 0
8977 10
8978 9
8979 7
8980 5
8981 4
8982 3
8983 1
8984 10
8985 9
8986 7
8987 5
8988 4
8989 3
8990 1
8991 0
8992 10
8993 9
8994 7
8995 5
8996 4
8997 3
8998 2
8999 10
9000 9
9001 7
9002 5
9003 4
9004 3
9005 2
9006 0
9007 10
9008 9
9009 7
9010 5
9011 4
9012 3
9013 2
9014 1
9015 10
9016 9
9017 7
9018 5
9019 4
9020 3
9021 2
9022 1
9023 0
9024 10
9025 9
9026 7
9027 6
9028 10
9029 9
9030 7
9031 6
9032 0
9033 10
9034 9
9035 7
9036 6
9037 1
9038 10
9039 9
9040 7
9041 6
9042 1
9043 0
9044 10
9045 9
9046 7
9047 6
9048 2
9049 10
9050 9
9051 7
9052 6
9053 2
9054 0
9055 10
9056 9
9057 7
9058 6
9059 2
9060 1
9061 10
9062 9
9063 7
9064 6
9065 2
9066 1
9067 0
9068 10
9069 9
9070 7
9071 6
9072 3
9073 10
9074 9
9075 7
9076 6
9077 3
9078 0
9079 10
9080 9
9081 7
9082 6
9083 3
9084 1
9085 10
9086 9
9087 7
9088 6
9089 3
9090 1
9091 0
9092 10
9093 9
9094 7
9095 6
9096 3
9097 2
9098 10
9099 9
9100 7
9101 6
9102 3
9103 2
9104 0
9105 10
9106 9
9107 7
9108 6
9109 3
9110 2
9111 1
9112 10
9113 9
9114 7
9115 6
9116 3
9117 2
9118 1
9119 0
9120 10
9121 9
9122 7
9123 6
9124 4
9125 10
9126 9
9127 7
9128 6
9129 4
9130 0
9131 10
9132 9
9133 7
9134 6
9135 4
9136 1
9137 10
9138 9
9139 7
9140 6
9141 4
9142 1
9143 0
9144 10
9145 9
9146 7
9147 6
9148 4
9149 2
9150 10
9151 9
9152 7
9153 6
9154 4
9155 2
9156 0
9157 10
9158 9
9159 7
9160 6
9161 4
9162 2
9163 1
9164 10
9165 9
9166 7
9167 6
9168 4
9169 2
9170 1
9171 0
9172 10
9173 9
9174 7
9175 6
9176 4
9177 3
9178 10
9179 9
9180 7
9181 6
9182 4
9183 3
9184 0
9185 10
9186 9
9187 7
9188 6
9189 4
9190 3
9191 1
9192 10
9193 9
9194 7
9195 6
9196 4
9197 3
9198 1
9199 0
9200 10
9201 9
9202 7
9203 6
9204 4
9205 3
9206 2
9207 10
9208 9
9209 7
9210 6
9211 4
9212 3
9213 2
9214 0
9215 10
9216 9
9217 7
9218 6
9219 4
9220 3
9221 2
9222 1
9223 10
9224 9
9225 7
9226 6
9227 4
9228 3
9229 2
9230 1
9231 0
9232 10
9233 9
9234 7
9235 6
9236 5
9237 10
9238 9
9239 7
9240 6
9241 5
9242 0
9243 10
9244 9
9245 7
9246 6
9247 5
9248 1
9249 10
9250 9
9251 7
9252 6
9253 5
9254 1
9255 0
9256 10
9257 9
9258 7
9259 6
9260 5
9261 2
9262 10
9263 9
9264 7
9265 6
9266 5
9267 2
9268 0
9269 10
9270 9
9271 7
9272 6
9273 5
9274 2
9275 1
9276 10
9277 9
9278 7
9279 6
9280 5
9281 2
9282 1
9283 0
9284 10
9285 9
9286 7
9287 6
9288 5
9289 3
9290 10
9291 9
9292 7
9293 6
9294 5
9295 3
9296 0
9297 10
9298 9
9299 7
9300 6
9301 5
9302 3
9303 1
9304 10
9305 9
9306 7
9307 6
9308 5
9309 3
9310 1
9311 0
9312 10
9313 9
9314 7
9315 6
9316 5
9317 3
9318 2
9319 10
9320 9
9321 7
9322 6
9323 5
9324 3
9325 2
9326 0
9327 10
9328 9
9329 7
9330 6
9331 5
9332 3
9333 2
9334 1
9335 10
9336 9
9337 7
9338 6
9339 5
9340 3
9341 2
9342 1
9343 0
9344 10
9345 9
9346 7
9347 6
9348 5
9349 4
9350 10
9351 9
9352 7
9353 6
9354 5
9355 4
9356 0
9357 10
9358 9
9359 7
9360 6
9361 5
9362 4
9363 1
9364 10
9365 9
9366 7
9367 6
9368 5
9369 4
9370 1
9371 0
9372 10
9373 9
9374 7
9375 6
9376 5
9377 4
9378 2
9379 10
9380 9
9381 7
9382 6
9383 5
9384 4
9385 2
9386 0
9387 10
9388 9
9389 7
9390 6
9391 5
9392 4
9393 2
9394 1
9395 10
9396 9
9397 7
9398 6
9399 5
9400 4
9401 2
9402 1
9403 0
9404 10
9405 9
9406 7
9407 6
9408 5
9409 4
9410 3
9411 10
9412 9
9413 7
9414 6
9415 5
9416 4
9417 3
9418 0
9419 10
9420 9
9421 7
9422 6
9423 5
9424 4
9425 3
9426 1
9427 10
9428 9
9429 7
9430 6
9431 5
9432 4
9433 3
9434 1
9435 0
9436 10
9437 9
9438 7
9439 6
9440 5
9441 4
9442 3
9443 2
9444 10
9445 9
9446 7
9447 6
9448 5
9449 4
9450 3
9451 2
9452 0
9453 10
9454 9
9455 7
9456 6
9457 5
9458 4
9459 3
9460 2
9461 1
9462 10
9463 9
9464 7
9465 6
9466 5
9467 4
9468 3
9469 2
9470 1
9471 0
9472 10
9473 9
9474 8
9475 10
9476 9
9477 8
9478 0
9479 10
9480 9
9481 8
9482 1
9483 10
9484 9
9485 8
9486 1
9487 0
9488 10
9489 9
9490 8
9491 2
9492 10
9493 9
9494 8
9495 2
9496 0
9497 10
9498 9
9499 8
9500 2
9501 1
9502 10
9503 9
9504 8
9505 2
9506 1
9507 0
9508 10
9509 9
9510 8
9511 3
9512 10
9513 9
9514 8
9515 3
9516 0
9517 10
9518 9
9519 8
9520 3
9521 1
9522 10
9523 9
9524 8
9525 3
9526 1
9527 0
9528 10
9529 9
9530 8
9531 3
9532 2
9533 10
9534 9
9535 8
9536 3
9537 2
9538 0
9539 10
9540 9
9541 8
9542 3
9543 2
9544 1
9545 10
9546 9
9547 8
9548 3
9549 2
9550 1
9551 0
9552 10
9553 9
9554 8
9555 4
9556 10
9557 9
9558 8
9559 4
9560 0
9561 10
9562 9
9563 8
9564 4
9565 1
9566 10
9567 9
9568 8
9569 4
9570 1
9571 0
9572 10
9573 9
9574 8
9575 4
9576 2
9577 10
9578 9
9579 8
9580 4
9581 2
9582 0
9583 10
9584 9
9585 8
9586 4
9587 2
9588 1
9589 10
9590 9
9591 8
9592 4
9593 2
9594 1
9595 0
9596 10
9597 9
9598 8
9599 4
9600 3
9601 10
9602 9
9603 8
9604 4
9605 3
9606 0
9607 10
9608 9
9609 8
9610 4
9611 3
9612 1
9613 10
9614 9
9615 8
9616 4
9617 3
9618 1
9619 0
9620 10
9621 9
9622 8
9623 4
9624 3
9625 2
9626 10
9627 9
9628 8
9629 4
9630 3
9631 2
9632 0
9633 10
9634 9
9635 8
9636 4
9637 3
9638 2
9639 1
9640 10
9641 9
9642 8
9643 4
9644 3
9645 2
9646 1
9647 0
9648 10
9649 9
9650 8
9651 5
9652 10
9653 9
9654 8
9655 5
9656 0
9657 10
9658 9
9659 8
9660 5
9661 1
9662 10
9663 9
9664 8
9665 5
9666 1
9667 0
9668 10
9669 9
9670 8
9671 5
9672 2
9673 10
9674 9
9675 8
9676 5
9677 2
9678 0
9679 10
9680 9
9681 8
9682 5
9683 2
9684 1
9685 10
9686 9
9687 8
9688 5
9689 2
9690 1
9691 0
9692 10
9693 9
9694 8
9695 5
9696 3
9697 10
9698 9
9699 8
9700 5
9701 3
9702 0
9703 10
9704 9
9705 8
9706 5
9707 3
9708 1
9709 10
9710 9
9711 8
9712 5
9713 3
9714 1
9715 0
9716 10
9717 9
9718 8
9719 5
9720 3
9721 2
9722 10
9723 9
9724 8
9725 5
9726 3
9727 2
9728 0
9729 10
9730 9
9731 8
9732 5
9733 3
9734 2
9735 1
9736 10
9737 9
9738 8
9739 5
9740 3
9741 2
9742 1
9743 0
9744 10
9745 9
9746 8
9747 5
9748 4
9749 10
9750 9
9751 8
9752 5
9753 4
9754 0
9755 10
9756 9
9757 8
9758 5
9759 4
9760 1
9761 10
9762 9
9763 8
9764 5
9765 4
9766 1
9767 0
9768 10
9769 9
9770 8
9771 5
9772 4
9773 2
9774 10
9775 9
9776 8
9777 5
9778 4
9779 2
9780 0
9781 10
9782 9
9783 8
9784 5
9785 4
9786 2
9787 1
9788 10
9789 9
9790 8
9791 5
9792 4
9793 2
9794 1
9795 0
9796 10
9797 9
9798 8
9799 5
9800 4
9801 3
9802 10
9803 9
9804 8
9805 5
9806 4
9807 3
9808 0
9809 10
9810 9
9811 8
9812 5
9813 4
9814 3
9815 1
9816 10
9817 9
9818 8
9819 5
9820 4
9821 3
9822 1
9823 0
9824 10
9825 9
9826 8
9827 5
9828 4
9829 3
9830 2
9831 10
9832 9
9833 8
9834 5
9835 4
9836 3
9837 2
9838 0
9839 10
9840 9
9841 8
9842 5
9843 4
9844 3
9845 2
9846 1
9847 10
9848 9
9849 8
9850 5
9851 4
9852 3
9853 2
9854 1
9855 0
9856 10
9857 9
9858 8
9859 6
9860 10
9861 9
9862 8
9863 6
9864 0
9865 10
9866 9
9867 8
9868 6
9869 1
9870 10
9871 9
9872 8
9873 6
9874 1
9875 0
9876 10
9877 9
9878 8
9879 6
9880 2
9881 10
9882 9
9883 8
9884 6
9885 2
9886 0
9887 10
9888 9
9889 8
9890 6
9891 2
9892 1
9893 10
9894 9
9895 8
9896 6
9897 2
9898 1
9899 0
9900 10
9901 9
9902 8
9903 6
9904 3
9905 10
9906 9
9907 8
9908 6
9909 3
9910 0
9911 10
9912 9
9913 8
9914 6
9915 3
9916 1
9917 10
9918 9
9919 8
9920 6
9921 3
9922 1
9923 0
9924 10
9925 9
9926 8
9927 6
9928 3
9929 2
9930 10
9931 9
9932 8
9933 6
9934 3
9935 2
9936 0
9937 10
9938 9
9939 8
9940 6
9941 3
9942 2
9943 1
9944 10
9945 9
9946 8
9947 6
9948 3
9949 2
9950 1
9951 0
9952 10
9953 9
9954 8
9955 6
9956 4
9957 10
9958 9
9959 8
9960 6
9961 4
9962 0
9963 10
9964 9
9965 8
9966 6
9967 4
9968 1
9969 10
9970 9
9971 8
9972 6
9973 4
9974 1
9975 0
9976 10
9977 9
9978 8
9979 6
9980 4
9981 2
9982 10
9983 9
9984 8
9985 6
9986 4
9987 2
9988 0
9989 10
9990 9
9991 8
9992 6
9993 4
9994 2
9995 1
9996 10
9997 9
9998 8
9999 6
10000 4
