For n = 1 the a(1) = 1 solution:
(1,3,2)

For n = 2 the a(2) = 1 solution:
(2,6,4),(1,5,3)

For n = 3 the a(3) = 2 solutions:
(3,9,6),(2,8,5),(1,7,4)
(6,8,7),(2,4,3),(1,9,5)

For n = 4 the a(4) = 2 solutions:
(4,12,8),(3,11,7),(2,10,6),(1,9,5)
(8,10,9),(3,5,4),(2,12,7),(1,11,6)

For n = 5 the a(5) = 11 solutions:
(11,15,13),(6,10,8),(4,14,9),(2,12,7),(1,5,3)
(11,15,13),(6,12,9),(4,10,7),(2,14,8),(1,5,3)
(12,14,13),(7,15,11),(6,10,8),(2,4,3),(1,9,5)
(10,14,12),(7,15,11),(3,13,8),(2,6,4),(1,9,5)
(12,14,13),(7,9,8),(5,15,10),(2,4,3),(1,11,6)
(5,15,10),(4,14,9),(3,13,8),(2,12,7),(1,11,6)
(10,14,12),(5,11,8),(3,15,9),(2,6,4),(1,13,7)
(10,12,11),(4,6,5),(3,15,9),(2,14,8),(1,13,7)
(12,14,13),(9,11,10),(5,7,6),(2,4,3),(1,15,8)
(10,14,12),(9,13,11),(3,7,5),(2,6,4),(1,15,8)
(10,14,12),(5,13,9),(3,11,7),(2,6,4),(1,15,8)

For n = 6 the a(6) = 11 solutions:
(14,18,16),(9,17,13),(7,15,11),(4,12,8),(2,10,6),(1,5,3)
(12,18,15),(10,16,13),(5,17,11),(3,9,6),(2,14,8),(1,7,4)
(13,17,15),(10,18,14),(8,16,12),(3,11,7),(2,6,4),(1,9,5)
(15,17,16),(10,14,12),(8,18,13),(5,9,7),(2,4,3),(1,11,6)
(11,17,14),(6,18,12),(4,16,10),(3,15,9),(2,8,5),(1,13,7)
(6,18,12),(5,17,11),(4,16,10),(3,15,9),(2,14,8),(1,13,7)
(12,16,14),(9,17,13),(4,18,11),(3,7,5),(2,10,6),(1,15,8)
(12,14,13),(5,7,6),(4,18,11),(3,17,10),(2,16,9),(1,15,8)
(14,16,15),(11,13,12),(6,8,7),(3,5,4),(2,18,10),(1,17,9)
(12,16,14),(11,15,13),(4,8,6),(3,7,5),(2,18,10),(1,17,9)
(13,15,14),(8,16,12),(4,6,5),(3,11,7),(2,18,10),(1,17,9)

For n = 7 the a(7) = 55 solutions:
(17,21,19),(12,20,16),(8,18,13),(7,15,11),(4,14,9),(2,10,6),(1,5,3)
(17,21,19),(13,15,14),(12,20,16),(7,9,8),(4,18,11),(2,10,6),(1,5,3)
(17,21,19),(14,18,16),(10,20,15),(9,13,11),(4,8,6),(2,12,7),(1,5,3)
(17,21,19),(10,20,15),(8,18,13),(6,16,11),(4,14,9),(2,12,7),(1,5,3)
(17,21,19),(12,18,15),(8,14,11),(6,20,13),(4,10,7),(2,16,9),(1,5,3)
(17,21,19),(10,18,14),(7,15,11),(6,20,13),(4,12,8),(2,16,9),(1,5,3)
(17,21,19),(14,16,15),(9,13,11),(6,8,7),(4,20,12),(2,18,10),(1,5,3)
(17,21,19),(13,15,14),(7,9,8),(6,16,11),(4,20,12),(2,18,10),(1,5,3)
(17,21,19),(14,18,16),(9,15,12),(7,13,10),(4,8,6),(2,20,11),(1,5,3)
(17,21,19),(13,15,14),(7,9,8),(6,18,12),(4,16,10),(2,20,11),(1,5,3)
(15,21,18),(14,20,17),(10,16,13),(6,12,9),(3,19,11),(2,8,5),(1,7,4)
(15,21,18),(12,20,16),(9,19,14),(5,17,11),(3,13,8),(2,10,6),(1,7,4)
(15,21,18),(8,14,11),(6,20,13),(5,19,12),(3,17,10),(2,16,9),(1,7,4)
(18,20,19),(13,21,17),(12,16,14),(7,15,11),(6,10,8),(2,4,3),(1,9,5)
(18,20,19),(13,21,17),(8,16,12),(7,15,11),(6,14,10),(2,4,3),(1,9,5)
(14,18,16),(13,21,17),(10,20,15),(4,8,6),(3,19,11),(2,12,7),(1,9,5)
(14,16,15),(13,21,17),(6,8,7),(4,20,12),(3,19,11),(2,18,10),(1,9,5)
(18,20,19),(12,16,14),(9,21,15),(6,10,8),(5,17,11),(2,4,3),(1,13,7)
(18,20,19),(9,21,15),(8,16,12),(6,14,10),(5,17,11),(2,4,3),(1,13,7)
(16,20,18),(9,21,15),(8,14,11),(5,19,12),(3,17,10),(2,6,4),(1,13,7)
(14,20,17),(9,21,15),(6,18,12),(4,16,10),(3,19,11),(2,8,5),(1,13,7)
(17,19,18),(12,20,16),(9,21,15),(8,14,11),(3,5,4),(2,10,6),(1,13,7)
(17,19,18),(12,16,14),(9,21,15),(6,10,8),(3,5,4),(2,20,11),(1,13,7)
(17,19,18),(9,21,15),(8,16,12),(6,14,10),(3,5,4),(2,20,11),(1,13,7)
(14,18,16),(9,21,15),(5,19,12),(4,8,6),(3,17,10),(2,20,11),(1,13,7)
(18,20,19),(10,16,13),(7,21,14),(6,12,9),(5,17,11),(2,4,3),(1,15,8)
(16,20,18),(9,13,11),(7,21,14),(5,19,12),(3,17,10),(2,6,4),(1,15,8)
(17,19,18),(12,20,16),(9,13,11),(7,21,14),(3,5,4),(2,10,6),(1,15,8)
(17,19,18),(10,12,11),(7,21,14),(6,20,13),(3,5,4),(2,16,9),(1,15,8)
(7,21,14),(6,20,13),(5,19,12),(4,18,11),(3,17,10),(2,16,9),(1,15,8)
(13,19,16),(7,21,14),(5,17,11),(4,20,12),(3,9,6),(2,18,10),(1,15,8)
(17,19,18),(10,16,13),(7,21,14),(6,12,9),(3,5,4),(2,20,11),(1,15,8)
(18,20,19),(14,16,15),(10,12,11),(6,8,7),(5,21,13),(2,4,3),(1,17,9)
(18,20,19),(12,16,14),(7,15,11),(6,10,8),(5,21,13),(2,4,3),(1,17,9)
(18,20,19),(8,16,12),(7,15,11),(6,14,10),(5,21,13),(2,4,3),(1,17,9)
(14,18,16),(10,20,15),(5,21,13),(4,8,6),(3,19,11),(2,12,7),(1,17,9)
(14,16,15),(6,8,7),(5,21,13),(4,20,12),(3,19,11),(2,18,10),(1,17,9)
(16,20,18),(13,17,15),(8,14,11),(5,9,7),(3,21,12),(2,6,4),(1,19,10)
(16,20,18),(13,15,14),(7,9,8),(5,17,11),(3,21,12),(2,6,4),(1,19,10)
(16,18,17),(13,15,14),(7,9,8),(4,6,5),(3,21,12),(2,20,11),(1,19,10)
(14,18,16),(13,17,15),(5,9,7),(4,8,6),(3,21,12),(2,20,11),(1,19,10)
(15,17,16),(8,18,13),(5,7,6),(4,14,9),(3,21,12),(2,20,11),(1,19,10)
(18,20,19),(15,17,16),(12,14,13),(8,10,9),(5,7,6),(2,4,3),(1,21,11)
(18,20,19),(13,17,15),(12,16,14),(6,10,8),(5,9,7),(2,4,3),(1,21,11)
(18,20,19),(13,17,15),(8,16,12),(6,14,10),(5,9,7),(2,4,3),(1,21,11)
(16,20,18),(15,19,17),(12,14,13),(8,10,9),(3,7,5),(2,6,4),(1,21,11)
(16,20,18),(9,19,14),(7,17,12),(5,15,10),(3,13,8),(2,6,4),(1,21,11)
(16,20,18),(13,15,14),(7,9,8),(5,19,12),(3,17,10),(2,6,4),(1,21,11)
(14,20,17),(13,19,16),(12,18,15),(4,10,7),(3,9,6),(2,8,5),(1,21,11)
(14,20,17),(7,19,13),(6,18,12),(4,16,10),(3,15,9),(2,8,5),(1,21,11)
(17,19,18),(13,15,14),(12,20,16),(7,9,8),(3,5,4),(2,10,6),(1,21,11)
(15,19,17),(12,20,16),(8,18,13),(4,14,9),(3,7,5),(2,10,6),(1,21,11)
(16,18,17),(10,20,15),(9,19,14),(4,6,5),(3,13,8),(2,12,7),(1,21,11)
(15,19,17),(10,18,14),(6,20,13),(4,12,8),(3,7,5),(2,16,9),(1,21,11)
(15,17,16),(9,19,14),(5,7,6),(4,20,12),(3,13,8),(2,18,10),(1,21,11)

For n = 8 the a(8) = 58 solutions:
(20,24,22),(15,23,19),(11,21,16),(8,18,13),(7,17,12),(4,14,9),(2,10,6),(1,5,3)
(20,24,22),(15,23,19),(9,17,13),(8,16,12),(7,21,14),(4,18,11),(2,10,6),(1,5,3)
(20,24,22),(15,19,17),(13,23,18),(11,21,16),(6,10,8),(4,14,9),(2,12,7),(1,5,3)
(20,24,22),(15,21,18),(13,19,16),(11,23,17),(6,12,9),(4,10,7),(2,14,8),(1,5,3)
(20,24,22),(11,23,17),(9,21,15),(7,19,13),(6,18,12),(4,16,10),(2,14,8),(1,5,3)
(20,24,22),(17,21,19),(12,16,14),(9,13,11),(7,23,15),(4,8,6),(2,18,10),(1,5,3)
(20,24,22),(13,21,17),(9,19,14),(7,23,15),(6,16,11),(4,12,8),(2,18,10),(1,5,3)
(18,24,21),(17,23,20),(10,16,13),(9,15,12),(6,22,14),(3,19,11),(2,8,5),(1,7,4)
(18,24,21),(11,23,17),(10,22,16),(6,20,13),(5,19,12),(3,15,9),(2,14,8),(1,7,4)
(18,24,21),(16,22,19),(13,17,15),(8,12,10),(5,23,14),(3,9,6),(2,20,11),(1,7,4)
(18,24,21),(13,19,16),(8,22,15),(6,12,9),(5,23,14),(3,17,10),(2,20,11),(1,7,4)
(21,23,22),(16,24,20),(11,19,15),(8,18,13),(7,17,12),(6,14,10),(2,4,3),(1,9,5)
(19,23,21),(16,24,20),(12,22,17),(10,18,14),(7,15,11),(3,13,8),(2,6,4),(1,9,5)
(16,24,20),(15,23,19),(12,22,17),(7,21,14),(4,18,11),(3,13,8),(2,10,6),(1,9,5)
(16,24,20),(13,21,17),(7,23,15),(6,22,14),(4,12,8),(3,19,11),(2,18,10),(1,9,5)
(17,21,19),(16,24,20),(10,18,14),(7,15,11),(4,8,6),(3,23,13),(2,22,12),(1,9,5)
(16,24,20),(15,19,17),(7,21,14),(6,10,8),(4,18,11),(3,23,13),(2,22,12),(1,9,5)
(20,22,21),(14,24,19),(9,17,13),(8,16,12),(7,23,15),(3,5,4),(2,18,10),(1,11,6)
(19,23,21),(14,20,17),(12,24,18),(10,22,16),(5,11,8),(3,15,9),(2,6,4),(1,13,7)
(19,23,21),(12,24,18),(10,22,16),(8,20,14),(5,17,11),(3,15,9),(2,6,4),(1,13,7)
(17,23,20),(12,24,18),(9,21,15),(6,22,14),(4,16,10),(3,19,11),(2,8,5),(1,13,7)
(19,21,20),(12,24,18),(11,23,17),(10,22,16),(4,6,5),(3,15,9),(2,14,8),(1,13,7)
(17,21,19),(12,24,18),(10,22,16),(5,23,14),(4,8,6),(3,15,9),(2,20,11),(1,13,7)
(21,23,22),(18,20,19),(12,16,14),(10,24,17),(9,13,11),(5,7,6),(2,4,3),(1,15,8)
(21,23,22),(14,18,16),(10,24,17),(7,11,9),(6,20,13),(5,19,12),(2,4,3),(1,15,8)
(19,23,21),(18,22,20),(12,16,14),(10,24,17),(9,13,11),(3,7,5),(2,6,4),(1,15,8)
(19,23,21),(14,22,18),(12,20,16),(10,24,17),(5,13,9),(3,11,7),(2,6,4),(1,15,8)
(20,22,21),(13,23,18),(10,24,17),(9,19,14),(6,16,11),(3,5,4),(2,12,7),(1,15,8)
(19,21,20),(14,18,16),(10,24,17),(7,11,9),(4,6,5),(3,23,13),(2,22,12),(1,15,8)
(18,20,19),(11,21,16),(10,24,17),(5,7,6),(4,14,9),(3,23,13),(2,22,12),(1,15,8)
(21,23,22),(18,20,19),(13,15,14),(10,12,11),(8,24,16),(5,7,6),(2,4,3),(1,17,9)
(21,23,22),(18,20,19),(11,15,13),(10,14,12),(8,24,16),(5,7,6),(2,4,3),(1,17,9)
(21,23,22),(10,18,14),(8,24,16),(7,15,11),(6,20,13),(5,19,12),(2,4,3),(1,17,9)
(19,23,21),(18,22,20),(13,15,14),(10,12,11),(8,24,16),(3,7,5),(2,6,4),(1,17,9)
(19,23,21),(18,22,20),(11,15,13),(10,14,12),(8,24,16),(3,7,5),(2,6,4),(1,17,9)
(15,23,19),(14,22,18),(8,24,16),(5,21,13),(4,20,12),(3,11,7),(2,10,6),(1,17,9)
(20,22,21),(13,23,18),(11,19,15),(8,24,16),(6,14,10),(3,5,4),(2,12,7),(1,17,9)
(8,24,16),(7,23,15),(6,22,14),(5,21,13),(4,20,12),(3,19,11),(2,18,10),(1,17,9)
(19,21,20),(10,18,14),(8,24,16),(7,15,11),(4,6,5),(3,23,13),(2,22,12),(1,17,9)
(17,23,20),(14,18,16),(7,11,9),(6,24,15),(4,22,13),(3,21,12),(2,8,5),(1,19,10)
(16,20,18),(11,23,17),(6,24,15),(5,9,7),(4,22,13),(3,21,12),(2,14,8),(1,19,10)
(16,18,17),(7,9,8),(6,24,15),(5,23,14),(4,22,13),(3,21,12),(2,20,11),(1,19,10)
(17,23,20),(16,22,19),(12,18,15),(7,13,10),(4,24,14),(3,9,6),(2,8,5),(1,21,11)
(17,23,20),(10,22,16),(7,19,13),(6,18,12),(4,24,14),(3,15,9),(2,8,5),(1,21,11)
(18,22,20),(15,23,19),(9,17,13),(8,16,12),(4,24,14),(3,7,5),(2,10,6),(1,21,11)
(16,20,18),(15,23,19),(12,22,17),(5,9,7),(4,24,14),(3,13,8),(2,10,6),(1,21,11)
(18,20,19),(15,17,16),(8,10,9),(5,7,6),(4,24,14),(3,23,13),(2,22,12),(1,21,11)
(16,20,18),(15,19,17),(6,10,8),(5,9,7),(4,24,14),(3,23,13),(2,22,12),(1,21,11)
(20,22,21),(17,19,18),(14,16,15),(9,11,10),(6,8,7),(3,5,4),(2,24,13),(1,23,12)
(20,22,21),(15,19,17),(14,18,16),(7,11,9),(6,10,8),(3,5,4),(2,24,13),(1,23,12)
(20,22,21),(16,18,17),(11,19,15),(7,9,8),(6,14,10),(3,5,4),(2,24,13),(1,23,12)
(18,22,20),(17,21,19),(14,16,15),(9,11,10),(4,8,6),(3,7,5),(2,24,13),(1,23,12)
(18,22,20),(15,19,17),(11,21,16),(6,10,8),(4,14,9),(3,7,5),(2,24,13),(1,23,12)
(16,22,19),(15,21,18),(14,20,17),(5,11,8),(4,10,7),(3,9,6),(2,24,13),(1,23,12)
(16,22,19),(15,21,18),(8,20,14),(5,17,11),(4,10,7),(3,9,6),(2,24,13),(1,23,12)
(19,21,20),(15,17,16),(14,22,18),(8,10,9),(4,6,5),(3,11,7),(2,24,13),(1,23,12)
(19,21,20),(14,18,16),(8,22,15),(7,11,9),(4,6,5),(3,17,10),(2,24,13),(1,23,12)
(18,20,19),(11,21,16),(8,22,15),(5,7,6),(4,14,9),(3,17,10),(2,24,13),(1,23,12)

For n = 9 the a(9) = 486 solutions:
(23,27,25),(18,26,22),(16,24,20),(13,21,17),(9,19,14),(7,15,11),(4,12,8),(2,10,6),(1,5,3)
(23,27,25),(18,26,22),(16,24,20),(11,17,14),(9,21,15),(7,19,13),(4,12,8),(2,10,6),(1,5,3)
(23,27,25),(18,26,22),(16,24,20),(15,19,17),(9,13,11),(7,21,14),(4,12,8),(2,10,6),(1,5,3)
(23,27,25),(18,26,22),(16,24,20),(11,19,15),(9,17,13),(7,21,14),(4,12,8),(2,10,6),(1,5,3)
(23,27,25),(18,26,22),(17,21,19),(13,15,14),(8,24,16),(7,11,9),(4,20,12),(2,10,6),(1,5,3)
(23,27,25),(18,26,22),(13,21,17),(9,19,14),(8,24,16),(7,15,11),(4,20,12),(2,10,6),(1,5,3)
(23,27,25),(18,26,22),(11,17,14),(9,21,15),(8,24,16),(7,19,13),(4,20,12),(2,10,6),(1,5,3)
(23,27,25),(18,26,22),(15,19,17),(9,13,11),(8,24,16),(7,21,14),(4,20,12),(2,10,6),(1,5,3)
(23,27,25),(18,26,22),(11,19,15),(9,17,13),(8,24,16),(7,21,14),(4,20,12),(2,10,6),(1,5,3)
(23,27,25),(19,21,20),(18,26,22),(15,17,16),(11,13,12),(7,9,8),(4,24,14),(2,10,6),(1,5,3)
(23,27,25),(20,24,22),(16,26,21),(15,19,17),(10,18,14),(9,13,11),(4,8,6),(2,12,7),(1,5,3)
(23,27,25),(20,24,22),(16,26,21),(11,19,15),(10,18,14),(9,17,13),(4,8,6),(2,12,7),(1,5,3)
(23,27,25),(16,26,21),(10,24,17),(9,19,14),(8,22,15),(6,20,13),(4,18,11),(2,12,7),(1,5,3)
(23,27,25),(18,20,19),(16,26,21),(11,17,14),(8,10,9),(6,24,15),(4,22,13),(2,12,7),(1,5,3)
(23,27,25),(17,19,18),(16,26,21),(9,11,10),(8,20,14),(6,24,15),(4,22,13),(2,12,7),(1,5,3)
(23,27,25),(18,22,20),(16,26,21),(15,19,17),(9,13,11),(6,10,8),(4,24,14),(2,12,7),(1,5,3)
(23,27,25),(18,22,20),(16,26,21),(11,19,15),(9,17,13),(6,10,8),(4,24,14),(2,12,7),(1,5,3)
(23,27,25),(17,19,18),(16,26,21),(9,11,10),(8,22,15),(6,20,13),(4,24,14),(2,12,7),(1,5,3)
(23,27,25),(20,24,22),(15,21,18),(12,26,19),(11,17,14),(7,13,10),(4,8,6),(2,16,9),(1,5,3)
(23,27,25),(20,24,22),(13,21,17),(12,26,19),(10,18,14),(7,15,11),(4,8,6),(2,16,9),(1,5,3)
(23,27,25),(18,24,21),(12,26,19),(11,17,14),(8,22,15),(6,20,13),(4,10,7),(2,16,9),(1,5,3)
(23,27,25),(20,22,21),(13,15,14),(12,26,19),(10,24,17),(6,8,7),(4,18,11),(2,16,9),(1,5,3)
(23,27,25),(12,26,19),(10,24,17),(8,22,15),(7,21,14),(6,20,13),(4,18,11),(2,16,9),(1,5,3)
(23,27,25),(18,22,20),(13,21,17),(12,26,19),(7,15,11),(6,10,8),(4,24,14),(2,16,9),(1,5,3)
(23,27,25),(18,24,21),(16,22,19),(13,15,14),(8,26,17),(6,12,9),(4,10,7),(2,20,11),(1,5,3)
(23,27,25),(18,24,21),(13,19,16),(9,15,12),(8,26,17),(6,22,14),(4,10,7),(2,20,11),(1,5,3)
(23,27,25),(12,24,18),(9,21,15),(8,26,17),(7,19,13),(6,22,14),(4,16,10),(2,20,11),(1,5,3)
(23,27,25),(16,22,19),(15,21,18),(8,26,17),(7,13,10),(6,12,9),(4,24,14),(2,20,11),(1,5,3)
(23,27,25),(10,22,16),(9,21,15),(8,26,17),(7,19,13),(6,18,12),(4,24,14),(2,20,11),(1,5,3)
(23,27,25),(18,24,21),(15,19,17),(9,13,11),(8,20,14),(6,26,16),(4,10,7),(2,22,12),(1,5,3)
(23,27,25),(18,24,21),(11,19,15),(9,17,13),(8,20,14),(6,26,16),(4,10,7),(2,22,12),(1,5,3)
(23,27,25),(19,21,20),(13,15,14),(10,24,17),(7,9,8),(6,26,16),(4,18,11),(2,22,12),(1,5,3)
(23,27,25),(10,24,17),(9,21,15),(8,20,14),(7,19,13),(6,26,16),(4,18,11),(2,22,12),(1,5,3)
(23,27,25),(17,21,19),(10,20,15),(8,18,13),(7,11,9),(6,26,16),(4,24,14),(2,22,12),(1,5,3)
(23,27,25),(18,20,19),(13,21,17),(8,10,9),(7,15,11),(6,26,16),(4,24,14),(2,22,12),(1,5,3)
(23,27,25),(20,22,21),(17,19,18),(12,16,14),(9,11,10),(6,8,7),(4,26,15),(2,24,13),(1,5,3)
(23,27,25),(20,22,21),(16,18,17),(10,12,11),(9,19,14),(6,8,7),(4,26,15),(2,24,13),(1,5,3)
(23,27,25),(18,22,20),(17,21,19),(12,16,14),(7,11,9),(6,10,8),(4,26,15),(2,24,13),(1,5,3)
(23,27,25),(18,22,20),(11,21,16),(9,19,14),(7,17,12),(6,10,8),(4,26,15),(2,24,13),(1,5,3)
(23,27,25),(19,21,20),(12,22,17),(10,18,14),(7,9,8),(6,16,11),(4,26,15),(2,24,13),(1,5,3)
(23,27,25),(18,20,19),(12,22,17),(8,10,9),(7,21,14),(6,16,11),(4,26,15),(2,24,13),(1,5,3)
(23,27,25),(19,21,20),(11,17,14),(10,22,16),(7,9,8),(6,18,12),(4,26,15),(2,24,13),(1,5,3)
(23,27,25),(17,21,19),(10,22,16),(8,20,14),(7,11,9),(6,18,12),(4,26,15),(2,24,13),(1,5,3)
(23,27,25),(19,21,20),(16,18,17),(10,12,11),(7,9,8),(6,22,14),(4,26,15),(2,24,13),(1,5,3)
(23,27,25),(17,21,19),(16,20,18),(8,12,10),(7,11,9),(6,22,14),(4,26,15),(2,24,13),(1,5,3)
(23,27,25),(18,20,19),(11,21,16),(8,10,9),(7,17,12),(6,22,14),(4,26,15),(2,24,13),(1,5,3)
(23,27,25),(20,24,22),(17,21,19),(12,18,15),(10,16,13),(7,11,9),(4,8,6),(2,26,14),(1,5,3)
(23,27,25),(20,24,22),(16,18,17),(10,12,11),(9,21,15),(7,19,13),(4,8,6),(2,26,14),(1,5,3)
(23,27,25),(20,22,21),(15,19,17),(12,24,18),(9,13,11),(6,8,7),(4,16,10),(2,26,14),(1,5,3)
(23,27,25),(20,22,21),(12,24,18),(11,19,15),(9,17,13),(6,8,7),(4,16,10),(2,26,14),(1,5,3)
(23,27,25),(17,21,19),(12,24,18),(8,22,15),(7,11,9),(6,20,13),(4,16,10),(2,26,14),(1,5,3)
(23,27,25),(20,22,21),(13,19,16),(10,24,17),(9,15,12),(6,8,7),(4,18,11),(2,26,14),(1,5,3)
(23,27,25),(19,21,20),(16,18,17),(10,12,11),(7,9,8),(6,24,15),(4,22,13),(2,26,14),(1,5,3)
(23,27,25),(17,21,19),(16,20,18),(8,12,10),(7,11,9),(6,24,15),(4,22,13),(2,26,14),(1,5,3)
(23,27,25),(18,20,19),(11,21,16),(8,10,9),(7,17,12),(6,24,15),(4,22,13),(2,26,14),(1,5,3)
(21,27,24),(20,26,23),(13,25,19),(12,22,17),(10,18,14),(6,16,11),(3,15,9),(2,8,5),(1,7,4)
(21,27,24),(20,26,23),(13,25,19),(11,17,14),(10,22,16),(6,18,12),(3,15,9),(2,8,5),(1,7,4)
(21,27,24),(20,26,23),(16,18,17),(13,25,19),(10,12,11),(6,22,14),(3,15,9),(2,8,5),(1,7,4)
(21,27,24),(20,26,23),(16,22,19),(13,15,14),(11,25,18),(6,12,9),(3,17,10),(2,8,5),(1,7,4)
(21,27,24),(20,26,23),(13,19,16),(11,25,18),(9,15,12),(6,22,14),(3,17,10),(2,8,5),(1,7,4)
(21,27,24),(20,26,23),(13,15,14),(10,22,16),(9,25,17),(6,18,12),(3,19,11),(2,8,5),(1,7,4)
(21,27,24),(20,26,23),(12,18,15),(10,16,13),(9,25,17),(6,22,14),(3,19,11),(2,8,5),(1,7,4)
(21,27,24),(20,26,23),(15,19,17),(10,22,16),(9,13,11),(6,18,12),(3,25,14),(2,8,5),(1,7,4)
(21,27,24),(20,26,23),(11,19,15),(10,22,16),(9,17,13),(6,18,12),(3,25,14),(2,8,5),(1,7,4)
(21,27,24),(18,26,22),(15,25,20),(11,17,14),(9,23,16),(5,19,12),(3,13,8),(2,10,6),(1,7,4)
(21,27,24),(18,26,22),(17,23,20),(13,25,19),(12,16,14),(5,11,8),(3,15,9),(2,10,6),(1,7,4)
(21,27,24),(18,26,22),(17,23,20),(13,19,16),(9,15,12),(5,11,8),(3,25,14),(2,10,6),(1,7,4)
(21,27,24),(12,26,19),(11,25,18),(8,22,15),(6,20,13),(5,23,14),(3,17,10),(2,16,9),(1,7,4)
(21,27,24),(18,22,20),(12,26,19),(11,17,14),(6,10,8),(5,25,15),(3,23,13),(2,16,9),(1,7,4)
(21,27,24),(19,25,22),(13,23,18),(12,16,14),(8,26,17),(5,15,10),(3,9,6),(2,20,11),(1,7,4)
(21,27,24),(19,25,22),(12,18,15),(10,16,13),(8,26,17),(5,23,14),(3,9,6),(2,20,11),(1,7,4)
(21,27,24),(13,25,19),(10,22,16),(8,26,17),(6,18,12),(5,23,14),(3,15,9),(2,20,11),(1,7,4)
(21,27,24),(16,22,19),(10,18,14),(8,26,17),(6,12,9),(5,25,15),(3,23,13),(2,20,11),(1,7,4)
(21,27,24),(10,22,16),(9,19,14),(8,26,17),(6,18,12),(5,25,15),(3,23,13),(2,20,11),(1,7,4)
(21,27,24),(15,23,19),(10,22,16),(8,26,17),(6,18,12),(5,13,9),(3,25,14),(2,20,11),(1,7,4)
(21,27,24),(16,22,19),(13,23,18),(8,26,17),(6,12,9),(5,15,10),(3,25,14),(2,20,11),(1,7,4)
(21,27,24),(17,19,18),(15,25,20),(9,11,10),(6,26,16),(5,23,14),(3,13,8),(2,22,12),(1,7,4)
(21,27,24),(17,23,20),(13,25,19),(10,18,14),(6,26,16),(5,11,8),(3,15,9),(2,22,12),(1,7,4)
(21,27,24),(15,23,19),(11,25,18),(8,20,14),(6,26,16),(5,13,9),(3,17,10),(2,22,12),(1,7,4)
(21,27,24),(13,23,18),(9,25,17),(8,20,14),(6,26,16),(5,15,10),(3,19,11),(2,22,12),(1,7,4)
(21,27,24),(10,20,15),(9,25,17),(8,18,13),(6,26,16),(5,23,14),(3,19,11),(2,22,12),(1,7,4)
(21,27,24),(18,20,19),(11,17,14),(8,10,9),(6,26,16),(5,25,15),(3,23,13),(2,22,12),(1,7,4)
(21,27,24),(17,19,18),(9,11,10),(8,20,14),(6,26,16),(5,25,15),(3,23,13),(2,22,12),(1,7,4)
(21,27,24),(19,25,22),(17,23,20),(12,18,15),(10,16,13),(5,11,8),(3,9,6),(2,26,14),(1,7,4)
(21,27,24),(17,23,20),(13,25,19),(10,22,16),(6,18,12),(5,11,8),(3,15,9),(2,26,14),(1,7,4)
(21,27,24),(11,25,18),(9,23,16),(8,22,15),(6,20,13),(5,19,12),(3,17,10),(2,26,14),(1,7,4)
(21,27,24),(18,20,19),(12,22,17),(8,10,9),(6,16,11),(5,25,15),(3,23,13),(2,26,14),(1,7,4)
(24,26,25),(19,27,23),(18,22,20),(13,21,17),(12,16,14),(7,15,11),(6,10,8),(2,4,3),(1,9,5)
(24,26,25),(19,27,23),(18,22,20),(13,15,14),(11,21,16),(7,17,12),(6,10,8),(2,4,3),(1,9,5)
(24,26,25),(19,27,23),(18,22,20),(15,17,16),(11,13,12),(7,21,14),(6,10,8),(2,4,3),(1,9,5)
(24,26,25),(19,27,23),(15,21,18),(12,22,17),(8,20,14),(7,13,10),(6,16,11),(2,4,3),(1,9,5)
(24,26,25),(19,27,23),(12,22,17),(10,20,15),(8,18,13),(7,21,14),(6,16,11),(2,4,3),(1,9,5)
(24,26,25),(19,27,23),(13,21,17),(10,22,16),(8,20,14),(7,15,11),(6,18,12),(2,4,3),(1,9,5)
(24,26,25),(19,27,23),(11,21,16),(10,18,14),(8,22,15),(7,17,12),(6,20,13),(2,4,3),(1,9,5)
(24,26,25),(19,27,23),(16,18,17),(10,12,11),(8,22,15),(7,21,14),(6,20,13),(2,4,3),(1,9,5)
(24,26,25),(19,27,23),(16,20,18),(13,21,17),(8,12,10),(7,15,11),(6,22,14),(2,4,3),(1,9,5)
(24,26,25),(19,27,23),(11,21,16),(10,20,15),(8,18,13),(7,17,12),(6,22,14),(2,4,3),(1,9,5)
(22,26,24),(19,27,23),(17,25,21),(12,16,14),(10,20,15),(8,18,13),(3,11,7),(2,6,4),(1,9,5)
(22,26,24),(19,27,23),(17,25,21),(12,18,15),(10,16,13),(8,20,14),(3,11,7),(2,6,4),(1,9,5)
(22,26,24),(19,27,23),(15,25,20),(11,21,16),(10,18,14),(7,17,12),(3,13,8),(2,6,4),(1,9,5)
(22,26,24),(19,27,23),(16,18,17),(15,25,20),(10,12,11),(7,21,14),(3,13,8),(2,6,4),(1,9,5)
(22,26,24),(19,27,23),(11,17,14),(10,20,15),(8,18,13),(7,25,16),(3,21,12),(2,6,4),(1,9,5)
(22,26,24),(19,27,23),(16,20,18),(13,21,17),(8,12,10),(7,15,11),(3,25,14),(2,6,4),(1,9,5)
(22,26,24),(19,27,23),(11,21,16),(10,20,15),(8,18,13),(7,17,12),(3,25,14),(2,6,4),(1,9,5)
(19,27,23),(18,26,22),(17,25,21),(13,15,14),(8,24,16),(4,20,12),(3,11,7),(2,10,6),(1,9,5)
(19,27,23),(18,26,22),(15,25,20),(11,21,16),(7,17,12),(4,24,14),(3,13,8),(2,10,6),(1,9,5)
(19,27,23),(18,26,22),(16,24,20),(13,21,17),(7,15,11),(4,12,8),(3,25,14),(2,10,6),(1,9,5)
(19,27,23),(18,26,22),(13,21,17),(8,24,16),(7,15,11),(4,20,12),(3,25,14),(2,10,6),(1,9,5)
(19,27,23),(16,26,21),(15,25,20),(10,24,17),(6,22,14),(4,18,11),(3,13,8),(2,12,7),(1,9,5)
(20,24,22),(19,27,23),(16,26,21),(13,15,14),(11,25,18),(4,8,6),(3,17,10),(2,12,7),(1,9,5)
(19,27,23),(16,26,21),(11,25,18),(8,20,14),(6,24,15),(4,22,13),(3,17,10),(2,12,7),(1,9,5)
(19,27,23),(16,26,21),(11,25,18),(8,22,15),(6,20,13),(4,24,14),(3,17,10),(2,12,7),(1,9,5)
(19,27,23),(16,26,21),(10,24,17),(8,22,15),(6,20,13),(4,18,11),(3,25,14),(2,12,7),(1,9,5)
(19,27,23),(10,18,14),(8,26,17),(7,25,16),(6,24,15),(4,22,13),(3,21,12),(2,20,11),(1,9,5)
(19,27,23),(17,25,21),(10,20,15),(8,18,13),(6,26,16),(4,24,14),(3,11,7),(2,22,12),(1,9,5)
(19,27,23),(18,24,21),(15,25,20),(11,17,14),(6,26,16),(4,10,7),(3,13,8),(2,22,12),(1,9,5)
(19,27,23),(15,25,20),(10,24,17),(7,21,14),(6,26,16),(4,18,11),(3,13,8),(2,22,12),(1,9,5)
(19,27,23),(18,22,20),(17,25,21),(12,16,14),(6,10,8),(4,26,15),(3,11,7),(2,24,13),(1,9,5)
(19,27,23),(17,25,21),(10,22,16),(8,20,14),(6,18,12),(4,26,15),(3,11,7),(2,24,13),(1,9,5)
(19,27,23),(17,25,21),(16,20,18),(8,12,10),(6,22,14),(4,26,15),(3,11,7),(2,24,13),(1,9,5)
(20,22,21),(19,27,23),(12,16,14),(11,25,18),(6,8,7),(4,26,15),(3,17,10),(2,24,13),(1,9,5)
(19,27,23),(18,22,20),(11,17,14),(7,25,16),(6,10,8),(4,26,15),(3,21,12),(2,24,13),(1,9,5)
(20,22,21),(19,27,23),(16,18,17),(10,12,11),(6,8,7),(4,26,15),(3,25,14),(2,24,13),(1,9,5)
(19,27,23),(18,22,20),(11,21,16),(7,17,12),(6,10,8),(4,26,15),(3,25,14),(2,24,13),(1,9,5)
(20,24,22),(19,27,23),(17,25,21),(12,18,15),(10,16,13),(4,8,6),(3,11,7),(2,26,14),(1,9,5)
(19,27,23),(17,25,21),(12,24,18),(8,22,15),(6,20,13),(4,16,10),(3,11,7),(2,26,14),(1,9,5)
(19,27,23),(17,25,21),(16,20,18),(8,12,10),(6,24,15),(4,22,13),(3,11,7),(2,26,14),(1,9,5)
(19,27,23),(18,24,21),(15,25,20),(12,22,17),(6,16,11),(4,10,7),(3,13,8),(2,26,14),(1,9,5)
(19,27,23),(10,24,17),(8,22,15),(7,25,16),(6,20,13),(4,18,11),(3,21,12),(2,26,14),(1,9,5)
(24,26,25),(19,23,21),(17,27,22),(12,16,14),(10,20,15),(8,18,13),(5,9,7),(2,4,3),(1,11,6)
(24,26,25),(19,23,21),(17,27,22),(12,18,15),(10,16,13),(8,20,14),(5,9,7),(2,4,3),(1,11,6)
(24,26,25),(17,27,22),(16,20,18),(15,23,19),(8,12,10),(7,21,14),(5,13,9),(2,4,3),(1,11,6)
(24,26,25),(19,21,20),(17,27,22),(13,23,18),(12,16,14),(7,9,8),(5,15,10),(2,4,3),(1,11,6)
(24,26,25),(17,27,22),(15,21,18),(9,23,16),(8,20,14),(7,13,10),(5,19,12),(2,4,3),(1,11,6)
(24,26,25),(17,27,22),(10,20,15),(9,23,16),(8,18,13),(7,21,14),(5,19,12),(2,4,3),(1,11,6)
(24,26,25),(18,20,19),(17,27,22),(12,16,14),(8,10,9),(7,23,15),(5,21,13),(2,4,3),(1,11,6)
(24,26,25),(17,27,22),(16,20,18),(9,19,14),(8,12,10),(7,23,15),(5,21,13),(2,4,3),(1,11,6)
(24,26,25),(19,21,20),(17,27,22),(12,18,15),(10,16,13),(7,9,8),(5,23,14),(2,4,3),(1,11,6)
(24,26,25),(17,27,22),(16,20,18),(9,21,15),(8,12,10),(7,19,13),(5,23,14),(2,4,3),(1,11,6)
(20,26,23),(18,24,21),(17,27,22),(13,25,19),(12,16,14),(4,10,7),(3,15,9),(2,8,5),(1,11,6)
(20,26,23),(17,27,22),(13,25,19),(12,24,18),(7,21,14),(4,16,10),(3,15,9),(2,8,5),(1,11,6)
(20,26,23),(18,24,21),(17,27,22),(13,19,16),(9,15,12),(4,10,7),(3,25,14),(2,8,5),(1,11,6)
(20,26,23),(17,27,22),(12,24,18),(9,21,15),(7,19,13),(4,16,10),(3,25,14),(2,8,5),(1,11,6)
(23,25,24),(17,27,22),(16,26,21),(10,20,15),(9,19,14),(8,18,13),(3,5,4),(2,12,7),(1,11,6)
(18,20,19),(17,27,22),(16,26,21),(8,10,9),(5,25,15),(4,24,14),(3,23,13),(2,12,7),(1,11,6)
(23,25,24),(17,27,22),(15,21,18),(12,26,19),(8,20,14),(7,13,10),(3,5,4),(2,16,9),(1,11,6)
(23,25,24),(17,27,22),(12,26,19),(10,20,15),(8,18,13),(7,21,14),(3,5,4),(2,16,9),(1,11,6)
(21,25,23),(17,27,22),(12,26,19),(10,20,15),(8,18,13),(4,24,14),(3,7,5),(2,16,9),(1,11,6)
(18,24,21),(17,27,22),(15,25,20),(12,26,19),(5,23,14),(4,10,7),(3,13,8),(2,16,9),(1,11,6)
(18,24,21),(17,27,22),(12,26,19),(8,20,14),(5,25,15),(4,10,7),(3,23,13),(2,16,9),(1,11,6)
(21,25,23),(18,20,19),(17,27,22),(12,16,14),(8,10,9),(4,26,15),(3,7,5),(2,24,13),(1,11,6)
(21,25,23),(17,27,22),(16,20,18),(9,19,14),(8,12,10),(4,26,15),(3,7,5),(2,24,13),(1,11,6)
(18,20,19),(17,27,22),(8,10,9),(7,25,16),(5,23,14),(4,26,15),(3,21,12),(2,24,13),(1,11,6)
(19,23,21),(17,27,22),(16,20,18),(8,12,10),(5,9,7),(4,26,15),(3,25,14),(2,24,13),(1,11,6)
(23,25,24),(19,21,20),(17,27,22),(12,18,15),(10,16,13),(7,9,8),(3,5,4),(2,26,14),(1,11,6)
(23,25,24),(17,27,22),(16,20,18),(9,21,15),(8,12,10),(7,19,13),(3,5,4),(2,26,14),(1,11,6)
(18,24,21),(17,27,22),(15,25,20),(9,23,16),(5,19,12),(4,10,7),(3,13,8),(2,26,14),(1,11,6)
(19,23,21),(17,27,22),(15,25,20),(12,24,18),(5,9,7),(4,16,10),(3,13,8),(2,26,14),(1,11,6)
(19,21,20),(17,27,22),(12,24,18),(7,9,8),(5,25,15),(4,16,10),(3,23,13),(2,26,14),(1,11,6)
(24,26,25),(17,23,20),(16,22,19),(15,27,21),(10,18,14),(6,12,9),(5,11,8),(2,4,3),(1,13,7)
(24,26,25),(17,23,20),(15,27,21),(10,22,16),(9,19,14),(6,18,12),(5,11,8),(2,4,3),(1,13,7)
(24,26,25),(18,22,20),(15,27,21),(11,17,14),(9,23,16),(6,10,8),(5,19,12),(2,4,3),(1,13,7)
(24,26,25),(18,20,19),(15,27,21),(12,22,17),(8,10,9),(6,16,11),(5,23,14),(2,4,3),(1,13,7)
(22,26,24),(15,27,21),(11,25,18),(9,23,16),(8,20,14),(5,19,12),(3,17,10),(2,6,4),(1,13,7)
(22,26,24),(16,20,18),(15,27,21),(9,25,17),(8,12,10),(5,23,14),(3,19,11),(2,6,4),(1,13,7)
(20,26,23),(19,25,22),(15,27,21),(12,24,18),(11,17,14),(4,16,10),(3,9,6),(2,8,5),(1,13,7)
(20,26,23),(19,25,22),(15,27,21),(12,16,14),(10,24,17),(4,18,11),(3,9,6),(2,8,5),(1,13,7)
(20,26,23),(19,25,22),(16,18,17),(15,27,21),(10,12,11),(4,24,14),(3,9,6),(2,8,5),(1,13,7)
(20,26,23),(16,22,19),(15,27,21),(11,25,18),(6,12,9),(4,24,14),(3,17,10),(2,8,5),(1,13,7)
(20,26,23),(15,27,21),(12,24,18),(9,25,17),(6,22,14),(4,16,10),(3,19,11),(2,8,5),(1,13,7)
(20,26,23),(15,27,21),(10,22,16),(9,25,17),(6,18,12),(4,24,14),(3,19,11),(2,8,5),(1,13,7)
(20,26,23),(16,22,19),(15,27,21),(10,24,17),(6,12,9),(4,18,11),(3,25,14),(2,8,5),(1,13,7)
(18,26,22),(16,24,20),(15,27,21),(9,25,17),(5,23,14),(4,12,8),(3,19,11),(2,10,6),(1,13,7)
(18,26,22),(15,27,21),(9,25,17),(8,24,16),(5,23,14),(4,20,12),(3,19,11),(2,10,6),(1,13,7)
(23,25,24),(18,22,20),(15,27,21),(12,26,19),(11,17,14),(6,10,8),(3,5,4),(2,16,9),(1,13,7)
(22,24,23),(15,27,21),(12,26,19),(11,25,18),(8,20,14),(4,6,5),(3,17,10),(2,16,9),(1,13,7)
(20,24,22),(15,27,21),(12,26,19),(11,25,18),(5,23,14),(4,8,6),(3,17,10),(2,16,9),(1,13,7)
(23,25,24),(16,22,19),(15,27,21),(10,18,14),(8,26,17),(6,12,9),(3,5,4),(2,20,11),(1,13,7)
(23,25,24),(15,27,21),(10,22,16),(9,19,14),(8,26,17),(6,18,12),(3,5,4),(2,20,11),(1,13,7)
(19,25,22),(15,27,21),(12,24,18),(8,26,17),(5,23,14),(4,16,10),(3,9,6),(2,20,11),(1,13,7)
(23,25,24),(18,20,19),(15,27,21),(11,17,14),(8,10,9),(6,26,16),(3,5,4),(2,22,12),(1,13,7)
(23,25,24),(17,19,18),(15,27,21),(9,11,10),(8,20,14),(6,26,16),(3,5,4),(2,22,12),(1,13,7)
(23,25,24),(18,20,19),(15,27,21),(12,22,17),(8,10,9),(6,16,11),(3,5,4),(2,26,14),(1,13,7)
(19,25,22),(17,23,20),(15,27,21),(12,24,18),(5,11,8),(4,16,10),(3,9,6),(2,26,14),(1,13,7)
(20,24,22),(15,27,21),(11,25,18),(9,23,16),(5,19,12),(4,8,6),(3,17,10),(2,26,14),(1,13,7)
(22,24,23),(16,20,18),(15,27,21),(9,25,17),(8,12,10),(4,6,5),(3,19,11),(2,26,14),(1,13,7)
(24,26,25),(21,23,22),(17,19,18),(13,27,20),(12,16,14),(9,11,10),(5,7,6),(2,4,3),(1,15,8)
(24,26,25),(21,23,22),(16,18,17),(13,27,20),(10,12,11),(9,19,14),(5,7,6),(2,4,3),(1,15,8)
(24,26,25),(19,23,21),(13,27,20),(12,22,17),(10,18,14),(6,16,11),(5,9,7),(2,4,3),(1,15,8)
(24,26,25),(19,23,21),(13,27,20),(11,17,14),(10,22,16),(6,18,12),(5,9,7),(2,4,3),(1,15,8)
(24,26,25),(19,23,21),(16,18,17),(13,27,20),(10,12,11),(6,22,14),(5,9,7),(2,4,3),(1,15,8)
(24,26,25),(17,21,19),(13,27,20),(10,22,16),(7,11,9),(6,18,12),(5,23,14),(2,4,3),(1,15,8)
(22,26,24),(21,25,23),(17,19,18),(13,27,20),(12,16,14),(9,11,10),(3,7,5),(2,6,4),(1,15,8)
(22,26,24),(21,25,23),(16,18,17),(13,27,20),(10,12,11),(9,19,14),(3,7,5),(2,6,4),(1,15,8)
(22,26,24),(17,25,21),(13,27,20),(10,18,14),(9,23,16),(5,19,12),(3,11,7),(2,6,4),(1,15,8)
(22,26,24),(19,23,21),(13,27,20),(12,16,14),(11,25,18),(5,9,7),(3,17,10),(2,6,4),(1,15,8)
(22,26,24),(13,27,20),(11,25,18),(9,23,16),(7,21,14),(5,19,12),(3,17,10),(2,6,4),(1,15,8)
(22,26,24),(17,19,18),(13,27,20),(9,11,10),(7,25,16),(5,23,14),(3,21,12),(2,6,4),(1,15,8)
(22,26,24),(19,23,21),(16,18,17),(13,27,20),(10,12,11),(5,9,7),(3,25,14),(2,6,4),(1,15,8)
(23,25,24),(18,26,22),(17,21,19),(13,27,20),(12,16,14),(7,11,9),(3,5,4),(2,10,6),(1,15,8)
(23,25,24),(18,26,22),(13,27,20),(11,21,16),(9,19,14),(7,17,12),(3,5,4),(2,10,6),(1,15,8)
(18,26,22),(17,25,21),(13,27,20),(9,23,16),(5,19,12),(4,24,14),(3,11,7),(2,10,6),(1,15,8)
(23,25,24),(17,19,18),(16,26,21),(13,27,20),(9,11,10),(6,22,14),(3,5,4),(2,12,7),(1,15,8)
(19,25,22),(16,26,21),(13,27,20),(10,24,17),(5,23,14),(4,18,11),(3,9,6),(2,12,7),(1,15,8)
(22,24,23),(16,26,21),(13,27,20),(11,25,18),(9,19,14),(4,6,5),(3,17,10),(2,12,7),(1,15,8)
(22,24,23),(16,26,21),(13,27,20),(10,18,14),(9,25,17),(4,6,5),(3,19,11),(2,12,7),(1,15,8)
(22,24,23),(17,19,18),(16,26,21),(13,27,20),(9,11,10),(4,6,5),(3,25,14),(2,12,7),(1,15,8)
(21,25,23),(13,27,20),(12,26,19),(10,24,17),(6,22,14),(4,18,11),(3,7,5),(2,16,9),(1,15,8)
(22,24,23),(17,25,21),(13,27,20),(12,26,19),(10,18,14),(4,6,5),(3,11,7),(2,16,9),(1,15,8)
(22,24,23),(13,27,20),(12,26,19),(11,25,18),(7,21,14),(4,6,5),(3,17,10),(2,16,9),(1,15,8)
(21,23,22),(13,27,20),(12,26,19),(11,25,18),(5,7,6),(4,24,14),(3,17,10),(2,16,9),(1,15,8)
(21,23,22),(13,27,20),(12,26,19),(10,24,17),(5,7,6),(4,18,11),(3,25,14),(2,16,9),(1,15,8)
(23,25,24),(17,21,19),(13,27,20),(10,18,14),(7,11,9),(6,26,16),(3,5,4),(2,22,12),(1,15,8)
(23,25,24),(17,19,18),(13,27,20),(9,11,10),(7,21,14),(6,26,16),(3,5,4),(2,22,12),(1,15,8)
(21,25,23),(13,27,20),(10,24,17),(9,19,14),(6,26,16),(4,18,11),(3,7,5),(2,22,12),(1,15,8)
(21,25,23),(17,19,18),(13,27,20),(9,11,10),(6,26,16),(4,24,14),(3,7,5),(2,22,12),(1,15,8)
(19,23,21),(13,27,20),(11,25,18),(6,26,16),(5,9,7),(4,24,14),(3,17,10),(2,22,12),(1,15,8)
(18,24,21),(13,27,20),(9,25,17),(6,26,16),(5,23,14),(4,10,7),(3,19,11),(2,22,12),(1,15,8)
(19,23,21),(13,27,20),(10,24,17),(6,26,16),(5,9,7),(4,18,11),(3,25,14),(2,22,12),(1,15,8)
(23,25,24),(17,21,19),(13,27,20),(10,22,16),(7,11,9),(6,18,12),(3,5,4),(2,26,14),(1,15,8)
(21,25,23),(16,22,19),(13,27,20),(10,24,17),(6,12,9),(4,18,11),(3,7,5),(2,26,14),(1,15,8)
(21,23,22),(13,27,20),(12,24,18),(9,25,17),(5,7,6),(4,16,10),(3,19,11),(2,26,14),(1,15,8)
(22,24,23),(17,19,18),(13,27,20),(9,11,10),(7,25,16),(4,6,5),(3,21,12),(2,26,14),(1,15,8)
(24,26,25),(21,23,22),(16,20,18),(13,15,14),(11,27,19),(8,12,10),(5,7,6),(2,4,3),(1,17,9)
(24,26,25),(21,23,22),(12,16,14),(11,27,19),(10,20,15),(8,18,13),(5,7,6),(2,4,3),(1,17,9)
(24,26,25),(21,23,22),(12,18,15),(11,27,19),(10,16,13),(8,20,14),(5,7,6),(2,4,3),(1,17,9)
(24,26,25),(20,22,21),(13,23,18),(12,16,14),(11,27,19),(6,8,7),(5,15,10),(2,4,3),(1,17,9)
(24,26,25),(18,22,20),(12,16,14),(11,27,19),(7,23,15),(6,10,8),(5,21,13),(2,4,3),(1,17,9)
(24,26,25),(11,27,19),(10,22,16),(8,20,14),(7,23,15),(6,18,12),(5,21,13),(2,4,3),(1,17,9)
(24,26,25),(16,20,18),(11,27,19),(8,12,10),(7,23,15),(6,22,14),(5,21,13),(2,4,3),(1,17,9)
(24,26,25),(20,22,21),(12,18,15),(11,27,19),(10,16,13),(6,8,7),(5,23,14),(2,4,3),(1,17,9)
(22,26,24),(21,25,23),(16,20,18),(13,15,14),(11,27,19),(8,12,10),(3,7,5),(2,6,4),(1,17,9)
(22,26,24),(21,25,23),(12,16,14),(11,27,19),(10,20,15),(8,18,13),(3,7,5),(2,6,4),(1,17,9)
(22,26,24),(21,25,23),(12,18,15),(11,27,19),(10,16,13),(8,20,14),(3,7,5),(2,6,4),(1,17,9)
(22,26,24),(13,23,18),(11,27,19),(8,20,14),(7,25,16),(5,15,10),(3,21,12),(2,6,4),(1,17,9)
(22,26,24),(11,27,19),(10,20,15),(8,18,13),(7,25,16),(5,23,14),(3,21,12),(2,6,4),(1,17,9)
(22,26,24),(16,20,18),(11,27,19),(8,12,10),(7,21,14),(5,25,15),(3,23,13),(2,6,4),(1,17,9)
(22,26,24),(16,20,18),(11,27,19),(8,12,10),(7,23,15),(5,21,13),(3,25,14),(2,6,4),(1,17,9)
(20,26,23),(11,27,19),(10,18,14),(7,25,16),(6,24,15),(4,22,13),(3,21,12),(2,8,5),(1,17,9)
(21,25,23),(18,26,22),(16,24,20),(13,15,14),(11,27,19),(4,12,8),(3,7,5),(2,10,6),(1,17,9)
(21,25,23),(18,26,22),(13,15,14),(11,27,19),(8,24,16),(4,20,12),(3,7,5),(2,10,6),(1,17,9)
(18,26,22),(16,24,20),(11,27,19),(7,21,14),(5,25,15),(4,12,8),(3,23,13),(2,10,6),(1,17,9)
(18,26,22),(11,27,19),(8,24,16),(7,21,14),(5,25,15),(4,20,12),(3,23,13),(2,10,6),(1,17,9)
(18,26,22),(16,24,20),(11,27,19),(7,23,15),(5,21,13),(4,12,8),(3,25,14),(2,10,6),(1,17,9)
(18,26,22),(11,27,19),(8,24,16),(7,23,15),(5,21,13),(4,20,12),(3,25,14),(2,10,6),(1,17,9)
(23,25,24),(18,22,20),(16,26,21),(13,15,14),(11,27,19),(6,10,8),(3,5,4),(2,12,7),(1,17,9)
(23,25,24),(16,26,21),(11,27,19),(10,18,14),(8,22,15),(6,20,13),(3,5,4),(2,12,7),(1,17,9)
(23,25,24),(16,26,21),(11,27,19),(10,20,15),(8,18,13),(6,22,14),(3,5,4),(2,12,7),(1,17,9)
(22,24,23),(16,26,21),(15,25,20),(11,27,19),(10,18,14),(4,6,5),(3,13,8),(2,12,7),(1,17,9)
(20,24,22),(16,26,21),(11,27,19),(10,18,14),(5,25,15),(4,8,6),(3,23,13),(2,12,7),(1,17,9)
(18,22,20),(16,26,21),(11,27,19),(6,10,8),(5,25,15),(4,24,14),(3,23,13),(2,12,7),(1,17,9)
(22,24,23),(16,26,21),(11,27,19),(10,20,15),(8,18,13),(4,6,5),(3,25,14),(2,12,7),(1,17,9)
(20,24,22),(16,26,21),(13,23,18),(11,27,19),(5,15,10),(4,8,6),(3,25,14),(2,12,7),(1,17,9)
(23,25,24),(15,21,18),(11,27,19),(8,20,14),(7,13,10),(6,26,16),(3,5,4),(2,22,12),(1,17,9)
(23,25,24),(11,27,19),(10,20,15),(8,18,13),(7,21,14),(6,26,16),(3,5,4),(2,22,12),(1,17,9)
(21,25,23),(11,27,19),(10,20,15),(8,18,13),(6,26,16),(4,24,14),(3,7,5),(2,22,12),(1,17,9)
(18,24,21),(15,25,20),(11,27,19),(6,26,16),(5,23,14),(4,10,7),(3,13,8),(2,22,12),(1,17,9)
(18,24,21),(11,27,19),(8,20,14),(6,26,16),(5,25,15),(4,10,7),(3,23,13),(2,22,12),(1,17,9)
(21,25,23),(18,22,20),(12,16,14),(11,27,19),(6,10,8),(4,26,15),(3,7,5),(2,24,13),(1,17,9)
(21,25,23),(11,27,19),(10,22,16),(8,20,14),(6,18,12),(4,26,15),(3,7,5),(2,24,13),(1,17,9)
(21,25,23),(16,20,18),(11,27,19),(8,12,10),(6,22,14),(4,26,15),(3,7,5),(2,24,13),(1,17,9)
(18,22,20),(11,27,19),(7,25,16),(6,10,8),(5,23,14),(4,26,15),(3,21,12),(2,24,13),(1,17,9)
(21,23,22),(16,20,18),(11,27,19),(8,12,10),(5,7,6),(4,26,15),(3,25,14),(2,24,13),(1,17,9)
(23,25,24),(20,22,21),(12,18,15),(11,27,19),(10,16,13),(6,8,7),(3,5,4),(2,26,14),(1,17,9)
(21,25,23),(20,24,22),(12,18,15),(11,27,19),(10,16,13),(4,8,6),(3,7,5),(2,26,14),(1,17,9)
(21,25,23),(12,24,18),(11,27,19),(8,22,15),(6,20,13),(4,16,10),(3,7,5),(2,26,14),(1,17,9)
(21,25,23),(16,20,18),(11,27,19),(8,12,10),(6,24,15),(4,22,13),(3,7,5),(2,26,14),(1,17,9)
(21,23,22),(15,25,20),(12,24,18),(11,27,19),(5,7,6),(4,16,10),(3,13,8),(2,26,14),(1,17,9)
(22,24,23),(11,27,19),(10,20,15),(8,18,13),(7,25,16),(4,6,5),(3,21,12),(2,26,14),(1,17,9)
(20,24,22),(13,23,18),(11,27,19),(7,25,16),(5,15,10),(4,8,6),(3,21,12),(2,26,14),(1,17,9)
(20,22,21),(12,24,18),(11,27,19),(6,8,7),(5,25,15),(4,16,10),(3,23,13),(2,26,14),(1,17,9)
(24,26,25),(21,23,22),(15,17,16),(11,13,12),(9,27,18),(8,20,14),(5,7,6),(2,4,3),(1,19,10)
(24,26,25),(12,22,17),(9,27,18),(8,20,14),(7,23,15),(6,16,11),(5,21,13),(2,4,3),(1,19,10)
(24,26,25),(20,22,21),(15,17,16),(11,13,12),(9,27,18),(6,8,7),(5,23,14),(2,4,3),(1,19,10)
(24,26,25),(11,21,16),(9,27,18),(8,22,15),(7,17,12),(6,20,13),(5,23,14),(2,4,3),(1,19,10)
(22,26,24),(21,25,23),(15,17,16),(11,13,12),(9,27,18),(8,20,14),(3,7,5),(2,6,4),(1,19,10)
(22,26,24),(15,25,20),(11,21,16),(9,27,18),(7,17,12),(5,23,14),(3,13,8),(2,6,4),(1,19,10)
(22,26,24),(17,23,20),(13,15,14),(9,27,18),(7,25,16),(5,11,8),(3,21,12),(2,6,4),(1,19,10)
(22,26,24),(11,21,16),(9,27,18),(8,20,14),(7,17,12),(5,25,15),(3,23,13),(2,6,4),(1,19,10)
(20,26,23),(17,25,21),(12,16,14),(9,27,18),(6,24,15),(4,22,13),(3,11,7),(2,8,5),(1,19,10)
(20,26,23),(11,17,14),(9,27,18),(7,25,16),(6,24,15),(4,22,13),(3,21,12),(2,8,5),(1,19,10)
(20,26,23),(11,21,16),(9,27,18),(7,17,12),(6,24,15),(4,22,13),(3,25,14),(2,8,5),(1,19,10)
(23,25,24),(16,26,21),(11,17,14),(9,27,18),(8,22,15),(6,20,13),(3,5,4),(2,12,7),(1,19,10)
(22,24,23),(16,26,21),(15,25,20),(11,17,14),(9,27,18),(4,6,5),(3,13,8),(2,12,7),(1,19,10)
(20,24,22),(16,26,21),(11,17,14),(9,27,18),(5,25,15),(4,8,6),(3,23,13),(2,12,7),(1,19,10)
(17,23,20),(16,26,21),(9,27,18),(6,24,15),(5,11,8),(4,22,13),(3,25,14),(2,12,7),(1,19,10)
(21,25,23),(12,16,14),(9,27,18),(8,26,17),(6,24,15),(4,22,13),(3,7,5),(2,20,11),(1,19,10)
(22,24,23),(13,15,14),(9,27,18),(8,26,17),(7,25,16),(4,6,5),(3,21,12),(2,20,11),(1,19,10)
(9,27,18),(8,26,17),(7,25,16),(6,24,15),(5,23,14),(4,22,13),(3,21,12),(2,20,11),(1,19,10)
(23,25,24),(13,21,17),(9,27,18),(8,20,14),(7,15,11),(6,26,16),(3,5,4),(2,22,12),(1,19,10)
(21,25,23),(12,22,17),(9,27,18),(8,20,14),(6,16,11),(4,26,15),(3,7,5),(2,24,13),(1,19,10)
(17,23,20),(9,27,18),(7,25,16),(6,22,14),(5,11,8),(4,26,15),(3,21,12),(2,24,13),(1,19,10)
(23,25,24),(20,22,21),(15,17,16),(11,13,12),(9,27,18),(6,8,7),(3,5,4),(2,26,14),(1,19,10)
(23,25,24),(11,21,16),(9,27,18),(8,22,15),(7,17,12),(6,20,13),(3,5,4),(2,26,14),(1,19,10)
(21,25,23),(20,24,22),(15,17,16),(11,13,12),(9,27,18),(4,8,6),(3,7,5),(2,26,14),(1,19,10)
(22,24,23),(15,25,20),(11,21,16),(9,27,18),(7,17,12),(4,6,5),(3,13,8),(2,26,14),(1,19,10)
(17,23,20),(9,27,18),(7,25,16),(6,24,15),(5,11,8),(4,22,13),(3,21,12),(2,26,14),(1,19,10)
(20,24,22),(11,21,16),(9,27,18),(7,17,12),(5,25,15),(4,8,6),(3,23,13),(2,26,14),(1,19,10)
(24,26,25),(18,22,20),(15,23,19),(12,16,14),(7,27,17),(6,10,8),(5,13,9),(2,4,3),(1,21,11)
(24,26,25),(15,23,19),(10,22,16),(8,20,14),(7,27,17),(6,18,12),(5,13,9),(2,4,3),(1,21,11)
(24,26,25),(16,20,18),(15,23,19),(8,12,10),(7,27,17),(6,22,14),(5,13,9),(2,4,3),(1,21,11)
(24,26,25),(16,22,19),(13,23,18),(8,20,14),(7,27,17),(6,12,9),(5,15,10),(2,4,3),(1,21,11)
(24,26,25),(18,22,20),(13,15,14),(9,23,16),(7,27,17),(6,10,8),(5,19,12),(2,4,3),(1,21,11)
(24,26,25),(10,18,14),(9,23,16),(8,22,15),(7,27,17),(6,20,13),(5,19,12),(2,4,3),(1,21,11)
(24,26,25),(10,20,15),(9,23,16),(8,18,13),(7,27,17),(6,22,14),(5,19,12),(2,4,3),(1,21,11)
(24,26,25),(18,22,20),(13,19,16),(9,15,12),(7,27,17),(6,10,8),(5,23,14),(2,4,3),(1,21,11)
(24,26,25),(16,22,19),(10,20,15),(8,18,13),(7,27,17),(6,12,9),(5,23,14),(2,4,3),(1,21,11)
(22,26,24),(15,25,20),(10,18,14),(9,23,16),(7,27,17),(5,19,12),(3,13,8),(2,6,4),(1,21,11)
(22,26,24),(16,20,18),(13,25,19),(8,12,10),(7,27,17),(5,23,14),(3,15,9),(2,6,4),(1,21,11)
(22,26,24),(18,20,19),(12,16,14),(8,10,9),(7,27,17),(5,25,15),(3,23,13),(2,6,4),(1,21,11)
(22,26,24),(16,20,18),(9,19,14),(8,12,10),(7,27,17),(5,25,15),(3,23,13),(2,6,4),(1,21,11)
(22,26,24),(16,20,18),(15,23,19),(8,12,10),(7,27,17),(5,13,9),(3,25,14),(2,6,4),(1,21,11)
(22,26,24),(10,20,15),(9,23,16),(8,18,13),(7,27,17),(5,19,12),(3,25,14),(2,6,4),(1,21,11)
(20,26,23),(19,25,22),(13,15,14),(12,24,18),(7,27,17),(4,16,10),(3,9,6),(2,8,5),(1,21,11)
(20,26,23),(19,25,22),(12,18,15),(10,16,13),(7,27,17),(4,24,14),(3,9,6),(2,8,5),(1,21,11)
(20,26,23),(13,25,19),(12,24,18),(7,27,17),(6,22,14),(4,16,10),(3,15,9),(2,8,5),(1,21,11)
(20,26,23),(13,25,19),(10,22,16),(7,27,17),(6,18,12),(4,24,14),(3,15,9),(2,8,5),(1,21,11)
(23,25,24),(18,26,22),(13,19,16),(9,15,12),(8,20,14),(7,27,17),(3,5,4),(2,10,6),(1,21,11)
(18,26,22),(15,25,20),(9,23,16),(7,27,17),(5,19,12),(4,24,14),(3,13,8),(2,10,6),(1,21,11)
(18,26,22),(16,24,20),(13,25,19),(7,27,17),(5,23,14),(4,12,8),(3,15,9),(2,10,6),(1,21,11)
(18,26,22),(13,25,19),(8,24,16),(7,27,17),(5,23,14),(4,20,12),(3,15,9),(2,10,6),(1,21,11)
(18,26,22),(16,24,20),(9,19,14),(7,27,17),(5,25,15),(4,12,8),(3,23,13),(2,10,6),(1,21,11)
(18,26,22),(9,19,14),(8,24,16),(7,27,17),(5,25,15),(4,20,12),(3,23,13),(2,10,6),(1,21,11)
(18,26,22),(16,24,20),(15,23,19),(7,27,17),(5,13,9),(4,12,8),(3,25,14),(2,10,6),(1,21,11)
(18,26,22),(15,23,19),(8,24,16),(7,27,17),(5,13,9),(4,20,12),(3,25,14),(2,10,6),(1,21,11)
(23,25,24),(18,22,20),(13,15,14),(12,26,19),(7,27,17),(6,10,8),(3,5,4),(2,16,9),(1,21,11)
(23,25,24),(12,26,19),(10,18,14),(8,22,15),(7,27,17),(6,20,13),(3,5,4),(2,16,9),(1,21,11)
(23,25,24),(12,26,19),(10,20,15),(8,18,13),(7,27,17),(6,22,14),(3,5,4),(2,16,9),(1,21,11)
(22,24,23),(15,25,20),(12,26,19),(10,18,14),(7,27,17),(4,6,5),(3,13,8),(2,16,9),(1,21,11)
(20,24,22),(12,26,19),(10,18,14),(7,27,17),(5,25,15),(4,8,6),(3,23,13),(2,16,9),(1,21,11)
(18,22,20),(12,26,19),(7,27,17),(6,10,8),(5,25,15),(4,24,14),(3,23,13),(2,16,9),(1,21,11)
(22,24,23),(12,26,19),(10,20,15),(8,18,13),(7,27,17),(4,6,5),(3,25,14),(2,16,9),(1,21,11)
(20,24,22),(13,23,18),(12,26,19),(7,27,17),(5,15,10),(4,8,6),(3,25,14),(2,16,9),(1,21,11)
(23,25,24),(18,20,19),(13,15,14),(8,10,9),(7,27,17),(6,26,16),(3,5,4),(2,22,12),(1,21,11)
(23,25,24),(10,20,15),(9,19,14),(8,18,13),(7,27,17),(6,26,16),(3,5,4),(2,22,12),(1,21,11)
(18,20,19),(8,10,9),(7,27,17),(6,26,16),(5,25,15),(4,24,14),(3,23,13),(2,22,12),(1,21,11)
(19,25,22),(16,20,18),(8,12,10),(7,27,17),(5,23,14),(4,26,15),(3,9,6),(2,24,13),(1,21,11)
(18,22,20),(9,23,16),(7,27,17),(6,10,8),(5,19,12),(4,26,15),(3,25,14),(2,24,13),(1,21,11)
(23,25,24),(18,22,20),(13,19,16),(9,15,12),(7,27,17),(6,10,8),(3,5,4),(2,26,14),(1,21,11)
(23,25,24),(16,22,19),(10,20,15),(8,18,13),(7,27,17),(6,12,9),(3,5,4),(2,26,14),(1,21,11)
(19,25,22),(16,24,20),(13,23,18),(7,27,17),(5,15,10),(4,12,8),(3,9,6),(2,26,14),(1,21,11)
(19,25,22),(13,23,18),(8,24,16),(7,27,17),(5,15,10),(4,20,12),(3,9,6),(2,26,14),(1,21,11)
(22,24,23),(16,20,18),(13,25,19),(8,12,10),(7,27,17),(4,6,5),(3,15,9),(2,26,14),(1,21,11)
(24,26,25),(20,22,21),(17,19,18),(13,15,14),(9,11,10),(6,8,7),(5,27,16),(2,4,3),(1,23,12)
(24,26,25),(20,22,21),(15,19,17),(10,18,14),(9,13,11),(6,8,7),(5,27,16),(2,4,3),(1,23,12)
(24,26,25),(20,22,21),(11,19,15),(10,18,14),(9,17,13),(6,8,7),(5,27,16),(2,4,3),(1,23,12)
(24,26,25),(18,22,20),(17,21,19),(13,15,14),(7,11,9),(6,10,8),(5,27,16),(2,4,3),(1,23,12)
(24,26,25),(18,22,20),(13,21,17),(9,19,14),(7,15,11),(6,10,8),(5,27,16),(2,4,3),(1,23,12)
(24,26,25),(18,22,20),(11,17,14),(9,21,15),(7,19,13),(6,10,8),(5,27,16),(2,4,3),(1,23,12)
(24,26,25),(18,22,20),(15,19,17),(9,13,11),(7,21,14),(6,10,8),(5,27,16),(2,4,3),(1,23,12)
(24,26,25),(18,22,20),(11,19,15),(9,17,13),(7,21,14),(6,10,8),(5,27,16),(2,4,3),(1,23,12)
(24,26,25),(17,21,19),(10,18,14),(8,22,15),(7,11,9),(6,20,13),(5,27,16),(2,4,3),(1,23,12)
(24,26,25),(17,19,18),(9,11,10),(8,22,15),(7,21,14),(6,20,13),(5,27,16),(2,4,3),(1,23,12)
(24,26,25),(17,21,19),(10,20,15),(8,18,13),(7,11,9),(6,22,14),(5,27,16),(2,4,3),(1,23,12)
(24,26,25),(18,20,19),(13,21,17),(8,10,9),(7,15,11),(6,22,14),(5,27,16),(2,4,3),(1,23,12)
(22,26,24),(18,20,19),(17,25,21),(13,15,14),(8,10,9),(5,27,16),(3,11,7),(2,6,4),(1,23,12)
(22,26,24),(17,25,21),(10,20,15),(9,19,14),(8,18,13),(5,27,16),(3,11,7),(2,6,4),(1,23,12)
(22,26,24),(17,21,19),(15,25,20),(10,18,14),(7,11,9),(5,27,16),(3,13,8),(2,6,4),(1,23,12)
(22,26,24),(17,19,18),(15,25,20),(9,11,10),(7,21,14),(5,27,16),(3,13,8),(2,6,4),(1,23,12)
(22,26,24),(19,21,20),(13,15,14),(11,25,18),(7,9,8),(5,27,16),(3,17,10),(2,6,4),(1,23,12)
(22,26,24),(11,25,18),(9,21,15),(8,20,14),(7,19,13),(5,27,16),(3,17,10),(2,6,4),(1,23,12)
(22,26,24),(15,21,18),(9,25,17),(8,20,14),(7,13,10),(5,27,16),(3,19,11),(2,6,4),(1,23,12)
(22,26,24),(10,20,15),(9,25,17),(8,18,13),(7,21,14),(5,27,16),(3,19,11),(2,6,4),(1,23,12)
(22,26,24),(17,21,19),(10,20,15),(8,18,13),(7,11,9),(5,27,16),(3,25,14),(2,6,4),(1,23,12)
(22,26,24),(18,20,19),(13,21,17),(8,10,9),(7,15,11),(5,27,16),(3,25,14),(2,6,4),(1,23,12)
(18,26,22),(17,21,19),(15,25,20),(7,11,9),(5,27,16),(4,24,14),(3,13,8),(2,10,6),(1,23,12)
(19,25,22),(18,24,21),(13,15,14),(8,26,17),(5,27,16),(4,10,7),(3,9,6),(2,20,11),(1,23,12)
(19,25,22),(15,21,18),(8,26,17),(7,13,10),(5,27,16),(4,24,14),(3,9,6),(2,20,11),(1,23,12)
(18,24,21),(13,25,19),(8,26,17),(6,22,14),(5,27,16),(4,10,7),(3,15,9),(2,20,11),(1,23,12)
(18,22,20),(17,25,21),(9,19,14),(6,10,8),(5,27,16),(4,26,15),(3,11,7),(2,24,13),(1,23,12)
(18,20,19),(17,25,21),(8,10,9),(6,22,14),(5,27,16),(4,26,15),(3,11,7),(2,24,13),(1,23,12)
(20,22,21),(11,25,18),(9,19,14),(6,8,7),(5,27,16),(4,26,15),(3,17,10),(2,24,13),(1,23,12)
(19,21,20),(11,25,18),(7,9,8),(6,22,14),(5,27,16),(4,26,15),(3,17,10),(2,24,13),(1,23,12)
(20,22,21),(10,18,14),(9,25,17),(6,8,7),(5,27,16),(4,26,15),(3,19,11),(2,24,13),(1,23,12)
(18,22,20),(9,25,17),(7,21,14),(6,10,8),(5,27,16),(4,26,15),(3,19,11),(2,24,13),(1,23,12)
(20,22,21),(17,19,18),(9,11,10),(6,8,7),(5,27,16),(4,26,15),(3,25,14),(2,24,13),(1,23,12)
(18,22,20),(17,21,19),(7,11,9),(6,10,8),(5,27,16),(4,26,15),(3,25,14),(2,24,13),(1,23,12)
(18,20,19),(17,25,21),(8,10,9),(6,24,15),(5,27,16),(4,22,13),(3,11,7),(2,26,14),(1,23,12)
(20,22,21),(13,25,19),(10,24,17),(6,8,7),(5,27,16),(4,18,11),(3,15,9),(2,26,14),(1,23,12)
(20,24,22),(11,25,18),(9,21,15),(7,19,13),(5,27,16),(4,8,6),(3,17,10),(2,26,14),(1,23,12)
(19,21,20),(11,25,18),(7,9,8),(6,24,15),(5,27,16),(4,22,13),(3,17,10),(2,26,14),(1,23,12)
(20,24,22),(15,21,18),(9,25,17),(7,13,10),(5,27,16),(4,8,6),(3,19,11),(2,26,14),(1,23,12)
(18,24,21),(9,25,17),(8,22,15),(6,20,13),(5,27,16),(4,10,7),(3,19,11),(2,26,14),(1,23,12)
(22,26,24),(19,23,21),(16,20,18),(11,17,14),(8,12,10),(5,9,7),(3,27,15),(2,6,4),(1,25,13)
(22,26,24),(19,23,21),(16,18,17),(10,12,11),(8,20,14),(5,9,7),(3,27,15),(2,6,4),(1,25,13)
(22,26,24),(19,21,20),(16,18,17),(10,12,11),(7,9,8),(5,23,14),(3,27,15),(2,6,4),(1,25,13)
(22,26,24),(17,21,19),(16,20,18),(8,12,10),(7,11,9),(5,23,14),(3,27,15),(2,6,4),(1,25,13)
(22,26,24),(18,20,19),(11,21,16),(8,10,9),(7,17,12),(5,23,14),(3,27,15),(2,6,4),(1,25,13)
(20,26,23),(18,24,21),(16,22,19),(11,17,14),(6,12,9),(4,10,7),(3,27,15),(2,8,5),(1,25,13)
(20,26,23),(18,24,21),(12,22,17),(9,19,14),(6,16,11),(4,10,7),(3,27,15),(2,8,5),(1,25,13)
(20,26,23),(17,21,19),(12,24,18),(7,11,9),(6,22,14),(4,16,10),(3,27,15),(2,8,5),(1,25,13)
(20,26,23),(16,22,19),(10,24,17),(7,21,14),(6,12,9),(4,18,11),(3,27,15),(2,8,5),(1,25,13)
(20,26,23),(17,21,19),(10,22,16),(7,11,9),(6,18,12),(4,24,14),(3,27,15),(2,8,5),(1,25,13)
(19,23,21),(18,26,22),(16,24,20),(11,17,14),(5,9,7),(4,12,8),(3,27,15),(2,10,6),(1,25,13)
(18,26,22),(17,21,19),(16,24,20),(7,11,9),(5,23,14),(4,12,8),(3,27,15),(2,10,6),(1,25,13)
(19,23,21),(18,26,22),(11,17,14),(8,24,16),(5,9,7),(4,20,12),(3,27,15),(2,10,6),(1,25,13)
(18,26,22),(17,21,19),(8,24,16),(7,11,9),(5,23,14),(4,20,12),(3,27,15),(2,10,6),(1,25,13)
(22,24,23),(18,20,19),(16,26,21),(11,17,14),(8,10,9),(4,6,5),(3,27,15),(2,12,7),(1,25,13)
(22,24,23),(17,19,18),(16,26,21),(9,11,10),(8,20,14),(4,6,5),(3,27,15),(2,12,7),(1,25,13)
(20,24,22),(17,19,18),(16,26,21),(9,11,10),(5,23,14),(4,8,6),(3,27,15),(2,12,7),(1,25,13)
(18,24,21),(17,23,20),(12,26,19),(6,22,14),(5,11,8),(4,10,7),(3,27,15),(2,16,9),(1,25,13)
(21,23,22),(12,26,19),(10,24,17),(8,20,14),(5,7,6),(4,18,11),(3,27,15),(2,16,9),(1,25,13)
(20,22,21),(12,26,19),(10,24,17),(6,8,7),(5,23,14),(4,18,11),(3,27,15),(2,16,9),(1,25,13)
(18,24,21),(9,23,16),(8,26,17),(6,22,14),(5,19,12),(4,10,7),(3,27,15),(2,20,11),(1,25,13)
(18,24,21),(16,22,19),(8,26,17),(6,12,9),(5,23,14),(4,10,7),(3,27,15),(2,20,11),(1,25,13)
(21,23,22),(12,24,18),(9,19,14),(8,26,17),(5,7,6),(4,16,10),(3,27,15),(2,20,11),(1,25,13)
(19,23,21),(12,24,18),(8,26,17),(6,22,14),(5,9,7),(4,16,10),(3,27,15),(2,20,11),(1,25,13)
(19,23,21),(10,22,16),(8,26,17),(6,18,12),(5,9,7),(4,24,14),(3,27,15),(2,20,11),(1,25,13)
(18,24,21),(17,23,20),(9,19,14),(6,26,16),(5,11,8),(4,10,7),(3,27,15),(2,22,12),(1,25,13)
(19,23,21),(10,24,17),(8,20,14),(6,26,16),(5,9,7),(4,18,11),(3,27,15),(2,22,12),(1,25,13)
(19,21,20),(10,24,17),(7,9,8),(6,26,16),(5,23,14),(4,18,11),(3,27,15),(2,22,12),(1,25,13)
(22,24,23),(19,21,20),(16,18,17),(10,12,11),(7,9,8),(4,6,5),(3,27,15),(2,26,14),(1,25,13)
(22,24,23),(17,21,19),(16,20,18),(8,12,10),(7,11,9),(4,6,5),(3,27,15),(2,26,14),(1,25,13)
(22,24,23),(18,20,19),(11,21,16),(8,10,9),(7,17,12),(4,6,5),(3,27,15),(2,26,14),(1,25,13)
(20,24,22),(19,23,21),(16,18,17),(10,12,11),(5,9,7),(4,8,6),(3,27,15),(2,26,14),(1,25,13)
(18,24,21),(17,23,20),(16,22,19),(6,12,9),(5,11,8),(4,10,7),(3,27,15),(2,26,14),(1,25,13)
(21,23,22),(17,19,18),(16,24,20),(9,11,10),(5,7,6),(4,12,8),(3,27,15),(2,26,14),(1,25,13)
(20,22,21),(10,24,17),(9,23,16),(6,8,7),(5,19,12),(4,18,11),(3,27,15),(2,26,14),(1,25,13)
(21,23,22),(17,19,18),(9,11,10),(8,24,16),(5,7,6),(4,20,12),(3,27,15),(2,26,14),(1,25,13)
(24,26,25),(21,23,22),(18,20,19),(15,17,16),(11,13,12),(8,10,9),(5,7,6),(2,4,3),(1,27,14)
(24,26,25),(21,23,22),(16,20,18),(15,19,17),(9,13,11),(8,12,10),(5,7,6),(2,4,3),(1,27,14)
(24,26,25),(21,23,22),(16,20,18),(11,19,15),(9,17,13),(8,12,10),(5,7,6),(2,4,3),(1,27,14)
(24,26,25),(19,23,21),(18,22,20),(15,17,16),(11,13,12),(6,10,8),(5,9,7),(2,4,3),(1,27,14)
(24,26,25),(19,23,21),(12,22,17),(10,20,15),(8,18,13),(6,16,11),(5,9,7),(2,4,3),(1,27,14)
(24,26,25),(19,23,21),(16,18,17),(10,12,11),(8,22,15),(6,20,13),(5,9,7),(2,4,3),(1,27,14)
(24,26,25),(17,23,20),(16,22,19),(15,21,18),(7,13,10),(6,12,9),(5,11,8),(2,4,3),(1,27,14)
(24,26,25),(17,23,20),(10,22,16),(9,21,15),(7,19,13),(6,18,12),(5,11,8),(2,4,3),(1,27,14)
(24,26,25),(20,22,21),(16,18,17),(15,23,19),(10,12,11),(6,8,7),(5,13,9),(2,4,3),(1,27,14)
(24,26,25),(18,22,20),(15,23,19),(11,21,16),(7,17,12),(6,10,8),(5,13,9),(2,4,3),(1,27,14)
(24,26,25),(19,21,20),(13,23,18),(12,22,17),(7,9,8),(6,16,11),(5,15,10),(2,4,3),(1,27,14)
(24,26,25),(18,22,20),(13,21,17),(9,23,16),(7,15,11),(6,10,8),(5,19,12),(2,4,3),(1,27,14)
(24,26,25),(18,20,19),(12,22,17),(8,10,9),(7,23,15),(6,16,11),(5,21,13),(2,4,3),(1,27,14)
(22,26,24),(21,25,23),(18,20,19),(15,17,16),(11,13,12),(8,10,9),(3,7,5),(2,6,4),(1,27,14)
(22,26,24),(21,25,23),(16,20,18),(15,19,17),(9,13,11),(8,12,10),(3,7,5),(2,6,4),(1,27,14)
(22,26,24),(21,25,23),(16,20,18),(11,19,15),(9,17,13),(8,12,10),(3,7,5),(2,6,4),(1,27,14)
(22,26,24),(17,25,21),(16,20,18),(15,23,19),(8,12,10),(5,13,9),(3,11,7),(2,6,4),(1,27,14)
(22,26,24),(17,25,21),(10,20,15),(9,23,16),(8,18,13),(5,19,12),(3,11,7),(2,6,4),(1,27,14)
(22,26,24),(19,23,21),(16,18,17),(15,25,20),(10,12,11),(5,9,7),(3,13,8),(2,6,4),(1,27,14)
(22,26,24),(16,20,18),(9,25,17),(8,12,10),(7,23,15),(5,21,13),(3,19,11),(2,6,4),(1,27,14)
(22,26,24),(19,21,20),(16,18,17),(10,12,11),(7,9,8),(5,25,15),(3,23,13),(2,6,4),(1,27,14)
(22,26,24),(17,21,19),(16,20,18),(8,12,10),(7,11,9),(5,25,15),(3,23,13),(2,6,4),(1,27,14)
(22,26,24),(18,20,19),(11,21,16),(8,10,9),(7,17,12),(5,25,15),(3,23,13),(2,6,4),(1,27,14)
(20,26,23),(19,25,22),(18,24,21),(15,17,16),(11,13,12),(4,10,7),(3,9,6),(2,8,5),(1,27,14)
(20,26,23),(19,25,22),(13,21,17),(12,24,18),(7,15,11),(4,16,10),(3,9,6),(2,8,5),(1,27,14)
(20,26,23),(18,24,21),(13,25,19),(12,22,17),(6,16,11),(4,10,7),(3,15,9),(2,8,5),(1,27,14)
(20,26,23),(17,19,18),(9,11,10),(7,25,16),(6,24,15),(4,22,13),(3,21,12),(2,8,5),(1,27,14)
(23,25,24),(19,21,20),(18,26,22),(15,17,16),(11,13,12),(7,9,8),(3,5,4),(2,10,6),(1,27,14)
(21,25,23),(18,26,22),(16,24,20),(15,19,17),(9,13,11),(4,12,8),(3,7,5),(2,10,6),(1,27,14)
(21,25,23),(18,26,22),(16,24,20),(11,19,15),(9,17,13),(4,12,8),(3,7,5),(2,10,6),(1,27,14)
(21,25,23),(18,26,22),(15,19,17),(9,13,11),(8,24,16),(4,20,12),(3,7,5),(2,10,6),(1,27,14)
(21,25,23),(18,26,22),(11,19,15),(9,17,13),(8,24,16),(4,20,12),(3,7,5),(2,10,6),(1,27,14)
(18,26,22),(17,25,21),(16,24,20),(15,23,19),(5,13,9),(4,12,8),(3,11,7),(2,10,6),(1,27,14)
(18,26,22),(17,25,21),(15,23,19),(8,24,16),(5,13,9),(4,20,12),(3,11,7),(2,10,6),(1,27,14)
(18,26,22),(16,24,20),(9,25,17),(7,23,15),(5,21,13),(4,12,8),(3,19,11),(2,10,6),(1,27,14)
(18,26,22),(9,25,17),(8,24,16),(7,23,15),(5,21,13),(4,20,12),(3,19,11),(2,10,6),(1,27,14)
(18,26,22),(17,21,19),(16,24,20),(7,11,9),(5,25,15),(4,12,8),(3,23,13),(2,10,6),(1,27,14)
(18,26,22),(17,21,19),(8,24,16),(7,11,9),(5,25,15),(4,20,12),(3,23,13),(2,10,6),(1,27,14)
(23,25,24),(18,22,20),(16,26,21),(15,19,17),(9,13,11),(6,10,8),(3,5,4),(2,12,7),(1,27,14)
(23,25,24),(18,22,20),(16,26,21),(11,19,15),(9,17,13),(6,10,8),(3,5,4),(2,12,7),(1,27,14)
(23,25,24),(17,19,18),(16,26,21),(9,11,10),(8,22,15),(6,20,13),(3,5,4),(2,12,7),(1,27,14)
(22,24,23),(17,19,18),(16,26,21),(15,25,20),(9,11,10),(4,6,5),(3,13,8),(2,12,7),(1,27,14)
(20,24,22),(16,26,21),(15,23,19),(11,25,18),(5,13,9),(4,8,6),(3,17,10),(2,12,7),(1,27,14)
(22,24,23),(16,26,21),(10,20,15),(9,25,17),(8,18,13),(4,6,5),(3,19,11),(2,12,7),(1,27,14)
(20,24,22),(16,26,21),(13,23,18),(9,25,17),(5,15,10),(4,8,6),(3,19,11),(2,12,7),(1,27,14)
(20,24,22),(17,19,18),(16,26,21),(9,11,10),(5,25,15),(4,8,6),(3,23,13),(2,12,7),(1,27,14)
(23,25,24),(18,22,20),(13,21,17),(12,26,19),(7,15,11),(6,10,8),(3,5,4),(2,16,9),(1,27,14)
(21,25,23),(12,26,19),(10,24,17),(8,22,15),(6,20,13),(4,18,11),(3,7,5),(2,16,9),(1,27,14)
(22,24,23),(17,25,21),(12,26,19),(10,20,15),(8,18,13),(4,6,5),(3,11,7),(2,16,9),(1,27,14)
(20,24,22),(17,25,21),(13,23,18),(12,26,19),(5,15,10),(4,8,6),(3,11,7),(2,16,9),(1,27,14)
(21,23,22),(15,25,20),(12,26,19),(10,24,17),(5,7,6),(4,18,11),(3,13,8),(2,16,9),(1,27,14)
(20,24,22),(12,26,19),(11,25,18),(7,23,15),(5,21,13),(4,8,6),(3,17,10),(2,16,9),(1,27,14)
(20,22,21),(12,26,19),(10,24,17),(6,8,7),(5,25,15),(4,18,11),(3,23,13),(2,16,9),(1,27,14)
(23,25,24),(16,22,19),(15,21,18),(8,26,17),(7,13,10),(6,12,9),(3,5,4),(2,20,11),(1,27,14)
(23,25,24),(10,22,16),(9,21,15),(8,26,17),(7,19,13),(6,18,12),(3,5,4),(2,20,11),(1,27,14)
(19,25,22),(12,24,18),(8,26,17),(7,23,15),(5,21,13),(4,16,10),(3,9,6),(2,20,11),(1,27,14)
(21,23,22),(13,25,19),(12,24,18),(8,26,17),(5,7,6),(4,16,10),(3,15,9),(2,20,11),(1,27,14)
(18,24,21),(16,22,19),(8,26,17),(6,12,9),(5,25,15),(4,10,7),(3,23,13),(2,20,11),(1,27,14)
(23,25,24),(17,21,19),(10,20,15),(8,18,13),(7,11,9),(6,26,16),(3,5,4),(2,22,12),(1,27,14)
(23,25,24),(18,20,19),(13,21,17),(8,10,9),(7,15,11),(6,26,16),(3,5,4),(2,22,12),(1,27,14)
(19,23,21),(15,25,20),(10,24,17),(6,26,16),(5,9,7),(4,18,11),(3,13,8),(2,22,12),(1,27,14)
(18,24,21),(17,23,20),(13,25,19),(6,26,16),(5,11,8),(4,10,7),(3,15,9),(2,22,12),(1,27,14)
(19,21,20),(10,24,17),(7,9,8),(6,26,16),(5,25,15),(4,18,11),(3,23,13),(2,22,12),(1,27,14)
(21,25,23),(18,20,19),(12,22,17),(8,10,9),(6,16,11),(4,26,15),(3,7,5),(2,24,13),(1,27,14)
(18,22,20),(17,25,21),(9,23,16),(6,10,8),(5,19,12),(4,26,15),(3,11,7),(2,24,13),(1,27,14)
(20,22,21),(11,25,18),(9,23,16),(6,8,7),(5,19,12),(4,26,15),(3,17,10),(2,24,13),(1,27,14)
(21,23,22),(16,20,18),(9,25,17),(8,12,10),(5,7,6),(4,26,15),(3,19,11),(2,24,13),(1,27,14)

For n = 10 the a(10) = 442 solutions:
(26,30,28),(21,29,25),(19,27,23),(16,24,20),(14,22,18),(9,17,13),(7,15,11),(4,12,8),(2,10,6),(1,5,3)
(26,30,28),(21,29,25),(18,20,19),(17,27,22),(11,13,12),(8,24,16),(7,23,15),(4,14,9),(2,10,6),(1,5,3)
(26,30,28),(22,24,23),(21,29,25),(15,19,17),(13,27,20),(12,16,14),(7,9,8),(4,18,11),(2,10,6),(1,5,3)
(26,30,28),(21,29,25),(14,24,19),(13,27,20),(9,23,16),(8,22,15),(7,17,12),(4,18,11),(2,10,6),(1,5,3)
(26,30,28),(21,29,25),(13,27,20),(12,22,17),(9,19,14),(8,24,16),(7,23,15),(4,18,11),(2,10,6),(1,5,3)
(26,30,28),(22,24,23),(21,29,25),(16,18,17),(13,15,14),(11,27,19),(7,9,8),(4,20,12),(2,10,6),(1,5,3)
(26,30,28),(22,24,23),(21,29,25),(14,18,16),(13,17,15),(11,27,19),(7,9,8),(4,20,12),(2,10,6),(1,5,3)
(26,30,28),(21,29,25),(14,22,18),(11,27,19),(9,17,13),(8,24,16),(7,23,15),(4,20,12),(2,10,6),(1,5,3)
(26,30,28),(21,29,25),(18,22,20),(15,23,19),(9,13,11),(8,16,12),(7,27,17),(4,24,14),(2,10,6),(1,5,3)
(26,30,28),(21,29,25),(18,20,19),(11,13,12),(9,23,16),(8,22,15),(7,27,17),(4,24,14),(2,10,6),(1,5,3)
(26,30,28),(23,27,25),(19,29,24),(14,22,18),(11,21,16),(10,20,15),(9,17,13),(4,8,6),(2,12,7),(1,5,3)
(26,30,28),(19,29,24),(17,25,21),(13,27,20),(9,23,16),(8,22,15),(6,14,10),(4,18,11),(2,12,7),(1,5,3)
(26,30,28),(21,27,24),(17,29,23),(16,22,19),(11,25,18),(9,15,12),(6,20,13),(4,10,7),(2,14,8),(1,5,3)
(26,30,28),(20,24,22),(17,29,23),(15,27,21),(13,25,19),(7,11,9),(6,18,12),(4,16,10),(2,14,8),(1,5,3)
(26,30,28),(19,21,20),(17,29,23),(10,12,11),(9,27,18),(7,25,16),(6,24,15),(4,22,13),(2,14,8),(1,5,3)
(26,30,28),(23,27,25),(18,20,19),(15,29,22),(11,13,12),(10,24,17),(7,21,14),(4,8,6),(2,16,9),(1,5,3)
(26,30,28),(21,27,24),(17,23,20),(15,29,22),(13,25,19),(8,14,11),(6,18,12),(4,10,7),(2,16,9),(1,5,3)
(26,30,28),(21,27,24),(15,29,22),(13,25,19),(11,23,17),(8,20,14),(6,18,12),(4,10,7),(2,16,9),(1,5,3)
(26,30,28),(19,27,23),(15,29,22),(11,25,18),(10,24,17),(7,21,14),(6,20,13),(4,12,8),(2,16,9),(1,5,3)
(26,30,28),(23,25,24),(17,21,19),(15,29,22),(13,27,20),(10,14,12),(6,8,7),(4,18,11),(2,16,9),(1,5,3)
(26,30,28),(21,25,23),(15,29,22),(14,24,19),(13,27,20),(7,17,12),(6,10,8),(4,18,11),(2,16,9),(1,5,3)
(26,30,28),(23,25,24),(15,29,22),(13,21,17),(11,27,19),(10,18,14),(6,8,7),(4,20,12),(2,16,9),(1,5,3)
(26,30,28),(21,25,23),(18,20,19),(15,29,22),(11,13,12),(7,27,17),(6,10,8),(4,24,14),(2,16,9),(1,5,3)
(26,30,28),(19,23,21),(15,29,22),(11,25,18),(8,12,10),(7,27,17),(6,20,13),(4,24,14),(2,16,9),(1,5,3)
(26,30,28),(23,27,25),(20,24,22),(15,19,17),(13,29,21),(12,16,14),(7,11,9),(4,8,6),(2,18,10),(1,5,3)
(26,30,28),(23,27,25),(16,24,20),(13,29,21),(12,22,17),(9,19,14),(7,15,11),(4,8,6),(2,18,10),(1,5,3)
(26,30,28),(19,27,23),(16,24,20),(13,29,21),(9,25,17),(7,15,11),(6,22,14),(4,12,8),(2,18,10),(1,5,3)
(26,30,28),(23,25,24),(17,27,22),(13,29,21),(12,20,16),(11,19,15),(6,8,7),(4,14,9),(2,18,10),(1,5,3)
(26,30,28),(13,29,21),(11,27,19),(9,25,17),(8,24,16),(7,23,15),(6,22,14),(4,20,12),(2,18,10),(1,5,3)
(26,30,28),(23,27,25),(16,24,20),(13,21,17),(10,18,14),(9,29,19),(7,15,11),(4,8,6),(2,22,12),(1,5,3)
(26,30,28),(23,27,25),(16,20,18),(11,15,13),(10,24,17),(9,29,19),(7,21,14),(4,8,6),(2,22,12),(1,5,3)
(26,30,28),(17,25,21),(13,27,20),(9,29,19),(8,24,16),(7,23,15),(6,14,10),(4,18,11),(2,22,12),(1,5,3)
(26,30,28),(21,25,23),(16,20,18),(11,15,13),(9,29,19),(7,27,17),(6,10,8),(4,24,14),(2,22,12),(1,5,3)
(26,30,28),(23,27,25),(20,22,21),(15,19,17),(12,16,14),(9,11,10),(7,29,18),(4,8,6),(2,24,13),(1,5,3)
(26,30,28),(23,27,25),(12,22,17),(11,21,16),(10,20,15),(9,19,14),(7,29,18),(4,8,6),(2,24,13),(1,5,3)
(26,30,28),(19,27,23),(11,21,16),(10,20,15),(9,25,17),(7,29,18),(6,22,14),(4,12,8),(2,24,13),(1,5,3)
(26,30,28),(21,25,23),(17,27,22),(12,20,16),(11,19,15),(7,29,18),(6,10,8),(4,14,9),(2,24,13),(1,5,3)
(26,30,28),(19,23,21),(17,27,22),(15,25,20),(8,12,10),(7,29,18),(6,16,11),(4,14,9),(2,24,13),(1,5,3)
(26,30,28),(19,25,22),(17,23,20),(15,27,21),(8,14,11),(7,29,18),(6,12,9),(4,16,10),(2,24,13),(1,5,3)
(26,30,28),(19,25,22),(15,27,21),(11,23,17),(8,20,14),(7,29,18),(6,12,9),(4,16,10),(2,24,13),(1,5,3)
(26,30,28),(17,25,21),(11,27,19),(9,23,16),(8,22,15),(7,29,18),(6,14,10),(4,20,12),(2,24,13),(1,5,3)
(24,30,27),(23,29,26),(17,21,19),(16,28,22),(11,25,18),(10,14,12),(6,20,13),(3,15,9),(2,8,5),(1,7,4)
(24,30,27),(23,29,26),(19,25,22),(16,20,18),(14,28,21),(11,15,13),(6,12,9),(3,17,10),(2,8,5),(1,7,4)
(24,30,27),(23,29,26),(16,22,19),(14,28,21),(11,25,18),(9,15,12),(6,20,13),(3,17,10),(2,8,5),(1,7,4)
(24,30,27),(23,29,26),(15,21,18),(12,28,20),(10,16,13),(9,25,17),(6,22,14),(3,19,11),(2,8,5),(1,7,4)
(24,30,27),(23,29,26),(15,25,20),(14,22,18),(10,28,19),(9,17,13),(6,16,11),(3,21,12),(2,8,5),(1,7,4)
(24,30,27),(23,29,26),(16,20,18),(11,15,13),(10,28,19),(9,25,17),(6,22,14),(3,21,12),(2,8,5),(1,7,4)
(24,30,27),(23,29,26),(20,22,21),(13,19,16),(12,18,15),(9,11,10),(6,28,17),(3,25,14),(2,8,5),(1,7,4)
(24,30,27),(23,29,26),(18,20,19),(11,13,12),(10,22,16),(9,21,15),(6,28,17),(3,25,14),(2,8,5),(1,7,4)
(24,30,27),(21,29,25),(18,28,23),(16,22,19),(14,26,20),(9,15,12),(5,17,11),(3,13,8),(2,10,6),(1,7,4)
(24,30,27),(21,29,25),(18,20,19),(16,28,22),(11,13,12),(8,26,17),(5,23,14),(3,15,9),(2,10,6),(1,7,4)
(24,30,27),(21,29,25),(16,22,19),(14,26,20),(9,15,12),(8,28,18),(5,17,11),(3,23,13),(2,10,6),(1,7,4)
(24,30,27),(22,28,25),(17,29,23),(12,20,16),(11,19,15),(10,26,18),(5,21,13),(3,9,6),(2,14,8),(1,7,4)
(24,30,27),(18,26,22),(17,29,23),(15,25,20),(10,28,19),(6,16,11),(5,13,9),(3,21,12),(2,14,8),(1,7,4)
(24,30,27),(18,22,20),(17,29,23),(10,28,19),(9,13,11),(6,26,16),(5,25,15),(3,21,12),(2,14,8),(1,7,4)
(24,30,27),(20,26,23),(15,29,22),(14,28,21),(13,25,19),(6,18,12),(5,11,8),(3,17,10),(2,16,9),(1,7,4)
(24,30,27),(15,29,22),(11,25,18),(10,28,19),(8,26,17),(6,20,13),(5,23,14),(3,21,12),(2,16,9),(1,7,4)
(24,30,27),(22,28,25),(20,26,23),(15,19,17),(13,29,21),(12,16,14),(5,11,8),(3,9,6),(2,18,10),(1,7,4)
(24,30,27),(22,28,25),(15,23,19),(14,26,20),(13,29,21),(8,16,12),(5,17,11),(3,9,6),(2,18,10),(1,7,4)
(24,30,27),(22,28,25),(13,29,21),(12,20,16),(11,19,15),(8,26,17),(5,23,14),(3,9,6),(2,18,10),(1,7,4)
(24,30,27),(20,26,23),(16,22,19),(13,29,21),(9,15,12),(6,28,17),(5,11,8),(3,25,14),(2,18,10),(1,7,4)
(24,30,27),(20,26,23),(15,21,18),(10,16,13),(9,29,19),(6,28,17),(5,11,8),(3,25,14),(2,22,12),(1,7,4)
(24,30,27),(22,28,25),(19,23,21),(16,20,18),(11,15,13),(8,12,10),(5,29,17),(3,9,6),(2,26,14),(1,7,4)
(24,30,27),(19,25,22),(18,28,23),(11,21,16),(10,20,15),(6,12,9),(5,29,17),(3,13,8),(2,26,14),(1,7,4)
(24,30,27),(21,25,23),(18,20,19),(16,28,22),(11,13,12),(6,10,8),(5,29,17),(3,15,9),(2,26,14),(1,7,4)
(24,30,27),(19,23,21),(16,28,22),(11,25,18),(8,12,10),(6,20,13),(5,29,17),(3,15,9),(2,26,14),(1,7,4)
(24,30,27),(11,25,18),(10,28,19),(9,23,16),(8,22,15),(6,20,13),(5,29,17),(3,21,12),(2,26,14),(1,7,4)
(24,30,27),(19,25,22),(11,21,16),(10,20,15),(8,28,18),(6,12,9),(5,29,17),(3,23,13),(2,26,14),(1,7,4)
(24,30,27),(20,26,23),(19,25,22),(13,21,17),(10,18,14),(6,12,9),(5,11,8),(3,29,16),(2,28,15),(1,7,4)
(24,30,27),(21,23,22),(14,26,20),(13,25,19),(8,10,9),(6,18,12),(5,17,11),(3,29,16),(2,28,15),(1,7,4)
(24,30,27),(19,25,22),(17,23,20),(10,26,18),(8,14,11),(6,12,9),(5,21,13),(3,29,16),(2,28,15),(1,7,4)
(24,30,27),(19,25,22),(11,23,17),(10,26,18),(8,20,14),(6,12,9),(5,21,13),(3,29,16),(2,28,15),(1,7,4)
(24,30,27),(20,22,21),(13,25,19),(9,11,10),(8,26,17),(6,18,12),(5,23,14),(3,29,16),(2,28,15),(1,7,4)
(27,29,28),(22,30,26),(21,25,23),(16,20,18),(14,24,19),(11,15,13),(7,17,12),(6,10,8),(2,4,3),(1,9,5)
(27,29,28),(22,30,26),(18,20,19),(17,25,21),(11,13,12),(8,24,16),(7,23,15),(6,14,10),(2,4,3),(1,9,5)
(27,29,28),(22,30,26),(15,23,19),(11,25,18),(10,24,17),(8,16,12),(7,21,14),(6,20,13),(2,4,3),(1,9,5)
(27,29,28),(22,30,26),(17,21,19),(11,25,18),(10,14,12),(8,24,16),(7,23,15),(6,20,13),(2,4,3),(1,9,5)
(25,29,27),(22,30,26),(20,28,24),(15,23,19),(13,21,17),(10,18,14),(8,16,12),(3,11,7),(2,6,4),(1,9,5)
(25,29,27),(22,30,26),(18,28,23),(14,24,19),(11,21,16),(10,20,15),(7,17,12),(3,13,8),(2,6,4),(1,9,5)
(25,29,27),(22,30,26),(18,28,23),(12,20,16),(11,19,15),(10,24,17),(7,21,14),(3,13,8),(2,6,4),(1,9,5)
(25,29,27),(22,30,26),(18,20,19),(14,28,21),(11,13,12),(8,24,16),(7,23,15),(3,17,10),(2,6,4),(1,9,5)
(25,29,27),(22,30,26),(13,21,17),(12,28,20),(10,18,14),(8,24,16),(7,23,15),(3,19,11),(2,6,4),(1,9,5)
(25,29,27),(22,30,26),(17,21,19),(16,24,20),(10,14,12),(8,28,18),(7,15,11),(3,23,13),(2,6,4),(1,9,5)
(25,29,27),(22,30,26),(14,24,19),(11,21,16),(10,20,15),(8,28,18),(7,17,12),(3,23,13),(2,6,4),(1,9,5)
(25,29,27),(22,30,26),(12,20,16),(11,19,15),(10,24,17),(8,28,18),(7,21,14),(3,23,13),(2,6,4),(1,9,5)
(22,30,26),(21,29,25),(18,28,23),(12,20,16),(11,19,15),(7,27,17),(4,24,14),(3,13,8),(2,10,6),(1,9,5)
(22,30,26),(21,29,25),(12,20,16),(11,19,15),(8,28,18),(7,27,17),(4,24,14),(3,23,13),(2,10,6),(1,9,5)
(22,30,26),(21,29,25),(17,23,20),(12,24,18),(8,14,11),(7,19,13),(4,28,16),(3,27,15),(2,10,6),(1,9,5)
(22,30,26),(21,29,25),(12,24,18),(11,23,17),(8,20,14),(7,19,13),(4,28,16),(3,27,15),(2,10,6),(1,9,5)
(23,27,25),(22,30,26),(19,29,24),(16,20,18),(14,28,21),(11,15,13),(4,8,6),(3,17,10),(2,12,7),(1,9,5)
(22,30,26),(20,28,24),(17,29,23),(15,27,21),(13,25,19),(6,18,12),(4,16,10),(3,11,7),(2,14,8),(1,9,5)
(22,30,26),(17,29,23),(13,27,20),(10,28,19),(7,25,16),(6,24,15),(4,18,11),(3,21,12),(2,14,8),(1,9,5)
(23,27,25),(22,30,26),(20,28,24),(15,19,17),(13,29,21),(12,16,14),(4,8,6),(3,11,7),(2,18,10),(1,9,5)
(22,30,26),(19,27,23),(16,24,20),(13,29,21),(7,15,11),(6,28,17),(4,12,8),(3,25,14),(2,18,10),(1,9,5)
(22,30,26),(13,29,21),(11,27,19),(8,24,16),(7,23,15),(6,28,17),(4,20,12),(3,25,14),(2,18,10),(1,9,5)
(23,27,25),(22,30,26),(14,28,21),(12,20,16),(11,19,15),(7,29,18),(4,8,6),(3,17,10),(2,24,13),(1,9,5)
(22,30,26),(19,27,23),(15,25,20),(14,28,21),(7,29,18),(6,16,11),(4,12,8),(3,17,10),(2,24,13),(1,9,5)
(22,30,26),(19,27,23),(11,21,16),(10,20,15),(7,29,18),(6,28,17),(4,12,8),(3,25,14),(2,24,13),(1,9,5)
(23,27,25),(22,30,26),(18,20,19),(11,13,12),(10,24,17),(7,21,14),(4,8,6),(3,29,16),(2,28,15),(1,9,5)
(22,30,26),(21,27,24),(17,23,20),(13,25,19),(8,14,11),(6,18,12),(4,10,7),(3,29,16),(2,28,15),(1,9,5)
(22,30,26),(21,27,24),(13,25,19),(11,23,17),(8,20,14),(6,18,12),(4,10,7),(3,29,16),(2,28,15),(1,9,5)
(22,30,26),(19,27,23),(11,25,18),(10,24,17),(7,21,14),(6,20,13),(4,12,8),(3,29,16),(2,28,15),(1,9,5)
(23,25,24),(22,30,26),(17,21,19),(13,27,20),(10,14,12),(6,8,7),(4,18,11),(3,29,16),(2,28,15),(1,9,5)
(22,30,26),(21,25,23),(14,24,19),(13,27,20),(7,17,12),(6,10,8),(4,18,11),(3,29,16),(2,28,15),(1,9,5)
(23,25,24),(22,30,26),(13,21,17),(11,27,19),(10,18,14),(6,8,7),(4,20,12),(3,29,16),(2,28,15),(1,9,5)
(22,30,26),(21,25,23),(18,20,19),(11,13,12),(7,27,17),(6,10,8),(4,24,14),(3,29,16),(2,28,15),(1,9,5)
(22,30,26),(19,23,21),(11,25,18),(8,12,10),(7,27,17),(6,20,13),(4,24,14),(3,29,16),(2,28,15),(1,9,5)
(27,29,28),(22,26,24),(20,30,25),(15,23,19),(13,21,17),(10,18,14),(8,16,12),(5,9,7),(2,4,3),(1,11,6)
(27,29,28),(20,30,25),(18,26,22),(15,23,19),(10,24,17),(8,16,12),(7,21,14),(5,13,9),(2,4,3),(1,11,6)
(27,29,28),(20,30,25),(18,26,22),(17,21,19),(10,14,12),(8,24,16),(7,23,15),(5,13,9),(2,4,3),(1,11,6)
(27,29,28),(22,24,23),(20,30,25),(15,19,17),(12,16,14),(10,26,18),(7,9,8),(5,21,13),(2,4,3),(1,11,6)
(27,29,28),(20,30,25),(14,24,19),(10,26,18),(9,23,16),(8,22,15),(7,17,12),(5,21,13),(2,4,3),(1,11,6)
(27,29,28),(20,30,25),(12,22,17),(10,26,18),(9,19,14),(8,24,16),(7,23,15),(5,21,13),(2,4,3),(1,11,6)
(27,29,28),(20,30,25),(18,24,21),(16,22,19),(9,15,12),(8,26,17),(7,13,10),(5,23,14),(2,4,3),(1,11,6)
(27,29,28),(20,30,25),(12,24,18),(10,22,16),(9,21,15),(8,26,17),(7,19,13),(5,23,14),(2,4,3),(1,11,6)
(23,29,26),(20,30,25),(18,24,21),(12,22,17),(9,19,14),(7,13,10),(4,28,16),(3,27,15),(2,8,5),(1,11,6)
(26,28,27),(20,30,25),(19,29,24),(13,21,17),(10,18,14),(9,23,16),(8,22,15),(3,5,4),(2,12,7),(1,11,6)
(20,30,25),(19,29,24),(17,27,22),(16,26,21),(8,28,18),(5,15,10),(4,14,9),(3,23,13),(2,12,7),(1,11,6)
(26,28,27),(20,30,25),(17,29,23),(12,24,18),(10,22,16),(9,21,15),(7,19,13),(3,5,4),(2,14,8),(1,11,6)
(24,28,26),(20,30,25),(19,27,23),(15,29,22),(13,21,17),(10,18,14),(4,12,8),(3,7,5),(2,16,9),(1,11,6)
(26,28,27),(22,24,23),(20,30,25),(15,19,17),(13,29,21),(12,16,14),(7,9,8),(3,5,4),(2,18,10),(1,11,6)
(26,28,27),(20,30,25),(14,24,19),(13,29,21),(9,23,16),(8,22,15),(7,17,12),(3,5,4),(2,18,10),(1,11,6)
(26,28,27),(20,30,25),(13,29,21),(12,22,17),(9,19,14),(8,24,16),(7,23,15),(3,5,4),(2,18,10),(1,11,6)
(24,28,26),(20,30,25),(17,27,22),(15,23,19),(13,29,21),(8,16,12),(4,14,9),(3,7,5),(2,18,10),(1,11,6)
(26,28,27),(20,30,25),(13,21,17),(10,18,14),(9,29,19),(8,24,16),(7,23,15),(3,5,4),(2,22,12),(1,11,6)
(20,30,25),(18,28,23),(16,26,21),(9,29,19),(7,27,17),(5,15,10),(4,24,14),(3,13,8),(2,22,12),(1,11,6)
(20,30,25),(18,28,23),(10,24,17),(9,29,19),(7,21,14),(5,27,16),(4,26,15),(3,13,8),(2,22,12),(1,11,6)
(20,30,25),(16,26,21),(9,29,19),(8,28,18),(7,27,17),(5,15,10),(4,24,14),(3,23,13),(2,22,12),(1,11,6)
(20,30,25),(10,24,17),(9,29,19),(8,28,18),(7,21,14),(5,27,16),(4,26,15),(3,23,13),(2,22,12),(1,11,6)
(20,30,25),(18,24,21),(9,29,19),(8,26,17),(7,13,10),(5,23,14),(4,28,16),(3,27,15),(2,22,12),(1,11,6)
(26,28,27),(21,23,22),(20,30,25),(15,19,17),(12,16,14),(8,10,9),(7,29,18),(3,5,4),(2,24,13),(1,11,6)
(26,28,27),(20,30,25),(17,21,19),(10,14,12),(9,23,16),(8,22,15),(7,29,18),(3,5,4),(2,24,13),(1,11,6)
(21,27,24),(20,30,25),(18,28,23),(16,22,19),(9,15,12),(5,29,17),(4,10,7),(3,13,8),(2,26,14),(1,11,6)
(20,30,25),(19,27,23),(18,24,21),(16,28,22),(7,13,10),(5,29,17),(4,12,8),(3,15,9),(2,26,14),(1,11,6)
(20,30,25),(10,28,19),(9,27,18),(8,24,16),(7,23,15),(5,29,17),(4,22,13),(3,21,12),(2,26,14),(1,11,6)
(21,27,24),(20,30,25),(16,22,19),(9,15,12),(8,28,18),(5,29,17),(4,10,7),(3,23,13),(2,26,14),(1,11,6)
(21,23,22),(20,30,25),(12,24,18),(8,10,9),(7,19,13),(5,29,17),(4,28,16),(3,27,15),(2,26,14),(1,11,6)
(22,26,24),(20,30,25),(19,27,23),(13,21,17),(10,18,14),(5,9,7),(4,12,8),(3,29,16),(2,28,15),(1,11,6)
(20,30,25),(19,27,23),(18,26,22),(10,24,17),(7,21,14),(5,13,9),(4,12,8),(3,29,16),(2,28,15),(1,11,6)
(20,30,25),(19,23,21),(18,26,22),(8,12,10),(7,27,17),(5,13,9),(4,24,14),(3,29,16),(2,28,15),(1,11,6)
(27,29,28),(19,25,22),(18,30,24),(16,26,21),(11,23,17),(8,20,14),(6,12,9),(5,15,10),(2,4,3),(1,13,7)
(27,29,28),(21,25,23),(18,30,24),(16,22,19),(14,26,20),(9,15,12),(6,10,8),(5,17,11),(2,4,3),(1,13,7)
(27,29,28),(19,25,22),(18,30,24),(11,21,16),(10,20,15),(8,26,17),(6,12,9),(5,23,14),(2,4,3),(1,13,7)
(25,29,27),(19,23,21),(18,30,24),(16,28,22),(14,26,20),(8,12,10),(5,17,11),(3,15,9),(2,6,4),(1,13,7)
(25,29,27),(19,21,20),(18,30,24),(16,28,22),(10,12,11),(8,26,17),(5,23,14),(3,15,9),(2,6,4),(1,13,7)
(25,29,27),(20,26,23),(18,30,24),(16,22,19),(14,28,21),(9,15,12),(5,11,8),(3,17,10),(2,6,4),(1,13,7)
(25,29,27),(18,30,24),(12,28,20),(10,22,16),(9,21,15),(8,26,17),(5,23,14),(3,19,11),(2,6,4),(1,13,7)
(25,29,27),(18,30,24),(14,26,20),(10,28,19),(9,23,16),(8,22,15),(5,17,11),(3,21,12),(2,6,4),(1,13,7)
(23,29,26),(18,30,24),(17,25,21),(16,28,22),(11,27,19),(6,14,10),(4,20,12),(3,15,9),(2,8,5),(1,13,7)
(23,29,26),(18,30,24),(15,27,21),(12,28,20),(9,25,17),(6,22,14),(4,16,10),(3,19,11),(2,8,5),(1,13,7)
(23,29,26),(18,30,24),(17,27,22),(15,25,20),(10,28,19),(6,16,11),(4,14,9),(3,21,12),(2,8,5),(1,13,7)
(23,29,26),(18,30,24),(11,27,19),(10,22,16),(9,21,15),(6,28,17),(4,20,12),(3,25,14),(2,8,5),(1,13,7)
(23,29,26),(19,21,20),(18,30,24),(10,12,11),(9,25,17),(6,22,14),(4,28,16),(3,27,15),(2,8,5),(1,13,7)
(26,28,27),(21,29,25),(18,30,24),(16,22,19),(11,23,17),(9,15,12),(8,20,14),(3,5,4),(2,10,6),(1,13,7)
(21,29,25),(19,27,23),(18,30,24),(16,28,22),(14,26,20),(5,17,11),(4,12,8),(3,15,9),(2,10,6),(1,13,7)
(21,29,25),(18,30,24),(16,28,22),(11,27,19),(8,26,17),(5,23,14),(4,20,12),(3,15,9),(2,10,6),(1,13,7)
(21,29,25),(20,26,23),(18,30,24),(12,22,17),(9,19,14),(5,11,8),(4,28,16),(3,27,15),(2,10,6),(1,13,7)
(26,28,27),(19,25,22),(18,30,24),(17,29,23),(11,21,16),(10,20,15),(6,12,9),(3,5,4),(2,14,8),(1,13,7)
(22,28,25),(18,30,24),(17,29,23),(16,26,21),(11,27,19),(5,15,10),(4,20,12),(3,9,6),(2,14,8),(1,13,7)
(22,28,25),(19,21,20),(18,30,24),(17,29,23),(10,12,11),(5,27,16),(4,26,15),(3,9,6),(2,14,8),(1,13,7)
(25,27,26),(18,30,24),(17,29,23),(12,28,20),(10,22,16),(9,21,15),(4,6,5),(3,19,11),(2,14,8),(1,13,7)
(25,27,26),(18,30,24),(17,23,20),(15,29,22),(10,28,19),(8,14,11),(4,6,5),(3,21,12),(2,16,9),(1,13,7)
(25,27,26),(18,30,24),(15,29,22),(11,23,17),(10,28,19),(8,20,14),(4,6,5),(3,21,12),(2,16,9),(1,13,7)
(23,27,25),(18,30,24),(15,29,22),(14,26,20),(10,28,19),(5,17,11),(4,8,6),(3,21,12),(2,16,9),(1,13,7)
(20,26,23),(18,30,24),(15,27,21),(9,29,19),(6,28,17),(5,11,8),(4,16,10),(3,25,14),(2,22,12),(1,13,7)
(20,26,23),(18,30,24),(17,25,21),(9,29,19),(6,14,10),(5,11,8),(4,28,16),(3,27,15),(2,22,12),(1,13,7)
(21,25,23),(18,30,24),(14,26,20),(9,29,19),(6,10,8),(5,17,11),(4,28,16),(3,27,15),(2,22,12),(1,13,7)
(22,28,25),(19,27,23),(18,30,24),(11,21,16),(10,20,15),(5,29,17),(4,12,8),(3,9,6),(2,26,14),(1,13,7)
(23,27,25),(19,21,20),(18,30,24),(16,28,22),(10,12,11),(5,29,17),(4,8,6),(3,15,9),(2,26,14),(1,13,7)
(21,25,23),(18,30,24),(16,28,22),(11,27,19),(6,10,8),(5,29,17),(4,20,12),(3,15,9),(2,26,14),(1,13,7)
(23,27,25),(18,30,24),(12,28,20),(10,22,16),(9,21,15),(5,29,17),(4,8,6),(3,19,11),(2,26,14),(1,13,7)
(27,29,28),(24,26,25),(19,21,20),(16,30,23),(14,22,18),(10,12,11),(9,17,13),(5,7,6),(2,4,3),(1,15,8)
(27,29,28),(22,26,24),(17,21,19),(16,30,23),(11,25,18),(10,14,12),(6,20,13),(5,9,7),(2,4,3),(1,15,8)
(27,29,28),(19,25,22),(18,24,21),(16,30,23),(14,26,20),(7,13,10),(6,12,9),(5,17,11),(2,4,3),(1,15,8)
(25,29,27),(24,28,26),(19,21,20),(16,30,23),(14,22,18),(10,12,11),(9,17,13),(3,7,5),(2,6,4),(1,15,8)
(25,29,27),(20,28,24),(16,30,23),(12,22,17),(10,26,18),(9,19,14),(5,21,13),(3,11,7),(2,6,4),(1,15,8)
(25,29,27),(22,26,24),(18,20,19),(16,30,23),(14,28,21),(11,13,12),(5,9,7),(3,17,10),(2,6,4),(1,15,8)
(25,29,27),(22,26,24),(16,30,23),(13,21,17),(12,28,20),(10,18,14),(5,9,7),(3,19,11),(2,6,4),(1,15,8)
(25,29,27),(18,26,22),(16,30,23),(12,28,20),(10,24,17),(7,21,14),(5,13,9),(3,19,11),(2,6,4),(1,15,8)
(26,28,27),(21,29,25),(18,22,20),(16,30,23),(14,24,19),(9,13,11),(7,17,12),(3,5,4),(2,10,6),(1,15,8)
(24,28,26),(21,29,25),(16,30,23),(13,27,20),(12,22,17),(9,19,14),(4,18,11),(3,7,5),(2,10,6),(1,15,8)
(24,28,26),(21,29,25),(16,30,23),(14,22,18),(11,27,19),(9,17,13),(4,20,12),(3,7,5),(2,10,6),(1,15,8)
(21,29,25),(18,26,22),(16,30,23),(12,28,20),(7,27,17),(5,13,9),(4,24,14),(3,19,11),(2,10,6),(1,15,8)
(25,27,26),(19,29,24),(18,22,20),(16,30,23),(14,28,21),(9,13,11),(4,6,5),(3,17,10),(2,12,7),(1,15,8)
(24,28,26),(16,30,23),(13,29,21),(11,27,19),(9,25,17),(6,22,14),(4,20,12),(3,7,5),(2,18,10),(1,15,8)
(25,27,26),(20,28,24),(16,30,23),(13,29,21),(12,22,17),(9,19,14),(4,6,5),(3,11,7),(2,18,10),(1,15,8)
(24,26,25),(17,27,22),(16,30,23),(13,29,21),(12,28,20),(5,7,6),(4,14,9),(3,19,11),(2,18,10),(1,15,8)
(22,26,24),(16,30,23),(13,29,21),(11,27,19),(6,28,17),(5,9,7),(4,20,12),(3,25,14),(2,18,10),(1,15,8)
(26,28,27),(16,30,23),(11,25,18),(10,24,17),(9,29,19),(7,21,14),(6,20,13),(3,5,4),(2,22,12),(1,15,8)
(24,28,26),(17,25,21),(16,30,23),(13,27,20),(9,29,19),(6,14,10),(4,18,11),(3,7,5),(2,22,12),(1,15,8)
(25,27,26),(20,28,24),(16,30,23),(13,21,17),(10,18,14),(9,29,19),(4,6,5),(3,11,7),(2,22,12),(1,15,8)
(24,26,25),(16,30,23),(14,28,21),(13,27,20),(9,29,19),(5,7,6),(4,18,11),(3,17,10),(2,22,12),(1,15,8)
(26,28,27),(19,21,20),(16,30,23),(10,12,11),(9,25,17),(7,29,18),(6,22,14),(3,5,4),(2,24,13),(1,15,8)
(22,28,25),(21,27,24),(18,20,19),(16,30,23),(11,13,12),(5,29,17),(4,10,7),(3,9,6),(2,26,14),(1,15,8)
(22,28,25),(18,24,21),(16,30,23),(11,27,19),(7,13,10),(5,29,17),(4,20,12),(3,9,6),(2,26,14),(1,15,8)
(27,29,28),(24,26,25),(19,23,21),(16,20,18),(14,30,22),(11,15,13),(8,12,10),(5,7,6),(2,4,3),(1,17,9)
(27,29,28),(23,25,24),(18,20,19),(16,26,21),(14,30,22),(11,13,12),(6,8,7),(5,15,10),(2,4,3),(1,17,9)
(27,29,28),(23,25,24),(14,30,22),(12,20,16),(11,19,15),(10,26,18),(6,8,7),(5,21,13),(2,4,3),(1,17,9)
(25,29,27),(24,28,26),(19,23,21),(16,20,18),(14,30,22),(11,15,13),(8,12,10),(3,7,5),(2,6,4),(1,17,9)
(25,29,27),(20,28,24),(15,23,19),(14,30,22),(10,26,18),(8,16,12),(5,21,13),(3,11,7),(2,6,4),(1,17,9)
(25,29,27),(14,30,22),(12,28,20),(10,26,18),(8,24,16),(7,23,15),(5,21,13),(3,19,11),(2,6,4),(1,17,9)
(23,29,26),(20,28,24),(15,27,21),(14,30,22),(13,25,19),(6,18,12),(4,16,10),(3,11,7),(2,8,5),(1,17,9)
(23,29,26),(14,30,22),(13,27,20),(10,28,19),(7,25,16),(6,24,15),(4,18,11),(3,21,12),(2,8,5),(1,17,9)
(26,28,27),(21,29,25),(18,20,19),(14,30,22),(11,13,12),(8,24,16),(7,23,15),(3,5,4),(2,10,6),(1,17,9)
(24,28,26),(21,29,25),(19,27,23),(16,20,18),(14,30,22),(11,15,13),(4,12,8),(3,7,5),(2,10,6),(1,17,9)
(24,28,26),(21,29,25),(15,23,19),(14,30,22),(13,27,20),(8,16,12),(4,18,11),(3,7,5),(2,10,6),(1,17,9)
(21,29,25),(20,26,23),(14,30,22),(12,24,18),(7,19,13),(5,11,8),(4,28,16),(3,27,15),(2,10,6),(1,17,9)
(26,28,27),(21,25,23),(19,29,24),(16,20,18),(14,30,22),(11,15,13),(6,10,8),(3,5,4),(2,12,7),(1,17,9)
(25,27,26),(19,29,24),(18,28,23),(14,30,22),(11,21,16),(10,20,15),(4,6,5),(3,13,8),(2,12,7),(1,17,9)
(25,27,26),(19,29,24),(14,30,22),(11,21,16),(10,20,15),(8,28,18),(4,6,5),(3,23,13),(2,12,7),(1,17,9)
(26,28,27),(23,25,24),(14,30,22),(13,29,21),(12,20,16),(11,19,15),(6,8,7),(3,5,4),(2,18,10),(1,17,9)
(24,28,26),(23,27,25),(14,30,22),(13,29,21),(12,20,16),(11,19,15),(4,8,6),(3,7,5),(2,18,10),(1,17,9)
(24,28,26),(19,27,23),(15,25,20),(14,30,22),(13,29,21),(6,16,11),(4,12,8),(3,7,5),(2,18,10),(1,17,9)
(25,27,26),(20,28,24),(15,23,19),(14,30,22),(13,29,21),(8,16,12),(4,6,5),(3,11,7),(2,18,10),(1,17,9)
(20,28,24),(19,27,23),(14,30,22),(13,29,21),(6,26,16),(5,25,15),(4,12,8),(3,11,7),(2,18,10),(1,17,9)
(25,27,26),(14,30,22),(13,29,21),(12,28,20),(8,24,16),(7,23,15),(4,6,5),(3,19,11),(2,18,10),(1,17,9)
(23,25,24),(14,30,22),(13,29,21),(12,28,20),(6,8,7),(5,27,16),(4,26,15),(3,19,11),(2,18,10),(1,17,9)
(26,28,27),(21,25,23),(14,30,22),(12,20,16),(11,19,15),(7,29,18),(6,10,8),(3,5,4),(2,24,13),(1,17,9)
(26,28,27),(19,23,21),(15,25,20),(14,30,22),(8,12,10),(7,29,18),(6,16,11),(3,5,4),(2,24,13),(1,17,9)
(23,27,25),(16,26,21),(14,30,22),(12,28,20),(7,29,18),(5,15,10),(4,8,6),(3,19,11),(2,24,13),(1,17,9)
(21,25,23),(14,30,22),(12,28,20),(7,29,18),(6,10,8),(5,27,16),(4,26,15),(3,19,11),(2,24,13),(1,17,9)
(21,27,24),(20,26,23),(14,30,22),(13,25,19),(6,18,12),(5,11,8),(4,10,7),(3,29,16),(2,28,15),(1,17,9)
(24,26,25),(19,23,21),(14,30,22),(13,27,20),(8,12,10),(5,7,6),(4,18,11),(3,29,16),(2,28,15),(1,17,9)
(23,25,24),(14,30,22),(11,27,19),(10,26,18),(6,8,7),(5,21,13),(4,20,12),(3,29,16),(2,28,15),(1,17,9)
(27,29,28),(20,26,23),(14,22,18),(12,30,21),(9,17,13),(7,25,16),(6,24,15),(5,11,8),(2,4,3),(1,19,10)
(27,29,28),(18,26,22),(17,23,20),(12,30,21),(8,14,11),(7,25,16),(6,24,15),(5,13,9),(2,4,3),(1,19,10)
(27,29,28),(18,26,22),(12,30,21),(11,23,17),(8,20,14),(7,25,16),(6,24,15),(5,13,9),(2,4,3),(1,19,10)
(27,29,28),(18,22,20),(12,30,21),(9,13,11),(8,26,17),(7,25,16),(6,24,15),(5,23,14),(2,4,3),(1,19,10)
(23,29,26),(22,28,25),(16,20,18),(12,30,21),(11,15,13),(7,27,17),(4,24,14),(3,9,6),(2,8,5),(1,19,10)
(23,29,26),(16,28,22),(12,30,21),(11,25,18),(7,27,17),(6,20,13),(4,24,14),(3,15,9),(2,8,5),(1,19,10)
(23,29,26),(16,24,20),(12,30,21),(9,27,18),(7,15,11),(6,28,17),(4,22,13),(3,25,14),(2,8,5),(1,19,10)
(26,28,27),(18,22,20),(17,29,23),(12,30,21),(9,13,11),(7,25,16),(6,24,15),(3,5,4),(2,14,8),(1,19,10)
(24,28,26),(17,29,23),(15,25,20),(12,30,21),(9,27,18),(6,16,11),(4,22,13),(3,7,5),(2,14,8),(1,19,10)
(20,28,24),(17,29,23),(12,30,21),(9,27,18),(6,26,16),(5,25,15),(4,22,13),(3,11,7),(2,14,8),(1,19,10)
(24,26,25),(17,29,23),(16,28,22),(13,27,20),(12,30,21),(5,7,6),(4,18,11),(3,15,9),(2,14,8),(1,19,10)
(24,26,25),(18,22,20),(17,29,23),(12,30,21),(9,13,11),(5,7,6),(4,28,16),(3,27,15),(2,14,8),(1,19,10)
(22,26,24),(17,29,23),(12,30,21),(11,25,18),(6,20,13),(5,9,7),(4,28,16),(3,27,15),(2,14,8),(1,19,10)
(22,28,25),(17,23,20),(12,30,21),(8,14,11),(7,29,18),(5,27,16),(4,26,15),(3,9,6),(2,24,13),(1,19,10)
(22,28,25),(12,30,21),(11,23,17),(8,20,14),(7,29,18),(5,27,16),(4,26,15),(3,9,6),(2,24,13),(1,19,10)
(25,27,26),(17,23,20),(16,28,22),(12,30,21),(8,14,11),(7,29,18),(4,6,5),(3,15,9),(2,24,13),(1,19,10)
(25,27,26),(16,28,22),(12,30,21),(11,23,17),(8,20,14),(7,29,18),(4,6,5),(3,15,9),(2,24,13),(1,19,10)
(23,27,25),(16,28,22),(14,26,20),(12,30,21),(7,29,18),(5,17,11),(4,8,6),(3,15,9),(2,24,13),(1,19,10)
(20,26,23),(12,30,21),(9,25,17),(7,29,18),(6,22,14),(5,11,8),(4,28,16),(3,27,15),(2,24,13),(1,19,10)
(22,28,25),(13,27,20),(12,30,21),(8,24,16),(7,23,15),(5,29,17),(4,18,11),(3,9,6),(2,26,14),(1,19,10)
(23,25,24),(16,28,22),(13,27,20),(12,30,21),(6,8,7),(5,29,17),(4,18,11),(3,15,9),(2,26,14),(1,19,10)
(23,25,24),(18,22,20),(12,30,21),(9,13,11),(6,8,7),(5,29,17),(4,28,16),(3,27,15),(2,26,14),(1,19,10)
(22,24,23),(12,30,21),(11,25,18),(7,9,8),(6,20,13),(5,29,17),(4,28,16),(3,27,15),(2,26,14),(1,19,10)
(24,26,25),(17,23,20),(12,30,21),(9,27,18),(8,14,11),(5,7,6),(4,22,13),(3,29,16),(2,28,15),(1,19,10)
(24,26,25),(12,30,21),(11,23,17),(9,27,18),(8,20,14),(5,7,6),(4,22,13),(3,29,16),(2,28,15),(1,19,10)
(23,25,24),(14,26,20),(12,30,21),(9,27,18),(6,8,7),(5,17,11),(4,22,13),(3,29,16),(2,28,15),(1,19,10)
(27,29,28),(24,26,25),(15,23,19),(14,22,18),(10,30,20),(9,17,13),(8,16,12),(5,7,6),(2,4,3),(1,21,11)
(27,29,28),(24,26,25),(17,19,18),(12,14,13),(10,30,20),(9,23,16),(8,22,15),(5,7,6),(2,4,3),(1,21,11)
(27,29,28),(23,25,24),(18,26,22),(15,19,17),(12,16,14),(10,30,20),(6,8,7),(5,13,9),(2,4,3),(1,21,11)
(27,29,28),(22,24,23),(17,19,18),(12,14,13),(10,30,20),(7,9,8),(6,26,16),(5,25,15),(2,4,3),(1,21,11)
(25,29,27),(24,28,26),(15,23,19),(14,22,18),(10,30,20),(9,17,13),(8,16,12),(3,7,5),(2,6,4),(1,21,11)
(25,29,27),(24,28,26),(17,19,18),(12,14,13),(10,30,20),(9,23,16),(8,22,15),(3,7,5),(2,6,4),(1,21,11)
(25,29,27),(22,26,24),(18,28,23),(15,19,17),(12,16,14),(10,30,20),(5,9,7),(3,13,8),(2,6,4),(1,21,11)
(25,29,27),(16,28,22),(12,24,18),(10,30,20),(8,26,17),(7,19,13),(5,23,14),(3,15,9),(2,6,4),(1,21,11)
(25,29,27),(22,26,24),(15,19,17),(12,16,14),(10,30,20),(8,28,18),(5,9,7),(3,23,13),(2,6,4),(1,21,11)
(23,29,26),(22,28,25),(13,19,16),(12,18,15),(10,30,20),(7,27,17),(4,24,14),(3,9,6),(2,8,5),(1,21,11)
(23,29,26),(16,28,22),(13,25,19),(10,30,20),(7,27,17),(6,18,12),(4,24,14),(3,15,9),(2,8,5),(1,21,11)
(23,29,26),(12,24,18),(10,30,20),(9,25,17),(7,19,13),(6,22,14),(4,28,16),(3,27,15),(2,8,5),(1,21,11)
(19,29,24),(18,28,23),(17,27,22),(10,30,20),(6,26,16),(5,25,15),(4,14,9),(3,13,8),(2,12,7),(1,21,11)
(19,29,24),(18,28,23),(10,30,20),(9,25,17),(6,22,14),(5,27,16),(4,26,15),(3,13,8),(2,12,7),(1,21,11)
(19,29,24),(17,27,22),(10,30,20),(8,28,18),(6,26,16),(5,25,15),(4,14,9),(3,23,13),(2,12,7),(1,21,11)
(19,29,24),(10,30,20),(9,25,17),(8,28,18),(6,22,14),(5,27,16),(4,26,15),(3,23,13),(2,12,7),(1,21,11)
(22,28,25),(17,29,23),(12,24,18),(10,30,20),(7,19,13),(5,27,16),(4,26,15),(3,9,6),(2,14,8),(1,21,11)
(25,27,26),(17,29,23),(16,28,22),(12,24,18),(10,30,20),(7,19,13),(4,6,5),(3,15,9),(2,14,8),(1,21,11)
(22,26,24),(17,29,23),(13,25,19),(10,30,20),(6,18,12),(5,9,7),(4,28,16),(3,27,15),(2,14,8),(1,21,11)
(26,28,27),(23,25,24),(17,19,18),(15,29,22),(12,14,13),(10,30,20),(6,8,7),(3,5,4),(2,16,9),(1,21,11)
(24,28,26),(23,27,25),(17,19,18),(15,29,22),(12,14,13),(10,30,20),(4,8,6),(3,7,5),(2,16,9),(1,21,11)
(25,27,26),(18,28,23),(15,29,22),(14,24,19),(10,30,20),(7,17,12),(4,6,5),(3,13,8),(2,16,9),(1,21,11)
(25,27,26),(15,29,22),(14,24,19),(10,30,20),(8,28,18),(7,17,12),(4,6,5),(3,23,13),(2,16,9),(1,21,11)
(26,28,27),(23,25,24),(16,18,17),(13,15,14),(10,30,20),(9,29,19),(6,8,7),(3,5,4),(2,22,12),(1,21,11)
(26,28,27),(23,25,24),(14,18,16),(13,17,15),(10,30,20),(9,29,19),(6,8,7),(3,5,4),(2,22,12),(1,21,11)
(24,28,26),(23,27,25),(16,18,17),(13,15,14),(10,30,20),(9,29,19),(4,8,6),(3,7,5),(2,22,12),(1,21,11)
(24,28,26),(23,27,25),(14,18,16),(13,17,15),(10,30,20),(9,29,19),(4,8,6),(3,7,5),(2,22,12),(1,21,11)
(18,28,23),(10,30,20),(9,29,19),(7,27,17),(6,26,16),(5,25,15),(4,24,14),(3,13,8),(2,22,12),(1,21,11)
(10,30,20),(9,29,19),(8,28,18),(7,27,17),(6,26,16),(5,25,15),(4,24,14),(3,23,13),(2,22,12),(1,21,11)
(26,28,27),(15,23,19),(10,30,20),(9,25,17),(8,16,12),(7,29,18),(6,22,14),(3,5,4),(2,24,13),(1,21,11)
(19,25,22),(10,30,20),(8,26,17),(7,29,18),(6,12,9),(5,23,14),(4,28,16),(3,27,15),(2,24,13),(1,21,11)
(23,27,25),(16,28,22),(12,24,18),(10,30,20),(7,19,13),(5,29,17),(4,8,6),(3,15,9),(2,26,14),(1,21,11)
(22,24,23),(13,25,19),(10,30,20),(7,9,8),(6,18,12),(5,29,17),(4,28,16),(3,27,15),(2,26,14),(1,21,11)
(25,27,26),(22,24,23),(17,19,18),(12,14,13),(10,30,20),(7,9,8),(4,6,5),(3,29,16),(2,28,15),(1,21,11)
(23,27,25),(22,26,24),(17,19,18),(12,14,13),(10,30,20),(5,9,7),(4,8,6),(3,29,16),(2,28,15),(1,21,11)
(23,27,25),(18,26,22),(14,24,19),(10,30,20),(7,17,12),(5,13,9),(4,8,6),(3,29,16),(2,28,15),(1,21,11)
(24,26,25),(19,27,23),(14,22,18),(10,30,20),(9,17,13),(5,7,6),(4,12,8),(3,29,16),(2,28,15),(1,21,11)
(27,29,28),(24,26,25),(20,22,21),(16,18,17),(13,15,14),(9,11,10),(8,30,19),(5,7,6),(2,4,3),(1,23,12)
(27,29,28),(24,26,25),(20,22,21),(14,18,16),(13,17,15),(9,11,10),(8,30,19),(5,7,6),(2,4,3),(1,23,12)
(27,29,28),(24,26,25),(14,22,18),(11,21,16),(10,20,15),(9,17,13),(8,30,19),(5,7,6),(2,4,3),(1,23,12)
(27,29,28),(22,26,24),(17,25,21),(16,20,18),(11,15,13),(8,30,19),(6,14,10),(5,9,7),(2,4,3),(1,23,12)
(27,29,28),(22,26,24),(15,25,20),(13,21,17),(10,18,14),(8,30,19),(6,16,11),(5,9,7),(2,4,3),(1,23,12)
(27,29,28),(18,26,22),(17,25,21),(16,24,20),(8,30,19),(7,15,11),(6,14,10),(5,13,9),(2,4,3),(1,23,12)
(27,29,28),(18,26,22),(15,25,20),(10,24,17),(8,30,19),(7,21,14),(6,16,11),(5,13,9),(2,4,3),(1,23,12)
(27,29,28),(16,24,20),(10,26,18),(9,25,17),(8,30,19),(7,15,11),(6,22,14),(5,21,13),(2,4,3),(1,23,12)
(27,29,28),(20,24,22),(13,21,17),(10,18,14),(8,30,19),(7,11,9),(6,26,16),(5,25,15),(2,4,3),(1,23,12)
(27,29,28),(18,22,20),(10,24,17),(9,13,11),(8,30,19),(7,21,14),(6,26,16),(5,25,15),(2,4,3),(1,23,12)
(25,29,27),(24,28,26),(20,22,21),(16,18,17),(13,15,14),(9,11,10),(8,30,19),(3,7,5),(2,6,4),(1,23,12)
(25,29,27),(24,28,26),(20,22,21),(14,18,16),(13,17,15),(9,11,10),(8,30,19),(3,7,5),(2,6,4),(1,23,12)
(25,29,27),(24,28,26),(14,22,18),(11,21,16),(10,20,15),(9,17,13),(8,30,19),(3,7,5),(2,6,4),(1,23,12)
(25,29,27),(20,28,24),(16,26,21),(14,22,18),(9,17,13),(8,30,19),(5,15,10),(3,11,7),(2,6,4),(1,23,12)
(25,29,27),(18,24,21),(16,28,22),(14,26,20),(8,30,19),(7,13,10),(5,17,11),(3,15,9),(2,6,4),(1,23,12)
(25,29,27),(22,26,24),(16,20,18),(14,28,21),(11,15,13),(8,30,19),(5,9,7),(3,17,10),(2,6,4),(1,23,12)
(25,29,27),(18,26,22),(16,24,20),(14,28,21),(8,30,19),(7,15,11),(5,13,9),(3,17,10),(2,6,4),(1,23,12)
(26,28,27),(21,29,25),(20,24,22),(16,18,17),(13,15,14),(8,30,19),(7,11,9),(3,5,4),(2,10,6),(1,23,12)
(26,28,27),(21,29,25),(20,24,22),(14,18,16),(13,17,15),(8,30,19),(7,11,9),(3,5,4),(2,10,6),(1,23,12)
(26,28,27),(21,29,25),(16,24,20),(14,22,18),(9,17,13),(8,30,19),(7,15,11),(3,5,4),(2,10,6),(1,23,12)
(24,28,26),(21,29,25),(17,27,22),(16,20,18),(11,15,13),(8,30,19),(4,14,9),(3,7,5),(2,10,6),(1,23,12)
(21,29,25),(20,28,24),(14,22,18),(9,17,13),(8,30,19),(5,27,16),(4,26,15),(3,11,7),(2,10,6),(1,23,12)
(26,28,27),(15,29,22),(11,25,18),(10,24,17),(8,30,19),(7,21,14),(6,20,13),(3,5,4),(2,16,9),(1,23,12)
(24,28,26),(17,25,21),(15,29,22),(13,27,20),(8,30,19),(6,14,10),(4,18,11),(3,7,5),(2,16,9),(1,23,12)
(25,27,26),(20,28,24),(15,29,22),(13,21,17),(10,18,14),(8,30,19),(4,6,5),(3,11,7),(2,16,9),(1,23,12)
(24,26,25),(15,29,22),(14,28,21),(13,27,20),(8,30,19),(5,7,6),(4,18,11),(3,17,10),(2,16,9),(1,23,12)
(26,28,27),(16,24,20),(13,29,21),(9,25,17),(8,30,19),(7,15,11),(6,22,14),(3,5,4),(2,18,10),(1,23,12)
(24,28,26),(17,27,22),(15,25,20),(13,29,21),(8,30,19),(6,16,11),(4,14,9),(3,7,5),(2,18,10),(1,23,12)
(20,28,24),(17,27,22),(13,29,21),(8,30,19),(6,26,16),(5,25,15),(4,14,9),(3,11,7),(2,18,10),(1,23,12)
(20,28,24),(13,29,21),(9,25,17),(8,30,19),(6,22,14),(5,27,16),(4,26,15),(3,11,7),(2,18,10),(1,23,12)
(20,24,22),(13,29,21),(8,30,19),(7,11,9),(6,28,17),(5,27,16),(4,26,15),(3,25,14),(2,18,10),(1,23,12)
(26,28,27),(11,21,16),(10,20,15),(9,25,17),(8,30,19),(7,29,18),(6,22,14),(3,5,4),(2,24,13),(1,23,12)
(22,28,25),(15,27,21),(14,26,20),(8,30,19),(7,29,18),(5,17,11),(4,16,10),(3,9,6),(2,24,13),(1,23,12)
(20,22,21),(9,11,10),(8,30,19),(7,29,18),(6,28,17),(5,27,16),(4,26,15),(3,25,14),(2,24,13),(1,23,12)
(22,28,25),(21,27,24),(16,20,18),(11,15,13),(8,30,19),(5,29,17),(4,10,7),(3,9,6),(2,26,14),(1,23,12)
(21,27,24),(16,28,22),(11,25,18),(8,30,19),(6,20,13),(5,29,17),(4,10,7),(3,15,9),(2,26,14),(1,23,12)
(25,27,26),(20,24,22),(13,21,17),(10,18,14),(8,30,19),(7,11,9),(4,6,5),(3,29,16),(2,28,15),(1,23,12)
(25,27,26),(18,22,20),(10,24,17),(9,13,11),(8,30,19),(7,21,14),(4,6,5),(3,29,16),(2,28,15),(1,23,12)
(22,26,24),(17,25,21),(13,27,20),(8,30,19),(6,14,10),(5,9,7),(4,18,11),(3,29,16),(2,28,15),(1,23,12)
(27,29,28),(20,26,23),(14,24,19),(10,22,16),(9,21,15),(7,17,12),(6,30,18),(5,11,8),(2,4,3),(1,25,13)
(27,29,28),(20,26,23),(16,22,19),(10,24,17),(9,15,12),(7,21,14),(6,30,18),(5,11,8),(2,4,3),(1,25,13)
(23,29,26),(20,28,24),(15,27,21),(12,22,17),(9,19,14),(6,30,18),(4,16,10),(3,11,7),(2,8,5),(1,25,13)
(23,29,26),(16,28,22),(11,27,19),(10,24,17),(7,21,14),(6,30,18),(4,20,12),(3,15,9),(2,8,5),(1,25,13)
(23,29,26),(19,21,20),(16,28,22),(10,12,11),(7,27,17),(6,30,18),(4,24,14),(3,15,9),(2,8,5),(1,25,13)
(23,29,26),(12,28,20),(10,22,16),(9,21,15),(7,27,17),(6,30,18),(4,24,14),(3,19,11),(2,8,5),(1,25,13)
(23,29,26),(17,27,22),(16,24,20),(10,28,19),(7,15,11),(6,30,18),(4,14,9),(3,21,12),(2,8,5),(1,25,13)
(23,29,26),(20,24,22),(17,21,19),(10,14,12),(7,11,9),(6,30,18),(4,28,16),(3,27,15),(2,8,5),(1,25,13)
(23,29,26),(20,22,21),(14,24,19),(9,11,10),(7,17,12),(6,30,18),(4,28,16),(3,27,15),(2,8,5),(1,25,13)
(26,28,27),(19,29,24),(17,23,20),(10,22,16),(9,21,15),(8,14,11),(6,30,18),(3,5,4),(2,12,7),(1,25,13)
(26,28,27),(19,29,24),(11,23,17),(10,22,16),(9,21,15),(8,20,14),(6,30,18),(3,5,4),(2,12,7),(1,25,13)
(21,23,22),(19,29,24),(14,26,20),(8,10,9),(6,30,18),(5,17,11),(4,28,16),(3,27,15),(2,12,7),(1,25,13)
(20,22,21),(19,29,24),(9,11,10),(8,26,17),(6,30,18),(5,23,14),(4,28,16),(3,27,15),(2,12,7),(1,25,13)
(24,28,26),(17,29,23),(11,27,19),(10,22,16),(9,21,15),(6,30,18),(4,20,12),(3,7,5),(2,14,8),(1,25,13)
(22,26,24),(17,29,23),(15,27,21),(12,28,20),(6,30,18),(5,9,7),(4,16,10),(3,19,11),(2,14,8),(1,25,13)
(20,24,22),(17,29,23),(10,28,19),(7,11,9),(6,30,18),(5,27,16),(4,26,15),(3,21,12),(2,14,8),(1,25,13)
(22,26,24),(19,21,20),(17,29,23),(10,12,11),(6,30,18),(5,9,7),(4,28,16),(3,27,15),(2,14,8),(1,25,13)
(21,27,24),(15,29,22),(12,28,20),(8,26,17),(6,30,18),(5,23,14),(4,10,7),(3,19,11),(2,16,9),(1,25,13)
(20,26,23),(15,29,22),(10,28,19),(7,27,17),(6,30,18),(5,11,8),(4,24,14),(3,21,12),(2,16,9),(1,25,13)
(24,28,26),(17,23,20),(15,27,21),(9,29,19),(8,14,11),(6,30,18),(4,16,10),(3,7,5),(2,22,12),(1,25,13)
(24,28,26),(15,27,21),(11,23,17),(9,29,19),(8,20,14),(6,30,18),(4,16,10),(3,7,5),(2,22,12),(1,25,13)
(20,28,24),(15,27,21),(9,29,19),(8,26,17),(6,30,18),(5,23,14),(4,16,10),(3,11,7),(2,22,12),(1,25,13)
(20,26,23),(10,24,17),(9,29,19),(7,21,14),(6,30,18),(5,11,8),(4,28,16),(3,27,15),(2,22,12),(1,25,13)
(20,28,24),(19,27,23),(10,22,16),(9,21,15),(6,30,18),(5,29,17),(4,12,8),(3,11,7),(2,26,14),(1,25,13)
(21,27,24),(12,28,20),(9,23,16),(8,22,15),(6,30,18),(5,29,17),(4,10,7),(3,19,11),(2,26,14),(1,25,13)
(22,24,23),(15,27,21),(12,28,20),(7,9,8),(6,30,18),(5,29,17),(4,16,10),(3,19,11),(2,26,14),(1,25,13)
(22,24,23),(19,21,20),(10,12,11),(7,9,8),(6,30,18),(5,29,17),(4,28,16),(3,27,15),(2,26,14),(1,25,13)
(20,24,22),(19,23,21),(8,12,10),(7,11,9),(6,30,18),(5,29,17),(4,28,16),(3,27,15),(2,26,14),(1,25,13)
(21,27,24),(20,26,23),(12,22,17),(9,19,14),(6,30,18),(5,11,8),(4,10,7),(3,29,16),(2,28,15),(1,25,13)
(23,29,26),(22,28,25),(18,24,21),(12,20,16),(11,19,15),(7,13,10),(4,30,17),(3,9,6),(2,8,5),(1,27,14)
(23,29,26),(22,28,25),(12,24,18),(11,21,16),(10,20,15),(7,19,13),(4,30,17),(3,9,6),(2,8,5),(1,27,14)
(23,29,26),(20,28,24),(19,25,22),(15,21,18),(10,16,13),(6,12,9),(4,30,17),(3,11,7),(2,8,5),(1,27,14)
(23,29,26),(20,28,24),(13,25,19),(10,22,16),(9,21,15),(6,18,12),(4,30,17),(3,11,7),(2,8,5),(1,27,14)
(23,29,26),(18,22,20),(10,28,19),(9,13,11),(7,25,16),(6,24,15),(4,30,17),(3,21,12),(2,8,5),(1,27,14)
(24,28,26),(21,29,25),(18,22,20),(15,23,19),(9,13,11),(8,16,12),(4,30,17),(3,7,5),(2,10,6),(1,27,14)
(24,28,26),(21,29,25),(18,20,19),(11,13,12),(9,23,16),(8,22,15),(4,30,17),(3,7,5),(2,10,6),(1,27,14)
(21,29,25),(20,28,24),(18,26,22),(15,23,19),(8,16,12),(5,13,9),(4,30,17),(3,11,7),(2,10,6),(1,27,14)
(22,26,24),(21,29,25),(18,28,23),(12,20,16),(11,19,15),(5,9,7),(4,30,17),(3,13,8),(2,10,6),(1,27,14)
(21,29,25),(20,26,23),(16,28,22),(12,24,18),(7,19,13),(5,11,8),(4,30,17),(3,15,9),(2,10,6),(1,27,14)
(21,29,25),(18,26,22),(12,28,20),(8,24,16),(7,23,15),(5,13,9),(4,30,17),(3,19,11),(2,10,6),(1,27,14)
(22,26,24),(21,29,25),(12,20,16),(11,19,15),(8,28,18),(5,9,7),(4,30,17),(3,23,13),(2,10,6),(1,27,14)
(22,28,25),(20,26,23),(19,29,24),(15,21,18),(10,16,13),(5,11,8),(4,30,17),(3,9,6),(2,12,7),(1,27,14)
(20,22,21),(19,29,24),(18,28,23),(9,11,10),(6,26,16),(5,25,15),(4,30,17),(3,13,8),(2,12,7),(1,27,14)
(20,22,21),(19,29,24),(9,11,10),(8,28,18),(6,26,16),(5,25,15),(4,30,17),(3,23,13),(2,12,7),(1,27,14)
(24,28,26),(21,25,23),(18,20,19),(15,29,22),(11,13,12),(6,10,8),(4,30,17),(3,7,5),(2,16,9),(1,27,14)
(24,28,26),(19,23,21),(15,29,22),(11,25,18),(8,12,10),(6,20,13),(4,30,17),(3,7,5),(2,16,9),(1,27,14)
(24,26,25),(19,21,20),(18,28,23),(15,29,22),(10,12,11),(5,7,6),(4,30,17),(3,13,8),(2,16,9),(1,27,14)
(23,25,24),(15,29,22),(12,28,20),(10,26,18),(6,8,7),(5,21,13),(4,30,17),(3,19,11),(2,16,9),(1,27,14)
(24,26,25),(19,21,20),(15,29,22),(10,12,11),(8,28,18),(5,7,6),(4,30,17),(3,23,13),(2,16,9),(1,27,14)
(24,26,25),(13,29,21),(12,28,20),(9,23,16),(8,22,15),(5,7,6),(4,30,17),(3,19,11),(2,18,10),(1,27,14)
(22,24,23),(13,29,21),(12,28,20),(7,9,8),(6,26,16),(5,25,15),(4,30,17),(3,19,11),(2,18,10),(1,27,14)
(24,28,26),(21,25,23),(16,20,18),(11,15,13),(9,29,19),(6,10,8),(4,30,17),(3,7,5),(2,22,12),(1,27,14)
(24,26,25),(18,28,23),(11,21,16),(10,20,15),(9,29,19),(5,7,6),(4,30,17),(3,13,8),(2,22,12),(1,27,14)
(24,26,25),(11,21,16),(10,20,15),(9,29,19),(8,28,18),(5,7,6),(4,30,17),(3,23,13),(2,22,12),(1,27,14)
(21,23,22),(12,28,20),(8,10,9),(7,29,18),(6,26,16),(5,25,15),(4,30,17),(3,19,11),(2,24,13),(1,27,14)
(24,26,25),(21,23,22),(18,20,19),(11,13,12),(8,10,9),(5,7,6),(4,30,17),(3,29,16),(2,28,15),(1,27,14)
(24,26,25),(19,23,21),(18,22,20),(9,13,11),(8,12,10),(5,7,6),(4,30,17),(3,29,16),(2,28,15),(1,27,14)
(22,26,24),(21,25,23),(18,20,19),(11,13,12),(6,10,8),(5,9,7),(4,30,17),(3,29,16),(2,28,15),(1,27,14)
(22,26,24),(19,23,21),(11,25,18),(8,12,10),(6,20,13),(5,9,7),(4,30,17),(3,29,16),(2,28,15),(1,27,14)
(20,26,23),(19,25,22),(18,24,21),(7,13,10),(6,12,9),(5,11,8),(4,30,17),(3,29,16),(2,28,15),(1,27,14)
(23,25,24),(19,21,20),(18,26,22),(10,12,11),(6,8,7),(5,13,9),(4,30,17),(3,29,16),(2,28,15),(1,27,14)
(26,28,27),(23,25,24),(20,22,21),(17,19,18),(12,14,13),(9,11,10),(6,8,7),(3,5,4),(2,30,16),(1,29,15)
(26,28,27),(23,25,24),(18,22,20),(17,21,19),(10,14,12),(9,13,11),(6,8,7),(3,5,4),(2,30,16),(1,29,15)
(26,28,27),(23,25,24),(19,21,20),(14,22,18),(10,12,11),(9,17,13),(6,8,7),(3,5,4),(2,30,16),(1,29,15)
(26,28,27),(21,25,23),(20,24,22),(17,19,18),(12,14,13),(7,11,9),(6,10,8),(3,5,4),(2,30,16),(1,29,15)
(26,28,27),(21,25,23),(18,22,20),(14,24,19),(9,13,11),(7,17,12),(6,10,8),(3,5,4),(2,30,16),(1,29,15)
(26,28,27),(19,25,22),(18,24,21),(17,23,20),(8,14,11),(7,13,10),(6,12,9),(3,5,4),(2,30,16),(1,29,15)
(26,28,27),(19,25,22),(18,24,21),(11,23,17),(8,20,14),(7,13,10),(6,12,9),(3,5,4),(2,30,16),(1,29,15)
(26,28,27),(22,24,23),(18,20,19),(17,25,21),(11,13,12),(7,9,8),(6,14,10),(3,5,4),(2,30,16),(1,29,15)
(26,28,27),(22,24,23),(17,21,19),(11,25,18),(10,14,12),(7,9,8),(6,20,13),(3,5,4),(2,30,16),(1,29,15)
(26,28,27),(21,23,22),(14,24,19),(11,25,18),(8,10,9),(7,17,12),(6,20,13),(3,5,4),(2,30,16),(1,29,15)
(24,28,26),(23,27,25),(20,22,21),(17,19,18),(12,14,13),(9,11,10),(4,8,6),(3,7,5),(2,30,16),(1,29,15)
(24,28,26),(23,27,25),(18,22,20),(17,21,19),(10,14,12),(9,13,11),(4,8,6),(3,7,5),(2,30,16),(1,29,15)
(24,28,26),(23,27,25),(19,21,20),(14,22,18),(10,12,11),(9,17,13),(4,8,6),(3,7,5),(2,30,16),(1,29,15)
(24,28,26),(19,27,23),(18,22,20),(17,25,21),(9,13,11),(6,14,10),(4,12,8),(3,7,5),(2,30,16),(1,29,15)
(24,28,26),(21,25,23),(18,20,19),(17,27,22),(11,13,12),(6,10,8),(4,14,9),(3,7,5),(2,30,16),(1,29,15)
(24,28,26),(19,23,21),(17,27,22),(11,25,18),(8,12,10),(6,20,13),(4,14,9),(3,7,5),(2,30,16),(1,29,15)
(24,28,26),(21,25,23),(13,27,20),(12,22,17),(9,19,14),(6,10,8),(4,18,11),(3,7,5),(2,30,16),(1,29,15)
(24,28,26),(19,23,21),(13,27,20),(9,25,17),(8,12,10),(6,22,14),(4,18,11),(3,7,5),(2,30,16),(1,29,15)
(24,28,26),(21,25,23),(14,22,18),(11,27,19),(9,17,13),(6,10,8),(4,20,12),(3,7,5),(2,30,16),(1,29,15)
(22,28,25),(21,27,24),(20,26,23),(17,19,18),(12,14,13),(5,11,8),(4,10,7),(3,9,6),(2,30,16),(1,29,15)
(22,28,25),(21,27,24),(18,20,19),(11,13,12),(8,26,17),(5,23,14),(4,10,7),(3,9,6),(2,30,16),(1,29,15)
(22,28,25),(19,27,23),(18,24,21),(14,26,20),(7,13,10),(5,17,11),(4,12,8),(3,9,6),(2,30,16),(1,29,15)
(22,28,25),(18,24,21),(11,27,19),(8,26,17),(7,13,10),(5,23,14),(4,20,12),(3,9,6),(2,30,16),(1,29,15)
(25,27,26),(21,23,22),(20,28,24),(17,19,18),(12,14,13),(8,10,9),(4,6,5),(3,11,7),(2,30,16),(1,29,15)
(25,27,26),(20,28,24),(19,23,21),(14,22,18),(9,17,13),(8,12,10),(4,6,5),(3,11,7),(2,30,16),(1,29,15)
(23,27,25),(20,28,24),(18,26,22),(17,21,19),(10,14,12),(5,13,9),(4,8,6),(3,11,7),(2,30,16),(1,29,15)
(23,27,25),(20,28,24),(12,22,17),(10,26,18),(9,19,14),(5,21,13),(4,8,6),(3,11,7),(2,30,16),(1,29,15)
(20,28,24),(19,27,23),(18,26,22),(17,25,21),(6,14,10),(5,13,9),(4,12,8),(3,11,7),(2,30,16),(1,29,15)
(20,28,24),(19,27,23),(10,26,18),(9,25,17),(6,22,14),(5,21,13),(4,12,8),(3,11,7),(2,30,16),(1,29,15)
(25,27,26),(20,24,22),(18,28,23),(17,21,19),(10,14,12),(7,11,9),(4,6,5),(3,13,8),(2,30,16),(1,29,15)
(25,27,26),(20,22,21),(18,28,23),(14,24,19),(9,11,10),(7,17,12),(4,6,5),(3,13,8),(2,30,16),(1,29,15)
(21,27,24),(19,25,22),(18,28,23),(14,26,20),(6,12,9),(5,17,11),(4,10,7),(3,13,8),(2,30,16),(1,29,15)
(24,26,25),(19,21,20),(18,28,23),(17,27,22),(10,12,11),(5,7,6),(4,14,9),(3,13,8),(2,30,16),(1,29,15)
(22,26,24),(18,28,23),(17,25,21),(11,27,19),(6,14,10),(5,9,7),(4,20,12),(3,13,8),(2,30,16),(1,29,15)
(25,27,26),(22,24,23),(18,20,19),(14,28,21),(11,13,12),(7,9,8),(4,6,5),(3,17,10),(2,30,16),(1,29,15)
(23,27,25),(22,26,24),(18,20,19),(14,28,21),(11,13,12),(5,9,7),(4,8,6),(3,17,10),(2,30,16),(1,29,15)
(24,26,25),(19,27,23),(18,22,20),(14,28,21),(9,13,11),(5,7,6),(4,12,8),(3,17,10),(2,30,16),(1,29,15)
(22,26,24),(19,27,23),(14,28,21),(11,25,18),(6,20,13),(5,9,7),(4,12,8),(3,17,10),(2,30,16),(1,29,15)
(23,25,24),(18,26,22),(14,28,21),(11,27,19),(6,8,7),(5,13,9),(4,20,12),(3,17,10),(2,30,16),(1,29,15)
(25,27,26),(22,24,23),(13,21,17),(12,28,20),(10,18,14),(7,9,8),(4,6,5),(3,19,11),(2,30,16),(1,29,15)
(23,27,25),(22,26,24),(13,21,17),(12,28,20),(10,18,14),(5,9,7),(4,8,6),(3,19,11),(2,30,16),(1,29,15)
(23,27,25),(18,26,22),(12,28,20),(10,24,17),(7,21,14),(5,13,9),(4,8,6),(3,19,11),(2,30,16),(1,29,15)
(23,25,24),(17,27,22),(12,28,20),(10,26,18),(6,8,7),(5,21,13),(4,14,9),(3,19,11),(2,30,16),(1,29,15)
(21,25,23),(18,26,22),(12,28,20),(7,27,17),(6,10,8),(5,13,9),(4,24,14),(3,19,11),(2,30,16),(1,29,15)
(24,26,25),(17,23,20),(10,28,19),(9,27,18),(8,14,11),(5,7,6),(4,22,13),(3,21,12),(2,30,16),(1,29,15)
(24,26,25),(11,23,17),(10,28,19),(9,27,18),(8,20,14),(5,7,6),(4,22,13),(3,21,12),(2,30,16),(1,29,15)
(23,25,24),(14,26,20),(10,28,19),(9,27,18),(6,8,7),(5,17,11),(4,22,13),(3,21,12),(2,30,16),(1,29,15)
(25,27,26),(20,24,22),(17,21,19),(10,14,12),(8,28,18),(7,11,9),(4,6,5),(3,23,13),(2,30,16),(1,29,15)
(25,27,26),(20,22,21),(14,24,19),(9,11,10),(8,28,18),(7,17,12),(4,6,5),(3,23,13),(2,30,16),(1,29,15)
(21,27,24),(19,25,22),(14,26,20),(8,28,18),(6,12,9),(5,17,11),(4,10,7),(3,23,13),(2,30,16),(1,29,15)
(24,26,25),(19,21,20),(17,27,22),(10,12,11),(8,28,18),(5,7,6),(4,14,9),(3,23,13),(2,30,16),(1,29,15)
(22,26,24),(17,25,21),(11,27,19),(8,28,18),(6,14,10),(5,9,7),(4,20,12),(3,23,13),(2,30,16),(1,29,15)
(20,24,22),(19,27,23),(10,26,18),(7,11,9),(6,28,17),(5,21,13),(4,12,8),(3,25,14),(2,30,16),(1,29,15)
(22,26,24),(19,23,21),(13,27,20),(8,12,10),(6,28,17),(5,9,7),(4,18,11),(3,25,14),(2,30,16),(1,29,15)
(22,24,23),(11,27,19),(10,26,18),(7,9,8),(6,28,17),(5,21,13),(4,20,12),(3,25,14),(2,30,16),(1,29,15)
