1 1
2 2
3 2
4 3
5 2
6 3
7 4
8 3
9 3
10 4
11 5
12 4
13 3
14 4
15 5
16 6
17 5
18 4
19 4
20 5
21 6
22 7
23 6
24 5
25 4
26 5
27 6
28 7
29 8
30 7
31 6
32 5
33 5
34 6
35 7
36 8
37 9
38 8
39 7
40 6
41 5
42 6
43 7
44 8
45 9
46 10
47 9
48 8
49 7
50 6
51 6
52 7
53 8
54 9
55 10
56 11
57 10
58 9
59 8
60 7
61 6
62 7
63 8
64 9
65 10
66 11
67 12
68 11
69 10
70 9
71 8
72 7
73 7
74 8
75 9
76 10
77 11
78 12
79 13
80 12
81 11
82 10
83 9
84 8
85 7
86 8
87 9
88 10
89 11
90 12
91 13
92 14
93 13
94 12
95 11
96 10
97 9
98 8
99 8
100 9
101 10
102 11
103 12
104 13
105 14
106 15
107 14
108 13
109 12
110 11
111 10
112 9
113 8
114 9
115 10
116 11
117 12
118 13
119 14
120 15
121 16
122 15
123 14
124 13
125 12
126 11
127 10
128 9
129 9
130 10
131 11
132 12
133 13
134 14
135 15
136 16
137 17
138 16
139 15
140 14
141 13
142 12
143 11
144 10
145 9
146 10
147 11
148 12
149 13
150 14
151 15
152 16
153 17
154 18
155 17
156 16
157 15
158 14
159 13
160 12
161 11
162 10
163 10
164 11
165 12
166 13
167 14
168 15
169 16
170 17
171 18
172 19
173 18
174 17
175 16
176 15
177 14
178 13
179 12
180 11
181 10
182 11
183 12
184 13
185 14
186 15
187 16
188 17
189 18
190 19
191 20
192 19
193 18
194 17
195 16
196 15
197 14
198 13
199 12
200 11
201 11
202 12
203 13
204 14
205 15
206 16
207 17
208 18
209 19
210 20
211 21
212 20
213 19
214 18
215 17
216 16
217 15
218 14
219 13
220 12
221 11
222 12
223 13
224 14
225 15
226 16
227 17
228 18
229 19
230 20
231 21
232 22
233 21
234 20
235 19
236 18
237 17
238 16
239 15
240 14
241 13
242 12
243 12
244 13
245 14
246 15
247 16
248 17
249 18
250 19
251 20
252 21
253 22
254 23
255 22
256 21
257 20
258 19
259 18
260 17
261 16
262 15
263 14
264 13
265 12
266 13
267 14
268 15
269 16
270 17
271 18
272 19
273 20
274 21
275 22
276 23
277 24
278 23
279 22
280 21
281 20
282 19
283 18
284 17
285 16
286 15
287 14
288 13
289 13
290 14
291 15
292 16
293 17
294 18
295 19
296 20
297 21
298 22
299 23
300 24
301 25
302 24
303 23
304 22
305 21
306 20
307 19
308 18
309 17
310 16
311 15
312 14
313 13
314 14
315 15
316 16
317 17
318 18
319 19
320 20
321 21
322 22
323 23
324 24
325 25
326 26
327 25
328 24
329 23
330 22
331 21
332 20
333 19
334 18
335 17
336 16
337 15
338 14
339 14
340 15
341 16
342 17
343 18
344 19
345 20
346 21
347 22
348 23
349 24
350 25
351 26
352 27
353 26
354 25
355 24
356 23
357 22
358 21
359 20
360 19
361 18
362 17
363 16
364 15
365 14
366 15
367 16
368 17
369 18
370 19
371 20
372 21
373 22
374 23
375 24
376 25
377 26
378 27
379 28
380 27
381 26
382 25
383 24
384 23
385 22
386 21
387 20
388 19
389 18
390 17
391 16
392 15
393 15
394 16
395 17
396 18
397 19
398 20
399 21
400 22
401 23
402 24
403 25
404 26
405 27
406 28
407 29
408 28
409 27
410 26
411 25
412 24
413 23
414 22
415 21
416 20
417 19
418 18
419 17
420 16
421 15
422 16
423 17
424 18
425 19
426 20
427 21
428 22
429 23
430 24
431 25
432 26
433 27
434 28
435 29
436 30
437 29
438 28
439 27
440 26
441 25
442 24
443 23
444 22
445 21
446 20
447 19
448 18
449 17
450 16
451 16
452 17
453 18
454 19
455 20
456 21
457 22
458 23
459 24
460 25
461 26
462 27
463 28
464 29
465 30
466 31
467 30
468 29
469 28
470 27
471 26
472 25
473 24
474 23
475 22
476 21
477 20
478 19
479 18
480 17
481 16
482 17
483 18
484 19
485 20
486 21
487 22
488 23
489 24
490 25
491 26
492 27
493 28
494 29
495 30
496 31
497 32
498 31
499 30
500 29
501 28
502 27
503 26
504 25
505 24
506 23
507 22
508 21
509 20
510 19
511 18
512 17
513 17
514 18
515 19
516 20
517 21
518 22
519 23
520 24
521 25
522 26
523 27
524 28
525 29
526 30
527 31
528 32
529 33
530 32
531 31
532 30
533 29
534 28
535 27
536 26
537 25
538 24
539 23
540 22
541 21
542 20
543 19
544 18
545 17
546 18
547 19
548 20
549 21
550 22
551 23
552 24
553 25
554 26
555 27
556 28
557 29
558 30
559 31
560 32
561 33
562 34
563 33
564 32
565 31
566 30
567 29
568 28
569 27
570 26
571 25
572 24
573 23
574 22
575 21
576 20
577 19
578 18
579 18
580 19
581 20
582 21
583 22
584 23
585 24
586 25
587 26
588 27
589 28
590 29
591 30
592 31
593 32
594 33
595 34
596 35
597 34
598 33
599 32
600 31
601 30
602 29
603 28
604 27
605 26
606 25
607 24
608 23
609 22
610 21
611 20
612 19
613 18
614 19
615 20
616 21
617 22
618 23
619 24
620 25
621 26
622 27
623 28
624 29
625 30
626 31
627 32
628 33
629 34
630 35
631 36
632 35
633 34
634 33
635 32
636 31
637 30
638 29
639 28
640 27
641 26
642 25
643 24
644 23
645 22
646 21
647 20
648 19
649 19
650 20
651 21
652 22
653 23
654 24
655 25
656 26
657 27
658 28
659 29
660 30
661 31
662 32
663 33
664 34
665 35
666 36
667 37
668 36
669 35
670 34
671 33
672 32
673 31
674 30
675 29
676 28
677 27
678 26
679 25
680 24
681 23
682 22
683 21
684 20
685 19
686 20
687 21
688 22
689 23
690 24
691 25
692 26
693 27
694 28
695 29
696 30
697 31
698 32
699 33
700 34
701 35
702 36
703 37
704 38
705 37
706 36
707 35
708 34
709 33
710 32
711 31
712 30
713 29
714 28
715 27
716 26
717 25
718 24
719 23
720 22
721 21
722 20
723 20
724 21
725 22
726 23
727 24
728 25
729 26
730 27
731 28
732 29
733 30
734 31
735 32
736 33
737 34
738 35
739 36
740 37
741 38
742 39
743 38
744 37
745 36
746 35
747 34
748 33
749 32
750 31
751 30
752 29
753 28
754 27
755 26
756 25
757 24
758 23
759 22
760 21
761 20
762 21
763 22
764 23
765 24
766 25
767 26
768 27
769 28
770 29
771 30
772 31
773 32
774 33
775 34
776 35
777 36
778 37
779 38
780 39
781 40
782 39
783 38
784 37
785 36
786 35
787 34
788 33
789 32
790 31
791 30
792 29
793 28
794 27
795 26
796 25
797 24
798 23
799 22
800 21
801 21
802 22
803 23
804 24
805 25
806 26
807 27
808 28
809 29
810 30
811 31
812 32
813 33
814 34
815 35
816 36
817 37
818 38
819 39
820 40
821 41
822 40
823 39
824 38
825 37
826 36
827 35
828 34
829 33
830 32
831 31
832 30
833 29
834 28
835 27
836 26
837 25
838 24
839 23
840 22
841 21
842 22
843 23
844 24
845 25
846 26
847 27
848 28
849 29
850 30
851 31
852 32
853 33
854 34
855 35
856 36
857 37
858 38
859 39
860 40
861 41
862 42
863 41
864 40
865 39
866 38
867 37
868 36
869 35
870 34
871 33
872 32
873 31
874 30
875 29
876 28
877 27
878 26
879 25
880 24
881 23
882 22
883 22
884 23
885 24
886 25
887 26
888 27
889 28
890 29
891 30
892 31
893 32
894 33
895 34
896 35
897 36
898 37
899 38
900 39
901 40
902 41
903 42
904 43
905 42
906 41
907 40
908 39
909 38
910 37
911 36
912 35
913 34
914 33
915 32
916 31
917 30
918 29
919 28
920 27
921 26
922 25
923 24
924 23
925 22
926 23
927 24
928 25
929 26
930 27
931 28
932 29
933 30
934 31
935 32
936 33
937 34
938 35
939 36
940 37
941 38
942 39
943 40
944 41
945 42
946 43
947 44
948 43
949 42
950 41
951 40
952 39
953 38
954 37
955 36
956 35
957 34
958 33
959 32
960 31
961 30
962 29
963 28
964 27
965 26
966 25
967 24
968 23
969 23
970 24
971 25
972 26
973 27
974 28
975 29
976 30
977 31
978 32
979 33
980 34
981 35
982 36
983 37
984 38
985 39
986 40
987 41
988 42
989 43
990 44
991 45
992 44
993 43
994 42
995 41
996 40
997 39
998 38
999 37
1000 36
1001 35
1002 34
1003 33
1004 32
1005 31
1006 30
1007 29
1008 28
1009 27
1010 26
1011 25
1012 24
1013 23
1014 24
1015 25
1016 26
1017 27
1018 28
1019 29
1020 30
1021 31
1022 32
1023 33
1024 34
1025 35
1026 36
1027 37
1028 38
1029 39
1030 40
1031 41
1032 42
1033 43
1034 44
1035 45
1036 46
1037 45
1038 44
1039 43
1040 42
1041 41
1042 40
1043 39
1044 38
1045 37
1046 36
1047 35
1048 34
1049 33
1050 32
1051 31
1052 30
1053 29
1054 28
1055 27
1056 26
1057 25
1058 24
1059 24
1060 25
1061 26
1062 27
1063 28
1064 29
1065 30
1066 31
1067 32
1068 33
1069 34
1070 35
1071 36
1072 37
1073 38
1074 39
1075 40
1076 41
1077 42
1078 43
1079 44
1080 45
1081 46
1082 47
1083 46
1084 45
1085 44
1086 43
1087 42
1088 41
1089 40
1090 39
1091 38
1092 37
1093 36
1094 35
1095 34
1096 33
1097 32
1098 31
1099 30
1100 29
1101 28
1102 27
1103 26
1104 25
1105 24
1106 25
1107 26
1108 27
1109 28
1110 29
1111 30
1112 31
1113 32
1114 33
1115 34
1116 35
1117 36
1118 37
1119 38
1120 39
1121 40
1122 41
1123 42
1124 43
1125 44
1126 45
1127 46
1128 47
1129 48
1130 47
1131 46
1132 45
1133 44
1134 43
1135 42
1136 41
1137 40
1138 39
1139 38
1140 37
1141 36
1142 35
1143 34
1144 33
1145 32
1146 31
1147 30
1148 29
1149 28
1150 27
1151 26
1152 25
1153 25
1154 26
1155 27
1156 28
1157 29
1158 30
1159 31
1160 32
1161 33
1162 34
1163 35
1164 36
1165 37
1166 38
1167 39
1168 40
1169 41
1170 42
1171 43
1172 44
1173 45
1174 46
1175 47
1176 48
1177 49
1178 48
1179 47
1180 46
1181 45
1182 44
1183 43
1184 42
1185 41
1186 40
1187 39
1188 38
1189 37
1190 36
1191 35
1192 34
1193 33
1194 32
1195 31
1196 30
1197 29
1198 28
1199 27
1200 26
1201 25
1202 26
1203 27
1204 28
1205 29
1206 30
1207 31
1208 32
1209 33
1210 34
1211 35
1212 36
1213 37
1214 38
1215 39
1216 40
1217 41
1218 42
1219 43
1220 44
1221 45
1222 46
1223 47
1224 48
1225 49
1226 50
1227 49
1228 48
1229 47
1230 46
1231 45
1232 44
1233 43
1234 42
1235 41
1236 40
1237 39
1238 38
1239 37
1240 36
1241 35
1242 34
1243 33
1244 32
1245 31
1246 30
1247 29
1248 28
1249 27
1250 26
1251 26
1252 27
1253 28
1254 29
1255 30
1256 31
1257 32
1258 33
1259 34
1260 35
1261 36
1262 37
1263 38
1264 39
1265 40
1266 41
1267 42
1268 43
1269 44
1270 45
1271 46
1272 47
1273 48
1274 49
1275 50
1276 51
1277 50
1278 49
1279 48
1280 47
1281 46
1282 45
1283 44
1284 43
1285 42
1286 41
1287 40
1288 39
1289 38
1290 37
1291 36
1292 35
1293 34
1294 33
1295 32
1296 31
1297 30
1298 29
1299 28
1300 27
1301 26
1302 27
1303 28
1304 29
1305 30
1306 31
1307 32
1308 33
1309 34
1310 35
1311 36
1312 37
1313 38
1314 39
1315 40
1316 41
1317 42
1318 43
1319 44
1320 45
1321 46
1322 47
1323 48
1324 49
1325 50
1326 51
1327 52
1328 51
1329 50
1330 49
1331 48
1332 47
1333 46
1334 45
1335 44
1336 43
1337 42
1338 41
1339 40
1340 39
1341 38
1342 37
1343 36
1344 35
1345 34
1346 33
1347 32
1348 31
1349 30
1350 29
1351 28
1352 27
1353 27
1354 28
1355 29
1356 30
1357 31
1358 32
1359 33
1360 34
1361 35
1362 36
1363 37
1364 38
1365 39
1366 40
1367 41
1368 42
1369 43
1370 44
1371 45
1372 46
1373 47
1374 48
1375 49
1376 50
1377 51
1378 52
1379 53
1380 52
1381 51
1382 50
1383 49
1384 48
1385 47
1386 46
1387 45
1388 44
1389 43
1390 42
1391 41
1392 40
1393 39
1394 38
1395 37
1396 36
1397 35
1398 34
1399 33
1400 32
1401 31
1402 30
1403 29
1404 28
1405 27
1406 28
1407 29
1408 30
1409 31
1410 32
1411 33
1412 34
1413 35
1414 36
1415 37
1416 38
1417 39
1418 40
1419 41
1420 42
1421 43
1422 44
1423 45
1424 46
1425 47
1426 48
1427 49
1428 50
1429 51
1430 52
1431 53
1432 54
1433 53
1434 52
1435 51
1436 50
1437 49
1438 48
1439 47
1440 46
1441 45
1442 44
1443 43
1444 42
1445 41
1446 40
1447 39
1448 38
1449 37
1450 36
1451 35
1452 34
1453 33
1454 32
1455 31
1456 30
1457 29
1458 28
1459 28
1460 29
1461 30
1462 31
1463 32
1464 33
1465 34
1466 35
1467 36
1468 37
1469 38
1470 39
1471 40
1472 41
1473 42
1474 43
1475 44
1476 45
1477 46
1478 47
1479 48
1480 49
1481 50
1482 51
1483 52
1484 53
1485 54
1486 55
1487 54
1488 53
1489 52
1490 51
1491 50
1492 49
1493 48
1494 47
1495 46
1496 45
1497 44
1498 43
1499 42
1500 41
1501 40
1502 39
1503 38
1504 37
1505 36
1506 35
1507 34
1508 33
1509 32
1510 31
1511 30
1512 29
1513 28
1514 29
1515 30
1516 31
1517 32
1518 33
1519 34
1520 35
1521 36
1522 37
1523 38
1524 39
1525 40
1526 41
1527 42
1528 43
1529 44
1530 45
1531 46
1532 47
1533 48
1534 49
1535 50
1536 51
1537 52
1538 53
1539 54
1540 55
1541 56
1542 55
1543 54
1544 53
1545 52
1546 51
1547 50
1548 49
1549 48
1550 47
1551 46
1552 45
1553 44
1554 43
1555 42
1556 41
1557 40
1558 39
1559 38
1560 37
1561 36
1562 35
1563 34
1564 33
1565 32
1566 31
1567 30
1568 29
1569 29
1570 30
1571 31
1572 32
1573 33
1574 34
1575 35
1576 36
1577 37
1578 38
1579 39
1580 40
1581 41
1582 42
1583 43
1584 44
1585 45
1586 46
1587 47
1588 48
1589 49
1590 50
1591 51
1592 52
1593 53
1594 54
1595 55
1596 56
1597 57
1598 56
1599 55
1600 54
1601 53
1602 52
1603 51
1604 50
1605 49
1606 48
1607 47
1608 46
1609 45
1610 44
1611 43
1612 42
1613 41
1614 40
1615 39
1616 38
1617 37
1618 36
1619 35
1620 34
1621 33
1622 32
1623 31
1624 30
1625 29
1626 30
1627 31
1628 32
1629 33
1630 34
1631 35
1632 36
1633 37
1634 38
1635 39
1636 40
1637 41
1638 42
1639 43
1640 44
1641 45
1642 46
1643 47
1644 48
1645 49
1646 50
1647 51
1648 52
1649 53
1650 54
1651 55
1652 56
1653 57
1654 58
1655 57
1656 56
1657 55
1658 54
1659 53
1660 52
1661 51
1662 50
1663 49
1664 48
1665 47
1666 46
1667 45
1668 44
1669 43
1670 42
1671 41
1672 40
1673 39
1674 38
1675 37
1676 36
1677 35
1678 34
1679 33
1680 32
1681 31
1682 30
1683 30
1684 31
1685 32
1686 33
1687 34
1688 35
1689 36
1690 37
1691 38
1692 39
1693 40
1694 41
1695 42
1696 43
1697 44
1698 45
1699 46
1700 47
1701 48
1702 49
1703 50
1704 51
1705 52
1706 53
1707 54
1708 55
1709 56
1710 57
1711 58
1712 59
1713 58
1714 57
1715 56
1716 55
1717 54
1718 53
1719 52
1720 51
1721 50
1722 49
1723 48
1724 47
1725 46
1726 45
1727 44
1728 43
1729 42
1730 41
1731 40
1732 39
1733 38
1734 37
1735 36
1736 35
1737 34
1738 33
1739 32
1740 31
1741 30
1742 31
1743 32
1744 33
1745 34
1746 35
1747 36
1748 37
1749 38
1750 39
1751 40
1752 41
1753 42
1754 43
1755 44
1756 45
1757 46
1758 47
1759 48
1760 49
1761 50
1762 51
1763 52
1764 53
1765 54
1766 55
1767 56
1768 57
1769 58
1770 59
1771 60
1772 59
1773 58
1774 57
1775 56
1776 55
1777 54
1778 53
1779 52
1780 51
1781 50
1782 49
1783 48
1784 47
1785 46
1786 45
1787 44
1788 43
1789 42
1790 41
1791 40
1792 39
1793 38
1794 37
1795 36
1796 35
1797 34
1798 33
1799 32
1800 31
1801 31
1802 32
1803 33
1804 34
1805 35
1806 36
1807 37
1808 38
1809 39
1810 40
1811 41
1812 42
1813 43
1814 44
1815 45
1816 46
1817 47
1818 48
1819 49
1820 50
1821 51
1822 52
1823 53
1824 54
1825 55
1826 56
1827 57
1828 58
1829 59
1830 60
1831 61
1832 60
1833 59
1834 58
1835 57
1836 56
1837 55
1838 54
1839 53
1840 52
1841 51
1842 50
1843 49
1844 48
1845 47
1846 46
1847 45
1848 44
1849 43
1850 42
1851 41
1852 40
1853 39
1854 38
1855 37
1856 36
1857 35
1858 34
1859 33
1860 32
1861 31
1862 32
1863 33
1864 34
1865 35
1866 36
1867 37
1868 38
1869 39
1870 40
1871 41
1872 42
1873 43
1874 44
1875 45
1876 46
1877 47
1878 48
1879 49
1880 50
1881 51
1882 52
1883 53
1884 54
1885 55
1886 56
1887 57
1888 58
1889 59
1890 60
1891 61
1892 62
1893 61
1894 60
1895 59
1896 58
1897 57
1898 56
1899 55
1900 54
1901 53
1902 52
1903 51
1904 50
1905 49
1906 48
1907 47
1908 46
1909 45
1910 44
1911 43
1912 42
1913 41
1914 40
1915 39
1916 38
1917 37
1918 36
1919 35
1920 34
1921 33
1922 32
1923 32
1924 33
1925 34
1926 35
1927 36
1928 37
1929 38
1930 39
1931 40
1932 41
1933 42
1934 43
1935 44
1936 45
1937 46
1938 47
1939 48
1940 49
1941 50
1942 51
1943 52
1944 53
1945 54
1946 55
1947 56
1948 57
1949 58
1950 59
1951 60
1952 61
1953 62
1954 63
1955 62
1956 61
1957 60
1958 59
1959 58
1960 57
1961 56
1962 55
1963 54
1964 53
1965 52
1966 51
1967 50
1968 49
1969 48
1970 47
1971 46
1972 45
1973 44
1974 43
1975 42
1976 41
1977 40
1978 39
1979 38
1980 37
1981 36
1982 35
1983 34
1984 33
1985 32
1986 33
1987 34
1988 35
1989 36
1990 37
1991 38
1992 39
1993 40
1994 41
1995 42
1996 43
1997 44
1998 45
1999 46
2000 47
2001 48
2002 49
2003 50
2004 51
2005 52
2006 53
2007 54
2008 55
2009 56
2010 57
2011 58
2012 59
2013 60
2014 61
2015 62
2016 63
2017 64
2018 63
2019 62
2020 61
2021 60
2022 59
2023 58
2024 57
2025 56
2026 55
2027 54
2028 53
2029 52
2030 51
2031 50
2032 49
2033 48
2034 47
2035 46
2036 45
2037 44
2038 43
2039 42
2040 41
2041 40
2042 39
2043 38
2044 37
2045 36
2046 35
2047 34
2048 33
2049 33
2050 34
2051 35
2052 36
2053 37
2054 38
2055 39
2056 40
2057 41
2058 42
2059 43
2060 44
2061 45
2062 46
2063 47
2064 48
2065 49
2066 50
2067 51
2068 52
2069 53
2070 54
2071 55
2072 56
2073 57
2074 58
2075 59
2076 60
2077 61
2078 62
2079 63
2080 64
2081 65
2082 64
2083 63
2084 62
2085 61
2086 60
2087 59
2088 58
2089 57
2090 56
2091 55
2092 54
2093 53
2094 52
2095 51
2096 50
2097 49
2098 48
2099 47
2100 46
2101 45
2102 44
2103 43
2104 42
2105 41
2106 40
2107 39
2108 38
2109 37
2110 36
2111 35
2112 34
2113 33
2114 34
2115 35
2116 36
2117 37
2118 38
2119 39
2120 40
2121 41
2122 42
2123 43
2124 44
2125 45
2126 46
2127 47
2128 48
2129 49
2130 50
2131 51
2132 52
2133 53
2134 54
2135 55
2136 56
2137 57
2138 58
2139 59
2140 60
2141 61
2142 62
2143 63
2144 64
2145 65
2146 66
2147 65
2148 64
2149 63
2150 62
2151 61
2152 60
2153 59
2154 58
2155 57
2156 56
2157 55
2158 54
2159 53
2160 52
2161 51
2162 50
2163 49
2164 48
2165 47
2166 46
2167 45
2168 44
2169 43
2170 42
2171 41
2172 40
2173 39
2174 38
2175 37
2176 36
2177 35
2178 34
2179 34
2180 35
2181 36
2182 37
2183 38
2184 39
2185 40
2186 41
2187 42
2188 43
2189 44
2190 45
2191 46
2192 47
2193 48
2194 49
2195 50
2196 51
2197 52
2198 53
2199 54
2200 55
2201 56
2202 57
2203 58
2204 59
2205 60
2206 61
2207 62
2208 63
2209 64
2210 65
2211 66
2212 67
2213 66
2214 65
2215 64
2216 63
2217 62
2218 61
2219 60
2220 59
2221 58
2222 57
2223 56
2224 55
2225 54
2226 53
2227 52
2228 51
2229 50
2230 49
2231 48
2232 47
2233 46
2234 45
2235 44
2236 43
2237 42
2238 41
2239 40
2240 39
2241 38
2242 37
2243 36
2244 35
2245 34
2246 35
2247 36
2248 37
2249 38
2250 39
2251 40
2252 41
2253 42
2254 43
2255 44
2256 45
2257 46
2258 47
2259 48
2260 49
2261 50
2262 51
2263 52
2264 53
2265 54
2266 55
2267 56
2268 57
2269 58
2270 59
2271 60
2272 61
2273 62
2274 63
2275 64
2276 65
2277 66
2278 67
2279 68
2280 67
2281 66
2282 65
2283 64
2284 63
2285 62
2286 61
2287 60
2288 59
2289 58
2290 57
2291 56
2292 55
2293 54
2294 53
2295 52
2296 51
2297 50
2298 49
2299 48
2300 47
2301 46
2302 45
2303 44
2304 43
2305 42
2306 41
2307 40
2308 39
2309 38
2310 37
2311 36
2312 35
2313 35
2314 36
2315 37
2316 38
2317 39
2318 40
2319 41
2320 42
2321 43
2322 44
2323 45
2324 46
2325 47
2326 48
2327 49
2328 50
2329 51
2330 52
2331 53
2332 54
2333 55
2334 56
2335 57
2336 58
2337 59
2338 60
2339 61
2340 62
2341 63
2342 64
2343 65
2344 66
2345 67
2346 68
2347 69
2348 68
2349 67
2350 66
2351 65
2352 64
2353 63
2354 62
2355 61
2356 60
2357 59
2358 58
2359 57
2360 56
2361 55
2362 54
2363 53
2364 52
2365 51
2366 50
2367 49
2368 48
2369 47
2370 46
2371 45
2372 44
2373 43
2374 42
2375 41
2376 40
2377 39
2378 38
2379 37
2380 36
2381 35
2382 36
2383 37
2384 38
2385 39
2386 40
2387 41
2388 42
2389 43
2390 44
2391 45
2392 46
2393 47
2394 48
2395 49
2396 50
2397 51
2398 52
2399 53
2400 54
2401 55
2402 56
2403 57
2404 58
2405 59
2406 60
2407 61
2408 62
2409 63
2410 64
2411 65
2412 66
2413 67
2414 68
2415 69
2416 70
2417 69
2418 68
2419 67
2420 66
2421 65
2422 64
2423 63
2424 62
2425 61
2426 60
2427 59
2428 58
2429 57
2430 56
2431 55
2432 54
2433 53
2434 52
2435 51
2436 50
2437 49
2438 48
2439 47
2440 46
2441 45
2442 44
2443 43
2444 42
2445 41
2446 40
2447 39
2448 38
2449 37
2450 36
2451 36
2452 37
2453 38
2454 39
2455 40
2456 41
2457 42
2458 43
2459 44
2460 45
2461 46
2462 47
2463 48
2464 49
2465 50
2466 51
2467 52
2468 53
2469 54
2470 55
2471 56
2472 57
2473 58
2474 59
2475 60
2476 61
2477 62
2478 63
2479 64
2480 65
2481 66
2482 67
2483 68
2484 69
2485 70
2486 71
2487 70
2488 69
2489 68
2490 67
2491 66
2492 65
2493 64
2494 63
2495 62
2496 61
2497 60
2498 59
2499 58
2500 57
2501 56
2502 55
2503 54
2504 53
2505 52
2506 51
2507 50
2508 49
2509 48
2510 47
2511 46
2512 45
2513 44
2514 43
2515 42
2516 41
2517 40
2518 39
2519 38
2520 37
2521 36
2522 37
2523 38
2524 39
2525 40
2526 41
2527 42
2528 43
2529 44
2530 45
2531 46
2532 47
2533 48
2534 49
2535 50
2536 51
2537 52
2538 53
2539 54
2540 55
2541 56
2542 57
2543 58
2544 59
2545 60
2546 61
2547 62
2548 63
2549 64
2550 65
2551 66
2552 67
2553 68
2554 69
2555 70
2556 71
2557 72
2558 71
2559 70
2560 69
2561 68
2562 67
2563 66
2564 65
2565 64
2566 63
2567 62
2568 61
2569 60
2570 59
2571 58
2572 57
2573 56
2574 55
2575 54
2576 53
2577 52
2578 51
2579 50
2580 49
2581 48
2582 47
2583 46
2584 45
2585 44
2586 43
2587 42
2588 41
2589 40
2590 39
2591 38
2592 37
2593 37
2594 38
2595 39
2596 40
2597 41
2598 42
2599 43
2600 44
2601 45
2602 46
2603 47
2604 48
2605 49
2606 50
2607 51
2608 52
2609 53
2610 54
2611 55
2612 56
2613 57
2614 58
2615 59
2616 60
2617 61
2618 62
2619 63
2620 64
2621 65
2622 66
2623 67
2624 68
2625 69
2626 70
2627 71
2628 72
2629 73
2630 72
2631 71
2632 70
2633 69
2634 68
2635 67
2636 66
2637 65
2638 64
2639 63
2640 62
2641 61
2642 60
2643 59
2644 58
2645 57
2646 56
2647 55
2648 54
2649 53
2650 52
2651 51
2652 50
2653 49
2654 48
2655 47
2656 46
2657 45
2658 44
2659 43
2660 42
2661 41
2662 40
2663 39
2664 38
2665 37
2666 38
2667 39
2668 40
2669 41
2670 42
2671 43
2672 44
2673 45
2674 46
2675 47
2676 48
2677 49
2678 50
2679 51
2680 52
2681 53
2682 54
2683 55
2684 56
2685 57
2686 58
2687 59
2688 60
2689 61
2690 62
2691 63
2692 64
2693 65
2694 66
2695 67
2696 68
2697 69
2698 70
2699 71
2700 72
2701 73
2702 74
2703 73
2704 72
2705 71
2706 70
2707 69
2708 68
2709 67
2710 66
2711 65
2712 64
2713 63
2714 62
2715 61
2716 60
2717 59
2718 58
2719 57
2720 56
2721 55
2722 54
2723 53
2724 52
2725 51
2726 50
2727 49
2728 48
2729 47
2730 46
2731 45
2732 44
2733 43
2734 42
2735 41
2736 40
2737 39
2738 38
2739 38
2740 39
2741 40
2742 41
2743 42
2744 43
2745 44
2746 45
2747 46
2748 47
2749 48
2750 49
2751 50
2752 51
2753 52
2754 53
2755 54
2756 55
2757 56
2758 57
2759 58
2760 59
2761 60
2762 61
2763 62
2764 63
2765 64
2766 65
2767 66
2768 67
2769 68
2770 69
2771 70
2772 71
2773 72
2774 73
2775 74
2776 75
2777 74
2778 73
2779 72
2780 71
2781 70
2782 69
2783 68
2784 67
2785 66
2786 65
2787 64
2788 63
2789 62
2790 61
2791 60
2792 59
2793 58
2794 57
2795 56
2796 55
2797 54
2798 53
2799 52
2800 51
2801 50
2802 49
2803 48
2804 47
2805 46
2806 45
2807 44
2808 43
2809 42
2810 41
2811 40
2812 39
2813 38
2814 39
2815 40
2816 41
2817 42
2818 43
2819 44
2820 45
2821 46
2822 47
2823 48
2824 49
2825 50
2826 51
2827 52
2828 53
2829 54
2830 55
2831 56
2832 57
2833 58
2834 59
2835 60
2836 61
2837 62
2838 63
2839 64
2840 65
2841 66
2842 67
2843 68
2844 69
2845 70
2846 71
2847 72
2848 73
2849 74
2850 75
2851 76
2852 75
2853 74
2854 73
2855 72
2856 71
2857 70
2858 69
2859 68
2860 67
2861 66
2862 65
2863 64
2864 63
2865 62
2866 61
2867 60
2868 59
2869 58
2870 57
2871 56
2872 55
2873 54
2874 53
2875 52
2876 51
2877 50
2878 49
2879 48
2880 47
2881 46
2882 45
2883 44
2884 43
2885 42
2886 41
2887 40
2888 39
2889 39
2890 40
2891 41
2892 42
2893 43
2894 44
2895 45
2896 46
2897 47
2898 48
2899 49
2900 50
2901 51
2902 52
2903 53
2904 54
2905 55
2906 56
2907 57
2908 58
2909 59
2910 60
2911 61
2912 62
2913 63
2914 64
2915 65
2916 66
2917 67
2918 68
2919 69
2920 70
2921 71
2922 72
2923 73
2924 74
2925 75
2926 76
2927 77
2928 76
2929 75
2930 74
2931 73
2932 72
2933 71
2934 70
2935 69
2936 68
2937 67
2938 66
2939 65
2940 64
2941 63
2942 62
2943 61
2944 60
2945 59
2946 58
2947 57
2948 56
2949 55
2950 54
2951 53
2952 52
2953 51
2954 50
2955 49
2956 48
2957 47
2958 46
2959 45
2960 44
2961 43
2962 42
2963 41
2964 40
2965 39
2966 40
2967 41
2968 42
2969 43
2970 44
2971 45
2972 46
2973 47
2974 48
2975 49
2976 50
2977 51
2978 52
2979 53
2980 54
2981 55
2982 56
2983 57
2984 58
2985 59
2986 60
2987 61
2988 62
2989 63
2990 64
2991 65
2992 66
2993 67
2994 68
2995 69
2996 70
2997 71
2998 72
2999 73
3000 74
3001 75
3002 76
3003 77
3004 78
3005 77
3006 76
3007 75
3008 74
3009 73
3010 72
3011 71
3012 70
3013 69
3014 68
3015 67
3016 66
3017 65
3018 64
3019 63
3020 62
3021 61
3022 60
3023 59
3024 58
3025 57
3026 56
3027 55
3028 54
3029 53
3030 52
3031 51
3032 50
3033 49
3034 48
3035 47
3036 46
3037 45
3038 44
3039 43
3040 42
3041 41
3042 40
3043 40
3044 41
3045 42
3046 43
3047 44
3048 45
3049 46
3050 47
3051 48
3052 49
3053 50
3054 51
3055 52
3056 53
3057 54
3058 55
3059 56
3060 57
3061 58
3062 59
3063 60
3064 61
3065 62
3066 63
3067 64
3068 65
3069 66
3070 67
3071 68
3072 69
3073 70
3074 71
3075 72
3076 73
3077 74
3078 75
3079 76
3080 77
3081 78
3082 79
3083 78
3084 77
3085 76
3086 75
3087 74
3088 73
3089 72
3090 71
3091 70
3092 69
3093 68
3094 67
3095 66
3096 65
3097 64
3098 63
3099 62
3100 61
3101 60
3102 59
3103 58
3104 57
3105 56
3106 55
3107 54
3108 53
3109 52
3110 51
3111 50
3112 49
3113 48
3114 47
3115 46
3116 45
3117 44
3118 43
3119 42
3120 41
3121 40
3122 41
3123 42
3124 43
3125 44
3126 45
3127 46
3128 47
3129 48
3130 49
3131 50
3132 51
3133 52
3134 53
3135 54
3136 55
3137 56
3138 57
3139 58
3140 59
3141 60
3142 61
3143 62
3144 63
3145 64
3146 65
3147 66
3148 67
3149 68
3150 69
3151 70
3152 71
3153 72
3154 73
3155 74
3156 75
3157 76
3158 77
3159 78
3160 79
3161 80
3162 79
3163 78
3164 77
3165 76
3166 75
3167 74
3168 73
3169 72
3170 71
3171 70
3172 69
3173 68
3174 67
3175 66
3176 65
3177 64
3178 63
3179 62
3180 61
3181 60
3182 59
3183 58
3184 57
3185 56
3186 55
3187 54
3188 53
3189 52
3190 51
3191 50
3192 49
3193 48
3194 47
3195 46
3196 45
3197 44
3198 43
3199 42
3200 41
3201 41
3202 42
3203 43
3204 44
3205 45
3206 46
3207 47
3208 48
3209 49
3210 50
3211 51
3212 52
3213 53
3214 54
3215 55
3216 56
3217 57
3218 58
3219 59
3220 60
3221 61
3222 62
3223 63
3224 64
3225 65
3226 66
3227 67
3228 68
3229 69
3230 70
3231 71
3232 72
3233 73
3234 74
3235 75
3236 76
3237 77
3238 78
3239 79
3240 80
3241 81
3242 80
3243 79
3244 78
3245 77
3246 76
3247 75
3248 74
3249 73
3250 72
3251 71
3252 70
3253 69
3254 68
3255 67
3256 66
3257 65
3258 64
3259 63
3260 62
3261 61
3262 60
3263 59
3264 58
3265 57
3266 56
3267 55
3268 54
3269 53
3270 52
3271 51
3272 50
3273 49
3274 48
3275 47
3276 46
3277 45
3278 44
3279 43
3280 42
3281 41
3282 42
3283 43
3284 44
3285 45
3286 46
3287 47
3288 48
3289 49
3290 50
3291 51
3292 52
3293 53
3294 54
3295 55
3296 56
3297 57
3298 58
3299 59
3300 60
3301 61
3302 62
3303 63
3304 64
3305 65
3306 66
3307 67
3308 68
3309 69
3310 70
3311 71
3312 72
3313 73
3314 74
3315 75
3316 76
3317 77
3318 78
3319 79
3320 80
3321 81
3322 82
3323 81
3324 80
3325 79
3326 78
3327 77
3328 76
3329 75
3330 74
3331 73
3332 72
3333 71
3334 70
3335 69
3336 68
3337 67
3338 66
3339 65
3340 64
3341 63
3342 62
3343 61
3344 60
3345 59
3346 58
3347 57
3348 56
3349 55
3350 54
3351 53
3352 52
3353 51
3354 50
3355 49
3356 48
3357 47
3358 46
3359 45
3360 44
3361 43
3362 42
3363 42
3364 43
3365 44
3366 45
3367 46
3368 47
3369 48
3370 49
3371 50
3372 51
3373 52
3374 53
3375 54
3376 55
3377 56
3378 57
3379 58
3380 59
3381 60
3382 61
3383 62
3384 63
3385 64
3386 65
3387 66
3388 67
3389 68
3390 69
3391 70
3392 71
3393 72
3394 73
3395 74
3396 75
3397 76
3398 77
3399 78
3400 79
3401 80
3402 81
3403 82
3404 83
3405 82
3406 81
3407 80
3408 79
3409 78
3410 77
3411 76
3412 75
3413 74
3414 73
3415 72
3416 71
3417 70
3418 69
3419 68
3420 67
3421 66
3422 65
3423 64
3424 63
3425 62
3426 61
3427 60
3428 59
3429 58
3430 57
3431 56
3432 55
3433 54
3434 53
3435 52
3436 51
3437 50
3438 49
3439 48
3440 47
3441 46
3442 45
3443 44
3444 43
3445 42
3446 43
3447 44
3448 45
3449 46
3450 47
3451 48
3452 49
3453 50
3454 51
3455 52
3456 53
3457 54
3458 55
3459 56
3460 57
3461 58
3462 59
3463 60
3464 61
3465 62
3466 63
3467 64
3468 65
3469 66
3470 67
3471 68
3472 69
3473 70
3474 71
3475 72
3476 73
3477 74
3478 75
3479 76
3480 77
3481 78
3482 79
3483 80
3484 81
3485 82
3486 83
3487 84
3488 83
3489 82
3490 81
3491 80
3492 79
3493 78
3494 77
3495 76
3496 75
3497 74
3498 73
3499 72
3500 71
3501 70
3502 69
3503 68
3504 67
3505 66
3506 65
3507 64
3508 63
3509 62
3510 61
3511 60
3512 59
3513 58
3514 57
3515 56
3516 55
3517 54
3518 53
3519 52
3520 51
3521 50
3522 49
3523 48
3524 47
3525 46
3526 45
3527 44
3528 43
3529 43
3530 44
3531 45
3532 46
3533 47
3534 48
3535 49
3536 50
3537 51
3538 52
3539 53
3540 54
3541 55
3542 56
3543 57
3544 58
3545 59
3546 60
3547 61
3548 62
3549 63
3550 64
3551 65
3552 66
3553 67
3554 68
3555 69
3556 70
3557 71
3558 72
3559 73
3560 74
3561 75
3562 76
3563 77
3564 78
3565 79
3566 80
3567 81
3568 82
3569 83
3570 84
3571 85
3572 84
3573 83
3574 82
3575 81
3576 80
3577 79
3578 78
3579 77
3580 76
3581 75
3582 74
3583 73
3584 72
3585 71
3586 70
3587 69
3588 68
3589 67
3590 66
3591 65
3592 64
3593 63
3594 62
3595 61
3596 60
3597 59
3598 58
3599 57
3600 56
3601 55
3602 54
3603 53
3604 52
3605 51
3606 50
3607 49
3608 48
3609 47
3610 46
3611 45
3612 44
3613 43
3614 44
3615 45
3616 46
3617 47
3618 48
3619 49
3620 50
3621 51
3622 52
3623 53
3624 54
3625 55
3626 56
3627 57
3628 58
3629 59
3630 60
3631 61
3632 62
3633 63
3634 64
3635 65
3636 66
3637 67
3638 68
3639 69
3640 70
3641 71
3642 72
3643 73
3644 74
3645 75
3646 76
3647 77
3648 78
3649 79
3650 80
3651 81
3652 82
3653 83
3654 84
3655 85
3656 86
3657 85
3658 84
3659 83
3660 82
3661 81
3662 80
3663 79
3664 78
3665 77
3666 76
3667 75
3668 74
3669 73
3670 72
3671 71
3672 70
3673 69
3674 68
3675 67
3676 66
3677 65
3678 64
3679 63
3680 62
3681 61
3682 60
3683 59
3684 58
3685 57
3686 56
3687 55
3688 54
3689 53
3690 52
3691 51
3692 50
3693 49
3694 48
3695 47
3696 46
3697 45
3698 44
3699 44
3700 45
3701 46
3702 47
3703 48
3704 49
3705 50
3706 51
3707 52
3708 53
3709 54
3710 55
3711 56
3712 57
3713 58
3714 59
3715 60
3716 61
3717 62
3718 63
3719 64
3720 65
3721 66
3722 67
3723 68
3724 69
3725 70
3726 71
3727 72
3728 73
3729 74
3730 75
3731 76
3732 77
3733 78
3734 79
3735 80
3736 81
3737 82
3738 83
3739 84
3740 85
3741 86
3742 87
3743 86
3744 85
3745 84
3746 83
3747 82
3748 81
3749 80
3750 79
3751 78
3752 77
3753 76
3754 75
3755 74
3756 73
3757 72
3758 71
3759 70
3760 69
3761 68
3762 67
3763 66
3764 65
3765 64
3766 63
3767 62
3768 61
3769 60
3770 59
3771 58
3772 57
3773 56
3774 55
3775 54
3776 53
3777 52
3778 51
3779 50
3780 49
3781 48
3782 47
3783 46
3784 45
3785 44
3786 45
3787 46
3788 47
3789 48
3790 49
3791 50
3792 51
3793 52
3794 53
3795 54
3796 55
3797 56
3798 57
3799 58
3800 59
3801 60
3802 61
3803 62
3804 63
3805 64
3806 65
3807 66
3808 67
3809 68
3810 69
3811 70
3812 71
3813 72
3814 73
3815 74
3816 75
3817 76
3818 77
3819 78
3820 79
3821 80
3822 81
3823 82
3824 83
3825 84
3826 85
3827 86
3828 87
3829 88
3830 87
3831 86
3832 85
3833 84
3834 83
3835 82
3836 81
3837 80
3838 79
3839 78
3840 77
3841 76
3842 75
3843 74
3844 73
3845 72
3846 71
3847 70
3848 69
3849 68
3850 67
3851 66
3852 65
3853 64
3854 63
3855 62
3856 61
3857 60
3858 59
3859 58
3860 57
3861 56
3862 55
3863 54
3864 53
3865 52
3866 51
3867 50
3868 49
3869 48
3870 47
3871 46
3872 45
3873 45
3874 46
3875 47
3876 48
3877 49
3878 50
3879 51
3880 52
3881 53
3882 54
3883 55
3884 56
3885 57
3886 58
3887 59
3888 60
3889 61
3890 62
3891 63
3892 64
3893 65
3894 66
3895 67
3896 68
3897 69
3898 70
3899 71
3900 72
3901 73
3902 74
3903 75
3904 76
3905 77
3906 78
3907 79
3908 80
3909 81
3910 82
3911 83
3912 84
3913 85
3914 86
3915 87
3916 88
3917 89
3918 88
3919 87
3920 86
3921 85
3922 84
3923 83
3924 82
3925 81
3926 80
3927 79
3928 78
3929 77
3930 76
3931 75
3932 74
3933 73
3934 72
3935 71
3936 70
3937 69
3938 68
3939 67
3940 66
3941 65
3942 64
3943 63
3944 62
3945 61
3946 60
3947 59
3948 58
3949 57
3950 56
3951 55
3952 54
3953 53
3954 52
3955 51
3956 50
3957 49
3958 48
3959 47
3960 46
3961 45
3962 46
3963 47
3964 48
3965 49
3966 50
3967 51
3968 52
3969 53
3970 54
3971 55
3972 56
3973 57
3974 58
3975 59
3976 60
3977 61
3978 62
3979 63
3980 64
3981 65
3982 66
3983 67
3984 68
3985 69
3986 70
3987 71
3988 72
3989 73
3990 74
3991 75
3992 76
3993 77
3994 78
3995 79
3996 80
3997 81
3998 82
3999 83
4000 84
4001 85
4002 86
4003 87
4004 88
4005 89
4006 90
4007 89
4008 88
4009 87
4010 86
4011 85
4012 84
4013 83
4014 82
4015 81
4016 80
4017 79
4018 78
4019 77
4020 76
4021 75
4022 74
4023 73
4024 72
4025 71
4026 70
4027 69
4028 68
4029 67
4030 66
4031 65
4032 64
4033 63
4034 62
4035 61
4036 60
4037 59
4038 58
4039 57
4040 56
4041 55
4042 54
4043 53
4044 52
4045 51
4046 50
4047 49
4048 48
4049 47
4050 46
4051 46
4052 47
4053 48
4054 49
4055 50
4056 51
4057 52
4058 53
4059 54
4060 55
4061 56
4062 57
4063 58
4064 59
4065 60
4066 61
4067 62
4068 63
4069 64
4070 65
4071 66
4072 67
4073 68
4074 69
4075 70
4076 71
4077 72
4078 73
4079 74
4080 75
4081 76
4082 77
4083 78
4084 79
4085 80
4086 81
4087 82
4088 83
4089 84
4090 85
4091 86
4092 87
4093 88
4094 89
4095 90
4096 91
4097 90
4098 89
4099 88
4100 87
4101 86
4102 85
4103 84
4104 83
4105 82
4106 81
4107 80
4108 79
4109 78
4110 77
4111 76
4112 75
4113 74
4114 73
4115 72
4116 71
4117 70
4118 69
4119 68
4120 67
4121 66
4122 65
4123 64
4124 63
4125 62
4126 61
4127 60
4128 59
4129 58
4130 57
4131 56
4132 55
4133 54
4134 53
4135 52
4136 51
4137 50
4138 49
4139 48
4140 47
4141 46
4142 47
4143 48
4144 49
4145 50
4146 51
4147 52
4148 53
4149 54
4150 55
4151 56
4152 57
4153 58
4154 59
4155 60
4156 61
4157 62
4158 63
4159 64
4160 65
4161 66
4162 67
4163 68
4164 69
4165 70
4166 71
4167 72
4168 73
4169 74
4170 75
4171 76
4172 77
4173 78
4174 79
4175 80
4176 81
4177 82
4178 83
4179 84
4180 85
4181 86
4182 87
4183 88
4184 89
4185 90
4186 91
4187 92
4188 91
4189 90
4190 89
4191 88
4192 87
4193 86
4194 85
4195 84
4196 83
4197 82
4198 81
4199 80
4200 79
4201 78
4202 77
4203 76
4204 75
4205 74
4206 73
4207 72
4208 71
4209 70
4210 69
4211 68
4212 67
4213 66
4214 65
4215 64
4216 63
4217 62
4218 61
4219 60
4220 59
4221 58
4222 57
4223 56
4224 55
4225 54
4226 53
4227 52
4228 51
4229 50
4230 49
4231 48
4232 47
4233 47
4234 48
4235 49
4236 50
4237 51
4238 52
4239 53
4240 54
4241 55
4242 56
4243 57
4244 58
4245 59
4246 60
4247 61
4248 62
4249 63
4250 64
4251 65
4252 66
4253 67
4254 68
4255 69
4256 70
4257 71
4258 72
4259 73
4260 74
4261 75
4262 76
4263 77
4264 78
4265 79
4266 80
4267 81
4268 82
4269 83
4270 84
4271 85
4272 86
4273 87
4274 88
4275 89
4276 90
4277 91
4278 92
4279 93
4280 92
4281 91
4282 90
4283 89
4284 88
4285 87
4286 86
4287 85
4288 84
4289 83
4290 82
4291 81
4292 80
4293 79
4294 78
4295 77
4296 76
4297 75
4298 74
4299 73
4300 72
4301 71
4302 70
4303 69
4304 68
4305 67
4306 66
4307 65
4308 64
4309 63
4310 62
4311 61
4312 60
4313 59
4314 58
4315 57
4316 56
4317 55
4318 54
4319 53
4320 52
4321 51
4322 50
4323 49
4324 48
4325 47
4326 48
4327 49
4328 50
4329 51
4330 52
4331 53
4332 54
4333 55
4334 56
4335 57
4336 58
4337 59
4338 60
4339 61
4340 62
4341 63
4342 64
4343 65
4344 66
4345 67
4346 68
4347 69
4348 70
4349 71
4350 72
4351 73
4352 74
4353 75
4354 76
4355 77
4356 78
4357 79
4358 80
4359 81
4360 82
4361 83
4362 84
4363 85
4364 86
4365 87
4366 88
4367 89
4368 90
4369 91
4370 92
4371 93
4372 94
4373 93
4374 92
4375 91
4376 90
4377 89
4378 88
4379 87
4380 86
4381 85
4382 84
4383 83
4384 82
4385 81
4386 80
4387 79
4388 78
4389 77
4390 76
4391 75
4392 74
4393 73
4394 72
4395 71
4396 70
4397 69
4398 68
4399 67
4400 66
4401 65
4402 64
4403 63
4404 62
4405 61
4406 60
4407 59
4408 58
4409 57
4410 56
4411 55
4412 54
4413 53
4414 52
4415 51
4416 50
4417 49
4418 48
4419 48
4420 49
4421 50
4422 51
4423 52
4424 53
4425 54
4426 55
4427 56
4428 57
4429 58
4430 59
4431 60
4432 61
4433 62
4434 63
4435 64
4436 65
4437 66
4438 67
4439 68
4440 69
4441 70
4442 71
4443 72
4444 73
4445 74
4446 75
4447 76
4448 77
4449 78
4450 79
4451 80
4452 81
4453 82
4454 83
4455 84
4456 85
4457 86
4458 87
4459 88
4460 89
4461 90
4462 91
4463 92
4464 93
4465 94
4466 95
4467 94
4468 93
4469 92
4470 91
4471 90
4472 89
4473 88
4474 87
4475 86
4476 85
4477 84
4478 83
4479 82
4480 81
4481 80
4482 79
4483 78
4484 77
4485 76
4486 75
4487 74
4488 73
4489 72
4490 71
4491 70
4492 69
4493 68
4494 67
4495 66
4496 65
4497 64
4498 63
4499 62
4500 61
4501 60
4502 59
4503 58
4504 57
4505 56
4506 55
4507 54
4508 53
4509 52
4510 51
4511 50
4512 49
4513 48
4514 49
4515 50
4516 51
4517 52
4518 53
4519 54
4520 55
4521 56
4522 57
4523 58
4524 59
4525 60
4526 61
4527 62
4528 63
4529 64
4530 65
4531 66
4532 67
4533 68
4534 69
4535 70
4536 71
4537 72
4538 73
4539 74
4540 75
4541 76
4542 77
4543 78
4544 79
4545 80
4546 81
4547 82
4548 83
4549 84
4550 85
4551 86
4552 87
4553 88
4554 89
4555 90
4556 91
4557 92
4558 93
4559 94
4560 95
4561 96
4562 95
4563 94
4564 93
4565 92
4566 91
4567 90
4568 89
4569 88
4570 87
4571 86
4572 85
4573 84
4574 83
4575 82
4576 81
4577 80
4578 79
4579 78
4580 77
4581 76
4582 75
4583 74
4584 73
4585 72
4586 71
4587 70
4588 69
4589 68
4590 67
4591 66
4592 65
4593 64
4594 63
4595 62
4596 61
4597 60
4598 59
4599 58
4600 57
4601 56
4602 55
4603 54
4604 53
4605 52
4606 51
4607 50
4608 49
4609 49
4610 50
4611 51
4612 52
4613 53
4614 54
4615 55
4616 56
4617 57
4618 58
4619 59
4620 60
4621 61
4622 62
4623 63
4624 64
4625 65
4626 66
4627 67
4628 68
4629 69
4630 70
4631 71
4632 72
4633 73
4634 74
4635 75
4636 76
4637 77
4638 78
4639 79
4640 80
4641 81
4642 82
4643 83
4644 84
4645 85
4646 86
4647 87
4648 88
4649 89
4650 90
4651 91
4652 92
4653 93
4654 94
4655 95
4656 96
4657 97
4658 96
4659 95
4660 94
4661 93
4662 92
4663 91
4664 90
4665 89
4666 88
4667 87
4668 86
4669 85
4670 84
4671 83
4672 82
4673 81
4674 80
4675 79
4676 78
4677 77
4678 76
4679 75
4680 74
4681 73
4682 72
4683 71
4684 70
4685 69
4686 68
4687 67
4688 66
4689 65
4690 64
4691 63
4692 62
4693 61
4694 60
4695 59
4696 58
4697 57
4698 56
4699 55
4700 54
4701 53
4702 52
4703 51
4704 50
4705 49
4706 50
4707 51
4708 52
4709 53
4710 54
4711 55
4712 56
4713 57
4714 58
4715 59
4716 60
4717 61
4718 62
4719 63
4720 64
4721 65
4722 66
4723 67
4724 68
4725 69
4726 70
4727 71
4728 72
4729 73
4730 74
4731 75
4732 76
4733 77
4734 78
4735 79
4736 80
4737 81
4738 82
4739 83
4740 84
4741 85
4742 86
4743 87
4744 88
4745 89
4746 90
4747 91
4748 92
4749 93
4750 94
4751 95
4752 96
4753 97
4754 98
4755 97
4756 96
4757 95
4758 94
4759 93
4760 92
4761 91
4762 90
4763 89
4764 88
4765 87
4766 86
4767 85
4768 84
4769 83
4770 82
4771 81
4772 80
4773 79
4774 78
4775 77
4776 76
4777 75
4778 74
4779 73
4780 72
4781 71
4782 70
4783 69
4784 68
4785 67
4786 66
4787 65
4788 64
4789 63
4790 62
4791 61
4792 60
4793 59
4794 58
4795 57
4796 56
4797 55
4798 54
4799 53
4800 52
4801 51
4802 50
4803 50
4804 51
4805 52
4806 53
4807 54
4808 55
4809 56
4810 57
4811 58
4812 59
4813 60
4814 61
4815 62
4816 63
4817 64
4818 65
4819 66
4820 67
4821 68
4822 69
4823 70
4824 71
4825 72
4826 73
4827 74
4828 75
4829 76
4830 77
4831 78
4832 79
4833 80
4834 81
4835 82
4836 83
4837 84
4838 85
4839 86
4840 87
4841 88
4842 89
4843 90
4844 91
4845 92
4846 93
4847 94
4848 95
4849 96
4850 97
4851 98
4852 99
4853 98
4854 97
4855 96
4856 95
4857 94
4858 93
4859 92
4860 91
4861 90
4862 89
4863 88
4864 87
4865 86
4866 85
4867 84
4868 83
4869 82
4870 81
4871 80
4872 79
4873 78
4874 77
4875 76
4876 75
4877 74
4878 73
4879 72
4880 71
4881 70
4882 69
4883 68
4884 67
4885 66
4886 65
4887 64
4888 63
4889 62
4890 61
4891 60
4892 59
4893 58
4894 57
4895 56
4896 55
4897 54
4898 53
4899 52
4900 51
4901 50
4902 51
4903 52
4904 53
4905 54
4906 55
4907 56
4908 57
4909 58
4910 59
4911 60
4912 61
4913 62
4914 63
4915 64
4916 65
4917 66
4918 67
4919 68
4920 69
4921 70
4922 71
4923 72
4924 73
4925 74
4926 75
4927 76
4928 77
4929 78
4930 79
4931 80
4932 81
4933 82
4934 83
4935 84
4936 85
4937 86
4938 87
4939 88
4940 89
4941 90
4942 91
4943 92
4944 93
4945 94
4946 95
4947 96
4948 97
4949 98
4950 99
4951 100
4952 99
4953 98
4954 97
4955 96
4956 95
4957 94
4958 93
4959 92
4960 91
4961 90
4962 89
4963 88
4964 87
4965 86
4966 85
4967 84
4968 83
4969 82
4970 81
4971 80
4972 79
4973 78
4974 77
4975 76
4976 75
4977 74
4978 73
4979 72
4980 71
4981 70
4982 69
4983 68
4984 67
4985 66
4986 65
4987 64
4988 63
4989 62
4990 61
4991 60
4992 59
4993 58
4994 57
4995 56
4996 55
4997 54
4998 53
4999 52
5000 51
5001 51
5002 52
5003 53
5004 54
5005 55
5006 56
5007 57
5008 58
5009 59
5010 60
5011 61
5012 62
5013 63
5014 64
5015 65
5016 66
5017 67
5018 68
5019 69
5020 70
5021 71
5022 72
5023 73
5024 74
5025 75
5026 76
5027 77
5028 78
5029 79
5030 80
5031 81
5032 82
5033 83
5034 84
5035 85
5036 86
5037 87
5038 88
5039 89
5040 90
5041 91
5042 92
5043 93
5044 94
5045 95
5046 96
5047 97
5048 98
5049 99
5050 100
5051 101
5052 100
5053 99
5054 98
5055 97
5056 96
5057 95
5058 94
5059 93
5060 92
5061 91
5062 90
5063 89
5064 88
5065 87
5066 86
5067 85
5068 84
5069 83
5070 82
5071 81
5072 80
5073 79
5074 78
5075 77
5076 76
5077 75
5078 74
5079 73
5080 72
5081 71
5082 70
5083 69
5084 68
5085 67
5086 66
5087 65
5088 64
5089 63
5090 62
5091 61
5092 60
5093 59
5094 58
5095 57
5096 56
5097 55
5098 54
5099 53
5100 52
5101 51
5102 52
5103 53
5104 54
5105 55
5106 56
5107 57
5108 58
5109 59
5110 60
5111 61
5112 62
5113 63
5114 64
5115 65
5116 66
5117 67
5118 68
5119 69
5120 70
5121 71
5122 72
5123 73
5124 74
5125 75
5126 76
5127 77
5128 78
5129 79
5130 80
5131 81
5132 82
5133 83
5134 84
5135 85
5136 86
5137 87
5138 88
5139 89
5140 90
5141 91
5142 92
5143 93
5144 94
5145 95
5146 96
5147 97
5148 98
5149 99
5150 100
5151 101
5152 102
5153 101
5154 100
5155 99
5156 98
5157 97
5158 96
5159 95
5160 94
5161 93
5162 92
5163 91
5164 90
5165 89
5166 88
5167 87
5168 86
5169 85
5170 84
5171 83
5172 82
5173 81
5174 80
5175 79
5176 78
5177 77
5178 76
5179 75
5180 74
5181 73
5182 72
5183 71
5184 70
5185 69
5186 68
5187 67
5188 66
5189 65
5190 64
5191 63
5192 62
5193 61
5194 60
5195 59
5196 58
5197 57
5198 56
5199 55
5200 54
5201 53
5202 52
5203 52
5204 53
5205 54
5206 55
5207 56
5208 57
5209 58
5210 59
5211 60
5212 61
5213 62
5214 63
5215 64
5216 65
5217 66
5218 67
5219 68
5220 69
5221 70
5222 71
5223 72
5224 73
5225 74
5226 75
5227 76
5228 77
5229 78
5230 79
5231 80
5232 81
5233 82
5234 83
5235 84
5236 85
5237 86
5238 87
5239 88
5240 89
5241 90
5242 91
5243 92
5244 93
5245 94
5246 95
5247 96
5248 97
5249 98
5250 99
5251 100
5252 101
5253 102
5254 103
5255 102
5256 101
5257 100
5258 99
5259 98
5260 97
5261 96
5262 95
5263 94
5264 93
5265 92
5266 91
5267 90
5268 89
5269 88
5270 87
5271 86
5272 85
5273 84
5274 83
5275 82
5276 81
5277 80
5278 79
5279 78
5280 77
5281 76
5282 75
5283 74
5284 73
5285 72
5286 71
5287 70
5288 69
5289 68
5290 67
5291 66
5292 65
5293 64
5294 63
5295 62
5296 61
5297 60
5298 59
5299 58
5300 57
5301 56
5302 55
5303 54
5304 53
5305 52
5306 53
5307 54
5308 55
5309 56
5310 57
5311 58
5312 59
5313 60
5314 61
5315 62
5316 63
5317 64
5318 65
5319 66
5320 67
5321 68
5322 69
5323 70
5324 71
5325 72
5326 73
5327 74
5328 75
5329 76
5330 77
5331 78
5332 79
5333 80
5334 81
5335 82
5336 83
5337 84
5338 85
5339 86
5340 87
5341 88
5342 89
5343 90
5344 91
5345 92
5346 93
5347 94
5348 95
5349 96
5350 97
5351 98
5352 99
5353 100
5354 101
5355 102
5356 103
5357 104
5358 103
5359 102
5360 101
5361 100
5362 99
5363 98
5364 97
5365 96
5366 95
5367 94
5368 93
5369 92
5370 91
5371 90
5372 89
5373 88
5374 87
5375 86
5376 85
5377 84
5378 83
5379 82
5380 81
5381 80
5382 79
5383 78
5384 77
5385 76
5386 75
5387 74
5388 73
5389 72
5390 71
5391 70
5392 69
5393 68
5394 67
5395 66
5396 65
5397 64
5398 63
5399 62
5400 61
5401 60
5402 59
5403 58
5404 57
5405 56
5406 55
5407 54
5408 53
5409 53
5410 54
5411 55
5412 56
5413 57
5414 58
5415 59
5416 60
5417 61
5418 62
5419 63
5420 64
5421 65
5422 66
5423 67
5424 68
5425 69
5426 70
5427 71
5428 72
5429 73
5430 74
5431 75
5432 76
5433 77
5434 78
5435 79
5436 80
5437 81
5438 82
5439 83
5440 84
5441 85
5442 86
5443 87
5444 88
5445 89
5446 90
5447 91
5448 92
5449 93
5450 94
5451 95
5452 96
5453 97
5454 98
5455 99
5456 100
5457 101
5458 102
5459 103
5460 104
5461 105
5462 104
5463 103
5464 102
5465 101
5466 100
5467 99
5468 98
5469 97
5470 96
5471 95
5472 94
5473 93
5474 92
5475 91
5476 90
5477 89
5478 88
5479 87
5480 86
5481 85
5482 84
5483 83
5484 82
5485 81
5486 80
5487 79
5488 78
5489 77
5490 76
5491 75
5492 74
5493 73
5494 72
5495 71
5496 70
5497 69
5498 68
5499 67
5500 66
5501 65
5502 64
5503 63
5504 62
5505 61
5506 60
5507 59
5508 58
5509 57
5510 56
5511 55
5512 54
5513 53
5514 54
5515 55
5516 56
5517 57
5518 58
5519 59
5520 60
5521 61
5522 62
5523 63
5524 64
5525 65
5526 66
5527 67
5528 68
5529 69
5530 70
5531 71
5532 72
5533 73
5534 74
5535 75
5536 76
5537 77
5538 78
5539 79
5540 80
5541 81
5542 82
5543 83
5544 84
5545 85
5546 86
5547 87
5548 88
5549 89
5550 90
5551 91
5552 92
5553 93
5554 94
5555 95
5556 96
5557 97
5558 98
5559 99
5560 100
5561 101
5562 102
5563 103
5564 104
5565 105
5566 106
5567 105
5568 104
5569 103
5570 102
5571 101
5572 100
5573 99
5574 98
5575 97
5576 96
5577 95
5578 94
5579 93
5580 92
5581 91
5582 90
5583 89
5584 88
5585 87
5586 86
5587 85
5588 84
5589 83
5590 82
5591 81
5592 80
5593 79
5594 78
5595 77
5596 76
5597 75
5598 74
5599 73
5600 72
5601 71
5602 70
5603 69
5604 68
5605 67
5606 66
5607 65
5608 64
5609 63
5610 62
5611 61
5612 60
5613 59
5614 58
5615 57
5616 56
5617 55
5618 54
5619 54
5620 55
5621 56
5622 57
5623 58
5624 59
5625 60
5626 61
5627 62
5628 63
5629 64
5630 65
5631 66
5632 67
5633 68
5634 69
5635 70
5636 71
5637 72
5638 73
5639 74
5640 75
5641 76
5642 77
5643 78
5644 79
5645 80
5646 81
5647 82
5648 83
5649 84
5650 85
5651 86
5652 87
5653 88
5654 89
5655 90
5656 91
5657 92
5658 93
5659 94
5660 95
5661 96
5662 97
5663 98
5664 99
5665 100
5666 101
5667 102
5668 103
5669 104
5670 105
5671 106
5672 107
5673 106
5674 105
5675 104
5676 103
5677 102
5678 101
5679 100
5680 99
5681 98
5682 97
5683 96
5684 95
5685 94
5686 93
5687 92
5688 91
5689 90
5690 89
5691 88
5692 87
5693 86
5694 85
5695 84
5696 83
5697 82
5698 81
5699 80
5700 79
5701 78
5702 77
5703 76
5704 75
5705 74
5706 73
5707 72
5708 71
5709 70
5710 69
5711 68
5712 67
5713 66
5714 65
5715 64
5716 63
5717 62
5718 61
5719 60
5720 59
5721 58
5722 57
5723 56
5724 55
5725 54
5726 55
5727 56
5728 57
5729 58
5730 59
5731 60
5732 61
5733 62
5734 63
5735 64
5736 65
5737 66
5738 67
5739 68
5740 69
5741 70
5742 71
5743 72
5744 73
5745 74
5746 75
5747 76
5748 77
5749 78
5750 79
5751 80
5752 81
5753 82
5754 83
5755 84
5756 85
5757 86
5758 87
5759 88
5760 89
5761 90
5762 91
5763 92
5764 93
5765 94
5766 95
5767 96
5768 97
5769 98
5770 99
5771 100
5772 101
5773 102
5774 103
5775 104
5776 105
5777 106
5778 107
5779 108
5780 107
5781 106
5782 105
5783 104
5784 103
5785 102
5786 101
5787 100
5788 99
5789 98
5790 97
5791 96
5792 95
5793 94
5794 93
5795 92
5796 91
5797 90
5798 89
5799 88
5800 87
5801 86
5802 85
5803 84
5804 83
5805 82
5806 81
5807 80
5808 79
5809 78
5810 77
5811 76
5812 75
5813 74
5814 73
5815 72
5816 71
5817 70
5818 69
5819 68
5820 67
5821 66
5822 65
5823 64
5824 63
5825 62
5826 61
5827 60
5828 59
5829 58
5830 57
5831 56
5832 55
5833 55
5834 56
5835 57
5836 58
5837 59
5838 60
5839 61
5840 62
5841 63
5842 64
5843 65
5844 66
5845 67
5846 68
5847 69
5848 70
5849 71
5850 72
5851 73
5852 74
5853 75
5854 76
5855 77
5856 78
5857 79
5858 80
5859 81
5860 82
5861 83
5862 84
5863 85
5864 86
5865 87
5866 88
5867 89
5868 90
5869 91
5870 92
5871 93
5872 94
5873 95
5874 96
5875 97
5876 98
5877 99
5878 100
5879 101
5880 102
5881 103
5882 104
5883 105
5884 106
5885 107
5886 108
5887 109
5888 108
5889 107
5890 106
5891 105
5892 104
5893 103
5894 102
5895 101
5896 100
5897 99
5898 98
5899 97
5900 96
5901 95
5902 94
5903 93
5904 92
5905 91
5906 90
5907 89
5908 88
5909 87
5910 86
5911 85
5912 84
5913 83
5914 82
5915 81
5916 80
5917 79
5918 78
5919 77
5920 76
5921 75
5922 74
5923 73
5924 72
5925 71
5926 70
5927 69
5928 68
5929 67
5930 66
5931 65
5932 64
5933 63
5934 62
5935 61
5936 60
5937 59
5938 58
5939 57
5940 56
5941 55
5942 56
5943 57
5944 58
5945 59
5946 60
5947 61
5948 62
5949 63
5950 64
5951 65
5952 66
5953 67
5954 68
5955 69
5956 70
5957 71
5958 72
5959 73
5960 74
5961 75
5962 76
5963 77
5964 78
5965 79
5966 80
5967 81
5968 82
5969 83
5970 84
5971 85
5972 86
5973 87
5974 88
5975 89
5976 90
5977 91
5978 92
5979 93
5980 94
5981 95
5982 96
5983 97
5984 98
5985 99
5986 100
5987 101
5988 102
5989 103
5990 104
5991 105
5992 106
5993 107
5994 108
5995 109
5996 110
5997 109
5998 108
5999 107
6000 106
6001 105
6002 104
6003 103
6004 102
6005 101
6006 100
6007 99
6008 98
6009 97
6010 96
6011 95
6012 94
6013 93
6014 92
6015 91
6016 90
6017 89
6018 88
6019 87
6020 86
6021 85
6022 84
6023 83
6024 82
6025 81
6026 80
6027 79
6028 78
6029 77
6030 76
6031 75
6032 74
6033 73
6034 72
6035 71
6036 70
6037 69
6038 68
6039 67
6040 66
6041 65
6042 64
6043 63
6044 62
6045 61
6046 60
6047 59
6048 58
6049 57
6050 56
6051 56
6052 57
6053 58
6054 59
6055 60
6056 61
6057 62
6058 63
6059 64
6060 65
6061 66
6062 67
6063 68
6064 69
6065 70
6066 71
6067 72
6068 73
6069 74
6070 75
6071 76
6072 77
6073 78
6074 79
6075 80
6076 81
6077 82
6078 83
6079 84
6080 85
6081 86
6082 87
6083 88
6084 89
6085 90
6086 91
6087 92
6088 93
6089 94
6090 95
6091 96
6092 97
6093 98
6094 99
6095 100
6096 101
6097 102
6098 103
6099 104
6100 105
6101 106
6102 107
6103 108
6104 109
6105 110
6106 111
6107 110
6108 109
6109 108
6110 107
6111 106
6112 105
6113 104
6114 103
6115 102
6116 101
6117 100
6118 99
6119 98
6120 97
6121 96
6122 95
6123 94
6124 93
6125 92
6126 91
6127 90
6128 89
6129 88
6130 87
6131 86
6132 85
6133 84
6134 83
6135 82
6136 81
6137 80
6138 79
6139 78
6140 77
6141 76
6142 75
6143 74
6144 73
6145 72
6146 71
6147 70
6148 69
6149 68
6150 67
6151 66
6152 65
6153 64
6154 63
6155 62
6156 61
6157 60
6158 59
6159 58
6160 57
6161 56
6162 57
6163 58
6164 59
6165 60
6166 61
6167 62
6168 63
6169 64
6170 65
6171 66
6172 67
6173 68
6174 69
6175 70
6176 71
6177 72
6178 73
6179 74
6180 75
6181 76
6182 77
6183 78
6184 79
6185 80
6186 81
6187 82
6188 83
6189 84
6190 85
6191 86
6192 87
6193 88
6194 89
6195 90
6196 91
6197 92
6198 93
6199 94
6200 95
6201 96
6202 97
6203 98
6204 99
6205 100
6206 101
6207 102
6208 103
6209 104
6210 105
6211 106
6212 107
6213 108
6214 109
6215 110
6216 111
6217 112
6218 111
6219 110
6220 109
6221 108
6222 107
6223 106
6224 105
6225 104
6226 103
6227 102
6228 101
6229 100
6230 99
6231 98
6232 97
6233 96
6234 95
6235 94
6236 93
6237 92
6238 91
6239 90
6240 89
6241 88
6242 87
6243 86
6244 85
6245 84
6246 83
6247 82
6248 81
6249 80
6250 79
6251 78
6252 77
6253 76
6254 75
6255 74
6256 73
6257 72
6258 71
6259 70
6260 69
6261 68
6262 67
6263 66
6264 65
6265 64
6266 63
6267 62
6268 61
6269 60
6270 59
6271 58
6272 57
6273 57
6274 58
6275 59
6276 60
6277 61
6278 62
6279 63
6280 64
6281 65
6282 66
6283 67
6284 68
6285 69
6286 70
6287 71
6288 72
6289 73
6290 74
6291 75
6292 76
6293 77
6294 78
6295 79
6296 80
6297 81
6298 82
6299 83
6300 84
6301 85
6302 86
6303 87
6304 88
6305 89
6306 90
6307 91
6308 92
6309 93
6310 94
6311 95
6312 96
6313 97
6314 98
6315 99
6316 100
6317 101
6318 102
6319 103
6320 104
6321 105
6322 106
6323 107
6324 108
6325 109
6326 110
6327 111
6328 112
6329 113
6330 112
6331 111
6332 110
6333 109
6334 108
6335 107
6336 106
6337 105
6338 104
6339 103
6340 102
6341 101
6342 100
6343 99
6344 98
6345 97
6346 96
6347 95
6348 94
6349 93
6350 92
6351 91
6352 90
6353 89
6354 88
6355 87
6356 86
6357 85
6358 84
6359 83
6360 82
6361 81
6362 80
6363 79
6364 78
6365 77
6366 76
6367 75
6368 74
6369 73
6370 72
6371 71
6372 70
6373 69
6374 68
6375 67
6376 66
6377 65
6378 64
6379 63
6380 62
6381 61
6382 60
6383 59
6384 58
6385 57
6386 58
6387 59
6388 60
6389 61
6390 62
6391 63
6392 64
6393 65
6394 66
6395 67
6396 68
6397 69
6398 70
6399 71
6400 72
6401 73
6402 74
6403 75
6404 76
6405 77
6406 78
6407 79
6408 80
6409 81
6410 82
6411 83
6412 84
6413 85
6414 86
6415 87
6416 88
6417 89
6418 90
6419 91
6420 92
6421 93
6422 94
6423 95
6424 96
6425 97
6426 98
6427 99
6428 100
6429 101
6430 102
6431 103
6432 104
6433 105
6434 106
6435 107
6436 108
6437 109
6438 110
6439 111
6440 112
6441 113
6442 114
6443 113
6444 112
6445 111
6446 110
6447 109
6448 108
6449 107
6450 106
6451 105
6452 104
6453 103
6454 102
6455 101
6456 100
6457 99
6458 98
6459 97
6460 96
6461 95
6462 94
6463 93
6464 92
6465 91
6466 90
6467 89
6468 88
6469 87
6470 86
6471 85
6472 84
6473 83
6474 82
6475 81
6476 80
6477 79
6478 78
6479 77
6480 76
6481 75
6482 74
6483 73
6484 72
6485 71
6486 70
6487 69
6488 68
6489 67
6490 66
6491 65
6492 64
6493 63
6494 62
6495 61
6496 60
6497 59
6498 58
6499 58
6500 59
6501 60
6502 61
6503 62
6504 63
6505 64
6506 65
6507 66
6508 67
6509 68
6510 69
6511 70
6512 71
6513 72
6514 73
6515 74
6516 75
6517 76
6518 77
6519 78
6520 79
6521 80
6522 81
6523 82
6524 83
6525 84
6526 85
6527 86
6528 87
6529 88
6530 89
6531 90
6532 91
6533 92
6534 93
6535 94
6536 95
6537 96
6538 97
6539 98
6540 99
6541 100
6542 101
6543 102
6544 103
6545 104
6546 105
6547 106
6548 107
6549 108
6550 109
6551 110
6552 111
6553 112
6554 113
6555 114
6556 115
6557 114
6558 113
6559 112
6560 111
6561 110
6562 109
6563 108
6564 107
6565 106
6566 105
6567 104
6568 103
6569 102
6570 101
6571 100
6572 99
6573 98
6574 97
6575 96
6576 95
6577 94
6578 93
6579 92
6580 91
6581 90
6582 89
6583 88
6584 87
6585 86
6586 85
6587 84
6588 83
6589 82
6590 81
6591 80
6592 79
6593 78
6594 77
6595 76
6596 75
6597 74
6598 73
6599 72
6600 71
6601 70
6602 69
6603 68
6604 67
6605 66
6606 65
6607 64
6608 63
6609 62
6610 61
6611 60
6612 59
6613 58
6614 59
6615 60
6616 61
6617 62
6618 63
6619 64
6620 65
6621 66
6622 67
6623 68
6624 69
6625 70
6626 71
6627 72
6628 73
6629 74
6630 75
6631 76
6632 77
6633 78
6634 79
6635 80
6636 81
6637 82
6638 83
6639 84
6640 85
6641 86
6642 87
6643 88
6644 89
6645 90
6646 91
6647 92
6648 93
6649 94
6650 95
6651 96
6652 97
6653 98
6654 99
6655 100
6656 101
6657 102
6658 103
6659 104
6660 105
6661 106
6662 107
6663 108
6664 109
6665 110
6666 111
6667 112
6668 113
6669 114
6670 115
6671 116
6672 115
6673 114
6674 113
6675 112
6676 111
6677 110
6678 109
6679 108
6680 107
6681 106
6682 105
6683 104
6684 103
6685 102
6686 101
6687 100
6688 99
6689 98
6690 97
6691 96
6692 95
6693 94
6694 93
6695 92
6696 91
6697 90
6698 89
6699 88
6700 87
6701 86
6702 85
6703 84
6704 83
6705 82
6706 81
6707 80
6708 79
6709 78
6710 77
6711 76
6712 75
6713 74
6714 73
6715 72
6716 71
6717 70
6718 69
6719 68
6720 67
6721 66
6722 65
6723 64
6724 63
6725 62
6726 61
6727 60
6728 59
6729 59
6730 60
6731 61
6732 62
6733 63
6734 64
6735 65
6736 66
6737 67
6738 68
6739 69
6740 70
6741 71
6742 72
6743 73
6744 74
6745 75
6746 76
6747 77
6748 78
6749 79
6750 80
6751 81
6752 82
6753 83
6754 84
6755 85
6756 86
6757 87
6758 88
6759 89
6760 90
6761 91
6762 92
6763 93
6764 94
6765 95
6766 96
6767 97
6768 98
6769 99
6770 100
6771 101
6772 102
6773 103
6774 104
6775 105
6776 106
6777 107
6778 108
6779 109
6780 110
6781 111
6782 112
6783 113
6784 114
6785 115
6786 116
6787 117
6788 116
6789 115
6790 114
6791 113
6792 112
6793 111
6794 110
6795 109
6796 108
6797 107
6798 106
6799 105
6800 104
6801 103
6802 102
6803 101
6804 100
6805 99
6806 98
6807 97
6808 96
6809 95
6810 94
6811 93
6812 92
6813 91
6814 90
6815 89
6816 88
6817 87
6818 86
6819 85
6820 84
6821 83
6822 82
6823 81
6824 80
6825 79
6826 78
6827 77
6828 76
6829 75
6830 74
6831 73
6832 72
6833 71
6834 70
6835 69
6836 68
6837 67
6838 66
6839 65
6840 64
6841 63
6842 62
6843 61
6844 60
6845 59
6846 60
6847 61
6848 62
6849 63
6850 64
6851 65
6852 66
6853 67
6854 68
6855 69
6856 70
6857 71
6858 72
6859 73
6860 74
6861 75
6862 76
6863 77
6864 78
6865 79
6866 80
6867 81
6868 82
6869 83
6870 84
6871 85
6872 86
6873 87
6874 88
6875 89
6876 90
6877 91
6878 92
6879 93
6880 94
6881 95
6882 96
6883 97
6884 98
6885 99
6886 100
6887 101
6888 102
6889 103
6890 104
6891 105
6892 106
6893 107
6894 108
6895 109
6896 110
6897 111
6898 112
6899 113
6900 114
6901 115
6902 116
6903 117
6904 118
6905 117
6906 116
6907 115
6908 114
6909 113
6910 112
6911 111
6912 110
6913 109
6914 108
6915 107
6916 106
6917 105
6918 104
6919 103
6920 102
6921 101
6922 100
6923 99
6924 98
6925 97
6926 96
6927 95
6928 94
6929 93
6930 92
6931 91
6932 90
6933 89
6934 88
6935 87
6936 86
6937 85
6938 84
6939 83
6940 82
6941 81
6942 80
6943 79
6944 78
6945 77
6946 76
6947 75
6948 74
6949 73
6950 72
6951 71
6952 70
6953 69
6954 68
6955 67
6956 66
6957 65
6958 64
6959 63
6960 62
6961 61
6962 60
6963 60
6964 61
6965 62
6966 63
6967 64
6968 65
6969 66
6970 67
6971 68
6972 69
6973 70
6974 71
6975 72
6976 73
6977 74
6978 75
6979 76
6980 77
6981 78
6982 79
6983 80
6984 81
6985 82
6986 83
6987 84
6988 85
6989 86
6990 87
6991 88
6992 89
6993 90
6994 91
6995 92
6996 93
6997 94
6998 95
6999 96
7000 97
7001 98
7002 99
7003 100
7004 101
7005 102
7006 103
7007 104
7008 105
7009 106
7010 107
7011 108
7012 109
7013 110
7014 111
7015 112
7016 113
7017 114
7018 115
7019 116
7020 117
7021 118
7022 119
7023 118
7024 117
7025 116
7026 115
7027 114
7028 113
7029 112
7030 111
7031 110
7032 109
7033 108
7034 107
7035 106
7036 105
7037 104
7038 103
7039 102
7040 101
7041 100
7042 99
7043 98
7044 97
7045 96
7046 95
7047 94
7048 93
7049 92
7050 91
7051 90
7052 89
7053 88
7054 87
7055 86
7056 85
7057 84
7058 83
7059 82
7060 81
7061 80
7062 79
7063 78
7064 77
7065 76
7066 75
7067 74
7068 73
7069 72
7070 71
7071 70
7072 69
7073 68
7074 67
7075 66
7076 65
7077 64
7078 63
7079 62
7080 61
7081 60
7082 61
7083 62
7084 63
7085 64
7086 65
7087 66
7088 67
7089 68
7090 69
7091 70
7092 71
7093 72
7094 73
7095 74
7096 75
7097 76
7098 77
7099 78
7100 79
7101 80
7102 81
7103 82
7104 83
7105 84
7106 85
7107 86
7108 87
7109 88
7110 89
7111 90
7112 91
7113 92
7114 93
7115 94
7116 95
7117 96
7118 97
7119 98
7120 99
7121 100
7122 101
7123 102
7124 103
7125 104
7126 105
7127 106
7128 107
7129 108
7130 109
7131 110
7132 111
7133 112
7134 113
7135 114
7136 115
7137 116
7138 117
7139 118
7140 119
7141 120
7142 119
7143 118
7144 117
7145 116
7146 115
7147 114
7148 113
7149 112
7150 111
7151 110
7152 109
7153 108
7154 107
7155 106
7156 105
7157 104
7158 103
7159 102
7160 101
7161 100
7162 99
7163 98
7164 97
7165 96
7166 95
7167 94
7168 93
7169 92
7170 91
7171 90
7172 89
7173 88
7174 87
7175 86
7176 85
7177 84
7178 83
7179 82
7180 81
7181 80
7182 79
7183 78
7184 77
7185 76
7186 75
7187 74
7188 73
7189 72
7190 71
7191 70
7192 69
7193 68
7194 67
7195 66
7196 65
7197 64
7198 63
7199 62
7200 61
7201 61
7202 62
7203 63
7204 64
7205 65
7206 66
7207 67
7208 68
7209 69
7210 70
7211 71
7212 72
7213 73
7214 74
7215 75
7216 76
7217 77
7218 78
7219 79
7220 80
7221 81
7222 82
7223 83
7224 84
7225 85
7226 86
7227 87
7228 88
7229 89
7230 90
7231 91
7232 92
7233 93
7234 94
7235 95
7236 96
7237 97
7238 98
7239 99
7240 100
7241 101
7242 102
7243 103
7244 104
7245 105
7246 106
7247 107
7248 108
7249 109
7250 110
7251 111
7252 112
7253 113
7254 114
7255 115
7256 116
7257 117
7258 118
7259 119
7260 120
7261 121
7262 120
7263 119
7264 118
7265 117
7266 116
7267 115
7268 114
7269 113
7270 112
7271 111
7272 110
7273 109
7274 108
7275 107
7276 106
7277 105
7278 104
7279 103
7280 102
7281 101
7282 100
7283 99
7284 98
7285 97
7286 96
7287 95
7288 94
7289 93
7290 92
7291 91
7292 90
7293 89
7294 88
7295 87
7296 86
7297 85
7298 84
7299 83
7300 82
7301 81
7302 80
7303 79
7304 78
7305 77
7306 76
7307 75
7308 74
7309 73
7310 72
7311 71
7312 70
7313 69
7314 68
7315 67
7316 66
7317 65
7318 64
7319 63
7320 62
7321 61
7322 62
7323 63
7324 64
7325 65
7326 66
7327 67
7328 68
7329 69
7330 70
7331 71
7332 72
7333 73
7334 74
7335 75
7336 76
7337 77
7338 78
7339 79
7340 80
7341 81
7342 82
7343 83
7344 84
7345 85
7346 86
7347 87
7348 88
7349 89
7350 90
7351 91
7352 92
7353 93
7354 94
7355 95
7356 96
7357 97
7358 98
7359 99
7360 100
7361 101
7362 102
7363 103
7364 104
7365 105
7366 106
7367 107
7368 108
7369 109
7370 110
7371 111
7372 112
7373 113
7374 114
7375 115
7376 116
7377 117
7378 118
7379 119
7380 120
7381 121
7382 122
7383 121
7384 120
7385 119
7386 118
7387 117
7388 116
7389 115
7390 114
7391 113
7392 112
7393 111
7394 110
7395 109
7396 108
7397 107
7398 106
7399 105
7400 104
7401 103
7402 102
7403 101
7404 100
7405 99
7406 98
7407 97
7408 96
7409 95
7410 94
7411 93
7412 92
7413 91
7414 90
7415 89
7416 88
7417 87
7418 86
7419 85
7420 84
7421 83
7422 82
7423 81
7424 80
7425 79
7426 78
7427 77
7428 76
7429 75
7430 74
7431 73
7432 72
7433 71
7434 70
7435 69
7436 68
7437 67
7438 66
7439 65
7440 64
7441 63
7442 62
7443 62
7444 63
7445 64
7446 65
7447 66
7448 67
7449 68
7450 69
7451 70
7452 71
7453 72
7454 73
7455 74
7456 75
7457 76
7458 77
7459 78
7460 79
7461 80
7462 81
7463 82
7464 83
7465 84
7466 85
7467 86
7468 87
7469 88
7470 89
7471 90
7472 91
7473 92
7474 93
7475 94
7476 95
7477 96
7478 97
7479 98
7480 99
7481 100
7482 101
7483 102
7484 103
7485 104
7486 105
7487 106
7488 107
7489 108
7490 109
7491 110
7492 111
7493 112
7494 113
7495 114
7496 115
7497 116
7498 117
7499 118
7500 119
7501 120
7502 121
7503 122
7504 123
7505 122
7506 121
7507 120
7508 119
7509 118
7510 117
7511 116
7512 115
7513 114
7514 113
7515 112
7516 111
7517 110
7518 109
7519 108
7520 107
7521 106
7522 105
7523 104
7524 103
7525 102
7526 101
7527 100
7528 99
7529 98
7530 97
7531 96
7532 95
7533 94
7534 93
7535 92
7536 91
7537 90
7538 89
7539 88
7540 87
7541 86
7542 85
7543 84
7544 83
7545 82
7546 81
7547 80
7548 79
7549 78
7550 77
7551 76
7552 75
7553 74
7554 73
7555 72
7556 71
7557 70
7558 69
7559 68
7560 67
7561 66
7562 65
7563 64
7564 63
7565 62
7566 63
7567 64
7568 65
7569 66
7570 67
7571 68
7572 69
7573 70
7574 71
7575 72
7576 73
7577 74
7578 75
7579 76
7580 77
7581 78
7582 79
7583 80
7584 81
7585 82
7586 83
7587 84
7588 85
7589 86
7590 87
7591 88
7592 89
7593 90
7594 91
7595 92
7596 93
7597 94
7598 95
7599 96
7600 97
7601 98
7602 99
7603 100
7604 101
7605 102
7606 103
7607 104
7608 105
7609 106
7610 107
7611 108
7612 109
7613 110
7614 111
7615 112
7616 113
7617 114
7618 115
7619 116
7620 117
7621 118
7622 119
7623 120
7624 121
7625 122
7626 123
7627 124
7628 123
7629 122
7630 121
7631 120
7632 119
7633 118
7634 117
7635 116
7636 115
7637 114
7638 113
7639 112
7640 111
7641 110
7642 109
7643 108
7644 107
7645 106
7646 105
7647 104
7648 103
7649 102
7650 101
7651 100
7652 99
7653 98
7654 97
7655 96
7656 95
7657 94
7658 93
7659 92
7660 91
7661 90
7662 89
7663 88
7664 87
7665 86
7666 85
7667 84
7668 83
7669 82
7670 81
7671 80
7672 79
7673 78
7674 77
7675 76
7676 75
7677 74
7678 73
7679 72
7680 71
7681 70
7682 69
7683 68
7684 67
7685 66
7686 65
7687 64
7688 63
7689 63
7690 64
7691 65
7692 66
7693 67
7694 68
7695 69
7696 70
7697 71
7698 72
7699 73
7700 74
7701 75
7702 76
7703 77
7704 78
7705 79
7706 80
7707 81
7708 82
7709 83
7710 84
7711 85
7712 86
7713 87
7714 88
7715 89
7716 90
7717 91
7718 92
7719 93
7720 94
7721 95
7722 96
7723 97
7724 98
7725 99
7726 100
7727 101
7728 102
7729 103
7730 104
7731 105
7732 106
7733 107
7734 108
7735 109
7736 110
7737 111
7738 112
7739 113
7740 114
7741 115
7742 116
7743 117
7744 118
7745 119
7746 120
7747 121
7748 122
7749 123
7750 124
7751 125
7752 124
7753 123
7754 122
7755 121
7756 120
7757 119
7758 118
7759 117
7760 116
7761 115
7762 114
7763 113
7764 112
7765 111
7766 110
7767 109
7768 108
7769 107
7770 106
7771 105
7772 104
7773 103
7774 102
7775 101
7776 100
7777 99
7778 98
7779 97
7780 96
7781 95
7782 94
7783 93
7784 92
7785 91
7786 90
7787 89
7788 88
7789 87
7790 86
7791 85
7792 84
7793 83
7794 82
7795 81
7796 80
7797 79
7798 78
7799 77
7800 76
7801 75
7802 74
7803 73
7804 72
7805 71
7806 70
7807 69
7808 68
7809 67
7810 66
7811 65
7812 64
7813 63
7814 64
7815 65
7816 66
7817 67
7818 68
7819 69
7820 70
7821 71
7822 72
7823 73
7824 74
7825 75
7826 76
7827 77
7828 78
7829 79
7830 80
7831 81
7832 82
7833 83
7834 84
7835 85
7836 86
7837 87
7838 88
7839 89
7840 90
7841 91
7842 92
7843 93
7844 94
7845 95
7846 96
7847 97
7848 98
7849 99
7850 100
7851 101
7852 102
7853 103
7854 104
7855 105
7856 106
7857 107
7858 108
7859 109
7860 110
7861 111
7862 112
7863 113
7864 114
7865 115
7866 116
7867 117
7868 118
7869 119
7870 120
7871 121
7872 122
7873 123
7874 124
7875 125
7876 126
7877 125
7878 124
7879 123
7880 122
7881 121
7882 120
7883 119
7884 118
7885 117
7886 116
7887 115
7888 114
7889 113
7890 112
7891 111
7892 110
7893 109
7894 108
7895 107
7896 106
7897 105
7898 104
7899 103
7900 102
7901 101
7902 100
7903 99
7904 98
7905 97
7906 96
7907 95
7908 94
7909 93
7910 92
7911 91
7912 90
7913 89
7914 88
7915 87
7916 86
7917 85
7918 84
7919 83
7920 82
7921 81
7922 80
7923 79
7924 78
7925 77
7926 76
7927 75
7928 74
7929 73
7930 72
7931 71
7932 70
7933 69
7934 68
7935 67
7936 66
7937 65
7938 64
7939 64
7940 65
7941 66
7942 67
7943 68
7944 69
7945 70
7946 71
7947 72
7948 73
7949 74
7950 75
7951 76
7952 77
7953 78
7954 79
7955 80
7956 81
7957 82
7958 83
7959 84
7960 85
7961 86
7962 87
7963 88
7964 89
7965 90
7966 91
7967 92
7968 93
7969 94
7970 95
7971 96
7972 97
7973 98
7974 99
7975 100
7976 101
7977 102
7978 103
7979 104
7980 105
7981 106
7982 107
7983 108
7984 109
7985 110
7986 111
7987 112
7988 113
7989 114
7990 115
7991 116
7992 117
7993 118
7994 119
7995 120
7996 121
7997 122
7998 123
7999 124
8000 125
