0 0
1 1
2 2
3 3
4 3
5 4
6 4
7 5
8 4
9 5
10 5
11 6
12 5
13 6
14 6
15 7
16 5
17 6
18 6
19 7
20 6
21 7
22 7
23 8
24 6
25 7
26 7
27 8
28 7
29 8
30 8
31 9
32 6
33 7
34 7
35 8
36 7
37 8
38 8
39 9
40 7
41 8
42 8
43 9
44 8
45 9
46 9
47 10
48 7
49 8
50 8
51 9
52 8
53 9
54 9
55 10
56 8
57 9
58 9
59 10
60 9
61 10
62 10
63 11
64 7
65 8
66 8
67 9
68 8
69 9
70 9
71 10
72 8
73 9
74 9
75 10
76 9
77 10
78 10
79 11
80 8
81 9
82 9
83 10
84 9
85 10
86 10
87 11
88 9
89 10
90 10
91 11
92 10
93 11
94 11
95 12
96 8
97 9
98 9
99 10
100 9
101 10
102 10
103 11
104 9
105 10
106 10
107 11
108 10
109 11
110 11
111 12
112 9
113 10
114 10
115 11
116 10
117 11
118 11
119 12
120 10
121 11
122 11
123 12
124 11
125 12
126 12
127 13
128 8
129 9
130 9
131 10
132 9
133 10
134 10
135 11
136 9
137 10
138 10
139 11
140 10
141 11
142 11
143 12
144 9
145 10
146 10
147 11
148 10
149 11
150 11
151 12
152 10
153 11
154 11
155 12
156 11
157 12
158 12
159 13
160 9
161 10
162 10
163 11
164 10
165 11
166 11
167 12
168 10
169 11
170 11
171 12
172 11
173 12
174 12
175 13
176 10
177 11
178 11
179 12
180 11
181 12
182 12
183 13
184 11
185 12
186 12
187 13
188 12
189 13
190 13
191 14
192 9
193 10
194 10
195 11
196 10
197 11
198 11
199 12
200 10
201 11
202 11
203 12
204 11
205 12
206 12
207 13
208 10
209 11
210 11
211 12
212 11
213 12
214 12
215 13
216 11
217 12
218 12
219 13
220 12
221 13
222 13
223 14
224 10
225 11
226 11
227 12
228 11
229 12
230 12
231 13
232 11
233 12
234 12
235 13
236 12
237 13
238 13
239 14
240 11
241 12
242 12
243 13
244 12
245 13
246 13
247 14
248 12
249 13
250 13
251 14
252 13
253 14
254 14
255 15
256 9
257 10
258 10
259 11
260 10
261 11
262 11
263 12
264 10
265 11
266 11
267 12
268 11
269 12
270 12
271 13
272 10
273 11
274 11
275 12
276 11
277 12
278 12
279 13
280 11
281 12
282 12
283 13
284 12
285 13
286 13
287 14
288 10
289 11
290 11
291 12
292 11
293 12
294 12
295 13
296 11
297 12
298 12
299 13
300 12
301 13
302 13
303 14
304 11
305 12
306 12
307 13
308 12
309 13
310 13
311 14
312 12
313 13
314 13
315 14
316 13
317 14
318 14
319 15
320 10
321 11
322 11
323 12
324 11
325 12
326 12
327 13
328 11
329 12
330 12
331 13
332 12
333 13
334 13
335 14
336 11
337 12
338 12
339 13
340 12
341 13
342 13
343 14
344 12
345 13
346 13
347 14
348 13
349 14
350 14
351 15
352 11
353 12
354 12
355 13
356 12
357 13
358 13
359 14
360 12
361 13
362 13
363 14
364 13
365 14
366 14
367 15
368 12
369 13
370 13
371 14
372 13
373 14
374 14
375 15
376 13
377 14
378 14
379 15
380 14
381 15
382 15
383 16
384 10
385 11
386 11
387 12
388 11
389 12
390 12
391 13
392 11
393 12
394 12
395 13
396 12
397 13
398 13
399 14
400 11
401 12
402 12
403 13
404 12
405 13
406 13
407 14
408 12
409 13
410 13
411 14
412 13
413 14
414 14
415 15
416 11
417 12
418 12
419 13
420 12
421 13
422 13
423 14
424 12
425 13
426 13
427 14
428 13
429 14
430 14
431 15
432 12
433 13
434 13
435 14
436 13
437 14
438 14
439 15
440 13
441 14
442 14
443 15
444 14
445 15
446 15
447 16
448 11
449 12
450 12
451 13
452 12
453 13
454 13
455 14
456 12
457 13
458 13
459 14
460 13
461 14
462 14
463 15
464 12
465 13
466 13
467 14
468 13
469 14
470 14
471 15
472 13
473 14
474 14
475 15
476 14
477 15
478 15
479 16
480 12
481 13
482 13
483 14
484 13
485 14
486 14
487 15
488 13
489 14
490 14
491 15
492 14
493 15
494 15
495 16
496 13
497 14
498 14
499 15
500 14
501 15
502 15
503 16
504 14
505 15
506 15
507 16
508 15
509 16
510 16
511 17
512 10
513 11
514 11
515 12
516 11
517 12
518 12
519 13
520 11
521 12
522 12
523 13
524 12
525 13
526 13
527 14
528 11
529 12
530 12
531 13
532 12
533 13
534 13
535 14
536 12
537 13
538 13
539 14
540 13
541 14
542 14
543 15
544 11
545 12
546 12
547 13
548 12
549 13
550 13
551 14
552 12
553 13
554 13
555 14
556 13
557 14
558 14
559 15
560 12
561 13
562 13
563 14
564 13
565 14
566 14
567 15
568 13
569 14
570 14
571 15
572 14
573 15
574 15
575 16
576 11
577 12
578 12
579 13
580 12
581 13
582 13
583 14
584 12
585 13
586 13
587 14
588 13
589 14
590 14
591 15
592 12
593 13
594 13
595 14
596 13
597 14
598 14
599 15
600 13
601 14
602 14
603 15
604 14
605 15
606 15
607 16
608 12
609 13
610 13
611 14
612 13
613 14
614 14
615 15
616 13
617 14
618 14
619 15
620 14
621 15
622 15
623 16
624 13
625 14
626 14
627 15
628 14
629 15
630 15
631 16
632 14
633 15
634 15
635 16
636 15
637 16
638 16
639 17
640 11
641 12
642 12
643 13
644 12
645 13
646 13
647 14
648 12
649 13
650 13
651 14
652 13
653 14
654 14
655 15
656 12
657 13
658 13
659 14
660 13
661 14
662 14
663 15
664 13
665 14
666 14
667 15
668 14
669 15
670 15
671 16
672 12
673 13
674 13
675 14
676 13
677 14
678 14
679 15
680 13
681 14
682 14
683 15
684 14
685 15
686 15
687 16
688 13
689 14
690 14
691 15
692 14
693 15
694 15
695 16
696 14
697 15
698 15
699 16
700 15
701 16
702 16
703 17
704 12
705 13
706 13
707 14
708 13
709 14
710 14
711 15
712 13
713 14
714 14
715 15
716 14
717 15
718 15
719 16
720 13
721 14
722 14
723 15
724 14
725 15
726 15
727 16
728 14
729 15
730 15
731 16
732 15
733 16
734 16
735 17
736 13
737 14
738 14
739 15
740 14
741 15
742 15
743 16
744 14
745 15
746 15
747 16
748 15
749 16
750 16
751 17
752 14
753 15
754 15
755 16
756 15
757 16
758 16
759 17
760 15
761 16
762 16
763 17
764 16
765 17
766 17
767 18
768 11
769 12
770 12
771 13
772 12
773 13
774 13
775 14
776 12
777 13
778 13
779 14
780 13
781 14
782 14
783 15
784 12
785 13
786 13
787 14
788 13
789 14
790 14
791 15
792 13
793 14
794 14
795 15
796 14
797 15
798 15
799 16
800 12
801 13
802 13
803 14
804 13
805 14
806 14
807 15
808 13
809 14
810 14
811 15
812 14
813 15
814 15
815 16
816 13
817 14
818 14
819 15
820 14
821 15
822 15
823 16
824 14
825 15
826 15
827 16
828 15
829 16
830 16
831 17
832 12
833 13
834 13
835 14
836 13
837 14
838 14
839 15
840 13
841 14
842 14
843 15
844 14
845 15
846 15
847 16
848 13
849 14
850 14
851 15
852 14
853 15
854 15
855 16
856 14
857 15
858 15
859 16
860 15
861 16
862 16
863 17
864 13
865 14
866 14
867 15
868 14
869 15
870 15
871 16
872 14
873 15
874 15
875 16
876 15
877 16
878 16
879 17
880 14
881 15
882 15
883 16
884 15
885 16
886 16
887 17
888 15
889 16
890 16
891 17
892 16
893 17
894 17
895 18
896 12
897 13
898 13
899 14
900 13
901 14
902 14
903 15
904 13
905 14
906 14
907 15
908 14
909 15
910 15
911 16
912 13
913 14
914 14
915 15
916 14
917 15
918 15
919 16
920 14
921 15
922 15
923 16
924 15
925 16
926 16
927 17
928 13
929 14
930 14
931 15
932 14
933 15
934 15
935 16
936 14
937 15
938 15
939 16
940 15
941 16
942 16
943 17
944 14
945 15
946 15
947 16
948 15
949 16
950 16
951 17
952 15
953 16
954 16
955 17
956 16
957 17
958 17
959 18
960 13
961 14
962 14
963 15
964 14
965 15
966 15
967 16
968 14
969 15
970 15
971 16
972 15
973 16
974 16
975 17
976 14
977 15
978 15
979 16
980 15
981 16
982 16
983 17
984 15
985 16
986 16
987 17
988 16
989 17
990 17
991 18
992 14
993 15
994 15
995 16
996 15
997 16
998 16
999 17
1000 15
1001 16
1002 16
1003 17
1004 16
1005 17
1006 17
1007 18
1008 15
1009 16
1010 16
1011 17
1012 16
1013 17
1014 17
1015 18
1016 16
1017 17
1018 17
1019 18
1020 17
1021 18
1022 18
1023 19
1024 11
1025 12
1026 12
1027 13
1028 12
1029 13
1030 13
1031 14
1032 12
1033 13
1034 13
1035 14
1036 13
1037 14
1038 14
1039 15
1040 12
1041 13
1042 13
1043 14
1044 13
1045 14
1046 14
1047 15
1048 13
1049 14
1050 14
1051 15
1052 14
1053 15
1054 15
1055 16
1056 12
1057 13
1058 13
1059 14
1060 13
1061 14
1062 14
1063 15
1064 13
1065 14
1066 14
1067 15
1068 14
1069 15
1070 15
1071 16
1072 13
1073 14
1074 14
1075 15
1076 14
1077 15
1078 15
1079 16
1080 14
1081 15
1082 15
1083 16
1084 15
1085 16
1086 16
1087 17
1088 12
1089 13
1090 13
1091 14
1092 13
1093 14
1094 14
1095 15
1096 13
1097 14
1098 14
1099 15
1100 14
1101 15
1102 15
1103 16
1104 13
1105 14
1106 14
1107 15
1108 14
1109 15
1110 15
1111 16
1112 14
1113 15
1114 15
1115 16
1116 15
1117 16
1118 16
1119 17
1120 13
1121 14
1122 14
1123 15
1124 14
1125 15
1126 15
1127 16
1128 14
1129 15
1130 15
1131 16
1132 15
1133 16
1134 16
1135 17
1136 14
1137 15
1138 15
1139 16
1140 15
1141 16
1142 16
1143 17
1144 15
1145 16
1146 16
1147 17
1148 16
1149 17
1150 17
1151 18
1152 12
1153 13
1154 13
1155 14
1156 13
1157 14
1158 14
1159 15
1160 13
1161 14
1162 14
1163 15
1164 14
1165 15
1166 15
1167 16
1168 13
1169 14
1170 14
1171 15
1172 14
1173 15
1174 15
1175 16
1176 14
1177 15
1178 15
1179 16
1180 15
1181 16
1182 16
1183 17
1184 13
1185 14
1186 14
1187 15
1188 14
1189 15
1190 15
1191 16
1192 14
1193 15
1194 15
1195 16
1196 15
1197 16
1198 16
1199 17
1200 14
1201 15
1202 15
1203 16
1204 15
1205 16
1206 16
1207 17
1208 15
1209 16
1210 16
1211 17
1212 16
1213 17
1214 17
1215 18
1216 13
1217 14
1218 14
1219 15
1220 14
1221 15
1222 15
1223 16
1224 14
1225 15
1226 15
1227 16
1228 15
1229 16
1230 16
1231 17
1232 14
1233 15
1234 15
1235 16
1236 15
1237 16
1238 16
1239 17
1240 15
1241 16
1242 16
1243 17
1244 16
1245 17
1246 17
1247 18
1248 14
1249 15
1250 15
1251 16
1252 15
1253 16
1254 16
1255 17
1256 15
1257 16
1258 16
1259 17
1260 16
1261 17
1262 17
1263 18
1264 15
1265 16
1266 16
1267 17
1268 16
1269 17
1270 17
1271 18
1272 16
1273 17
1274 17
1275 18
1276 17
1277 18
1278 18
1279 19
1280 12
1281 13
1282 13
1283 14
1284 13
1285 14
1286 14
1287 15
1288 13
1289 14
1290 14
1291 15
1292 14
1293 15
1294 15
1295 16
1296 13
1297 14
1298 14
1299 15
1300 14
1301 15
1302 15
1303 16
1304 14
1305 15
1306 15
1307 16
1308 15
1309 16
1310 16
1311 17
1312 13
1313 14
1314 14
1315 15
1316 14
1317 15
1318 15
1319 16
1320 14
1321 15
1322 15
1323 16
1324 15
1325 16
1326 16
1327 17
1328 14
1329 15
1330 15
1331 16
1332 15
1333 16
1334 16
1335 17
1336 15
1337 16
1338 16
1339 17
1340 16
1341 17
1342 17
1343 18
1344 13
1345 14
1346 14
1347 15
1348 14
1349 15
1350 15
1351 16
1352 14
1353 15
1354 15
1355 16
1356 15
1357 16
1358 16
1359 17
1360 14
1361 15
1362 15
1363 16
1364 15
1365 16
1366 16
1367 17
1368 15
1369 16
1370 16
1371 17
1372 16
1373 17
1374 17
1375 18
1376 14
1377 15
1378 15
1379 16
1380 15
1381 16
1382 16
1383 17
1384 15
1385 16
1386 16
1387 17
1388 16
1389 17
1390 17
1391 18
1392 15
1393 16
1394 16
1395 17
1396 16
1397 17
1398 17
1399 18
1400 16
1401 17
1402 17
1403 18
1404 17
1405 18
1406 18
1407 19
1408 13
1409 14
1410 14
1411 15
1412 14
1413 15
1414 15
1415 16
1416 14
1417 15
1418 15
1419 16
1420 15
1421 16
1422 16
1423 17
1424 14
1425 15
1426 15
1427 16
1428 15
1429 16
1430 16
1431 17
1432 15
1433 16
1434 16
1435 17
1436 16
1437 17
1438 17
1439 18
1440 14
1441 15
1442 15
1443 16
1444 15
1445 16
1446 16
1447 17
1448 15
1449 16
1450 16
1451 17
1452 16
1453 17
1454 17
1455 18
1456 15
1457 16
1458 16
1459 17
1460 16
1461 17
1462 17
1463 18
1464 16
1465 17
1466 17
1467 18
1468 17
1469 18
1470 18
1471 19
1472 14
1473 15
1474 15
1475 16
1476 15
1477 16
1478 16
1479 17
1480 15
1481 16
1482 16
1483 17
1484 16
1485 17
1486 17
1487 18
1488 15
1489 16
1490 16
1491 17
1492 16
1493 17
1494 17
1495 18
1496 16
1497 17
1498 17
1499 18
1500 17
1501 18
1502 18
1503 19
1504 15
1505 16
1506 16
1507 17
1508 16
1509 17
1510 17
1511 18
1512 16
1513 17
1514 17
1515 18
1516 17
1517 18
1518 18
1519 19
1520 16
1521 17
1522 17
1523 18
1524 17
1525 18
1526 18
1527 19
1528 17
1529 18
1530 18
1531 19
1532 18
1533 19
1534 19
1535 20
1536 12
1537 13
1538 13
1539 14
1540 13
1541 14
1542 14
1543 15
1544 13
1545 14
1546 14
1547 15
1548 14
1549 15
1550 15
1551 16
1552 13
1553 14
1554 14
1555 15
1556 14
1557 15
1558 15
1559 16
1560 14
1561 15
1562 15
1563 16
1564 15
1565 16
1566 16
1567 17
1568 13
1569 14
1570 14
1571 15
1572 14
1573 15
1574 15
1575 16
1576 14
1577 15
1578 15
1579 16
1580 15
1581 16
1582 16
1583 17
1584 14
1585 15
1586 15
1587 16
1588 15
1589 16
1590 16
1591 17
1592 15
1593 16
1594 16
1595 17
1596 16
1597 17
1598 17
1599 18
1600 13
1601 14
1602 14
1603 15
1604 14
1605 15
1606 15
1607 16
1608 14
1609 15
1610 15
1611 16
1612 15
1613 16
1614 16
1615 17
1616 14
1617 15
1618 15
1619 16
1620 15
1621 16
1622 16
1623 17
1624 15
1625 16
1626 16
1627 17
1628 16
1629 17
1630 17
1631 18
1632 14
1633 15
1634 15
1635 16
1636 15
1637 16
1638 16
1639 17
1640 15
1641 16
1642 16
1643 17
1644 16
1645 17
1646 17
1647 18
1648 15
1649 16
1650 16
1651 17
1652 16
1653 17
1654 17
1655 18
1656 16
1657 17
1658 17
1659 18
1660 17
1661 18
1662 18
1663 19
1664 13
1665 14
1666 14
1667 15
1668 14
1669 15
1670 15
1671 16
1672 14
1673 15
1674 15
1675 16
1676 15
1677 16
1678 16
1679 17
1680 14
1681 15
1682 15
1683 16
1684 15
1685 16
1686 16
1687 17
1688 15
1689 16
1690 16
1691 17
1692 16
1693 17
1694 17
1695 18
1696 14
1697 15
1698 15
1699 16
1700 15
1701 16
1702 16
1703 17
1704 15
1705 16
1706 16
1707 17
1708 16
1709 17
1710 17
1711 18
1712 15
1713 16
1714 16
1715 17
1716 16
1717 17
1718 17
1719 18
1720 16
1721 17
1722 17
1723 18
1724 17
1725 18
1726 18
1727 19
1728 14
1729 15
1730 15
1731 16
1732 15
1733 16
1734 16
1735 17
1736 15
1737 16
1738 16
1739 17
1740 16
1741 17
1742 17
1743 18
1744 15
1745 16
1746 16
1747 17
1748 16
1749 17
1750 17
1751 18
1752 16
1753 17
1754 17
1755 18
1756 17
1757 18
1758 18
1759 19
1760 15
1761 16
1762 16
1763 17
1764 16
1765 17
1766 17
1767 18
1768 16
1769 17
1770 17
1771 18
1772 17
1773 18
1774 18
1775 19
1776 16
1777 17
1778 17
1779 18
1780 17
1781 18
1782 18
1783 19
1784 17
1785 18
1786 18
1787 19
1788 18
1789 19
1790 19
1791 20
1792 13
1793 14
1794 14
1795 15
1796 14
1797 15
1798 15
1799 16
1800 14
1801 15
1802 15
1803 16
1804 15
1805 16
1806 16
1807 17
1808 14
1809 15
1810 15
1811 16
1812 15
1813 16
1814 16
1815 17
1816 15
1817 16
1818 16
1819 17
1820 16
1821 17
1822 17
1823 18
1824 14
1825 15
1826 15
1827 16
1828 15
1829 16
1830 16
1831 17
1832 15
1833 16
1834 16
1835 17
1836 16
1837 17
1838 17
1839 18
1840 15
1841 16
1842 16
1843 17
1844 16
1845 17
1846 17
1847 18
1848 16
1849 17
1850 17
1851 18
1852 17
1853 18
1854 18
1855 19
1856 14
1857 15
1858 15
1859 16
1860 15
1861 16
1862 16
1863 17
1864 15
1865 16
1866 16
1867 17
1868 16
1869 17
1870 17
1871 18
1872 15
1873 16
1874 16
1875 17
1876 16
1877 17
1878 17
1879 18
1880 16
1881 17
1882 17
1883 18
1884 17
1885 18
1886 18
1887 19
1888 15
1889 16
1890 16
1891 17
1892 16
1893 17
1894 17
1895 18
1896 16
1897 17
1898 17
1899 18
1900 17
1901 18
1902 18
1903 19
1904 16
1905 17
1906 17
1907 18
1908 17
1909 18
1910 18
1911 19
1912 17
1913 18
1914 18
1915 19
1916 18
1917 19
1918 19
1919 20
1920 14
1921 15
1922 15
1923 16
1924 15
1925 16
1926 16
1927 17
1928 15
1929 16
1930 16
1931 17
1932 16
1933 17
1934 17
1935 18
1936 15
1937 16
1938 16
1939 17
1940 16
1941 17
1942 17
1943 18
1944 16
1945 17
1946 17
1947 18
1948 17
1949 18
1950 18
1951 19
1952 15
1953 16
1954 16
1955 17
1956 16
1957 17
1958 17
1959 18
1960 16
1961 17
1962 17
1963 18
1964 17
1965 18
1966 18
1967 19
1968 16
1969 17
1970 17
1971 18
1972 17
1973 18
1974 18
1975 19
1976 17
1977 18
1978 18
1979 19
1980 18
1981 19
1982 19
1983 20
1984 15
1985 16
1986 16
1987 17
1988 16
1989 17
1990 17
1991 18
1992 16
1993 17
1994 17
1995 18
1996 17
1997 18
1998 18
1999 19
2000 16
2001 17
2002 17
2003 18
2004 17
2005 18
2006 18
2007 19
2008 17
2009 18
2010 18
2011 19
2012 18
2013 19
2014 19
2015 20
2016 16
2017 17
2018 17
2019 18
2020 17
2021 18
2022 18
2023 19
2024 17
2025 18
2026 18
2027 19
2028 18
2029 19
2030 19
2031 20
2032 17
2033 18
2034 18
2035 19
2036 18
2037 19
2038 19
2039 20
2040 18
2041 19
2042 19
2043 20
2044 19
2045 20
2046 20
2047 21
2048 12
2049 13
2050 13
2051 14
2052 13
2053 14
2054 14
2055 15
2056 13
2057 14
2058 14
2059 15
2060 14
2061 15
2062 15
2063 16
2064 13
2065 14
2066 14
2067 15
2068 14
2069 15
2070 15
2071 16
2072 14
2073 15
2074 15
2075 16
2076 15
2077 16
2078 16
2079 17
2080 13
2081 14
2082 14
2083 15
2084 14
2085 15
2086 15
2087 16
2088 14
2089 15
2090 15
2091 16
2092 15
2093 16
2094 16
2095 17
2096 14
2097 15
2098 15
2099 16
2100 15
2101 16
2102 16
2103 17
2104 15
2105 16
2106 16
2107 17
2108 16
2109 17
2110 17
2111 18
2112 13
2113 14
2114 14
2115 15
2116 14
2117 15
2118 15
2119 16
2120 14
2121 15
2122 15
2123 16
2124 15
2125 16
2126 16
2127 17
2128 14
2129 15
2130 15
2131 16
2132 15
2133 16
2134 16
2135 17
2136 15
2137 16
2138 16
2139 17
2140 16
2141 17
2142 17
2143 18
2144 14
2145 15
2146 15
2147 16
2148 15
2149 16
2150 16
2151 17
2152 15
2153 16
2154 16
2155 17
2156 16
2157 17
2158 17
2159 18
2160 15
2161 16
2162 16
2163 17
2164 16
2165 17
2166 17
2167 18
2168 16
2169 17
2170 17
2171 18
2172 17
2173 18
2174 18
2175 19
2176 13
2177 14
2178 14
2179 15
2180 14
2181 15
2182 15
2183 16
2184 14
2185 15
2186 15
2187 16
2188 15
2189 16
2190 16
2191 17
2192 14
2193 15
2194 15
2195 16
2196 15
2197 16
2198 16
2199 17
2200 15
2201 16
2202 16
2203 17
2204 16
2205 17
2206 17
2207 18
2208 14
2209 15
2210 15
2211 16
2212 15
2213 16
2214 16
2215 17
2216 15
2217 16
2218 16
2219 17
2220 16
2221 17
2222 17
2223 18
2224 15
2225 16
2226 16
2227 17
2228 16
2229 17
2230 17
2231 18
2232 16
2233 17
2234 17
2235 18
2236 17
2237 18
2238 18
2239 19
2240 14
2241 15
2242 15
2243 16
2244 15
2245 16
2246 16
2247 17
2248 15
2249 16
2250 16
2251 17
2252 16
2253 17
2254 17
2255 18
2256 15
2257 16
2258 16
2259 17
2260 16
2261 17
2262 17
2263 18
2264 16
2265 17
2266 17
2267 18
2268 17
2269 18
2270 18
2271 19
2272 15
2273 16
2274 16
2275 17
2276 16
2277 17
2278 17
2279 18
2280 16
2281 17
2282 17
2283 18
2284 17
2285 18
2286 18
2287 19
2288 16
2289 17
2290 17
2291 18
2292 17
2293 18
2294 18
2295 19
2296 17
2297 18
2298 18
2299 19
2300 18
2301 19
2302 19
2303 20
2304 13
2305 14
2306 14
2307 15
2308 14
2309 15
2310 15
2311 16
2312 14
2313 15
2314 15
2315 16
2316 15
2317 16
2318 16
2319 17
2320 14
2321 15
2322 15
2323 16
2324 15
2325 16
2326 16
2327 17
2328 15
2329 16
2330 16
2331 17
2332 16
2333 17
2334 17
2335 18
2336 14
2337 15
2338 15
2339 16
2340 15
2341 16
2342 16
2343 17
2344 15
2345 16
2346 16
2347 17
2348 16
2349 17
2350 17
2351 18
2352 15
2353 16
2354 16
2355 17
2356 16
2357 17
2358 17
2359 18
2360 16
2361 17
2362 17
2363 18
2364 17
2365 18
2366 18
2367 19
2368 14
2369 15
2370 15
2371 16
2372 15
2373 16
2374 16
2375 17
2376 15
2377 16
2378 16
2379 17
2380 16
2381 17
2382 17
2383 18
2384 15
2385 16
2386 16
2387 17
2388 16
2389 17
2390 17
2391 18
2392 16
2393 17
2394 17
2395 18
2396 17
2397 18
2398 18
2399 19
2400 15
2401 16
2402 16
2403 17
2404 16
2405 17
2406 17
2407 18
2408 16
2409 17
2410 17
2411 18
2412 17
2413 18
2414 18
2415 19
2416 16
2417 17
2418 17
2419 18
2420 17
2421 18
2422 18
2423 19
2424 17
2425 18
2426 18
2427 19
2428 18
2429 19
2430 19
2431 20
2432 14
2433 15
2434 15
2435 16
2436 15
2437 16
2438 16
2439 17
2440 15
2441 16
2442 16
2443 17
2444 16
2445 17
2446 17
2447 18
2448 15
2449 16
2450 16
2451 17
2452 16
2453 17
2454 17
2455 18
2456 16
2457 17
2458 17
2459 18
2460 17
2461 18
2462 18
2463 19
2464 15
2465 16
2466 16
2467 17
2468 16
2469 17
2470 17
2471 18
2472 16
2473 17
2474 17
2475 18
2476 17
2477 18
2478 18
2479 19
2480 16
2481 17
2482 17
2483 18
2484 17
2485 18
2486 18
2487 19
2488 17
2489 18
2490 18
2491 19
2492 18
2493 19
2494 19
2495 20
2496 15
2497 16
2498 16
2499 17
2500 16
2501 17
2502 17
2503 18
2504 16
2505 17
2506 17
2507 18
2508 17
2509 18
2510 18
2511 19
2512 16
2513 17
2514 17
2515 18
2516 17
2517 18
2518 18
2519 19
2520 17
2521 18
2522 18
2523 19
2524 18
2525 19
2526 19
2527 20
2528 16
2529 17
2530 17
2531 18
2532 17
2533 18
2534 18
2535 19
2536 17
2537 18
2538 18
2539 19
2540 18
2541 19
2542 19
2543 20
2544 17
2545 18
2546 18
2547 19
2548 18
2549 19
2550 19
2551 20
2552 18
2553 19
2554 19
2555 20
2556 19
2557 20
2558 20
2559 21
2560 13
2561 14
2562 14
2563 15
2564 14
2565 15
2566 15
2567 16
2568 14
2569 15
2570 15
2571 16
2572 15
2573 16
2574 16
2575 17
2576 14
2577 15
2578 15
2579 16
2580 15
2581 16
2582 16
2583 17
2584 15
2585 16
2586 16
2587 17
2588 16
2589 17
2590 17
2591 18
2592 14
2593 15
2594 15
2595 16
2596 15
2597 16
2598 16
2599 17
2600 15
2601 16
2602 16
2603 17
2604 16
2605 17
2606 17
2607 18
2608 15
2609 16
2610 16
2611 17
2612 16
2613 17
2614 17
2615 18
2616 16
2617 17
2618 17
2619 18
2620 17
2621 18
2622 18
2623 19
2624 14
2625 15
2626 15
2627 16
2628 15
2629 16
2630 16
2631 17
2632 15
2633 16
2634 16
2635 17
2636 16
2637 17
2638 17
2639 18
2640 15
2641 16
2642 16
2643 17
2644 16
2645 17
2646 17
2647 18
2648 16
2649 17
2650 17
2651 18
2652 17
2653 18
2654 18
2655 19
2656 15
2657 16
2658 16
2659 17
2660 16
2661 17
2662 17
2663 18
2664 16
2665 17
2666 17
2667 18
2668 17
2669 18
2670 18
2671 19
2672 16
2673 17
2674 17
2675 18
2676 17
2677 18
2678 18
2679 19
2680 17
2681 18
2682 18
2683 19
2684 18
2685 19
2686 19
2687 20
2688 14
2689 15
2690 15
2691 16
2692 15
2693 16
2694 16
2695 17
2696 15
2697 16
2698 16
2699 17
2700 16
2701 17
2702 17
2703 18
2704 15
2705 16
2706 16
2707 17
2708 16
2709 17
2710 17
2711 18
2712 16
2713 17
2714 17
2715 18
2716 17
2717 18
2718 18
2719 19
2720 15
2721 16
2722 16
2723 17
2724 16
2725 17
2726 17
2727 18
2728 16
2729 17
2730 17
2731 18
2732 17
2733 18
2734 18
2735 19
2736 16
2737 17
2738 17
2739 18
2740 17
2741 18
2742 18
2743 19
2744 17
2745 18
2746 18
2747 19
2748 18
2749 19
2750 19
2751 20
2752 15
2753 16
2754 16
2755 17
2756 16
2757 17
2758 17
2759 18
2760 16
2761 17
2762 17
2763 18
2764 17
2765 18
2766 18
2767 19
2768 16
2769 17
2770 17
2771 18
2772 17
2773 18
2774 18
2775 19
2776 17
2777 18
2778 18
2779 19
2780 18
2781 19
2782 19
2783 20
2784 16
2785 17
2786 17
2787 18
2788 17
2789 18
2790 18
2791 19
2792 17
2793 18
2794 18
2795 19
2796 18
2797 19
2798 19
2799 20
2800 17
2801 18
2802 18
2803 19
2804 18
2805 19
2806 19
2807 20
2808 18
2809 19
2810 19
2811 20
2812 19
2813 20
2814 20
2815 21
2816 14
2817 15
2818 15
2819 16
2820 15
2821 16
2822 16
2823 17
2824 15
2825 16
2826 16
2827 17
2828 16
2829 17
2830 17
2831 18
2832 15
2833 16
2834 16
2835 17
2836 16
2837 17
2838 17
2839 18
2840 16
2841 17
2842 17
2843 18
2844 17
2845 18
2846 18
2847 19
2848 15
2849 16
2850 16
2851 17
2852 16
2853 17
2854 17
2855 18
2856 16
2857 17
2858 17
2859 18
2860 17
2861 18
2862 18
2863 19
2864 16
2865 17
2866 17
2867 18
2868 17
2869 18
2870 18
2871 19
2872 17
2873 18
2874 18
2875 19
2876 18
2877 19
2878 19
2879 20
2880 15
2881 16
2882 16
2883 17
2884 16
2885 17
2886 17
2887 18
2888 16
2889 17
2890 17
2891 18
2892 17
2893 18
2894 18
2895 19
2896 16
2897 17
2898 17
2899 18
2900 17
2901 18
2902 18
2903 19
2904 17
2905 18
2906 18
2907 19
2908 18
2909 19
2910 19
2911 20
2912 16
2913 17
2914 17
2915 18
2916 17
2917 18
2918 18
2919 19
2920 17
2921 18
2922 18
2923 19
2924 18
2925 19
2926 19
2927 20
2928 17
2929 18
2930 18
2931 19
2932 18
2933 19
2934 19
2935 20
2936 18
2937 19
2938 19
2939 20
2940 19
2941 20
2942 20
2943 21
2944 15
2945 16
2946 16
2947 17
2948 16
2949 17
2950 17
2951 18
2952 16
2953 17
2954 17
2955 18
2956 17
2957 18
2958 18
2959 19
2960 16
2961 17
2962 17
2963 18
2964 17
2965 18
2966 18
2967 19
2968 17
2969 18
2970 18
2971 19
2972 18
2973 19
2974 19
2975 20
2976 16
2977 17
2978 17
2979 18
2980 17
2981 18
2982 18
2983 19
2984 17
2985 18
2986 18
2987 19
2988 18
2989 19
2990 19
2991 20
2992 17
2993 18
2994 18
2995 19
2996 18
2997 19
2998 19
2999 20
3000 18
3001 19
3002 19
3003 20
3004 19
3005 20
3006 20
3007 21
3008 16
3009 17
3010 17
3011 18
3012 17
3013 18
3014 18
3015 19
3016 17
3017 18
3018 18
3019 19
3020 18
3021 19
3022 19
3023 20
3024 17
3025 18
3026 18
3027 19
3028 18
3029 19
3030 19
3031 20
3032 18
3033 19
3034 19
3035 20
3036 19
3037 20
3038 20
3039 21
3040 17
3041 18
3042 18
3043 19
3044 18
3045 19
3046 19
3047 20
3048 18
3049 19
3050 19
3051 20
3052 19
3053 20
3054 20
3055 21
3056 18
3057 19
3058 19
3059 20
3060 19
3061 20
3062 20
3063 21
3064 19
3065 20
3066 20
3067 21
3068 20
3069 21
3070 21
3071 22
3072 13
3073 14
3074 14
3075 15
3076 14
3077 15
3078 15
3079 16
3080 14
3081 15
3082 15
3083 16
3084 15
3085 16
3086 16
3087 17
3088 14
3089 15
3090 15
3091 16
3092 15
3093 16
3094 16
3095 17
3096 15
3097 16
3098 16
3099 17
3100 16
3101 17
3102 17
3103 18
3104 14
3105 15
3106 15
3107 16
3108 15
3109 16
3110 16
3111 17
3112 15
3113 16
3114 16
3115 17
3116 16
3117 17
3118 17
3119 18
3120 15
3121 16
3122 16
3123 17
3124 16
3125 17
3126 17
3127 18
3128 16
3129 17
3130 17
3131 18
3132 17
3133 18
3134 18
3135 19
3136 14
3137 15
3138 15
3139 16
3140 15
3141 16
3142 16
3143 17
3144 15
3145 16
3146 16
3147 17
3148 16
3149 17
3150 17
3151 18
3152 15
3153 16
3154 16
3155 17
3156 16
3157 17
3158 17
3159 18
3160 16
3161 17
3162 17
3163 18
3164 17
3165 18
3166 18
3167 19
3168 15
3169 16
3170 16
3171 17
3172 16
3173 17
3174 17
3175 18
3176 16
3177 17
3178 17
3179 18
3180 17
3181 18
3182 18
3183 19
3184 16
3185 17
3186 17
3187 18
3188 17
3189 18
3190 18
3191 19
3192 17
3193 18
3194 18
3195 19
3196 18
3197 19
3198 19
3199 20
3200 14
3201 15
3202 15
3203 16
3204 15
3205 16
3206 16
3207 17
3208 15
3209 16
3210 16
3211 17
3212 16
3213 17
3214 17
3215 18
3216 15
3217 16
3218 16
3219 17
3220 16
3221 17
3222 17
3223 18
3224 16
3225 17
3226 17
3227 18
3228 17
3229 18
3230 18
3231 19
3232 15
3233 16
3234 16
3235 17
3236 16
3237 17
3238 17
3239 18
3240 16
3241 17
3242 17
3243 18
3244 17
3245 18
3246 18
3247 19
3248 16
3249 17
3250 17
3251 18
3252 17
3253 18
3254 18
3255 19
3256 17
3257 18
3258 18
3259 19
3260 18
3261 19
3262 19
3263 20
3264 15
3265 16
3266 16
3267 17
3268 16
3269 17
3270 17
3271 18
3272 16
3273 17
3274 17
3275 18
3276 17
3277 18
3278 18
3279 19
3280 16
3281 17
3282 17
3283 18
3284 17
3285 18
3286 18
3287 19
3288 17
3289 18
3290 18
3291 19
3292 18
3293 19
3294 19
3295 20
3296 16
3297 17
3298 17
3299 18
3300 17
3301 18
3302 18
3303 19
3304 17
3305 18
3306 18
3307 19
3308 18
3309 19
3310 19
3311 20
3312 17
3313 18
3314 18
3315 19
3316 18
3317 19
3318 19
3319 20
3320 18
3321 19
3322 19
3323 20
3324 19
3325 20
3326 20
3327 21
3328 14
3329 15
3330 15
3331 16
3332 15
3333 16
3334 16
3335 17
3336 15
3337 16
3338 16
3339 17
3340 16
3341 17
3342 17
3343 18
3344 15
3345 16
3346 16
3347 17
3348 16
3349 17
3350 17
3351 18
3352 16
3353 17
3354 17
3355 18
3356 17
3357 18
3358 18
3359 19
3360 15
3361 16
3362 16
3363 17
3364 16
3365 17
3366 17
3367 18
3368 16
3369 17
3370 17
3371 18
3372 17
3373 18
3374 18
3375 19
3376 16
3377 17
3378 17
3379 18
3380 17
3381 18
3382 18
3383 19
3384 17
3385 18
3386 18
3387 19
3388 18
3389 19
3390 19
3391 20
3392 15
3393 16
3394 16
3395 17
3396 16
3397 17
3398 17
3399 18
3400 16
3401 17
3402 17
3403 18
3404 17
3405 18
3406 18
3407 19
3408 16
3409 17
3410 17
3411 18
3412 17
3413 18
3414 18
3415 19
3416 17
3417 18
3418 18
3419 19
3420 18
3421 19
3422 19
3423 20
3424 16
3425 17
3426 17
3427 18
3428 17
3429 18
3430 18
3431 19
3432 17
3433 18
3434 18
3435 19
3436 18
3437 19
3438 19
3439 20
3440 17
3441 18
3442 18
3443 19
3444 18
3445 19
3446 19
3447 20
3448 18
3449 19
3450 19
3451 20
3452 19
3453 20
3454 20
3455 21
3456 15
3457 16
3458 16
3459 17
3460 16
3461 17
3462 17
3463 18
3464 16
3465 17
3466 17
3467 18
3468 17
3469 18
3470 18
3471 19
3472 16
3473 17
3474 17
3475 18
3476 17
3477 18
3478 18
3479 19
3480 17
3481 18
3482 18
3483 19
3484 18
3485 19
3486 19
3487 20
3488 16
3489 17
3490 17
3491 18
3492 17
3493 18
3494 18
3495 19
3496 17
3497 18
3498 18
3499 19
3500 18
3501 19
3502 19
3503 20
3504 17
3505 18
3506 18
3507 19
3508 18
3509 19
3510 19
3511 20
3512 18
3513 19
3514 19
3515 20
3516 19
3517 20
3518 20
3519 21
3520 16
3521 17
3522 17
3523 18
3524 17
3525 18
3526 18
3527 19
3528 17
3529 18
3530 18
3531 19
3532 18
3533 19
3534 19
3535 20
3536 17
3537 18
3538 18
3539 19
3540 18
3541 19
3542 19
3543 20
3544 18
3545 19
3546 19
3547 20
3548 19
3549 20
3550 20
3551 21
3552 17
3553 18
3554 18
3555 19
3556 18
3557 19
3558 19
3559 20
3560 18
3561 19
3562 19
3563 20
3564 19
3565 20
3566 20
3567 21
3568 18
3569 19
3570 19
3571 20
3572 19
3573 20
3574 20
3575 21
3576 19
3577 20
3578 20
3579 21
3580 20
3581 21
3582 21
3583 22
3584 14
3585 15
3586 15
3587 16
3588 15
3589 16
3590 16
3591 17
3592 15
3593 16
3594 16
3595 17
3596 16
3597 17
3598 17
3599 18
3600 15
3601 16
3602 16
3603 17
3604 16
3605 17
3606 17
3607 18
3608 16
3609 17
3610 17
3611 18
3612 17
3613 18
3614 18
3615 19
3616 15
3617 16
3618 16
3619 17
3620 16
3621 17
3622 17
3623 18
3624 16
3625 17
3626 17
3627 18
3628 17
3629 18
3630 18
3631 19
3632 16
3633 17
3634 17
3635 18
3636 17
3637 18
3638 18
3639 19
3640 17
3641 18
3642 18
3643 19
3644 18
3645 19
3646 19
3647 20
3648 15
3649 16
3650 16
3651 17
3652 16
3653 17
3654 17
3655 18
3656 16
3657 17
3658 17
3659 18
3660 17
3661 18
3662 18
3663 19
3664 16
3665 17
3666 17
3667 18
3668 17
3669 18
3670 18
3671 19
3672 17
3673 18
3674 18
3675 19
3676 18
3677 19
3678 19
3679 20
3680 16
3681 17
3682 17
3683 18
3684 17
3685 18
3686 18
3687 19
3688 17
3689 18
3690 18
3691 19
3692 18
3693 19
3694 19
3695 20
3696 17
3697 18
3698 18
3699 19
3700 18
3701 19
3702 19
3703 20
3704 18
3705 19
3706 19
3707 20
3708 19
3709 20
3710 20
3711 21
3712 15
3713 16
3714 16
3715 17
3716 16
3717 17
3718 17
3719 18
3720 16
3721 17
3722 17
3723 18
3724 17
3725 18
3726 18
3727 19
3728 16
3729 17
3730 17
3731 18
3732 17
3733 18
3734 18
3735 19
3736 17
3737 18
3738 18
3739 19
3740 18
3741 19
3742 19
3743 20
3744 16
3745 17
3746 17
3747 18
3748 17
3749 18
3750 18
3751 19
3752 17
3753 18
3754 18
3755 19
3756 18
3757 19
3758 19
3759 20
3760 17
3761 18
3762 18
3763 19
3764 18
3765 19
3766 19
3767 20
3768 18
3769 19
3770 19
3771 20
3772 19
3773 20
3774 20
3775 21
3776 16
3777 17
3778 17
3779 18
3780 17
3781 18
3782 18
3783 19
3784 17
3785 18
3786 18
3787 19
3788 18
3789 19
3790 19
3791 20
3792 17
3793 18
3794 18
3795 19
3796 18
3797 19
3798 19
3799 20
3800 18
3801 19
3802 19
3803 20
3804 19
3805 20
3806 20
3807 21
3808 17
3809 18
3810 18
3811 19
3812 18
3813 19
3814 19
3815 20
3816 18
3817 19
3818 19
3819 20
3820 19
3821 20
3822 20
3823 21
3824 18
3825 19
3826 19
3827 20
3828 19
3829 20
3830 20
3831 21
3832 19
3833 20
3834 20
3835 21
3836 20
3837 21
3838 21
3839 22
3840 15
3841 16
3842 16
3843 17
3844 16
3845 17
3846 17
3847 18
3848 16
3849 17
3850 17
3851 18
3852 17
3853 18
3854 18
3855 19
3856 16
3857 17
3858 17
3859 18
3860 17
3861 18
3862 18
3863 19
3864 17
3865 18
3866 18
3867 19
3868 18
3869 19
3870 19
3871 20
3872 16
3873 17
3874 17
3875 18
3876 17
3877 18
3878 18
3879 19
3880 17
3881 18
3882 18
3883 19
3884 18
3885 19
3886 19
3887 20
3888 17
3889 18
3890 18
3891 19
3892 18
3893 19
3894 19
3895 20
3896 18
3897 19
3898 19
3899 20
3900 19
3901 20
3902 20
3903 21
3904 16
3905 17
3906 17
3907 18
3908 17
3909 18
3910 18
3911 19
3912 17
3913 18
3914 18
3915 19
3916 18
3917 19
3918 19
3919 20
3920 17
3921 18
3922 18
3923 19
3924 18
3925 19
3926 19
3927 20
3928 18
3929 19
3930 19
3931 20
3932 19
3933 20
3934 20
3935 21
3936 17
3937 18
3938 18
3939 19
3940 18
3941 19
3942 19
3943 20
3944 18
3945 19
3946 19
3947 20
3948 19
3949 20
3950 20
3951 21
3952 18
3953 19
3954 19
3955 20
3956 19
3957 20
3958 20
3959 21
3960 19
3961 20
3962 20
3963 21
3964 20
3965 21
3966 21
3967 22
3968 16
3969 17
3970 17
3971 18
3972 17
3973 18
3974 18
3975 19
3976 17
3977 18
3978 18
3979 19
3980 18
3981 19
3982 19
3983 20
3984 17
3985 18
3986 18
3987 19
3988 18
3989 19
3990 19
3991 20
3992 18
3993 19
3994 19
3995 20
3996 19
3997 20
3998 20
3999 21
4000 17
4001 18
4002 18
4003 19
4004 18
4005 19
4006 19
4007 20
4008 18
4009 19
4010 19
4011 20
4012 19
4013 20
4014 20
4015 21
4016 18
4017 19
4018 19
4019 20
4020 19
4021 20
4022 20
4023 21
4024 19
4025 20
4026 20
4027 21
4028 20
4029 21
4030 21
4031 22
4032 17
4033 18
4034 18
4035 19
4036 18
4037 19
4038 19
4039 20
4040 18
4041 19
4042 19
4043 20
4044 19
4045 20
4046 20
4047 21
4048 18
4049 19
4050 19
4051 20
4052 19
4053 20
4054 20
4055 21
4056 19
4057 20
4058 20
4059 21
4060 20
4061 21
4062 21
4063 22
4064 18
4065 19
4066 19
4067 20
4068 19
4069 20
4070 20
4071 21
4072 19
4073 20
4074 20
4075 21
4076 20
4077 21
4078 21
4079 22
4080 19
4081 20
4082 20
4083 21
4084 20
4085 21
4086 21
4087 22
4088 20
4089 21
4090 21
4091 22
4092 21
4093 22
4094 22
4095 23
4096 13
4097 14
4098 14
4099 15
4100 14
4101 15
4102 15
4103 16
4104 14
4105 15
4106 15
4107 16
4108 15
4109 16
4110 16
4111 17
4112 14
4113 15
4114 15
4115 16
4116 15
4117 16
4118 16
4119 17
4120 15
4121 16
4122 16
4123 17
4124 16
4125 17
4126 17
4127 18
4128 14
4129 15
4130 15
4131 16
4132 15
4133 16
4134 16
4135 17
4136 15
4137 16
4138 16
4139 17
4140 16
4141 17
4142 17
4143 18
4144 15
4145 16
4146 16
4147 17
4148 16
4149 17
4150 17
4151 18
4152 16
4153 17
4154 17
4155 18
4156 17
4157 18
4158 18
4159 19
4160 14
4161 15
4162 15
4163 16
4164 15
4165 16
4166 16
4167 17
4168 15
4169 16
4170 16
4171 17
4172 16
4173 17
4174 17
4175 18
4176 15
4177 16
4178 16
4179 17
4180 16
4181 17
4182 17
4183 18
4184 16
4185 17
4186 17
4187 18
4188 17
4189 18
4190 18
4191 19
4192 15
4193 16
4194 16
4195 17
4196 16
4197 17
4198 17
4199 18
4200 16
4201 17
4202 17
4203 18
4204 17
4205 18
4206 18
4207 19
4208 16
4209 17
4210 17
4211 18
4212 17
4213 18
4214 18
4215 19
4216 17
4217 18
4218 18
4219 19
4220 18
4221 19
4222 19
4223 20
4224 14
4225 15
4226 15
4227 16
4228 15
4229 16
4230 16
4231 17
4232 15
4233 16
4234 16
4235 17
4236 16
4237 17
4238 17
4239 18
4240 15
4241 16
4242 16
4243 17
4244 16
4245 17
4246 17
4247 18
4248 16
4249 17
4250 17
4251 18
4252 17
4253 18
4254 18
4255 19
4256 15
4257 16
4258 16
4259 17
4260 16
4261 17
4262 17
4263 18
4264 16
4265 17
4266 17
4267 18
4268 17
4269 18
4270 18
4271 19
4272 16
4273 17
4274 17
4275 18
4276 17
4277 18
4278 18
4279 19
4280 17
4281 18
4282 18
4283 19
4284 18
4285 19
4286 19
4287 20
4288 15
4289 16
4290 16
4291 17
4292 16
4293 17
4294 17
4295 18
4296 16
4297 17
4298 17
4299 18
4300 17
4301 18
4302 18
4303 19
4304 16
4305 17
4306 17
4307 18
4308 17
4309 18
4310 18
4311 19
4312 17
4313 18
4314 18
4315 19
4316 18
4317 19
4318 19
4319 20
4320 16
4321 17
4322 17
4323 18
4324 17
4325 18
4326 18
4327 19
4328 17
4329 18
4330 18
4331 19
4332 18
4333 19
4334 19
4335 20
4336 17
4337 18
4338 18
4339 19
4340 18
4341 19
4342 19
4343 20
4344 18
4345 19
4346 19
4347 20
4348 19
4349 20
4350 20
4351 21
4352 14
4353 15
4354 15
4355 16
4356 15
4357 16
4358 16
4359 17
4360 15
4361 16
4362 16
4363 17
4364 16
4365 17
4366 17
4367 18
4368 15
4369 16
4370 16
4371 17
4372 16
4373 17
4374 17
4375 18
4376 16
4377 17
4378 17
4379 18
4380 17
4381 18
4382 18
4383 19
4384 15
4385 16
4386 16
4387 17
4388 16
4389 17
4390 17
4391 18
4392 16
4393 17
4394 17
4395 18
4396 17
4397 18
4398 18
4399 19
4400 16
4401 17
4402 17
4403 18
4404 17
4405 18
4406 18
4407 19
4408 17
4409 18
4410 18
4411 19
4412 18
4413 19
4414 19
4415 20
4416 15
4417 16
4418 16
4419 17
4420 16
4421 17
4422 17
4423 18
4424 16
4425 17
4426 17
4427 18
4428 17
4429 18
4430 18
4431 19
4432 16
4433 17
4434 17
4435 18
4436 17
4437 18
4438 18
4439 19
4440 17
4441 18
4442 18
4443 19
4444 18
4445 19
4446 19
4447 20
4448 16
4449 17
4450 17
4451 18
4452 17
4453 18
4454 18
4455 19
4456 17
4457 18
4458 18
4459 19
4460 18
4461 19
4462 19
4463 20
4464 17
4465 18
4466 18
4467 19
4468 18
4469 19
4470 19
4471 20
4472 18
4473 19
4474 19
4475 20
4476 19
4477 20
4478 20
4479 21
4480 15
4481 16
4482 16
4483 17
4484 16
4485 17
4486 17
4487 18
4488 16
4489 17
4490 17
4491 18
4492 17
4493 18
4494 18
4495 19
4496 16
4497 17
4498 17
4499 18
4500 17
4501 18
4502 18
4503 19
4504 17
4505 18
4506 18
4507 19
4508 18
4509 19
4510 19
4511 20
4512 16
4513 17
4514 17
4515 18
4516 17
4517 18
4518 18
4519 19
4520 17
4521 18
4522 18
4523 19
4524 18
4525 19
4526 19
4527 20
4528 17
4529 18
4530 18
4531 19
4532 18
4533 19
4534 19
4535 20
4536 18
4537 19
4538 19
4539 20
4540 19
4541 20
4542 20
4543 21
4544 16
4545 17
4546 17
4547 18
4548 17
4549 18
4550 18
4551 19
4552 17
4553 18
4554 18
4555 19
4556 18
4557 19
4558 19
4559 20
4560 17
4561 18
4562 18
4563 19
4564 18
4565 19
4566 19
4567 20
4568 18
4569 19
4570 19
4571 20
4572 19
4573 20
4574 20
4575 21
4576 17
4577 18
4578 18
4579 19
4580 18
4581 19
4582 19
4583 20
4584 18
4585 19
4586 19
4587 20
4588 19
4589 20
4590 20
4591 21
4592 18
4593 19
4594 19
4595 20
4596 19
4597 20
4598 20
4599 21
4600 19
4601 20
4602 20
4603 21
4604 20
4605 21
4606 21
4607 22
4608 14
4609 15
4610 15
4611 16
4612 15
4613 16
4614 16
4615 17
4616 15
4617 16
4618 16
4619 17
4620 16
4621 17
4622 17
4623 18
4624 15
4625 16
4626 16
4627 17
4628 16
4629 17
4630 17
4631 18
4632 16
4633 17
4634 17
4635 18
4636 17
4637 18
4638 18
4639 19
4640 15
4641 16
4642 16
4643 17
4644 16
4645 17
4646 17
4647 18
4648 16
4649 17
4650 17
4651 18
4652 17
4653 18
4654 18
4655 19
4656 16
4657 17
4658 17
4659 18
4660 17
4661 18
4662 18
4663 19
4664 17
4665 18
4666 18
4667 19
4668 18
4669 19
4670 19
4671 20
4672 15
4673 16
4674 16
4675 17
4676 16
4677 17
4678 17
4679 18
4680 16
4681 17
4682 17
4683 18
4684 17
4685 18
4686 18
4687 19
4688 16
4689 17
4690 17
4691 18
4692 17
4693 18
4694 18
4695 19
4696 17
4697 18
4698 18
4699 19
4700 18
4701 19
4702 19
4703 20
4704 16
4705 17
4706 17
4707 18
4708 17
4709 18
4710 18
4711 19
4712 17
4713 18
4714 18
4715 19
4716 18
4717 19
4718 19
4719 20
4720 17
4721 18
4722 18
4723 19
4724 18
4725 19
4726 19
4727 20
4728 18
4729 19
4730 19
4731 20
4732 19
4733 20
4734 20
4735 21
4736 15
4737 16
4738 16
4739 17
4740 16
4741 17
4742 17
4743 18
4744 16
4745 17
4746 17
4747 18
4748 17
4749 18
4750 18
4751 19
4752 16
4753 17
4754 17
4755 18
4756 17
4757 18
4758 18
4759 19
4760 17
4761 18
4762 18
4763 19
4764 18
4765 19
4766 19
4767 20
4768 16
4769 17
4770 17
4771 18
4772 17
4773 18
4774 18
4775 19
4776 17
4777 18
4778 18
4779 19
4780 18
4781 19
4782 19
4783 20
4784 17
4785 18
4786 18
4787 19
4788 18
4789 19
4790 19
4791 20
4792 18
4793 19
4794 19
4795 20
4796 19
4797 20
4798 20
4799 21
4800 16
4801 17
4802 17
4803 18
4804 17
4805 18
4806 18
4807 19
4808 17
4809 18
4810 18
4811 19
4812 18
4813 19
4814 19
4815 20
4816 17
4817 18
4818 18
4819 19
4820 18
4821 19
4822 19
4823 20
4824 18
4825 19
4826 19
4827 20
4828 19
4829 20
4830 20
4831 21
4832 17
4833 18
4834 18
4835 19
4836 18
4837 19
4838 19
4839 20
4840 18
4841 19
4842 19
4843 20
4844 19
4845 20
4846 20
4847 21
4848 18
4849 19
4850 19
4851 20
4852 19
4853 20
4854 20
4855 21
4856 19
4857 20
4858 20
4859 21
4860 20
4861 21
4862 21
4863 22
4864 15
4865 16
4866 16
4867 17
4868 16
4869 17
4870 17
4871 18
4872 16
4873 17
4874 17
4875 18
4876 17
4877 18
4878 18
4879 19
4880 16
4881 17
4882 17
4883 18
4884 17
4885 18
4886 18
4887 19
4888 17
4889 18
4890 18
4891 19
4892 18
4893 19
4894 19
4895 20
4896 16
4897 17
4898 17
4899 18
4900 17
4901 18
4902 18
4903 19
4904 17
4905 18
4906 18
4907 19
4908 18
4909 19
4910 19
4911 20
4912 17
4913 18
4914 18
4915 19
4916 18
4917 19
4918 19
4919 20
4920 18
4921 19
4922 19
4923 20
4924 19
4925 20
4926 20
4927 21
4928 16
4929 17
4930 17
4931 18
4932 17
4933 18
4934 18
4935 19
4936 17
4937 18
4938 18
4939 19
4940 18
4941 19
4942 19
4943 20
4944 17
4945 18
4946 18
4947 19
4948 18
4949 19
4950 19
4951 20
4952 18
4953 19
4954 19
4955 20
4956 19
4957 20
4958 20
4959 21
4960 17
4961 18
4962 18
4963 19
4964 18
4965 19
4966 19
4967 20
4968 18
4969 19
4970 19
4971 20
4972 19
4973 20
4974 20
4975 21
4976 18
4977 19
4978 19
4979 20
4980 19
4981 20
4982 20
4983 21
4984 19
4985 20
4986 20
4987 21
4988 20
4989 21
4990 21
4991 22
4992 16
4993 17
4994 17
4995 18
4996 17
4997 18
4998 18
4999 19
5000 17
5001 18
5002 18
5003 19
5004 18
5005 19
5006 19
5007 20
5008 17
5009 18
5010 18
5011 19
5012 18
5013 19
5014 19
5015 20
5016 18
5017 19
5018 19
5019 20
5020 19
5021 20
5022 20
5023 21
5024 17
5025 18
5026 18
5027 19
5028 18
5029 19
5030 19
5031 20
5032 18
5033 19
5034 19
5035 20
5036 19
5037 20
5038 20
5039 21
5040 18
5041 19
5042 19
5043 20
5044 19
5045 20
5046 20
5047 21
5048 19
5049 20
5050 20
5051 21
5052 20
5053 21
5054 21
5055 22
5056 17
5057 18
5058 18
5059 19
5060 18
5061 19
5062 19
5063 20
5064 18
5065 19
5066 19
5067 20
5068 19
5069 20
5070 20
5071 21
5072 18
5073 19
5074 19
5075 20
5076 19
5077 20
5078 20
5079 21
5080 19
5081 20
5082 20
5083 21
5084 20
5085 21
5086 21
5087 22
5088 18
5089 19
5090 19
5091 20
5092 19
5093 20
5094 20
5095 21
5096 19
5097 20
5098 20
5099 21
5100 20
5101 21
5102 21
5103 22
5104 19
5105 20
5106 20
5107 21
5108 20
5109 21
5110 21
5111 22
5112 20
5113 21
5114 21
5115 22
5116 21
5117 22
5118 22
5119 23
5120 14
5121 15
5122 15
5123 16
5124 15
5125 16
5126 16
5127 17
5128 15
5129 16
5130 16
5131 17
5132 16
5133 17
5134 17
5135 18
5136 15
5137 16
5138 16
5139 17
5140 16
5141 17
5142 17
5143 18
5144 16
5145 17
5146 17
5147 18
5148 17
5149 18
5150 18
5151 19
5152 15
5153 16
5154 16
5155 17
5156 16
5157 17
5158 17
5159 18
5160 16
5161 17
5162 17
5163 18
5164 17
5165 18
5166 18
5167 19
5168 16
5169 17
5170 17
5171 18
5172 17
5173 18
5174 18
5175 19
5176 17
5177 18
5178 18
5179 19
5180 18
5181 19
5182 19
5183 20
5184 15
5185 16
5186 16
5187 17
5188 16
5189 17
5190 17
5191 18
5192 16
5193 17
5194 17
5195 18
5196 17
5197 18
5198 18
5199 19
5200 16
5201 17
5202 17
5203 18
5204 17
5205 18
5206 18
5207 19
5208 17
5209 18
5210 18
5211 19
5212 18
5213 19
5214 19
5215 20
5216 16
5217 17
5218 17
5219 18
5220 17
5221 18
5222 18
5223 19
5224 17
5225 18
5226 18
5227 19
5228 18
5229 19
5230 19
5231 20
5232 17
5233 18
5234 18
5235 19
5236 18
5237 19
5238 19
5239 20
5240 18
5241 19
5242 19
5243 20
5244 19
5245 20
5246 20
5247 21
5248 15
5249 16
5250 16
5251 17
5252 16
5253 17
5254 17
5255 18
5256 16
5257 17
5258 17
5259 18
5260 17
5261 18
5262 18
5263 19
5264 16
5265 17
5266 17
5267 18
5268 17
5269 18
5270 18
5271 19
5272 17
5273 18
5274 18
5275 19
5276 18
5277 19
5278 19
5279 20
5280 16
5281 17
5282 17
5283 18
5284 17
5285 18
5286 18
5287 19
5288 17
5289 18
5290 18
5291 19
5292 18
5293 19
5294 19
5295 20
5296 17
5297 18
5298 18
5299 19
5300 18
5301 19
5302 19
5303 20
5304 18
5305 19
5306 19
5307 20
5308 19
5309 20
5310 20
5311 21
5312 16
5313 17
5314 17
5315 18
5316 17
5317 18
5318 18
5319 19
5320 17
5321 18
5322 18
5323 19
5324 18
5325 19
5326 19
5327 20
5328 17
5329 18
5330 18
5331 19
5332 18
5333 19
5334 19
5335 20
5336 18
5337 19
5338 19
5339 20
5340 19
5341 20
5342 20
5343 21
5344 17
5345 18
5346 18
5347 19
5348 18
5349 19
5350 19
5351 20
5352 18
5353 19
5354 19
5355 20
5356 19
5357 20
5358 20
5359 21
5360 18
5361 19
5362 19
5363 20
5364 19
5365 20
5366 20
5367 21
5368 19
5369 20
5370 20
5371 21
5372 20
5373 21
5374 21
5375 22
5376 15
5377 16
5378 16
5379 17
5380 16
5381 17
5382 17
5383 18
5384 16
5385 17
5386 17
5387 18
5388 17
5389 18
5390 18
5391 19
5392 16
5393 17
5394 17
5395 18
5396 17
5397 18
5398 18
5399 19
5400 17
5401 18
5402 18
5403 19
5404 18
5405 19
5406 19
5407 20
5408 16
5409 17
5410 17
5411 18
5412 17
5413 18
5414 18
5415 19
5416 17
5417 18
5418 18
5419 19
5420 18
5421 19
5422 19
5423 20
5424 17
5425 18
5426 18
5427 19
5428 18
5429 19
5430 19
5431 20
5432 18
5433 19
5434 19
5435 20
5436 19
5437 20
5438 20
5439 21
5440 16
5441 17
5442 17
5443 18
5444 17
5445 18
5446 18
5447 19
5448 17
5449 18
5450 18
5451 19
5452 18
5453 19
5454 19
5455 20
5456 17
5457 18
5458 18
5459 19
5460 18
5461 19
5462 19
5463 20
5464 18
5465 19
5466 19
5467 20
5468 19
5469 20
5470 20
5471 21
5472 17
5473 18
5474 18
5475 19
5476 18
5477 19
5478 19
5479 20
5480 18
5481 19
5482 19
5483 20
5484 19
5485 20
5486 20
5487 21
5488 18
5489 19
5490 19
5491 20
5492 19
5493 20
5494 20
5495 21
5496 19
5497 20
5498 20
5499 21
5500 20
5501 21
5502 21
5503 22
5504 16
5505 17
5506 17
5507 18
5508 17
5509 18
5510 18
5511 19
5512 17
5513 18
5514 18
5515 19
5516 18
5517 19
5518 19
5519 20
5520 17
5521 18
5522 18
5523 19
5524 18
5525 19
5526 19
5527 20
5528 18
5529 19
5530 19
5531 20
5532 19
5533 20
5534 20
5535 21
5536 17
5537 18
5538 18
5539 19
5540 18
5541 19
5542 19
5543 20
5544 18
5545 19
5546 19
5547 20
5548 19
5549 20
5550 20
5551 21
5552 18
5553 19
5554 19
5555 20
5556 19
5557 20
5558 20
5559 21
5560 19
5561 20
5562 20
5563 21
5564 20
5565 21
5566 21
5567 22
5568 17
5569 18
5570 18
5571 19
5572 18
5573 19
5574 19
5575 20
5576 18
5577 19
5578 19
5579 20
5580 19
5581 20
5582 20
5583 21
5584 18
5585 19
5586 19
5587 20
5588 19
5589 20
5590 20
5591 21
5592 19
5593 20
5594 20
5595 21
5596 20
5597 21
5598 21
5599 22
5600 18
5601 19
5602 19
5603 20
5604 19
5605 20
5606 20
5607 21
5608 19
5609 20
5610 20
5611 21
5612 20
5613 21
5614 21
5615 22
5616 19
5617 20
5618 20
5619 21
5620 20
5621 21
5622 21
5623 22
5624 20
5625 21
5626 21
5627 22
5628 21
5629 22
5630 22
5631 23
5632 15
5633 16
5634 16
5635 17
5636 16
5637 17
5638 17
5639 18
5640 16
5641 17
5642 17
5643 18
5644 17
5645 18
5646 18
5647 19
5648 16
5649 17
5650 17
5651 18
5652 17
5653 18
5654 18
5655 19
5656 17
5657 18
5658 18
5659 19
5660 18
5661 19
5662 19
5663 20
5664 16
5665 17
5666 17
5667 18
5668 17
5669 18
5670 18
5671 19
5672 17
5673 18
5674 18
5675 19
5676 18
5677 19
5678 19
5679 20
5680 17
5681 18
5682 18
5683 19
5684 18
5685 19
5686 19
5687 20
5688 18
5689 19
5690 19
5691 20
5692 19
5693 20
5694 20
5695 21
5696 16
5697 17
5698 17
5699 18
5700 17
5701 18
5702 18
5703 19
5704 17
5705 18
5706 18
5707 19
5708 18
5709 19
5710 19
5711 20
5712 17
5713 18
5714 18
5715 19
5716 18
5717 19
5718 19
5719 20
5720 18
5721 19
5722 19
5723 20
5724 19
5725 20
5726 20
5727 21
5728 17
5729 18
5730 18
5731 19
5732 18
5733 19
5734 19
5735 20
5736 18
5737 19
5738 19
5739 20
5740 19
5741 20
5742 20
5743 21
5744 18
5745 19
5746 19
5747 20
5748 19
5749 20
5750 20
5751 21
5752 19
5753 20
5754 20
5755 21
5756 20
5757 21
5758 21
5759 22
5760 16
5761 17
5762 17
5763 18
5764 17
5765 18
5766 18
5767 19
5768 17
5769 18
5770 18
5771 19
5772 18
5773 19
5774 19
5775 20
5776 17
5777 18
5778 18
5779 19
5780 18
5781 19
5782 19
5783 20
5784 18
5785 19
5786 19
5787 20
5788 19
5789 20
5790 20
5791 21
5792 17
5793 18
5794 18
5795 19
5796 18
5797 19
5798 19
5799 20
5800 18
5801 19
5802 19
5803 20
5804 19
5805 20
5806 20
5807 21
5808 18
5809 19
5810 19
5811 20
5812 19
5813 20
5814 20
5815 21
5816 19
5817 20
5818 20
5819 21
5820 20
5821 21
5822 21
5823 22
5824 17
5825 18
5826 18
5827 19
5828 18
5829 19
5830 19
5831 20
5832 18
5833 19
5834 19
5835 20
5836 19
5837 20
5838 20
5839 21
5840 18
5841 19
5842 19
5843 20
5844 19
5845 20
5846 20
5847 21
5848 19
5849 20
5850 20
5851 21
5852 20
5853 21
5854 21
5855 22
5856 18
5857 19
5858 19
5859 20
5860 19
5861 20
5862 20
5863 21
5864 19
5865 20
5866 20
5867 21
5868 20
5869 21
5870 21
5871 22
5872 19
5873 20
5874 20
5875 21
5876 20
5877 21
5878 21
5879 22
5880 20
5881 21
5882 21
5883 22
5884 21
5885 22
5886 22
5887 23
5888 16
5889 17
5890 17
5891 18
5892 17
5893 18
5894 18
5895 19
5896 17
5897 18
5898 18
5899 19
5900 18
5901 19
5902 19
5903 20
5904 17
5905 18
5906 18
5907 19
5908 18
5909 19
5910 19
5911 20
5912 18
5913 19
5914 19
5915 20
5916 19
5917 20
5918 20
5919 21
5920 17
5921 18
5922 18
5923 19
5924 18
5925 19
5926 19
5927 20
5928 18
5929 19
5930 19
5931 20
5932 19
5933 20
5934 20
5935 21
5936 18
5937 19
5938 19
5939 20
5940 19
5941 20
5942 20
5943 21
5944 19
5945 20
5946 20
5947 21
5948 20
5949 21
5950 21
5951 22
5952 17
5953 18
5954 18
5955 19
5956 18
5957 19
5958 19
5959 20
5960 18
5961 19
5962 19
5963 20
5964 19
5965 20
5966 20
5967 21
5968 18
5969 19
5970 19
5971 20
5972 19
5973 20
5974 20
5975 21
5976 19
5977 20
5978 20
5979 21
5980 20
5981 21
5982 21
5983 22
5984 18
5985 19
5986 19
5987 20
5988 19
5989 20
5990 20
5991 21
5992 19
5993 20
5994 20
5995 21
5996 20
5997 21
5998 21
5999 22
6000 19
6001 20
6002 20
6003 21
6004 20
6005 21
6006 21
6007 22
6008 20
6009 21
6010 21
6011 22
6012 21
6013 22
6014 22
6015 23
6016 17
6017 18
6018 18
6019 19
6020 18
6021 19
6022 19
6023 20
6024 18
6025 19
6026 19
6027 20
6028 19
6029 20
6030 20
6031 21
6032 18
6033 19
6034 19
6035 20
6036 19
6037 20
6038 20
6039 21
6040 19
6041 20
6042 20
6043 21
6044 20
6045 21
6046 21
6047 22
6048 18
6049 19
6050 19
6051 20
6052 19
6053 20
6054 20
6055 21
6056 19
6057 20
6058 20
6059 21
6060 20
6061 21
6062 21
6063 22
6064 19
6065 20
6066 20
6067 21
6068 20
6069 21
6070 21
6071 22
6072 20
6073 21
6074 21
6075 22
6076 21
6077 22
6078 22
6079 23
6080 18
6081 19
6082 19
6083 20
6084 19
6085 20
6086 20
6087 21
6088 19
6089 20
6090 20
6091 21
6092 20
6093 21
6094 21
6095 22
6096 19
6097 20
6098 20
6099 21
6100 20
6101 21
6102 21
6103 22
6104 20
6105 21
6106 21
6107 22
6108 21
6109 22
6110 22
6111 23
6112 19
6113 20
6114 20
6115 21
6116 20
6117 21
6118 21
6119 22
6120 20
6121 21
6122 21
6123 22
6124 21
6125 22
6126 22
6127 23
6128 20
6129 21
6130 21
6131 22
6132 21
6133 22
6134 22
6135 23
6136 21
6137 22
6138 22
6139 23
6140 22
6141 23
6142 23
6143 24
6144 14
6145 15
6146 15
6147 16
6148 15
6149 16
6150 16
6151 17
6152 15
6153 16
6154 16
6155 17
6156 16
6157 17
6158 17
6159 18
6160 15
6161 16
6162 16
6163 17
6164 16
6165 17
6166 17
6167 18
6168 16
6169 17
6170 17
6171 18
6172 17
6173 18
6174 18
6175 19
6176 15
6177 16
6178 16
6179 17
6180 16
6181 17
6182 17
6183 18
6184 16
6185 17
6186 17
6187 18
6188 17
6189 18
6190 18
6191 19
6192 16
6193 17
6194 17
6195 18
6196 17
6197 18
6198 18
6199 19
6200 17
6201 18
6202 18
6203 19
6204 18
6205 19
6206 19
6207 20
6208 15
6209 16
6210 16
6211 17
6212 16
6213 17
6214 17
6215 18
6216 16
6217 17
6218 17
6219 18
6220 17
6221 18
6222 18
6223 19
6224 16
6225 17
6226 17
6227 18
6228 17
6229 18
6230 18
6231 19
6232 17
6233 18
6234 18
6235 19
6236 18
6237 19
6238 19
6239 20
6240 16
6241 17
6242 17
6243 18
6244 17
6245 18
6246 18
6247 19
6248 17
6249 18
6250 18
6251 19
6252 18
6253 19
6254 19
6255 20
6256 17
6257 18
6258 18
6259 19
6260 18
6261 19
6262 19
6263 20
6264 18
6265 19
6266 19
6267 20
6268 19
6269 20
6270 20
6271 21
6272 15
6273 16
6274 16
6275 17
6276 16
6277 17
6278 17
6279 18
6280 16
6281 17
6282 17
6283 18
6284 17
6285 18
6286 18
6287 19
6288 16
6289 17
6290 17
6291 18
6292 17
6293 18
6294 18
6295 19
6296 17
6297 18
6298 18
6299 19
6300 18
6301 19
6302 19
6303 20
6304 16
6305 17
6306 17
6307 18
6308 17
6309 18
6310 18
6311 19
6312 17
6313 18
6314 18
6315 19
6316 18
6317 19
6318 19
6319 20
6320 17
6321 18
6322 18
6323 19
6324 18
6325 19
6326 19
6327 20
6328 18
6329 19
6330 19
6331 20
6332 19
6333 20
6334 20
6335 21
6336 16
6337 17
6338 17
6339 18
6340 17
6341 18
6342 18
6343 19
6344 17
6345 18
6346 18
6347 19
6348 18
6349 19
6350 19
6351 20
6352 17
6353 18
6354 18
6355 19
6356 18
6357 19
6358 19
6359 20
6360 18
6361 19
6362 19
6363 20
6364 19
6365 20
6366 20
6367 21
6368 17
6369 18
6370 18
6371 19
6372 18
6373 19
6374 19
6375 20
6376 18
6377 19
6378 19
6379 20
6380 19
6381 20
6382 20
6383 21
6384 18
6385 19
6386 19
6387 20
6388 19
6389 20
6390 20
6391 21
6392 19
6393 20
6394 20
6395 21
6396 20
6397 21
6398 21
6399 22
6400 15
6401 16
6402 16
6403 17
6404 16
6405 17
6406 17
6407 18
6408 16
6409 17
6410 17
6411 18
6412 17
6413 18
6414 18
6415 19
6416 16
6417 17
6418 17
6419 18
6420 17
6421 18
6422 18
6423 19
6424 17
6425 18
6426 18
6427 19
6428 18
6429 19
6430 19
6431 20
6432 16
6433 17
6434 17
6435 18
6436 17
6437 18
6438 18
6439 19
6440 17
6441 18
6442 18
6443 19
6444 18
6445 19
6446 19
6447 20
6448 17
6449 18
6450 18
6451 19
6452 18
6453 19
6454 19
6455 20
6456 18
6457 19
6458 19
6459 20
6460 19
6461 20
6462 20
6463 21
6464 16
6465 17
6466 17
6467 18
6468 17
6469 18
6470 18
6471 19
6472 17
6473 18
6474 18
6475 19
6476 18
6477 19
6478 19
6479 20
6480 17
6481 18
6482 18
6483 19
6484 18
6485 19
6486 19
6487 20
6488 18
6489 19
6490 19
6491 20
6492 19
6493 20
6494 20
6495 21
6496 17
6497 18
6498 18
6499 19
6500 18
6501 19
6502 19
6503 20
6504 18
6505 19
6506 19
6507 20
6508 19
6509 20
6510 20
6511 21
6512 18
6513 19
6514 19
6515 20
6516 19
6517 20
6518 20
6519 21
6520 19
6521 20
6522 20
6523 21
6524 20
6525 21
6526 21
6527 22
6528 16
6529 17
6530 17
6531 18
6532 17
6533 18
6534 18
6535 19
6536 17
6537 18
6538 18
6539 19
6540 18
6541 19
6542 19
6543 20
6544 17
6545 18
6546 18
6547 19
6548 18
6549 19
6550 19
6551 20
6552 18
6553 19
6554 19
6555 20
6556 19
6557 20
6558 20
6559 21
6560 17
6561 18
6562 18
6563 19
6564 18
6565 19
6566 19
6567 20
6568 18
6569 19
6570 19
6571 20
6572 19
6573 20
6574 20
6575 21
6576 18
6577 19
6578 19
6579 20
6580 19
6581 20
6582 20
6583 21
6584 19
6585 20
6586 20
6587 21
6588 20
6589 21
6590 21
6591 22
6592 17
6593 18
6594 18
6595 19
6596 18
6597 19
6598 19
6599 20
6600 18
6601 19
6602 19
6603 20
6604 19
6605 20
6606 20
6607 21
6608 18
6609 19
6610 19
6611 20
6612 19
6613 20
6614 20
6615 21
6616 19
6617 20
6618 20
6619 21
6620 20
6621 21
6622 21
6623 22
6624 18
6625 19
6626 19
6627 20
6628 19
6629 20
6630 20
6631 21
6632 19
6633 20
6634 20
6635 21
6636 20
6637 21
6638 21
6639 22
6640 19
6641 20
6642 20
6643 21
6644 20
6645 21
6646 21
6647 22
6648 20
6649 21
6650 21
6651 22
6652 21
6653 22
6654 22
6655 23
6656 15
6657 16
6658 16
6659 17
6660 16
6661 17
6662 17
6663 18
6664 16
6665 17
6666 17
6667 18
6668 17
6669 18
6670 18
6671 19
6672 16
6673 17
6674 17
6675 18
6676 17
6677 18
6678 18
6679 19
6680 17
6681 18
6682 18
6683 19
6684 18
6685 19
6686 19
6687 20
6688 16
6689 17
6690 17
6691 18
6692 17
6693 18
6694 18
6695 19
6696 17
6697 18
6698 18
6699 19
6700 18
6701 19
6702 19
6703 20
6704 17
6705 18
6706 18
6707 19
6708 18
6709 19
6710 19
6711 20
6712 18
6713 19
6714 19
6715 20
6716 19
6717 20
6718 20
6719 21
6720 16
6721 17
6722 17
6723 18
6724 17
6725 18
6726 18
6727 19
6728 17
6729 18
6730 18
6731 19
6732 18
6733 19
6734 19
6735 20
6736 17
6737 18
6738 18
6739 19
6740 18
6741 19
6742 19
6743 20
6744 18
6745 19
6746 19
6747 20
6748 19
6749 20
6750 20
6751 21
6752 17
6753 18
6754 18
6755 19
6756 18
6757 19
6758 19
6759 20
6760 18
6761 19
6762 19
6763 20
6764 19
6765 20
6766 20
6767 21
6768 18
6769 19
6770 19
6771 20
6772 19
6773 20
6774 20
6775 21
6776 19
6777 20
6778 20
6779 21
6780 20
6781 21
6782 21
6783 22
6784 16
6785 17
6786 17
6787 18
6788 17
6789 18
6790 18
6791 19
6792 17
6793 18
6794 18
6795 19
6796 18
6797 19
6798 19
6799 20
6800 17
6801 18
6802 18
6803 19
6804 18
6805 19
6806 19
6807 20
6808 18
6809 19
6810 19
6811 20
6812 19
6813 20
6814 20
6815 21
6816 17
6817 18
6818 18
6819 19
6820 18
6821 19
6822 19
6823 20
6824 18
6825 19
6826 19
6827 20
6828 19
6829 20
6830 20
6831 21
6832 18
6833 19
6834 19
6835 20
6836 19
6837 20
6838 20
6839 21
6840 19
6841 20
6842 20
6843 21
6844 20
6845 21
6846 21
6847 22
6848 17
6849 18
6850 18
6851 19
6852 18
6853 19
6854 19
6855 20
6856 18
6857 19
6858 19
6859 20
6860 19
6861 20
6862 20
6863 21
6864 18
6865 19
6866 19
6867 20
6868 19
6869 20
6870 20
6871 21
6872 19
6873 20
6874 20
6875 21
6876 20
6877 21
6878 21
6879 22
6880 18
6881 19
6882 19
6883 20
6884 19
6885 20
6886 20
6887 21
6888 19
6889 20
6890 20
6891 21
6892 20
6893 21
6894 21
6895 22
6896 19
6897 20
6898 20
6899 21
6900 20
6901 21
6902 21
6903 22
6904 20
6905 21
6906 21
6907 22
6908 21
6909 22
6910 22
6911 23
6912 16
6913 17
6914 17
6915 18
6916 17
6917 18
6918 18
6919 19
6920 17
6921 18
6922 18
6923 19
6924 18
6925 19
6926 19
6927 20
6928 17
6929 18
6930 18
6931 19
6932 18
6933 19
6934 19
6935 20
6936 18
6937 19
6938 19
6939 20
6940 19
6941 20
6942 20
6943 21
6944 17
6945 18
6946 18
6947 19
6948 18
6949 19
6950 19
6951 20
6952 18
6953 19
6954 19
6955 20
6956 19
6957 20
6958 20
6959 21
6960 18
6961 19
6962 19
6963 20
6964 19
6965 20
6966 20
6967 21
6968 19
6969 20
6970 20
6971 21
6972 20
6973 21
6974 21
6975 22
6976 17
6977 18
6978 18
6979 19
6980 18
6981 19
6982 19
6983 20
6984 18
6985 19
6986 19
6987 20
6988 19
6989 20
6990 20
6991 21
6992 18
6993 19
6994 19
6995 20
6996 19
6997 20
6998 20
6999 21
7000 19
7001 20
7002 20
7003 21
7004 20
7005 21
7006 21
7007 22
7008 18
7009 19
7010 19
7011 20
7012 19
7013 20
7014 20
7015 21
7016 19
7017 20
7018 20
7019 21
7020 20
7021 21
7022 21
7023 22
7024 19
7025 20
7026 20
7027 21
7028 20
7029 21
7030 21
7031 22
7032 20
7033 21
7034 21
7035 22
7036 21
7037 22
7038 22
7039 23
7040 17
7041 18
7042 18
7043 19
7044 18
7045 19
7046 19
7047 20
7048 18
7049 19
7050 19
7051 20
7052 19
7053 20
7054 20
7055 21
7056 18
7057 19
7058 19
7059 20
7060 19
7061 20
7062 20
7063 21
7064 19
7065 20
7066 20
7067 21
7068 20
7069 21
7070 21
7071 22
7072 18
7073 19
7074 19
7075 20
7076 19
7077 20
7078 20
7079 21
7080 19
7081 20
7082 20
7083 21
7084 20
7085 21
7086 21
7087 22
7088 19
7089 20
7090 20
7091 21
7092 20
7093 21
7094 21
7095 22
7096 20
7097 21
7098 21
7099 22
7100 21
7101 22
7102 22
7103 23
7104 18
7105 19
7106 19
7107 20
7108 19
7109 20
7110 20
7111 21
7112 19
7113 20
7114 20
7115 21
7116 20
7117 21
7118 21
7119 22
7120 19
7121 20
7122 20
7123 21
7124 20
7125 21
7126 21
7127 22
7128 20
7129 21
7130 21
7131 22
7132 21
7133 22
7134 22
7135 23
7136 19
7137 20
7138 20
7139 21
7140 20
7141 21
7142 21
7143 22
7144 20
7145 21
7146 21
7147 22
7148 21
7149 22
7150 22
7151 23
7152 20
7153 21
7154 21
7155 22
7156 21
7157 22
7158 22
7159 23
7160 21
7161 22
7162 22
7163 23
7164 22
7165 23
7166 23
7167 24
7168 15
7169 16
7170 16
7171 17
7172 16
7173 17
7174 17
7175 18
7176 16
7177 17
7178 17
7179 18
7180 17
7181 18
7182 18
7183 19
7184 16
7185 17
7186 17
7187 18
7188 17
7189 18
7190 18
7191 19
7192 17
7193 18
7194 18
7195 19
7196 18
7197 19
7198 19
7199 20
7200 16
7201 17
7202 17
7203 18
7204 17
7205 18
7206 18
7207 19
7208 17
7209 18
7210 18
7211 19
7212 18
7213 19
7214 19
7215 20
7216 17
7217 18
7218 18
7219 19
7220 18
7221 19
7222 19
7223 20
7224 18
7225 19
7226 19
7227 20
7228 19
7229 20
7230 20
7231 21
7232 16
7233 17
7234 17
7235 18
7236 17
7237 18
7238 18
7239 19
7240 17
7241 18
7242 18
7243 19
7244 18
7245 19
7246 19
7247 20
7248 17
7249 18
7250 18
7251 19
7252 18
7253 19
7254 19
7255 20
7256 18
7257 19
7258 19
7259 20
7260 19
7261 20
7262 20
7263 21
7264 17
7265 18
7266 18
7267 19
7268 18
7269 19
7270 19
7271 20
7272 18
7273 19
7274 19
7275 20
7276 19
7277 20
7278 20
7279 21
7280 18
7281 19
7282 19
7283 20
7284 19
7285 20
7286 20
7287 21
7288 19
7289 20
7290 20
7291 21
7292 20
7293 21
7294 21
7295 22
7296 16
7297 17
7298 17
7299 18
7300 17
7301 18
7302 18
7303 19
7304 17
7305 18
7306 18
7307 19
7308 18
7309 19
7310 19
7311 20
7312 17
7313 18
7314 18
7315 19
7316 18
7317 19
7318 19
7319 20
7320 18
7321 19
7322 19
7323 20
7324 19
7325 20
7326 20
7327 21
7328 17
7329 18
7330 18
7331 19
7332 18
7333 19
7334 19
7335 20
7336 18
7337 19
7338 19
7339 20
7340 19
7341 20
7342 20
7343 21
7344 18
7345 19
7346 19
7347 20
7348 19
7349 20
7350 20
7351 21
7352 19
7353 20
7354 20
7355 21
7356 20
7357 21
7358 21
7359 22
7360 17
7361 18
7362 18
7363 19
7364 18
7365 19
7366 19
7367 20
7368 18
7369 19
7370 19
7371 20
7372 19
7373 20
7374 20
7375 21
7376 18
7377 19
7378 19
7379 20
7380 19
7381 20
7382 20
7383 21
7384 19
7385 20
7386 20
7387 21
7388 20
7389 21
7390 21
7391 22
7392 18
7393 19
7394 19
7395 20
7396 19
7397 20
7398 20
7399 21
7400 19
7401 20
7402 20
7403 21
7404 20
7405 21
7406 21
7407 22
7408 19
7409 20
7410 20
7411 21
7412 20
7413 21
7414 21
7415 22
7416 20
7417 21
7418 21
7419 22
7420 21
7421 22
7422 22
7423 23
7424 16
7425 17
7426 17
7427 18
7428 17
7429 18
7430 18
7431 19
7432 17
7433 18
7434 18
7435 19
7436 18
7437 19
7438 19
7439 20
7440 17
7441 18
7442 18
7443 19
7444 18
7445 19
7446 19
7447 20
7448 18
7449 19
7450 19
7451 20
7452 19
7453 20
7454 20
7455 21
7456 17
7457 18
7458 18
7459 19
7460 18
7461 19
7462 19
7463 20
7464 18
7465 19
7466 19
7467 20
7468 19
7469 20
7470 20
7471 21
7472 18
7473 19
7474 19
7475 20
7476 19
7477 20
7478 20
7479 21
7480 19
7481 20
7482 20
7483 21
7484 20
7485 21
7486 21
7487 22
7488 17
7489 18
7490 18
7491 19
7492 18
7493 19
7494 19
7495 20
7496 18
7497 19
7498 19
7499 20
7500 19
7501 20
7502 20
7503 21
7504 18
7505 19
7506 19
7507 20
7508 19
7509 20
7510 20
7511 21
7512 19
7513 20
7514 20
7515 21
7516 20
7517 21
7518 21
7519 22
7520 18
7521 19
7522 19
7523 20
7524 19
7525 20
7526 20
7527 21
7528 19
7529 20
7530 20
7531 21
7532 20
7533 21
7534 21
7535 22
7536 19
7537 20
7538 20
7539 21
7540 20
7541 21
7542 21
7543 22
7544 20
7545 21
7546 21
7547 22
7548 21
7549 22
7550 22
7551 23
7552 17
7553 18
7554 18
7555 19
7556 18
7557 19
7558 19
7559 20
7560 18
7561 19
7562 19
7563 20
7564 19
7565 20
7566 20
7567 21
7568 18
7569 19
7570 19
7571 20
7572 19
7573 20
7574 20
7575 21
7576 19
7577 20
7578 20
7579 21
7580 20
7581 21
7582 21
7583 22
7584 18
7585 19
7586 19
7587 20
7588 19
7589 20
7590 20
7591 21
7592 19
7593 20
7594 20
7595 21
7596 20
7597 21
7598 21
7599 22
7600 19
7601 20
7602 20
7603 21
7604 20
7605 21
7606 21
7607 22
7608 20
7609 21
7610 21
7611 22
7612 21
7613 22
7614 22
7615 23
7616 18
7617 19
7618 19
7619 20
7620 19
7621 20
7622 20
7623 21
7624 19
7625 20
7626 20
7627 21
7628 20
7629 21
7630 21
7631 22
7632 19
7633 20
7634 20
7635 21
7636 20
7637 21
7638 21
7639 22
7640 20
7641 21
7642 21
7643 22
7644 21
7645 22
7646 22
7647 23
7648 19
7649 20
7650 20
7651 21
7652 20
7653 21
7654 21
7655 22
7656 20
7657 21
7658 21
7659 22
7660 21
7661 22
7662 22
7663 23
7664 20
7665 21
7666 21
7667 22
7668 21
7669 22
7670 22
7671 23
7672 21
7673 22
7674 22
7675 23
7676 22
7677 23
7678 23
7679 24
7680 16
7681 17
7682 17
7683 18
7684 17
7685 18
7686 18
7687 19
7688 17
7689 18
7690 18
7691 19
7692 18
7693 19
7694 19
7695 20
7696 17
7697 18
7698 18
7699 19
7700 18
7701 19
7702 19
7703 20
7704 18
7705 19
7706 19
7707 20
7708 19
7709 20
7710 20
7711 21
7712 17
7713 18
7714 18
7715 19
7716 18
7717 19
7718 19
7719 20
7720 18
7721 19
7722 19
7723 20
7724 19
7725 20
7726 20
7727 21
7728 18
7729 19
7730 19
7731 20
7732 19
7733 20
7734 20
7735 21
7736 19
7737 20
7738 20
7739 21
7740 20
7741 21
7742 21
7743 22
7744 17
7745 18
7746 18
7747 19
7748 18
7749 19
7750 19
7751 20
7752 18
7753 19
7754 19
7755 20
7756 19
7757 20
7758 20
7759 21
7760 18
7761 19
7762 19
7763 20
7764 19
7765 20
7766 20
7767 21
7768 19
7769 20
7770 20
7771 21
7772 20
7773 21
7774 21
7775 22
7776 18
7777 19
7778 19
7779 20
7780 19
7781 20
7782 20
7783 21
7784 19
7785 20
7786 20
7787 21
7788 20
7789 21
7790 21
7791 22
7792 19
7793 20
7794 20
7795 21
7796 20
7797 21
7798 21
7799 22
7800 20
7801 21
7802 21
7803 22
7804 21
7805 22
7806 22
7807 23
7808 17
7809 18
7810 18
7811 19
7812 18
7813 19
7814 19
7815 20
7816 18
7817 19
7818 19
7819 20
7820 19
7821 20
7822 20
7823 21
7824 18
7825 19
7826 19
7827 20
7828 19
7829 20
7830 20
7831 21
7832 19
7833 20
7834 20
7835 21
7836 20
7837 21
7838 21
7839 22
7840 18
7841 19
7842 19
7843 20
7844 19
7845 20
7846 20
7847 21
7848 19
7849 20
7850 20
7851 21
7852 20
7853 21
7854 21
7855 22
7856 19
7857 20
7858 20
7859 21
7860 20
7861 21
7862 21
7863 22
7864 20
7865 21
7866 21
7867 22
7868 21
7869 22
7870 22
7871 23
7872 18
7873 19
7874 19
7875 20
7876 19
7877 20
7878 20
7879 21
7880 19
7881 20
7882 20
7883 21
7884 20
7885 21
7886 21
7887 22
7888 19
7889 20
7890 20
7891 21
7892 20
7893 21
7894 21
7895 22
7896 20
7897 21
7898 21
7899 22
7900 21
7901 22
7902 22
7903 23
7904 19
7905 20
7906 20
7907 21
7908 20
7909 21
7910 21
7911 22
7912 20
7913 21
7914 21
7915 22
7916 21
7917 22
7918 22
7919 23
7920 20
7921 21
7922 21
7923 22
7924 21
7925 22
7926 22
7927 23
7928 21
7929 22
7930 22
7931 23
7932 22
7933 23
7934 23
7935 24
7936 17
7937 18
7938 18
7939 19
7940 18
7941 19
7942 19
7943 20
7944 18
7945 19
7946 19
7947 20
7948 19
7949 20
7950 20
7951 21
7952 18
7953 19
7954 19
7955 20
7956 19
7957 20
7958 20
7959 21
7960 19
7961 20
7962 20
7963 21
7964 20
7965 21
7966 21
7967 22
7968 18
7969 19
7970 19
7971 20
7972 19
7973 20
7974 20
7975 21
7976 19
7977 20
7978 20
7979 21
7980 20
7981 21
7982 21
7983 22
7984 19
7985 20
7986 20
7987 21
7988 20
7989 21
7990 21
7991 22
7992 20
7993 21
7994 21
7995 22
7996 21
7997 22
7998 22
7999 23
8000 18
8001 19
8002 19
8003 20
8004 19
8005 20
8006 20
8007 21
8008 19
8009 20
8010 20
8011 21
8012 20
8013 21
8014 21
8015 22
8016 19
8017 20
8018 20
8019 21
8020 20
8021 21
8022 21
8023 22
8024 20
8025 21
8026 21
8027 22
8028 21
8029 22
8030 22
8031 23
8032 19
8033 20
8034 20
8035 21
8036 20
8037 21
8038 21
8039 22
8040 20
8041 21
8042 21
8043 22
8044 21
8045 22
8046 22
8047 23
8048 20
8049 21
8050 21
8051 22
8052 21
8053 22
8054 22
8055 23
8056 21
8057 22
8058 22
8059 23
8060 22
8061 23
8062 23
8063 24
8064 18
8065 19
8066 19
8067 20
8068 19
8069 20
8070 20
8071 21
8072 19
8073 20
8074 20
8075 21
8076 20
8077 21
8078 21
8079 22
8080 19
8081 20
8082 20
8083 21
8084 20
8085 21
8086 21
8087 22
8088 20
8089 21
8090 21
8091 22
8092 21
8093 22
8094 22
8095 23
8096 19
8097 20
8098 20
8099 21
8100 20
8101 21
8102 21
8103 22
8104 20
8105 21
8106 21
8107 22
8108 21
8109 22
8110 22
8111 23
8112 20
8113 21
8114 21
8115 22
8116 21
8117 22
8118 22
8119 23
8120 21
8121 22
8122 22
8123 23
8124 22
8125 23
8126 23
8127 24
8128 19
8129 20
8130 20
8131 21
8132 20
8133 21
8134 21
8135 22
8136 20
8137 21
8138 21
8139 22
8140 21
8141 22
8142 22
8143 23
8144 20
8145 21
8146 21
8147 22
8148 21
8149 22
8150 22
8151 23
8152 21
8153 22
8154 22
8155 23
8156 22
8157 23
8158 23
8159 24
8160 20
8161 21
8162 21
8163 22
8164 21
8165 22
8166 22
8167 23
8168 21
8169 22
8170 22
8171 23
8172 22
8173 23
8174 23
8175 24
8176 21
8177 22
8178 22
8179 23
8180 22
8181 23
8182 23
8183 24
8184 22
8185 23
8186 23
8187 24
8188 23
8189 24
8190 24
8191 25
8192 14
8193 15
8194 15
8195 16
8196 15
8197 16
8198 16
8199 17
8200 15
8201 16
8202 16
8203 17
8204 16
8205 17
8206 17
8207 18
8208 15
8209 16
8210 16
8211 17
8212 16
8213 17
8214 17
8215 18
8216 16
8217 17
8218 17
8219 18
8220 17
8221 18
8222 18
8223 19
8224 15
8225 16
8226 16
8227 17
8228 16
8229 17
8230 17
8231 18
8232 16
8233 17
8234 17
8235 18
8236 17
8237 18
8238 18
8239 19
8240 16
8241 17
8242 17
8243 18
8244 17
8245 18
8246 18
8247 19
8248 17
8249 18
8250 18
8251 19
8252 18
8253 19
8254 19
8255 20
8256 15
8257 16
8258 16
8259 17
8260 16
8261 17
8262 17
8263 18
8264 16
8265 17
8266 17
8267 18
8268 17
8269 18
8270 18
8271 19
8272 16
8273 17
8274 17
8275 18
8276 17
8277 18
8278 18
8279 19
8280 17
8281 18
8282 18
8283 19
8284 18
8285 19
8286 19
8287 20
8288 16
8289 17
8290 17
8291 18
8292 17
8293 18
8294 18
8295 19
8296 17
8297 18
8298 18
8299 19
8300 18
8301 19
8302 19
8303 20
8304 17
8305 18
8306 18
8307 19
8308 18
8309 19
8310 19
8311 20
8312 18
8313 19
8314 19
8315 20
8316 19
8317 20
8318 20
8319 21
8320 15
8321 16
8322 16
8323 17
8324 16
8325 17
8326 17
8327 18
8328 16
8329 17
8330 17
8331 18
8332 17
8333 18
8334 18
8335 19
8336 16
8337 17
8338 17
8339 18
8340 17
8341 18
8342 18
8343 19
8344 17
8345 18
8346 18
8347 19
8348 18
8349 19
8350 19
8351 20
8352 16
8353 17
8354 17
8355 18
8356 17
8357 18
8358 18
8359 19
8360 17
8361 18
8362 18
8363 19
8364 18
8365 19
8366 19
8367 20
8368 17
8369 18
8370 18
8371 19
8372 18
8373 19
8374 19
8375 20
8376 18
8377 19
8378 19
8379 20
8380 19
8381 20
8382 20
8383 21
8384 16
8385 17
8386 17
8387 18
8388 17
8389 18
8390 18
8391 19
8392 17
8393 18
8394 18
8395 19
8396 18
8397 19
8398 19
8399 20
8400 17
8401 18
8402 18
8403 19
8404 18
8405 19
8406 19
8407 20
8408 18
8409 19
8410 19
8411 20
8412 19
8413 20
8414 20
8415 21
8416 17
8417 18
8418 18
8419 19
8420 18
8421 19
8422 19
8423 20
8424 18
8425 19
8426 19
8427 20
8428 19
8429 20
8430 20
8431 21
8432 18
8433 19
8434 19
8435 20
8436 19
8437 20
8438 20
8439 21
8440 19
8441 20
8442 20
8443 21
8444 20
8445 21
8446 21
8447 22
8448 15
8449 16
8450 16
8451 17
8452 16
8453 17
8454 17
8455 18
8456 16
8457 17
8458 17
8459 18
8460 17
8461 18
8462 18
8463 19
8464 16
8465 17
8466 17
8467 18
8468 17
8469 18
8470 18
8471 19
8472 17
8473 18
8474 18
8475 19
8476 18
8477 19
8478 19
8479 20
8480 16
8481 17
8482 17
8483 18
8484 17
8485 18
8486 18
8487 19
8488 17
8489 18
8490 18
8491 19
8492 18
8493 19
8494 19
8495 20
8496 17
8497 18
8498 18
8499 19
8500 18
8501 19
8502 19
8503 20
8504 18
8505 19
8506 19
8507 20
8508 19
8509 20
8510 20
8511 21
8512 16
8513 17
8514 17
8515 18
8516 17
8517 18
8518 18
8519 19
8520 17
8521 18
8522 18
8523 19
8524 18
8525 19
8526 19
8527 20
8528 17
8529 18
8530 18
8531 19
8532 18
8533 19
8534 19
8535 20
8536 18
8537 19
8538 19
8539 20
8540 19
8541 20
8542 20
8543 21
8544 17
8545 18
8546 18
8547 19
8548 18
8549 19
8550 19
8551 20
8552 18
8553 19
8554 19
8555 20
8556 19
8557 20
8558 20
8559 21
8560 18
8561 19
8562 19
8563 20
8564 19
8565 20
8566 20
8567 21
8568 19
8569 20
8570 20
8571 21
8572 20
8573 21
8574 21
8575 22
8576 16
8577 17
8578 17
8579 18
8580 17
8581 18
8582 18
8583 19
8584 17
8585 18
8586 18
8587 19
8588 18
8589 19
8590 19
8591 20
8592 17
8593 18
8594 18
8595 19
8596 18
8597 19
8598 19
8599 20
8600 18
8601 19
8602 19
8603 20
8604 19
8605 20
8606 20
8607 21
8608 17
8609 18
8610 18
8611 19
8612 18
8613 19
8614 19
8615 20
8616 18
8617 19
8618 19
8619 20
8620 19
8621 20
8622 20
8623 21
8624 18
8625 19
8626 19
8627 20
8628 19
8629 20
8630 20
8631 21
8632 19
8633 20
8634 20
8635 21
8636 20
8637 21
8638 21
8639 22
8640 17
8641 18
8642 18
8643 19
8644 18
8645 19
8646 19
8647 20
8648 18
8649 19
8650 19
8651 20
8652 19
8653 20
8654 20
8655 21
8656 18
8657 19
8658 19
8659 20
8660 19
8661 20
8662 20
8663 21
8664 19
8665 20
8666 20
8667 21
8668 20
8669 21
8670 21
8671 22
8672 18
8673 19
8674 19
8675 20
8676 19
8677 20
8678 20
8679 21
8680 19
8681 20
8682 20
8683 21
8684 20
8685 21
8686 21
8687 22
8688 19
8689 20
8690 20
8691 21
8692 20
8693 21
8694 21
8695 22
8696 20
8697 21
8698 21
8699 22
8700 21
8701 22
8702 22
8703 23
8704 15
8705 16
8706 16
8707 17
8708 16
8709 17
8710 17
8711 18
8712 16
8713 17
8714 17
8715 18
8716 17
8717 18
8718 18
8719 19
8720 16
8721 17
8722 17
8723 18
8724 17
8725 18
8726 18
8727 19
8728 17
8729 18
8730 18
8731 19
8732 18
8733 19
8734 19
8735 20
8736 16
8737 17
8738 17
8739 18
8740 17
8741 18
8742 18
8743 19
8744 17
8745 18
8746 18
8747 19
8748 18
8749 19
8750 19
8751 20
8752 17
8753 18
8754 18
8755 19
8756 18
8757 19
8758 19
8759 20
8760 18
8761 19
8762 19
8763 20
8764 19
8765 20
8766 20
8767 21
8768 16
8769 17
8770 17
8771 18
8772 17
8773 18
8774 18
8775 19
8776 17
8777 18
8778 18
8779 19
8780 18
8781 19
8782 19
8783 20
8784 17
8785 18
8786 18
8787 19
8788 18
8789 19
8790 19
8791 20
8792 18
8793 19
8794 19
8795 20
8796 19
8797 20
8798 20
8799 21
8800 17
8801 18
8802 18
8803 19
8804 18
8805 19
8806 19
8807 20
8808 18
8809 19
8810 19
8811 20
8812 19
8813 20
8814 20
8815 21
8816 18
8817 19
8818 19
8819 20
8820 19
8821 20
8822 20
8823 21
8824 19
8825 20
8826 20
8827 21
8828 20
8829 21
8830 21
8831 22
8832 16
8833 17
8834 17
8835 18
8836 17
8837 18
8838 18
8839 19
8840 17
8841 18
8842 18
8843 19
8844 18
8845 19
8846 19
8847 20
8848 17
8849 18
8850 18
8851 19
8852 18
8853 19
8854 19
8855 20
8856 18
8857 19
8858 19
8859 20
8860 19
8861 20
8862 20
8863 21
8864 17
8865 18
8866 18
8867 19
8868 18
8869 19
8870 19
8871 20
8872 18
8873 19
8874 19
8875 20
8876 19
8877 20
8878 20
8879 21
8880 18
8881 19
8882 19
8883 20
8884 19
8885 20
8886 20
8887 21
8888 19
8889 20
8890 20
8891 21
8892 20
8893 21
8894 21
8895 22
8896 17
8897 18
8898 18
8899 19
8900 18
8901 19
8902 19
8903 20
8904 18
8905 19
8906 19
8907 20
8908 19
8909 20
8910 20
8911 21
8912 18
8913 19
8914 19
8915 20
8916 19
8917 20
8918 20
8919 21
8920 19
8921 20
8922 20
8923 21
8924 20
8925 21
8926 21
8927 22
8928 18
8929 19
8930 19
8931 20
8932 19
8933 20
8934 20
8935 21
8936 19
8937 20
8938 20
8939 21
8940 20
8941 21
8942 21
8943 22
8944 19
8945 20
8946 20
8947 21
8948 20
8949 21
8950 21
8951 22
8952 20
8953 21
8954 21
8955 22
8956 21
8957 22
8958 22
8959 23
8960 16
8961 17
8962 17
8963 18
8964 17
8965 18
8966 18
8967 19
8968 17
8969 18
8970 18
8971 19
8972 18
8973 19
8974 19
8975 20
8976 17
8977 18
8978 18
8979 19
8980 18
8981 19
8982 19
8983 20
8984 18
8985 19
8986 19
8987 20
8988 19
8989 20
8990 20
8991 21
8992 17
8993 18
8994 18
8995 19
8996 18
8997 19
8998 19
8999 20
9000 18
9001 19
9002 19
9003 20
9004 19
9005 20
9006 20
9007 21
9008 18
9009 19
9010 19
9011 20
9012 19
9013 20
9014 20
9015 21
9016 19
9017 20
9018 20
9019 21
9020 20
9021 21
9022 21
9023 22
9024 17
9025 18
9026 18
9027 19
9028 18
9029 19
9030 19
9031 20
9032 18
9033 19
9034 19
9035 20
9036 19
9037 20
9038 20
9039 21
9040 18
9041 19
9042 19
9043 20
9044 19
9045 20
9046 20
9047 21
9048 19
9049 20
9050 20
9051 21
9052 20
9053 21
9054 21
9055 22
9056 18
9057 19
9058 19
9059 20
9060 19
9061 20
9062 20
9063 21
9064 19
9065 20
9066 20
9067 21
9068 20
9069 21
9070 21
9071 22
9072 19
9073 20
9074 20
9075 21
9076 20
9077 21
9078 21
9079 22
9080 20
9081 21
9082 21
9083 22
9084 21
9085 22
9086 22
9087 23
9088 17
9089 18
9090 18
9091 19
9092 18
9093 19
9094 19
9095 20
9096 18
9097 19
9098 19
9099 20
9100 19
9101 20
9102 20
9103 21
9104 18
9105 19
9106 19
9107 20
9108 19
9109 20
9110 20
9111 21
9112 19
9113 20
9114 20
9115 21
9116 20
9117 21
9118 21
9119 22
9120 18
9121 19
9122 19
9123 20
9124 19
9125 20
9126 20
9127 21
9128 19
9129 20
9130 20
9131 21
9132 20
9133 21
9134 21
9135 22
9136 19
9137 20
9138 20
9139 21
9140 20
9141 21
9142 21
9143 22
9144 20
9145 21
9146 21
9147 22
9148 21
9149 22
9150 22
9151 23
9152 18
9153 19
9154 19
9155 20
9156 19
9157 20
9158 20
9159 21
9160 19
9161 20
9162 20
9163 21
9164 20
9165 21
9166 21
9167 22
9168 19
9169 20
9170 20
9171 21
9172 20
9173 21
9174 21
9175 22
9176 20
9177 21
9178 21
9179 22
9180 21
9181 22
9182 22
9183 23
9184 19
9185 20
9186 20
9187 21
9188 20
9189 21
9190 21
9191 22
9192 20
9193 21
9194 21
9195 22
9196 21
9197 22
9198 22
9199 23
9200 20
9201 21
9202 21
9203 22
9204 21
9205 22
9206 22
9207 23
9208 21
9209 22
9210 22
9211 23
9212 22
9213 23
9214 23
9215 24
9216 15
9217 16
9218 16
9219 17
9220 16
9221 17
9222 17
9223 18
9224 16
9225 17
9226 17
9227 18
9228 17
9229 18
9230 18
9231 19
9232 16
9233 17
9234 17
9235 18
9236 17
9237 18
9238 18
9239 19
9240 17
9241 18
9242 18
9243 19
9244 18
9245 19
9246 19
9247 20
9248 16
9249 17
9250 17
9251 18
9252 17
9253 18
9254 18
9255 19
9256 17
9257 18
9258 18
9259 19
9260 18
9261 19
9262 19
9263 20
9264 17
9265 18
9266 18
9267 19
9268 18
9269 19
9270 19
9271 20
9272 18
9273 19
9274 19
9275 20
9276 19
9277 20
9278 20
9279 21
9280 16
9281 17
9282 17
9283 18
9284 17
9285 18
9286 18
9287 19
9288 17
9289 18
9290 18
9291 19
9292 18
9293 19
9294 19
9295 20
9296 17
9297 18
9298 18
9299 19
9300 18
9301 19
9302 19
9303 20
9304 18
9305 19
9306 19
9307 20
9308 19
9309 20
9310 20
9311 21
9312 17
9313 18
9314 18
9315 19
9316 18
9317 19
9318 19
9319 20
9320 18
9321 19
9322 19
9323 20
9324 19
9325 20
9326 20
9327 21
9328 18
9329 19
9330 19
9331 20
9332 19
9333 20
9334 20
9335 21
9336 19
9337 20
9338 20
9339 21
9340 20
9341 21
9342 21
9343 22
9344 16
9345 17
9346 17
9347 18
9348 17
9349 18
9350 18
9351 19
9352 17
9353 18
9354 18
9355 19
9356 18
9357 19
9358 19
9359 20
9360 17
9361 18
9362 18
9363 19
9364 18
9365 19
9366 19
9367 20
9368 18
9369 19
9370 19
9371 20
9372 19
9373 20
9374 20
9375 21
9376 17
9377 18
9378 18
9379 19
9380 18
9381 19
9382 19
9383 20
9384 18
9385 19
9386 19
9387 20
9388 19
9389 20
9390 20
9391 21
9392 18
9393 19
9394 19
9395 20
9396 19
9397 20
9398 20
9399 21
9400 19
9401 20
9402 20
9403 21
9404 20
9405 21
9406 21
9407 22
9408 17
9409 18
9410 18
9411 19
9412 18
9413 19
9414 19
9415 20
9416 18
9417 19
9418 19
9419 20
9420 19
9421 20
9422 20
9423 21
9424 18
9425 19
9426 19
9427 20
9428 19
9429 20
9430 20
9431 21
9432 19
9433 20
9434 20
9435 21
9436 20
9437 21
9438 21
9439 22
9440 18
9441 19
9442 19
9443 20
9444 19
9445 20
9446 20
9447 21
9448 19
9449 20
9450 20
9451 21
9452 20
9453 21
9454 21
9455 22
9456 19
9457 20
9458 20
9459 21
9460 20
9461 21
9462 21
9463 22
9464 20
9465 21
9466 21
9467 22
9468 21
9469 22
9470 22
9471 23
9472 16
9473 17
9474 17
9475 18
9476 17
9477 18
9478 18
9479 19
9480 17
9481 18
9482 18
9483 19
9484 18
9485 19
9486 19
9487 20
9488 17
9489 18
9490 18
9491 19
9492 18
9493 19
9494 19
9495 20
9496 18
9497 19
9498 19
9499 20
9500 19
9501 20
9502 20
9503 21
9504 17
9505 18
9506 18
9507 19
9508 18
9509 19
9510 19
9511 20
9512 18
9513 19
9514 19
9515 20
9516 19
9517 20
9518 20
9519 21
9520 18
9521 19
9522 19
9523 20
9524 19
9525 20
9526 20
9527 21
9528 19
9529 20
9530 20
9531 21
9532 20
9533 21
9534 21
9535 22
9536 17
9537 18
9538 18
9539 19
9540 18
9541 19
9542 19
9543 20
9544 18
9545 19
9546 19
9547 20
9548 19
9549 20
9550 20
9551 21
9552 18
9553 19
9554 19
9555 20
9556 19
9557 20
9558 20
9559 21
9560 19
9561 20
9562 20
9563 21
9564 20
9565 21
9566 21
9567 22
9568 18
9569 19
9570 19
9571 20
9572 19
9573 20
9574 20
9575 21
9576 19
9577 20
9578 20
9579 21
9580 20
9581 21
9582 21
9583 22
9584 19
9585 20
9586 20
9587 21
9588 20
9589 21
9590 21
9591 22
9592 20
9593 21
9594 21
9595 22
9596 21
9597 22
9598 22
9599 23
9600 17
9601 18
9602 18
9603 19
9604 18
9605 19
9606 19
9607 20
9608 18
9609 19
9610 19
9611 20
9612 19
9613 20
9614 20
9615 21
9616 18
9617 19
9618 19
9619 20
9620 19
9621 20
9622 20
9623 21
9624 19
9625 20
9626 20
9627 21
9628 20
9629 21
9630 21
9631 22
9632 18
9633 19
9634 19
9635 20
9636 19
9637 20
9638 20
9639 21
9640 19
9641 20
9642 20
9643 21
9644 20
9645 21
9646 21
9647 22
9648 19
9649 20
9650 20
9651 21
9652 20
9653 21
9654 21
9655 22
9656 20
9657 21
9658 21
9659 22
9660 21
9661 22
9662 22
9663 23
9664 18
9665 19
9666 19
9667 20
9668 19
9669 20
9670 20
9671 21
9672 19
9673 20
9674 20
9675 21
9676 20
9677 21
9678 21
9679 22
9680 19
9681 20
9682 20
9683 21
9684 20
9685 21
9686 21
9687 22
9688 20
9689 21
9690 21
9691 22
9692 21
9693 22
9694 22
9695 23
9696 19
9697 20
9698 20
9699 21
9700 20
9701 21
9702 21
9703 22
9704 20
9705 21
9706 21
9707 22
9708 21
9709 22
9710 22
9711 23
9712 20
9713 21
9714 21
9715 22
9716 21
9717 22
9718 22
9719 23
9720 21
9721 22
9722 22
9723 23
9724 22
9725 23
9726 23
9727 24
9728 16
9729 17
9730 17
9731 18
9732 17
9733 18
9734 18
9735 19
9736 17
9737 18
9738 18
9739 19
9740 18
9741 19
9742 19
9743 20
9744 17
9745 18
9746 18
9747 19
9748 18
9749 19
9750 19
9751 20
9752 18
9753 19
9754 19
9755 20
9756 19
9757 20
9758 20
9759 21
9760 17
9761 18
9762 18
9763 19
9764 18
9765 19
9766 19
9767 20
9768 18
9769 19
9770 19
9771 20
9772 19
9773 20
9774 20
9775 21
9776 18
9777 19
9778 19
9779 20
9780 19
9781 20
9782 20
9783 21
9784 19
9785 20
9786 20
9787 21
9788 20
9789 21
9790 21
9791 22
9792 17
9793 18
9794 18
9795 19
9796 18
9797 19
9798 19
9799 20
9800 18
9801 19
9802 19
9803 20
9804 19
9805 20
9806 20
9807 21
9808 18
9809 19
9810 19
9811 20
9812 19
9813 20
9814 20
9815 21
9816 19
9817 20
9818 20
9819 21
9820 20
9821 21
9822 21
9823 22
9824 18
9825 19
9826 19
9827 20
9828 19
9829 20
9830 20
9831 21
9832 19
9833 20
9834 20
9835 21
9836 20
9837 21
9838 21
9839 22
9840 19
9841 20
9842 20
9843 21
9844 20
9845 21
9846 21
9847 22
9848 20
9849 21
9850 21
9851 22
9852 21
9853 22
9854 22
9855 23
9856 17
9857 18
9858 18
9859 19
9860 18
9861 19
9862 19
9863 20
9864 18
9865 19
9866 19
9867 20
9868 19
9869 20
9870 20
9871 21
9872 18
9873 19
9874 19
9875 20
9876 19
9877 20
9878 20
9879 21
9880 19
9881 20
9882 20
9883 21
9884 20
9885 21
9886 21
9887 22
9888 18
9889 19
9890 19
9891 20
9892 19
9893 20
9894 20
9895 21
9896 19
9897 20
9898 20
9899 21
9900 20
9901 21
9902 21
9903 22
9904 19
9905 20
9906 20
9907 21
9908 20
9909 21
9910 21
9911 22
9912 20
9913 21
9914 21
9915 22
9916 21
9917 22
9918 22
9919 23
9920 18
9921 19
9922 19
9923 20
9924 19
9925 20
9926 20
9927 21
9928 19
9929 20
9930 20
9931 21
9932 20
9933 21
9934 21
9935 22
9936 19
9937 20
9938 20
9939 21
9940 20
9941 21
9942 21
9943 22
9944 20
9945 21
9946 21
9947 22
9948 21
9949 22
9950 22
9951 23
9952 19
9953 20
9954 20
9955 21
9956 20
9957 21
9958 21
9959 22
9960 20
9961 21
9962 21
9963 22
9964 21
9965 22
9966 22
9967 23
9968 20
9969 21
9970 21
9971 22
9972 21
9973 22
9974 22
9975 23
9976 21
9977 22
9978 22
9979 23
9980 22
9981 23
9982 23
9983 24
9984 17
9985 18
9986 18
9987 19
9988 18
9989 19
9990 19
9991 20
9992 18
9993 19
9994 19
9995 20
9996 19
9997 20
9998 20
9999 21
10000 18
