1 9
2 15
3 28
4 40
5 52
6 56
7 65
8 68
9 80
10 85
11 105
12 125
13 126
14 130
15 150
16 156
17 170
18 186
19 190
20 195
21 215
22 216
23 217
24 235
25 246
26 252
27 255
28 259
29 282
30 301
31 312
32 342
33 343
34 344
35 372
36 378
37 385
38 400
39 408
40 427
41 434
42 438
43 456
44 468
45 476
46 498
47 504
48 512
49 513
50 518
51 534
52 560
53 564
54 568
55 585
56 594
57 602
58 624
59 644
60 651
61 657
62 680
63 688
64 693
65 729
66 730
67 735
68 744
69 777
70 800
71 801
72 819
73 820
74 856
75 861
76 868
77 873
78 910
79 912
80 945
81 952
82 968
83 994
84 1000
85 1001
86 1017
87 1024
88 1026
89 1032
90 1036
91 1078
92 1085
93 1088
94 1090
95 1098
96 1111
97 1127
98 1144
99 1169
100 1170
101 1180
102 1200
103 1211
104 1221
105 1242
106 1253
107 1256
108 1270
109 1295
110 1312
111 1314
112 1331
113 1332
114 1360
115 1368
116 1376
117 1386
118 1432
119 1441
120 1450
121 1458
122 1460
123 1464
124 1488
125 1530
126 1539
127 1544
128 1550
129 1551
130 1596
131 1600
132 1611
133 1640
134 1656
135 1661
136 1683
137 1712
138 1720
139 1728
140 1729
141 1730
142 1755
143 1771
144 1776
145 1820
146 1827
147 1832
148 1860
149 1881
150 1885
151 1888
152 1899
153 1910
154 1944
155 1971
156 1991
157 1992
158 2000
159 2002
160 2041
161 2043
162 2052
163 2056
164 2064
165 2090
166 2112
167 2120
168 2124
169 2176
170 2180
171 2190
172 2196
173 2197
174 2198
175 2222
176 2232
177 2256
178 2268
179 2280
180 2288
181 2332
182 2340
183 2344
184 2353
185 2370
186 2380
187 2388
188 2400
189 2412
190 2442
191 2460
192 2484
193 2509
194 2520
195 2550
196 2552
197 2556
198 2562
199 2565
200 2637
201 2640
202 2652
203 2662
204 2664
205 2665
206 2709
207 2730
208 2744
209 2745
210 2772
211 2781
212 2796
213 2820
214 2821
215 2853
216 2882
217 2910
218 2920
219 2925
220 2926
221 2928
222 2955
223 2977
224 2992
225 2997
226 3003
227 3010
228 3060
229 3069
230 3078
231 3100
232 3108
233 3113
234 3133
235 3150
236 3165
237 3190
238 3192
239 3222
240 3223
241 3280
242 3289
243 3290
244 3294
245 3324
246 3333
247 3366
248 3370
249 3375
250 3376
251 3438
252 3443
253 3445
254 3456
255 3458
256 3460
257 3472
258 3510
259 3550
260 3553
261 3582
262 3585
263 3588
264 3591
265 3614
266 3616
267 3640
268 3650
269 3654
270 3663
271 3720
272 3735
273 3740
274 3770
275 3773
276 3795
277 3807
278 3830
279 3836
280 3852
281 3856
282 3879
283 3883
284 3920
285 3926
286 3951
287 3984
288 3993
289 3996
290 4004
291 4005
292 4010
293 4018
294 4023
295 4082
296 4095
297 4096
298 4097
299 4100
300 4114
301 4128
302 4190
303 4200
304 4215
305 4224
306 4238
307 4260
308 4280
309 4334
310 4336
311 4369
312 4370
313 4380
314 4382
315 4392
316 4394
317 4396
318 4425
319 4444
320 4470
321 4524
322 4550
323 4554
324 4560
325 4576
326 4578
327 4635
328 4641
329 4650
330 4656
331 4664
332 4706
333 4740
334 4760
335 4774
336 4788
337 4816
338 4830
339 4845
340 4862
341 4884
342 4913
343 4914
344 4920
345 4942
346 4994
347 5005
348 5010
349 5018
350 5052
351 5055
352 5056
353 5100
354 5110
355 5115
356 5124
357 5174
358 5184
359 5185
360 5187
361 5200
362 5220
363 5225
364 5265
365 5290
366 5296
367 5306
368 5316
369 5328
370 5335
371 5343
372 5380
373 5445
374 5457
375 5460
376 5470
377 5475
378 5488
379 5490
380 5499
381 5526
382 5536
383 5555
384 5560
385 5592
386 5650
387 5655
388 5665
389 5670
390 5700
391 5724
392 5729
393 5740
394 5775
395 5776
396 5811
397 5830
398 5832
399 5833
400 5840
401 5852
402 5856
403 5885
404 5910
405 5930
406 5967
407 5988
408 5995
409 6001
410 6006
411 6016
412 6020
413 6034
414 6110
415 6116
416 6120
417 6123
418 6138
419 6175
420 6200
421 6216
422 6226
423 6252
424 6256
425 6273
426 6279
427 6290
428 6330
429 6336
430 6380
431 6384
432 6398
433 6435
434 6444
435 6446
436 6470
437 6496
438 6516
439 6517
440 6540
441 6545
442 6556
443 6560
444 6580
445 6591
446 6594
447 6648
448 6660
449 6666
450 6736
451 6747
452 6750
453 6752
454 6776
455 6792
456 6817
457 6859
458 6860
459 6886
460 6903
461 6916
462 6924
463 6958
464 6960
465 6992
466 6996
467 7007
468 7056
469 7072
470 7089
471 7117
472 7140
473 7170
474 7188
475 7201
476 7227
477 7228
478 7232
479 7240
480 7320
481 7322
482 7337
483 7361
484 7362
485 7380
486 7384
487 7447
488 7452
489 7472
490 7504
491 7540
492 7543
493 7557
494 7584
495 7590
496 7620
497 7633
498 7667
499 7668
500 7686
501 7696
502 7712
503 7716
504 7777
505 7800
506 7848
507 7852
508 7868
509 7885
510 7887
511 7905
512 7952
513 7974
514 7980
515 7992
516 7997
517 8000
518 8001
519 8008
520 8010
521 8050
522 8118
523 8124
524 8164
525 8177
526 8192
527 8194
528 8220
529 8227
530 8228
531 8232
532 8235
533 8256
534 8280
535 8320
536 8338
537 8380
538 8388
539 8414
540 8421
541 8432
542 8445
543 8448
544 8466
545 8476
546 8520
547 8558
548 8569
549 8586
550 8596
551 8632
552 8645
553 8652
554 8655
555 8668
556 8672
557 8738
558 8760
559 8778
560 8784
561 8792
562 8801
563 8841
564 8865
565 8888
566 8892
567 8911
568 8912
569 8916
570 8957
571 8974
572 8998
573 9009
574 9010
575 9048
576 9075
577 9113
578 9119
579 9140
580 9152
581 9156
582 9180
583 9198
584 9229
585 9253
586 9261
587 9262
588 9269
589 9282
590 9285
591 9312
592 9324
593 9338
594 9339
595 9392
596 9425
597 9449
598 9456
599 9495
600 9504
601 9520
602 9554
603 9559
604 9581
605 9588
606 9595
607 9632
608 9669
609 9681
610 9702
611 9705
612 9720
613 9724
614 9737
615 9779
616 9810
617 9826
618 9828
619 9852
620 9872
621 9884
622 9889
623 9893
624 9900
625 9915
626 9937
627 9984
628 9999
629 10049
630 10066
631 10098
632 10101
633 10112
634 10116
635 10125
636 10128
637 10134
638 10186
639 10205
640 10248
641 10279
642 10280
643 10335
644 10361
645 10368
646 10370
647 10374
648 10380
649 10430
650 10440
651 10512
652 10521
653 10530
654 10545
655 10608
656 10612
657 10621
658 10642
659 10644
660 10648
661 10649
662 10656
663 10660
664 10686
665 10746
666 10755
667 10788
668 10794
669 10842
670 10848
671 10914
672 10920
673 10941
674 10963
675 10965
676 10976
677 10980
678 10990
679 10998
680 11040
681 11052
682 11088
683 11110
684 11154
685 11155
686 11172
687 11184
688 11186
689 11190
690 11305
691 11310
692 11316
693 11328
694 11354
695 11358
696 11361
697 11400
698 11420
699 11448
700 11458
701 11466
702 11536
703 11568
704 11572
705 11580
706 11610
707 11622
708 11647
709 11661
710 11664
711 11666
712 11712
713 11718
714 11730
715 11778
716 11781
717 11800
718 11808
719 11820
720 11844
721 11900
722 11934
723 11970
724 11976
725 11988
726 12002
727 12008
728 12030
729 12034
730 12048
731 12082
732 12090
733 12103
734 12120
735 12167
736 12168
737 12180
738 12201
739 12240
740 12252
741 12259
742 12264
743 12274
744 12276
745 12288
746 12291
747 12350
748 12384
749 12415
750 12446
751 12450
752 12496
753 12516
754 12528
755 12560
756 12563
757 12571
758 12582
759 12621
760 12628
761 12648
762 12660
763 12673
764 12692
765 12720
766 12727
767 12768
768 12780
769 12810
770 12835
771 12870
772 12883
773 12888
774 12912
775 12940
776 12958
777 12992
778 13008
779 13034
780 13039
781 13041
782 13044
783 13080
784 13107
785 13174
786 13176
787 13179
788 13188
789 13194
790 13195
791 13248
792 13272
793 13290
794 13308
795 13320
796 13351
797 13370
798 13376
799 13379
800 13420
801 13452
802 13461
803 13488
804 13500
805 13504
806 13507
807 13552
808 13584
809 13651
810 13663
811 13685
812 13700
813 13710
814 13716
815 13718
816 13720
817 13725
818 13734
819 13744
820 13806
821 13819
822 13824
823 13825
824 13832
825 13848
826 13881
827 13882
828 13916
829 13923
830 13935
831 13980
832 13984
833 13988
834 14060
835 14098
836 14100
837 14112
838 14144
839 14145
840 14191
841 14195
842 14224
843 14244
844 14280
845 14300
846 14301
847 14344
848 14355
849 14376
850 14402
851 14418
852 14425
853 14456
854 14462
855 14464
856 14467
857 14480
858 14508
859 14565
860 14612
861 14640
862 14644
863 14697
864 14704
865 14721
866 14724
867 14739
868 14742
869 14744
870 14768
871 14775
872 14806
873 14826
874 14860
875 14924
876 14928
877 14944
878 14985
879 15008
880 15011
881 15025
882 15048
883 15080
884 15086
885 15141
886 15184
887 15190
888 15195
889 15203
890 15236
891 15240
892 15268
893 15283
894 15354
895 15372
896 15386
897 15392
898 15405
899 15424
900 15428
901 15480
902 15548
903 15555
904 15561
905 15568
906 15615
907 15620
908 15625
909 15626
910 15660
911 15664
912 15709
913 15717
914 15730
915 15750
916 15770
917 15825
918 15827
919 15873
920 15904
921 15932
922 15966
923 15981
924 16000
925 16002
926 16029
927 16032
928 16035
929 16099
930 16112
931 16114
932 16144
933 16185
934 16192
935 16215
936 16225
937 16245
938 16272
939 16276
940 16296
941 16341
942 16371
943 16380
944 16384
945 16388
946 16422
947 16454
948 16455
949 16470
950 16478
951 16497
952 16578
953 16584
954 16624
955 16653
956 16654
957 16660
958 16680
959 16721
960 16760
961 16796
962 16809
963 16825
964 16842
965 16864
966 16880
967 16884
968 16890
969 16926
970 16932
971 16965
972 17024
973 17100
974 17116
975 17120
976 17121
977 17136
978 17138
979 17140
980 17190
981 17204
982 17206
983 17227
984 17262
985 17277
986 17290
987 17310
988 17360
989 17388
990 17425
991 17446
992 17476
993 17480
994 17496
995 17499
996 17520
997 17570
998 17576
999 17577
1000 17578
