0 0
1 1
2 2
3 2
4 3
5 4
6 3
7 4
8 5
9 3
10 4
11 5
12 4
13 5
14 6
15 5
16 6
17 7
18 4
19 5
20 6
21 5
22 6
23 7
24 6
25 7
26 8
27 4
28 5
29 6
30 5
31 6
32 7
33 6
34 7
35 8
36 5
37 6
38 7
39 6
40 7
41 8
42 7
43 8
44 9
45 6
46 7
47 8
48 7
49 8
50 9
51 8
52 9
53 10
54 5
55 6
56 7
57 6
58 7
59 8
60 7
61 8
62 9
63 6
64 7
65 8
66 7
67 8
68 9
69 8
70 9
71 10
72 7
73 8
74 9
75 8
76 9
77 10
78 9
79 10
80 11
81 5
82 6
83 7
84 6
85 7
86 8
87 7
88 8
89 9
90 6
91 7
92 8
93 7
94 8
95 9
96 8
97 9
98 10
99 7
100 8
101 9
102 8
103 9
104 10
105 9
106 10
107 11
108 6
109 7
110 8
111 7
112 8
113 9
114 8
115 9
116 10
117 7
118 8
119 9
120 8
121 9
122 10
123 9
124 10
125 11
126 8
127 9
128 10
129 9
130 10
131 11
132 10
133 11
134 12
135 7
136 8
137 9
138 8
139 9
140 10
141 9
142 10
143 11
144 8
145 9
146 10
147 9
148 10
149 11
150 10
151 11
152 12
153 9
154 10
155 11
156 10
157 11
158 12
159 11
160 12
161 13
162 6
163 7
164 8
165 7
166 8
167 9
168 8
169 9
170 10
171 7
172 8
173 9
174 8
175 9
176 10
177 9
178 10
179 11
180 8
181 9
182 10
183 9
184 10
185 11
186 10
187 11
188 12
189 7
190 8
191 9
192 8
193 9
194 10
195 9
196 10
197 11
198 8
199 9
200 10
201 9
202 10
203 11
204 10
205 11
206 12
207 9
208 10
209 11
210 10
211 11
212 12
213 11
214 12
215 13
216 8
217 9
218 10
219 9
220 10
221 11
222 10
223 11
224 12
225 9
226 10
227 11
228 10
229 11
230 12
231 11
232 12
233 13
234 10
235 11
236 12
237 11
238 12
239 13
240 12
241 13
242 14
243 6
244 7
245 8
246 7
247 8
248 9
249 8
250 9
251 10
252 7
253 8
254 9
255 8
256 9
257 10
258 9
259 10
260 11
261 8
262 9
263 10
264 9
265 10
266 11
267 10
268 11
269 12
270 7
271 8
272 9
273 8
274 9
275 10
276 9
277 10
278 11
279 8
280 9
281 10
282 9
283 10
284 11
285 10
286 11
287 12
288 9
289 10
290 11
291 10
292 11
293 12
294 11
295 12
296 13
297 8
298 9
299 10
300 9
301 10
302 11
303 10
304 11
305 12
306 9
307 10
308 11
309 10
310 11
311 12
312 11
313 12
314 13
315 10
316 11
317 12
318 11
319 12
320 13
321 12
322 13
323 14
324 7
325 8
326 9
327 8
328 9
329 10
330 9
331 10
332 11
333 8
334 9
335 10
336 9
337 10
338 11
339 10
340 11
341 12
342 9
343 10
344 11
345 10
346 11
347 12
348 11
349 12
350 13
351 8
352 9
353 10
354 9
355 10
356 11
357 10
358 11
359 12
360 9
361 10
362 11
363 10
364 11
365 12
366 11
367 12
368 13
369 10
370 11
371 12
372 11
373 12
374 13
375 12
376 13
377 14
378 9
379 10
380 11
381 10
382 11
383 12
384 11
385 12
386 13
387 10
388 11
389 12
390 11
391 12
392 13
393 12
394 13
395 14
396 11
397 12
398 13
399 12
400 13
401 14
402 13
403 14
404 15
405 8
406 9
407 10
408 9
409 10
410 11
411 10
412 11
413 12
414 9
415 10
416 11
417 10
418 11
419 12
420 11
421 12
422 13
423 10
424 11
425 12
426 11
427 12
428 13
429 12
430 13
431 14
432 9
433 10
434 11
435 10
436 11
437 12
438 11
439 12
440 13
441 10
442 11
443 12
444 11
445 12
446 13
447 12
448 13
449 14
450 11
451 12
452 13
453 12
454 13
455 14
456 13
457 14
458 15
459 10
460 11
461 12
462 11
463 12
464 13
465 12
466 13
467 14
468 11
469 12
470 13
471 12
472 13
473 14
474 13
475 14
476 15
477 12
478 13
479 14
480 13
481 14
482 15
483 14
484 15
485 16
486 7
487 8
488 9
489 8
490 9
491 10
492 9
493 10
494 11
495 8
496 9
497 10
498 9
499 10
500 11
501 10
502 11
503 12
504 9
505 10
506 11
507 10
508 11
509 12
510 11
511 12
512 13
513 8
514 9
515 10
516 9
517 10
518 11
519 10
520 11
521 12
522 9
523 10
524 11
525 10
526 11
527 12
528 11
529 12
530 13
531 10
532 11
533 12
534 11
535 12
536 13
537 12
538 13
539 14
540 9
541 10
542 11
543 10
544 11
545 12
546 11
547 12
548 13
549 10
550 11
551 12
552 11
553 12
554 13
555 12
556 13
557 14
558 11
559 12
560 13
561 12
562 13
563 14
564 13
565 14
566 15
567 8
568 9
569 10
570 9
571 10
572 11
573 10
574 11
575 12
576 9
577 10
578 11
579 10
580 11
581 12
582 11
583 12
584 13
585 10
586 11
587 12
588 11
589 12
590 13
591 12
592 13
593 14
594 9
595 10
596 11
597 10
598 11
599 12
600 11
601 12
602 13
603 10
604 11
605 12
606 11
607 12
608 13
609 12
610 13
611 14
612 11
613 12
614 13
615 12
616 13
617 14
618 13
619 14
620 15
621 10
622 11
623 12
624 11
625 12
626 13
627 12
628 13
629 14
630 11
631 12
632 13
633 12
634 13
635 14
636 13
637 14
638 15
639 12
640 13
641 14
642 13
643 14
644 15
645 14
646 15
647 16
648 9
649 10
650 11
651 10
652 11
653 12
654 11
655 12
656 13
657 10
658 11
659 12
660 11
661 12
662 13
663 12
664 13
665 14
666 11
667 12
668 13
669 12
670 13
671 14
672 13
673 14
674 15
675 10
676 11
677 12
678 11
679 12
680 13
681 12
682 13
683 14
684 11
685 12
686 13
687 12
688 13
689 14
690 13
691 14
692 15
693 12
694 13
695 14
696 13
697 14
698 15
699 14
700 15
701 16
702 11
703 12
704 13
705 12
706 13
707 14
708 13
709 14
710 15
711 12
712 13
713 14
714 13
715 14
716 15
717 14
718 15
719 16
720 13
721 14
722 15
723 14
724 15
725 16
726 15
727 16
728 17
729 7
730 8
731 9
732 8
733 9
734 10
735 9
736 10
737 11
738 8
739 9
740 10
741 9
742 10
743 11
744 10
745 11
746 12
747 9
748 10
749 11
750 10
751 11
752 12
753 11
754 12
755 13
756 8
757 9
758 10
759 9
760 10
761 11
762 10
763 11
764 12
765 9
766 10
767 11
768 10
769 11
770 12
771 11
772 12
773 13
774 10
775 11
776 12
777 11
778 12
779 13
780 12
781 13
782 14
783 9
784 10
785 11
786 10
787 11
788 12
789 11
790 12
791 13
792 10
793 11
794 12
795 11
796 12
797 13
798 12
799 13
800 14
801 11
802 12
803 13
804 12
805 13
806 14
807 13
808 14
809 15
810 8
811 9
812 10
813 9
814 10
815 11
816 10
817 11
818 12
819 9
820 10
821 11
822 10
823 11
824 12
825 11
826 12
827 13
828 10
829 11
830 12
831 11
832 12
833 13
834 12
835 13
836 14
837 9
838 10
839 11
840 10
841 11
842 12
843 11
844 12
845 13
846 10
847 11
848 12
849 11
850 12
851 13
852 12
853 13
854 14
855 11
856 12
857 13
858 12
859 13
860 14
861 13
862 14
863 15
864 10
865 11
866 12
867 11
868 12
869 13
870 12
871 13
872 14
873 11
874 12
875 13
876 12
877 13
878 14
879 13
880 14
881 15
882 12
883 13
884 14
885 13
886 14
887 15
888 14
889 15
890 16
891 9
892 10
893 11
894 10
895 11
896 12
897 11
898 12
899 13
900 10
901 11
902 12
903 11
904 12
905 13
906 12
907 13
908 14
909 11
910 12
911 13
912 12
913 13
914 14
915 13
916 14
917 15
918 10
919 11
920 12
921 11
922 12
923 13
924 12
925 13
926 14
927 11
928 12
929 13
930 12
931 13
932 14
933 13
934 14
935 15
936 12
937 13
938 14
939 13
940 14
941 15
942 14
943 15
944 16
945 11
946 12
947 13
948 12
949 13
950 14
951 13
952 14
953 15
954 12
955 13
956 14
957 13
958 14
959 15
960 14
961 15
962 16
963 13
964 14
965 15
966 14
967 15
968 16
969 15
970 16
971 17
972 8
973 9
974 10
975 9
976 10
977 11
978 10
979 11
980 12
981 9
982 10
983 11
984 10
985 11
986 12
987 11
988 12
989 13
990 10
991 11
992 12
993 11
994 12
995 13
996 12
997 13
998 14
999 9
1000 10
1001 11
1002 10
1003 11
1004 12
1005 11
1006 12
1007 13
1008 10
1009 11
1010 12
1011 11
1012 12
1013 13
1014 12
1015 13
1016 14
1017 11
1018 12
1019 13
1020 12
1021 13
1022 14
1023 13
1024 14
1025 15
1026 10
1027 11
1028 12
1029 11
1030 12
1031 13
1032 12
1033 13
1034 14
1035 11
1036 12
1037 13
1038 12
1039 13
1040 14
1041 13
1042 14
1043 15
1044 12
1045 13
1046 14
1047 13
1048 14
1049 15
1050 14
1051 15
1052 16
1053 9
1054 10
1055 11
1056 10
1057 11
1058 12
1059 11
1060 12
1061 13
1062 10
1063 11
1064 12
1065 11
1066 12
1067 13
1068 12
1069 13
1070 14
1071 11
1072 12
1073 13
1074 12
1075 13
1076 14
1077 13
1078 14
1079 15
1080 10
1081 11
1082 12
1083 11
1084 12
1085 13
1086 12
1087 13
1088 14
1089 11
1090 12
1091 13
1092 12
1093 13
1094 14
1095 13
1096 14
1097 15
1098 12
1099 13
1100 14
1101 13
1102 14
1103 15
1104 14
1105 15
1106 16
1107 11
1108 12
1109 13
1110 12
1111 13
1112 14
1113 13
1114 14
1115 15
1116 12
1117 13
1118 14
1119 13
1120 14
1121 15
1122 14
1123 15
1124 16
1125 13
1126 14
1127 15
1128 14
1129 15
1130 16
1131 15
1132 16
1133 17
1134 10
1135 11
1136 12
1137 11
1138 12
1139 13
1140 12
1141 13
1142 14
1143 11
1144 12
1145 13
1146 12
1147 13
1148 14
1149 13
1150 14
1151 15
1152 12
1153 13
1154 14
1155 13
1156 14
1157 15
1158 14
1159 15
1160 16
1161 11
1162 12
1163 13
1164 12
1165 13
1166 14
1167 13
1168 14
1169 15
1170 12
1171 13
1172 14
1173 13
1174 14
1175 15
1176 14
1177 15
1178 16
1179 13
1180 14
1181 15
1182 14
1183 15
1184 16
1185 15
1186 16
1187 17
1188 12
1189 13
1190 14
1191 13
1192 14
1193 15
1194 14
1195 15
1196 16
1197 13
1198 14
1199 15
1200 14
1201 15
1202 16
1203 15
1204 16
1205 17
1206 14
1207 15
1208 16
1209 15
1210 16
1211 17
1212 16
1213 17
1214 18
1215 9
1216 10
1217 11
1218 10
1219 11
1220 12
1221 11
1222 12
1223 13
1224 10
1225 11
1226 12
1227 11
1228 12
1229 13
1230 12
1231 13
1232 14
1233 11
1234 12
1235 13
1236 12
1237 13
1238 14
1239 13
1240 14
1241 15
1242 10
1243 11
1244 12
1245 11
1246 12
1247 13
1248 12
1249 13
1250 14
1251 11
1252 12
1253 13
1254 12
1255 13
1256 14
1257 13
1258 14
1259 15
1260 12
1261 13
1262 14
1263 13
1264 14
1265 15
1266 14
1267 15
1268 16
1269 11
1270 12
1271 13
1272 12
1273 13
1274 14
1275 13
1276 14
1277 15
1278 12
1279 13
1280 14
1281 13
1282 14
1283 15
1284 14
1285 15
1286 16
1287 13
1288 14
1289 15
1290 14
1291 15
1292 16
1293 15
1294 16
1295 17
1296 10
1297 11
1298 12
1299 11
1300 12
1301 13
1302 12
1303 13
1304 14
1305 11
1306 12
1307 13
1308 12
1309 13
1310 14
1311 13
1312 14
1313 15
1314 12
1315 13
1316 14
1317 13
1318 14
1319 15
1320 14
1321 15
1322 16
1323 11
1324 12
1325 13
1326 12
1327 13
1328 14
1329 13
1330 14
1331 15
1332 12
1333 13
1334 14
1335 13
1336 14
1337 15
1338 14
1339 15
1340 16
1341 13
1342 14
1343 15
1344 14
1345 15
1346 16
1347 15
1348 16
1349 17
1350 12
1351 13
1352 14
1353 13
1354 14
1355 15
1356 14
1357 15
1358 16
1359 13
1360 14
1361 15
1362 14
1363 15
1364 16
1365 15
1366 16
1367 17
1368 14
1369 15
1370 16
1371 15
1372 16
1373 17
1374 16
1375 17
1376 18
1377 11
1378 12
1379 13
1380 12
1381 13
1382 14
1383 13
1384 14
1385 15
1386 12
1387 13
1388 14
1389 13
1390 14
1391 15
1392 14
1393 15
1394 16
1395 13
1396 14
1397 15
1398 14
1399 15
1400 16
1401 15
1402 16
1403 17
1404 12
1405 13
1406 14
1407 13
1408 14
1409 15
1410 14
1411 15
1412 16
1413 13
1414 14
1415 15
1416 14
1417 15
1418 16
1419 15
1420 16
1421 17
1422 14
1423 15
1424 16
1425 15
1426 16
1427 17
1428 16
1429 17
1430 18
1431 13
1432 14
1433 15
1434 14
1435 15
1436 16
1437 15
1438 16
1439 17
1440 14
1441 15
1442 16
1443 15
1444 16
1445 17
1446 16
1447 17
1448 18
1449 15
1450 16
1451 17
1452 16
1453 17
1454 18
1455 17
1456 18
1457 19
1458 8
1459 9
1460 10
1461 9
1462 10
1463 11
1464 10
1465 11
1466 12
1467 9
1468 10
1469 11
1470 10
1471 11
1472 12
1473 11
1474 12
1475 13
1476 10
1477 11
1478 12
1479 11
1480 12
1481 13
1482 12
1483 13
1484 14
1485 9
1486 10
1487 11
1488 10
1489 11
1490 12
1491 11
1492 12
1493 13
1494 10
1495 11
1496 12
1497 11
1498 12
1499 13
1500 12
1501 13
1502 14
1503 11
1504 12
1505 13
1506 12
1507 13
1508 14
1509 13
1510 14
1511 15
1512 10
1513 11
1514 12
1515 11
1516 12
1517 13
1518 12
1519 13
1520 14
1521 11
1522 12
1523 13
1524 12
1525 13
1526 14
1527 13
1528 14
1529 15
1530 12
1531 13
1532 14
1533 13
1534 14
1535 15
1536 14
1537 15
1538 16
1539 9
1540 10
1541 11
1542 10
1543 11
1544 12
1545 11
1546 12
1547 13
1548 10
1549 11
1550 12
1551 11
1552 12
1553 13
1554 12
1555 13
1556 14
1557 11
1558 12
1559 13
1560 12
1561 13
1562 14
1563 13
1564 14
1565 15
1566 10
1567 11
1568 12
1569 11
1570 12
1571 13
1572 12
1573 13
1574 14
1575 11
1576 12
1577 13
1578 12
1579 13
1580 14
1581 13
1582 14
1583 15
1584 12
1585 13
1586 14
1587 13
1588 14
1589 15
1590 14
1591 15
1592 16
1593 11
1594 12
1595 13
1596 12
1597 13
1598 14
1599 13
1600 14
1601 15
1602 12
1603 13
1604 14
1605 13
1606 14
1607 15
1608 14
1609 15
1610 16
1611 13
1612 14
1613 15
1614 14
1615 15
1616 16
1617 15
1618 16
1619 17
1620 10
1621 11
1622 12
1623 11
1624 12
1625 13
1626 12
1627 13
1628 14
1629 11
1630 12
1631 13
1632 12
1633 13
1634 14
1635 13
1636 14
1637 15
1638 12
1639 13
1640 14
1641 13
1642 14
1643 15
1644 14
1645 15
1646 16
1647 11
1648 12
1649 13
1650 12
1651 13
1652 14
1653 13
1654 14
1655 15
1656 12
1657 13
1658 14
1659 13
1660 14
1661 15
1662 14
1663 15
1664 16
1665 13
1666 14
1667 15
1668 14
1669 15
1670 16
1671 15
1672 16
1673 17
1674 12
1675 13
1676 14
1677 13
1678 14
1679 15
1680 14
1681 15
1682 16
1683 13
1684 14
1685 15
1686 14
1687 15
1688 16
1689 15
1690 16
1691 17
1692 14
1693 15
1694 16
1695 15
1696 16
1697 17
1698 16
1699 17
1700 18
1701 9
1702 10
1703 11
1704 10
1705 11
1706 12
1707 11
1708 12
1709 13
1710 10
1711 11
1712 12
1713 11
1714 12
1715 13
1716 12
1717 13
1718 14
1719 11
1720 12
1721 13
1722 12
1723 13
1724 14
1725 13
1726 14
1727 15
1728 10
1729 11
1730 12
1731 11
1732 12
1733 13
1734 12
1735 13
1736 14
1737 11
1738 12
1739 13
1740 12
1741 13
1742 14
1743 13
1744 14
1745 15
1746 12
1747 13
1748 14
1749 13
1750 14
1751 15
1752 14
1753 15
1754 16
1755 11
1756 12
1757 13
1758 12
1759 13
1760 14
1761 13
1762 14
1763 15
1764 12
1765 13
1766 14
1767 13
1768 14
1769 15
1770 14
1771 15
1772 16
1773 13
1774 14
1775 15
1776 14
1777 15
1778 16
1779 15
1780 16
1781 17
1782 10
1783 11
1784 12
1785 11
1786 12
1787 13
1788 12
1789 13
1790 14
1791 11
1792 12
1793 13
1794 12
1795 13
1796 14
1797 13
1798 14
1799 15
1800 12
1801 13
1802 14
1803 13
1804 14
1805 15
1806 14
1807 15
1808 16
1809 11
1810 12
1811 13
1812 12
1813 13
1814 14
1815 13
1816 14
1817 15
1818 12
1819 13
1820 14
1821 13
1822 14
1823 15
1824 14
1825 15
1826 16
1827 13
1828 14
1829 15
1830 14
1831 15
1832 16
1833 15
1834 16
1835 17
1836 12
1837 13
1838 14
1839 13
1840 14
1841 15
1842 14
1843 15
1844 16
1845 13
1846 14
1847 15
1848 14
1849 15
1850 16
1851 15
1852 16
1853 17
1854 14
1855 15
1856 16
1857 15
1858 16
1859 17
1860 16
1861 17
1862 18
1863 11
1864 12
1865 13
1866 12
1867 13
1868 14
1869 13
1870 14
1871 15
1872 12
1873 13
1874 14
1875 13
1876 14
1877 15
1878 14
1879 15
1880 16
1881 13
1882 14
1883 15
1884 14
1885 15
1886 16
1887 15
1888 16
1889 17
1890 12
1891 13
1892 14
1893 13
1894 14
1895 15
1896 14
1897 15
1898 16
1899 13
1900 14
1901 15
1902 14
1903 15
1904 16
1905 15
1906 16
1907 17
1908 14
1909 15
1910 16
1911 15
1912 16
1913 17
1914 16
1915 17
1916 18
1917 13
1918 14
1919 15
1920 14
1921 15
1922 16
1923 15
1924 16
1925 17
1926 14
1927 15
1928 16
1929 15
1930 16
1931 17
1932 16
1933 17
1934 18
1935 15
1936 16
1937 17
1938 16
1939 17
1940 18
1941 17
1942 18
1943 19
1944 10
1945 11
1946 12
1947 11
1948 12
1949 13
1950 12
1951 13
1952 14
1953 11
1954 12
1955 13
1956 12
1957 13
1958 14
1959 13
1960 14
1961 15
1962 12
1963 13
1964 14
1965 13
1966 14
1967 15
1968 14
1969 15
1970 16
1971 11
1972 12
1973 13
1974 12
1975 13
1976 14
1977 13
1978 14
1979 15
1980 12
1981 13
1982 14
1983 13
1984 14
1985 15
1986 14
1987 15
1988 16
1989 13
1990 14
1991 15
1992 14
1993 15
1994 16
1995 15
1996 16
1997 17
1998 12
1999 13
2000 14
2001 13
2002 14
2003 15
2004 14
2005 15
2006 16
2007 13
2008 14
2009 15
2010 14
2011 15
2012 16
2013 15
2014 16
2015 17
2016 14
2017 15
2018 16
2019 15
2020 16
2021 17
2022 16
2023 17
2024 18
2025 11
2026 12
2027 13
2028 12
2029 13
2030 14
2031 13
2032 14
2033 15
2034 12
2035 13
2036 14
2037 13
2038 14
2039 15
2040 14
2041 15
2042 16
2043 13
2044 14
2045 15
2046 14
2047 15
2048 16
2049 15
2050 16
2051 17
2052 12
2053 13
2054 14
2055 13
2056 14
2057 15
2058 14
2059 15
2060 16
2061 13
2062 14
2063 15
2064 14
2065 15
2066 16
2067 15
2068 16
2069 17
2070 14
2071 15
2072 16
2073 15
2074 16
2075 17
2076 16
2077 17
2078 18
2079 13
2080 14
2081 15
2082 14
2083 15
2084 16
2085 15
2086 16
2087 17
2088 14
2089 15
2090 16
2091 15
2092 16
2093 17
2094 16
2095 17
2096 18
2097 15
2098 16
2099 17
2100 16
2101 17
2102 18
2103 17
2104 18
2105 19
2106 12
2107 13
2108 14
2109 13
2110 14
2111 15
2112 14
2113 15
2114 16
2115 13
2116 14
2117 15
2118 14
2119 15
2120 16
2121 15
2122 16
2123 17
2124 14
2125 15
2126 16
2127 15
2128 16
2129 17
2130 16
2131 17
2132 18
2133 13
2134 14
2135 15
2136 14
2137 15
2138 16
2139 15
2140 16
2141 17
2142 14
2143 15
2144 16
2145 15
2146 16
2147 17
2148 16
2149 17
2150 18
2151 15
2152 16
2153 17
2154 16
2155 17
2156 18
2157 17
2158 18
2159 19
2160 14
2161 15
2162 16
2163 15
2164 16
2165 17
2166 16
2167 17
2168 18
2169 15
2170 16
2171 17
2172 16
2173 17
2174 18
2175 17
2176 18
2177 19
2178 16
2179 17
2180 18
2181 17
2182 18
2183 19
2184 18
2185 19
2186 20
2187 8
2188 9
2189 10
2190 9
2191 10
2192 11
2193 10
2194 11
2195 12
2196 9
2197 10
2198 11
2199 10
2200 11
2201 12
2202 11
2203 12
2204 13
2205 10
2206 11
2207 12
2208 11
2209 12
2210 13
2211 12
2212 13
2213 14
2214 9
2215 10
2216 11
2217 10
2218 11
2219 12
2220 11
2221 12
2222 13
2223 10
2224 11
2225 12
2226 11
2227 12
2228 13
2229 12
2230 13
2231 14
2232 11
2233 12
2234 13
2235 12
2236 13
2237 14
2238 13
2239 14
2240 15
2241 10
2242 11
2243 12
2244 11
2245 12
2246 13
2247 12
2248 13
2249 14
2250 11
2251 12
2252 13
2253 12
2254 13
2255 14
2256 13
2257 14
2258 15
2259 12
2260 13
2261 14
2262 13
2263 14
2264 15
2265 14
2266 15
2267 16
2268 9
2269 10
2270 11
2271 10
2272 11
2273 12
2274 11
2275 12
2276 13
2277 10
2278 11
2279 12
2280 11
2281 12
2282 13
2283 12
2284 13
2285 14
2286 11
2287 12
2288 13
2289 12
2290 13
2291 14
2292 13
2293 14
2294 15
2295 10
2296 11
2297 12
2298 11
2299 12
2300 13
2301 12
2302 13
2303 14
2304 11
2305 12
2306 13
2307 12
2308 13
2309 14
2310 13
2311 14
2312 15
2313 12
2314 13
2315 14
2316 13
2317 14
2318 15
2319 14
2320 15
2321 16
2322 11
2323 12
2324 13
2325 12
2326 13
2327 14
2328 13
2329 14
2330 15
2331 12
2332 13
2333 14
2334 13
2335 14
2336 15
2337 14
2338 15
2339 16
2340 13
2341 14
2342 15
2343 14
2344 15
2345 16
2346 15
2347 16
2348 17
2349 10
2350 11
2351 12
2352 11
2353 12
2354 13
2355 12
2356 13
2357 14
2358 11
2359 12
2360 13
2361 12
2362 13
2363 14
2364 13
2365 14
2366 15
2367 12
2368 13
2369 14
2370 13
2371 14
2372 15
2373 14
2374 15
2375 16
2376 11
2377 12
2378 13
2379 12
2380 13
2381 14
2382 13
2383 14
2384 15
2385 12
2386 13
2387 14
2388 13
2389 14
2390 15
2391 14
2392 15
2393 16
2394 13
2395 14
2396 15
2397 14
2398 15
2399 16
2400 15
2401 16
2402 17
2403 12
2404 13
2405 14
2406 13
2407 14
2408 15
2409 14
2410 15
2411 16
2412 13
2413 14
2414 15
2415 14
2416 15
2417 16
2418 15
2419 16
2420 17
2421 14
2422 15
2423 16
2424 15
2425 16
2426 17
2427 16
2428 17
2429 18
2430 9
2431 10
2432 11
2433 10
2434 11
2435 12
2436 11
2437 12
2438 13
2439 10
2440 11
2441 12
2442 11
2443 12
2444 13
2445 12
2446 13
2447 14
2448 11
2449 12
2450 13
2451 12
2452 13
2453 14
2454 13
2455 14
2456 15
2457 10
2458 11
2459 12
2460 11
2461 12
2462 13
2463 12
2464 13
2465 14
2466 11
2467 12
2468 13
2469 12
2470 13
2471 14
2472 13
2473 14
2474 15
2475 12
2476 13
2477 14
2478 13
2479 14
2480 15
2481 14
2482 15
2483 16
2484 11
2485 12
2486 13
2487 12
2488 13
2489 14
2490 13
2491 14
2492 15
2493 12
2494 13
2495 14
2496 13
2497 14
2498 15
2499 14
2500 15
2501 16
2502 13
2503 14
2504 15
2505 14
2506 15
2507 16
2508 15
2509 16
2510 17
2511 10
2512 11
2513 12
2514 11
2515 12
2516 13
2517 12
2518 13
2519 14
2520 11
2521 12
2522 13
2523 12
2524 13
2525 14
2526 13
2527 14
2528 15
2529 12
2530 13
2531 14
2532 13
2533 14
2534 15
2535 14
2536 15
2537 16
2538 11
2539 12
2540 13
2541 12
2542 13
2543 14
2544 13
2545 14
2546 15
2547 12
2548 13
2549 14
2550 13
2551 14
2552 15
2553 14
2554 15
2555 16
2556 13
2557 14
2558 15
2559 14
2560 15
2561 16
2562 15
2563 16
2564 17
2565 12
2566 13
2567 14
2568 13
2569 14
2570 15
2571 14
2572 15
2573 16
2574 13
2575 14
2576 15
2577 14
2578 15
2579 16
2580 15
2581 16
2582 17
2583 14
2584 15
2585 16
2586 15
2587 16
2588 17
2589 16
2590 17
2591 18
2592 11
2593 12
2594 13
2595 12
2596 13
2597 14
2598 13
2599 14
2600 15
2601 12
2602 13
2603 14
2604 13
2605 14
2606 15
2607 14
2608 15
2609 16
2610 13
2611 14
2612 15
2613 14
2614 15
2615 16
2616 15
2617 16
2618 17
2619 12
2620 13
2621 14
2622 13
2623 14
2624 15
2625 14
2626 15
2627 16
2628 13
2629 14
2630 15
2631 14
2632 15
2633 16
2634 15
2635 16
2636 17
2637 14
2638 15
2639 16
2640 15
2641 16
2642 17
2643 16
2644 17
2645 18
2646 13
2647 14
2648 15
2649 14
2650 15
2651 16
2652 15
2653 16
2654 17
2655 14
2656 15
2657 16
2658 15
2659 16
2660 17
2661 16
2662 17
2663 18
2664 15
2665 16
2666 17
2667 16
2668 17
2669 18
2670 17
2671 18
2672 19
2673 10
2674 11
2675 12
2676 11
2677 12
2678 13
2679 12
2680 13
2681 14
2682 11
2683 12
2684 13
2685 12
2686 13
2687 14
2688 13
2689 14
2690 15
2691 12
2692 13
2693 14
2694 13
2695 14
2696 15
2697 14
2698 15
2699 16
2700 11
2701 12
2702 13
2703 12
2704 13
2705 14
2706 13
2707 14
2708 15
2709 12
2710 13
2711 14
2712 13
2713 14
2714 15
2715 14
2716 15
2717 16
2718 13
2719 14
2720 15
2721 14
2722 15
2723 16
2724 15
2725 16
2726 17
2727 12
2728 13
2729 14
2730 13
2731 14
2732 15
2733 14
2734 15
2735 16
2736 13
2737 14
2738 15
2739 14
2740 15
2741 16
2742 15
2743 16
2744 17
2745 14
2746 15
2747 16
2748 15
2749 16
2750 17
2751 16
2752 17
2753 18
2754 11
2755 12
2756 13
2757 12
2758 13
2759 14
2760 13
2761 14
2762 15
2763 12
2764 13
2765 14
2766 13
2767 14
2768 15
2769 14
2770 15
2771 16
2772 13
2773 14
2774 15
2775 14
2776 15
2777 16
2778 15
2779 16
2780 17
2781 12
2782 13
2783 14
2784 13
2785 14
2786 15
2787 14
2788 15
2789 16
2790 13
2791 14
2792 15
2793 14
2794 15
2795 16
2796 15
2797 16
2798 17
2799 14
2800 15
2801 16
2802 15
2803 16
2804 17
2805 16
2806 17
2807 18
2808 13
2809 14
2810 15
2811 14
2812 15
2813 16
2814 15
2815 16
2816 17
2817 14
2818 15
2819 16
2820 15
2821 16
2822 17
2823 16
2824 17
2825 18
2826 15
2827 16
2828 17
2829 16
2830 17
2831 18
2832 17
2833 18
2834 19
2835 12
2836 13
2837 14
2838 13
2839 14
2840 15
2841 14
2842 15
2843 16
2844 13
2845 14
2846 15
2847 14
2848 15
2849 16
2850 15
2851 16
2852 17
2853 14
2854 15
2855 16
2856 15
2857 16
2858 17
2859 16
2860 17
2861 18
2862 13
2863 14
2864 15
2865 14
2866 15
2867 16
2868 15
2869 16
2870 17
2871 14
2872 15
2873 16
2874 15
2875 16
2876 17
2877 16
2878 17
2879 18
2880 15
2881 16
2882 17
2883 16
2884 17
2885 18
2886 17
2887 18
2888 19
2889 14
2890 15
2891 16
2892 15
2893 16
2894 17
2895 16
2896 17
2897 18
2898 15
2899 16
2900 17
2901 16
2902 17
2903 18
2904 17
2905 18
2906 19
2907 16
2908 17
2909 18
2910 17
2911 18
2912 19
2913 18
2914 19
2915 20
2916 9
2917 10
2918 11
2919 10
2920 11
2921 12
2922 11
2923 12
2924 13
2925 10
2926 11
2927 12
2928 11
2929 12
2930 13
2931 12
2932 13
2933 14
2934 11
2935 12
2936 13
2937 12
2938 13
2939 14
2940 13
2941 14
2942 15
2943 10
2944 11
2945 12
2946 11
2947 12
2948 13
2949 12
2950 13
2951 14
2952 11
2953 12
2954 13
2955 12
2956 13
2957 14
2958 13
2959 14
2960 15
2961 12
2962 13
2963 14
2964 13
2965 14
2966 15
2967 14
2968 15
2969 16
2970 11
2971 12
2972 13
2973 12
2974 13
2975 14
2976 13
2977 14
2978 15
2979 12
2980 13
2981 14
2982 13
2983 14
2984 15
2985 14
2986 15
2987 16
2988 13
2989 14
2990 15
2991 14
2992 15
2993 16
2994 15
2995 16
2996 17
2997 10
2998 11
2999 12
3000 11
3001 12
3002 13
3003 12
3004 13
3005 14
3006 11
3007 12
3008 13
3009 12
3010 13
3011 14
3012 13
3013 14
3014 15
3015 12
3016 13
3017 14
3018 13
3019 14
3020 15
3021 14
3022 15
3023 16
3024 11
3025 12
3026 13
3027 12
3028 13
3029 14
3030 13
3031 14
3032 15
3033 12
3034 13
3035 14
3036 13
3037 14
3038 15
3039 14
3040 15
3041 16
3042 13
3043 14
3044 15
3045 14
3046 15
3047 16
3048 15
3049 16
3050 17
3051 12
3052 13
3053 14
3054 13
3055 14
3056 15
3057 14
3058 15
3059 16
3060 13
3061 14
3062 15
3063 14
3064 15
3065 16
3066 15
3067 16
3068 17
3069 14
3070 15
3071 16
3072 15
3073 16
3074 17
3075 16
3076 17
3077 18
3078 11
3079 12
3080 13
3081 12
3082 13
3083 14
3084 13
3085 14
3086 15
3087 12
3088 13
3089 14
3090 13
3091 14
3092 15
3093 14
3094 15
3095 16
3096 13
3097 14
3098 15
3099 14
3100 15
3101 16
3102 15
3103 16
3104 17
3105 12
3106 13
3107 14
3108 13
3109 14
3110 15
3111 14
3112 15
3113 16
3114 13
3115 14
3116 15
3117 14
3118 15
3119 16
3120 15
3121 16
3122 17
3123 14
3124 15
3125 16
3126 15
3127 16
3128 17
3129 16
3130 17
3131 18
3132 13
3133 14
3134 15
3135 14
3136 15
3137 16
3138 15
3139 16
3140 17
3141 14
3142 15
3143 16
3144 15
3145 16
3146 17
3147 16
3148 17
3149 18
3150 15
3151 16
3152 17
3153 16
3154 17
3155 18
3156 17
3157 18
3158 19
3159 10
3160 11
3161 12
3162 11
3163 12
3164 13
3165 12
3166 13
3167 14
3168 11
3169 12
3170 13
3171 12
3172 13
3173 14
3174 13
3175 14
3176 15
3177 12
3178 13
3179 14
3180 13
3181 14
3182 15
3183 14
3184 15
3185 16
3186 11
3187 12
3188 13
3189 12
3190 13
3191 14
3192 13
3193 14
3194 15
3195 12
3196 13
3197 14
3198 13
3199 14
3200 15
3201 14
3202 15
3203 16
3204 13
3205 14
3206 15
3207 14
3208 15
3209 16
3210 15
3211 16
3212 17
3213 12
3214 13
3215 14
3216 13
3217 14
3218 15
3219 14
3220 15
3221 16
3222 13
3223 14
3224 15
3225 14
3226 15
3227 16
3228 15
3229 16
3230 17
3231 14
3232 15
3233 16
3234 15
3235 16
3236 17
3237 16
3238 17
3239 18
3240 11
3241 12
3242 13
3243 12
3244 13
3245 14
3246 13
3247 14
3248 15
3249 12
3250 13
3251 14
3252 13
3253 14
3254 15
3255 14
3256 15
3257 16
3258 13
3259 14
3260 15
3261 14
3262 15
3263 16
3264 15
3265 16
3266 17
3267 12
3268 13
3269 14
3270 13
3271 14
3272 15
3273 14
3274 15
3275 16
3276 13
3277 14
3278 15
3279 14
3280 15
3281 16
3282 15
3283 16
3284 17
3285 14
3286 15
3287 16
3288 15
3289 16
3290 17
3291 16
3292 17
3293 18
3294 13
3295 14
3296 15
3297 14
3298 15
3299 16
3300 15
3301 16
3302 17
3303 14
3304 15
3305 16
3306 15
3307 16
3308 17
3309 16
3310 17
3311 18
3312 15
3313 16
3314 17
3315 16
3316 17
3317 18
3318 17
3319 18
3320 19
3321 12
3322 13
3323 14
3324 13
3325 14
3326 15
3327 14
3328 15
3329 16
3330 13
3331 14
3332 15
3333 14
3334 15
3335 16
3336 15
3337 16
3338 17
3339 14
3340 15
3341 16
3342 15
3343 16
3344 17
3345 16
3346 17
3347 18
3348 13
3349 14
3350 15
3351 14
3352 15
3353 16
3354 15
3355 16
3356 17
3357 14
3358 15
3359 16
3360 15
3361 16
3362 17
3363 16
3364 17
3365 18
3366 15
3367 16
3368 17
3369 16
3370 17
3371 18
3372 17
3373 18
3374 19
3375 14
3376 15
3377 16
3378 15
3379 16
3380 17
3381 16
3382 17
3383 18
3384 15
3385 16
3386 17
3387 16
3388 17
3389 18
3390 17
3391 18
3392 19
3393 16
3394 17
3395 18
3396 17
3397 18
3398 19
3399 18
3400 19
3401 20
3402 11
3403 12
3404 13
3405 12
3406 13
3407 14
3408 13
3409 14
3410 15
3411 12
3412 13
3413 14
3414 13
3415 14
3416 15
3417 14
3418 15
3419 16
3420 13
3421 14
3422 15
3423 14
3424 15
3425 16
3426 15
3427 16
3428 17
3429 12
3430 13
3431 14
3432 13
3433 14
3434 15
3435 14
3436 15
3437 16
3438 13
3439 14
3440 15
3441 14
3442 15
3443 16
3444 15
3445 16
3446 17
3447 14
3448 15
3449 16
3450 15
3451 16
3452 17
3453 16
3454 17
3455 18
3456 13
3457 14
3458 15
3459 14
3460 15
3461 16
3462 15
3463 16
3464 17
3465 14
3466 15
3467 16
3468 15
3469 16
3470 17
3471 16
3472 17
3473 18
3474 15
3475 16
3476 17
3477 16
3478 17
3479 18
3480 17
3481 18
3482 19
3483 12
3484 13
3485 14
3486 13
3487 14
3488 15
3489 14
3490 15
3491 16
3492 13
3493 14
3494 15
3495 14
3496 15
3497 16
3498 15
3499 16
3500 17
3501 14
3502 15
3503 16
3504 15
3505 16
3506 17
3507 16
3508 17
3509 18
3510 13
3511 14
3512 15
3513 14
3514 15
3515 16
3516 15
3517 16
3518 17
3519 14
3520 15
3521 16
3522 15
3523 16
3524 17
3525 16
3526 17
3527 18
3528 15
3529 16
3530 17
3531 16
3532 17
3533 18
3534 17
3535 18
3536 19
3537 14
3538 15
3539 16
3540 15
3541 16
3542 17
3543 16
3544 17
3545 18
3546 15
3547 16
3548 17
3549 16
3550 17
3551 18
3552 17
3553 18
3554 19
3555 16
3556 17
3557 18
3558 17
3559 18
3560 19
3561 18
3562 19
3563 20
3564 13
3565 14
3566 15
3567 14
3568 15
3569 16
3570 15
3571 16
3572 17
3573 14
3574 15
3575 16
3576 15
3577 16
3578 17
3579 16
3580 17
3581 18
3582 15
3583 16
3584 17
3585 16
3586 17
3587 18
3588 17
3589 18
3590 19
3591 14
3592 15
3593 16
3594 15
3595 16
3596 17
3597 16
3598 17
3599 18
3600 15
3601 16
3602 17
3603 16
3604 17
3605 18
3606 17
3607 18
3608 19
3609 16
3610 17
3611 18
3612 17
3613 18
3614 19
3615 18
3616 19
3617 20
3618 15
3619 16
3620 17
3621 16
3622 17
3623 18
3624 17
3625 18
3626 19
3627 16
3628 17
3629 18
3630 17
3631 18
3632 19
3633 18
3634 19
3635 20
3636 17
3637 18
3638 19
3639 18
3640 19
3641 20
3642 19
3643 20
3644 21
3645 10
3646 11
3647 12
3648 11
3649 12
3650 13
3651 12
3652 13
3653 14
3654 11
3655 12
3656 13
3657 12
3658 13
3659 14
3660 13
3661 14
3662 15
3663 12
3664 13
3665 14
3666 13
3667 14
3668 15
3669 14
3670 15
3671 16
3672 11
3673 12
3674 13
3675 12
3676 13
3677 14
3678 13
3679 14
3680 15
3681 12
3682 13
3683 14
3684 13
3685 14
3686 15
3687 14
3688 15
3689 16
3690 13
3691 14
3692 15
3693 14
3694 15
3695 16
3696 15
3697 16
3698 17
3699 12
3700 13
3701 14
3702 13
3703 14
3704 15
3705 14
3706 15
3707 16
3708 13
3709 14
3710 15
3711 14
3712 15
3713 16
3714 15
3715 16
3716 17
3717 14
3718 15
3719 16
3720 15
3721 16
3722 17
3723 16
3724 17
3725 18
3726 11
3727 12
3728 13
3729 12
3730 13
3731 14
3732 13
3733 14
3734 15
3735 12
3736 13
3737 14
3738 13
3739 14
3740 15
3741 14
3742 15
3743 16
3744 13
3745 14
3746 15
3747 14
3748 15
3749 16
3750 15
3751 16
3752 17
3753 12
3754 13
3755 14
3756 13
3757 14
3758 15
3759 14
3760 15
3761 16
3762 13
3763 14
3764 15
3765 14
3766 15
3767 16
3768 15
3769 16
3770 17
3771 14
3772 15
3773 16
3774 15
3775 16
3776 17
3777 16
3778 17
3779 18
3780 13
3781 14
3782 15
3783 14
3784 15
3785 16
3786 15
3787 16
3788 17
3789 14
3790 15
3791 16
3792 15
3793 16
3794 17
3795 16
3796 17
3797 18
3798 15
3799 16
3800 17
3801 16
3802 17
3803 18
3804 17
3805 18
3806 19
3807 12
3808 13
3809 14
3810 13
3811 14
3812 15
3813 14
3814 15
3815 16
3816 13
3817 14
3818 15
3819 14
3820 15
3821 16
3822 15
3823 16
3824 17
3825 14
3826 15
3827 16
3828 15
3829 16
3830 17
3831 16
3832 17
3833 18
3834 13
3835 14
3836 15
3837 14
3838 15
3839 16
3840 15
3841 16
3842 17
3843 14
3844 15
3845 16
3846 15
3847 16
3848 17
3849 16
3850 17
3851 18
3852 15
3853 16
3854 17
3855 16
3856 17
3857 18
3858 17
3859 18
3860 19
3861 14
3862 15
3863 16
3864 15
3865 16
3866 17
3867 16
3868 17
3869 18
3870 15
3871 16
3872 17
3873 16
3874 17
3875 18
3876 17
3877 18
3878 19
3879 16
3880 17
3881 18
3882 17
3883 18
3884 19
3885 18
3886 19
3887 20
3888 11
3889 12
3890 13
3891 12
3892 13
3893 14
3894 13
3895 14
3896 15
3897 12
3898 13
3899 14
3900 13
3901 14
3902 15
3903 14
3904 15
3905 16
3906 13
3907 14
3908 15
3909 14
3910 15
3911 16
3912 15
3913 16
3914 17
3915 12
3916 13
3917 14
3918 13
3919 14
3920 15
3921 14
3922 15
3923 16
3924 13
3925 14
3926 15
3927 14
3928 15
3929 16
3930 15
3931 16
3932 17
3933 14
3934 15
3935 16
3936 15
3937 16
3938 17
3939 16
3940 17
3941 18
3942 13
3943 14
3944 15
3945 14
3946 15
3947 16
3948 15
3949 16
3950 17
3951 14
3952 15
3953 16
3954 15
3955 16
3956 17
3957 16
3958 17
3959 18
3960 15
3961 16
3962 17
3963 16
3964 17
3965 18
3966 17
3967 18
3968 19
3969 12
3970 13
3971 14
3972 13
3973 14
3974 15
3975 14
3976 15
3977 16
3978 13
3979 14
3980 15
3981 14
3982 15
3983 16
3984 15
3985 16
3986 17
3987 14
3988 15
3989 16
3990 15
3991 16
3992 17
3993 16
3994 17
3995 18
3996 13
3997 14
3998 15
3999 14
4000 15
4001 16
4002 15
4003 16
4004 17
4005 14
4006 15
4007 16
4008 15
4009 16
4010 17
4011 16
4012 17
4013 18
4014 15
4015 16
4016 17
4017 16
4018 17
4019 18
4020 17
4021 18
4022 19
4023 14
4024 15
4025 16
4026 15
4027 16
4028 17
4029 16
4030 17
4031 18
4032 15
4033 16
4034 17
4035 16
4036 17
4037 18
4038 17
4039 18
4040 19
4041 16
4042 17
4043 18
4044 17
4045 18
4046 19
4047 18
4048 19
4049 20
4050 13
4051 14
4052 15
4053 14
4054 15
4055 16
4056 15
4057 16
4058 17
4059 14
4060 15
4061 16
4062 15
4063 16
4064 17
4065 16
4066 17
4067 18
4068 15
4069 16
4070 17
4071 16
4072 17
4073 18
4074 17
4075 18
4076 19
4077 14
4078 15
4079 16
4080 15
4081 16
4082 17
4083 16
4084 17
4085 18
4086 15
4087 16
4088 17
4089 16
4090 17
4091 18
4092 17
4093 18
4094 19
4095 16
4096 17
4097 18
4098 17
4099 18
4100 19
4101 18
4102 19
4103 20
4104 15
4105 16
4106 17
4107 16
4108 17
4109 18
4110 17
4111 18
4112 19
4113 16
4114 17
4115 18
4116 17
4117 18
4118 19
4119 18
4120 19
4121 20
4122 17
4123 18
4124 19
4125 18
4126 19
4127 20
4128 19
4129 20
4130 21
4131 12
4132 13
4133 14
4134 13
4135 14
4136 15
4137 14
4138 15
4139 16
4140 13
4141 14
4142 15
4143 14
4144 15
4145 16
4146 15
4147 16
4148 17
4149 14
4150 15
4151 16
4152 15
4153 16
4154 17
4155 16
4156 17
4157 18
4158 13
4159 14
4160 15
4161 14
4162 15
4163 16
4164 15
4165 16
4166 17
4167 14
4168 15
4169 16
4170 15
4171 16
4172 17
4173 16
4174 17
4175 18
4176 15
4177 16
4178 17
4179 16
4180 17
4181 18
4182 17
4183 18
4184 19
4185 14
4186 15
4187 16
4188 15
4189 16
4190 17
4191 16
4192 17
4193 18
4194 15
4195 16
4196 17
4197 16
4198 17
4199 18
4200 17
4201 18
4202 19
4203 16
4204 17
4205 18
4206 17
4207 18
4208 19
4209 18
4210 19
4211 20
4212 13
4213 14
4214 15
4215 14
4216 15
4217 16
4218 15
4219 16
4220 17
4221 14
4222 15
4223 16
4224 15
4225 16
4226 17
4227 16
4228 17
4229 18
4230 15
4231 16
4232 17
4233 16
4234 17
4235 18
4236 17
4237 18
4238 19
4239 14
4240 15
4241 16
4242 15
4243 16
4244 17
4245 16
4246 17
4247 18
4248 15
4249 16
4250 17
4251 16
4252 17
4253 18
4254 17
4255 18
4256 19
4257 16
4258 17
4259 18
4260 17
4261 18
4262 19
4263 18
4264 19
4265 20
4266 15
4267 16
4268 17
4269 16
4270 17
4271 18
4272 17
4273 18
4274 19
4275 16
4276 17
4277 18
4278 17
4279 18
4280 19
4281 18
4282 19
4283 20
4284 17
4285 18
4286 19
4287 18
4288 19
4289 20
4290 19
4291 20
4292 21
4293 14
4294 15
4295 16
4296 15
4297 16
4298 17
4299 16
4300 17
4301 18
4302 15
4303 16
4304 17
4305 16
4306 17
4307 18
4308 17
4309 18
4310 19
4311 16
4312 17
4313 18
4314 17
4315 18
4316 19
4317 18
4318 19
4319 20
4320 15
4321 16
4322 17
4323 16
4324 17
4325 18
4326 17
4327 18
4328 19
4329 16
4330 17
4331 18
4332 17
4333 18
4334 19
4335 18
4336 19
4337 20
4338 17
4339 18
4340 19
4341 18
4342 19
4343 20
4344 19
4345 20
4346 21
4347 16
4348 17
4349 18
4350 17
4351 18
4352 19
4353 18
4354 19
4355 20
4356 17
4357 18
4358 19
4359 18
4360 19
4361 20
4362 19
4363 20
4364 21
4365 18
4366 19
4367 20
4368 19
4369 20
4370 21
4371 20
4372 21
4373 22
4374 9
4375 10
4376 11
4377 10
4378 11
4379 12
4380 11
4381 12
4382 13
4383 10
4384 11
4385 12
4386 11
4387 12
4388 13
4389 12
4390 13
4391 14
4392 11
4393 12
4394 13
4395 12
4396 13
4397 14
4398 13
4399 14
4400 15
4401 10
4402 11
4403 12
4404 11
4405 12
4406 13
4407 12
4408 13
4409 14
4410 11
4411 12
4412 13
4413 12
4414 13
4415 14
4416 13
4417 14
4418 15
4419 12
4420 13
4421 14
4422 13
4423 14
4424 15
4425 14
4426 15
4427 16
4428 11
4429 12
4430 13
4431 12
4432 13
4433 14
4434 13
4435 14
4436 15
4437 12
4438 13
4439 14
4440 13
4441 14
4442 15
4443 14
4444 15
4445 16
4446 13
4447 14
4448 15
4449 14
4450 15
4451 16
4452 15
4453 16
4454 17
4455 10
4456 11
4457 12
4458 11
4459 12
4460 13
4461 12
4462 13
4463 14
4464 11
4465 12
4466 13
4467 12
4468 13
4469 14
4470 13
4471 14
4472 15
4473 12
4474 13
4475 14
4476 13
4477 14
4478 15
4479 14
4480 15
4481 16
4482 11
4483 12
4484 13
4485 12
4486 13
4487 14
4488 13
4489 14
4490 15
4491 12
4492 13
4493 14
4494 13
4495 14
4496 15
4497 14
4498 15
4499 16
4500 13
4501 14
4502 15
4503 14
4504 15
4505 16
4506 15
4507 16
4508 17
4509 12
4510 13
4511 14
4512 13
4513 14
4514 15
4515 14
4516 15
4517 16
4518 13
4519 14
4520 15
4521 14
4522 15
4523 16
4524 15
4525 16
4526 17
4527 14
4528 15
4529 16
4530 15
4531 16
4532 17
4533 16
4534 17
4535 18
4536 11
4537 12
4538 13
4539 12
4540 13
4541 14
4542 13
4543 14
4544 15
4545 12
4546 13
4547 14
4548 13
4549 14
4550 15
4551 14
4552 15
4553 16
4554 13
4555 14
4556 15
4557 14
4558 15
4559 16
4560 15
4561 16
4562 17
4563 12
4564 13
4565 14
4566 13
4567 14
4568 15
4569 14
4570 15
4571 16
4572 13
4573 14
4574 15
4575 14
4576 15
4577 16
4578 15
4579 16
4580 17
4581 14
4582 15
4583 16
4584 15
4585 16
4586 17
4587 16
4588 17
4589 18
4590 13
4591 14
4592 15
4593 14
4594 15
4595 16
4596 15
4597 16
4598 17
4599 14
4600 15
4601 16
4602 15
4603 16
4604 17
4605 16
4606 17
4607 18
4608 15
4609 16
4610 17
4611 16
4612 17
4613 18
4614 17
4615 18
4616 19
4617 10
4618 11
4619 12
4620 11
4621 12
4622 13
4623 12
4624 13
4625 14
4626 11
4627 12
4628 13
4629 12
4630 13
4631 14
4632 13
4633 14
4634 15
4635 12
4636 13
4637 14
4638 13
4639 14
4640 15
4641 14
4642 15
4643 16
4644 11
4645 12
4646 13
4647 12
4648 13
4649 14
4650 13
4651 14
4652 15
4653 12
4654 13
4655 14
4656 13
4657 14
4658 15
4659 14
4660 15
4661 16
4662 13
4663 14
4664 15
4665 14
4666 15
4667 16
4668 15
4669 16
4670 17
4671 12
4672 13
4673 14
4674 13
4675 14
4676 15
4677 14
4678 15
4679 16
4680 13
4681 14
4682 15
4683 14
4684 15
4685 16
4686 15
4687 16
4688 17
4689 14
4690 15
4691 16
4692 15
4693 16
4694 17
4695 16
4696 17
4697 18
4698 11
4699 12
4700 13
4701 12
4702 13
4703 14
4704 13
4705 14
4706 15
4707 12
4708 13
4709 14
4710 13
4711 14
4712 15
4713 14
4714 15
4715 16
4716 13
4717 14
4718 15
4719 14
4720 15
4721 16
4722 15
4723 16
4724 17
4725 12
4726 13
4727 14
4728 13
4729 14
4730 15
4731 14
4732 15
4733 16
4734 13
4735 14
4736 15
4737 14
4738 15
4739 16
4740 15
4741 16
4742 17
4743 14
4744 15
4745 16
4746 15
4747 16
4748 17
4749 16
4750 17
4751 18
4752 13
4753 14
4754 15
4755 14
4756 15
4757 16
4758 15
4759 16
4760 17
4761 14
4762 15
4763 16
4764 15
4765 16
4766 17
4767 16
4768 17
4769 18
4770 15
4771 16
4772 17
4773 16
4774 17
4775 18
4776 17
4777 18
4778 19
4779 12
4780 13
4781 14
4782 13
4783 14
4784 15
4785 14
4786 15
4787 16
4788 13
4789 14
4790 15
4791 14
4792 15
4793 16
4794 15
4795 16
4796 17
4797 14
4798 15
4799 16
4800 15
4801 16
4802 17
4803 16
4804 17
4805 18
4806 13
4807 14
4808 15
4809 14
4810 15
4811 16
4812 15
4813 16
4814 17
4815 14
4816 15
4817 16
4818 15
4819 16
4820 17
4821 16
4822 17
4823 18
4824 15
4825 16
4826 17
4827 16
4828 17
4829 18
4830 17
4831 18
4832 19
4833 14
4834 15
4835 16
4836 15
4837 16
4838 17
4839 16
4840 17
4841 18
4842 15
4843 16
4844 17
4845 16
4846 17
4847 18
4848 17
4849 18
4850 19
4851 16
4852 17
4853 18
4854 17
4855 18
4856 19
4857 18
4858 19
4859 20
4860 11
4861 12
4862 13
4863 12
4864 13
4865 14
4866 13
4867 14
4868 15
4869 12
4870 13
4871 14
4872 13
4873 14
4874 15
4875 14
4876 15
4877 16
4878 13
4879 14
4880 15
4881 14
4882 15
4883 16
4884 15
4885 16
4886 17
4887 12
4888 13
4889 14
4890 13
4891 14
4892 15
4893 14
4894 15
4895 16
4896 13
4897 14
4898 15
4899 14
4900 15
4901 16
4902 15
4903 16
4904 17
4905 14
4906 15
4907 16
4908 15
4909 16
4910 17
4911 16
4912 17
4913 18
4914 13
4915 14
4916 15
4917 14
4918 15
4919 16
4920 15
4921 16
4922 17
4923 14
4924 15
4925 16
4926 15
4927 16
4928 17
4929 16
4930 17
4931 18
4932 15
4933 16
4934 17
4935 16
4936 17
4937 18
4938 17
4939 18
4940 19
4941 12
4942 13
4943 14
4944 13
4945 14
4946 15
4947 14
4948 15
4949 16
4950 13
4951 14
4952 15
4953 14
4954 15
4955 16
4956 15
4957 16
4958 17
4959 14
4960 15
4961 16
4962 15
4963 16
4964 17
4965 16
4966 17
4967 18
4968 13
4969 14
4970 15
4971 14
4972 15
4973 16
4974 15
4975 16
4976 17
4977 14
4978 15
4979 16
4980 15
4981 16
4982 17
4983 16
4984 17
4985 18
4986 15
4987 16
4988 17
4989 16
4990 17
4991 18
4992 17
4993 18
4994 19
4995 14
4996 15
4997 16
4998 15
4999 16
5000 17
5001 16
5002 17
5003 18
5004 15
5005 16
5006 17
5007 16
5008 17
5009 18
5010 17
5011 18
5012 19
5013 16
5014 17
5015 18
5016 17
5017 18
5018 19
5019 18
5020 19
5021 20
5022 13
5023 14
5024 15
5025 14
5026 15
5027 16
5028 15
5029 16
5030 17
5031 14
5032 15
5033 16
5034 15
5035 16
5036 17
5037 16
5038 17
5039 18
5040 15
5041 16
5042 17
5043 16
5044 17
5045 18
5046 17
5047 18
5048 19
5049 14
5050 15
5051 16
5052 15
5053 16
5054 17
5055 16
5056 17
5057 18
5058 15
5059 16
5060 17
5061 16
5062 17
5063 18
5064 17
5065 18
5066 19
5067 16
5068 17
5069 18
5070 17
5071 18
5072 19
5073 18
5074 19
5075 20
5076 15
5077 16
5078 17
5079 16
5080 17
5081 18
5082 17
5083 18
5084 19
5085 16
5086 17
5087 18
5088 17
5089 18
5090 19
5091 18
5092 19
5093 20
5094 17
5095 18
5096 19
5097 18
5098 19
5099 20
5100 19
5101 20
5102 21
5103 10
5104 11
5105 12
5106 11
5107 12
5108 13
5109 12
5110 13
5111 14
5112 11
5113 12
5114 13
5115 12
5116 13
5117 14
5118 13
5119 14
5120 15
5121 12
5122 13
5123 14
5124 13
5125 14
5126 15
5127 14
5128 15
5129 16
5130 11
5131 12
5132 13
5133 12
5134 13
5135 14
5136 13
5137 14
5138 15
5139 12
5140 13
5141 14
5142 13
5143 14
5144 15
5145 14
5146 15
5147 16
5148 13
5149 14
5150 15
5151 14
5152 15
5153 16
5154 15
5155 16
5156 17
5157 12
5158 13
5159 14
5160 13
5161 14
5162 15
5163 14
5164 15
5165 16
5166 13
5167 14
5168 15
5169 14
5170 15
5171 16
5172 15
5173 16
5174 17
5175 14
5176 15
5177 16
5178 15
5179 16
5180 17
5181 16
5182 17
5183 18
5184 11
5185 12
5186 13
5187 12
5188 13
5189 14
5190 13
5191 14
5192 15
5193 12
5194 13
5195 14
5196 13
5197 14
5198 15
5199 14
5200 15
5201 16
5202 13
5203 14
5204 15
5205 14
5206 15
5207 16
5208 15
5209 16
5210 17
5211 12
5212 13
5213 14
5214 13
5215 14
5216 15
5217 14
5218 15
5219 16
5220 13
5221 14
5222 15
5223 14
5224 15
5225 16
5226 15
5227 16
5228 17
5229 14
5230 15
5231 16
5232 15
5233 16
5234 17
5235 16
5236 17
5237 18
5238 13
5239 14
5240 15
5241 14
5242 15
5243 16
5244 15
5245 16
5246 17
5247 14
5248 15
5249 16
5250 15
5251 16
5252 17
5253 16
5254 17
5255 18
5256 15
5257 16
5258 17
5259 16
5260 17
5261 18
5262 17
5263 18
5264 19
5265 12
5266 13
5267 14
5268 13
5269 14
5270 15
5271 14
5272 15
5273 16
5274 13
5275 14
5276 15
5277 14
5278 15
5279 16
5280 15
5281 16
5282 17
5283 14
5284 15
5285 16
5286 15
5287 16
5288 17
5289 16
5290 17
5291 18
5292 13
5293 14
5294 15
5295 14
5296 15
5297 16
5298 15
5299 16
5300 17
5301 14
5302 15
5303 16
5304 15
5305 16
5306 17
5307 16
5308 17
5309 18
5310 15
5311 16
5312 17
5313 16
5314 17
5315 18
5316 17
5317 18
5318 19
5319 14
5320 15
5321 16
5322 15
5323 16
5324 17
5325 16
5326 17
5327 18
5328 15
5329 16
5330 17
5331 16
5332 17
5333 18
5334 17
5335 18
5336 19
5337 16
5338 17
5339 18
5340 17
5341 18
5342 19
5343 18
5344 19
5345 20
5346 11
5347 12
5348 13
5349 12
5350 13
5351 14
5352 13
5353 14
5354 15
5355 12
5356 13
5357 14
5358 13
5359 14
5360 15
5361 14
5362 15
5363 16
5364 13
5365 14
5366 15
5367 14
5368 15
5369 16
5370 15
5371 16
5372 17
5373 12
5374 13
5375 14
5376 13
5377 14
5378 15
5379 14
5380 15
5381 16
5382 13
5383 14
5384 15
5385 14
5386 15
5387 16
5388 15
5389 16
5390 17
5391 14
5392 15
5393 16
5394 15
5395 16
5396 17
5397 16
5398 17
5399 18
5400 13
5401 14
5402 15
5403 14
5404 15
5405 16
5406 15
5407 16
5408 17
5409 14
5410 15
5411 16
5412 15
5413 16
5414 17
5415 16
5416 17
5417 18
5418 15
5419 16
5420 17
5421 16
5422 17
5423 18
5424 17
5425 18
5426 19
5427 12
5428 13
5429 14
5430 13
5431 14
5432 15
5433 14
5434 15
5435 16
5436 13
5437 14
5438 15
5439 14
5440 15
5441 16
5442 15
5443 16
5444 17
5445 14
5446 15
5447 16
5448 15
5449 16
5450 17
5451 16
5452 17
5453 18
5454 13
5455 14
5456 15
5457 14
5458 15
5459 16
5460 15
5461 16
5462 17
5463 14
5464 15
5465 16
5466 15
5467 16
5468 17
5469 16
5470 17
5471 18
5472 15
5473 16
5474 17
5475 16
5476 17
5477 18
5478 17
5479 18
5480 19
5481 14
5482 15
5483 16
5484 15
5485 16
5486 17
5487 16
5488 17
5489 18
5490 15
5491 16
5492 17
5493 16
5494 17
5495 18
5496 17
5497 18
5498 19
5499 16
5500 17
5501 18
5502 17
5503 18
5504 19
5505 18
5506 19
5507 20
5508 13
5509 14
5510 15
5511 14
5512 15
5513 16
5514 15
5515 16
5516 17
5517 14
5518 15
5519 16
5520 15
5521 16
5522 17
5523 16
5524 17
5525 18
5526 15
5527 16
5528 17
5529 16
5530 17
5531 18
5532 17
5533 18
5534 19
5535 14
5536 15
5537 16
5538 15
5539 16
5540 17
5541 16
5542 17
5543 18
5544 15
5545 16
5546 17
5547 16
5548 17
5549 18
5550 17
5551 18
5552 19
5553 16
5554 17
5555 18
5556 17
5557 18
5558 19
5559 18
5560 19
5561 20
5562 15
5563 16
5564 17
5565 16
5566 17
5567 18
5568 17
5569 18
5570 19
5571 16
5572 17
5573 18
5574 17
5575 18
5576 19
5577 18
5578 19
5579 20
5580 17
5581 18
5582 19
5583 18
5584 19
5585 20
5586 19
5587 20
5588 21
5589 12
5590 13
5591 14
5592 13
5593 14
5594 15
5595 14
5596 15
5597 16
5598 13
5599 14
5600 15
5601 14
5602 15
5603 16
5604 15
5605 16
5606 17
5607 14
5608 15
5609 16
5610 15
5611 16
5612 17
5613 16
5614 17
5615 18
5616 13
5617 14
5618 15
5619 14
5620 15
5621 16
5622 15
5623 16
5624 17
5625 14
5626 15
5627 16
5628 15
5629 16
5630 17
5631 16
5632 17
5633 18
5634 15
5635 16
5636 17
5637 16
5638 17
5639 18
5640 17
5641 18
5642 19
5643 14
5644 15
5645 16
5646 15
5647 16
5648 17
5649 16
5650 17
5651 18
5652 15
5653 16
5654 17
5655 16
5656 17
5657 18
5658 17
5659 18
5660 19
5661 16
5662 17
5663 18
5664 17
5665 18
5666 19
5667 18
5668 19
5669 20
5670 13
5671 14
5672 15
5673 14
5674 15
5675 16
5676 15
5677 16
5678 17
5679 14
5680 15
5681 16
5682 15
5683 16
5684 17
5685 16
5686 17
5687 18
5688 15
5689 16
5690 17
5691 16
5692 17
5693 18
5694 17
5695 18
5696 19
5697 14
5698 15
5699 16
5700 15
5701 16
5702 17
5703 16
5704 17
5705 18
5706 15
5707 16
5708 17
5709 16
5710 17
5711 18
5712 17
5713 18
5714 19
5715 16
5716 17
5717 18
5718 17
5719 18
5720 19
5721 18
5722 19
5723 20
5724 15
5725 16
5726 17
5727 16
5728 17
5729 18
5730 17
5731 18
5732 19
5733 16
5734 17
5735 18
5736 17
5737 18
5738 19
5739 18
5740 19
5741 20
5742 17
5743 18
5744 19
5745 18
5746 19
5747 20
5748 19
5749 20
5750 21
5751 14
5752 15
5753 16
5754 15
5755 16
5756 17
5757 16
5758 17
5759 18
5760 15
5761 16
5762 17
5763 16
5764 17
5765 18
5766 17
5767 18
5768 19
5769 16
5770 17
5771 18
5772 17
5773 18
5774 19
5775 18
5776 19
5777 20
5778 15
5779 16
5780 17
5781 16
5782 17
5783 18
5784 17
5785 18
5786 19
5787 16
5788 17
5789 18
5790 17
5791 18
5792 19
5793 18
5794 19
5795 20
5796 17
5797 18
5798 19
5799 18
5800 19
5801 20
5802 19
5803 20
5804 21
5805 16
5806 17
5807 18
5808 17
5809 18
5810 19
5811 18
5812 19
5813 20
5814 17
5815 18
5816 19
5817 18
5818 19
5819 20
5820 19
5821 20
5822 21
5823 18
5824 19
5825 20
5826 19
5827 20
5828 21
5829 20
5830 21
5831 22
5832 11
5833 12
5834 13
5835 12
5836 13
5837 14
5838 13
5839 14
5840 15
5841 12
5842 13
5843 14
5844 13
5845 14
5846 15
5847 14
5848 15
5849 16
5850 13
5851 14
5852 15
5853 14
5854 15
5855 16
5856 15
5857 16
5858 17
5859 12
5860 13
5861 14
5862 13
5863 14
5864 15
5865 14
5866 15
5867 16
5868 13
5869 14
5870 15
5871 14
5872 15
5873 16
5874 15
5875 16
5876 17
5877 14
5878 15
5879 16
5880 15
5881 16
5882 17
5883 16
5884 17
5885 18
5886 13
5887 14
5888 15
5889 14
5890 15
5891 16
5892 15
5893 16
5894 17
5895 14
5896 15
5897 16
5898 15
5899 16
5900 17
5901 16
5902 17
5903 18
5904 15
5905 16
5906 17
5907 16
5908 17
5909 18
5910 17
5911 18
5912 19
5913 12
5914 13
5915 14
5916 13
5917 14
5918 15
5919 14
5920 15
5921 16
5922 13
5923 14
5924 15
5925 14
5926 15
5927 16
5928 15
5929 16
5930 17
5931 14
5932 15
5933 16
5934 15
5935 16
5936 17
5937 16
5938 17
5939 18
5940 13
5941 14
5942 15
5943 14
5944 15
5945 16
5946 15
5947 16
5948 17
5949 14
5950 15
5951 16
5952 15
5953 16
5954 17
5955 16
5956 17
5957 18
5958 15
5959 16
5960 17
5961 16
5962 17
5963 18
5964 17
5965 18
5966 19
5967 14
5968 15
5969 16
5970 15
5971 16
5972 17
5973 16
5974 17
5975 18
5976 15
5977 16
5978 17
5979 16
5980 17
5981 18
5982 17
5983 18
5984 19
5985 16
5986 17
5987 18
5988 17
5989 18
5990 19
5991 18
5992 19
5993 20
5994 13
5995 14
5996 15
5997 14
5998 15
5999 16
6000 15
6001 16
6002 17
6003 14
6004 15
6005 16
6006 15
6007 16
6008 17
6009 16
6010 17
6011 18
6012 15
6013 16
6014 17
6015 16
6016 17
6017 18
6018 17
6019 18
6020 19
6021 14
6022 15
6023 16
6024 15
6025 16
6026 17
6027 16
6028 17
6029 18
6030 15
6031 16
6032 17
6033 16
6034 17
6035 18
6036 17
6037 18
6038 19
6039 16
6040 17
6041 18
6042 17
6043 18
6044 19
6045 18
6046 19
6047 20
6048 15
6049 16
6050 17
6051 16
6052 17
6053 18
6054 17
6055 18
6056 19
6057 16
6058 17
6059 18
6060 17
6061 18
6062 19
6063 18
6064 19
6065 20
6066 17
6067 18
6068 19
6069 18
6070 19
6071 20
6072 19
6073 20
6074 21
6075 12
6076 13
6077 14
6078 13
6079 14
6080 15
6081 14
6082 15
6083 16
6084 13
6085 14
6086 15
6087 14
6088 15
6089 16
6090 15
6091 16
6092 17
6093 14
6094 15
6095 16
6096 15
6097 16
6098 17
6099 16
6100 17
6101 18
6102 13
6103 14
6104 15
6105 14
6106 15
6107 16
6108 15
6109 16
6110 17
6111 14
6112 15
6113 16
6114 15
6115 16
6116 17
6117 16
6118 17
6119 18
6120 15
6121 16
6122 17
6123 16
6124 17
6125 18
6126 17
6127 18
6128 19
6129 14
6130 15
6131 16
6132 15
6133 16
6134 17
6135 16
6136 17
6137 18
6138 15
6139 16
6140 17
6141 16
6142 17
6143 18
6144 17
6145 18
6146 19
6147 16
6148 17
6149 18
6150 17
6151 18
6152 19
6153 18
6154 19
6155 20
6156 13
6157 14
6158 15
6159 14
6160 15
6161 16
6162 15
6163 16
6164 17
6165 14
6166 15
6167 16
6168 15
6169 16
6170 17
6171 16
6172 17
6173 18
6174 15
6175 16
6176 17
6177 16
6178 17
6179 18
6180 17
6181 18
6182 19
6183 14
6184 15
6185 16
6186 15
6187 16
6188 17
6189 16
6190 17
6191 18
6192 15
6193 16
6194 17
6195 16
6196 17
6197 18
6198 17
6199 18
6200 19
6201 16
6202 17
6203 18
6204 17
6205 18
6206 19
6207 18
6208 19
6209 20
6210 15
6211 16
6212 17
6213 16
6214 17
6215 18
6216 17
6217 18
6218 19
6219 16
6220 17
6221 18
6222 17
6223 18
6224 19
6225 18
6226 19
6227 20
6228 17
6229 18
6230 19
6231 18
6232 19
6233 20
6234 19
6235 20
6236 21
6237 14
6238 15
6239 16
6240 15
6241 16
6242 17
6243 16
6244 17
6245 18
6246 15
6247 16
6248 17
6249 16
6250 17
6251 18
6252 17
6253 18
6254 19
6255 16
6256 17
6257 18
6258 17
6259 18
6260 19
6261 18
6262 19
6263 20
6264 15
6265 16
6266 17
6267 16
6268 17
6269 18
6270 17
6271 18
6272 19
6273 16
6274 17
6275 18
6276 17
6277 18
6278 19
6279 18
6280 19
6281 20
6282 17
6283 18
6284 19
6285 18
6286 19
6287 20
6288 19
6289 20
6290 21
6291 16
6292 17
6293 18
6294 17
6295 18
6296 19
6297 18
6298 19
6299 20
6300 17
6301 18
6302 19
6303 18
6304 19
6305 20
6306 19
6307 20
6308 21
6309 18
6310 19
6311 20
6312 19
6313 20
6314 21
6315 20
6316 21
6317 22
6318 13
6319 14
6320 15
6321 14
6322 15
6323 16
6324 15
6325 16
6326 17
6327 14
6328 15
6329 16
6330 15
6331 16
6332 17
6333 16
6334 17
6335 18
6336 15
6337 16
6338 17
6339 16
6340 17
6341 18
6342 17
6343 18
6344 19
6345 14
6346 15
6347 16
6348 15
6349 16
6350 17
6351 16
6352 17
6353 18
6354 15
6355 16
6356 17
6357 16
6358 17
6359 18
6360 17
6361 18
6362 19
6363 16
6364 17
6365 18
6366 17
6367 18
6368 19
6369 18
6370 19
6371 20
6372 15
6373 16
6374 17
6375 16
6376 17
6377 18
6378 17
6379 18
6380 19
6381 16
6382 17
6383 18
6384 17
6385 18
6386 19
6387 18
6388 19
6389 20
6390 17
6391 18
6392 19
6393 18
6394 19
6395 20
6396 19
6397 20
6398 21
6399 14
6400 15
6401 16
6402 15
6403 16
6404 17
6405 16
6406 17
6407 18
6408 15
6409 16
6410 17
6411 16
6412 17
6413 18
6414 17
6415 18
6416 19
6417 16
6418 17
6419 18
6420 17
6421 18
6422 19
6423 18
6424 19
6425 20
6426 15
6427 16
6428 17
6429 16
6430 17
6431 18
6432 17
6433 18
6434 19
6435 16
6436 17
6437 18
6438 17
6439 18
6440 19
6441 18
6442 19
6443 20
6444 17
6445 18
6446 19
6447 18
6448 19
6449 20
6450 19
6451 20
6452 21
6453 16
6454 17
6455 18
6456 17
6457 18
6458 19
6459 18
6460 19
6461 20
6462 17
6463 18
6464 19
6465 18
6466 19
6467 20
6468 19
6469 20
6470 21
6471 18
6472 19
6473 20
6474 19
6475 20
6476 21
6477 20
6478 21
6479 22
6480 15
6481 16
6482 17
6483 16
6484 17
6485 18
6486 17
6487 18
6488 19
6489 16
6490 17
6491 18
6492 17
6493 18
6494 19
6495 18
6496 19
6497 20
6498 17
6499 18
6500 19
6501 18
6502 19
6503 20
6504 19
6505 20
6506 21
6507 16
6508 17
6509 18
6510 17
6511 18
6512 19
6513 18
6514 19
6515 20
6516 17
6517 18
6518 19
6519 18
6520 19
6521 20
6522 19
6523 20
6524 21
6525 18
6526 19
6527 20
6528 19
6529 20
6530 21
6531 20
6532 21
6533 22
6534 17
6535 18
6536 19
6537 18
6538 19
6539 20
6540 19
6541 20
6542 21
6543 18
6544 19
6545 20
6546 19
6547 20
6548 21
6549 20
6550 21
6551 22
6552 19
6553 20
6554 21
6555 20
6556 21
6557 22
6558 21
6559 22
6560 23
6561 9
6562 10
6563 11
6564 10
6565 11
6566 12
6567 11
6568 12
6569 13
6570 10
6571 11
6572 12
6573 11
6574 12
6575 13
6576 12
6577 13
6578 14
6579 11
6580 12
6581 13
6582 12
6583 13
6584 14
6585 13
6586 14
6587 15
6588 10
6589 11
6590 12
6591 11
6592 12
6593 13
6594 12
6595 13
6596 14
6597 11
6598 12
6599 13
6600 12
6601 13
6602 14
6603 13
6604 14
6605 15
6606 12
6607 13
6608 14
6609 13
6610 14
6611 15
6612 14
6613 15
6614 16
6615 11
6616 12
6617 13
6618 12
6619 13
6620 14
6621 13
6622 14
6623 15
6624 12
6625 13
6626 14
6627 13
6628 14
6629 15
6630 14
6631 15
6632 16
6633 13
6634 14
6635 15
6636 14
6637 15
6638 16
6639 15
6640 16
6641 17
6642 10
6643 11
6644 12
6645 11
6646 12
6647 13
6648 12
6649 13
6650 14
6651 11
6652 12
6653 13
6654 12
6655 13
6656 14
6657 13
6658 14
6659 15
6660 12
6661 13
6662 14
6663 13
6664 14
6665 15
6666 14
6667 15
6668 16
6669 11
6670 12
6671 13
6672 12
6673 13
6674 14
6675 13
6676 14
6677 15
6678 12
6679 13
6680 14
6681 13
6682 14
6683 15
6684 14
6685 15
6686 16
6687 13
6688 14
6689 15
6690 14
6691 15
6692 16
6693 15
6694 16
6695 17
6696 12
6697 13
6698 14
6699 13
6700 14
6701 15
6702 14
6703 15
6704 16
6705 13
6706 14
6707 15
6708 14
6709 15
6710 16
6711 15
6712 16
6713 17
6714 14
6715 15
6716 16
6717 15
6718 16
6719 17
6720 16
6721 17
6722 18
6723 11
6724 12
6725 13
6726 12
6727 13
6728 14
6729 13
6730 14
6731 15
6732 12
6733 13
6734 14
6735 13
6736 14
6737 15
6738 14
6739 15
6740 16
6741 13
6742 14
6743 15
6744 14
6745 15
6746 16
6747 15
6748 16
6749 17
6750 12
6751 13
6752 14
6753 13
6754 14
6755 15
6756 14
6757 15
6758 16
6759 13
6760 14
6761 15
6762 14
6763 15
6764 16
6765 15
6766 16
6767 17
6768 14
6769 15
6770 16
6771 15
6772 16
6773 17
6774 16
6775 17
6776 18
6777 13
6778 14
6779 15
6780 14
6781 15
6782 16
6783 15
6784 16
6785 17
6786 14
6787 15
6788 16
6789 15
6790 16
6791 17
6792 16
6793 17
6794 18
6795 15
6796 16
6797 17
6798 16
6799 17
6800 18
6801 17
6802 18
6803 19
6804 10
6805 11
6806 12
6807 11
6808 12
6809 13
6810 12
6811 13
6812 14
6813 11
6814 12
6815 13
6816 12
6817 13
6818 14
6819 13
6820 14
6821 15
6822 12
6823 13
6824 14
6825 13
6826 14
6827 15
6828 14
6829 15
6830 16
6831 11
6832 12
6833 13
6834 12
6835 13
6836 14
6837 13
6838 14
6839 15
6840 12
6841 13
6842 14
6843 13
6844 14
6845 15
6846 14
6847 15
6848 16
6849 13
6850 14
6851 15
6852 14
6853 15
6854 16
6855 15
6856 16
6857 17
6858 12
6859 13
6860 14
6861 13
6862 14
6863 15
6864 14
6865 15
6866 16
6867 13
6868 14
6869 15
6870 14
6871 15
6872 16
6873 15
6874 16
6875 17
6876 14
6877 15
6878 16
6879 15
6880 16
6881 17
6882 16
6883 17
6884 18
6885 11
6886 12
6887 13
6888 12
6889 13
6890 14
6891 13
6892 14
6893 15
6894 12
6895 13
6896 14
6897 13
6898 14
6899 15
6900 14
6901 15
6902 16
6903 13
6904 14
6905 15
6906 14
6907 15
6908 16
6909 15
6910 16
6911 17
6912 12
6913 13
6914 14
6915 13
6916 14
6917 15
6918 14
6919 15
6920 16
6921 13
6922 14
6923 15
6924 14
6925 15
6926 16
6927 15
6928 16
6929 17
6930 14
6931 15
6932 16
6933 15
6934 16
6935 17
6936 16
6937 17
6938 18
6939 13
6940 14
6941 15
6942 14
6943 15
6944 16
6945 15
6946 16
6947 17
6948 14
6949 15
6950 16
6951 15
6952 16
6953 17
6954 16
6955 17
6956 18
6957 15
6958 16
6959 17
6960 16
6961 17
6962 18
6963 17
6964 18
6965 19
6966 12
6967 13
6968 14
6969 13
6970 14
6971 15
6972 14
6973 15
6974 16
6975 13
6976 14
6977 15
6978 14
6979 15
6980 16
6981 15
6982 16
6983 17
6984 14
6985 15
6986 16
6987 15
6988 16
6989 17
6990 16
6991 17
6992 18
6993 13
6994 14
6995 15
6996 14
6997 15
6998 16
6999 15
7000 16
7001 17
7002 14
7003 15
7004 16
7005 15
7006 16
7007 17
7008 16
7009 17
7010 18
7011 15
7012 16
7013 17
7014 16
7015 17
7016 18
7017 17
7018 18
7019 19
7020 14
7021 15
7022 16
7023 15
7024 16
7025 17
7026 16
7027 17
7028 18
7029 15
7030 16
7031 17
7032 16
7033 17
7034 18
7035 17
7036 18
7037 19
7038 16
7039 17
7040 18
7041 17
7042 18
7043 19
7044 18
7045 19
7046 20
7047 11
7048 12
7049 13
7050 12
7051 13
7052 14
7053 13
7054 14
7055 15
7056 12
7057 13
7058 14
7059 13
7060 14
7061 15
7062 14
7063 15
7064 16
7065 13
7066 14
7067 15
7068 14
7069 15
7070 16
7071 15
7072 16
7073 17
7074 12
7075 13
7076 14
7077 13
7078 14
7079 15
7080 14
7081 15
7082 16
7083 13
7084 14
7085 15
7086 14
7087 15
7088 16
7089 15
7090 16
7091 17
7092 14
7093 15
7094 16
7095 15
7096 16
7097 17
7098 16
7099 17
7100 18
7101 13
7102 14
7103 15
7104 14
7105 15
7106 16
7107 15
7108 16
7109 17
7110 14
7111 15
7112 16
7113 15
7114 16
7115 17
7116 16
7117 17
7118 18
7119 15
7120 16
7121 17
7122 16
7123 17
7124 18
7125 17
7126 18
7127 19
7128 12
7129 13
7130 14
7131 13
7132 14
7133 15
7134 14
7135 15
7136 16
7137 13
7138 14
7139 15
7140 14
7141 15
7142 16
7143 15
7144 16
7145 17
7146 14
7147 15
7148 16
7149 15
7150 16
7151 17
7152 16
7153 17
7154 18
7155 13
7156 14
7157 15
7158 14
7159 15
7160 16
7161 15
7162 16
7163 17
7164 14
7165 15
7166 16
7167 15
7168 16
7169 17
7170 16
7171 17
7172 18
7173 15
7174 16
7175 17
7176 16
7177 17
7178 18
7179 17
7180 18
7181 19
7182 14
7183 15
7184 16
7185 15
7186 16
7187 17
7188 16
7189 17
7190 18
7191 15
7192 16
7193 17
7194 16
7195 17
7196 18
7197 17
7198 18
7199 19
7200 16
7201 17
7202 18
7203 17
7204 18
7205 19
7206 18
7207 19
7208 20
7209 13
7210 14
7211 15
7212 14
7213 15
7214 16
7215 15
7216 16
7217 17
7218 14
7219 15
7220 16
7221 15
7222 16
7223 17
7224 16
7225 17
7226 18
7227 15
7228 16
7229 17
7230 16
7231 17
7232 18
7233 17
7234 18
7235 19
7236 14
7237 15
7238 16
7239 15
7240 16
7241 17
7242 16
7243 17
7244 18
7245 15
7246 16
7247 17
7248 16
7249 17
7250 18
7251 17
7252 18
7253 19
7254 16
7255 17
7256 18
7257 17
7258 18
7259 19
7260 18
7261 19
7262 20
7263 15
7264 16
7265 17
7266 16
7267 17
7268 18
7269 17
7270 18
7271 19
7272 16
7273 17
7274 18
7275 17
7276 18
7277 19
7278 18
7279 19
7280 20
7281 17
7282 18
7283 19
7284 18
7285 19
7286 20
7287 19
7288 20
7289 21
7290 10
7291 11
7292 12
7293 11
7294 12
7295 13
7296 12
7297 13
7298 14
7299 11
7300 12
7301 13
7302 12
7303 13
7304 14
7305 13
7306 14
7307 15
7308 12
7309 13
7310 14
7311 13
7312 14
7313 15
7314 14
7315 15
7316 16
7317 11
7318 12
7319 13
7320 12
7321 13
7322 14
7323 13
7324 14
7325 15
7326 12
7327 13
7328 14
7329 13
7330 14
7331 15
7332 14
7333 15
7334 16
7335 13
7336 14
7337 15
7338 14
7339 15
7340 16
7341 15
7342 16
7343 17
7344 12
7345 13
7346 14
7347 13
7348 14
7349 15
7350 14
7351 15
7352 16
7353 13
7354 14
7355 15
7356 14
7357 15
7358 16
7359 15
7360 16
7361 17
7362 14
7363 15
7364 16
7365 15
7366 16
7367 17
7368 16
7369 17
7370 18
7371 11
7372 12
7373 13
7374 12
7375 13
7376 14
7377 13
7378 14
7379 15
7380 12
7381 13
7382 14
7383 13
7384 14
7385 15
7386 14
7387 15
7388 16
7389 13
7390 14
7391 15
7392 14
7393 15
7394 16
7395 15
7396 16
7397 17
7398 12
7399 13
7400 14
7401 13
7402 14
7403 15
7404 14
7405 15
7406 16
7407 13
7408 14
7409 15
7410 14
7411 15
7412 16
7413 15
7414 16
7415 17
7416 14
7417 15
7418 16
7419 15
7420 16
7421 17
7422 16
7423 17
7424 18
7425 13
7426 14
7427 15
7428 14
7429 15
7430 16
7431 15
7432 16
7433 17
7434 14
7435 15
7436 16
7437 15
7438 16
7439 17
7440 16
7441 17
7442 18
7443 15
7444 16
7445 17
7446 16
7447 17
7448 18
7449 17
7450 18
7451 19
7452 12
7453 13
7454 14
7455 13
7456 14
7457 15
7458 14
7459 15
7460 16
7461 13
7462 14
7463 15
7464 14
7465 15
7466 16
7467 15
7468 16
7469 17
7470 14
7471 15
7472 16
7473 15
7474 16
7475 17
7476 16
7477 17
7478 18
7479 13
7480 14
7481 15
7482 14
7483 15
7484 16
7485 15
7486 16
7487 17
7488 14
7489 15
7490 16
7491 15
7492 16
7493 17
7494 16
7495 17
7496 18
7497 15
7498 16
7499 17
7500 16
7501 17
7502 18
7503 17
7504 18
7505 19
7506 14
7507 15
7508 16
7509 15
7510 16
7511 17
7512 16
7513 17
7514 18
7515 15
7516 16
7517 17
7518 16
7519 17
7520 18
7521 17
7522 18
7523 19
7524 16
7525 17
7526 18
7527 17
7528 18
7529 19
7530 18
7531 19
7532 20
7533 11
7534 12
7535 13
7536 12
7537 13
7538 14
7539 13
7540 14
7541 15
7542 12
7543 13
7544 14
7545 13
7546 14
7547 15
7548 14
7549 15
7550 16
7551 13
7552 14
7553 15
7554 14
7555 15
7556 16
7557 15
7558 16
7559 17
7560 12
7561 13
7562 14
7563 13
7564 14
7565 15
7566 14
7567 15
7568 16
7569 13
7570 14
7571 15
7572 14
7573 15
7574 16
7575 15
7576 16
7577 17
7578 14
7579 15
7580 16
7581 15
7582 16
7583 17
7584 16
7585 17
7586 18
7587 13
7588 14
7589 15
7590 14
7591 15
7592 16
7593 15
7594 16
7595 17
7596 14
7597 15
7598 16
7599 15
7600 16
7601 17
7602 16
7603 17
7604 18
7605 15
7606 16
7607 17
7608 16
7609 17
7610 18
7611 17
7612 18
7613 19
7614 12
7615 13
7616 14
7617 13
7618 14
7619 15
7620 14
7621 15
7622 16
7623 13
7624 14
7625 15
7626 14
7627 15
7628 16
7629 15
7630 16
7631 17
7632 14
7633 15
7634 16
7635 15
7636 16
7637 17
7638 16
7639 17
7640 18
7641 13
7642 14
7643 15
7644 14
7645 15
7646 16
7647 15
7648 16
7649 17
7650 14
7651 15
7652 16
7653 15
7654 16
7655 17
7656 16
7657 17
7658 18
7659 15
7660 16
7661 17
7662 16
7663 17
7664 18
7665 17
7666 18
7667 19
7668 14
7669 15
7670 16
7671 15
7672 16
7673 17
7674 16
7675 17
7676 18
7677 15
7678 16
7679 17
7680 16
7681 17
7682 18
7683 17
7684 18
7685 19
7686 16
7687 17
7688 18
7689 17
7690 18
7691 19
7692 18
7693 19
7694 20
7695 13
7696 14
7697 15
7698 14
7699 15
7700 16
7701 15
7702 16
7703 17
7704 14
7705 15
7706 16
7707 15
7708 16
7709 17
7710 16
7711 17
7712 18
7713 15
7714 16
7715 17
7716 16
7717 17
7718 18
7719 17
7720 18
7721 19
7722 14
7723 15
7724 16
7725 15
7726 16
7727 17
7728 16
7729 17
7730 18
7731 15
7732 16
7733 17
7734 16
7735 17
7736 18
7737 17
7738 18
7739 19
7740 16
7741 17
7742 18
7743 17
7744 18
7745 19
7746 18
7747 19
7748 20
7749 15
7750 16
7751 17
7752 16
7753 17
7754 18
7755 17
7756 18
7757 19
7758 16
7759 17
7760 18
7761 17
7762 18
7763 19
7764 18
7765 19
7766 20
7767 17
7768 18
7769 19
7770 18
7771 19
7772 20
7773 19
7774 20
7775 21
7776 12
7777 13
7778 14
7779 13
7780 14
7781 15
7782 14
7783 15
7784 16
7785 13
7786 14
7787 15
7788 14
7789 15
7790 16
7791 15
7792 16
7793 17
7794 14
7795 15
7796 16
7797 15
7798 16
7799 17
7800 16
7801 17
7802 18
7803 13
7804 14
7805 15
7806 14
7807 15
7808 16
7809 15
7810 16
7811 17
7812 14
7813 15
7814 16
7815 15
7816 16
7817 17
7818 16
7819 17
7820 18
7821 15
7822 16
7823 17
7824 16
7825 17
7826 18
7827 17
7828 18
7829 19
7830 14
7831 15
7832 16
7833 15
7834 16
7835 17
7836 16
7837 17
7838 18
7839 15
7840 16
7841 17
7842 16
7843 17
7844 18
7845 17
7846 18
7847 19
7848 16
7849 17
7850 18
7851 17
7852 18
7853 19
7854 18
7855 19
7856 20
7857 13
7858 14
7859 15
7860 14
7861 15
7862 16
7863 15
7864 16
7865 17
7866 14
7867 15
7868 16
7869 15
7870 16
7871 17
7872 16
7873 17
7874 18
7875 15
7876 16
7877 17
7878 16
7879 17
7880 18
7881 17
7882 18
7883 19
7884 14
7885 15
7886 16
7887 15
7888 16
7889 17
7890 16
7891 17
7892 18
7893 15
7894 16
7895 17
7896 16
7897 17
7898 18
7899 17
7900 18
7901 19
7902 16
7903 17
7904 18
7905 17
7906 18
7907 19
7908 18
7909 19
7910 20
7911 15
7912 16
7913 17
7914 16
7915 17
7916 18
7917 17
7918 18
7919 19
7920 16
7921 17
7922 18
7923 17
7924 18
7925 19
7926 18
7927 19
7928 20
7929 17
7930 18
7931 19
7932 18
7933 19
7934 20
7935 19
7936 20
7937 21
7938 14
7939 15
7940 16
7941 15
7942 16
7943 17
7944 16
7945 17
7946 18
7947 15
7948 16
7949 17
7950 16
7951 17
7952 18
7953 17
7954 18
7955 19
7956 16
7957 17
7958 18
7959 17
7960 18
7961 19
7962 18
7963 19
7964 20
7965 15
7966 16
7967 17
7968 16
7969 17
7970 18
7971 17
7972 18
7973 19
7974 16
7975 17
7976 18
7977 17
7978 18
7979 19
7980 18
7981 19
7982 20
7983 17
7984 18
7985 19
7986 18
7987 19
7988 20
7989 19
7990 20
7991 21
7992 16
7993 17
7994 18
7995 17
7996 18
7997 19
7998 18
7999 19
8000 20
8001 17
8002 18
8003 19
8004 18
8005 19
8006 20
8007 19
8008 20
8009 21
8010 18
8011 19
8012 20
8013 19
8014 20
8015 21
8016 20
8017 21
8018 22
8019 11
8020 12
8021 13
8022 12
8023 13
8024 14
8025 13
8026 14
8027 15
8028 12
8029 13
8030 14
8031 13
8032 14
8033 15
8034 14
8035 15
8036 16
8037 13
8038 14
8039 15
8040 14
8041 15
8042 16
8043 15
8044 16
8045 17
8046 12
8047 13
8048 14
8049 13
8050 14
8051 15
8052 14
8053 15
8054 16
8055 13
8056 14
8057 15
8058 14
8059 15
8060 16
8061 15
8062 16
8063 17
8064 14
8065 15
8066 16
8067 15
8068 16
8069 17
8070 16
8071 17
8072 18
8073 13
8074 14
8075 15
8076 14
8077 15
8078 16
8079 15
8080 16
8081 17
8082 14
8083 15
8084 16
8085 15
8086 16
8087 17
8088 16
8089 17
8090 18
8091 15
8092 16
8093 17
8094 16
8095 17
8096 18
8097 17
8098 18
8099 19
8100 12
8101 13
8102 14
8103 13
8104 14
8105 15
8106 14
8107 15
8108 16
8109 13
8110 14
8111 15
8112 14
8113 15
8114 16
8115 15
8116 16
8117 17
8118 14
8119 15
8120 16
8121 15
8122 16
8123 17
8124 16
8125 17
8126 18
8127 13
8128 14
8129 15
8130 14
8131 15
8132 16
8133 15
8134 16
8135 17
8136 14
8137 15
8138 16
8139 15
8140 16
8141 17
8142 16
8143 17
8144 18
8145 15
8146 16
8147 17
8148 16
8149 17
8150 18
8151 17
8152 18
8153 19
8154 14
8155 15
8156 16
8157 15
8158 16
8159 17
8160 16
8161 17
8162 18
8163 15
8164 16
8165 17
8166 16
8167 17
8168 18
8169 17
8170 18
8171 19
8172 16
8173 17
8174 18
8175 17
8176 18
8177 19
8178 18
8179 19
8180 20
8181 13
8182 14
8183 15
8184 14
8185 15
8186 16
8187 15
8188 16
8189 17
8190 14
8191 15
8192 16
8193 15
8194 16
8195 17
8196 16
8197 17
8198 18
8199 15
8200 16
8201 17
8202 16
8203 17
8204 18
8205 17
8206 18
8207 19
8208 14
8209 15
8210 16
8211 15
8212 16
8213 17
8214 16
8215 17
8216 18
8217 15
8218 16
8219 17
8220 16
8221 17
8222 18
8223 17
8224 18
8225 19
8226 16
8227 17
8228 18
8229 17
8230 18
8231 19
8232 18
8233 19
8234 20
8235 15
8236 16
8237 17
8238 16
8239 17
8240 18
8241 17
8242 18
8243 19
8244 16
8245 17
8246 18
8247 17
8248 18
8249 19
8250 18
8251 19
8252 20
8253 17
8254 18
8255 19
8256 18
8257 19
8258 20
8259 19
8260 20
8261 21
8262 12
8263 13
8264 14
8265 13
8266 14
8267 15
8268 14
8269 15
8270 16
8271 13
8272 14
8273 15
8274 14
8275 15
8276 16
8277 15
8278 16
8279 17
8280 14
8281 15
8282 16
8283 15
8284 16
8285 17
8286 16
8287 17
8288 18
8289 13
8290 14
8291 15
8292 14
8293 15
8294 16
8295 15
8296 16
8297 17
8298 14
8299 15
8300 16
8301 15
8302 16
8303 17
8304 16
8305 17
8306 18
8307 15
8308 16
8309 17
8310 16
8311 17
8312 18
8313 17
8314 18
8315 19
8316 14
8317 15
8318 16
8319 15
8320 16
8321 17
8322 16
8323 17
8324 18
8325 15
8326 16
8327 17
8328 16
8329 17
8330 18
8331 17
8332 18
8333 19
8334 16
8335 17
8336 18
8337 17
8338 18
8339 19
8340 18
8341 19
8342 20
8343 13
8344 14
8345 15
8346 14
8347 15
8348 16
8349 15
8350 16
8351 17
8352 14
8353 15
8354 16
8355 15
8356 16
8357 17
8358 16
8359 17
8360 18
8361 15
8362 16
8363 17
8364 16
8365 17
8366 18
8367 17
8368 18
8369 19
8370 14
8371 15
8372 16
8373 15
8374 16
8375 17
8376 16
8377 17
8378 18
8379 15
8380 16
8381 17
8382 16
8383 17
8384 18
8385 17
8386 18
8387 19
8388 16
8389 17
8390 18
8391 17
8392 18
8393 19
8394 18
8395 19
8396 20
8397 15
8398 16
8399 17
8400 16
8401 17
8402 18
8403 17
8404 18
8405 19
8406 16
8407 17
8408 18
8409 17
8410 18
8411 19
8412 18
8413 19
8414 20
8415 17
8416 18
8417 19
8418 18
8419 19
8420 20
8421 19
8422 20
8423 21
8424 14
8425 15
8426 16
8427 15
8428 16
8429 17
8430 16
8431 17
8432 18
8433 15
8434 16
8435 17
8436 16
8437 17
8438 18
8439 17
8440 18
8441 19
8442 16
8443 17
8444 18
8445 17
8446 18
8447 19
8448 18
8449 19
8450 20
8451 15
8452 16
8453 17
8454 16
8455 17
8456 18
8457 17
8458 18
8459 19
8460 16
8461 17
8462 18
8463 17
8464 18
8465 19
8466 18
8467 19
8468 20
8469 17
8470 18
8471 19
8472 18
8473 19
8474 20
8475 19
8476 20
8477 21
8478 16
8479 17
8480 18
8481 17
8482 18
8483 19
8484 18
8485 19
8486 20
8487 17
8488 18
8489 19
8490 18
8491 19
8492 20
8493 19
8494 20
8495 21
8496 18
8497 19
8498 20
8499 19
8500 20
8501 21
8502 20
8503 21
8504 22
8505 13
8506 14
8507 15
8508 14
8509 15
8510 16
8511 15
8512 16
8513 17
8514 14
8515 15
8516 16
8517 15
8518 16
8519 17
8520 16
8521 17
8522 18
8523 15
8524 16
8525 17
8526 16
8527 17
8528 18
8529 17
8530 18
8531 19
8532 14
8533 15
8534 16
8535 15
8536 16
8537 17
8538 16
8539 17
8540 18
8541 15
8542 16
8543 17
8544 16
8545 17
8546 18
8547 17
8548 18
8549 19
8550 16
8551 17
8552 18
8553 17
8554 18
8555 19
8556 18
8557 19
8558 20
8559 15
8560 16
8561 17
8562 16
8563 17
8564 18
8565 17
8566 18
8567 19
8568 16
8569 17
8570 18
8571 17
8572 18
8573 19
8574 18
8575 19
8576 20
8577 17
8578 18
8579 19
8580 18
8581 19
8582 20
8583 19
8584 20
8585 21
8586 14
8587 15
8588 16
8589 15
8590 16
8591 17
8592 16
8593 17
8594 18
8595 15
8596 16
8597 17
8598 16
8599 17
8600 18
8601 17
8602 18
8603 19
8604 16
8605 17
8606 18
8607 17
8608 18
8609 19
8610 18
8611 19
8612 20
8613 15
8614 16
8615 17
8616 16
8617 17
8618 18
8619 17
8620 18
8621 19
8622 16
8623 17
8624 18
8625 17
8626 18
8627 19
8628 18
8629 19
8630 20
8631 17
8632 18
8633 19
8634 18
8635 19
8636 20
8637 19
8638 20
8639 21
8640 16
8641 17
8642 18
8643 17
8644 18
8645 19
8646 18
8647 19
8648 20
8649 17
8650 18
8651 19
8652 18
8653 19
8654 20
8655 19
8656 20
8657 21
8658 18
8659 19
8660 20
8661 19
8662 20
8663 21
8664 20
8665 21
8666 22
8667 15
8668 16
8669 17
8670 16
8671 17
8672 18
8673 17
8674 18
8675 19
8676 16
8677 17
8678 18
8679 17
8680 18
8681 19
8682 18
8683 19
8684 20
8685 17
8686 18
8687 19
8688 18
8689 19
8690 20
8691 19
8692 20
8693 21
8694 16
8695 17
8696 18
8697 17
8698 18
8699 19
8700 18
8701 19
8702 20
8703 17
8704 18
8705 19
8706 18
8707 19
8708 20
8709 19
8710 20
8711 21
8712 18
8713 19
8714 20
8715 19
8716 20
8717 21
8718 20
8719 21
8720 22
8721 17
8722 18
8723 19
8724 18
8725 19
8726 20
8727 19
8728 20
8729 21
8730 18
8731 19
8732 20
8733 19
8734 20
8735 21
8736 20
8737 21
8738 22
8739 19
8740 20
8741 21
8742 20
8743 21
8744 22
8745 21
8746 22
8747 23
8748 10
8749 11
8750 12
8751 11
8752 12
8753 13
8754 12
8755 13
8756 14
8757 11
8758 12
8759 13
8760 12
8761 13
8762 14
8763 13
8764 14
8765 15
8766 12
8767 13
8768 14
8769 13
8770 14
8771 15
8772 14
8773 15
8774 16
8775 11
8776 12
8777 13
8778 12
8779 13
8780 14
8781 13
8782 14
8783 15
8784 12
8785 13
8786 14
8787 13
8788 14
8789 15
8790 14
8791 15
8792 16
8793 13
8794 14
8795 15
8796 14
8797 15
8798 16
8799 15
8800 16
8801 17
8802 12
8803 13
8804 14
8805 13
8806 14
8807 15
8808 14
8809 15
8810 16
8811 13
8812 14
8813 15
8814 14
8815 15
8816 16
8817 15
8818 16
8819 17
8820 14
8821 15
8822 16
8823 15
8824 16
8825 17
8826 16
8827 17
8828 18
8829 11
8830 12
8831 13
8832 12
8833 13
8834 14
8835 13
8836 14
8837 15
8838 12
8839 13
8840 14
8841 13
8842 14
8843 15
8844 14
8845 15
8846 16
8847 13
8848 14
8849 15
8850 14
8851 15
8852 16
8853 15
8854 16
8855 17
8856 12
8857 13
8858 14
8859 13
8860 14
8861 15
8862 14
8863 15
8864 16
8865 13
8866 14
8867 15
8868 14
8869 15
8870 16
8871 15
8872 16
8873 17
8874 14
8875 15
8876 16
8877 15
8878 16
8879 17
8880 16
8881 17
8882 18
8883 13
8884 14
8885 15
8886 14
8887 15
8888 16
8889 15
8890 16
8891 17
8892 14
8893 15
8894 16
8895 15
8896 16
8897 17
8898 16
8899 17
8900 18
8901 15
8902 16
8903 17
8904 16
8905 17
8906 18
8907 17
8908 18
8909 19
8910 12
8911 13
8912 14
8913 13
8914 14
8915 15
8916 14
8917 15
8918 16
8919 13
8920 14
8921 15
8922 14
8923 15
8924 16
8925 15
8926 16
8927 17
8928 14
8929 15
8930 16
8931 15
8932 16
8933 17
8934 16
8935 17
8936 18
8937 13
8938 14
8939 15
8940 14
8941 15
8942 16
8943 15
8944 16
8945 17
8946 14
8947 15
8948 16
8949 15
8950 16
8951 17
8952 16
8953 17
8954 18
8955 15
8956 16
8957 17
8958 16
8959 17
8960 18
8961 17
8962 18
8963 19
8964 14
8965 15
8966 16
8967 15
8968 16
8969 17
8970 16
8971 17
8972 18
8973 15
8974 16
8975 17
8976 16
8977 17
8978 18
8979 17
8980 18
8981 19
8982 16
8983 17
8984 18
8985 17
8986 18
8987 19
8988 18
8989 19
8990 20
8991 11
8992 12
8993 13
8994 12
8995 13
8996 14
8997 13
8998 14
8999 15
9000 12
9001 13
9002 14
9003 13
9004 14
9005 15
9006 14
9007 15
9008 16
9009 13
9010 14
9011 15
9012 14
9013 15
9014 16
9015 15
9016 16
9017 17
9018 12
9019 13
9020 14
9021 13
9022 14
9023 15
9024 14
9025 15
9026 16
9027 13
9028 14
9029 15
9030 14
9031 15
9032 16
9033 15
9034 16
9035 17
9036 14
9037 15
9038 16
9039 15
9040 16
9041 17
9042 16
9043 17
9044 18
9045 13
9046 14
9047 15
9048 14
9049 15
9050 16
9051 15
9052 16
9053 17
9054 14
9055 15
9056 16
9057 15
9058 16
9059 17
9060 16
9061 17
9062 18
9063 15
9064 16
9065 17
9066 16
9067 17
9068 18
9069 17
9070 18
9071 19
9072 12
9073 13
9074 14
9075 13
9076 14
9077 15
9078 14
9079 15
9080 16
9081 13
9082 14
9083 15
9084 14
9085 15
9086 16
9087 15
9088 16
9089 17
9090 14
9091 15
9092 16
9093 15
9094 16
9095 17
9096 16
9097 17
9098 18
9099 13
9100 14
9101 15
9102 14
9103 15
9104 16
9105 15
9106 16
9107 17
9108 14
9109 15
9110 16
9111 15
9112 16
9113 17
9114 16
9115 17
9116 18
9117 15
9118 16
9119 17
9120 16
9121 17
9122 18
9123 17
9124 18
9125 19
9126 14
9127 15
9128 16
9129 15
9130 16
9131 17
9132 16
9133 17
9134 18
9135 15
9136 16
9137 17
9138 16
9139 17
9140 18
9141 17
9142 18
9143 19
9144 16
9145 17
9146 18
9147 17
9148 18
9149 19
9150 18
9151 19
9152 20
9153 13
9154 14
9155 15
9156 14
9157 15
9158 16
9159 15
9160 16
9161 17
9162 14
9163 15
9164 16
9165 15
9166 16
9167 17
9168 16
9169 17
9170 18
9171 15
9172 16
9173 17
9174 16
9175 17
9176 18
9177 17
9178 18
9179 19
9180 14
9181 15
9182 16
9183 15
9184 16
9185 17
9186 16
9187 17
9188 18
9189 15
9190 16
9191 17
9192 16
9193 17
9194 18
9195 17
9196 18
9197 19
9198 16
9199 17
9200 18
9201 17
9202 18
9203 19
9204 18
9205 19
9206 20
9207 15
9208 16
9209 17
9210 16
9211 17
9212 18
9213 17
9214 18
9215 19
9216 16
9217 17
9218 18
9219 17
9220 18
9221 19
9222 18
9223 19
9224 20
9225 17
9226 18
9227 19
9228 18
9229 19
9230 20
9231 19
9232 20
9233 21
9234 12
9235 13
9236 14
9237 13
9238 14
9239 15
9240 14
9241 15
9242 16
9243 13
9244 14
9245 15
9246 14
9247 15
9248 16
9249 15
9250 16
9251 17
9252 14
9253 15
9254 16
9255 15
9256 16
9257 17
9258 16
9259 17
9260 18
9261 13
9262 14
9263 15
9264 14
9265 15
9266 16
9267 15
9268 16
9269 17
9270 14
9271 15
9272 16
9273 15
9274 16
9275 17
9276 16
9277 17
9278 18
9279 15
9280 16
9281 17
9282 16
9283 17
9284 18
9285 17
9286 18
9287 19
9288 14
9289 15
9290 16
9291 15
9292 16
9293 17
9294 16
9295 17
9296 18
9297 15
9298 16
9299 17
9300 16
9301 17
9302 18
9303 17
9304 18
9305 19
9306 16
9307 17
9308 18
9309 17
9310 18
9311 19
9312 18
9313 19
9314 20
9315 13
9316 14
9317 15
9318 14
9319 15
9320 16
9321 15
9322 16
9323 17
9324 14
9325 15
9326 16
9327 15
9328 16
9329 17
9330 16
9331 17
9332 18
9333 15
9334 16
9335 17
9336 16
9337 17
9338 18
9339 17
9340 18
9341 19
9342 14
9343 15
9344 16
9345 15
9346 16
9347 17
9348 16
9349 17
9350 18
9351 15
9352 16
9353 17
9354 16
9355 17
9356 18
9357 17
9358 18
9359 19
9360 16
9361 17
9362 18
9363 17
9364 18
9365 19
9366 18
9367 19
9368 20
9369 15
9370 16
9371 17
9372 16
9373 17
9374 18
9375 17
9376 18
9377 19
9378 16
9379 17
9380 18
9381 17
9382 18
9383 19
9384 18
9385 19
9386 20
9387 17
9388 18
9389 19
9390 18
9391 19
9392 20
9393 19
9394 20
9395 21
9396 14
9397 15
9398 16
9399 15
9400 16
9401 17
9402 16
9403 17
9404 18
9405 15
9406 16
9407 17
9408 16
9409 17
9410 18
9411 17
9412 18
9413 19
9414 16
9415 17
9416 18
9417 17
9418 18
9419 19
9420 18
9421 19
9422 20
9423 15
9424 16
9425 17
9426 16
9427 17
9428 18
9429 17
9430 18
9431 19
9432 16
9433 17
9434 18
9435 17
9436 18
9437 19
9438 18
9439 19
9440 20
9441 17
9442 18
9443 19
9444 18
9445 19
9446 20
9447 19
9448 20
9449 21
9450 16
9451 17
9452 18
9453 17
9454 18
9455 19
9456 18
9457 19
9458 20
9459 17
9460 18
9461 19
9462 18
9463 19
9464 20
9465 19
9466 20
9467 21
9468 18
9469 19
9470 20
9471 19
9472 20
9473 21
9474 20
9475 21
9476 22
9477 11
9478 12
9479 13
9480 12
9481 13
9482 14
9483 13
9484 14
9485 15
9486 12
9487 13
9488 14
9489 13
9490 14
9491 15
9492 14
9493 15
9494 16
9495 13
9496 14
9497 15
9498 14
9499 15
9500 16
9501 15
9502 16
9503 17
9504 12
9505 13
9506 14
9507 13
9508 14
9509 15
9510 14
9511 15
9512 16
9513 13
9514 14
9515 15
9516 14
9517 15
9518 16
9519 15
9520 16
9521 17
9522 14
9523 15
9524 16
9525 15
9526 16
9527 17
9528 16
9529 17
9530 18
9531 13
9532 14
9533 15
9534 14
9535 15
9536 16
9537 15
9538 16
9539 17
9540 14
9541 15
9542 16
9543 15
9544 16
9545 17
9546 16
9547 17
9548 18
9549 15
9550 16
9551 17
9552 16
9553 17
9554 18
9555 17
9556 18
9557 19
9558 12
9559 13
9560 14
9561 13
9562 14
9563 15
9564 14
9565 15
9566 16
9567 13
9568 14
9569 15
9570 14
9571 15
9572 16
9573 15
9574 16
9575 17
9576 14
9577 15
9578 16
9579 15
9580 16
9581 17
9582 16
9583 17
9584 18
9585 13
9586 14
9587 15
9588 14
9589 15
9590 16
9591 15
9592 16
9593 17
9594 14
9595 15
9596 16
9597 15
9598 16
9599 17
9600 16
9601 17
9602 18
9603 15
9604 16
9605 17
9606 16
9607 17
9608 18
9609 17
9610 18
9611 19
9612 14
9613 15
9614 16
9615 15
9616 16
9617 17
9618 16
9619 17
9620 18
9621 15
9622 16
9623 17
9624 16
9625 17
9626 18
9627 17
9628 18
9629 19
9630 16
9631 17
9632 18
9633 17
9634 18
9635 19
9636 18
9637 19
9638 20
9639 13
9640 14
9641 15
9642 14
9643 15
9644 16
9645 15
9646 16
9647 17
9648 14
9649 15
9650 16
9651 15
9652 16
9653 17
9654 16
9655 17
9656 18
9657 15
9658 16
9659 17
9660 16
9661 17
9662 18
9663 17
9664 18
9665 19
9666 14
9667 15
9668 16
9669 15
9670 16
9671 17
9672 16
9673 17
9674 18
9675 15
9676 16
9677 17
9678 16
9679 17
9680 18
9681 17
9682 18
9683 19
9684 16
9685 17
9686 18
9687 17
9688 18
9689 19
9690 18
9691 19
9692 20
9693 15
9694 16
9695 17
9696 16
9697 17
9698 18
9699 17
9700 18
9701 19
9702 16
9703 17
9704 18
9705 17
9706 18
9707 19
9708 18
9709 19
9710 20
9711 17
9712 18
9713 19
9714 18
9715 19
9716 20
9717 19
9718 20
9719 21
9720 12
9721 13
9722 14
9723 13
9724 14
9725 15
9726 14
9727 15
9728 16
9729 13
9730 14
9731 15
9732 14
9733 15
9734 16
9735 15
9736 16
9737 17
9738 14
9739 15
9740 16
9741 15
9742 16
9743 17
9744 16
9745 17
9746 18
9747 13
9748 14
9749 15
9750 14
9751 15
9752 16
9753 15
9754 16
9755 17
9756 14
9757 15
9758 16
9759 15
9760 16
9761 17
9762 16
9763 17
9764 18
9765 15
9766 16
9767 17
9768 16
9769 17
9770 18
9771 17
9772 18
9773 19
9774 14
9775 15
9776 16
9777 15
9778 16
9779 17
9780 16
9781 17
9782 18
9783 15
9784 16
9785 17
9786 16
9787 17
9788 18
9789 17
9790 18
9791 19
9792 16
9793 17
9794 18
9795 17
9796 18
9797 19
9798 18
9799 19
9800 20
9801 13
9802 14
9803 15
9804 14
9805 15
9806 16
9807 15
9808 16
9809 17
9810 14
9811 15
9812 16
9813 15
9814 16
9815 17
9816 16
9817 17
9818 18
9819 15
9820 16
9821 17
9822 16
9823 17
9824 18
9825 17
9826 18
9827 19
9828 14
9829 15
9830 16
9831 15
9832 16
9833 17
9834 16
9835 17
9836 18
9837 15
9838 16
9839 17
9840 16
9841 17
9842 18
9843 17
9844 18
9845 19
9846 16
9847 17
9848 18
9849 17
9850 18
9851 19
9852 18
9853 19
9854 20
9855 15
9856 16
9857 17
9858 16
9859 17
9860 18
9861 17
9862 18
9863 19
9864 16
9865 17
9866 18
9867 17
9868 18
9869 19
9870 18
9871 19
9872 20
9873 17
9874 18
9875 19
9876 18
9877 19
9878 20
9879 19
9880 20
9881 21
9882 14
9883 15
9884 16
9885 15
9886 16
9887 17
9888 16
9889 17
9890 18
9891 15
9892 16
9893 17
9894 16
9895 17
9896 18
9897 17
9898 18
9899 19
9900 16
9901 17
9902 18
9903 17
9904 18
9905 19
9906 18
9907 19
9908 20
9909 15
9910 16
9911 17
9912 16
9913 17
9914 18
9915 17
9916 18
9917 19
9918 16
9919 17
9920 18
9921 17
9922 18
9923 19
9924 18
9925 19
9926 20
9927 17
9928 18
9929 19
9930 18
9931 19
9932 20
9933 19
9934 20
9935 21
9936 16
9937 17
9938 18
9939 17
9940 18
9941 19
9942 18
9943 19
9944 20
9945 17
9946 18
9947 19
9948 18
9949 19
9950 20
9951 19
9952 20
9953 21
9954 18
9955 19
9956 20
9957 19
9958 20
9959 21
9960 20
9961 21
9962 22
9963 13
9964 14
9965 15
9966 14
9967 15
9968 16
9969 15
9970 16
9971 17
9972 14
9973 15
9974 16
9975 15
9976 16
9977 17
9978 16
9979 17
9980 18
9981 15
9982 16
9983 17
9984 16
9985 17
9986 18
9987 17
9988 18
9989 19
9990 14
9991 15
9992 16
9993 15
9994 16
9995 17
9996 16
9997 17
9998 18
9999 15
10000 16
