# Table of n, A067722(n) for n = 0..5000
0 1
1 3
2 6
3 9
4 5
5 15
6 18
7 21
8 10
9 7
10 30
11 33
12 15
13 39
14 42
15 45
16 9
17 51
18 14
19 57
20 25
21 63
22 66
23 69
24 30
25 11
26 78
27 21
28 35
29 87
30 90
31 93
32 18
33 99
34 102
35 105
36 13
37 111
38 114
39 117
40 50
41 123
42 126
43 129
44 55
45 35
46 138
47 141
48 27
49 15
50 22
51 153
52 65
53 159
54 42
55 165
56 70
57 171
58 174
59 177
60 75
61 183
62 186
63 49
64 17
65 195
66 198
67 201
68 85
69 207
70 210
71 213
72 26
73 219
74 222
75 33
76 95
77 231
78 234
79 237
80 45
81 19
82 246
83 249
84 105
85 255
86 258
87 261
88 110
89 267
90 70
91 273
92 115
93 279
94 282
95 285
96 54
97 291
98 30
99 77
100 21
101 303
102 306
103 309
104 130
105 315
106 318
107 321
108 39
109 327
110 330
111 333
112 63
113 339
114 342
115 345
116 145
117 91
118 354
119 357
120 150
121 23
122 366
123 369
124 155
125 55
126 98
127 381
128 34
129 387
130 390
131 393
132 165
133 399
134 402
135 105
136 170
137 411
138 414
139 417
140 175
141 423
142 426
143 429
144 25
145 435
146 438
147 45
148 185
149 447
150 66
151 453
152 190
153 119
154 462
155 465
156 195
157 471
158 474
159 477
160 90
161 483
162 38
163 489
164 205
165 495
166 498
167 501
168 210
169 27
170 510
171 133
172 215
173 519
174 522
175 77
176 99
177 531
178 534
179 537
180 65
181 543
182 546
183 549
184 230
185 555
186 558
187 561
188 235
189 147
190 570
191 573
192 51
193 579
194 582
195 585
196 29
197 591
198 154
199 597
200 42
201 603
202 606
203 609
204 255
205 615
206 618
207 161
208 117
209 627
210 630
211 633
212 265
213 639
214 642
215 645
216 78
217 651
218 654
219 657
220 275
221 663
222 666
223 669
224 126
225 31
226 678
227 681
228 285
229 687
230 690
231 693
232 290
233 699
234 182
235 705
236 295
237 711
238 714
239 717
240 135
241 723
242 46
243 57
244 305
245 75
246 738
247 741
248 310
249 747
250 110
251 753
252 91
253 759
254 762
255 765
256 33
257 771
258 774
259 777
260 325
261 203
262 786
263 789
264 330
265 795
266 798
267 801
268 335
269 807
270 210
271 813
272 153
273 819
274 822
275 121
276 345
277 831
278 834
279 217
280 350
281 843
282 846
283 849
284 355
285 855
286 858
287 861
288 50
289 35
290 870
291 873
292 365
293 879
294 90
295 885
296 370
297 231
298 894
299 897
300 63
301 903
302 906
303 909
304 171
305 915
306 238
307 921
308 385
309 927
310 930
311 933
312 390
313 939
314 942
315 245
316 395
317 951
318 954
319 957
320 85
321 963
322 966
323 969
324 37
325 143
326 978
327 981
328 410
329 987
330 990
331 993
332 415
333 259
334 1002
335 1005
336 189
337 1011
338 54
339 1017
340 425
341 1023
342 266
343 105
344 430
345 1035
346 1038
347 1041
348 435
349 1047
350 154
351 273
352 198
353 1059
354 1062
355 1065
356 445
357 1071
358 1074
359 1077
360 130
361 39
362 1086
363 69
364 455
365 1095
366 1098
367 1101
368 207
369 287
370 1110
371 1113
372 465
373 1119
374 1122
375 165
376 470
377 1131
378 294
379 1137
380 475
381 1143
382 1146
383 1149
384 102
385 1155
386 1158
387 301
388 485
389 1167
390 1170
391 1173
392 58
393 1179
394 1182
395 1185
396 143
397 1191
398 1194
399 1197
400 41
401 1203
402 1206
403 1209
404 505
405 95
406 1218
407 1221
408 510
409 1227
410 1230
411 1233
412 515
413 1239
414 322
415 1245
416 234
417 1251
418 1254
419 1257
420 525
421 1263
422 1266
423 329
424 530
425 187
426 1278
427 1281
428 535
429 1287
430 1290
431 1293
432 75
433 1299
434 1302
435 1305
436 545
437 1311
438 1314
439 1317
440 550
441 43
442 1326
443 1329
444 555
445 1335
446 1338
447 1341
448 119
449 1347
450 62
451 1353
452 565
453 1359
454 1362
455 1365
456 570
457 1371
458 1374
459 357
460 575
461 1383
462 1386
463 1389
464 261
465 1395
466 1398
467 1401
468 169
469 1407
470 1410
471 1413
472 590
473 1419
474 1422
475 209
476 595
477 371
478 1434
479 1437
480 270
481 1443
482 1446
483 1449
484 45
485 1455
486 114
487 1461
488 610
489 1467
490 150
491 1473
492 615
493 1479
494 1482
495 385
496 279
497 1491
498 1494
499 1497
500 105
501 1503
502 1506
503 1509
504 182
505 1515
506 1518
507 81
508 635
509 1527
510 1530
511 1533
512 66
513 399
514 1542
515 1545
516 645
517 1551
518 1554
519 1557
520 650
521 1563
522 406
523 1569
524 655
525 231
526 1578
527 1581
528 297
529 47
530 1590
531 413
532 665
533 1599
534 1602
535 1605
536 670
537 1611
538 1614
539 165
540 195
541 1623
542 1626
543 1629
544 306
545 1635
546 1638
547 1641
548 685
549 427
550 242
551 1653
552 690
553 1659
554 1662
555 1665
556 695
557 1671
558 434
559 1677
560 315
561 1683
562 1686
563 1689
564 705
565 1695
566 1698
567 133
568 710
569 1707
570 1710
571 1713
572 715
573 1719
574 1722
575 253
576 49
577 1731
578 70
579 1737
580 725
581 1743
582 1746
583 1749
584 730
585 455
586 1758
587 1761
588 87
589 1767
590 1770
591 1773
592 333
593 1779
594 462
595 1785
596 745
597 1791
598 1794
599 1797
600 126
601 1803
602 1806
603 469
604 755
605 115
606 1818
607 1821
608 342
609 1827
610 1830
611 1833
612 221
613 1839
614 1842
615 1845
616 770
617 1851
618 1854
619 1857
620 775
621 483
622 1866
623 1869
624 351
625 51
626 1878
627 1881
628 785
629 1887
630 490
631 1893
632 790
633 1899
634 1902
635 1905
636 795
637 195
638 1914
639 497
640 170
641 1923
642 1926
643 1929
644 805
645 1935
646 1938
647 1941
648 74
649 1947
650 286
651 1953
652 815
653 1959
654 1962
655 1965
656 369
657 511
658 1974
659 1977
660 825
661 1983
662 1986
663 1989
664 830
665 1995
666 518
667 2001
668 835
669 2007
670 2010
671 2013
672 378
673 2019
674 2022
675 93
676 53
677 2031
678 2034
679 2037
680 850
681 2043
682 2046
683 2049
684 247
685 2055
686 210
687 2061
688 387
689 2067
690 2070
691 2073
692 865
693 539
694 2082
695 2085
696 870
697 2091
698 2094
699 2097
700 147
701 2103
702 546
703 2109
704 187
705 2115
706 2118
707 2121
708 885
709 2127
710 2130
711 553
712 890
713 2139
714 2142
715 2145
716 895
717 2151
718 2154
719 2157
720 125
721 2163
722 78
723 2169
724 905
725 319
726 138
727 2181
728 910
729 55
730 2190
731 2193
732 915
733 2199
734 2202
735 225
736 414
737 2211
738 574
739 2217
740 925
741 2223
742 2226
743 2229
744 930
745 2235
746 2238
747 581
748 935
749 2247
750 330
751 2253
752 423
753 2259
754 2262
755 2265
756 273
757 2271
758 2274
759 2277
760 950
761 2283
762 2286
763 2289
764 955
765 595
766 2298
767 2301
768 99
769 2307
770 2310
771 2313
772 965
773 2319
774 602
775 341
776 970
777 2331
778 2334
779 2337
780 975
781 2343
782 2346
783 609
784 57
785 2355
786 2358
787 2361
788 985
789 2367
790 2370
791 2373
792 286
793 2379
794 2382
795 2385
796 995
797 2391
798 2394
799 2397
800 82
801 623
802 2406
803 2409
804 1005
805 2415
806 2418
807 2421
808 1010
809 2427
810 190
811 2433
812 1015
813 2439
814 2442
815 2445
816 459
817 2451
818 2454
819 637
820 1025
821 2463
822 2466
823 2469
824 1030
825 363
826 2478
827 2481
828 299
829 2487
830 2490
831 2493
832 221
833 255
834 2502
835 2505
836 1045
837 651
838 2514
839 2517
840 1050
841 59
842 2526
843 2529
844 1055
845 135
846 658
847 161
848 477
849 2547
850 374
851 2553
852 1065
853 2559
854 2562
855 665
856 1070
857 2571
858 2574
859 2577
860 1075
861 2583
862 2586
863 2589
864 150
865 2595
866 2598
867 105
868 1085
869 2607
870 2610
871 2613
872 1090
873 679
874 2622
875 385
876 1095
877 2631
878 2634
879 2637
880 495
881 2643
882 86
883 2649
884 1105
885 2655
886 2658
887 2661
888 1110
889 2667
890 2670
891 209
892 1115
893 2679
894 2682
895 2685
896 238
897 2691
898 2694
899 2697
900 61
901 2703
902 2706
903 2709
904 1130
905 2715
906 2718
907 2721
908 1135
909 707
910 2730
911 2733
912 513
913 2739
914 2742
915 2745
916 1145
917 2751
918 714
919 2757
920 1150
921 2763
922 2766
923 2769
924 1155
925 407
926 2778
927 721
928 522
929 2787
930 2790
931 285
932 1165
933 2799
934 2802
935 2805
936 338
937 2811
938 2814
939 2817
940 1175
941 2823
942 2826
943 2829
944 531
945 735
946 2838
947 2841
948 1185
949 2847
950 418
951 2853
952 1190
953 2859
954 742
955 2865
956 1195
957 2871
958 2874
959 2877
960 255
961 63
962 2886
963 749
964 1205
965 2895
966 2898
967 2901
968 90
969 2907
970 2910
971 2913
972 111
973 2919
974 2922
975 429
976 549
977 2931
978 2934
979 2937
980 145
981 763
982 2946
983 2949
984 1230
985 2955
986 2958
987 2961
988 1235
989 2967
990 770
991 2973
992 558
993 2979
994 2982
995 2985
996 1245
997 2991
998 2994
999 777
1000 210
1001 3003
1002 3006
1003 3009
1004 1255
1005 3015
1006 3018
1007 3021
1008 175
1009 3027
1010 3030
1011 3033
1012 1265
1013 3039
1014 162
1015 3045
1016 1270
1017 791
1018 3054
1019 3057
1020 1275
1021 3063
1022 3066
1023 3069
1024 65
1025 451
1026 798
1027 3081
1028 1285
1029 315
1030 3090
1031 3093
1032 1290
1033 3099
1034 3102
1035 805
1036 1295
1037 3111
1038 3114
1039 3117
1040 585
1041 3123
1042 3126
1043 3129
1044 377
1045 3135
1046 3138
1047 3141
1048 1310
1049 3147
1050 462
1051 3153
1052 1315
1053 247
1054 3162
1055 3165
1056 594
1057 3171
1058 94
1059 3177
1060 1325
1061 3183
1062 826
1063 3189
1064 1330
1065 3195
1066 3198
1067 3201
1068 1335
1069 3207
1070 3210
1071 833
1072 603
1073 3219
1074 3222
1075 473
1076 1345
1077 3231
1078 330
1079 3237
1080 390
1081 3243
1082 3246
1083 117
1084 1355
1085 3255
1086 3258
1087 3261
1088 289
1089 67
1090 3270
1091 3273
1092 1365
1093 3279
1094 3282
1095 3285
1096 1370
1097 3291
1098 854
1099 3297
1100 231
1101 3303
1102 3306
1103 3309
1104 621
1105 3315
1106 3318
1107 861
1108 1385
1109 3327
1110 3330
1111 3333
1112 1390
1113 3339
1114 3342
1115 3345
1116 403
1117 3351
1118 3354
1119 3357
1120 630
1121 3363
1122 3366
1123 3369
1124 1405
1125 155
1126 3378
1127 345
1128 1410
1129 3387
1130 3390
1131 3393
1132 1415
1133 3399
1134 266
1135 3405
1136 639
1137 3411
1138 3414
1139 3417
1140 1425
1141 3423
1142 3426
1143 889
1144 1430
1145 3435
1146 3438
1147 3441
1148 1435
1149 3447
1150 506
1151 3453
1152 98
1153 3459
1154 3462
1155 3465
1156 69
1157 3471
1158 3474
1159 3477
1160 1450
1161 903
1162 3486
1163 3489
1164 1455
1165 3495
1166 3498
1167 3501
1168 657
1169 3507
1170 910
1171 3513
1172 1465
1173 3519
1174 3522
1175 517
1176 174
1177 3531
1178 3534
1179 917
1180 1475
1181 3543
1182 3546
1183 189
1184 666
1185 3555
1186 3558
1187 3561
1188 429
1189 3567
1190 3570
1191 3573
1192 1490
1193 3579
1194 3582
1195 3585
1196 1495
1197 931
1198 3594
1199 3597
1200 123
1201 3603
1202 3606
1203 3609
1204 1505
1205 3615
1206 938
1207 3621
1208 1510
1209 3627
1210 230
1211 3633
1212 1515
1213 3639
1214 3642
1215 285
1216 323
1217 3651
1218 3654
1219 3657
1220 1525
1221 3663
1222 3666
1223 3669
1224 442
1225 71
1226 3678
1227 3681
1228 1535
1229 3687
1230 3690
1231 3693
1232 693
1233 959
1234 3702
1235 3705
1236 1545
1237 3711
1238 3714
1239 3717
1240 1550
1241 3723
1242 966
1243 3729
1244 1555
1245 3735
1246 3738
1247 3741
1248 702
1249 3747
1250 102
1251 973
1252 1565
1253 3759
1254 3762
1255 3765
1256 1570
1257 3771
1258 3774
1259 3777
1260 455
1261 3783
1262 3786
1263 3789
1264 711
1265 3795
1266 3798
1267 3801
1268 1585
1269 987
1270 3810
1271 3813
1272 1590
1273 3819
1274 390
1275 561
1276 1595
1277 3831
1278 994
1279 3837
1280 165
1281 3843
1282 3846
1283 3849
1284 1605
1285 3855
1286 3858
1287 1001
1288 1610
1289 3867
1290 3870
1291 3873
1292 1615
1293 3879
1294 3882
1295 3885
1296 73
1297 3891
1298 3894
1299 3897
1300 273
1301 3903
1302 3906
1303 3909
1304 1630
1305 1015
1306 3918
1307 3921
1308 1635
1309 3927
1310 3930
1311 3933
1312 738
1313 3939
1314 1022
1315 3945
1316 1645
1317 3951
1318 3954
1319 3957
1320 1650
1321 3963
1322 3966
1323 129
1324 1655
1325 583
1326 3978
1327 3981
1328 747
1329 3987
1330 3990
1331 253
1332 481
1333 3999
1334 4002
1335 4005
1336 1670
1337 4011
1338 4014
1339 4017
1340 1675
1341 1043
1342 4026
1343 4029
1344 357
1345 4035
1346 4038
1347 4041
1348 1685
1349 4047
1350 186
1351 4053
1352 106
1353 4059
1354 4062
1355 4065
1356 1695
1357 4071
1358 4074
1359 1057
1360 765
1361 4083
1362 4086
1363 4089
1364 1705
1365 4095
1366 4098
1367 4101
1368 494
1369 75
1370 4110
1371 4113
1372 203
1373 4119
1374 4122
1375 605
1376 774
1377 323
1378 4134
1379 4137
1380 1725
1381 4143
1382 4146
1383 4149
1384 1730
1385 4155
1386 1078
1387 4161
1388 1735
1389 4167
1390 4170
1391 4173
1392 783
1393 4179
1394 4182
1395 1085
1396 1745
1397 4191
1398 4194
1399 4197
1400 294
1401 4203
1402 4206
1403 4209
1404 507
1405 4215
1406 4218
1407 4221
1408 374
1409 4227
1410 4230
1411 4233
1412 1765
1413 1099
1414 4242
1415 4245
1416 1770
1417 4251
1418 4254
1419 4257
1420 1775
1421 435
1422 1106
1423 4269
1424 801
1425 627
1426 4278
1427 4281
1428 1785
1429 4287
1430 4290
1431 1113
1432 1790
1433 4299
1434 4302
1435 4305
1436 1795
1437 4311
1438 4314
1439 4317
1440 250
1441 4323
1442 4326
1443 4329
1444 77
1445 175
1446 4338
1447 4341
1448 1810
1449 1127
1450 638
1451 4353
1452 135
1453 4359
1454 4362
1455 4365
1456 819
1457 4371
1458 110
1459 4377
1460 1825
1461 4383
1462 4386
1463 4389
1464 1830
1465 4395
1466 4398
1467 1141
1468 1835
1469 4407
1470 450
1471 4413
1472 391
1473 4419
1474 4422
1475 649
1476 533
1477 4431
1478 4434
1479 4437
1480 1850
1481 4443
1482 4446
1483 4449
1484 1855
1485 1155
1486 4458
1487 4461
1488 837
1489 4467
1490 4470
1491 4473
1492 1865
1493 4479
1494 1162
1495 4485
1496 1870
1497 4491
1498 4494
1499 4497
1500 315
1501 4503
1502 4506
1503 1169
1504 846
1505 4515
1506 4518
1507 4521
1508 1885
1509 4527
1510 4530
1511 4533
1512 546
1513 4539
1514 4542
1515 4545
1516 1895
1517 4551
1518 4554
1519 465
1520 855
1521 79
1522 4566
1523 4569
1524 1905
1525 671
1526 4578
1527 4581
1528 1910
1529 4587
1530 1190
1531 4593
1532 1915
1533 4599
1534 4602
1535 4605
1536 198
1537 4611
1538 4614
1539 361
1540 1925
1541 4623
1542 4626
1543 4629
1544 1930
1545 4635
1546 4638
1547 4641
1548 559
1549 4647
1550 682
1551 4653
1552 873
1553 4659
1554 4662
1555 4665
1556 1945
1557 1211
1558 4674
1559 4677
1560 1950
1561 4683
1562 4686
1563 4689
1564 1955
1565 4695
1566 1218
1567 4701
1568 114
1569 4707
1570 4710
1571 4713
1572 1965
1573 299
1574 4722
1575 217
1576 1970
1577 4731
1578 4734
1579 4737
1580 1975
1581 4743
1582 4746
1583 4749
1584 275
1585 4755
1586 4758
1587 141
1588 1985
1589 4767
1590 4770
1591 4773
1592 1990
1593 1239
1594 4782
1595 4785
1596 1995
1597 4791
1598 4794
1599 4797
1600 81
1601 4803
1602 1246
1603 4809
1604 2005
1605 4815
1606 4818
1607 4821
1608 2010
1609 4827
1610 4830
1611 1253
1612 2015
1613 4839
1614 4842
1615 4845
1616 909
1617 495
1618 4854
1619 4857
1620 185
1621 4863
1622 4866
1623 4869
1624 2030
1625 715
1626 4878
1627 4881
1628 2035
1629 1267
1630 4890
1631 4893
1632 918
1633 4899
1634 4902
1635 4905
1636 2045
1637 4911
1638 1274
1639 4917
1640 2050
1641 4923
1642 4926
1643 4929
1644 2055
1645 4935
1646 4938
1647 1281
1648 927
1649 4947
1650 726
1651 4953
1652 2065
1653 4959
1654 4962
1655 4965
1656 598
1657 4971
1658 4974
1659 4977
1660 2075
1661 4983
1662 4986
1663 4989
1664 442
1665 1295
1666 510
1667 5001
1668 2085
1669 5007
1670 5010
1671 5013
1672 2090
1673 5019
1674 1302
1675 737
1676 2095
1677 5031
1678 5034
1679 5037
1680 945
1681 83
1682 118
1683 1309
1684 2105
1685 5055
1686 5058
1687 5061
1688 2110
1689 5067
1690 270
1691 5073
1692 611
1693 5079
1694 322
1695 5085
1696 954
1697 5091
1698 5094
1699 5097
1700 357
1701 399
1702 5106
1703 5109
1704 2130
1705 5115
1706 5118
1707 5121
1708 2135
1709 5127
1710 1330
1711 5133
1712 963
1713 5139
1714 5142
1715 525
1716 2145
1717 5151
1718 5154
1719 1337
1720 2150
1721 5163
1722 5166
1723 5169
1724 2155
1725 759
1726 5178
1727 5181
1728 147
1729 5187
1730 5190
1731 5193
1732 2165
1733 5199
1734 210
1735 5205
1736 2170
1737 1351
1738 5214
1739 5217
1740 2175
1741 5223
1742 5226
1743 5229
1744 981
1745 5235
1746 1358
1747 5241
1748 2185
1749 5247
1750 770
1751 5253
1752 2190
1753 5259
1754 5262
1755 1365
1756 2195
1757 5271
1758 5274
1759 5277
1760 990
1761 5283
1762 5286
1763 5289
1764 85
1765 5295
1766 5298
1767 5301
1768 2210
1769 5307
1770 5310
1771 5313
1772 2215
1773 1379
1774 5322
1775 781
1776 999
1777 5331
1778 5334
1779 5337
1780 2225
1781 5343
1782 418
1783 5349
1784 2230
1785 5355
1786 5358
1787 5361
1788 2235
1789 5367
1790 5370
1791 1393
1792 231
1793 5379
1794 5382
1795 5385
1796 2245
1797 5391
1798 5394
1799 5397
1800 122
1801 5403
1802 5406
1803 5409
1804 2255
1805 195
1806 5418
1807 5421
1808 1017
1809 1407
1810 5430
1811 5433
1812 2265
1813 555
1814 5442
1815 345
1816 2270
1817 5451
1818 1414
1819 5457
1820 2275
1821 5463
1822 5466
1823 5469
1824 1026
1825 803
1826 5478
1827 1421
1828 2285
1829 5487
1830 5490
1831 5493
1832 2290
1833 5499
1834 5502
1835 5505
1836 663
1837 5511
1838 5514
1839 5517
1840 1035
1841 5523
1842 5526
1843 5529
1844 2305
1845 1435
1846 5538
1847 5541
1848 2310
1849 87
1850 814
1851 5553
1852 2315
1853 5559
1854 1442
1855 5565
1856 493
1857 5571
1858 5574
1859 297
1860 2325
1861 5583
1862 570
1863 437
1864 2330
1865 5595
1866 5598
1867 5601
1868 2335
1869 5607
1870 5610
1871 5613
1872 325
1873 5619
1874 5622
1875 153
1876 2345
1877 5631
1878 5634
1879 5637
1880 2350
1881 1463
1882 5646
1883 5649
1884 2355
1885 5655
1886 5658
1887 5661
1888 1062
1889 5667
1890 1470
1891 5673
1892 2365
1893 5679
1894 5682
1895 5685
1896 2370
1897 5691
1898 5694
1899 1477
1900 399
1901 5703
1902 5706
1903 5709
1904 1071
1905 5715
1906 5718
1907 5721
1908 689
1909 5727
1910 5730
1911 585
1912 2390
1913 5739
1914 5742
1915 5745
1916 2395
1917 1491
1918 5754
1919 5757
1920 510
1921 5763
1922 126
1923 5769
1924 2405
1925 847
1926 1498
1927 5781
1928 2410
1929 5787
1930 5790
1931 5793
1932 2415
1933 5799
1934 5802
1935 1505
1936 89
1937 5811
1938 5814
1939 5817
1940 2425
1941 5823
1942 5826
1943 5829
1944 222
1945 5835
1946 5838
1947 5841
1948 2435
1949 5847
1950 858
1951 5853
1952 1098
1953 1519
1954 5862
1955 5865
1956 2445
1957 5871
1958 5874
1959 5877
1960 290
1961 5883
1962 1526
1963 5889
1964 2455
1965 5895
1966 5898
1967 5901
1968 1107
1969 5907
1970 5910
1971 1533
1972 2465
1973 5919
1974 5922
1975 869
1976 2470
1977 5931
1978 5934
1979 5937
1980 715
1981 5943
1982 5946
1983 5949
1984 527
1985 5955
1986 5958
1987 5961
1988 2485
1989 1547
1990 5970
1991 5973
1992 2490
1993 5979
1994 5982
1995 5985
1996 2495
1997 5991
1998 1554
1999 5997
2000 205
2001 6003
2002 6006
2003 6009
2004 2505
2005 6015
2006 6018
2007 1561
2008 2510
2009 615
2010 6030
2011 6033
2012 2515
2013 6039
2014 6042
2015 6045
2016 350
2017 6051
2018 6054
2019 6057
2020 2525
2021 6063
2022 6066
2023 245
2024 2530
2025 91
2026 6078
2027 6081
2028 159
2029 6087
2030 6090
2031 6093
2032 1143
2033 6099
2034 1582
2035 6105
2036 2545
2037 6111
2038 6114
2039 6117
2040 2550
2041 6123
2042 6126
2043 1589
2044 2555
2045 6135
2046 6138
2047 6141
2048 130
2049 6147
2050 902
2051 6153
2052 741
2053 6159
2054 6162
2055 6165
2056 2570
2057 391
2058 630
2059 6177
2060 2575
2061 1603
2062 6186
2063 6189
2064 1161
2065 6195
2066 6198
2067 6201
2068 2585
2069 6207
2070 1610
2071 6213
2072 2590
2073 6219
2074 6222
2075 913
2076 2595
2077 6231
2078 6234
2079 1617
2080 1170
2081 6243
2082 6246
2083 6249
2084 2605
2085 6255
2086 6258
2087 6261
2088 754
2089 6267
2090 6270
2091 6273
2092 2615
2093 6279
2094 6282
2095 6285
2096 1179
2097 1631
2098 6294
2099 6297
2100 441
2101 6303
2102 6306
2103 6309
2104 2630
2105 6315
2106 494
2107 645
2108 2635
2109 6327
2110 6330
2111 6333
2112 561
2113 6339
2114 6342
2115 1645
2116 93
2117 6351
2118 6354
2119 6357
2120 2650
2121 6363
2122 6366
2123 6369
2124 767
2125 935
2126 6378
2127 6381
2128 1197
2129 6387
2130 6390
2131 6393
2132 2665
2133 1659
2134 6402
2135 6405
2136 2670
2137 6411
2138 6414
2139 6417
2140 2675
2141 6423
2142 1666
2143 6429
2144 1206
2145 6435
2146 6438
2147 6441
2148 2685
2149 6447
2150 946
2151 1673
2152 2690
2153 6459
2154 6462
2155 6465
2156 319
2157 6471
2158 6474
2159 6477
2160 375
2161 6483
2162 6486
2163 6489
2164 2705
2165 6495
2166 234
2167 6501
2168 2710
2169 1687
2170 6510
2171 6513
2172 2715
2173 6519
2174 6522
2175 957
2176 578
2177 6531
2178 134
2179 6537
2180 2725
2181 6543
2182 6546
2183 6549
2184 2730
2185 6555
2186 6558
2187 165
2188 2735
2189 6567
2190 6570
2191 6573
2192 1233
2193 6579
2194 6582
2195 6585
2196 793
2197 351
2198 6594
2199 6597
2200 462
2201 6603
2202 6606
2203 6609
2204 2755
2205 215
2206 6618
2207 6621
2208 1242
2209 95
2210 6630
2211 6633
2212 2765
2213 6639
2214 1722
2215 6645
2216 2770
2217 6651
2218 6654
2219 6657
2220 2775
2221 6663
2222 6666
2223 1729
2224 1251
2225 979
2226 6678
2227 6681
2228 2785
2229 6687
2230 6690
2231 6693
2232 806
2233 6699
2234 6702
2235 6705
2236 2795
2237 6711
2238 6714
2239 6717
2240 595
2241 1743
2242 6726
2243 6729
2244 2805
2245 6735
2246 6738
2247 6741
2248 2810
2249 6747
2250 310
2251 6753
2252 2815
2253 6759
2254 690
2255 6765
2256 1269
2257 6771
2258 6774
2259 1757
2260 2825
2261 6783
2262 6786
2263 6789
2264 2830
2265 6795
2266 6798
2267 6801
2268 259
2269 6807
2270 6810
2271 6813
2272 1278
2273 6819
2274 6822
2275 1001
2276 2845
2277 1771
2278 6834
2279 6837
2280 2850
2281 6843
2282 6846
2283 6849
2284 2855
2285 6855
2286 1778
2287 6861
2288 1287
2289 6867
2290 6870
2291 6873
2292 2865
2293 6879
2294 6882
2295 1785
2296 2870
2297 6891
2298 6894
2299 437
2300 483
2301 6903
2302 6906
2303 705
2304 97
2305 6915
2306 6918
2307 6921
2308 2885
2309 6927
2310 6930
2311 6933
2312 138
2313 1799
2314 6942
2315 6945
2316 2895
2317 6951
2318 6954
2319 6957
2320 1305
2321 6963
2322 1806
2323 6969
2324 2905
2325 1023
2326 6978
2327 6981
2328 2910
2329 6987
2330 6990
2331 1813
2332 2915
2333 6999
2334 7002
2335 7005
2336 1314
2337 7011
2338 7014
2339 7017
2340 845
2341 7023
2342 7026
2343 7029
2344 2930
2345 7035
2346 7038
2347 7041
2348 2935
2349 551
2350 1034
2351 7053
2352 171
2353 7059
2354 7062
2355 7065
2356 2945
2357 7071
2358 1834
2359 7077
2360 2950
2361 7083
2362 7086
2363 7089
2364 2955
2365 7095
2366 378
2367 1841
2368 629
2369 7107
2370 7110
2371 7113
2372 2965
2373 7119
2374 7122
2375 1045
2376 858
2377 7131
2378 7134
2379 7137
2380 2975
2381 7143
2382 7146
2383 7149
2384 1341
2385 1855
2386 7158
2387 7161
2388 2985
2389 7167
2390 7170
2391 7173
2392 2990
2393 7179
2394 1862
2395 7185
2396 2995
2397 7191
2398 7194
2399 7197
2400 246
2401 99
2402 7206
2403 1869
2404 3005
2405 7215
2406 7218
2407 7221
2408 3010
2409 7227
2410 7230
2411 7233
2412 871
2413 7239
2414 7242
2415 7245
2416 1359
2417 7251
2418 7254
2419 7257
2420 225
2421 1883
2422 7266
2423 7269
2424 3030
2425 1067
2426 7278
2427 7281
2428 3035
2429 7287
2430 570
2431 7293
2432 646
2433 7299
2434 7302
2435 7305
2436 3045
2437 7311
2438 7314
2439 1897
2440 3050
2441 7323
2442 7326
2443 7329
2444 3055
2445 7335
2446 7338
2447 7341
2448 425
2449 7347
2450 142
2451 7353
2452 3065
2453 7359
2454 7362
2455 7365
2456 3070
2457 1911
2458 7374
2459 7377
2460 3075
2461 7383
2462 7386
2463 7389
2464 1386
2465 7395
2466 1918
2467 7401
2468 3085
2469 7407
2470 7410
2471 7413
2472 3090
2473 7419
2474 7422
2475 341
2476 3095
2477 7431
2478 7434
2479 7437
2480 1395
2481 7443
2482 7446
2483 7449
2484 897
2485 7455
2486 7458
2487 7461
2488 3110
2489 7467
2490 7470
2491 7473
2492 3115
2493 1939
2494 7482
2495 7485
2496 663
2497 7491
2498 7494
2499 765
2500 101
2501 7503
2502 1946
2503 7509
2504 3130
2505 7515
2506 7518
2507 7521
2508 3135
2509 7527
2510 7530
2511 589
2512 1413
2513 7539
2514 7542
2515 7545
2516 3145
2517 7551
2518 7554
2519 7557
2520 910
2521 7563
2522 7566
2523 177
2524 3155
2525 1111
2526 7578
2527 273
2528 1422
2529 1967
2530 7590
2531 7593
2532 3165
2533 7599
2534 7602
2535 405
2536 3170
2537 7611
2538 1974
2539 7617
2540 3175
2541 483
2542 7626
2543 7629
2544 1431
2545 7635
2546 7638
2547 1981
2548 377
2549 7647
2550 1122
2551 7653
2552 3190
2553 7659
2554 7662
2555 7665
2556 923
2557 7671
2558 7674
2559 7677
2560 330
2561 7683
2562 7686
2563 7689
2564 3205
2565 1995
2566 7698
2567 7701
2568 3210
2569 7707
2570 7710
2571 7713
2572 3215
2573 7719
2574 2002
2575 1133
2576 1449
2577 7731
2578 7734
2579 7737
2580 3225
2581 7743
2582 7746
2583 2009
2584 3230
2585 7755
2586 7758
2587 7761
2588 3235
2589 7767
2590 7770
2591 7773
2592 146
2593 7779
2594 7782
2595 7785
2596 3245
2597 795
2598 7794
2599 7797
2600 546
2601 103
2602 7806
2603 7809
2604 3255
2605 7815
2606 7818
2607 7821
2608 1467
2609 7827
2610 2030
2611 7833
2612 3265
2613 7839
2614 7842
2615 7845
2616 3270
2617 7851
2618 7854
2619 2037
2620 3275
2621 7863
2622 7866
2623 7869
2624 697
2625 1155
2626 7878
2627 7881
2628 949
2629 7887
2630 7890
2631 7893
2632 3290
2633 7899
2634 7902
2635 7905
2636 3295
2637 2051
2638 7914
2639 7917
2640 1485
2641 7923
2642 7926
2643 7929
2644 3305
2645 235
2646 258
2647 7941
2648 3310
2649 7947
2650 1166
2651 7953
2652 3315
2653 7959
2654 7962
2655 2065
2656 1494
2657 7971
2658 7974
2659 7977
2660 3325
2661 7983
2662 506
2663 7989
2664 962
2665 7995
2666 7998
2667 8001
2668 3335
2669 8007
2670 8010
2671 8013
2672 1503
2673 627
2674 8022
2675 1177
2676 3345
2677 8031
2678 8034
2679 8037
2680 3350
2681 8043
2682 2086
2683 8049
2684 3355
2685 8055
2686 8058
2687 8061
2688 714
2689 8067
2690 8070
2691 2093
2692 3365
2693 8079
2694 8082
2695 825
2696 3370
2697 8091
2698 8094
2699 8097
2700 183
2701 8103
2702 8106
2703 8109
2704 105
2705 8115
2706 8118
2707 8121
2708 3385
2709 2107
2710 8130
2711 8133
2712 3390
2713 8139
2714 8142
2715 8145
2716 3395
2717 8151
2718 2114
2719 8157
2720 1530
2721 8163
2722 8166
2723 8169
2724 3405
2725 1199
2726 8178
2727 2121
2728 3410
2729 8187
2730 8190
2731 8193
2732 3415
2733 8199
2734 8202
2735 8205
2736 475
2737 8211
2738 150
2739 8217
2740 3425
2741 8223
2742 8226
2743 8229
2744 406
2745 2135
2746 8238
2747 8241
2748 3435
2749 8247
2750 1210
2751 8253
2752 731
2753 8259
2754 646
2755 8265
2756 3445
2757 8271
2758 8274
2759 8277
2760 3450
2761 8283
2762 8286
2763 2149
2764 3455
2765 8295
2766 8298
2767 8301
2768 1557
2769 8307
2770 8310
2771 8313
2772 1001
2773 8319
2774 8322
2775 1221
2776 3470
2777 8331
2778 8334
2779 8337
2780 3475
2781 2163
2782 8346
2783 529
2784 1566
2785 8355
2786 8358
2787 8361
2788 3485
2789 8367
2790 2170
2791 8373
2792 3490
2793 855
2794 8382
2795 8385
2796 3495
2797 8391
2798 8394
2799 2177
2800 287
2801 8403
2802 8406
2803 8409
2804 3505
2805 8415
2806 8418
2807 8421
2808 1014
2809 107
2810 8430
2811 8433
2812 3515
2813 8439
2814 8442
2815 8445
2816 363
2817 2191
2818 8454
2819 8457
2820 3525
2821 8463
2822 8466
2823 8469
2824 3530
2825 1243
2826 2198
2827 8481
2828 3535
2829 8487
2830 8490
2831 8493
2832 1593
2833 8499
2834 8502
2835 665
2836 3545
2837 8511
2838 8514
2839 8517
2840 3550
2841 8523
2842 870
2843 8529
2844 1027
2845 8535
2846 8538
2847 8541
2848 1602
2849 8547
2850 1254
2851 8553
2852 3565
2853 2219
2854 8562
2855 8565
2856 3570
2857 8571
2858 8574
2859 8577
2860 3575
2861 8583
2862 2226
2863 8589
2864 1611
2865 8595
2866 8598
2867 8601
2868 3585
2869 8607
2870 8610
2871 2233
2872 3590
2873 459
2874 8622
2875 1265
2876 3595
2877 8631
2878 8634
2879 8637
2880 245
2881 8643
2882 8646
2883 189
2884 3605
2885 8655
2886 8658
2887 8661
2888 154
2889 2247
2890 350
2891 885
2892 3615
2893 8679
2894 8682
2895 8685
2896 1629
2897 8691
2898 2254
2899 8697
2900 609
2901 8703
2902 8706
2903 8709
2904 270
2905 8715
2906 8718
2907 2261
2908 3635
2909 8727
2910 8730
2911 8733
2912 1638
2913 8739
2914 8742
2915 8745
2916 109
2917 8751
2918 8754
2919 8757
2920 3650
2921 8763
2922 8766
2923 8769
2924 3655
2925 403
2926 8778
2927 8781
2928 1647
2929 8787
2930 8790
2931 8793
2932 3665
2933 8799
2934 2282
2935 8805
2936 3670
2937 8811
2938 8814
2939 8817
2940 435
2941 8823
2942 8826
2943 2289
2944 782
2945 8835
2946 8838
2947 8841
2948 3685
2949 8847
2950 1298
2951 8853
2952 1066
2953 8859
2954 8862
2955 8865
2956 3695
2957 8871
2958 8874
2959 8877
2960 1665
2961 2303
2962 8886
2963 8889
2964 3705
2965 8895
2966 8898
2967 8901
2968 3710
2969 8907
2970 2310
2971 8913
2972 3715
2973 8919
2974 8922
2975 1309
2976 1674
2977 8931
2978 8934
2979 2317
2980 3725
2981 8943
2982 8946
2983 8949
2984 3730
2985 8955
2986 8958
2987 8961
2988 1079
2989 915
2990 8970
2991 8973
2992 1683
2993 8979
2994 8982
2995 8985
2996 3745
2997 703
2998 8994
2999 8997
3000 630
3001 9003
3002 9006
3003 9009
3004 3755
3005 9015
3006 2338
3007 9021
3008 799
3009 9027
3010 9030
3011 9033
3012 3765
3013 9039
3014 9042
3015 2345
3016 3770
3017 9051
3018 9054
3019 9057
3020 3775
3021 9063
3022 9066
3023 9069
3024 525
3025 111
3026 9078
3027 9081
3028 3785
3029 9087
3030 9090
3031 9093
3032 3790
3033 2359
3034 9102
3035 9105
3036 3795
3037 9111
3038 930
3039 9117
3040 1710
3041 9123
3042 158
3043 9129
3044 3805
3045 9135
3046 9138
3047 9141
3048 3810
3049 9147
3050 1342
3051 2373
3052 3815
3053 9159
3054 9162
3055 9165
3056 1719
3057 9171
3058 9174
3059 9177
3060 1105
3061 9183
3062 9186
3063 9189
3064 3830
3065 9195
3066 9198
3067 9201
3068 3835
3069 2387
3070 9210
3071 9213
3072 195
3073 9219
3074 9222
3075 1353
3076 3845
3077 9231
3078 722
3079 9237
3080 3850
3081 9243
3082 9246
3083 9249
3084 3855
3085 9255
3086 9258
3087 301
3088 1737
3089 9267
3090 9270
3091 9273
3092 3865
3093 9279
3094 9282
3095 9285
3096 1118
3097 9291
3098 9294
3099 9297
3100 651
3101 9303
3102 9306
3103 9309
3104 1746
3105 2415
3106 9318
3107 9321
3108 3885
3109 9327
3110 9330
3111 9333
3112 3890
3113 9339
3114 2422
3115 9345
3116 3895
3117 9351
3118 9354
3119 9357
3120 1755
3121 9363
3122 9366
3123 2429
3124 3905
3125 255
3126 9378
3127 9381
3128 3910
3129 9387
3130 9390
3131 9393
3132 1131
3133 9399
3134 9402
3135 9405
3136 113
3137 9411
3138 9414
3139 9417
3140 3925
3141 2443
3142 9426
3143 9429
3144 3930
3145 9435
3146 598
3147 9441
3148 3935
3149 9447
3150 434
3151 9453
3152 1773
3153 9459
3154 9462
3155 9465
3156 3945
3157 9471
3158 9474
3159 741
3160 3950
3161 9483
3162 9486
3163 9489
3164 3955
3165 9495
3166 9498
3167 9501
3168 550
3169 9507
3170 9510
3171 9513
3172 3965
3173 9519
3174 282
3175 1397
3176 3970
3177 2471
3178 9534
3179 385
3180 3975
3181 9543
3182 9546
3183 9549
3184 1791
3185 975
3186 2478
3187 9561
3188 3985
3189 9567
3190 9570
3191 9573
3192 3990
3193 9579
3194 9582
3195 2485
3196 3995
3197 9591
3198 9594
3199 9597
3200 162
3201 9603
3202 9606
3203 9609
3204 1157
3205 9615
3206 9618
3207 9621
3208 4010
3209 9627
3210 9630
3211 513
3212 4015
3213 2499
3214 9642
3215 9645
3216 1809
3217 9651
3218 9654
3219 9657
3220 4025
3221 9663
3222 2506
3223 9669
3224 4030
3225 1419
3226 9678
3227 9681
3228 4035
3229 9687
3230 9690
3231 2513
3232 1818
3233 9699
3234 990
3235 9705
3236 4045
3237 9711
3238 9714
3239 9717
3240 370
3241 9723
3242 9726
3243 9729
3244 4055
3245 9735
3246 9738
3247 9741
3248 1827
3249 115
3250 1430
3251 9753
3252 4065
3253 9759
3254 9762
3255 9765
3256 4070
3257 9771
3258 2534
3259 9777
3260 4075
3261 9783
3262 9786
3263 9789
3264 867
3265 9795
3266 9798
3267 201
3268 4085
3269 9807
3270 9810
3271 9813
3272 4090
3273 9819
3274 9822
3275 1441
3276 1183
3277 9831
3278 9834
3279 9837
3280 1845
3281 9843
3282 9846
3283 1005
3284 4105
3285 2555
3286 9858
3287 9861
3288 4110
3289 9867
3290 9870
3291 9873
3292 4115
3293 9879
3294 2562
3295 9885
3296 1854
3297 9891
3298 9894
3299 9897
3300 693
3301 9903
3302 9906
3303 2569
3304 4130
3305 9915
3306 9918
3307 9921
3308 4135
3309 9927
3310 9930
3311 9933
3312 575
3313 9939
3314 9942
3315 9945
3316 4145
3317 9951
3318 9954
3319 9957
3320 4150
3321 779
3322 9966
3323 9969
3324 4155
3325 1463
3326 9978
3327 9981
3328 429
3329 9987
3330 2590
3331 9993
3332 493
3333 9999
3334 10002
3335 10005
3336 4170
3337 10011
3338 10014
3339 2597
3340 4175
3341 10023
3342 10026
3343 10029
3344 1881
3345 10035
3346 10038
3347 10041
3348 1209
3349 10047
3350 1474
3351 10053
3352 4190
3353 10059
3354 10062
3355 10065
3356 4195
3357 2611
3358 10074
3359 10077
3360 1890
3361 10083
3362 166
3363 10089
3364 117
3365 10095
3366 2618
3367 10101
3368 4210
3369 10107
3370 10110
3371 10113
3372 4215
3373 10119
3374 10122
3375 465
3376 1899
3377 10131
3378 10134
3379 10137
3380 265
3381 1035
3382 10146
3383 10149
3384 1222
3385 10155
3386 10158
3387 10161
3388 315
3389 10167
3390 10170
3391 10173
3392 901
3393 2639
3394 10182
3395 10185
3396 4245
3397 10191
3398 10194
3399 10197
3400 714
3401 10203
3402 798
3403 10209
3404 4255
3405 10215
3406 10218
3407 10221
3408 1917
3409 10227
3410 10230
3411 2653
3412 4265
3413 10239
3414 10242
3415 10245
3416 4270
3417 10251
3418 10254
3419 10257
3420 1235
3421 10263
3422 10266
3423 10269
3424 1926
3425 1507
3426 10278
3427 10281
3428 4285
3429 2667
3430 1050
3431 10293
3432 4290
3433 10299
3434 10302
3435 10305
3436 4295
3437 10311
3438 2674
3439 10317
3440 1935
3441 10323
3442 10326
3443 10329
3444 4305
3445 10335
3446 10338
3447 2681
3448 4310
3449 10347
3450 1518
3451 10353
3452 4315
3453 10359
3454 10362
3455 10365
3456 294
3457 10371
3458 10374
3459 10377
3460 4325
3461 10383
3462 10386
3463 10389
3464 4330
3465 2695
3466 10398
3467 10401
3468 207
3469 10407
3470 10410
3471 10413
3472 1953
3473 10419
3474 2702
3475 1529
3476 4345
3477 10431
3478 10434
3479 1065
3480 4350
3481 119
3482 10446
3483 817
3484 4355
3485 10455
3486 10458
3487 10461
3488 1962
3489 10467
3490 10470
3491 10473
3492 1261
3493 10479
3494 10482
3495 10485
3496 4370
3497 10491
3498 10494
3499 10497
3500 735
3501 2723
3502 10506
3503 10509
3504 1971
3505 10515
3506 10518
3507 10521
3508 4385
3509 667
3510 2730
3511 10533
3512 4390
3513 10539
3514 10542
3515 10545
3516 4395
3517 10551
3518 10554
3519 2737
3520 935
3521 10563
3522 10566
3523 10569
3524 4405
3525 1551
3526 10578
3527 10581
3528 170
3529 10587
3530 10590
3531 10593
3532 4415
3533 10599
3534 10602
3535 10605
3536 1989
3537 2751
3538 10614
3539 10617
3540 4425
3541 10623
3542 10626
3543 10629
3544 4430
3545 10635
3546 2758
3547 10641
3548 4435
3549 567
3550 1562
3551 10653
3552 1998
3553 10659
3554 10662
3555 2765
3556 4445
3557 10671
3558 10674
3559 10677
3560 4450
3561 10683
3562 10686
3563 10689
3564 407
3565 10695
3566 10698
3567 10701
3568 2007
3569 10707
3570 10710
3571 10713
3572 4465
3573 2779
3574 10722
3575 1573
3576 4470
3577 1095
3578 10734
3579 10737
3580 4475
3581 10743
3582 2786
3583 10749
3584 462
3585 10755
3586 10758
3587 10761
3588 4485
3589 10767
3590 10770
3591 2793
3592 4490
3593 10779
3594 10782
3595 10785
3596 4495
3597 10791
3598 10794
3599 10797
3600 121
3601 10803
3602 10806
3603 10809
3604 4505
3605 10815
3606 10818
3607 10821
3608 4510
3609 2807
3610 390
3611 10833
3612 4515
3613 10839
3614 10842
3615 10845
3616 2034
3617 10851
3618 2814
3619 10857
3620 4525
3621 10863
3622 10866
3623 10869
3624 4530
3625 1595
3626 1110
3627 2821
3628 4535
3629 10887
3630 690
3631 10893
3632 2043
3633 10899
3634 10902
3635 10905
3636 1313
3637 10911
3638 10914
3639 10917
3640 4550
3641 10923
3642 10926
3643 10929
3644 4555
3645 275
3646 10938
3647 10941
3648 969
3649 10947
3650 1606
3651 10953
3652 4565
3653 10959
3654 2842
3655 10965
3656 4570
3657 10971
3658 10974
3659 10977
3660 4575
3661 10983
3662 10986
3663 2849
3664 2061
3665 10995
3666 10998
3667 11001
3668 4585
3669 11007
3670 11010
3671 11013
3672 1326
3673 11019
3674 11022
3675 213
3676 4595
3677 11031
3678 11034
3679 11037
3680 2070
3681 2863
3682 11046
3683 11049
3684 4605
3685 11055
3686 11058
3687 11061
3688 4610
3689 11067
3690 2870
3691 11073
3692 4615
3693 11079
3694 11082
3695 11085
3696 2079
3697 11091
3698 174
3699 2877
3700 777
3701 11103
3702 11106
3703 329
3704 4630
3705 11115
3706 11118
3707 11121
3708 1339
3709 11127
3710 11130
3711 11133
3712 986
3713 11139
3714 11142
3715 11145
3716 4645
3717 2891
3718 594
3719 11157
3720 4650
3721 123
3722 11166
3723 11169
3724 551
3725 1639
3726 874
3727 11181
3728 2097
3729 11187
3730 11190
3731 11193
3732 4665
3733 11199
3734 11202
3735 2905
3736 4670
3737 11211
3738 11214
3739 11217
3740 4675
3741 11223
3742 11226
3743 11229
3744 650
3745 11235
3746 11238
3747 11241
3748 4685
3749 11247
3750 306
3751 713
3752 4690
3753 2919
3754 11262
3755 11265
3756 4695
3757 455
3758 11274
3759 11277
3760 2115
3761 11283
3762 2926
3763 11289
3764 4705
3765 11295
3766 11298
3767 11301
3768 4710
3769 11307
3770 11310
3771 2933
3772 4715
3773 1155
3774 11322
3775 1661
3776 1003
3777 11331
3778 11334
3779 11337
3780 1365
3781 11343
3782 11346
3783 11349
3784 4730
3785 11355
3786 11358
3787 11361
3788 4735
3789 2947
3790 11370
3791 11373
3792 2133
3793 11379
3794 11382
3795 11385
3796 4745
3797 11391
3798 2954
3799 11397
3800 798
3801 11403
3802 11406
3803 11409
3804 4755
3805 11415
3806 11418
3807 893
3808 2142
3809 11427
3810 11430
3811 11433
3812 4765
3813 11439
3814 11442
3815 11445
3816 1378
3817 11451
3818 11454
3819 11457
3820 4775
3821 11463
3822 1170
3823 11469
3824 2151
3825 527
3826 11478
3827 11481
3828 4785
3829 11487
3830 11490
3831 11493
3832 4790
3833 11499
3834 2982
3835 11505
3836 4795
3837 11511
3838 11514
3839 11517
3840 495
3841 11523
3842 11526
3843 2989
3844 125
3845 11535
3846 11538
3847 11541
3848 4810
3849 11547
3850 1694
3851 11553
3852 1391
3853 11559
3854 11562
3855 11565
3856 2169
3857 11571
3858 11574
3859 11577
3860 4825
3861 3003
3862 11586
3863 11589
3864 4830
3865 11595
3866 11598
3867 11601
3868 4835
3869 11607
3870 3010
3871 1185
3872 178
3873 11619
3874 11622
3875 1705
3876 4845
3877 11631
3878 11634
3879 3017
3880 4850
3881 11643
3882 11646
3883 11649
3884 4855
3885 11655
3886 11658
3887 621
3888 219
3889 11667
3890 11670
3891 11673
3892 4865
3893 11679
3894 11682
3895 11685
3896 4870
3897 3031
3898 11694
3899 11697
3900 819
3901 11703
3902 11706
3903 11709
3904 1037
3905 11715
3906 3038
3907 11721
3908 4885
3909 11727
3910 11730
3911 11733
3912 4890
3913 11739
3914 11742
3915 3045
3916 4895
3917 11751
3918 11754
3919 11757
3920 285
3921 11763
3922 11766
3923 11769
3924 1417
3925 1727
3926 11778
3927 11781
3928 4910
3929 11787
3930 11790
3931 11793
3932 4915
3933 3059
3934 11802
3935 11805
3936 2214
3937 11811
3938 11814
3939 11817
3940 4925
3941 11823
3942 3066
3943 11829
3944 4930
3945 11835
3946 11838
3947 11841
3948 4935
3949 11847
3950 1738
3951 3073
3952 2223
3953 11859
3954 11862
3955 11865
3956 4945
3957 11871
3958 11874
3959 11877
3960 1430
3961 11883
3962 11886
3963 11889
3964 4955
3965 11895
3966 11898
3967 11901
3968 1054
3969 127
3970 11910
3971 429
3972 4965
3973 11919
3974 11922
3975 1749
3976 4970
3977 11931
3978 3094
3979 11937
3980 4975
3981 11943
3982 11946
3983 11949
3984 2241
3985 11955
3986 11958
3987 3101
3988 4985
3989 11967
3990 11970
3991 11973
3992 4990
3993 759
3994 11982
3995 11985
3996 1443
3997 11991
3998 11994
3999 11997
4000 410
4001 12003
4002 12006
4003 12009
4004 5005
4005 3115
4006 12018
4007 12021
4008 5010
4009 12027
4010 12030
4011 12033
4012 5015
4013 12039
4014 3122
4015 12045
4016 2259
4017 12051
4018 1230
4019 12057
4020 5025
4021 12063
4022 12066
4023 3129
4024 5030
4025 1771
4026 12078
4027 12081
4028 5035
4029 12087
4030 12090
4031 12093
4032 343
4033 12099
4034 12102
4035 12105
4036 5045
4037 12111
4038 12114
4039 12117
4040 5050
4041 3143
4042 12126
4043 12129
4044 5055
4045 12135
4046 490
4047 12141
4048 2277
4049 12147
4050 182
4051 12153
4052 5065
4053 12159
4054 12162
4055 12165
4056 318
4057 12171
4058 12174
4059 3157
4060 5075
4061 12183
4062 12186
4063 12189
4064 2286
4065 12195
4066 12198
4067 1245
4068 1469
4069 12207
4070 12210
4071 12213
4072 5090
4073 12219
4074 12222
4075 1793
4076 5095
4077 3171
4078 12234
4079 12237
4080 2295
4081 12243
4082 12246
4083 12249
4084 5105
4085 12255
4086 3178
4087 12261
4088 5110
4089 12267
4090 12270
4091 12273
4092 5115
4093 12279
4094 12282
4095 3185
4096 129
4097 12291
4098 12294
4099 12297
4100 861
4101 12303
4102 12306
4103 12309
4104 1482
4105 12315
4106 12318
4107 225
4108 5135
4109 12327
4110 12330
4111 12333
4112 2313
4113 3199
4114 782
4115 12345
4116 609
4117 12351
4118 12354
4119 12357
4120 5150
4121 12363
4122 3206
4123 12369
4124 5155
4125 1815
4126 12378
4127 12381
4128 2322
4129 12387
4130 12390
4131 969
4132 5165
4133 12399
4134 12402
4135 12405
4136 5170
4137 12411
4138 12414
4139 12417
4140 1495
4141 12423
4142 12426
4143 12429
4144 2331
4145 12435
4146 12438
4147 12441
4148 5185
4149 3227
4150 1826
4151 12453
4152 5190
4153 12459
4154 12462
4155 12465
4156 5195
4157 12471
4158 3234
4159 12477
4160 1105
4161 12483
4162 12486
4163 12489
4164 5205
4165 1275
4166 12498
4167 3241
4168 5210
4169 12507
4170 12510
4171 12513
4172 5215
4173 12519
4174 12522
4175 1837
4176 725
4177 12531
4178 12534
4179 12537
4180 5225
4181 12543
4182 12546
4183 12549
4184 5230
4185 3255
4186 12558
4187 12561
4188 5235
4189 12567
4190 12570
4191 12573
4192 2358
4193 12579
4194 3262
4195 12585
4196 5245
4197 12591
4198 12594
4199 12597
4200 882
4201 12603
4202 12606
4203 3269
4204 5255
4205 295
4206 12618
4207 12621
4208 2367
4209 12627
4210 12630
4211 12633
4212 481
4213 12639
4214 1290
4215 12645
4216 5270
4217 12651
4218 12654
4219 12657
4220 5275
4221 3283
4222 12666
4223 12669
4224 1122
4225 131
4226 12678
4227 12681
4228 5285
4229 12687
4230 3290
4231 12693
4232 186
4233 12699
4234 12702
4235 805
4236 5295
4237 12711
4238 12714
4239 3297
4240 2385
4241 12723
4242 12726
4243 12729
4244 5305
4245 12735
4246 12738
4247 12741
4248 1534
4249 12747
4250 1870
4251 12753
4252 5315
4253 12759
4254 12762
4255 12765
4256 2394
4257 3311
4258 12774
4259 12777
4260 5325
4261 12783
4262 12786
4263 1305
4264 5330
4265 12795
4266 3318
4267 12801
4268 5335
4269 12807
4270 12810
4271 12813
4272 2403
4273 12819
4274 12822
4275 589
4276 5345
4277 12831
4278 12834
4279 12837
4280 5350
4281 12843
4282 12846
4283 12849
4284 1547
4285 12855
4286 12858
4287 12861
4288 1139
4289 12867
4290 12870
4291 12873
4292 5365
4293 1007
4294 12882
4295 12885
4296 5370
4297 12891
4298 12894
4299 12897
4300 903
4301 12903
4302 3346
4303 12909
4304 2421
4305 12915
4306 12918
4307 12921
4308 5385
4309 12927
4310 12930
4311 3353
4312 638
4313 12939
4314 12942
4315 12945
4316 5395
4317 12951
4318 12954
4319 12957
4320 750
4321 12963
4322 12966
4323 12969
4324 5405
4325 1903
4326 12978
4327 12981
4328 5410
4329 3367
4330 12990
4331 12993
4332 231
4333 12999
4334 13002
4335 525
4336 2439
4337 13011
4338 3374
4339 13017
4340 5425
4341 13023
4342 13026
4343 13029
4344 5430
4345 13035
4346 13038
4347 3381
4348 5435
4349 13047
4350 1914
4351 13053
4352 561
4353 13059
4354 13062
4355 13065
4356 133
4357 13071
4358 13074
4359 13077
4360 5450
4361 1335
4362 13086
4363 13089
4364 5455
4365 3395
4366 13098
4367 13101
4368 2457
4369 13107
4370 13110
4371 13113
4372 5465
4373 13119
4374 330
4375 357
4376 5470
4377 13131
4378 13134
4379 13137
4380 5475
4381 13143
4382 13146
4383 3409
4384 2466
4385 13155
4386 13158
4387 13161
4388 5485
4389 13167
4390 13170
4391 13173
4392 1586
4393 13179
4394 702
4395 13185
4396 5495
4397 13191
4398 13194
4399 13197
4400 451
4401 3423
4402 13206
4403 13209
4404 5505
4405 13215
4406 13218
4407 13221
4408 5510
4409 13227
4410 430
4411 13233
4412 5515
4413 13239
4414 13242
4415 13245
4416 1173
4417 13251
4418 190
4419 3437
4420 5525
4421 13263
4422 13266
4423 13269
4424 5530
4425 1947
4426 13278
4427 13281
4428 1599
4429 13287
4430 13290
4431 13293
4432 2493
4433 13299
4434 13302
4435 13305
4436 5545
4437 3451
4438 13314
4439 13317
4440 5550
4441 13323
4442 13326
4443 13329
4444 5555
4445 13335
4446 3458
4447 13341
4448 2502
4449 13347
4450 1958
4451 13353
4452 5565
4453 13359
4454 13362
4455 1045
4456 5570
4457 13371
4458 13374
4459 1365
4460 5575
4461 13383
4462 13386
4463 13389
4464 775
4465 13395
4466 13398
4467 13401
4468 5585
4469 13407
4470 13410
4471 13413
4472 5590
4473 3479
4474 13422
4475 1969
4476 5595
4477 851
4478 13434
4479 13437
4480 1190
4481 13443
4482 3486
4483 13449
4484 5605
4485 13455
4486 13458
4487 13461
4488 5610
4489 135
4490 13470
4491 3493
4492 5615
4493 13479
4494 13482
4495 13485
4496 2529
4497 13491
4498 13494
4499 13497
4500 305
4501 13503
4502 13506
4503 13509
4504 5630
4505 13515
4506 13518
4507 13521
4508 667
4509 3507
4510 13530
4511 13533
4512 2538
4513 13539
4514 13542
4515 13545
4516 5645
4517 13551
4518 3514
4519 13557
4520 5650
4521 13563
4522 13566
4523 13569
4524 5655
4525 1991
4526 13578
4527 3521
4528 2547
4529 13587
4530 13590
4531 13593
4532 5665
4533 13599
4534 13602
4535 13605
4536 518
4537 13611
4538 13614
4539 13617
4540 5675
4541 13623
4542 13626
4543 13629
4544 1207
4545 3535
4546 13638
4547 13641
4548 5685
4549 13647
4550 2002
4551 13653
4552 5690
4553 13659
4554 3542
4555 13665
4556 5695
4557 1395
4558 13674
4559 13677
4560 2565
4561 13683
4562 13686
4563 237
4564 5705
4565 13695
4566 13698
4567 13701
4568 5710
4569 13707
4570 13710
4571 13713
4572 1651
4573 13719
4574 13722
4575 2013
4576 2574
4577 13731
4578 13734
4579 13737
4580 5725
4581 3563
4582 13746
4583 13749
4584 5730
4585 13755
4586 13758
4587 13761
4588 5735
4589 13767
4590 3570
4591 13773
4592 2583
4593 13779
4594 13782
4595 13785
4596 5745
4597 13791
4598 874
4599 3577
4600 966
4601 13803
4602 13806
4603 13809
4604 5755
4605 13815
4606 1410
4607 13821
4608 194
4609 13827
4610 13830
4611 13833
4612 5765
4613 13839
4614 13842
4615 13845
4616 5770
4617 1083
4618 13854
4619 13857
4620 5775
4621 13863
4622 13866
4623 13869
4624 137
4625 2035
4626 3598
4627 13881
4628 5785
4629 13887
4630 13890
4631 13893
4632 5790
4633 13899
4634 13902
4635 3605
4636 5795
4637 13911
4638 13914
4639 13917
4640 2610
4641 13923
4642 13926
4643 13929
4644 1677
4645 13935
4646 13938
4647 13941
4648 5810
4649 13947
4650 2046
4651 13953
4652 5815
4653 3619
4654 13962
4655 1425
4656 2619
4657 13971
4658 13974
4659 13977
4660 5825
4661 13983
4662 3626
4663 13989
4664 5830
4665 13995
4666 13998
4667 14001
4668 5835
4669 14007
4670 14010
4671 3633
4672 1241
4673 14019
4674 14022
4675 2057
4676 5845
4677 14031
4678 14034
4679 14037
4680 1690
4681 14043
4682 14046
4683 14049
4684 5855
4685 14055
4686 14058
4687 14061
4688 2637
4689 3647
4690 14070
4691 14073
4692 5865
4693 507
4694 14082
4695 14085
4696 5870
4697 14091
4698 1102
4699 14097
4700 987
4701 14103
4702 14106
4703 14109
4704 342
4705 14115
4706 14118
4707 3661
4708 5885
4709 14127
4710 14130
4711 14133
4712 5890
4713 14139
4714 14142
4715 14145
4716 1703
4717 14151
4718 14154
4719 897
4720 2655
4721 14163
4722 14166
4723 14169
4724 5905
4725 651
4726 14178
4727 14181
4728 5910
4729 14187
4730 14190
4731 14193
4732 371
4733 14199
4734 3682
4735 14205
4736 1258
4737 14211
4738 14214
4739 14217
4740 5925
4741 14223
4742 14226
4743 3689
4744 5930
4745 14235
4746 14238
4747 14241
4748 5935
4749 14247
4750 2090
4751 14253
4752 825
4753 1455
4754 14262
4755 14265
4756 5945
4757 14271
4758 14274
4759 14277
4760 5950
4761 139
4762 14286
4763 14289
4764 5955
4765 14295
4766 14298
4767 14301
4768 2682
4769 14307
4770 3710
4771 14313
4772 5965
4773 14319
4774 14322
4775 2101
4776 5970
4777 14331
4778 14334
4779 1121
4780 5975
4781 14343
4782 14346
4783 14349
4784 2691
4785 14355
4786 14358
4787 14361
4788 1729
4789 14367
4790 14370
4791 14373
4792 5990
4793 14379
4794 14382
4795 14385
4796 5995
4797 3731
4798 14394
4799 14397
4800 243
4801 14403
4802 198
4803 14409
4804 6005
4805 315
4806 3738
4807 14421
4808 6010
4809 14427
4810 14430
4811 14433
4812 6015
4813 14439
4814 14442
4815 3745
4816 2709
4817 14451
4818 14454
4819 14457
4820 6025
4821 14463
4822 14466
4823 14469
4824 1742
4825 2123
4826 14478
4827 14481
4828 6035
4829 14487
4830 14490
4831 14493
4832 2718
4833 3759
4834 14502
4835 14505
4836 6045
4837 14511
4838 14514
4839 14517
4840 450
4841 14523
4842 3766
4843 14529
4844 6055
4845 14535
4846 14538
4847 14541
4848 2727
4849 14547
4850 2134
4851 473
4852 6065
4853 14559
4854 14562
4855 14565
4856 6070
4857 14571
4858 14574
4859 14577
4860 555
4861 14583
4862 14586
4863 14589
4864 627
4865 14595
4866 14598
4867 14601
4868 6085
4869 3787
4870 14610
4871 14613
4872 6090
4873 14619
4874 14622
4875 2145
4876 6095
4877 14631
4878 3794
4879 14637
4880 2745
4881 14643
4882 14646
4883 14649
4884 6105
4885 14655
4886 14658
4887 3801
4888 6110
4889 14667
4890 14670
4891 14673
4892 6115
4893 14679
4894 14682
4895 14685
4896 850
4897 14691
4898 14694
4899 14697
4900 141
4901 783
4902 14706
4903 14709
4904 6130
4905 3815
4906 14718
4907 14721
4908 6135
4909 14727
4910 14730
4911 14733
4912 2763
4913 595
4914 3822
4915 14745
4916 6145
4917 14751
4918 14754
4919 14757
4920 6150
4921 14763
4922 14766
4923 3829
4924 6155
4925 2167
4926 14778
4927 14781
4928 1309
4929 14787
4930 14790
4931 14793
4932 1781
4933 14799
4934 14802
4935 14805
4936 6170
4937 14811
4938 14814
4939 14817
4940 6175
4941 1159
4942 14826
4943 14829
4944 2781
4945 14835
4946 14838
4947 14841
4948 6185
4949 1515
4950 682
4951 14853
4952 6190
4953 14859
4954 14862
4955 14865
4956 6195
4957 14871
4958 14874
4959 3857
4960 2790
4961 943
4962 14886
4963 14889
4964 6205
4965 14895
4966 14898
4967 14901
4968 1794
4969 14907
4970 14910
4971 14913
4972 6215
4973 14919
4974 14922
4975 2189
4976 2799
4977 3871
4978 14934
4979 14937
4980 6225
4981 14943
4982 14946
4983 14949
4984 6230
4985 14955
4986 3878
4987 14961
4988 6235
4989 14967
4990 14970
4991 14973
4992 1326
4993 14979
4994 14982
4995 3885
4996 6245
4997 14991
4998 1530
4999 14997
5000 202
