1 1
2 2
3 2
4 4
5 3
6 4
7 4
8 8
9 4
10 6
11 6
12 8
13 7
14 8
15 6
16 16
17 9
18 8
19 10
20 12
21 8
22 12
23 12
24 16
25 11
26 14
27 11
28 16
29 15
30 12
31 16
32 32
33 12
34 18
35 12
36 16
37 19
38 20
39 14
40 24
41 21
42 16
43 22
44 24
45 12
46 24
47 24
48 32
49 22
50 22
51 18
52 28
53 27
54 22
55 18
56 32
57 20
58 30
59 30
60 24
61 31
62 32
63 16
64 64
65 21
66 24
67 34
68 36
69 24
70 24
71 36
72 32
73 37
74 38
75 22
76 40
77 24
78 28
79 40
80 48
81 31
82 42
83 42
84 32
85 27
86 44
87 30
88 48
89 45
90 24
91 28
92 48
93 32
94 48
95 30
96 64
97 49
98 44
99 24
100 44
101 51
102 36
103 52
104 56
105 24
106 54
107 54
108 44
109 55
110 36
111 38
112 64
113 57
114 40
115 36
116 60
117 28
118 60
119 36
120 48
121 56
122 62
123 42
124 64
125 53
126 32
127 64
128 128
129 44
130 42
131 66
132 48
133 40
134 68
135 33
136 72
137 69
138 48
139 70
140 48
141 48
142 72
143 42
144 64
145 45
146 74
147 44
148 76
149 75
150 44
151 76
152 80
153 36
154 48
155 48
156 56
157 79
158 80
159 54
160 96
161 48
162 62
163 82
164 84
165 36
166 84
167 84
168 64
169 79
170 54
171 40
172 88
173 87
174 60
175 44
176 96
177 60
178 90
179 90
180 48
181 91
182 56
183 62
184 96
185 57
186 64
187 54
188 96
189 44
190 60
191 96
192 128
193 97
194 98
195 42
196 88
197 99
198 48
199 100
200 88
201 68
202 102
203 60
204 72
205 63
206 104
207 48
208 112
209 60
210 48
211 106
212 108
213 72
214 108
215 66
216 88
217 64
218 110
219 74
220 72
221 63
222 76
223 112
224 128
225 44
226 114
227 114
228 80
229 115
230 72
231 48
232 120
233 117
234 56
235 72
236 120
237 80
238 72
239 120
240 96
241 121
242 112
243 92
244 124
245 66
246 84
247 70
248 128
249 84
250 106
251 126
252 64
253 72
254 128
255 54
256 256
257 129
258 88
259 76
260 84
261 60
262 132
263 132
264 96
265 81
266 80
267 90
268 136
269 135
270 66
271 136
272 144
273 56
274 138
275 66
276 96
277 139
278 140
279 64
280 96
281 141
282 96
283 142
284 144
285 60
286 84
287 84
288 128
289 137
290 90
291 98
292 148
293 147
294 88
295 90
296 152
297 66
298 150
299 84
300 88
301 88
302 152
303 102
304 160
305 93
306 72
307 154
308 96
309 104
310 96
311 156
312 112
313 157
314 158
315 48
316 160
317 159
318 108
319 90
320 192
321 108
322 96
323 90
324 124
325 77
326 164
327 110
328 168
329 96
330 72
331 166
332 168
333 76
334 168
335 102
336 128
337 169
338 158
339 114
340 108
341 96
342 80
343 151
344 176
345 72
346 174
347 174
348 120
349 175
350 88
351 77
352 192
353 177
354 120
355 108
356 180
357 72
358 180
359 180
360 96
361 172
362 182
363 112
364 112
365 111
366 124
367 184
368 192
369 84
370 114
371 108
372 128
373 187
374 108
375 106
376 192
377 105
378 88
379 190
380 120
381 128
382 192
383 192
384 256
385 72
386 194
387 88
388 196
389 195
390 84
391 108
392 176
393 132
394 198
395 120
396 96
397 199
398 200
399 80
400 176
401 201
402 136
403 112
404 204
405 93
406 120
407 114
408 144
409 205
410 126
411 138
412 208
413 120
414 96
415 126
416 224
417 140
418 120
419 210
420 96
421 211
422 212
423 96
424 216
425 99
426 144
427 124
428 216
429 84
430 132
431 216
432 176
433 217
434 128
435 90
436 220
437 120
438 148
439 220
440 144
441 88
442 126
443 222
444 152
445 135
446 224
447 150
448 256
449 225
450 88
451 126
452 228
453 152
454 228
455 84
456 160
457 229
458 230
459 99
460 144
461 231
462 96
463 232
464 240
465 96
466 234
467 234
468 112
469 136
470 144
471 158
472 240
473 132
474 160
475 110
476 144
477 108
478 240
479 240
480 192
481 133
482 242
483 96
484 224
485 147
486 184
487 244
488 248
489 164
490 132
491 246
492 168
493 135
494 140
495 72
496 256
497 144
498 168
499 250
500 212
501 168
502 252
503 252
504 128
505 153
506 144
507 158
508 256
509 255
510 108
511 148
512 512
513 110
514 258
515 156
516 176
517 144
518 152
519 174
520 168
521 261
522 120
523 262
524 264
525 88
526 264
527 144
528 192
529 254
530 162
531 120
532 160
533 147
534 180
535 162
536 272
537 180
538 270
539 132
540 132
541 271
542 272
543 182
544 288
545 165
546 112
547 274
548 276
549 124
550 132
551 150
552 192
553 160
554 278
555 114
556 280
557 279
558 128
559 154
560 192
561 108
562 282
563 282
564 192
565 171
566 284
567 124
568 288
569 285
570 120
571 286
572 168
573 192
574 168
575 132
576 256
577 289
578 274
579 194
580 180
581 168
582 196
583 162
584 296
585 84
586 294
587 294
588 176
589 160
590 180
591 198
592 304
593 297
594 132
595 108
596 300
597 200
598 168
599 300
600 176
601 301
602 176
603 136
604 304
605 168
606 204
607 304
608 320
609 120
610 186
611 168
612 144
613 307
614 308
615 126
616 192
617 309
618 208
619 310
620 192
621 132
622 312
623 180
624 224
625 261
626 314
627 120
628 316
629 171
630 96
631 316
632 320
633 212
634 318
635 192
636 216
637 154
638 180
639 144
640 384
641 321
642 216
643 322
644 192
645 132
646 180
647 324
648 248
649 180
650 154
651 128
652 328
653 327
654 220
655 198
656 336
657 148
658 192
659 330
660 144
661 331
662 332
663 126
664 336
665 120
666 152
667 180
668 336
669 224
670 204
671 186
672 256
673 337
674 338
675 121
676 316
677 339
678 228
679 196
680 216
681 228
682 192
683 342
684 160
685 207
686 302
687 230
688 352
689 189
690 144
691 346
692 348
693 96
694 348
695 210
696 240
697 189
698 350
699 234
700 176
701 351
702 154
703 190
704 384
705 144
706 354
707 204
708 240
709 355
710 216
711 160
712 360
713 192
714 144
715 126
716 360
717 240
718 360
719 360
720 192
721 208
722 344
723 242
724 364
725 165
726 224
727 364
728 224
729 274
730 222
731 198
732 248
733 367
734 368
735 132
736 384
737 204
738 168
739 370
740 228
741 140
742 216
743 372
744 256
745 225
746 374
747 168
748 216
749 216
750 212
751 376
752 384
753 252
754 210
755 228
756 176
757 379
758 380
759 144
760 240
761 381
762 256
763 220
764 384
765 108
766 384
767 210
768 512
769 385
770 144
771 258
772 388
773 387
774 176
775 176
776 392
777 152
778 390
779 210
780 168
781 216
782 216
783 165
784 352
785 237
786 264
787 394
788 396
789 264
790 240
791 228
792 192
793 217
794 398
795 162
796 400
797 399
798 160
799 216
800 352
801 180
802 402
803 222
804 272
805 144
806 224
807 270
808 408
809 405
810 186
811 406
812 240
813 272
814 228
815 246
816 288
817 220
818 410
819 112
820 252
821 411
822 276
823 412
824 416
825 132
826 240
827 414
828 192
829 415
830 252
831 278
832 448
833 198
834 280
835 252
836 240
837 176
838 420
839 420
840 192
841 407
842 422
843 282
844 424
845 237
846 192
847 224
848 432
849 284
850 198
851 228
852 288
853 427
854 248
855 120
856 432
857 429
858 168
859 430
860 264
861 168
862 432
863 432
864 352
865 261
866 434
867 274
868 256
869 240
870 180
871 238
872 440
873 196
874 240
875 212
876 296
877 439
878 440
879 294
880 288
881 441
882 176
883 442
884 252
885 180
886 444
887 444
888 304
889 256
890 270
891 186
892 448
893 240
894 300
895 270
896 512
897 168
898 450
899 240
900 176
901 243
902 252
903 176
904 456
905 273
906 304
907 454
908 456
909 204
910 168
911 456
912 320
913 252
914 458
915 186
916 460
917 264
918 198
919 460
920 288
921 308
922 462
923 252
924 192
925 209
926 464
927 208
928 480
929 465
930 192
931 220
932 468
933 312
934 468
935 162
936 224
937 469
938 272
939 314
940 288
941 471
942 316
943 252
944 480
945 132
946 264
947 474
948 320
949 259
950 220
951 318
952 288
953 477
954 216
955 288
956 480
957 180
958 480
959 276
960 384
961 466
962 266
963 216
964 484
965 291
966 192
967 484
968 448
969 180
970 294
971 486
972 368
973 280
974 488
975 154
976 496
977 489
978 328
979 270
980 264
981 220
982 492
983 492
984 336
985 297
986 270
987 192
988 280
989 264
990 144
991 496
992 512
993 332
994 288
995 300
996 336
997 499
998 500
999 209
1000 424
1001 168
1002 336
1003 270
1004 504
1005 204
1006 504
1007 270
1008 256
1009 505
1010 306
1011 338
1012 288
1013 507
1014 316
1015 180
1016 512
1017 228
1018 510
1019 510
1020 216
1021 511
1022 296
1023 192
1024 1024
1025 231
1026 220
1027 280
1028 516
1029 302
1030 312
1031 516
1032 352
1033 517
1034 288
1035 144
1036 304
1037 279
1038 348
1039 520
1040 336
1041 348
1042 522
1043 300
1044 240
1045 180
1046 524
1047 350
1048 528
1049 525
1050 176
1051 526
1052 528
1053 217
1054 288
1055 318
1056 384
1057 304
1058 508
1059 354
1060 324
1061 531
1062 240
1063 532
1064 320
1065 216
1066 294
1067 294
1068 360
1069 535
1070 324
1071 144
1072 544
1073 285
1074 360
1075 242
1076 540
1077 360
1078 264
1079 294
1080 264
1081 288
1082 542
1083 344
1084 544
1085 192
1086 364
1087 544
1088 576
1089 224
1090 330
1091 546
1092 224
1093 547
1094 548
1095 222
1096 552
1097 549
1098 248
1099 316
1100 264
1101 368
1102 300
1103 552
1104 384
1105 189
1106 320
1107 231
1108 556
1109 555
1110 228
1111 306
1112 560
1113 216
1114 558
1115 336
1116 256
1117 559
1118 308
1119 374
1120 384
1121 300
1122 216
1123 562
1124 564
1125 212
1126 564
1127 264
1128 384
1129 565
1130 342
1131 210
1132 568
1133 312
1134 248
1135 342
1136 576
1137 380
1138 570
1139 306
1140 240
1141 328
1142 572
1143 256
1144 336
1145 345
1146 384
1147 304
1148 336
1149 384
1150 264
1151 576
1152 512
1153 577
1154 578
1155 144
1156 548
1157 315
1158 388
1159 310
1160 360
1161 242
1162 336
1163 582
1164 392
1165 351
1166 324
1167 390
1168 592
1169 336
1170 168
1171 586
1172 588
1173 216
1174 588
1175 264
1176 352
1177 324
1178 320
1179 264
1180 360
1181 591
1182 396
1183 316
1184 608
1185 240
1186 594
1187 594
1188 264
1189 315
1190 216
1191 398
1192 600
1193 597
1194 400
1195 360
1196 336
1197 160
1198 600
1199 330
1200 352
1201 601
1202 602
1203 402
1204 352
1205 363
1206 272
1207 324
1208 608
1209 224
1210 336
1211 348
1212 408
1213 607
1214 608
1215 276
1216 640
1217 609
1218 240
1219 324
1220 372
1221 228
1222 336
1223 612
1224 288
1225 242
1226 614
1227 410
1228 616
1229 615
1230 252
1231 616
1232 384
1233 276
1234 618
1235 210
1236 416
1237 619
1238 620
1239 240
1240 384
1241 333
1242 264
1243 342
1244 624
1245 252
1246 360
1247 330
1248 448
1249 625
1250 522
1251 280
1252 628
1253 360
1254 240
1255 378
1256 632
1257 420
1258 342
1259 630
1260 192
1261 343
1262 632
1263 422
1264 640
1265 216
1266 424
1267 364
1268 636
1269 264
1270 384
1271 336
1272 432
1273 340
1274 308
1275 198
1276 360
1277 639
1278 288
1279 640
1280 768
1281 248
1282 642
1283 642
1284 432
1285 387
1286 644
1287 168
1288 384
1289 645
1290 264
1291 646
1292 360
1293 432
1294 648
1295 228
1296 496
1297 649
1298 360
1299 434
1300 308
1301 651
1302 256
1303 652
1304 656
1305 180
1306 654
1307 654
1308 440
1309 216
1310 396
1311 240
1312 672
1313 357
1314 296
1315 396
1316 384
1317 440
1318 660
1319 660
1320 288
1321 661
1322 662
1323 242
1324 664
1325 297
1326 252
1327 664
1328 672
1329 444
1330 240
1331 611
1332 304
1333 352
1334 360
1335 270
1336 672
1337 384
1338 448
1339 364
1340 408
1341 300
1342 372
1343 360
1344 512
1345 405
1346 674
1347 450
1348 676
1349 360
1350 242
1351 388
1352 632
1353 252
1354 678
1355 408
1356 456
1357 360
1358 392
1359 304
1360 432
1361 681
1362 456
1363 360
1364 384
1365 168
1366 684
1367 684
1368 320
1369 667
1370 414
1371 458
1372 604
1373 687
1374 460
1375 318
1376 704
1377 279
1378 378
1379 396
1380 288
1381 691
1382 692
1383 462
1384 696
1385 417
1386 192
1387 370
1388 696
1389 464
1390 420
1391 378
1392 480
1393 400
1394 378
1395 192
1396 700
1397 384
1398 468
1399 700
1400 352
1401 468
1402 702
1403 372
1404 308
1405 423
1406 380
1407 272
1408 768
1409 705
1410 288
1411 378
1412 708
1413 316
1414 408
1415 426
1416 480
1417 385
1418 710
1419 264
1420 432
1421 330
1422 320
1423 712
1424 720
1425 220
1426 384
1427 714
1428 288
1429 715
1430 252
1431 297
1432 720
1433 717
1434 480
1435 252
1436 720
1437 480
1438 720
1439 720
1440 384
1441 396
1442 416
1443 266
1444 688
1445 411
1446 484
1447 724
1448 728
1449 192
1450 330
1451 726
1452 448
1453 727
1454 728
1455 294
1456 448
1457 384
1458 548
1459 730
1460 444
1461 488
1462 396
1463 240
1464 496
1465 441
1466 734
1467 328
1468 736
1469 399
1470 264
1471 736
1472 768
1473 492
1474 408
1475 330
1476 336
1477 424
1478 740
1479 270
1480 456
1481 741
1482 280
1483 742
1484 432
1485 198
1486 744
1487 744
1488 512
1489 745
1490 450
1491 288
1492 748
1493 747
1494 336
1495 252
1496 432
1497 500
1498 432
1499 750
1500 424
1501 400
1502 752
1503 336
1504 768
1505 264
1506 504
1507 414
1508 420
1509 504
1510 456
1511 756
1512 352
1513 405
1514 758
1515 306
1516 760
1517 399
1518 288
1519 352
1520 480
1521 316
1522 762
1523 762
1524 512
1525 341
1526 440
1527 510
1528 768
1529 420
1530 216
1531 766
1532 768
1533 296
1534 420
1535 462
1536 1024
1537 405
1538 770
1539 310
1540 288
1541 408
1542 516
1543 772
1544 776
1545 312
1546 774
1547 252
1548 352
1549 775
1550 352
1551 288
1552 784
1553 777
1554 304
1555 468
1556 780
1557 348
1558 420
1559 780
1560 336
1561 448
1562 432
1563 522
1564 432
1565 471
1566 330
1567 784
1568 704
1569 524
1570 474
1571 786
1572 528
1573 392
1574 788
1575 176
1576 792
1577 420
1578 528
1579 790
1580 480
1581 288
1582 456
1583 792
1584 384
1585 477
1586 434
1587 508
1588 796
1589 456
1590 324
1591 418
1592 800
1593 330
1594 798
1595 270
1596 320
1597 799
1598 432
1599 294
1600 704
1601 801
1602 360
1603 460
1604 804
1605 324
1606 444
1607 804
1608 544
1609 805
1610 288
1611 360
1612 448
1613 807
1614 540
1615 270
1616 816
1617 264
1618 810
1619 810
1620 372
1621 811
1622 812
1623 542
1624 480
1625 371
1626 544
1627 814
1628 456
1629 364
1630 492
1631 468
1632 576
1633 432
1634 440
1635 330
1636 820
1637 819
1638 224
1639 450
1640 504
1641 548
1642 822
1643 432
1644 552
1645 288
1646 824
1647 341
1648 832
1649 441
1650 264
1651 448
1652 480
1653 300
1654 828
1655 498
1656 384
1657 829
1658 830
1659 320
1660 504
1661 456
1662 556
1663 832
1664 896
1665 228
1666 396
1667 834
1668 560
1669 835
1670 504
1671 558
1672 480
1673 480
1674 352
1675 374
1676 840
1677 308
1678 840
1679 444
1680 384
1681 821
1682 814
1683 216
1684 844
1685 507
1686 564
1687 484
1688 848
1689 564
1690 474
1691 450
1692 384
1693 847
1694 448
1695 342
1696 864
1697 849
1698 568
1699 850
1700 396
1701 368
1702 456
1703 462
1704 576
1705 288
1706 854
1707 570
1708 496
1709 855
1710 240
1711 450
1712 864
1713 572
1714 858
1715 453
1716 336
1717 459
1718 860
1719 384
1720 528
1721 861
1722 336
1723 862
1724 864
1725 264
1726 864
1727 474
1728 704
1729 280
1730 522
1731 578
1732 868
1733 867
1734 548
1735 522
1736 512
1737 388
1738 480
1739 456
1740 360
1741 871
1742 476
1743 336
1744 880
1745 525
1746 392
1747 874
1748 480
1749 324
1750 424
1751 468
1752 592
1753 877
1754 878
1755 231
1756 880
1757 504
1758 588
1759 880
1760 576
1761 588
1762 882
1763 462
1764 352
1765 531
1766 884
1767 320
1768 504
1769 465
1770 360
1771 288
1772 888
1773 396
1774 888
1775 396
1776 608
1777 889
1778 512
1779 594
1780 540
1781 483
1782 372
1783 892
1784 896
1785 216
1786 480
1787 894
1788 600
1789 895
1790 540
1791 400
1792 1024
1793 492
1794 336
1795 540
1796 900
1797 600
1798 480
1799 516
1800 352
1801 901
1802 486
1803 602
1804 504
1805 516
1806 352
1807 490
1808 912
1809 374
1810 546
1811 906
1812 608
1813 418
1814 908
1815 336
1816 912
1817 480
1818 408
1819 486
1820 336
1821 608
1822 912
1823 912
1824 640
1825 407
1826 504
1827 240
1828 916
1829 480
1830 372
1831 916
1832 920
1833 336
1834 528
1835 552
1836 396
1837 504
1838 920
1839 614
1840 576
1841 528
1842 616
1843 490
1844 924
1845 252
1846 504
1847 924
1848 384
1849 904
1850 418
1851 618
1852 928
1853 495
1854 416
1855 324
1856 960
1857 620
1858 930
1859 474
1860 384
1861 931
1862 440
1863 372
1864 936
1865 561
1866 624
1867 934
1868 936
1869 360
1870 324
1871 936
1872 448
1873 937
1874 938
1875 522
1876 544
1877 939
1878 628
1879 940
1880 576
1881 240
1882 942
1883 540
1884 632
1885 315
1886 504
1887 342
1888 960
1889 945
1890 264
1891 496
1892 528
1893 632
1894 948
1895 570
1896 640
1897 544
1898 518
1899 424
1900 440
1901 951
1902 636
1903 522
1904 576
1905 384
1906 954
1907 954
1908 432
1909 504
1910 576
1911 308
1912 960
1913 957
1914 360
1915 576
1916 960
1917 396
1918 552
1919 510
1920 768
1921 513
1922 932
1923 642
1924 532
1925 264
1926 432
1927 504
1928 968
1929 644
1930 582
1931 966
1932 384
1933 967
1934 968
1935 264
1936 896
1937 525
1938 360
1939 556
1940 588
1941 648
1942 972
1943 510
1944 736
1945 585
1946 560
1947 360
1948 976
1949 975
1950 308
1951 976
1952 992
1953 256
1954 978
1955 324
1956 656
1957 520
1958 540
1959 654
1960 528
1961 513
1962 440
1963 532
1964 984
1965 396
1966 984
1967 564
1968 672
1969 540
1970 594
1971 407
1972 540
1973 987
1974 384
1975 440
1976 560
1977 660
1978 528
1979 990
1980 288
1981 568
1982 992
1983 662
1984 1024
1985 597
1986 664
1987 994
1988 576
1989 252
1990 600
1991 546
1992 672
1993 997
1994 998
1995 240
1996 1000
1997 999
1998 418
1999 1000
2000 848
2001 360
2002 336
2003 1002
2004 672
2005 603
2006 540
2007 448
2008 1008
2009 462
2010 408
2011 1006
2012 1008
2013 372
2014 540
2015 336
2016 512
2017 1009
2018 1010
2019 674
2020 612
2021 528
2022 676
2023 548
2024 576
2025 341
2026 1014
2027 1014
2028 632
2029 1015
2030 360
2031 678
2032 1024
2033 540
2034 456
2035 342
2036 1020
2037 392
2038 1020
2039 1020
2040 432
2041 553
2042 1022
2043 456
2044 592
2045 615
2046 384
2047 540
2048 2048
2049 684
2050 462
2051 588
2052 440
2053 1027
2054 560
2055 414
2056 1032
2057 504
2058 604
2059 540
2060 624
2061 460
2062 1032
2063 1032
2064 704
2065 360
2066 1034
2067 378
2068 576
2069 1035
2070 288
2071 550
2072 608
2073 692
2074 558
2075 462
2076 696
2077 544
2078 1040
2079 264
2080 672
2081 1041
2082 696
2083 1042
2084 1044
2085 420
2086 600
2087 1044
2088 480
2089 1045
2090 360
2091 378
2092 1048
2093 336
2094 700
2095 630
2096 1056
2097 468
2098 1050
2099 1050
2100 352
2101 576
2102 1052
2103 702
2104 1056
2105 633
2106 434
2107 484
2108 576
2109 380
2110 636
2111 1056
2112 768
2113 1057
2114 608
2115 288
2116 1016
2117 555
2118 708
2119 574
2120 648
2121 408
2122 1062
2123 582
2124 480
2125 477
2126 1064
2127 710
2128 640
2129 1065
2130 432
2131 1066
2132 588
2133 440
2134 588
2135 372
2136 720
2137 1069
2138 1070
2139 384
2140 648
2141 1071
2142 288
2143 1072
2144 1088
2145 252
2146 570
2147 570
2148 720
2149 616
2150 484
2151 480
2152 1080
2153 1077
2154 720
2155 648
2156 528
2157 720
2158 588
2159 576
2160 528
2161 1081
2162 576
2163 416
2164 1084
2165 651
2166 688
2167 594
2168 1088
2169 484
2170 384
2171 588
2172 728
2173 567
2174 1088
2175 330
2176 1152
2177 624
2178 448
2179 1090
2180 660
2181 728
2182 1092
2183 570
2184 448
2185 360
2186 1094
2187 821
2188 1096
2189 600
2190 444
2191 628
2192 1104
2193 396
2194 1098
2195 660
2196 496
2197 1021
2198 632
2199 734
2200 528
2201 576
2202 736
2203 1102
2204 600
2205 264
2206 1104
2207 1104
2208 768
2209 1082
2210 378
2211 408
2212 640
2213 1107
2214 462
2215 666
2216 1112
2217 740
2218 1110
2219 636
2220 456
2221 1111
2222 612
2223 280
2224 1120
2225 495
2226 432
2227 594
2228 1116
2229 744
2230 672
2231 588
2232 512
2233 360
2234 1118
2235 450
2236 616
2237 1119
2238 748
2239 1120
2240 768
2241 462
2242 600
2243 1122
2244 432
2245 675
2246 1124
2247 432
2248 1128
2249 609
2250 424
2251 1126
2252 1128
2253 752
2254 528
2255 378
2256 768
2257 589
2258 1130
2259 504
2260 684
2261 360
2262 420
2263 592
2264 1136
2265 456
2266 624
2267 1134
2268 496
2269 1135
2270 684
2271 758
2272 1152
2273 1137
2274 760
2275 308
2276 1140
2277 288
2278 612
2279 594
2280 480
2281 1141
2282 656
2283 762
2284 1144
2285 687
2286 512
2287 1144
2288 672
2289 440
2290 690
2291 600
2292 768
2293 1147
2294 608
2295 297
2296 672
2297 1149
2298 768
2299 560
2300 528
2301 420
2302 1152
2303 528
2304 1024
2305 693
2306 1154
2307 770
2308 1156
2309 1155
2310 288
2311 1156
2312 1096
2313 516
2314 630
2315 696
2316 776
2317 664
2318 620
2319 774
2320 720
2321 636
2322 484
2323 612
2324 672
2325 352
2326 1164
2327 630
2328 784
2329 621
2330 702
2331 304
2332 648
2333 1167
2334 780
2335 702
2336 1184
2337 420
2338 672
2339 1170
2340 336
2341 1171
2342 1172
2343 432
2344 1176
2345 408
2346 432
2347 1174
2348 1176
2349 465
2350 528
2351 1176
2352 704
2353 637
2354 648
2355 474
2356 640
2357 1179
2358 528
2359 676
2360 720
2361 788
2362 1182
2363 630
2364 792
2365 396
2366 632
2367 528
2368 1216
2369 624
2370 480
2371 1186
2372 1188
2373 456
2374 1188
2375 530
2376 528
2377 1189
2378 630
2379 434
2380 432
2381 1191
2382 796
2383 1192
2384 1200
2385 324
2386 1194
2387 384
2388 800
2389 1195
2390 720
2391 798
2392 672
2393 1197
2394 320
2395 720
2396 1200
2397 432
2398 660
2399 1200
2400 704
2401 1051
2402 1202
2403 495
2404 1204
2405 399
2406 804
2407 630
2408 704
2409 444
2410 726
2411 1206
2412 544
2413 640
2414 648
2415 288
2416 1216
2417 1209
2418 448
2419 630
2420 672
2421 540
2422 696
2423 1212
2424 816
2425 539
2426 1214
2427 810
2428 1216
2429 696
2430 552
2431 378
2432 1280
2433 812
2434 1218
2435 732
2436 480
2437 1219
2438 648
2439 544
2440 744
2441 1221
2442 456
2443 700
2444 672
2445 492
2446 1224
2447 1224
2448 576
2449 640
2450 484
2451 440
2452 1228
2453 672
2454 820
2455 738
2456 1232
2457 308
2458 1230
2459 1230
2460 504
2461 648
2462 1232
2463 822
2464 768
2465 405
2466 552
2467 1234
2468 1236
2469 824
2470 420
2471 708
2472 832
2473 1237
2474 1238
2475 264
2476 1240
2477 1239
2478 480
2479 646
2480 768
2481 828
2482 666
2483 672
2484 528
2485 432
2486 684
2487 830
2488 1248
2489 660
2490 504
2491 648
2492 720
2493 556
2494 660
2495 750
2496 896
2497 684
2498 1250
2499 396
2500 1044
2501 651
2502 560
2503 1252
2504 1256
2505 504
2506 720
2507 660
2508 480
2509 679
2510 756
2511 496
2512 1264
2513 720
2514 840
2515 756
2516 684
2517 840
2518 1260
2519 690
2520 384
2521 1261
2522 686
2523 814
2524 1264
2525 561
2526 844
2527 688
2528 1280
2529 564
2530 432
2531 1266
2532 848
2533 675
2534 728
2535 474
2536 1272
2537 660
2538 528
2539 1270
2540 768
2541 448
2542 672
2543 1272
2544 864
2545 765
2546 680
2547 568
2548 616
2549 1275
2550 396
2551 1276
2552 720
2553 456
2554 1278
2555 444
2556 576
2557 1279
2558 1280
2559 854
2560 1536
2561 693
2562 496
2563 702
2564 1284
2565 330
2566 1284
2567 684
2568 864
2569 736
2570 774
2571 858
2572 1288
2573 672
2574 336
2575 572
2576 768
2577 860
2578 1290
2579 1290
2580 528
2581 675
2582 1292
2583 336
2584 720
2585 432
2586 864
2587 700
2588 1296
2589 864
2590 456
2591 1296
2592 992
2593 1297
2594 1298
2595 522
2596 720
2597 594
2598 868
2599 684
2600 616
2601 548
2602 1302
2603 690
2604 512
2605 783
2606 1304
2607 480
2608 1312
2609 1305
2610 360
2611 748
2612 1308
2613 476
2614 1308
2615 786
2616 880
2617 1309
2618 432
2619 539
2620 792
2621 1311
2622 480
2623 682
2624 1344
2625 424
2626 714
2627 684
2628 592
2629 720
2630 792
2631 878
2632 768
2633 1317
2634 880
2635 432
2636 1320
2637 588
2638 1320
2639 420
2640 576
2641 700
2642 1322
2643 882
2644 1324
2645 762
2646 484
2647 1324
2648 1328
2649 884
2650 594
2651 726
2652 504
2653 760
2654 1328
2655 360
2656 1344
2657 1329
2658 888
2659 1330
2660 480
2661 888
2662 1222
2663 1332
2664 608
2665 441
2666 704
2667 512
2668 720
2669 711
2670 540
2671 1336
2672 1344
2673 552
2674 768
2675 594
2676 896
2677 1339
2678 728
2679 480
2680 816
2681 768
2682 600
2683 1342
2684 744
2685 540
2686 720
2687 1344
2688 1024
2689 1345
2690 810
2691 336
2692 1348
2693 1347
2694 900
2695 396
2696 1352
2697 480
2698 720
2699 1350
2700 484
2701 703
2702 776
2703 486
2704 1264
2705 813
2706 504
2707 1354
2708 1356
2709 352
2710 816
2711 1356
2712 912
2713 1357
2714 720
2715 546
2716 784
2717 420
2718 608
2719 1360
2720 864
2721 908
2722 1362
2723 780
2724 912
2725 605
2726 720
2727 561
2728 768
2729 1365
2730 336
2731 1366
2732 1368
2733 912
2734 1368
2735 822
2736 640
2737 432
2738 1334
2739 504
2740 828
2741 1371
2742 916
2743 742
2744 1208
2745 372
2746 1374
2747 714
2748 920
2749 1375
2750 636
2751 528
2752 1408
2753 1377
2754 558
2755 450
2756 756
2757 920
2758 792
2759 720
2760 576
2761 756
2762 1382
2763 616
2764 1384
2765 480
2766 924
2767 1384
2768 1392
2769 504
2770 834
2771 738
2772 384
2773 720
2774 740
2775 418
2776 1392
2777 1389
2778 928
2779 796
2780 840
2781 572
2782 756
2783 672
2784 960
2785 837
2786 800
2787 930
2788 756
2789 1395
2790 384
2791 1396
2792 1400
2793 440
2794 768
2795 462
2796 936
2797 1399
2798 1400
2799 624
2800 704
2801 1401
2802 936
2803 1402
2804 1404
2805 324
2806 744
2807 804
2808 616
2809 1379
2810 846
2811 938
2812 760
2813 735
2814 544
2815 846
2816 1536
2817 628
2818 1410
2819 1410
2820 576
2821 448
2822 756
2823 942
2824 1416
2825 627
2826 632
2827 774
2828 816
2829 504
2830 852
2831 750
2832 960
2833 1417
2834 770
2835 372
2836 1420
2837 1419
2838 528
2839 756
2840 864
2841 948
2842 660
2843 1422
2844 640
2845 855
2846 1424
2847 518
2848 1440
2849 456
2850 440
2851 1426
2852 768
2853 636
2854 1428
2855 858
2856 576
2857 1429
2858 1430
2859 954
2860 504
2861 1431
2862 594
2863 820
2864 1440
2865 576
2866 1434
2867 744
2868 960
2869 760
2870 504
2871 360
2872 1440
2873 711
2874 960
2875 636
2876 1440
2877 552
2878 1440
2879 1440
2880 768
2881 748
2882 792
2883 932
2884 832
2885 867
2886 532
2887 1444
2888 1376
2889 594
2890 822
2891 660
2892 968
2893 792
2894 1448
2895 582
2896 1456
2897 1449
2898 384
2899 784
2900 660
2901 968
2902 1452
2903 1452
2904 896
2905 504
2906 1454
2907 360
2908 1456
2909 1455
2910 588
2911 756
2912 896
2913 972
2914 768
2915 486
2916 1096
2917 1459
2918 1460
2919 560
2920 888
2921 768
2922 976
2923 760
2924 792
2925 308
2926 480
2927 1464
2928 992
2929 765
2930 882
2931 978
2932 1468
2933 840
2934 656
2935 882
2936 1472
2937 540
2938 798
2939 1470
2940 528
2941 783
2942 1472
2943 605
2944 1536
2945 480
2946 984
2947 844
2948 816
2949 984
2950 660
2951 798
2952 672
2953 1477
2954 848
2955 594
2956 1480
2957 1479
2958 540
2959 810
2960 912
2961 384
2962 1482
2963 1482
2964 560
2965 891
2966 1484
2967 528
2968 864
2969 1485
2970 396
2971 1486
2972 1488
2973 992
2974 1488
2975 396
2976 1024
2977 805
2978 1490
2979 664
2980 900
2981 816
2982 576
2983 790
2984 1496
2985 600
2986 1494
2987 780
2988 672
2989 682
2990 504
2991 998
2992 864
2993 777
2994 1000
2995 900
2996 864
2997 589
2998 1500
2999 1500
3000 848
3001 1501
3002 800
3003 336
3004 1504
3005 903
3006 672
3007 784
3008 1536
3009 540
3010 528
3011 1506
3012 1008
3013 792
3014 828
3015 408
3016 840
3017 864
3018 1008
3019 1510
3020 912
3021 540
3022 1512
3023 1512
3024 704
3025 616
3026 810
3027 1010
3028 1516
3029 819
3030 612
3031 868
3032 1520
3033 676
3034 798
3035 912
3036 576
3037 1519
3038 704
3039 1014
3040 960
3041 1521
3042 632
3043 810
3044 1524
3045 360
3046 1524
3047 834
3048 1024
3049 1525
3050 682
3051 627
3052 880
3053 792
3054 1020
3055 504
3056 1536
3057 1020
3058 840
3059 480
3060 432
3061 1531
3062 1532
3063 1022
3064 1536
3065 921
3066 592
3067 1534
3068 840
3069 384
3070 924
3071 798
3072 2048
3073 880
3074 810
3075 462
3076 1540
3077 819
3078 620
3079 1540
3080 576
3081 560
3082 816
3083 1542
3084 1032
3085 927
3086 1544
3087 604
3088 1552
3089 1545
3090 624
3091 846
3092 1548
3093 1032
3094 504
3095 930
3096 704
3097 820
3098 1550
3099 1034
3100 704
3101 888
3102 576
3103 810
3104 1568
3105 396
3106 1554
3107 840
3108 608
3109 1555
3110 936
3111 558
3112 1560
3113 852
3114 696
3115 540
3116 840
3117 1040
3118 1560
3119 1560
3120 672
3121 1561
3122 896
3123 696
3124 864
3125 1303
3126 1044
3127 810
3128 864
3129 600
3130 942
3131 816
3132 660
3133 847
3134 1568
3135 360
3136 1408
3137 1569
3138 1048
3139 814
3140 948
3141 700
3142 1572
3143 900
3144 1056
3145 513
3146 784
3147 1050
3148 1576
3149 816
3150 352
3151 828
3152 1584
3153 1052
3154 840
3155 948
3156 1056
3157 504
3158 1580
3159 644
3160 960
3161 825
3162 576
3163 1582
3164 912
3165 636
3166 1584
3167 1584
3168 768
3169 1585
3170 954
3171 608
3172 868
3173 840
3174 1016
3175 704
3176 1592
3177 708
3178 912
3179 822
3180 648
3181 1591
3182 836
3183 1062
3184 1600
3185 462
3186 660
3187 1594
3188 1596
3189 1064
3190 540
3191 1596
3192 640
3193 832
3194 1598
3195 432
3196 864
3197 840
3198 588
3199 916
3200 1408
3201 588
3202 1602
3203 1602
3204 720
3205 963
3206 920
3207 1070
3208 1608
3209 1605
3210 648
3211 790
3212 888
3213 396
3214 1608
3215 966
3216 1088
3217 1609
3218 1610
3219 570
3220 576
3221 1611
3222 720
3223 882
3224 896
3225 484
3226 1614
3227 924
3228 1080
3229 1615
3230 540
3231 720
3232 1632
3233 837
3234 528
3235 972
3236 1620
3237 588
3238 1620
3239 840
3240 744
3241 928
3242 1622
3243 576
3244 1624
3245 540
3246 1084
3247 864
3248 960
3249 688
3250 742
3251 1626
3252 1088
3253 1627
3254 1628
3255 384
3256 912
3257 1629
3258 728
3259 1630
3260 984
3261 1088
3262 936
3263 882
3264 1152
3265 981
3266 864
3267 616
3268 880
3269 936
3270 660
3271 1636
3272 1640
3273 1092
3274 1638
3275 726
3276 448
3277 855
3278 900
3279 1094
3280 1008
3281 873
3282 1096
3283 748
3284 1644
3285 444
3286 864
3287 870
3288 1104
3289 504
3290 576
3291 1098
3292 1648
3293 855
3294 682
3295 990
3296 1664
3297 632
3298 882
3299 1650
3300 528
3301 1651
3302 896
3303 736
3304 960
3305 993
3306 600
3307 1654
3308 1656
3309 1104
3310 996
3311 528
3312 768
3313 1657
3314 1658
3315 378
3316 1660
3317 864
3318 640
3319 1660
3320 1008
3321 651
3322 912
3323 1662
3324 1112
3325 440
3326 1664
3327 1110
3328 1792
3329 1665
3330 456
3331 1666
3332 792
3333 612
3334 1668
3335 540
3336 1120
3337 864
3338 1670
3339 432
3340 1008
3341 903
3342 1116
3343 1672
3344 960
3345 672
3346 960
3347 1674
3348 704
3349 891
3350 748
3351 1118
3352 1680
3353 960
3354 616
3355 558
3356 1680
3357 748
3358 888
3359 1680
3360 768
3361 1681
3362 1642
3363 600
3364 1628
3365 1011
3366 432
3367 532
3368 1688
3369 1124
3370 1014
3371 1686
3372 1128
3373 1687
3374 968
3375 583
3376 1696
3377 924
3378 1128
3379 880
3380 948
3381 528
3382 900
3383 900
3384 768
3385 1017
3386 1694
3387 1130
3388 896
3389 1695
3390 684
3391 1696
3392 1728
3393 420
3394 1698
3395 588
3396 1136
3397 880
3398 1700
3399 624
3400 792
3401 900
3402 736
3403 882
3404 912
3405 684
3406 924
3407 1704
3408 1152
3409 976
3410 576
3411 760
3412 1708
3413 1707
3414 1140
3415 1026
3416 992
3417 612
3418 1710
3419 924
3420 480
3421 936
3422 900
3423 656
3424 1728
3425 759
3426 1144
3427 900
3428 1716
3429 704
3430 906
3431 888
3432 672
3433 1717
3434 918
3435 690
3436 1720
3437 984
3438 768
3439 910
3440 1056
3441 608
3442 1722
3443 942
3444 672
3445 567
3446 1724
3447 768
3448 1728
3449 1725
3450 528
3451 540
3452 1728
3453 1152
3454 948
3455 1038
3456 1408
3457 1729
3458 560
3459 1154
3460 1044
3461 1731
3462 1156
3463 1732
3464 1736
3465 288
3466 1734
3467 1734
3468 1096
3469 1735
3470 1044
3471 630
3472 1024
3473 912
3474 776
3475 770
3476 960
3477 620
3478 912
3479 792
3480 720
3481 1712
3482 1742
3483 682
3484 952
3485 567
3486 672
3487 954
3488 1760
3489 1164
3490 1050
3491 1746
3492 784
3493 1000
3494 1748
3495 702
3496 960
3497 945
3498 648
3499 1750
3500 848
3501 780
3502 936
3503 912
3504 1184
3505 1053
3506 1754
3507 672
3508 1756
3509 840
3510 462
3511 1756
3512 1760
3513 1172
3514 1008
3515 570
3516 1176
3517 1759
3518 1760
3519 432
3520 1152
3521 1008
3522 1176
3523 952
3524 1764
3525 528
3526 924
3527 1764
3528 704
3529 1765
3530 1062
3531 648
3532 1768
3533 1767
3534 640
3535 612
3536 1008
3537 726
3538 930
3539 1770
3540 720
3541 1771
3542 576
3543 1182
3544 1776
3545 1065
3546 792
3547 1774
3548 1776
3549 632
3550 792
3551 918
3552 1216
3553 540
3554 1778
3555 480
3556 1024
3557 1779
3558 1188
3559 1780
3560 1080
3561 1188
3562 966
3563 1020
3564 744
3565 576
3566 1784
3567 630
3568 1792
3569 924
3570 432
3571 1786
3572 960
3573 796
3574 1788
3575 462
3576 1200
3577 814
3578 1790
3579 1194
3580 1080
3581 1791
3582 800
3583 1792
3584 2048
3585 720
3586 984
3587 954
3588 672
3589 931
3590 1080
3591 440
3592 1800
3593 1797
3594 1200
3595 1080
3596 960
3597 660
3598 1032
3599 930
3600 704
3601 973
3602 1802
3603 1202
3604 972
3605 624
3606 1204
3607 1804
3608 1008
3609 804
3610 1032
3611 948
3612 704
3613 1807
3614 980
3615 726
3616 1824
3617 1809
3618 748
3619 576
3620 1092
3621 648
3622 1812
3623 1812
3624 1216
3625 795
3626 836
3627 448
3628 1816
3629 960
3630 672
3631 1816
3632 1824
3633 696
3634 960
3635 1092
3636 816
3637 1819
3638 972
3639 1214
3640 672
3641 996
3642 1216
3643 1822
3644 1824
3645 822
3646 1824
3647 1044
3648 1280
3649 945
3650 814
3651 1218
3652 1008
3653 987
3654 480
3655 594
3656 1832
3657 648
3658 960
3659 1830
3660 744
3661 1048
3662 1832
3663 456
3664 1840
3665 1101
3666 672
3667 970
3668 1056
3669 1224
3670 1104
3671 1836
3672 792
3673 1837
3674 1008
3675 484
3676 1840
3677 1839
3678 1228
3679 994
3680 1152
3681 820
3682 1056
3683 960
3684 1232
3685 612
3686 980
3687 1230
3688 1848
3689 576
3690 504
3691 1846
3692 1008
3693 1232
3694 1848
3695 1110
3696 768
3697 1849
3698 1808
3699 759
3700 836
3701 1851
3702 1236
3703 1016
3704 1856
3705 420
3706 990
3707 1014
3708 832
3709 1855
3710 648
3711 1238
3712 1920
3713 960
3714 1240
3715 1116
3716 1860
3717 480
3718 948
3719 1860
3720 768
3721 1831
3722 1862
3723 666
3724 880
3725 825
3726 744
3727 1864
3728 1872
3729 684
3730 1122
3731 588
3732 1248
3733 1867
3734 1868
3735 504
3736 1872
3737 969
3738 720
3739 1870
3740 648
3741 660
3742 1872
3743 990
3744 896
3745 648
3746 1874
3747 1250
3748 1876
3749 984
3750 1044
3751 896
3752 1088
3753 770
3754 1878
3755 1128
3756 1256
3757 959
3758 1880
3759 720
3760 1152
3761 1881
3762 480
3763 972
3764 1884
3765 756
3766 1080
3767 1884
3768 1264
3769 1885
3770 630
3771 840
3772 1008
3773 906
3774 684
3775 836
3776 1920
3777 1260
3778 1890
3779 1890
3780 528
3781 1000
3782 992
3783 686
3784 1056
3785 1137
3786 1264
3787 1084
3788 1896
3789 844
3790 1140
3791 1008
3792 1280
3793 1897
3794 1088
3795 432
3796 1036
3797 1899
3798 848
3799 990
3800 880
3801 728
3802 1902
3803 1902
3804 1272
3805 1143
3806 1044
3807 744
3808 1152
3809 1029
3810 768
3811 988
3812 1908
3813 672
3814 1908
3815 660
3816 864
3817 1044
3818 1008
3819 680
3820 1152
3821 1911
3822 616
3823 1912
3824 1920
3825 396
3826 1914
3827 990
3828 720
3829 1096
3830 1152
3831 1278
3832 1920
3833 1917
3834 792
3835 630
3836 1104
3837 1280
3838 1020
3839 1050
3840 1536
3841 1008
3842 1026
3843 496
3844 1864
3845 1155
3846 1284
3847 1924
3848 1064
3849 1284
3850 528
3851 1926
3852 864
3853 1927
3854 1008
3855 774
3856 1936
3857 600
3858 1288
3859 1026
3860 1164
3861 462
3862 1932
3863 1932
3864 768
3865 1161
3866 1934
3867 1290
3868 1936
3869 999
3870 528
3871 880
3872 1792
3873 1292
3874 1050
3875 848
3876 720
3877 1939
3878 1112
3879 864
3880 1176
3881 1941
3882 1296
3883 1062
3884 1944
3885 456
3886 1020
3887 948
3888 1472
3889 1945
3890 1170
3891 1298
3892 1120
3893 1035
3894 720
3895 630
3896 1952
3897 868
3898 1950
3899 1116
3900 616
3901 1008
3902 1952
3903 1302
3904 1984
3905 648
3906 512
3907 1954
3908 1956
3909 1304
3910 648
3911 1956
3912 1312
3913 616
3914 1040
3915 495
3916 1080
3917 1959
3918 1308
3919 1960
3920 1056
3921 1308
3922 1026
3923 1962
3924 880
3925 869
3926 1064
3927 432
3928 1968
3929 1965
3930 792
3931 1966
3932 1968
3933 480
3934 1128
3935 1182
3936 1344
3937 1024
3938 1080
3939 714
3940 1188
3941 1128
3942 814
3943 1972
3944 1080
3945 792
3946 1974
3947 1974
3948 768
3949 1080
3950 880
3951 880
3952 1120
3953 1020
3954 1320
3955 684
3956 1056
3957 1320
3958 1980
3959 1026
3960 576
3961 1053
3962 1136
3963 1322
3964 1984
3965 651
3966 1324
3967 1984
3968 2048
3969 682
3970 1194
3971 1032
3972 1328
3973 1035
3974 1988
3975 594
3976 1152
3977 1029
3978 504
3979 1044
3980 1200
3981 1328
3982 1092
3983 1140
3984 1344
3985 1197
3986 1994
3987 888
3988 1996
3989 1995
3990 480
3991 1078
3992 2000
3993 1222
3994 1998
3995 648
3996 836
3997 1144
3998 2000
3999 704
4000 1696
4001 2001
4002 720
4003 2002
4004 672
4005 540
4006 2004
4007 2004
4008 1344
4009 1060
4010 1206
4011 768
4012 1080
4013 2007
4014 896
4015 666
4016 2016
4017 728
4018 924
4019 2010
4020 816
4021 2011
4022 2012
4023 825
4024 2016
4025 528
4026 744
4027 2014
4028 1080
4029 720
4030 672
4031 1050
4032 1024
4033 1045
4034 2018
4035 810
4036 2020
4037 1104
4038 1348
4039 1156
4040 1224
4041 900
4042 1056
4043 1092
4044 1352
4045 1215
4046 1096
4047 720
4048 1152
4049 2025
4050 682
4051 2026
4052 2028
4053 776
4054 2028
4055 1218
4056 1264
4057 2029
4058 2030
4059 504
4060 720
4061 1056
4062 1356
4063 1080
4064 2048
4065 816
4066 1080
4067 924
4068 912
4069 1099
4070 684
4071 720
4072 2040
4073 2037
4074 784
4075 902
4076 2040
4077 836
4078 2040
4079 2040
4080 864
4081 648
4082 1106
4083 1362
4084 2044
4085 660
4086 912
4087 1054
4088 1184
4089 720
4090 1230
4091 2046
4092 768
4093 2047
4094 1080
4095 336
4096 4096
4097 1089
4098 1368
4099 2050
4100 924
4101 1368
4102 1176
4103 1122
4104 880
4105 1233
4106 2054
4107 1334
4108 1120
4109 1176
4110 828
4111 2056
4112 2064
4113 916
4114 1008
4115 1236
4116 1208
4117 1080
4118 1080
4119 1374
4120 1248
4121 1113
4122 920
4123 640
4124 2064
4125 636
4126 2064
4127 2064
4128 1408
4129 2065
4130 720
4131 828
4132 2068
4133 2067
4134 756
4135 1242
4136 1152
4137 792
4138 2070
4139 2070
4140 576
4141 1071
4142 1100
4143 1382
4144 1216
4145 1245
4146 1384
4147 630
4148 1116
4149 924
4150 924
4151 1188
4152 1392
4153 2077
4154 1088
4155 834
4156 2080
4157 2079
4158 528
4159 2080
4160 1344
4161 740
4162 2082
4163 1092
4164 1392
4165 594
4166 2084
4167 928
4168 2088
4169 1140
4170 840
4171 1078
4172 1200
4173 756
4174 2088
4175 924
4176 960
4177 2089
4178 2090
4179 800
4180 720
4181 1083
4182 756
4183 1080
4184 2096
4185 528
4186 672
4187 1080
4188 1400
4189 1080
4190 1260
4191 768
4192 2112
4193 1200
4194 936
4195 1260
4196 2100
4197 1400
4198 2100
4199 630
4200 704
4201 2101
4202 1152
4203 936
4204 2104
4205 1221
4206 1404
4207 1204
4208 2112
4209 744
4210 1266
4211 2106
4212 868
4213 1152
4214 968
4215 846
4216 1152
4217 2109
4218 760
4219 2110
4220 1272
4221 544
4222 2112
4223 1092
4224 1536
4225 869
4226 2114
4227 1410
4228 1216
4229 2115
4230 576
4231 2116
4232 2032
4233 756
4234 1110
4235 672
4236 1416
4237 1120
4238 1148
4239 869
4240 1296
4241 2121
4242 816
4243 2122
4244 2124
4245 852
4246 1164
4247 1104
4248 960
4249 1216
4250 954
4251 770
4252 2128
4253 2127
4254 1420
4255 684
4256 1280
4257 528
4258 2130
4259 2130
4260 864
4261 2131
4262 2132
4263 660
4264 1176
4265 1281
4266 880
4267 1134
4268 1176
4269 1424
4270 744
4271 2136
4272 1440
4273 2137
4274 2138
4275 440
4276 2140
4277 672
4278 768
4279 1170
4280 1296
4281 1428
4282 2142
4283 2142
4284 576
4285 1287
4286 2144
4287 1430
4288 2176
4289 2145
4290 504
4291 1228
4292 1140
4293 837
4294 1140
4295 1290
4296 1440
4297 2149
4298 1232
4299 1434
4300 968
4301 648
4302 960
4303 1162
4304 2160
4305 504
4306 2154
4307 1110
4308 1440
4309 1120
4310 1296
4311 960
4312 1056
4313 1140
4314 1440
4315 1296
4316 1176
4317 1440
4318 1152
4319 1236
4320 1056
4321 1125
4322 2162
4323 792
4324 1152
4325 957
4326 832
4327 2164
4328 2168
4329 532
4330 1302
4331 1116
4332 1376
4333 1240
4334 1188
4335 822
4336 2176
4337 2169
4338 968
4339 2170
4340 768
4341 1448
4342 1176
4343 1122
4344 1456
4345 720
4346 1134
4347 528
4348 2176
4349 2175
4350 660
4351 1150
4352 2304
4353 1452
4354 1248
4355 714
4356 896
4357 2179
4358 2180
4359 1454
4360 1320
4361 990
4362 1456
4363 2182
4364 2184
4365 588
4366 1140
4367 1194
4368 896
4369 1161
4370 720
4371 768
4372 2188
4373 2187
4374 1642
4375 1044
4376 2192
4377 1460
4378 1200
4379 1140
4380 888
4381 1183
4382 1256
4383 976
4384 2208
4385 1317
4386 792
4387 1134
4388 2196
4389 480
4390 1320
4391 2196
4392 992
4393 1152
4394 2042
4395 882
4396 1264
4397 2199
4398 1468
4399 1134
4400 1056
4401 902
4402 1152
4403 684
4404 1472
4405 1323
4406 2204
4407 798
4408 1200
4409 2205
4410 528
4411 1206
4412 2208
4413 1472
4414 2208
4415 1326
4416 1536
4417 1264
4418 2164
4419 984
4420 756
4421 2211
4422 816
4423 2212
4424 1280
4425 660
4426 2214
4427 1170
4428 924
4429 1144
4430 1332
4431 848
4432 2224
4433 672
4434 1480
4435 1332
4436 2220
4437 540
4438 1272
4439 1164
4440 912
4441 2221
4442 2222
4443 1482
4444 1224
4445 768
4446 560
4447 2224
4448 2240
4449 1484
4450 990
4451 2226
4452 864
4453 1147
4454 1188
4455 558
4456 2232
4457 2229
4458 1488
4459 1057
4460 1344
4461 1488
4462 1176
4463 2232
4464 1024
4465 720
4466 720
4467 1490
4468 2236
4469 1155
4470 900
4471 1188
4472 1232
4473 576
4474 2238
4475 990
4476 1496
4477 1064
4478 2240
4479 1494
4480 1536
4481 2241
4482 924
4483 2242
4484 1200
4485 504
4486 2244
4487 1284
4488 864
4489 2212
4490 1350
4491 1000
4492 2248
4493 2247
4494 864
4495 720
4496 2256
4497 1500
4498 1218
4499 1230
4500 848
4501 1288
4502 2252
4503 800
4504 2256
4505 729
4506 1504
4507 2254
4508 1056
4509 924
4510 756
4511 1218
4512 1536
4513 2257
4514 1178
4515 528
4516 2260
4517 2259
4518 1008
4519 2260
4520 1368
4521 828
4522 720
4523 2262
4524 840
4525 1001
4526 1184
4527 1008
4528 2272
4529 1296
4530 912
4531 1188
4532 1248
4533 1512
4534 2268
4535 1362
4536 992
4537 1225
4538 2270
4539 810
4540 1368
4541 1200
4542 1516
4543 720
4544 2304
4545 612
4546 2274
4547 2274
4548 1520
4549 2275
4550 616
4551 798
4552 2280
4553 1185
4554 576
4555 1368
4556 1224
4557 704
4558 1188
4559 1176
4560 960
4561 2281
4562 2282
4563 869
4564 1312
4565 756
4566 1524
4567 2284
4568 2288
4569 1524
4570 1374
4571 1308
4572 1024
4573 1215
4574 2288
4575 682
4576 1344
4577 1200
4578 880
4579 1210
4580 1380
4581 1020
4582 1200
4583 2292
4584 1536
4585 792
4586 2294
4587 840
4588 1216
4589 1239
4590 594
4591 2296
4592 1344
4593 1532
4594 2298
4595 1380
4596 1536
4597 2299
4598 1120
4599 592
4600 1056
4601 1188
4602 840
4603 2302
4604 2304
4605 924
4606 1056
4607 1224
4608 2048
4609 1260
4610 1386
4611 810
4612 2308
4613 1320
4614 1540
4615 756
4616 2312
4617 920
4618 2310
4619 1200
4620 576
4621 2311
4622 2312
4623 816
4624 2192
4625 1007
4626 1032
4627 1324
4628 1260
4629 1544
4630 1392
4631 1266
4632 1552
4633 1197
4634 1328
4635 624
4636 1240
4637 2319
4638 1548
4639 2320
4640 1440
4641 504
4642 1272
4643 2322
4644 968
4645 1395
4646 1224
4647 1550
4648 1344
4649 2325
4650 704
4651 2326
4652 2328
4653 576
4654 1260
4655 660
4656 1568
4657 2329
4658 1242
4659 1554
4660 1404
4661 1200
4662 608
4663 2332
4664 1296
4665 936
4666 2334
4667 1260
4668 1560
4669 720
4670 1404
4671 957
4672 2368
4673 2337
4674 840
4675 594
4676 1344
4677 1560
4678 2340
4679 2340
4680 672
4681 1216
4682 2342
4683 896
4684 2344
4685 1407
4686 864
4687 1210
4688 2352
4689 1044
4690 816
4691 2346
4692 864
4693 1204
4694 2348
4695 942
4696 2352
4697 744
4698 930
4699 1216
4700 1056
4701 1568
4702 2352
4703 2352
4704 1408
4705 1413
4706 1274
4707 1048
4708 1296
4709 1251
4710 948
4711 1348
4712 1280
4713 1572
4714 2358
4715 756
4716 1056
4717 1215
4718 1352
4719 784
4720 1440
4721 2361
4722 1576
4723 2362
4724 2364
4725 484
4726 1260
4727 1230
4728 1584
4729 2365
4730 792
4731 840
4732 1264
4733 2367
4734 1056
4735 1422
4736 2432
4737 1580
4738 1248
4739 1356
4740 960
4741 1296
4742 2372
4743 576
4744 2376
4745 777
4746 912
4747 1224
4748 2376
4749 1584
4750 1060
4751 2376
4752 1056
4753 1078
4754 2378
4755 954
4756 1260
4757 1224
4758 868
4759 2380
4760 864
4761 1016
4762 2382
4763 1302
4764 1592
4765 1431
4766 2384
4767 912
4768 2400
4769 1260
4770 648
4771 1288
4772 2388
4773 836
4774 768
4775 1056
4776 1600
4777 1269
4778 2390
4779 930
4780 1440
4781 1368
4782 1596
4783 2392
4784 1344
4785 540
4786 2394
4787 2394
4788 640
4789 2395
4790 1440
4791 1598
4792 2400
4793 2397
4794 864
4795 828
4796 1320
4797 588
4798 2400
4799 2400
4800 1408
4801 2401
4802 2102
4803 1602
4804 2404
4805 1398
4806 990
4807 720
4808 2408
4809 920
4810 798
4811 1278
4812 1608
4813 2407
4814 1260
4815 648
4816 1408
4817 2409
4818 888
4819 1240
4820 1452
4821 1608
4822 2412
4823 756
4824 1088
4825 1067
4826 1280
4827 1610
4828 1296
4829 1320
4830 576
4831 2416
4832 2432
4833 990
4834 2418
4835 1452
4836 896
4837 1384
4838 1260
4839 1614
4840 1344
4841 1248
4842 1080
4843 1260
4844 1392
4845 540
4846 2424
4847 1254
4848 1632
4849 1309
4850 1078
4851 528
4852 2428
4853 1272
4854 1620
4855 1458
4856 2432
4857 1620
4858 1392
4859 1254
4860 1104
4861 2431
4862 756
4863 1622
4864 2560
4865 840
4866 1624
4867 1264
4868 2436
4869 1084
4870 1464
4871 2436
4872 960
4873 1332
4874 2438
4875 742
4876 1296
4877 2439
4878 1088
4879 756
4880 1488
4881 1628
4882 2442
4883 1290
4884 912
4885 1467
4886 1400
4887 1001
4888 1344
4889 2445
4890 984
4891 1258
4892 2448
4893 936
4894 2448
4895 810
4896 1152
4897 1260
4898 1280
4899 864
4900 968
4901 1185
4902 880
4903 2452
4904 2456
4905 660
4906 1344
4907 1404
4908 1640
4909 2455
4910 1476
4911 1638
4912 2464
4913 2321
4914 616
4915 1476
4916 2460
4917 900
4918 2460
4919 2460
4920 1008
4921 760
4922 1296
4923 1096
4924 2464
4925 1089
4926 1644
4927 1330
4928 1536
4929 864
4930 810
4931 2466
4932 1104
4933 2467
4934 2468
4935 576
4936 2472
4937 2469
4938 1648
4939 1350
4940 840
4941 961
4942 1416
4943 2472
4944 1664
4945 792
4946 2474
4947 882
4948 2476
4949 1122
4950 528
4951 2476
4952 2480
4953 896
4954 2478
4955 1488
4956 960
4957 2479
4958 1292
4959 600
4960 1536
4961 1176
4962 1656
4963 1420
4964 1332
4965 996
4966 1344
4967 2484
4968 1056
4969 2485
4970 864
4971 1658
4972 1368
4973 2487
4974 1660
4975 1100
4976 2496
4977 640
4978 1320
4979 1344
4980 1008
4981 1323
4982 1296
4983 912
4984 1440
4985 1497
4986 1112
4987 2494
4988 1320
4989 1664
4990 1500
4991 768
4992 1792
4993 2497
4994 1368
4995 627
4996 2500
4997 1320
4998 792
4999 2500
5000 2088
5001 1668
5002 1302
5003 2502
5004 1120
5005 504
5006 2504
5007 1670
5008 2512
5009 2505
5010 1008
5011 2506
5012 1440
5013 1116
5014 1320
5015 810
5016 960
5017 1305
5018 1358
5019 960
5020 1512
5021 2511
5022 992
5023 2512
5024 2528
5025 748
5026 1440
5027 1374
5028 1680
5029 1296
5030 1512
5031 616
5032 1368
5033 1440
5034 1680
5035 810
5036 2520
5037 888
5038 1380
5039 2520
5040 768
5041 2486
5042 2522
5043 1642
5044 1372
5045 1515
5046 1628
5047 1144
5048 2528
5049 594
5050 1122
5051 2526
5052 1688
5053 1312
5054 1376
5055 1014
5056 2560
5057 1365
5058 1128
5059 2530
5060 864
5061 968
5062 2532
5063 1302
5064 1696
5065 1521
5066 1350
5067 1128
5068 1456
5069 1311
5070 948
5071 1386
5072 2544
5073 900
5074 1320
5075 660
5076 1056
5077 2539
5078 2540
5079 1694
5080 1536
5081 2541
5082 896
5083 756
5084 1344
5085 684
5086 2544
5087 2544
5088 1728
5089 1456
5090 1530
5091 1698
5092 1360
5093 1392
5094 1136
5095 1530
5096 1232
5097 1700
5098 2550
5099 2550
5100 792
5101 2551
5102 2552
5103 1096
5104 1440
5105 1533
5106 912
5107 2554
5108 2556
5109 924
5110 888
5111 1350
5112 1152
5113 2557
5114 2558
5115 576
5116 2560
5117 792
5118 1708
5119 2560
5120 3072
5121 1140
5122 1386
5123 1320
5124 992
5125 1113
5126 1404
5127 1710
5128 2568
5129 1344
5130 660
5131 1468
5132 2568
5133 900
5134 1368
5135 840
5136 1728
5137 1404
5138 1472
5139 1144
5140 1548
5141 1323
5142 1716
5143 1330
5144 2576
5145 906
5146 1344
5147 2574
5148 672
5149 1360
5150 1144
5151 918
5152 1536
5153 2577
5154 1720
5155 1548
5156 2580
5157 1056
5158 2580
5159 816
5160 1056
5161 1393
5162 1350
5163 1722
5164 2584
5165 1551
5166 672
5167 2584
5168 1440
5169 1724
5170 864
5171 2586
5172 1728
5173 1480
5174 1400
5175 528
5176 2592
5177 1344
5178 1728
5179 2590
5180 912
5181 948
5182 2592
5183 1332
5184 1984
5185 837
5186 2594
5187 560
5188 2596
5189 2595
5190 1044
5191 1350
5192 1440
5193 1156
5194 1188
5195 1560
5196 1736
5197 2599
5198 1368
5199 1734
5200 1232
5201 1488
5202 1096
5203 1232
5204 2604
5205 1044
5206 1380
5207 1344
5208 1024
5209 2605
5210 1566
5211 1067
5212 2608
5213 1407
5214 960
5215 900
5216 2624
5217 912
5218 2610
5219 1386
5220 720
5221 1368
5222 1496
5223 1742
5224 2616
5225 660
5226 952
5227 2614
5228 2616
5229 672
5230 1572
5231 2616
5232 1760
5233 2617
5234 2618
5235 1050
5236 864
5237 2619
5238 1078
5239 1264
5240 1584
5241 1748
5242 2622
5243 1188
5244 960
5245 1575
5246 1364
5247 648
5248 2688
5249 1365
5250 848
5251 1350
5252 1428
5253 936
5254 1368
5255 1578
5256 1184
5257 1504
5258 1440
5259 1754
5260 1584
5261 2631
5262 1756
5263 1390
5264 1536
5265 651
5266 2634
5267 1380
5268 1760
5269 1440
5270 864
5271 1008
5272 2640
5273 2637
5274 1176
5275 1166
5276 2640
5277 1760
5278 840
5279 2640
5280 1152
5281 2641
5282 1400
5283 1176
5284 2644
5285 912
5286 1764
5287 1404
5288 2648
5289 924
5290 1524
5291 798
5292 968
5293 1360
5294 2648
5295 1062
5296 2656
5297 2649
5298 1768
5299 1516
5300 1188
5301 640
5302 1452
5303 2652
5304 1008
5305 1593
5306 1520
5307 930
5308 2656
5309 2655
5310 720
5311 1368
5312 2688
5313 576
5314 2658
5315 1596
5316 1776
5317 1435
5318 2660
5319 1089
5320 960
5321 1413
5322 1776
5323 2662
5324 2444
5325 792
5326 2664
5327 1524
5328 1216
5329 2629
5330 882
5331 1778
5332 1408
5333 2667
5334 1024
5335 882
5336 1440
5337 1188
5338 1422
5339 1410
5340 1080
5341 1210
5342 2672
5343 966
5344 2688
5345 1605
5346 1104
5347 2674
5348 1536
5349 1784
5350 1188
5351 2676
5352 1792
5353 1377
5354 2678
5355 432
5356 1456
5357 1464
5358 960
5359 1404
5360 1632
5361 1788
5362 1536
5363 1392
5364 1200
5365 855
5366 2684
5367 1790
5368 1488
5369 840
5370 1080
5371 1386
5372 1440
5373 1100
5374 2688
5375 1166
5376 2048
5377 1420
5378 2690
5379 984
5380 1620
5381 2691
5382 672
5383 1540
5384 2696
5385 1080
5386 2694
5387 2694
5388 1800
5389 1431
5390 792
5391 1200
5392 2704
5393 2697
5394 960
5395 882
5396 1440
5397 1032
5398 2700
5399 2700
5400 968
5401 1476
5402 1406
5403 1802
5404 1552
5405 864
5406 972
5407 2704
5408 2528
5409 1204
5410 1626
5411 1548
5412 1008
5413 2707
5414 2708
5415 1032
5416 2712
5417 2709
5418 704
5419 2710
5420 1632
5421 980
5422 2712
5423 810
5424 1824
5425 704
5426 2714
5427 1054
5428 1440
5429 1395
5430 1092
5431 2716
5432 1568
5433 1812
5434 840
5435 1632
5436 1216
5437 2719
5438 2720
5439 836
5440 1728
5441 2721
5442 1816
5443 2722
5444 2724
5445 672
5446 1560
5447 1470
5448 1824
5449 2725
5450 1210
5451 960
5452 1440
5453 840
5454 1122
5455 1638
5456 1536
5457 972
5458 2730
5459 1404
5460 672
5461 1408
5462 2732
5463 1216
5464 2736
5465 1641
5466 1824
5467 864
5468 2736
5469 1824
5470 1644
5471 2736
5472 1280
5473 1477
5474 864
5475 814
5476 2668
5477 2739
5478 1008
5479 2740
5480 1656
5481 660
5482 2742
5483 2742
5484 1832
5485 1647
5486 1484
5487 960
5488 2416
5489 1500
5490 744
5491 1370
5492 2748
5493 1832
5494 1428
5495 948
5496 1840
5497 1440
5498 2750
5499 672
5500 1272
5501 2751
5502 1056
5503 2752
5504 2816
5505 1104
5506 2754
5507 2754
5508 1116
5509 1576
5510 900
5511 1008
5512 1512
5513 1425
5514 1840
5515 1656
5516 1584
5517 1228
5518 1440
5519 2760
5520 1152
5521 2761
5522 1512
5523 1056
5524 2764
5525 693
5526 1232
5527 2764
5528 2768
5529 980
5530 960
5531 2766
5532 1848
5533 1512
5534 2768
5535 693
5536 2784
5537 1254
5538 1008
5539 1440
5540 1668
5541 1848
5542 1476
5543 1452
5544 768
5545 1665
5546 1440
5547 1808
5548 1480
5549 1440
5550 836
5551 868
5552 2784
5553 1236
5554 2778
5555 918
5556 1856
5557 2779
5558 1592
5559 990
5560 1680
5561 1428
5562 1144
5563 2782
5564 1512
5565 648
5566 1344
5567 1470
5568 1920
5569 2785
5570 1674
5571 1240
5572 1600
5573 2787
5574 1860
5575 1232
5576 1512
5577 948
5578 2790
5579 1596
5580 768
5581 2791
5582 2792
5583 1862
5584 2800
5585 1677
5586 880
5587 1444
5588 1536
5589 1104
5590 924
5591 2796
5592 1872
5593 864
5594 2798
5595 1122
5596 2800
5597 1455
5598 1248
5599 1530
5600 1408
5601 1868
5602 2802
5603 1512
5604 1872
5605 900
5606 2804
5607 720
5608 2808
5609 1440
5610 648
5611 1456
5612 1488
5613 1872
5614 1608
5615 1686
5616 1232
5617 1449
5618 2758
5619 1874
5620 1692
5621 888
5622 1876
5623 2812
5624 1520
5625 1044
5626 1470
5627 1494
5628 1088
5629 1519
5630 1692
5631 1878
5632 3072
5633 1452
5634 1256
5635 792
5636 2820
5637 1880
5638 2820
5639 2820
5640 1152
5641 2821
5642 896
5643 660
5644 1512
5645 1695
5646 1884
5647 2824
5648 2832
5649 1080
5650 1254
5651 2826
5652 1264
5653 2827
5654 1548
5655 630
5656 1632
5657 2829
5658 1008
5659 2830
5660 1704
5661 684
5662 1500
5663 1620
5664 1920
5665 936
5666 2834
5667 1890
5668 1540
5669 2835
5670 744
5671 1458
5672 2840
5673 992
5674 2838
5675 1254
5676 1056
5677 1624
5678 1512
5679 1264
5680 1728
5681 840
5682 1896
5683 2842
5684 1320
5685 1140
5686 2844
5687 1344
5688 1280
5689 2845
5690 1710
5691 1088
5692 2848
5693 2847
5694 1036
5695 918
5696 2880
5697 1166
5698 912
5699 1470
5700 880
5701 2851
5702 2852
5703 1902
5704 1536
5705 984
5706 1272
5707 1540
5708 2856
5709 1044
5710 1716
5711 2856
5712 1152
5713 1485
5714 2858
5715 768
5716 2860
5717 2859
5718 1908
5719 880
5720 1008
5721 1908
5722 2862
5723 1470
5724 1188
5725 1265
5726 1640
5727 1008
5728 2880
5729 1521
5730 1152
5731 1566
5732 2868
5733 616
5734 1488
5735 912
5736 1920
5737 2869
5738 1520
5739 1914
5740 1008
5741 2871
5742 720
5743 2872
5744 2880
5745 1152
5746 1422
5747 1644
5748 1920
5749 2875
5750 1272
5751 1116
5752 2880
5753 1572
5754 1104
5755 1728
5756 2880
5757 1020
5758 2880
5759 1554
5760 1536
5761 1648
5762 1496
5763 1026
5764 1584
5765 1731
5766 1864
5767 1480
5768 1664
5769 1284
5770 1734
5771 1500
5772 1064
5773 1512
5774 2888
5775 528
5776 2752
5777 1485
5778 1188
5779 2890
5780 1644
5781 1008
5782 1320
5783 2892
5784 1936
5785 945
5786 1584
5787 1288
5788 2896
5789 1656
5790 1164
5791 2896
5792 2912
5793 1932
5794 2898
5795 930
5796 768
5797 864
5798 1568
5799 1934
5800 1320
5801 2901
5802 1936
5803 1660
5804 2904
5805 726
5806 2904
5807 2904
5808 1792
5809 1501
5810 1008
5811 1050
5812 2908
5813 2907
5814 720
5815 1746
5816 2912
5817 1112
5818 2910
5819 1524
5820 1176
5821 2911
5822 1512
5823 1296
5824 1792
5825 1287
5826 1944
5827 2914
5828 1536
5829 1020
5830 972
5831 1359
5832 2192
5833 1540
5834 2918
5835 1170
5836 2920
5837 1575
5838 1120
5839 2920
5840 1776
5841 720
5842 1536
5843 2922
5844 1952
5845 1008
5846 1520
5847 1950
5848 1584
5849 2925
5850 616
5851 2926
5852 960
5853 1952
5854 2928
5855 1758
5856 1984
5857 2929
5858 1530
5859 704
5860 1764
5861 2931
5862 1956
5863 882
5864 2936
5865 648
5866 1680
5867 2934
5868 1312
5869 2935
5870 1764
5871 1040
5872 2944
5873 1680
5874 1080
5875 1272
5876 1596
5877 1308
5878 2940
5879 2940
5880 1056
5881 2941
5882 1566
5883 1026
5884 2944
5885 972
5886 1210
5887 1628
5888 3072
5889 1064
5890 960
5891 1518
5892 1968
5893 1512
5894 1688
5895 792
5896 1632
5897 2949
5898 1968
5899 1566
5900 1320
5901 1128
5902 1596
5903 2952
5904 1344
5905 1773
5906 2954
5907 1080
5908 1696
5909 1560
5910 1188
5911 1548
5912 2960
5913 1147
5914 2958
5915 948
5916 1080
5917 1519
5918 1620
5919 1974
5920 1824
5921 1536
5922 768
5923 2962
5924 2964
5925 880
5926 2964
5927 2964
5928 1120
5929 1232
5930 1782
5931 1320
5932 2968
5933 1575
5934 1056
5935 1782
5936 1728
5937 1980
5938 2970
5939 2970
5940 792
5941 1603
5942 2972
5943 1136
5944 2976
5945 945
5946 1984
5947 1570
5948 2976
5949 1324
5950 792
5951 1626
5952 2048
5953 2977
5954 1610
5955 1194
5956 2980
5957 912
5958 1328
5959 1530
5960 1800
5961 1988
5962 1632
5963 1530
5964 1152
5965 1791
5966 1580
5967 693
5968 2992
5969 1536
5970 1200
5971 1708
5972 2988
5973 1092
5974 1560
5975 1320
5976 1344
5977 1540
5978 1364
5979 1994
5980 1008
5981 2991
5982 1996
5983 1552
5984 1728
5985 480
5986 1554
5987 2994
5988 2000
5989 1539
5990 1800
5991 1998
5992 1728
5993 1617
5994 1178
5995 990
5996 3000
5997 2000
5998 3000
5999 1716
6000 1696
6001 1593
6002 3002
6003 720
6004 1600
6005 1803
6006 672
6007 3004
6008 3008
6009 2004
6010 1806
6011 3006
6012 1344
6013 1720
6014 1568
6015 1206
6016 3072
6017 1644
6018 1080
6019 1624
6020 1056
6021 1232
6022 3012
6023 1590
6024 2016
6025 1331
6026 1584
6027 924
6028 1656
6029 3015
6030 816
6031 1558
6032 1680
6033 2012
6034 1728
6035 972
6036 2016
6037 3019
6038 3020
6039 744
6040 1824
6041 1728
6042 1080
6043 3022
6044 3024
6045 672
6046 3024
6047 3024
6048 1408
6049 1584
6050 1232
6051 2018
6052 1620
6053 3027
6054 2020
6055 1044
6056 3032
6057 1348
6058 1638
6059 1554
6060 1224
6061 900
6062 1736
6063 1056
6064 3040
6065 1821
6066 1352
6067 3034
6068 1596
6069 1096
6070 1824
6071 1638
6072 1152
6073 3037
6074 3038
6075 1012
6076 1408
6077 1560
6078 2028
6079 3040
6080 1920
6081 2028
6082 3042
6083 960
6084 1264
6085 1827
6086 1620
6087 2030
6088 3048
6089 3045
6090 720
6091 3046
6092 3048
6093 1356
6094 1668
6095 972
6096 2048
6097 952
6098 3050
6099 1080
6100 1364
6101 3051
6102 1254
6103 1620
6104 1760
6105 684
6106 1584
6107 1584
6108 2040
6109 1575
6110 1008
6111 784
6112 3072
6113 3057
6114 2040
6115 1836
6116 1680
6117 2040
6118 960
6119 1590
6120 864
6121 3061
6122 3062
6123 1106
6124 3064
6125 1166
6126 2044
6127 1674
6128 3072
6129 1254
6130 1842
6131 3066
6132 1184
6133 3067
6134 3068
6135 1230
6136 1680
6137 1548
6138 768
6139 1756
6140 1848
6141 1080
6142 1596
6143 3072
6144 4096
6145 1845
6146 1760
6147 1368
6148 1620
6149 924
6150 924
6151 3076
6152 3080
6153 1176
6154 1638
6155 1848
6156 1240
6157 1584
6158 3080
6159 2054
6160 1152
6161 1581
6162 1120
6163 3082
6164 1632
6165 828
6166 3084
6167 1764
6168 2064
6169 1600
6170 1854
6171 1008
6172 3088
6173 3087
6174 1208
6175 770
6176 3104
6177 1080
6178 3090
6179 1596
6180 1248
6181 1768
6182 1692
6183 1265
6184 3096
6185 1857
6186 2064
6187 1620
6188 1008
6189 2064
6190 1860
6191 1596
6192 1408
6193 1692
6194 1640
6195 720
6196 3100
6197 3099
6198 2068
6199 3100
6200 1408
6201 756
6202 1776
6203 3102
6204 1152
6205 999
6206 1620
6207 2070
6208 3136
6209 1776
6210 792
6211 3106
6212 3108
6213 1100
6214 1680
6215 1026
6216 1216
6217 3109
6218 3110
6219 1384
6220 1872
6221 3111
6222 1116
6223 1408
6224 3120
6225 924
6226 1704
6227 1680
6228 1392
6229 3115
6230 1080
6231 1088
6232 1680
6233 1632
6234 2080
6235 990
6236 3120
6237 744
6238 3120
6239 1656
6240 1344
6241 3082
6242 3122
6243 2082
6244 1792
6245 1875
6246 1392
6247 3124
6248 1728
6249 2084
6250 2606
6251 960
6252 2088
6253 1501
6254 1620
6255 840
6256 1728
6257 3129
6258 1200
6259 1710
6260 1884
6261 2088
6262 1632
6263 3132
6264 1320
6265 1080
6266 1694
6267 2090
6268 3136
6269 3135
6270 720
6271 3136
6272 2816
6273 756
6274 3138
6275 1386
6276 2096
6277 3139
6278 1628
6279 672
6280 1896
6281 1716
6282 1400
6283 1612
6284 3144
6285 1260
6286 1800
6287 3144
6288 2112
6289 1660
6290 1026
6291 1287
6292 1568
6293 960
6294 2100
6295 1890
6296 3152
6297 2100
6298 1632
6299 3150
6300 704
6301 3151
6302 1656
6303 1152
6304 3168
6305 1029
6306 2104
6307 972
6308 1680
6309 1404
6310 1896
6311 3156
6312 2112
6313 1620
6314 1008
6315 1266
6316 3160
6317 3159
6318 1288
6319 1620
6320 1920
6321 968
6322 1650
6323 3162
6324 1152
6325 792
6326 3164
6327 760
6328 1824
6329 3165
6330 1272
6331 1708
6332 3168
6333 2112
6334 3168
6335 1092
6336 1536
6337 3169
6338 3170
6339 2114
6340 1908
6341 1683
6342 1216
6343 3172
6344 1736
6345 792
6346 1680
6347 1734
6348 2032
6349 1816
6350 1408
6351 1110
6352 3184
6353 3177
6354 1416
6355 1008
6356 1824
6357 1148
6358 1644
6359 3180
6360 1296
6361 3181
6362 3182
6363 816
6364 1672
6365 1020
6366 2124
6367 3184
6368 3200
6369 1164
6370 924
6371 1668
6372 1320
6373 3187
6374 3188
6375 954
6376 3192
6377 1824
6378 2128
6379 3190
6380 1080
6381 1420
6382 3192
6383 1722
6384 1280
6385 1917
6386 1664
6387 2130
6388 3196
6389 3195
6390 864
6391 1008
6392 1728
6393 2132
6394 1680
6395 1920
6396 1176
6397 3199
6398 1832
6399 1240
6400 2816
6401 1653
6402 1176
6403 1690
6404 3204
6405 744
6406 3204
6407 1650
6408 1440
6409 945
6410 1926
6411 2138
6412 1840
6413 1512
6414 2140
6415 1926
6416 3216
6417 768
6418 3210
6419 1452
6420 1296
6421 3211
6422 1580
6423 2142
6424 1776
6425 1419
6426 792
6427 3214
6428 3216
6429 2144
6430 1932
6431 1650
6432 2176
6433 1840
6434 3218
6435 504
6436 3220
6437 1659
6438 1140
6439 1656
6440 1152
6441 1140
6442 3222
6443 1710
6444 1440
6445 1935
6446 1764
6447 1232
6448 1792
6449 3225
6450 968
6451 3226
6452 3228
6453 1320
6454 1848
6455 1938
6456 2160
6457 1764
6458 3230
6459 2154
6460 1080
6461 1008
6462 1440
6463 1692
6464 3264
6465 1296
6466 1674
6467 1680
6468 1056
6469 3235
6470 1944
6471 1440
6472 3240
6473 3237
6474 1176
6475 836
6476 3240
6477 1152
6478 1680
6479 960
6480 1488
6481 3241
6482 1856
6483 2162
6484 3244
6485 1947
6486 1152
6487 1750
6488 3248
6489 832
6490 1080
6491 3246
6492 2168
6493 1672
6494 1728
6495 1302
6496 1920
6497 1665
6498 1376
6499 1666
6500 1484
6501 1188
6502 3252
6503 1860
6504 2176
6505 1953
6506 3254
6507 1331
6508 3256
6509 1704
6510 768
6511 1728
6512 1824
6513 1176
6514 3258
6515 1956
6516 1456
6517 1510
6518 3260
6519 1134
6520 1968
6521 3261
6522 2176
6523 1782
6524 1872
6525 660
6526 1764
6527 1674
6528 2304
6529 3265
6530 1962
6531 1248
6532 1728
6533 1680
6534 1232
6535 1962
6536 1760
6537 2180
6538 1872
6539 1764
6540 1320
6541 1696
6542 3272
6543 1456
6544 3280
6545 648
6546 2184
6547 3274
6548 3276
6549 1140
6550 1452
6551 3276
6552 896
6553 3277
6554 1710
6555 720
6556 1800
6557 1680
6558 2188
6559 1876
6560 2016
6561 2461
6562 1746
6563 3282
6564 2192
6565 1071
6566 1496
6567 1200
6568 3288
6569 3285
6570 888
6571 3286
6572 1728
6573 1256
6574 1740
6575 1452
6576 2208
6577 3289
6578 1008
6579 792
6580 1152
6581 3291
6582 2196
6583 1710
6584 3296
6585 1320
6586 1710
6587 1884
6588 1364
6589 1800
6590 1980
6591 2042
6592 3328
6593 1740
6594 1264
6595 1980
6596 1764
6597 1468
6598 3300
6599 3300
6600 1056
6601 1008
6602 3302
6603 1152
6604 1792
6605 1983
6606 1472
6607 3304
6608 1920
6609 2204
6610 1986
6611 1806
6612 1200
6613 1755
6614 3308
6615 726
6616 3312
6617 1785
6618 2208
6619 3310
6620 1992
6621 2208
6622 1056
6623 1710
6624 1536
6625 1431
6626 3314
6627 2164
6628 3316
6629 1896
6630 756
6631 1750
6632 3320
6633 816
6634 1728
6635 1992
6636 1280
6637 3319
6638 3320
6639 2214
6640 2016
6641 1725
6642 1302
6643 1036
6644 1824
6645 1332
6646 3324
6647 1644
6648 2224
6649 1705
6650 880
6651 1480
6652 3328
6653 3327
6654 2220
6655 1833
6656 3584
6657 1272
6658 3330
6659 3330
6660 912
6661 3331
6662 3332
6663 2222
6664 1584
6665 1056
6666 1224
6667 1710
6668 3336
6669 770
6670 1080
6671 1908
6672 2240
6673 3337
6674 1728
6675 990
6676 3340
6677 1824
6678 864
6679 3340
6680 2016
6681 1188
6682 1806
6683 1722
6684 2232
6685 1152
6686 3344
6687 1488
6688 1920
6689 3345
6690 1344
6691 3346
6692 1920
6693 1176
6694 3348
6695 1092
6696 1408
6697 1729
6698 1782
6699 720
6700 1496
6701 3351
6702 2236
6703 3352
6704 3360
6705 900
6706 1920
6707 1770
6708 1232
6709 3355
6710 1116
6711 2238
6712 3360
6713 1518
6714 1496
6715 1080
6716 1776
6717 2240
6718 3360
6719 3360
6720 1536
6721 1008
6722 3362
6723 1302
6724 3284
6725 1485
6726 1200
6727 1864
6728 3256
6729 2244
6730 2022
6731 1728
6732 864
6733 3367
6734 1064
6735 1350
6736 3376
6737 3369
6738 2248
6739 1764
6740 2028
6741 864
6742 3372
6743 1842
6744 2256
6745 1080
6746 3374
6747 1218
6748 1936
6749 1791
6750 1166
6751 1738
6752 3392
6753 2252
6754 1848
6755 1164
6756 2256
6757 1755
6758 1760
6759 1504
6760 1896
6761 3381
6762 1056
6763 3382
6764 1800
6765 756
6766 1800
6767 1734
6768 1536
6769 1936
6770 2034
6771 1178
6772 3388
6773 1827
6774 2260
6775 1496
6776 1792
6777 1386
6778 3390
6779 3390
6780 1368
6781 3391
6782 3392
6783 720
6784 3456
6785 1080
6786 840
6787 1854
6788 3396
6789 1184
6790 1176
6791 3396
6792 2272
6793 3397
6794 1760
6795 912
6796 3400
6797 1944
6798 1248
6799 1834
6800 1584
6801 2268
6802 1800
6803 3402
6804 1472
6805 2043
6806 1764
6807 2270
6808 1824
6809 1860
6810 1368
6811 1540
6812 1848
6813 1516
6814 3408
6815 1080
6816 2304
6817 1809
6818 1952
6819 2274
6820 1152
6821 1800
6822 1520
6823 3412
6824 3416
6825 616
6826 3414
6827 3414
6828 2280
6829 3415
6830 2052
6831 792
6832 1984
6833 3417
6834 1224
6835 2052
6836 3420
6837 1188
6838 1848
6839 1956
6840 960
6841 3421
6842 1872
6843 2282
6844 1800
6845 2001
6846 1312
6847 1764
6848 3456
6849 1524
6850 1518
6851 1008
6852 2288
6853 1080
6854 1800
6855 1374
6856 3432
6857 3429
6858 1408
6859 3259
6860 1812
6861 2288
6862 1776
6863 3432
6864 1344
6865 2061
6866 3434
6867 880
6868 1836
6869 3435
6870 1380
6871 3436
6872 3440
6873 1200
6874 1968
6875 1566
6876 1536
6877 1778
6878 1820
6879 2294
6880 2112
6881 1968
6882 1216
6883 3442
6884 3444
6885 837
6886 1884
6887 1764
6888 1344
6889 3404
6890 1134
6891 2298
6892 3448
6893 1767
6894 1536
6895 1188
6896 3456
6897 1120
6898 3450
6899 3450
6900 1056
6901 1768
6902 1080
6903 840
6904 3456
6905 2073
6906 2304
6907 3454
6908 1896
6909 1056
6910 2076
6911 3456
6912 2816
6913 1792
6914 3458
6915 1386
6916 1120
6917 3459
6918 2308
6919 1026
6920 2088
6921 1540
6922 3462
6923 1056
6924 2312
6925 1529
6926 3464
6927 2310
6928 3472
6929 1659
6930 576
6931 1800
6932 3468
6933 2312
6934 3468
6935 1110
6936 2192
6937 1984
6938 3470
6939 1419
6940 2088
6941 1896
6942 1260
6943 1782
6944 2048
6945 1392
6946 1824
6947 3474
6948 1552
6949 3475
6950 1540
6951 1328
6952 1920
6953 1845
6954 1240
6955 1134
6956 1824
6957 1548
6958 1584
6959 3480
6960 1440
6961 3481
6962 3424
6963 1272
6964 3484
6965 1200
6966 1364
6967 3484
6968 1904
6969 1224
6970 1134
6971 3486
6972 1344
6973 1840
6974 1908
6975 704
6976 3520
6977 3489
6978 2328
6979 1996
6980 2100
6981 1260
6982 3492
6983 3492
6984 1568
6985 1152
6986 2000
6987 1242
6988 3496
6989 1815
6990 1404
6991 3496
6992 1920
6993 836
6994 1890
6995 2100
6996 1296
6997 3499
6998 3500
6999 2334
7000 1696
7001 3501
7002 1560
7003 1800
7004 1872
7005 1404
7006 1824
7007 924
7008 2368
7009 1804
7010 2106
7011 840
7012 3508
7013 3507
7014 1344
7015 1116
7016 3512
7017 2340
7018 1680
7019 3510
7020 924
7021 1080
7022 3512
7023 2342
7024 3520
7025 1551
7026 2344
7027 3514
7028 2016
7029 864
7030 1140
7031 1800
7032 2352
7033 1897
7034 3518
7035 816
7036 3520
7037 1824
7038 864
7039 3520
7040 2304
7041 2348
7042 2016
7043 3522
7044 2352
7045 2115
7046 1904
7047 1380
7048 3528
7049 1080
7050 1056
7051 1926
7052 1848
7053 2352
7054 3528
7055 1134
7056 1408
7057 3529
7058 3530
7059 1274
7060 2124
7061 1848
7062 1296
7063 2020
7064 3536
7065 948
7066 3534
7067 1824
7068 1280
7069 3535
7070 1224
7071 2358
7072 2016
7073 1932
7074 1452
7075 1562
7076 1860
7077 1352
7078 3540
7079 3540
7080 1440
7081 1813
7082 3542
7083 1576
7084 1152
7085 1155
7086 2364
7087 1870
7088 3552
7089 1260
7090 2130
7091 2028
7092 1584
7093 1827
7094 3548
7095 792
7096 3552
7097 1824
7098 1264
7099 1840
7100 1584
7101 1452
7102 1836
7103 3552
7104 2432
7105 990
7106 1080
7107 1248
7108 3556
7109 3555
7110 960
7111 1918
7112 2048
7113 2372
7114 3558
7115 2136
7116 2376
7117 1944
7118 3560
7119 912
7120 2160
7121 3561
7122 2376
7123 1890
7124 1932
7125 1060
7126 2040
7127 3564
7128 1488
7129 3565
7130 1152
7131 2378
7132 3568
7133 2040
7134 1260
7135 2142
7136 3584
7137 868
7138 1848
7139 1680
7140 864
7141 1843
7142 3572
7143 2382
7144 1920
7145 2145
7146 1592
7147 2044
7148 3576
7149 2384
7150 924
7151 3576
7152 2400
7153 1872
7154 1628
7155 891
7156 3580
7157 1899
7158 2388
7159 3580
7160 2160
7161 768
7162 3582
7163 1050
7164 1600
7165 2151
7166 3584
7167 2390
7168 4096
7169 1836
7170 1440
7171 1836
7172 1968
7173 1596
7174 1908
7175 924
7176 1344
7177 3589
7178 1862
7179 2394
7180 2160
7181 1848
7182 880
7183 1962
7184 3600
7185 1440
7186 3594
7187 3594
7188 2400
7189 1120
7190 2160
7191 864
7192 1920
7193 3597
7194 1320
7195 2160
7196 2064
7197 2400
7198 1860
7199 1884
7200 1408
7201 1900
7202 1946
7203 2102
7204 3604
7205 1188
7206 2404
7207 3604
7208 1944
7209 1395
7210 1248
7211 3606
7212 2408
7213 3607
7214 3608
7215 798
7216 2016
7217 2064
7218 1608
7219 3610
7220 2064
7221 1260
7222 1896
7223 1872
7224 1408
7225 1507
7226 3614
7227 888
7228 1960
7229 3615
7230 1452
7231 2068
7232 3648
7233 2412
7234 3618
7235 2172
7236 1496
7237 3619
7238 1152
7239 1280
7240 2184
7241 1953
7242 1296
7243 3622
7244 3624
7245 576
7246 3624
7247 3624
7248 2432
7249 1980
7250 1590
7251 2418
7252 1672
7253 3627
7254 896
7255 2178
7256 3632
7257 1260
7258 1920
7259 1116
7260 1344
7261 1863
7262 3632
7263 1485
7264 3648
7265 2181
7266 1392
7267 1738
7268 1920
7269 2424
7270 2184
7271 1986
7272 1632
7273 2080
7274 3638
7275 1078
7276 1944
7277 1920
7278 2428
7279 1890
7280 1344
7281 1620
7282 1992
7283 3642
7284 2432
7285 1152
7286 3644
7287 1392
7288 3648
7289 1881
7290 1644
7291 1908
7292 3648
7293 756
7294 2088
7295 2190
7296 2560
7297 3649
7298 1890
7299 1624
7300 1628
7301 1650
7302 2436
7303 1870
7304 2016
7305 1464
7306 1974
7307 3654
7308 960
7309 3655
7310 1188
7311 2438
7312 3664
7313 1872
7314 1296
7315 720
7316 1920
7317 1496
7318 3660
7319 1974
7320 1488
7321 3661
7322 2096
7323 2442
7324 3664
7325 1617
7326 912
7327 1944
7328 3680
7329 1400
7330 2202
7331 3666
7332 1344
7333 3667
7334 1940
7335 984
7336 2112
7337 1080
7338 2448
7339 1890
7340 2208
7341 2448
7342 3672
7343 2100
7344 1584
7345 1197
7346 3674
7347 1280
7348 2016
7349 3675
7350 968
7351 3676
7352 3680
7353 880
7354 3678
7355 2208
7356 2456
7357 2104
7358 1988
7359 1344
7360 2304
7361 1953
7362 1640
7363 1900
7364 2112
7365 1476
7366 1920
7367 1890
7368 2464
7369 3685
7370 1224
7371 868
7372 1960
7373 1887
7374 2460
7375 1590
7376 3696
7377 2460
7378 1152
7379 1896
7380 1008
7381 1736
7382 3692
7383 1296
7384 2016
7385 1272
7386 2464
7387 1890
7388 3696
7389 1644
7390 2220
7391 1950
7392 1536
7393 3697
7394 3698
7395 810
7396 3616
7397 1995
7398 1518
7399 1672
7400 1672
7401 2468
7402 3702
7403 2022
7404 2472
7405 2223
7406 2032
7407 1648
7408 3712
7409 1920
7410 840
7411 3706
7412 1980
7413 1416
7414 2028
7415 2226
7416 1664
7417 3709
7418 3710
7419 2474
7420 1296
7421 1911
7422 2476
7423 2002
7424 3840
7425 726
7426 1920
7427 2124
7428 2480
7429 1080
7430 2232
7431 2478
7432 3720
7433 3717
7434 960
7435 2232
7436 1896
7437 1292
7438 3720
7439 1914
7440 1536
7441 2128
7442 3662
7443 1656
7444 3724
7445 2235
7446 1332
7447 2034
7448 1760
7449 1344
7450 1650
7451 3726
7452 1488
7453 1935
7454 3728
7455 864
7456 3744
7457 3729
7458 1368
7459 3730
7460 2244
7461 1660
7462 1176
7463 1980
7464 2496
7465 2241
7466 3734
7467 1320
7468 3736
7469 1176
7470 1008
7471 1936
7472 3744
7473 1296
7474 1938
7475 924
7476 1440
7477 3739
7478 3740
7479 1529
7480 1296
7481 3741
7482 1320
7483 2140
7484 3744
7485 1500
7486 1980
7487 3744
7488 1792
7489 3745
7490 1296
7491 1368
7492 3748
7493 1920
7494 2500
7495 2250
7496 3752
7497 792
7498 1968
7499 3750
7500 2088
7501 2023
7502 1792
7503 1302
7504 2176
7505 1200
7506 1540
7507 3754
7508 3756
7509 2504
7510 2256
7511 1140
7512 2512
7513 2052
7514 1918
7515 1008
7516 3760
7517 3759
7518 1440
7519 1924
7520 2304
7521 1320
7522 3762
7523 3762
7524 960
7525 968
7526 1944
7527 1358
7528 3768
7529 3765
7530 1512
7531 1998
7532 2160
7533 1472
7534 3768
7535 1242
7536 2528
7537 3769
7538 3770
7539 1440
7540 1260
7541 3771
7542 1680
7543 1990
7544 2016
7545 1512
7546 1812
7547 3774
7548 1368
7549 3775
7550 1672
7551 1680
7552 3840
7553 1176
7554 2520
7555 2268
7556 3780
7557 1380
7558 3780
7559 3780
7560 1056
7561 3781
7562 2000
7563 2522
7564 1984
7565 1215
7566 1372
7567 1152
7568 2112
7569 1628
7570 2274
7571 1938
7572 2528
7573 3787
7574 2168
7575 1122
7576 3792
7577 3789
7578 1688
7579 1134
7580 2280
7581 1376
7582 2016
7583 3792
7584 2560
7585 1197
7586 3794
7587 1551
7588 2176
7589 3795
7590 864
7591 3796
7592 2072
7593 2532
7594 3798
7595 1056
7596 1696
7597 1944
7598 1980
7599 1350
7600 1760
7601 2076
7602 1456
7603 3802
7604 3804
7605 948
7606 3804
7607 3804
7608 2544
7609 2176
7610 2286
7611 1320
7612 2088
7613 1992
7614 1488
7615 2286
7616 2304
7617 2540
7618 2058
7619 2010
7620 1536
7621 3811
7622 1976
7623 896
7624 3816
7625 1643
7626 1344
7627 1980
7628 3816
7629 2544
7630 1320
7631 2058
7632 1728
7633 2025
7634 2088
7635 1530
7636 2016
7637 2184
7638 1360
7639 3820
7640 2304
7641 1562
7642 3822
7643 3822
7644 1232
7645 1260
7646 3824
7647 2550
7648 3840
7649 3825
7650 792
7651 2188
7652 3828
7653 2552
7654 1980
7655 2298
7656 1440
7657 1120
7658 2192
7659 912
7660 2304
7661 1968
7662 2556
7663 1960
7664 3840
7665 888
7666 3834
7667 1134
7668 1584
7669 3835
7670 1260
7671 2558
7672 2208
7673 3837
7674 2560
7675 1694
7676 2040
7677 1708
7678 2100
7679 2196
7680 3072
7681 3841
7682 2016
7683 1386
7684 2052
7685 1215
7686 992
7687 3844
7688 3728
7689 1404
7690 2310
7691 3846
7692 2568
7693 1738
7694 3848
7695 930
7696 2128
7697 1980
7698 2568
7699 3850
7700 1056
7701 1368
7702 3852
7703 3852
7704 1728
7705 1224
7706 3854
7707 1472
7708 2016
7709 2079
7710 1548
7711 2106
7712 3872
7713 1716
7714 1200
7715 2316
7716 2576
7717 3859
7718 2052
7719 1344
7720 2328
7721 2208
7722 924
7723 3862
7724 3864
7725 1144
7726 3864
7727 3864
7728 1536
7729 1980
7730 2322
7731 1720
7732 3868
7733 1140
7734 2580
7735 756
7736 3872
7737 2580
7738 1998
7739 1980
7740 1056
7741 3871
7742 1760
7743 1350
7744 3584
7745 2325
7746 2584
7747 1984
7748 2100
7749 924
7750 1696
7751 2028
7752 1440
7753 3877
7754 3878
7755 864
7756 2224
7757 3879
7758 1728
7759 3880
7760 2352
7761 1400
7762 3882
7763 2220
7764 2592
7765 2331
7766 2124
7767 1728
7768 3888
7769 2061
7770 912
7771 2050
7772 2040
7773 2592
7774 1896
7775 1716
7776 2944
7777 1224
7778 3890
7779 2594
7780 2340
7781 2016
7782 2596
7783 2002
7784 2240
7785 1044
7786 2070
7787 2100
7788 1440
7789 3895
7790 1260
7791 1188
7792 3904
7793 3897
7794 1736
7795 2340
7796 3900
7797 1368
7798 2232
7799 2130
7800 1232
7801 2025
7802 2016
7803 1507
7804 3904
7805 1344
7806 2604
7807 2014
7808 3968
7809 1380
7810 1296
7811 1998
7812 1024
7813 2107
7814 3908
7815 1566
7816 3912
7817 3909
7818 2608
7819 2236
7820 1296
7821 960
7822 3912
7823 3912
7824 2624
7825 1727
7826 1232
7827 2610
7828 2080
7829 3915
7830 990
7831 2016
7832 2160
7833 1496
7834 3918
7835 2352
7836 2616
7837 2079
7838 3920
7839 952
7840 2112
7841 3921
7842 2616
7843 1152
7844 2052
7845 1572
7846 3924
7847 1200
7848 1760
7849 2016
7850 1738
7851 2618
7852 2128
7853 3927
7854 864
7855 2358
7856 3936
7857 1519
7858 3930
7859 2040
7860 1584
7861 2248
7862 3932
7863 2622
7864 3936
7865 1176
7866 960
7867 3934
7868 2256
7869 1364
7870 2364
7871 2088
7872 2688
7873 3937
7874 2048
7875 848
7876 2160
7877 3939
7878 1428
7879 3940
7880 2376
7881 1368
7882 2256
7883 3942
7884 1628
7885 1260
7886 3944
7887 1440
7888 2160
7889 1812
7890 1584
7891 2128
7892 3948
7893 1756
7894 3948
7895 2370
7896 1536
7897 2025
7898 2160
7899 2634
7900 1760
7901 3951
7902 1760
7903 2260
7904 2240
7905 864
7906 2040
7907 3954
7908 2640
7909 2160
7910 1368
7911 1617
7912 2112
7913 2037
7914 2640
7915 2376
7916 3960
7917 840
7918 2052
7919 3960
7920 1152
7921 3917
7922 2106
7923 1400
7924 2272
7925 1749
7926 2644
7927 3964
7928 3968
7929 1764
7930 1302
7931 1248
7932 2648
7933 3967
7934 3968
7935 1524
7936 4096
7937 3969
7938 1364
7939 2106
7940 2388
7941 2648
7942 2064
7943 1896
7944 2656
7945 1368
7946 2070
7947 1768
7948 3976
7949 3975
7950 1188
7951 3976
7952 2304
7953 1452
7954 2058
7955 1254
7956 1008
7957 2035
7958 2088
7959 1520
7960 2400
7961 2100
7962 2656
7963 3982
7964 2184
7965 990
7966 2280
7967 2064
7968 2688
7969 2149
7970 2394
7971 2658
7972 3988
7973 1224
7974 1776
7975 990
7976 3992
7977 2660
7978 3990
7979 2040
7980 960
7981 2088
7982 2156
7983 1776
7984 4000
7985 2397
7986 2444
7987 1804
7988 3996
7989 2664
7990 1296
7991 2046
7992 1672
7993 3997
7994 2288
7995 882
7996 4000
7997 2184
7998 1408
7999 2110
8000 3392
8001 1024
8002 4002
8003 2052
8004 1440
8005 2403
8006 4004
8007 1422
8008 1344
8009 4005
8010 1080
8011 4006
8012 4008
8013 2672
8014 4008
8015 1380
8016 2688
8017 4009
8018 2120
8019 1644
8020 2412
8021 2163
8022 1536
8023 2052
8024 2160
8025 1188
8026 4014
8027 2100
8028 1792
8029 1216
8030 1332
8031 2678
8032 4032
8033 2085
8034 1456
8035 2412
8036 1848
8037 960
8038 4020
8039 4020
8040 1632
8041 1188
8042 4022
8043 1536
8044 4024
8045 2415
8046 1650
8047 2170
8048 4032
8049 2684
8050 1056
8051 2058
8052 1488
8053 4027
8054 4028
8055 1080
8056 2160
8057 2304
8058 1440
8059 4030
8060 1344
8061 2688
8062 2100
8063 2202
8064 2048
8065 2421
8066 2090
8067 2690
8068 4036
8069 4035
8070 1620
8071 2308
8072 4040
8073 924
8074 2208
8075 990
8076 2696
8077 2079
8078 2312
8079 2694
8080 2448
8081 4041
8082 1800
8083 2070
8084 2112
8085 792
8086 2184
8087 4044
8088 2704
8089 4045
8090 2430
8091 960
8092 2192
8093 4047
8094 1440
8095 2430
8096 2304
8097 2700
8098 4050
8099 1260
8100 1364
8101 4051
8102 4052
8103 1406
8104 4056
8105 2433
8106 1552
8107 1904
8108 4056
8109 972
8110 2436
8111 4056
8112 2528
8113 1240
8114 4058
8115 1626
8116 4060
8117 4059
8118 1008
8119 2124
8120 1440
8121 2708
8122 2112
8123 4062
8124 2712
8125 1827
8126 2160
8127 968
8128 4096
8129 2220
8130 1632
8131 2088
8132 2160
8133 2712
8134 1848
8135 2442
8136 1824
8137 2080
8138 2198
8139 2714
8140 1368
8141 2328
8142 1440
8143 2160
8144 4080
8145 1092
8146 4074
8147 4074
8148 1568
8149 2115
8150 1804
8151 840
8152 4080
8153 2112
8154 1672
8155 1404
8156 4080
8157 2720
8158 4080
8159 2100
8160 1728
8161 4081
8162 1296
8163 1816
8164 2212
8165 1296
8166 2724
8167 4084
8168 4088
8169 1560
8170 1320
8171 4086
8172 1824
8173 2232
8174 2108
8175 1210
8176 2368
8177 1197
8178 1440
8179 4090
8180 2460
8181 1581
8182 4092
8183 1848
8184 1536
8185 2457
8186 4094
8187 2730
8188 2160
8189 2160
8190 672
8191 4096
8192 8192
8193 2732
8194 2178
8195 1350
8196 2736
8197 2344
8198 4100
8199 1824
8200 1848
8201 2100
8202 2736
8203 2212
8204 2352
8205 1644
8206 2244
8207 2130
8208 1760
8209 4105
8210 2466
8211 864
8212 4108
8213 2112
8214 2668
8215 1296
8216 2240
8217 1008
8218 2352
8219 4110
8220 1656
8221 4111
8222 4112
8223 2742
8224 4128
8225 1056
8226 1832
8227 2170
8228 2016
8229 1484
8230 2472
8231 4116
8232 2416
8233 4117
8234 2160
8235 1023
8236 2160
8237 4119
8238 2748
8239 1296
8240 2496
8241 1428
8242 2226
8243 4122
8244 1840
8245 1323
8246 1280
8247 2750
8248 4128
8249 2109
8250 1272
8251 2128
8252 4128
8253 1056
8254 4128
8255 1344
8256 2816
8257 2160
8258 4130
8259 2754
8260 1440
8261 2256
8262 1656
8263 4132
8264 4136
8265 900
8266 4134
8267 2364
8268 1512
8269 4135
8270 2484
8271 1840
8272 2304
8273 4137
8274 1584
8275 1826
8276 4140
8277 1440
8278 4140
8279 2196
8280 1152
8281 1738
8282 2142
8283 1512
8284 2200
8285 2487
8286 2764
8287 4144
8288 2432
8289 1694
8290 2490
8291 4146
8292 2768
8293 4147
8294 1260
8295 960
8296 2232
8297 4149
8298 1848
8299 2134
8300 1848
8301 2768
8302 2376
8303 2064
8304 2784
8305 1368
8306 4154
8307 1008
8308 2176
8309 2376
8310 1668
8311 4156
8312 4160
8313 1476
8314 4158
8315 2496
8316 1056
8317 4159
8318 4160
8319 1440
8320 2688
8321 2133
8322 1480
8323 1260
8324 4164
8325 836
8326 2184
8327 2274
8328 2784
8329 4165
8330 1188
8331 2778
8332 4168
8333 2247
8334 1856
8335 2502
8336 4176
8337 1592
8338 2280
8339 2160
8340 1680
8341 2200
8342 2156
8343 1612
8344 2400
8345 2505
8346 1512
8347 2214
8348 4176
8349 1344
8350 1848
8351 2388
8352 1920
8353 4177
8354 4178
8355 1674
8356 4180
8357 2139
8358 1600
8359 2254
8360 1440
8361 1860
8362 2166
8363 4182
8364 1512
8365 1440
8366 2160
8367 2790
8368 4192
8369 4185
8370 1056
8371 2286
8372 1344
8373 2792
8374 2160
8375 1802
8376 2800
8377 4189
8378 2160
8379 880
8380 2520
8381 2055
8382 1536
8383 2142
8384 4224
8385 924
8386 2400
8387 4194
8388 1872
8389 4195
8390 2520
8391 2798
8392 4200
8393 1320
8394 2800
8395 1332
8396 4200
8397 1716
8398 1260
8399 2166
8400 1408
8401 2176
8402 4202
8403 2802
8404 2304
8405 2463
8406 1872
8407 2404
8408 4208
8409 2804
8410 2442
8411 2268
8412 2808
8413 2160
8414 2408
8415 648
8416 4224
8417 2220
8418 1488
8419 4210
8420 2532
8421 1608
8422 4212
8423 4212
8424 1736
8425 1859
8426 2304
8427 2758
8428 1936
8429 4215
8430 1692
8431 4216
8432 2304
8433 1876
8434 4218
8435 1452
8436 1520
8437 1260
8438 4220
8439 1470
8440 2544
8441 2208
8442 1088
8443 4222
8444 4224
8445 1692
8446 2184
8447 4224
8448 3072
8449 1296
8450 1738
8451 1727
8452 4228
8453 2160
8454 2820
8455 1350
8456 2432
8457 2820
8458 4230
8459 2310
8460 1152
8461 4231
8462 4232
8463 896
8464 4064
8465 2541
8466 1512
8467 4234
8468 2220
8469 1884
8470 1344
8471 2178
8472 2832
8473 2185
8474 2240
8475 1254
8476 2296
8477 1914
8478 1738
8479 2170
8480 2592
8481 1548
8482 4242
8483 2250
8484 1632
8485 2547
8486 4244
8487 1008
8488 4248
8489 2289
8490 1704
8491 2428
8492 2328
8493 1500
8494 2208
8495 2550
8496 1920
8497 2205
8498 2432
8499 2834
8500 1908
8501 4251
8502 1540
8503 2322
8504 4256
8505 1104
8506 4254
8507 2184
8508 2840
8509 2176
8510 1368
8511 2838
8512 2560
8513 4257
8514 1056
8515 1386
8516 4260
8517 1512
8518 4260
8519 2436
8520 1728
8521 4261
8522 4262
8523 1896
8524 4264
8525 1056
8526 1320
8527 4264
8528 2352
8529 2844
8530 2562
8531 2250
8532 1760
8533 1296
8534 2268
8535 1710
8536 2352
8537 4269
8538 2848
8539 4270
8540 1488
8541 1036
8542 4272
8543 4272
8544 2880
8545 2565
8546 4274
8547 912
8548 4276
8549 2184
8550 880
8551 2268
8552 4280
8553 2852
8554 1344
8555 1350
8556 1536
8557 2200
8558 2340
8559 1749
8560 2592
8561 2448
8562 2856
8563 4282
8564 4284
8565 1716
8566 4284
8567 2310
8568 1152
8569 1260
8570 2574
8571 2858
8572 4288
8573 4287
8574 2860
8575 1661
8576 4352
8577 1908
8578 4290
8579 2244
8580 1008
8581 4291
8582 2456
8583 2862
8584 2280
8585 1377
8586 1674
8587 2224
8588 2280
8589 1640
8590 2580
8591 2016
8592 2880
8593 2317
8594 4298
8595 1152
8596 2464
8597 4299
8598 2868
8599 4300
8600 1936
8601 1488
8602 1296
8603 2460
8604 1920
8605 2583
8606 2324
8607 1520
8608 4320
8609 4305
8610 1008
8611 2200
8612 4308
8613 990
8614 2220
8615 2586
8616 2880
8617 2464
8618 2240
8619 1422
8620 2592
8621 2223
8622 1920
8623 4312
8624 2112
8625 1272
8626 2280
8627 4314
8628 2880
8629 4315
8630 2592
8631 1104
8632 2352
8633 2205
8634 2880
8635 1422
8636 2304
8637 2880
8638 2472
8639 2214
8640 2112
8641 4321
8642 2250
8643 1496
8644 4324
8645 840
8646 1584
8647 4324
8648 2304
8649 1864
8650 1914
8651 2226
8652 1664
8653 2295
8654 4328
8655 1734
8656 4336
8657 2364
8658 1064
8659 2476
8660 2604
8661 2888
8662 2232
8663 4332
8664 2752
8665 2601
8666 2480
8667 1674
8668 2376
8669 4335
8670 1644
8671 1260
8672 4352
8673 1320
8674 4338
8675 1914
8676 1936
8677 4339
8678 4340
8679 1584
8680 1536
8681 4341
8682 2896
8683 2290
8684 2352
8685 1164
8686 2244
8687 1332
8688 2912
8689 4345
8690 1440
8691 2898
8692 2268
8693 4347
8694 1056
8695 1368
8696 4352
8697 1568
8698 4350
8699 4350
8700 1320
8701 1368
8702 2300
8703 1936
8704 4608
8705 2613
8706 2904
8707 4354
8708 2496
8709 2904
8710 1428
8711 2256
8712 1792
8713 4357
8714 4358
8715 1008
8716 4360
8717 2280
8718 2908
8719 4360
8720 2640
8721 990
8722 1980
8723 1302
8724 2912
8725 1925
8726 4364
8727 2910
8728 4368
8729 1320
8730 1176
8731 4366
8732 2280
8733 1512
8734 2388
8735 2622
8736 1792
8737 4369
8738 2322
8739 1944
8740 1440
8741 4371
8742 1536
8743 2500
8744 4376
8745 972
8746 4374
8747 4374
8748 3284
8749 2359
8750 2088
8751 2918
8752 4384
8753 4377
8754 2920
8755 1404
8756 2400
8757 1120
8758 2280
8759 2310
8760 1776
8761 4381
8762 2366
8763 1536
8764 2512
8765 2631
8766 1952
8767 2394
8768 4416
8769 1520
8770 2634
8771 1980
8772 1584
8773 2272
8774 2268
8775 847
8776 4392
8777 2244
8778 960
8779 4390
8780 2640
8781 2928
8782 4392
8783 4392
8784 1984
8785 1512
8786 2304
8787 1530
8788 4084
8789 1296
8790 1764
8791 2250
8792 2528
8793 1956
8794 4398
8795 2640
8796 2936
8797 2320
8798 2268
8799 1680
8800 2112
8801 2373
8802 1804
8803 4402
8804 2304
8805 1764
8806 1368
8807 4404
8808 2944
8809 2304
8810 2646
8811 1080
8812 4408
8813 2520
8814 1596
8815 1386
8816 2400
8817 2940
8818 4410
8819 4410
8820 1056
8821 4411
8822 2412
8823 1566
8824 4416
8825 1947
8826 2944
8827 1372
8828 4416
8829 1705
8830 2652
8831 4416
8832 3072
8833 2072
8834 2528
8835 960
8836 4328
8837 4419
8838 1968
8839 4420
8840 1512
8841 1688
8842 4422
8843 2280
8844 1632
8845 1395
8846 4424
8847 1968
8848 2560
8849 4425
8850 1320
8851 2268
8852 4428
8853 1596
8854 2340
8855 864
8856 1848
8857 2349
8858 2288
8859 2954
8860 2664
8861 4431
8862 1696
8863 4432
8864 4448
8865 1188
8866 1344
8867 4434
8868 2960
8869 2002
8870 2664
8871 2958
8872 4440
8873 2340
8874 1080
8875 1908
8876 2544
8877 1620
8878 2328
8879 2394
8880 1824
8881 2268
8882 4442
8883 1056
8884 4444
8885 2667
8886 2964
8887 4444
8888 2448
8889 2964
8890 1536
8891 2358
8892 1120
8893 4447
8894 4448
8895 1782
8896 4480
8897 1344
8898 2968
8899 2430
8900 1980
8901 1056
8902 4452
8903 2310
8904 1728
8905 1449
8906 2294
8907 2970
8908 2376
8909 2280
8910 1116
8911 1360
8912 4464
8913 2972
8914 4458
8915 2676
8916 2976
8917 2299
8918 2114
8919 1984
8920 2688
8921 2436
8922 2976
8923 4462
8924 2352
8925 792
8926 4464
8927 2280
8928 2048
8929 4465
8930 1440
8931 1610
8932 1440
8933 4467
8934 2980
8935 2682
8936 4472
8937 1826
8938 2310
8939 2556
8940 1800
8941 4471
8942 2376
8943 1632
8944 2464
8945 2685
8946 1152
8947 2340
8948 4476
8949 1580
8950 1980
8951 4476
8952 2992
8953 2560
8954 2128
8955 1200
8956 4480
8957 2133
8958 2988
8959 2192
8960 3072
8961 1560
8962 4482
8963 4482
8964 1848
8965 1476
8966 4484
8967 1364
8968 2400
8969 4485
8970 1008
8971 4486
8972 4488
8973 1996
8974 2568
8975 1980
8976 1728
8977 2304
8978 4424
8979 1554
8980 2700
8981 2568
8982 2000
8983 2422
8984 4496
8985 1800
8986 4494
8987 1320
8988 1728
8989 2295
8990 1440
8991 1748
8992 4512
8993 2286
8994 3000
8995 1548
8996 2436
8997 3000
8998 2460
8999 4500
9000 1696
9001 4501
9002 2576
9003 3002
9004 4504
9005 2703
9006 1600
9007 4504
9008 4512
9009 672
9010 1458
9011 4506
9012 3008
9013 4507
9014 4508
9015 1806
9016 2112
9017 2304
9018 1848
9019 2340
9020 1512
9021 1568
9022 2436
9023 2580
9024 3072
9025 1892
9026 4514
9027 1080
9028 2356
9029 4515
9030 1056
9031 2466
9032 4520
9033 3012
9034 4518
9035 1470
9036 2016
9037 2584
9038 4520
9039 1584
9040 2736
9041 4521
9042 1656
9043 4522
9044 1440
9045 1122
9046 4524
9047 2310
9048 1680
9049 4525
9050 2002
9051 1728
9052 2368
9053 2472
9054 2016
9055 2718
9056 4544
9057 3020
9058 2592
9059 4530
9060 1824
9061 1323
9062 2376
9063 1080
9064 2496
9065 1254
9066 3024
9067 4534
9068 4536
9069 3024
9070 2724
9071 2328
9072 1984
9073 2332
9074 2450
9075 1232
9076 4540
9077 2355
9078 1620
9079 2596
9080 2736
9081 2020
9082 2400
9083 2352
9084 3032
9085 1440
9086 1440
9087 1638
9088 4608
9089 2325
9090 1224
9091 4546
9092 4548
9093 1736
9094 4548
9095 1458
9096 3040
9097 2484
9098 4550
9099 1859
9100 1232
9101 2400
9102 1596
9103 4552
9104 4560
9105 1824
9106 2370
9107 2604
9108 1152
9109 4555
9110 2736
9111 3038
9112 2448
9113 2457
9114 1408
9115 2736
9116 2376
9117 2028
9118 2352
9119 2490
9120 1920
9121 2608
9122 4562
9123 3042
9124 4564
9125 1961
9126 1738
9127 4564
9128 2624
9129 1620
9130 1512
9131 2388
9132 3048
9133 4567
9134 4568
9135 720
9136 4576
9137 4569
9138 3048
9139 1330
9140 2748
9141 1668
9142 2616
9143 2352
9144 2048
9145 1440
9146 2430
9147 3050
9148 4576
9149 2616
9150 1364
9151 4576
9152 2688
9153 1767
9154 2400
9155 2748
9156 1760
9157 4579
9158 2420
9159 1584
9160 2760
9161 4581
9162 2040
9163 1188
9164 2400
9165 1008
9166 4584
9167 2340
9168 3072
9169 2349
9170 1584
9171 2040
9172 4588
9173 4587
9174 1680
9175 2024
9176 2432
9177 960
9178 2478
9179 2346
9180 1188
9181 4591
9182 4592
9183 3062
9184 2688
9185 1512
9186 3064
9187 4594
9188 4596
9189 2044
9190 2760
9191 1428
9192 3072
9193 2385
9194 4598
9195 1842
9196 2240
9197 2439
9198 1184
9199 4600
9200 2112
9201 3068
9202 2376
9203 4602
9204 1680
9205 1584
9206 4604
9207 1056
9208 4608
9209 4605
9210 1848
9211 2356
9212 2112
9213 1596
9214 2448
9215 1470
9216 4096
9217 2485
9218 2520
9219 1760
9220 2772
9221 4611
9222 1620
9223 2412
9224 4616
9225 924
9226 2640
9227 4614
9228 3080
9229 2520
9230 1512
9231 1638
9232 4624
9233 2640
9234 1840
9235 2772
9236 4620
9237 3080
9238 2400
9239 4620
9240 1152
9241 4621
9242 4622
9243 1120
9244 4624
9245 2712
9246 1632
9247 2644
9248 4384
9249 3084
9250 2014
9251 2442
9252 2064
9253 2440
9254 2648
9255 1854
9256 2520
9257 4629
9258 3088
9259 2376
9260 2784
9261 1661
9262 2532
9263 2370
9264 3104
9265 1485
9266 2394
9267 3090
9268 2656
9269 1344
9270 1248
9271 2368
9272 2480
9273 1692
9274 4638
9275 1188
9276 3096
9277 4639
9278 4640
9279 2064
9280 2880
9281 4641
9282 1008
9283 4642
9284 2544
9285 1860
9286 4644
9287 2394
9288 1936
9289 2656
9290 2790
9291 1640
9292 2448
9293 4647
9294 3100
9295 1422
9296 2688
9297 2068
9298 4650
9299 2466
9300 1408
9301 2376
9302 4652
9303 1776
9304 4656
9305 2793
9306 1152
9307 2394
9308 2520
9309 1620
9310 1320
9311 4656
9312 3136
9313 2380
9314 4658
9315 1116
9316 2484
9317 2444
9318 3108
9319 4660
9320 2808
9321 1680
9322 2400
9323 4662
9324 1216
9325 2057
9326 4664
9327 3110
9328 2592
9329 2460
9330 1872
9331 1408
9332 4668
9333 1116
9334 2520
9335 2802
9336 3120
9337 4669
9338 1440
9339 1704
9340 2808
9341 4671
9342 1914
9343 4672
9344 4736
9345 1080
9346 4674
9347 2520
9348 1680
9349 4675
9350 1188
9351 2080
9352 2688
9353 2400
9354 3120
9355 2808
9356 4680
9357 3120
9358 4680
9359 2112
9360 1344
9361 1368
9362 2432
9363 3122
9364 4684
9365 2811
9366 1792
9367 1350
9368 4688
9369 1914
9370 2814
9371 4686
9372 1728
9373 1456
9374 2420
9375 2606
9376 4704
9377 4689
9378 2088
9379 2394
9380 1632
9381 1620
9382 4692
9383 2562
9384 1728
9385 2817
9386 2408
9387 1200
9388 4696
9389 2415
9390 1884
9391 4696
9392 4704
9393 1632
9394 1488
9395 2820
9396 1860
9397 4699
9398 2432
9399 1694
9400 2112
9401 1440
9402 3136
9403 4702
9404 4704
9405 720
9406 4704
9407 2460
9408 2816
9409 4657
9410 2826
9411 3138
9412 2548
9413 4707
9414 2096
9415 1620
9416 2592
9417 1628
9418 2502
9419 4710
9420 1896
9421 4711
9422 2696
9423 1925
9424 2560
9425 1155
9426 3144
9427 2574
9428 4716
9429 1800
9430 1512
9431 4716
9432 2112
9433 4717
9434 2430
9435 1026
9436 2704
9437 4719
9438 1568
9439 4720
9440 2880
9441 2100
9442 4722
9443 1440
9444 3152
9445 2835
9446 4724
9447 1632
9448 4728
9449 2580
9450 968
9451 2548
9452 2520
9453 1656
9454 2460
9455 1488
9456 3168
9457 2134
9458 4730
9459 2104
9460 1584
9461 4731
9462 1680
9463 4732
9464 2528
9465 1896
9466 4734
9467 4734
9468 2112
9469 2511
9470 2844
9471 1008
9472 4864
9473 4737
9474 3160
9475 2090
9476 2496
9477 1918
9478 2712
9479 4740
9480 1920
9481 2500
9482 2592
9483 1650
9484 4744
9485 1632
9486 1152
9487 2430
9488 4752
9489 3164
9490 1554
9491 4746
9492 1824
9493 2592
9494 2448
9495 1272
9496 4752
9497 4749
9498 3168
9499 1440
9500 2120
9501 3168
9502 4752
9503 1386
9504 2112
9505 2853
9506 2156
9507 3170
9508 4756
9509 2451
9510 1908
9511 4756
9512 2520
9513 1216
9514 2448
9515 1566
9516 1736
9517 2464
9518 4760
9519 1680
9520 1728
9521 4761
9522 2032
9523 2430
9524 4764
9525 1408
9526 2604
9527 2724
9528 3184
9529 2569
9530 2862
9531 1947
9532 4768
9533 4767
9534 1824
9535 2862
9536 4800
9537 1644
9538 2520
9539 4770
9540 1296
9541 1440
9542 2576
9543 3182
9544 4776
9545 1512
9546 1672
9547 4774
9548 1536
9549 2124
9550 2112
9551 4776
9552 3200
9553 2457
9554 2538
9555 924
9556 4780
9557 2520
9558 1860
9559 2240
9560 2880
9561 3188
9562 2736
9563 2442
9564 3192
9565 2871
9566 4784
9567 2128
9568 2688
9569 2736
9570 1080
9571 2538
9572 4788
9573 3192
9574 4788
9575 2112
9576 1280
9577 2449
9578 4790
9579 1664
9580 2880
9581 1428
9582 3196
9583 2668
9584 4800
9585 1188
9586 4794
9587 4794
9588 1728
9589 2464
9590 1656
9591 1680
9592 2640
9593 2457
9594 1176
9595 1530
9596 4800
9597 1832
9598 4800
9599 2490
9600 2816
9601 4801
9602 4802
9603 1176
9604 4204
9605 1539
9606 3204
9607 2590
9608 4808
9609 3204
9610 2796
9611 2748
9612 1980
9613 4807
9614 1440
9615 1926
9616 4816
9617 2460
9618 1840
9619 4810
9620 1596
9621 2140
9622 2556
9623 4812
9624 3216
9625 1272
9626 4814
9627 3210
9628 2520
9629 4815
9630 1296
9631 4816
9632 2816
9633 1580
9634 4818
9635 1512
9636 1776
9637 2520
9638 2480
9639 1116
9640 2904
9641 2496
9642 3216
9643 4822
9644 4824
9645 1932
9646 1512
9647 2634
9648 2176
9649 4825
9650 2134
9651 3218
9652 2560
9653 2178
9654 3220
9655 2898
9656 2592
9657 1140
9658 2640
9659 2604
9660 1152
9661 4831
9662 4832
9663 3222
9664 4864
9665 2901
9666 1980
9667 2764
9668 4836
9669 1764
9670 2904
9671 2550
9672 1792
9673 2565
9674 2768
9675 968
9676 2520
9677 4839
9678 3228
9679 4840
9680 2688
9681 1848
9682 2496
9683 2532
9684 2160
9685 1575
9686 2520
9687 3230
9688 2784
9689 4845
9690 1080
9691 2646
9692 4848
9693 1980
9694 2508
9695 1668
9696 3264
9697 4849
9698 2618
9699 1674
9700 2156
9701 2475
9702 1056
9703 2512
9704 4856
9705 1944
9706 2544
9707 2574
9708 3240
9709 1480
9710 2916
9711 1176
9712 4864
9713 2652
9714 3240
9715 1530
9716 2784
9717 1680
9718 2508
9719 4860
9720 2208
9721 4861
9722 4862
9723 1856
9724 1512
9725 2145
9726 3244
9727 2484
9728 5120
9729 1152
9730 1680
9731 2508
9732 3248
9733 4867
9734 2528
9735 1080
9736 4872
9737 1512
9738 2168
9739 4870
9740 2928
9741 1728
9742 4872
9743 4872
9744 1920
9745 2925
9746 2664
9747 1892
9748 4876
9749 4875
9750 1484
9751 2200
9752 2592
9753 3252
9754 4878
9755 2928
9756 2176
9757 2664
9758 1512
9759 3254
9760 2976
9761 2508
9762 3256
9763 2632
9764 4884
9765 768
9766 2580
9767 4884
9768 1824
9769 4885
9770 2934
9771 3258
9772 2800
9773 2535
9774 2002
9775 1188
9776 2688
9777 3260
9778 4890
9779 1536
9780 1968
9781 4891
9782 2516
9783 2176
9784 4896
9785 1560
9786 1872
9787 4894
9788 4896
9789 1764
9790 1620
9791 4896
9792 2304
9793 2800
9794 2520
9795 1962
9796 2560
9797 2499
9798 1728
9799 2520
9800 1936
9801 1736
9802 2370
9803 4902
9804 1760
9805 1539
9806 4904
9807 1872
9808 4912
9809 2601
9810 1320
9811 4906
9812 2688
9813 3272
9814 2808
9815 1596
9816 3280
9817 4909
9818 4910
9819 2184
9820 2952
9821 1488
9822 3276
9823 1440
9824 4928
9825 1452
9826 4642
9827 2544
9828 1232
9829 4915
9830 2952
9831 1710
9832 4920
9833 4917
9834 1800
9835 1692
9836 4920
9837 2188
9838 4920
9839 4920
9840 2016
9841 2653
9842 1520
9843 1746
9844 2592
9845 1620
9846 2192
9847 2530
9848 4928
9849 1496
9850 2178
9851 4926
9852 3288
9853 2520
9854 2660
9855 1221
9856 3072
9857 4929
9858 1728
9859 4930
9860 1620
9861 1740
9862 4932
9863 2820
9864 2208
9865 2961
9866 4934
9867 1008
9868 4936
9869 2520
9870 1152
9871 4936
9872 4944
9873 2196
9874 4938
9875 2120
9876 3296
9877 1512
9878 2700
9879 1710
9880 1680
9881 2541
9882 1922
9883 4942
9884 2832
9885 1980
9886 4944
9887 4944
9888 3328
9889 1440
9890 1584
9891 1264
9892 4948
9893 2667
9894 1764
9895 2970
9896 4952
9897 3300
9898 2244
9899 2610
9900 1056
9901 4951
9902 4952
9903 3302
9904 4960
9905 1704
9906 1792
9907 4954
9908 4956
9909 2024
9910 2976
9911 1458
9912 1920
9913 2592
9914 4958
9915 1986
9916 2584
9917 2544
9918 1200
9919 1540
9920 3072
9921 3308
9922 2352
9923 4962
9924 3312
9925 2189
9926 2840
9927 2208
9928 2664
9929 4965
9930 1992
9931 4966
9932 2688
9933 1056
9934 4968
9935 2982
9936 2112
9937 2620
9938 4970
9939 3314
9940 1728
9941 4971
9942 3316
9943 2542
9944 2736
9945 756
9946 4974
9947 2265
9948 3320
9949 4975
9950 2200
9951 1728
9952 4992
9953 2565
9954 1280
9955 1638
9956 2640
9957 3320
9958 2688
9959 2604
9960 2016
9961 2848
9962 2646
9963 1932
9964 2592
9965 2991
9966 1824
9967 4984
9968 2880
9969 3324
9970 2994
9971 2370
9972 2224
9973 4987
9974 4988
9975 880
9976 2640
9977 2724
9978 3328
9979 2646
9980 3000
9981 2220
9982 1536
9983 2550
9984 3584
9985 2997
9986 4994
9987 3330
9988 2736
9989 2856
9990 1254
9991 2548
9992 5000
9993 3332
9994 2640
9995 3000
9996 1584
9997 2695
9998 5000
9999 1224
10000 4176
