# Table of n, A169853(n) for n = 1..10000.
1 11
2 22
3 2
4 4
5 6
6 3
7 9
8 12
9 8
10 10
11 5
12 15
13 18
14 14
15 7
16 21
17 24
18 16
19 20
20 25
21 30
22 26
23 13
24 39
25 27
26 33
27 36
28 28
29 32
30 34
31 17
32 51
33 42
34 35
35 40
36 38
37 19
38 57
39 45
40 48
41 44
42 46
43 23
44 69
45 54
46 50
47 52
48 56
49 49
50 63
51 60
52 55
53 65
54 70
55 58
56 29
57 87
58 66
59 62
60 31
61 93
62 72
63 64
64 68
65 74
66 37
67 111
68 75
69 78
70 76
71 80
72 82
73 41
74 123
75 81
76 84
77 77
78 88
79 86
80 43
81 129
82 90
83 85
84 95
85 100
86 92
87 94
88 47
89 141
90 96
91 98
92 91
93 104
94 102
95 99
96 105
97 108
98 106
99 53
100 159
101 114
102 110
103 112
104 116
105 118
106 59
107 177
108 117
109 120
110 115
111 125
112 130
113 122
114 61
115 183
116 126
117 119
118 133
119 140
120 124
121 128
122 132
123 121
124 143
125 154
126 134
127 67
128 201
129 135
130 138
131 136
132 142
133 71
134 213
135 144
136 146
137 73
138 219
139 147
140 150
141 145
142 155
143 160
144 148
145 152
146 156
147 153
148 162
149 158
150 79
151 237
152 165
153 168
154 161
155 175
156 170
157 164
158 166
159 83
160 249
161 171
162 174
163 172
164 176
165 178
166 89
167 267
168 180
169 182
170 169
171 195
172 185
173 190
174 184
175 186
176 188
177 192
178 189
179 196
180 194
181 97
182 291
183 198
184 187
185 204
186 200
187 202
188 101
189 303
190 207
191 210
192 203
193 217
194 224
195 206
196 103
197 309
198 216
199 208
200 212
201 214
202 107
203 321
204 222
205 218
206 109
207 327
208 225
209 205
210 215
211 220
212 209
213 228
214 226
215 113
216 339
217 231
218 234
219 221
220 238
221 230
222 232
223 236
224 240
225 235
226 245
227 250
228 242
229 244
230 246
231 243
232 252
233 248
234 254
235 127
236 381
237 255
238 258
239 256
240 260
241 247
242 266
243 259
244 273
245 261
246 264
247 253
248 275
249 265
250 270
251 262
252 131
253 393
254 276
255 268
256 272
257 274
258 137
259 411
260 279
261 282
262 278
263 139
264 417
265 285
266 280
267 284
268 286
269 288
270 290
271 292
272 294
273 287
274 301
275 308
276 296
277 298
278 149
279 447
280 297
281 300
282 295
283 305
284 310
285 302
286 151
287 453
288 306
289 289
290 323
291 304
292 312
293 299
294 322
295 314
296 157
297 471
298 315
299 318
300 316
301 320
302 324
303 326
304 163
305 489
306 330
307 319
308 341
309 352
310 328
311 332
312 334
313 167
314 501
315 333
316 336
317 329
318 343
319 350
320 325
321 335
322 340
323 338
324 342
325 344
326 346
327 173
328 519
329 345
330 348
331 351
332 354
333 356
334 358
335 179
336 537
337 357
338 360
339 355
340 365
341 370
342 362
343 181
344 543
345 363
346 366
347 364
348 368
349 372
350 369
351 375
352 378
353 371
354 385
355 374
356 376
357 380
358 361
359 399
360 384
361 382
362 191
363 573
364 387
365 390
366 377
367 403
368 416
369 386
370 193
371 579
372 396
373 388
374 392
375 394
376 197
377 591
378 402
379 398
380 199
381 597
382 405
383 395
384 400
385 404
386 406
387 408
388 391
389 414
390 410
391 412
392 418
393 407
394 429
395 420
396 413
397 427
398 434
399 422
400 211
401 633
402 423
403 426
404 424
405 428
406 430
407 415
408 425
409 435
410 432
411 436
412 438
413 440
414 442
415 444
416 441
417 448
418 446
419 223
420 669
421 450
422 445
423 455
424 460
425 437
426 456
427 452
428 454
429 227
430 681
431 459
432 462
433 451
434 473
435 484
436 458
437 229
438 687
439 465
440 468
441 464
442 466
443 233
444 699
445 474
446 470
447 472
448 476
449 469
450 483
451 477
452 480
453 475
454 485
455 490
456 478
457 239
458 717
459 486
460 482
461 241
462 723
463 492
464 488
465 494
466 481
467 507
468 495
469 498
470 496
471 500
472 502
473 251
474 753
475 504
476 497
477 511
478 518
479 506
480 508
481 510
482 493
483 522
484 512
485 514
486 257
487 771
488 513
489 516
490 520
491 505
492 515
493 525
494 528
495 517
496 539
497 532
498 524
499 526
500 263
501 789
502 531
503 534
504 530
505 535
506 540
507 536
508 538
509 269
510 807
511 546
512 533
513 559
514 572
515 542
516 271
517 813
518 549
519 552
520 529
521 575
522 545
523 550
524 544
525 527
526 558
527 548
528 554
529 277
530 831
531 555
532 560
533 553
534 567
535 561
536 564
537 556
538 562
539 281
540 843
541 570
542 551
543 580
544 565
545 585
546 576
547 566
548 283
549 849
550 582
551 568
552 574
553 578
554 584
555 586
556 293
557 879
558 588
559 581
560 595
561 590
562 592
563 594
564 583
565 605
566 600
567 596
568 598
569 602
570 604
571 606
572 603
573 609
574 612
575 608
576 589
577 620
578 610
579 614
580 307
581 921
582 615
583 618
584 616
585 622
586 311
587 933
588 621
589 624
590 611
591 637
592 623
593 630
594 625
595 635
596 640
597 626
598 313
599 939
600 627
601 636
602 628
603 632
604 634
605 317
606 951
607 639
608 642
609 638
610 644
611 646
612 629
613 663
614 645
615 648
616 650
617 652
618 654
619 651
620 657
621 660
622 649
623 671
624 682
625 656
626 658
627 662
628 331
629 993
630 666
631 664
632 668
633 670
634 655
635 665
636 672
637 674
638 337
639 1011
640 675
641 678
642 676
643 680
644 684
645 686
646 679
647 693
648 690
649 667
650 696
651 688
652 692
653 694
654 347
655 1041
656 702
657 689
658 715
659 685
660 695
661 700
662 698
663 349
664 1047
665 705
666 708
667 704
668 706
669 353
670 1059
671 711
672 714
673 697
674 731
675 748
676 710
677 712
678 716
679 718
680 359
681 1077
682 720
683 722
684 703
685 740
686 724
687 726
688 728
689 707
690 721
691 735
692 725
693 730
694 732
695 729
696 738
697 734
698 367
699 1101
700 741
701 744
702 713
703 736
704 742
705 746
706 373
707 1119
708 747
709 750
710 745
711 755
712 760
713 752
714 754
715 756
716 749
717 763
718 770
719 737
720 759
721 762
722 758
723 379
724 1137
725 765
726 768
727 764
728 766
729 383
730 1149
731 774
732 772
733 776
734 778
735 389
736 1167
737 777
738 780
739 767
740 793
741 806
742 775
743 785
744 790
745 782
746 784
747 786
748 783
749 792
750 781
751 803
752 814
753 788
754 794
755 397
756 1191
757 795
758 798
759 779
760 817
761 836
762 796
763 800
764 802
765 401
766 1203
767 801
768 804
769 808
770 810
771 805
772 791
773 812
774 816
775 799
776 833
777 819
778 822
779 818
780 409
781 1227
782 825
783 815
784 820
785 824
786 826
787 828
788 830
789 832
790 834
791 837
792 840
793 835
794 845
795 850
796 838
797 419
798 1257
799 846
800 842
801 421
802 1263
803 852
804 844
805 848
806 854
807 847
808 858
809 855
810 860
811 856
812 862
813 431
814 1293
815 861
816 864
817 866
818 433
819 1299
820 867
821 870
822 841
823 899
824 868
825 872
826 874
827 851
828 888
829 873
830 876
831 878
832 439
833 1317
834 882
835 875
836 865
837 880
838 869
839 891
840 885
841 890
842 884
843 871
844 897
845 894
846 886
847 443
848 1329
849 900
850 892
851 896
852 889
853 903
854 906
855 898
856 449
857 1347
858 909
859 912
860 893
861 931
862 910
863 895
864 905
865 915
866 918
867 901
868 935
869 902
870 904
871 908
872 914
873 457
874 1371
875 924
876 913
877 946
878 916
879 920
880 922
881 461
882 1383
883 927
884 930
885 925
886 940
887 926
888 463
889 1389
890 936
891 923
892 949
893 962
894 928
895 932
896 934
897 467
898 1401
899 942
900 938
901 917
902 945
903 948
904 944
905 950
906 952
907 954
908 956
909 958
910 479
911 1437
912 957
913 960
914 955
915 965
916 970
917 964
918 966
919 943
920 984
921 963
922 969
923 972
924 968
925 974
926 487
927 1461
928 975
929 978
930 976
931 980
932 959
933 973
934 987
935 981
936 990
937 979
938 1001
939 988
940 982
941 491
942 1473
943 996
944 986
945 992
946 961
947 1023
948 999
949 1002
950 994
951 998
952 499
953 1497
954 1005
955 985
956 995
957 1000
958 1004
959 1006
960 503
961 1509
962 1008
963 1010
964 1012
965 989
966 1032
967 1014
968 1016
969 1018
970 509
971 1527
972 1017
973 1020
974 1003
975 1037
976 1054
977 1022
978 1015
979 1025
980 1030
981 1024
982 1026
983 1007
984 1045
985 1034
986 1028
987 1036
988 1029
989 1035
990 1038
991 1040
992 1027
993 1053
994 1044
995 1042
996 521
997 1563
998 1050
999 1043
1000 1057
1001 1064
1002 1046
1003 523
1004 1569
1005 1056
1006 1048
1007 1052
1008 1058
1009 1060
1010 1055
1011 1065
1012 1062
1013 1066
1014 1068
1015 1070
1016 1072
1017 1074
1018 1071
1019 1078
1020 1067
1021 1089
1022 1080
1023 1075
1024 1085
1025 1090
1026 1076
1027 1082
1028 541
1029 1623
1030 1083
1031 1086
1032 1084
1033 1088
1034 1092
1035 1079
1036 1105
1037 1095
1038 1098
1039 1094
1040 547
1041 1641
1042 1104
1043 1081
1044 1127
1045 1099
1046 1106
1047 1096
1048 1100
1049 1102
1050 1073
1051 1110
1052 1107
1053 1113
1054 1116
1055 1108
1056 1112
1057 1114
1058 557
1059 1671
1060 1122
1061 1111
1062 1133
1063 1144
1064 1118
1065 1120
1066 1115
1067 1125
1068 1128
1069 1124
1070 1126
1071 563
1072 1689
1073 1131
1074 1134
1075 1130
1076 1132
1077 1136
1078 1138
1079 569
1080 1707
1081 1140
1082 1121
1083 1159
1084 1178
1085 1142
1086 571
1087 1713
1088 1143
1089 1146
1090 1148
1091 1141
1092 1155
1093 1135
1094 1145
1095 1150
1096 1152
1097 1154
1098 577
1099 1731
1100 1158
1101 1156
1102 1139
1103 1173
1104 1161
1105 1164
1106 1160
1107 1162
1108 1166
1109 1168
1110 1170
1111 1157
1112 1183
1113 1169
1114 1176
1115 1172
1116 1174
1117 587
1118 1761
1119 1179
1120 1182
1121 1180
1122 1165
1123 1175
1124 1185
1125 1188
1126 1177
1127 1199
1128 1210
1129 1184
1130 1147
1131 1209
1132 1194
1133 1186
1134 593
1135 1779
1136 1197
1137 1190
1138 1192
1139 1196
1140 1198
1141 599
1142 1797
1143 1200
1144 1195
1145 1205
1146 1215
1147 1206
1148 1202
1149 601
1150 1803
1151 1212
1152 1204
1153 1208
1154 1214
1155 607
1156 1821
1157 1218
1158 1189
1159 1230
1160 1216
1161 1220
1162 1222
1163 1224
1164 1207
1165 1241
1166 1258
1167 1221
1168 1232
1169 1211
1170 1225
1171 1235
1172 1240
1173 1226
1174 613
1175 1839
1176 1233
1177 1236
1178 1228
1179 1234
1180 617
1181 1851
1182 1239
1183 1242
1184 1219
1185 1265
1186 1243
1187 1254
1188 1238
1189 619
1190 1857
1191 1245
1192 1248
1193 1244
1194 1246
1195 1250
1196 1252
1197 1256
1198 1260
1199 1251
1200 1266
1201 1262
1202 631
1203 1893
1204 1269
1205 1272
1206 1264
1207 1268
1208 1270
1209 1255
1210 1275
1211 1278
1212 1274
1213 1253
1214 1267
1215 1281
1216 1284
1217 1276
1218 1247
1219 1290
1220 1280
1221 1282
1222 641
1223 1923
1224 1287
1225 1261
1226 1300
1227 1285
1228 1295
1229 1288
1230 1286
1231 643
1232 1929
1233 1296
1234 1292
1235 1273
1236 1311
1237 1302
1238 1271
1239 1312
1240 1294
1241 647
1242 1941
1243 1305
1244 1308
1245 1298
1246 1304
1247 1306
1248 653
1249 1959
1250 1314
1251 1310
1252 1315
1253 1320
1254 1309
1255 1316
1256 1318
1257 659
1258 1977
1259 1323
1260 1326
1261 1313
1262 1339
1263 1352
1264 1322
1265 661
1266 1983
1267 1332
1268 1324
1269 1328
1270 1330
1271 1325
1272 1335
1273 1338
1274 1334
1275 1336
1276 1340
1277 1342
1278 1331
1279 1353
1280 1341
1281 1344
1282 1337
1283 1351
1284 1358
1285 1346
1286 673
1287 2019
1288 1350
1289 1345
1290 1355
1291 1360
1292 1343
1293 1377
1294 1356
1295 1348
1296 1354
1297 677
1298 2031
1299 1359
1300 1362
1301 1364
1302 1333
1303 1376
1304 1366
1305 683
1306 2049
1307 1365
1308 1368
1309 1349
1310 1387
1311 1406
1312 1369
1313 1443
1314 1374
1315 1370
1316 1372
1317 1378
1318 1380
1319 1357
1320 1403
1321 1426
1322 1382
1323 691
1324 2073
1325 1386
1326 1375
1327 1385
1328 1390
1329 1384
1330 1388
1331 1392
1332 1363
1333 1410
1334 1394
1335 1396
1336 1398
1337 1395
1338 1400
1339 1379
1340 1393
1341 1407
1342 1404
1343 1391
1344 1417
1345 1430
1346 1397
1347 1408
1348 1402
1349 701
1350 2103
1351 1413
1352 1416
1353 1412
1354 1414
1355 1418
1356 709
1357 2127
1358 1419
1359 1422
1360 1420
1361 1405
1362 1415
1363 1425
1364 1428
1365 1411
1366 1445
1367 1435
1368 1421
1369 1442
1370 1424
1371 1432
1372 1434
1373 1431
1374 1440
1375 1436
1376 1438
1377 719
1378 2157
1379 1446
1380 1444
1381 1448
1382 1450
1383 1452
1384 1441
1385 1463
1386 1449
1387 1455
1388 1458
1389 1454
1390 727
1391 2181
1392 1464
1393 1456
1394 1460
1395 1462
1396 1466
1397 733
1398 2199
1399 1467
1400 1470
1401 1465
1402 1475
1403 1480
1404 1468
1405 1472
1406 1474
1407 1476
1408 1478
1409 739
1410 2217
1411 1479
1412 1482
1413 1469
1414 1495
1415 1485
1416 1488
1417 1457
1418 1504
1419 1484
1420 1477
1421 1491
1422 1494
1423 1486
1424 743
1425 2229
1426 1500
1427 1490
1428 1492
1429 1496
1430 1498
1431 1502
1432 751
1433 2253
1434 1503
1435 1506
1436 1508
1437 1510
1438 1505
1439 1512
1440 1514
1441 757
1442 2271
1443 1515
1444 1518
1445 1507
1446 1529
1447 1540
1448 1516
1449 1520
1450 1501
1451 1539
1452 1521
1453 1524
1454 1522
1455 761
1456 2283
1457 1530
1458 1513
1459 1547
1460 1519
1461 1526
1462 1528
1463 1532
1464 1534
1465 1536
1466 1533
1467 1542
1468 1538
1469 769
1470 2307
1471 1545
1472 1525
1473 1535
1474 1550
1475 1544
1476 1546
1477 773
1478 2319
1479 1548
1480 1551
1481 1554
1482 1517
1483 1558
1484 1552
1485 1556
1486 1560
1487 1555
1488 1565
1489 1570
1490 1562
1491 1564
1492 1541
1493 1587
1494 1557
1495 1566
1496 1537
1497 1590
1498 1568
1499 1561
1500 1575
1501 1572
1502 1574
1503 787
1504 2361
1505 1578
1506 1576
1507 1580
1508 1582
1509 1584
1510 1573
1511 1586
1512 1588
1513 1592
1514 1594
1515 797
1516 2391
1517 1581
1518 1593
1519 1596
1520 1577
1521 1615
1522 1585
1523 1595
1524 1600
1525 1598
1526 1602
1527 1599
1528 1605
1529 1608
1530 1604
1531 1606
1532 1610
1533 1589
1534 1603
1535 1617
1536 1611
1537 1614
1538 1612
1539 1616
1540 1618
1541 809
1542 2427
1543 1620
1544 1622
1545 811
1546 2433
1547 1626
1548 1624
1549 1628
1550 1591
1551 1634
1552 1630
1553 1625
1554 1635
1555 1629
1556 1632
1557 1636
1558 1638
1559 1631
1560 1645
1561 1640
1562 1642
1563 821
1564 2463
1565 1644
1566 1646
1567 823
1568 2469
1569 1647
1570 1650
1571 1639
1572 1661
1573 1672
1574 1648
1575 1652
1576 1654
1577 827
1578 2481
1579 1653
1580 1656
1581 1633
1582 1679
1583 1702
1584 1658
1585 829
1586 2487
1587 1659
1588 1662
1589 1660
1590 1655
1591 1665
1592 1668
1593 1664
1594 1651
1595 1677
1596 1674
1597 1643
1598 1696
1599 1666
1600 1649
1601 1683
1602 1680
1603 1670
1604 1675
1605 1685
1606 1690
1607 1676
1608 1678
1609 839
1610 2517
1611 1686
1612 1682
1613 1684
1614 1688
1615 1692
1616 1694
1617 1673
1618 1687
1619 1701
1620 1695
1621 1698
1622 1700
1623 1704
1624 1706
1625 853
1626 2559
1627 1710
1628 1691
1629 1729
1630 1703
1631 1716
1632 1705
1633 1715
1634 1708
1635 1712
1636 1714
1637 857
1638 2571
1639 1719
1640 1722
1641 1681
1642 1763
1643 1720
1644 1718
1645 859
1646 2577
1647 1725
1648 1728
1649 1724
1650 1726
1651 863
1652 2589
1653 1734
1654 1717
1655 1751
1656 1768
1657 1730
1658 1732
1659 1736
1660 1738
1661 1727
1662 1749
1663 1737
1664 1740
1665 1711
1666 1769
1667 1798
1668 1742
1669 1744
1670 1746
1671 1743
1672 1750
1673 1735
1674 1745
1675 1755
1676 1752
1677 1748
1678 1754
1679 877
1680 2631
1681 1758
1682 1756
1683 1760
1684 1762
1685 881
1686 2643
1687 1764
1688 1757
1689 1771
1690 1778
1691 1766
1692 883
1693 2649
1694 1767
1695 1770
1696 1765
1697 1775
1698 1780
1699 1772
1700 1774
1701 887
1702 2661
1703 1773
1704 1776
1705 1739
1706 1786
1707 1782
1708 1784
1709 1788
1710 1785
1711 1790
1712 1792
1713 1794
1714 1781
1715 1807
1716 1820
1717 1795
1718 1800
1719 1791
1720 1806
1721 1796
1722 1802
1723 1804
1724 1793
1725 1815
1726 1805
1727 1810
1728 1808
1729 1812
1730 1809
1731 1818
1732 1814
1733 907
1734 2721
1735 1824
1736 1816
1737 1822
1738 911
1739 2733
1740 1827
1741 1799
1742 1813
1743 1834
1744 1826
1745 1828
1746 1830
1747 1825
1748 1835
1749 1840
1750 1817
1751 1863
1752 1833
1753 1836
1754 1819
1755 1853
1756 1870
1757 1832
1758 1838
1759 919
1760 2757
1761 1842
1762 1844
1763 1846
1764 1848
1765 1837
1766 1859
1767 1872
1768 1845
1769 1850
1770 1852
1771 1854
1772 1856
1773 1858
1774 929
1775 2787
1776 1860
1777 1829
1778 1888
1779 1862
1780 1841
1781 1855
1782 1865
1783 1875
1784 1866
1785 1864
1786 1868
1787 1874
1788 937
1789 2811
1790 1869
1791 1876
1792 1878
1793 1880
1794 1882
1795 941
1796 2823
1797 1881
1798 1843
1799 1900
1800 1884
1801 1886
1802 1890
1803 1883
1804 1897
1805 1904
1806 1887
1807 1896
1808 1892
1809 1849
1810 1935
1811 1885
1812 1895
1813 1905
1814 1899
1815 1902
1816 1894
1817 947
1818 2841
1819 1908
1820 1898
1821 1906
1822 953
1823 2859
1824 1911
1825 1914
1826 1903
1827 1925
1828 1910
1829 1912
1830 1916
1831 1918
1832 1920
1833 1915
1834 1930
1835 1922
1836 1891
1837 1952
1838 1924
1839 1926
1840 1917
1841 1932
1842 1909
1843 1955
1844 1921
1845 1938
1846 1919
1847 1957
1848 1976
1849 1928
1850 1934
1851 967
1852 2901
1853 1944
1854 1936
1855 1940
1856 1942
1857 971
1858 2913
1859 1947
1860 1950
1861 1937
1862 1963
1863 1989
1864 1953
1865 1939
1866 1946
1867 1948
1868 1954
1869 977
1870 2931
1871 1956
1872 1958
1873 1960
1874 1945
1875 1965
1876 1962
1877 1964
1878 1966
1879 983
1880 2949
1881 1968
1882 1927
1883 1974
1884 1967
1885 1981
1886 1988
1887 1970
1888 1972
1889 1943
1890 2001
1891 1971
1892 1980
1893 1969
1894 1991
1895 2002
1896 1978
1897 1982
1898 991
1899 2973
1900 1986
1901 1984
1902 1990
1903 1975
1904 1985
1905 1995
1906 1992
1907 1994
1908 997
1909 2991
1910 1998
1911 1961
1912 2014
1913 1996
1914 2000
1915 2004
1916 2006
1917 2008
1918 2010
1919 2005
1920 2015
1921 2020
1922 2012
1923 2016
1924 2007
1925 2013
1926 2022
1927 2018
1928 1009
1929 3027
1930 2025
1931 2028
1932 2024
1933 2026
1934 1013
1935 3039
1936 2034
1937 2030
1938 2009
1939 2023
1940 2037
1941 2040
1942 2032
1943 2036
1944 2038
1945 1019
1946 3057
1947 2043
1948 2046
1949 2035
1950 2045
1951 2050
1952 2042
1953 1021
1954 3063
1955 2052
1956 2033
1957 2071
1958 2090
1959 2044
1960 2048
1961 2054
1962 2041
1963 2067
1964 2055
1965 2058
1966 2051
1967 2065
1968 2060
1969 2056
1970 2062
1971 1031
1972 3093
1973 2061
1974 2064
1975 2021
1976 2068
1977 2057
1978 2074
1979 2066
1980 1033
1981 3099
1982 2070
1983 2047
1984 2093
1985 2072
1986 2076
1987 2078
1988 1039
1989 3117
1990 2079
1991 2082
1992 2080
1993 2075
1994 2085
1995 2088
1996 2059
1997 2117
1998 2146
1999 2084
2000 2086
2001 2092
2002 2094
2003 2091
2004 2097
2005 2100
2006 2095
2007 2105
2008 2110
2009 2096
2010 2098
2011 1049
2012 3147
2013 2106
2014 2102
2015 1051
2016 3153
2017 2109
2018 2112
2019 2101
2020 2123
2021 2134
2022 2104
2023 2108
2024 2077
2025 2139
2026 2115
2027 2118
2028 2114
2029 2107
2030 2121
2031 2124
2032 2116
2033 2120
2034 2122
2035 1061
2036 3183
2037 2130
2038 2125
2039 2135
2040 2128
2041 2126
2042 1063
2043 3189
2044 2133
2045 2136
2046 2132
2047 2119
2048 2145
2049 2140
2050 2138
2051 1069
2052 3207
2053 2142
2054 2144
2055 2148
2056 2150
2057 2152
2058 2154
2059 2151
2060 2160
2061 2155
2062 2165
2063 2170
2064 2149
2065 2156
2066 2158
2067 2162
2068 2164
2069 2166
2070 2147
2071 2185
2072 2175
2073 2163
2074 2169
2075 2172
2076 2168
2077 2174
2078 1087
2079 3261
2080 2178
2081 2167
2082 2189
2083 2200
2084 2176
2085 2159
2086 2193
2087 2184
2088 2171
2089 2197
2090 2210
2091 2180
2092 2182
2093 1091
2094 3273
2095 2187
2096 2190
2097 2186
2098 1093
2099 3279
2100 2196
2101 2188
2102 2192
2103 2194
2104 1097
2105 3291
2106 2202
2107 2198
2108 2177
2109 2191
2110 2205
2111 2195
2112 2215
2113 2220
2114 2183
2115 2242
2116 2204
2117 2206
2118 1103
2119 3309
2120 2208
2121 2211
2122 2214
2123 2173
2124 2226
2125 2212
2126 2216
2127 2218
2128 1109
2129 3327
2130 2223
2131 2232
2132 2201
2133 2263
2134 2294
2135 2222
2136 2224
2137 2228
2138 2230
2139 2225
2140 2235
2141 2238
2142 2234
2143 1117
2144 3351
2145 2241
2146 2244
2147 2227
2148 2261
2149 2219
2150 2233
2151 2240
2152 2236
2153 2246
2154 1123
2155 3369
2156 2247
2157 2250
2158 2245
2159 2255
2160 2260
2161 2248
2162 2252
2163 2254
2164 2231
2165 2277
2166 2256
2167 2209
2168 2303
2169 2268
2170 2258
2171 1129
2172 3387
2173 2259
2174 2262
2175 2249
2176 2275
2177 2265
2178 2270
2179 2264
2180 2266
2181 2272
2182 2274
2183 2276
2184 2278
2185 2280
2186 2282
2187 2284
2188 2286
2189 2288
2190 2290
2191 2285
2192 2295
2193 2289
2194 2292
2195 2296
2196 2298
2197 2300
2198 2302
2199 1151
2200 3453
2201 2301
2202 2304
2203 2306
2204 1153
2205 3459
2206 2310
2207 2299
2208 2318
2209 2257
2210 2331
2211 2313
2212 2316
2213 2308
2214 2312
2215 2314
2216 2320
2217 2291
2218 2349
2219 2322
2220 2279
2221 2332
2222 2321
2223 2343
2224 2325
2225 2305
2226 2315
2227 2330
2228 2324
2229 2317
2230 2338
2231 2326
2232 1163
2233 3489
2234 2328
2235 2334
2236 2336
2237 2340
2238 2327
2239 2353
2240 2366
2241 2342
2242 1171
2243 3513
2244 2337
2245 2346
2246 2323
2247 2369
2248 2392
2249 2344
2250 2348
2251 2350
2252 2335
2253 2345
2254 2352
2255 2354
2256 2356
2257 2358
2258 2355
2259 2360
2260 2362
2261 1181
2262 3543
2263 2364
2264 2367
2265 2370
2266 2365
2267 2375
2268 2380
2269 2329
2270 2363
2271 2397
2272 2373
2273 2359
2274 2387
2275 2376
2276 2368
2277 2372
2278 2374
2279 1187
2280 3561
2281 2379
2282 2382
2283 2378
2284 2384
2285 2386
2286 1193
2287 3579
2288 2385
2289 2388
2290 2390
2291 2394
2292 2396
2293 2398
2294 2400
2295 2395
2296 2405
2297 2410
2298 2402
2299 1201
2300 3603
2301 2403
2302 2406
2303 2404
2304 2408
2305 2401
2306 2415
2307 2409
2308 2412
2309 2414
2310 2416
2311 2418
2312 2420
2313 2422
2314 2424
2315 2421
2316 2430
2317 2425
2318 2435
2319 2440
2320 2426
2321 1213
2322 3639
2323 2436
2324 2407
2325 2465
2326 2431
2327 2442
2328 2428
2329 2432
2330 2413
2331 2451
2332 2439
2333 2445
2334 2448
2335 2434
2336 1217
2337 3651
2338 2454
2339 2438
2340 2444
2341 2446
2342 1223
2343 3669
2344 2457
2345 2429
2346 2443
2347 2450
2348 2452
2349 2456
2350 2458
2351 1229
2352 3687
2353 2460
2354 2419
2355 2478
2356 2462
2357 1231
2358 3693
2359 2466
2360 2464
2361 2453
2362 2475
2363 2455
2364 2470
2365 2468
2366 2472
2367 2474
2368 1237
2369 3711
2370 2484
2371 2461
2372 2507
2373 2530
2374 2476
2375 2480
2376 2449
2377 2511
2378 2490
2379 2482
2380 2486
2381 2488
2382 2492
2383 2471
2384 2485
2385 2495
2386 2500
2387 2494
2388 2496
2389 2483
2390 2509
2391 2522
2392 2498
2393 1249
2394 3747
2395 2493
2396 2499
2397 2502
2398 2504
2399 2506
2400 2508
2401 2489
2402 2527
2403 2513
2404 2520
2405 2505
2406 2510
2407 2512
2408 2514
2409 2516
2410 2479
2411 2546
2412 2518
2413 1259
2414 3777
2415 2523
2416 2526
2417 2524
2418 2528
2419 2532
2420 2529
2421 2535
2422 2515
2423 2525
2424 2540
2425 2534
2426 2536
2427 2538
2428 2491
2429 2544
2430 2541
2431 2497
2432 2519
2433 2552
2434 2542
2435 2501
2436 2562
2437 2547
2438 2550
2439 2533
2440 2567
2441 2584
2442 2548
2443 2554
2444 1277
2445 3831
2446 2553
2447 2556
2448 2558
2449 1279
2450 3837
2451 2565
2452 2545
2453 2555
2454 2560
2455 2564
2456 2566
2457 1283
2458 3849
2459 2568
2460 2570
2461 2572
2462 2574
2463 2561
2464 2587
2465 2600
2466 2575
2467 2580
2468 2537
2469 2596
2470 2563
2471 2585
2472 2590
2473 2569
2474 2576
2475 2578
2476 1289
2477 3867
2478 2583
2479 2586
2480 2582
2481 1291
2482 3873
2483 2592
2484 2588
2485 2594
2486 1297
2487 3891
2488 2595
2489 2598
2490 2601
2491 2604
2492 2573
2493 2635
2494 2605
2495 2610
2496 2581
2497 2639
2498 2597
2499 2611
2500 2618
2501 2602
2502 1301
2503 3903
2504 2607
2505 2613
2506 2616
2507 2606
2508 1303
2509 3909
2510 2619
2511 2622
2512 2599
2513 2645
2514 2615
2515 2620
2516 2608
2517 2612
2518 2614
2519 1307
2520 3921
2521 2625
2522 2628
2523 2624
2524 2626
2525 2630
2526 2632
2527 2634
2528 2636
2529 2638
2530 1319
2531 3957
2532 2637
2533 2640
2534 2629
2535 2651
2536 2662
2537 2642
2538 1321
2539 3963
2540 2646
2541 2644
2542 2648
2543 2650
2544 2652
2545 2654
2546 1327
2547 3981
2548 2655
2549 2658
2550 2656
2551 2660
2552 2603
2553 2641
2554 2679
2555 2664
2556 2627
2557 2698
2558 2666
2559 2623
2560 2684
2561 2668
2562 2670
2563 2665
2564 2675
2565 2680
2566 2672
2567 2674
2568 2653
2569 2667
2570 2673
2571 2676
2572 2678
2573 2682
2574 2685
2575 2688
2576 2681
2577 2695
2578 2690
2579 2686
2580 2669
2581 2703
2582 2691
2583 2694
2584 2692
2585 2696
2586 2700
2587 2697
2588 2706
2589 2702
2590 2704
2591 2708
2592 2710
2593 2705
2594 2715
2595 2709
2596 2712
2597 2714
2598 2716
2599 2718
2600 2720
2601 2722
2602 1361
2603 4083
2604 2724
2605 2726
2606 2728
2607 2717
2608 2730
2609 2723
2610 2737
2611 2744
2612 2732
2613 2734
2614 1367
2615 4101
2616 2727
2617 2736
2618 2738
2619 2701
2620 2774
2621 2740
2622 2725
2623 2735
2624 2745
2625 2739
2626 2742
2627 2746
2628 1373
2629 4119
2630 2748
2631 2750
2632 2752
2633 2754
2634 2751
2635 2758
2636 2756
2637 2743
2638 2769
2639 2760
2640 2755
2641 2765
2642 2770
2643 2762
2644 1381
2645 4143
2646 2763
2647 2766
2648 2764
2649 2768
2650 2772
2651 2761
2652 2783
2653 2794
2654 2776
2655 2778
2656 2775
2657 2780
2658 2782
2659 2784
2660 2781
2661 2790
2662 2759
2663 2821
2664 2779
2665 2786
2666 2788
2667 2747
2668 2814
2669 2792
2670 2796
2671 2793
2672 2799
2673 2802
2674 2798
2675 1399
2676 4197
2677 2805
2678 2771
2679 2822
2680 2800
2681 2785
2682 2795
2683 2808
2684 2804
2685 2806
2686 2810
2687 2812
2688 2816
2689 2818
2690 1409
2691 4227
2692 2817
2693 2820
2694 2773
2695 2832
2696 2824
2697 2826
2698 2828
2699 2807
2700 2835
2701 2815
2702 2825
2703 2830
2704 2834
2705 2836
2706 2838
2707 2827
2708 2849
2709 2842
2710 2813
2711 2871
2712 2829
2713 2844
2714 2840
2715 2845
2716 2850
2717 2831
2718 2869
2719 2888
2720 2846
2721 1423
2722 4269
2723 2847
2724 2853
2725 2856
2726 2839
2727 2873
2728 2860
2729 2848
2730 2852
2731 2854
2732 1427
2733 4281
2734 2862
2735 2809
2736 2915
2737 2855
2738 2865
2739 2868
2740 2858
2741 1429
2742 4287
2743 2874
2744 2864
2745 2866
2746 1433
2747 4299
2748 2877
2749 2863
2750 2870
2751 2872
2752 2876
2753 2878
2754 1439
2755 4317
2756 2880
2757 2875
2758 2885
2759 2890
2760 2882
2761 2884
2762 2886
2763 2883
2764 2889
2765 2892
2766 2894
2767 1447
2768 4341
2769 2895
2770 2898
2771 2891
2772 2905
2773 2900
2774 2896
2775 2902
2776 1451
2777 4353
2778 2904
2779 2893
2780 2926
2781 2906
2782 1453
2783 4359
2784 2907
2785 2910
2786 2908
2787 2912
2788 2899
2789 2925
2790 2916
2791 2914
2792 2867
2793 2928
2794 2918
2795 1459
2796 4377
2797 2919
2798 2922
2799 2920
2800 2924
2801 2881
2802 2948
2803 2930
2804 2932
2805 2934
2806 2936
2807 2938
2808 2940
2809 2933
2810 2947
2811 2954
2812 2942
2813 1471
2814 4413
2815 2937
2816 2943
2817 2946
2818 2944
2819 2921
2820 2967
2821 2952
2822 2911
2823 2982
2824 2950
2825 2935
2826 2945
2827 2955
2828 2958
2829 2929
2830 2987
2831 3016
2832 2951
2833 2964
2834 2956
2835 2960
2836 2923
2837 2997
2838 2961
2839 2968
2840 2962
2841 1481
2842 4443
2843 2970
2844 2959
2845 2981
2846 2992
2847 2941
2848 2975
2849 2965
2850 2980
2851 2966
2852 1483
2853 4449
2854 2976
2855 2972
2856 2974
2857 1487
2858 4461
2859 2979
2860 2985
2861 2988
2862 2978
2863 1489
2864 4467
2865 2994
2866 2984
2867 2986
2868 1493
2869 4479
2870 3000
2871 2990
2872 2977
2873 3003
2874 2989
2875 2996
2876 2998
2877 1499
2878 4497
2879 3006
2880 3002
2881 2983
2882 3021
2883 3009
2884 3012
2885 3004
2886 3008
2887 3010
2888 2995
2889 3005
2890 3015
2891 3018
2892 3014
2893 3020
2894 3022
2895 1511
2896 4533
2897 3024
2898 3017
2899 3031
2900 3038
2901 3007
2902 3069
2903 3025
2904 3030
2905 3026
2906 3028
2907 3032
2908 3034
2909 2993
2910 3066
2911 3033
2912 3036
2913 3013
2914 3059
2915 3040
2916 3035
2917 3045
2918 3042
2919 3029
2920 3055
2921 3050
2922 3044
2923 3046
2924 1523
2925 4569
2926 3048
2927 3051
2928 3054
2929 3052
2930 3056
2931 3058
2932 3047
2933 3080
2934 3060
2935 3043
2936 3077
2937 3094
2938 3062
2939 1531
2940 4593
2941 3072
2942 3064
2943 3068
2944 3070
2945 3065
2946 3075
2947 3078
2948 3074
2949 3076
2950 3082
2951 3084
2952 3081
2953 3087
2954 3073
2955 3101
2956 3108
2957 3071
2958 3145
2959 3085
2960 3090
2961 3086
2962 1543
2963 4629
2964 3096
2965 3053
2966 3124
2967 3088
2968 3092
2969 3098
2970 1549
2971 4647
2972 3102
2973 3091
2974 3113
2975 3135
2976 3095
2977 3100
2978 3104
2979 3106
2980 1553
2981 4659
2982 3105
2983 3110
2984 3112
2985 3114
2986 3111
2987 3120
2988 3107
2989 3133
2990 3146
2991 3116
2992 3097
2993 3154
2994 3118
2995 1559
2996 4677
2997 3123
2998 3126
2999 3122
3000 3115
3001 3125
3002 3130
3003 3128
3004 3132
3005 3103
3006 3161
3007 3190
3008 3134
3009 1567
3010 4701
3011 3129
3012 3136
3013 3138
3014 3140
3015 3142
3016 1571
3017 4713
3018 3141
3019 3144
3020 3148
3021 3150
3022 3143
3023 3157
3024 3164
3025 3152
3026 3156
3027 3158
3028 1579
3029 4737
3030 3159
3031 3162
3032 3131
3033 3193
3034 3224
3035 3160
3036 3155
3037 3165
3038 3168
3039 3166
3040 1583
3041 4749
3042 3171
3043 3174
3044 3151
3045 3197
3046 3220
3047 3170
3048 3172
3049 3176
3050 3178
3051 3180
3052 3127
3053 3186
3054 3177
3055 3192
3056 3173
3057 3211
3058 3185
3059 3175
3060 3195
3061 3198
3062 3182
3063 3139
3064 3212
3065 3179
3066 3196
3067 3149
3068 3216
3069 3184
3070 3188
3071 3194
3072 1597
3073 4791
3074 3201
3075 3204
3076 3200
3077 3202
3078 1601
3079 4803
3080 3210
3081 3205
3082 3215
3083 3225
3084 3213
3085 3199
3086 3206
3087 3208
3088 3214
3089 1607
3090 4821
3091 3219
3092 3222
3093 3218
3094 1609
3095 4827
3096 3228
3097 3226
3098 1613
3099 4839
3100 3231
3101 3234
3102 3223
3103 3245
3104 3230
3105 3232
3106 3236
3107 3238
3108 1619
3109 4857
3110 3237
3111 3240
3112 3235
3113 3250
3114 3242
3115 1621
3116 4863
3117 3243
3118 3246
3119 3244
3120 3248
3121 3227
3122 3241
3123 3255
3124 3249
3125 3252
3126 3254
3127 1627
3128 4881
3129 3258
3130 3256
3131 3260
3132 3262
3133 3264
3134 3247
3135 3281
3136 3298
3137 3266
3138 3268
3139 3270
3140 3265
3141 3275
3142 3280
3143 3239
3144 3318
3145 3267
3146 3276
3147 3263
3148 3289
3149 3278
3150 3272
3151 3274
3152 1637
3153 4911
3154 3282
3155 3284
3156 3286
3157 3233
3158 3294
3159 3285
3160 3288
3161 3290
3162 3269
3163 3283
3164 3297
3165 3300
3166 3292
3167 3296
3168 3302
3169 3304
3170 3306
3171 3277
3172 3335
3173 3295
3174 3305
3175 3310
3176 3308
3177 3312
3178 3303
3179 3315
3180 3320
3181 3314
3182 1657
3183 4971
3184 3321
3185 3324
3186 3316
3187 3322
3188 3311
3189 3325
3190 3287
3191 3344
3192 3326
3193 1663
3194 4989
3195 3330
3196 3293
3197 3367
3198 3328
3199 3332
3200 3334
3201 1667
3202 5001
3203 3333
3204 3336
3205 3338
3206 1669
3207 5007
3208 3339
3209 3342
3210 3340
3211 3345
3212 3348
3213 3317
3214 3379
3215 3410
3216 3346
3217 3350
3218 3352
3219 3354
3220 3341
3221 3380
3222 3355
3223 3360
3224 3353
3225 3374
3226 3356
3227 3358
3228 3362
3229 3364
3230 3366
3231 3349
3232 3383
3233 3400
3234 3365
3235 3370
3236 3368
3237 3372
3238 3357
3239 3363
3240 3375
3241 3378
3242 3376
3243 3382
3244 3384
3245 3337
3246 3408
3247 3381
3248 3388
3249 3377
3250 3399
3251 3390
3252 3385
3253 3395
3254 3402
3255 3386
3256 1693
3257 5079
3258 3393
3259 3396
3260 3392
3261 3394
3262 1697
3263 5091
3264 3405
3265 3411
3266 3414
3267 3398
3268 1699
3269 5097
3270 3417
3271 3420
3272 3401
3273 3439
3274 3458
3275 3404
3276 3406
3277 3412
3278 3416
3279 3409
3280 3423
3281 3426
3282 3418
3283 1709
3284 5127
3285 3429
3286 3432
3287 3419
3288 3445
3289 3415
3290 3425
3291 3430
3292 3422
3293 3424
3294 3428
3295 3434
3296 3436
3297 3438
3298 3435
3299 3440
3300 3397
3301 3476
3302 3421
3303 3443
3304 3454
3305 3442
3306 1721
3307 5163
3308 3441
3309 3444
3310 3403
3311 3485
3312 3450
3313 3427
3314 3473
3315 3496
3316 3446
3317 1723
3318 5169
3319 3447
3320 3456
3321 3448
3322 3452
3323 3460
3324 3455
3325 3465
3326 3437
3327 3451
3328 3468
3329 3462
3330 3464
3331 3466
3332 1733
3333 5199
3334 3471
3335 3474
3336 3470
3337 3472
3338 3478
3339 3431
3340 3504
3341 3477
3342 3480
3343 3475
3344 3490
3345 3482
3346 1741
3347 5223
3348 3483
3349 3486
3350 3479
3351 3493
3352 3500
3353 3484
3354 3488
3355 3492
3356 3494
3357 1747
3358 5241
3359 3495
3360 3498
3361 3487
3362 3509
3363 3520
3364 3502
3365 3506
3366 1753
3367 5259
3368 3501
3369 3507
3370 3510
3371 3497
3372 3523
3373 3536
3374 3508
3375 3512
3376 3514
3377 3516
3378 3518
3379 1759
3380 5277
3381 3519
3382 3522
3383 3524
3384 3526
3385 3528
3386 3521
3387 3535
3388 3505
3389 3515
3390 3525
3391 3530
3392 3532
3393 3534
3394 3503
3395 3565
3396 3540
3397 3481
3398 3599
3399 3538
3400 3542
3401 3531
3402 3537
3403 3546
3404 3544
3405 3548
3406 3550
3407 3545
3408 3555
3409 3549
3410 3552
3411 3554
3412 1777
3413 5331
3414 3558
3415 3556
3416 3560
3417 3562
3418 3564
3419 3553
3420 3570
3421 3563
3422 3577
3423 3584
3424 3566
3425 1783
3426 5349
3427 3567
3428 3573
3429 3576
3430 3568
3431 3572
3432 3574
3433 1787
3434 5361
3435 3582
3436 3578
3437 1789
3438 5367
3439 3585
3440 3575
3441 3580
3442 3586
3443 3588
3444 3590
3445 3592
3446 3594
3447 3591
3448 3597
3449 3600
3450 3595
3451 3605
3452 3598
3453 3596
3454 3602
3455 1801
3456 5403
3457 3606
3458 3604
3459 3551
3460 3618
3461 3608
3462 3610
3463 3612
3464 3569
3465 3652
3466 3614
3467 3601
3468 3627
3469 3609
3470 3615
3471 3620
3472 3616
3473 3622
3474 1811
3475 5433
3476 3621
3477 3587
3478 3638
3479 3624
3480 3626
3481 3589
3482 3663
3483 3619
3484 3630
3485 3625
3486 3635
3487 3640
3488 3628
3489 3632
3490 3634
3491 3611
3492 3657
3493 3633
3494 3636
3495 3642
3496 3644
3497 3646
3498 1823
3499 5469
3500 3645
3501 3648
3502 3629
3503 3667
3504 3686
3505 3650
3506 3654
3507 3647
3508 3661
3509 3668
3510 3656
3511 3658
3512 3660
3513 3655
3514 3665
3515 3670
3516 3662
3517 1831
3518 5493
3519 3666
3520 3653
3521 3679
3522 3692
3523 3664
3524 3672
3525 3674
3526 3641
3527 3685
3528 3675
3529 3678
3530 3676
3531 3680
3532 3682
3533 3684
3534 3681
3535 3690
3536 3649
3537 3731
3538 3689
3539 3696
3540 3688
3541 3694
3542 1847
3543 5541
3544 3699
3545 3702
3546 3698
3547 3700
3548 3695
3549 3705
3550 3708
3551 3704
3552 3706
3553 3710
3554 3703
3555 3717
3556 3714
3557 3712
3558 3683
3559 3741
3560 3720
3561 3715
3562 3725
3563 3730
3564 3716
3565 3718
3566 3707
3567 3729
3568 3723
3569 3726
3570 3722
3571 1861
3572 5583
3573 3732
3574 3724
3575 3728
3576 3734
3577 1867
3578 5601
3579 3735
3580 3738
3581 3736
3582 3740
3583 3742
3584 1871
3585 5613
3586 3744
3587 3746
3588 1873
3589 5619
3590 3750
3591 3745
3592 3752
3593 3748
3594 3754
3595 1877
3596 5631
3597 3753
3598 3756
3599 3758
3600 1879
3601 5637
3602 3759
3603 3762
3604 3743
3605 3781
3606 3800
3607 3755
3608 3760
3609 3713
3610 3792
3611 3764
3612 3766
3613 3768
3614 3765
3615 3770
3616 3757
3617 3774
3618 3737
3619 3811
3620 3848
3621 3772
3622 3749
3623 3795
3624 3751
3625 3773
3626 3780
3627 3771
3628 3783
3629 3786
3630 3776
3631 3778
3632 1889
3633 5667
3634 3789
3635 3798
3636 3782
3637 3721
3638 3843
3639 3787
3640 3794
3641 3784
3642 3788
3643 3790
3644 3775
3645 3785
3646 3805
3647 3810
3648 3796
3649 3802
3650 1901
3651 5703
3652 3801
3653 3804
3654 3806
3655 3808
3656 3791
3657 3825
3658 3807
3659 3813
3660 3816
3661 3763
3662 3834
3663 3812
3664 3814
3665 1907
3666 5721
3667 3819
3668 3822
3669 3809
3670 3835
3671 3815
3672 3820
3673 3818
3674 3824
3675 3826
3676 1913
3677 5739
3678 3828
3679 3799
3680 3857
3681 3829
3682 3836
3683 3830
3684 3832
3685 3838
3686 3840
3687 3842
3688 3844
3689 3846
3690 3850
3691 3817
3692 3839
3693 3861
3694 3852
3695 3854
3696 3856
3697 3858
3698 3855
3699 3845
3700 3860
3701 3862
3702 1931
3703 5793
3704 3864
3705 3841
3706 3887
3707 3874
3708 3866
3709 1933
3710 5799
3711 3870
3712 3827
3713 3913
3714 3871
3715 3878
3716 3868
3717 3872
3718 3876
3719 3859
3720 3893
3721 3910
3722 3865
3723 3875
3724 3880
3725 3882
3726 3879
3727 3885
3728 3888
3729 3884
3730 3886
3731 3890
3732 3892
3733 3894
3734 3883
3735 3905
3736 3895
3737 3900
3738 3896
3739 3898
3740 1949
3741 5847
3742 3897
3743 3906
3744 3899
3745 3920
3746 3902
3747 1951
3748 5853
3749 3912
3750 3904
3751 3908
3752 3914
3753 3916
3754 3918
3755 3915
3756 3924
3757 3922
3758 3869
3759 3942
3760 3926
3761 3928
3762 3930
3763 3925
3764 3935
3765 3940
3766 3932
3767 3934
3768 3927
3769 3933
3770 3936
3771 3938
3772 3944
3773 3946
3774 1973
3775 5919
3776 3939
3777 3945
3778 3948
3779 3901
3780 3984
3781 3950
3782 3952
3783 3954
3784 3951
3785 3960
3786 3949
3787 3971
3788 3982
3789 3956
3790 3958
3791 1979
3792 5937
3793 3966
3794 3962
3795 3941
3796 3955
3797 3965
3798 3970
3799 3964
3800 3968
3801 3937
3802 3999
3803 3969
3804 3972
3805 3974
3806 1987
3807 5961
3808 3975
3809 3978
3810 3961
3811 3995
3812 3980
3813 3976
3814 3983
3815 3990
3816 3985
3817 4000
3818 3986
3819 1993
3820 5979
3821 3987
3822 3993
3823 3996
3824 3959
3825 4033
3826 4070
3827 3988
3828 3992
3829 3994
3830 1997
3831 5991
3832 4002
3833 3973
3834 4031
3835 4060
3836 3997
3837 4004
3838 3991
3839 4017
3840 4005
3841 4008
3842 3998
3843 1999
3844 5997
3845 4011
3846 4014
3847 4006
3848 2003
3849 6009
3850 4020
3851 3953
3852 4012
3853 4010
3854 4015
3855 4025
3856 3979
3857 4048
3858 4016
3859 4018
3860 3977
3861 4059
3862 4023
3863 4026
3864 4022
3865 2011
3866 6033
3867 4029
3868 4032
3869 4024
3870 4028
3871 4009
3872 4047
3873 4035
3874 4030
3875 4034
3876 2017
3877 6051
3878 4038
3879 4036
3880 4040
3881 4042
3882 4044
3883 4041
3884 4050
3885 4045
3886 4055
3887 4065
3888 4053
3889 4039
3890 4046
3891 4052
3892 4054
3893 2027
3894 6081
3895 4056
3896 4043
3897 4069
3898 4082
3899 4058
3900 2029
3901 6087
3902 4062
3903 4064
3904 4066
3905 4068
3906 4071
3907 4074
3908 4067
3909 4081
3910 4037
3911 4092
3912 4061
3913 4123
3914 4085
3915 4075
3916 4080
3917 4063
3918 4097
3919 4114
3920 4072
3921 4076
3922 4078
3923 2039
3924 6117
3925 4077
3926 4086
3927 4084
3928 4088
3929 4090
3930 4094
3931 4096
3932 4098
3933 4089
3934 4095
3935 4100
3936 4102
3937 4104
3938 4106
3939 2053
3940 6159
3941 4107
3942 4110
3943 4105
3944 4115
3945 4120
3946 4108
3947 4112
3948 4116
3949 4109
3950 4130
3951 4118
3952 4122
3953 4113
3954 4125
3955 4103
3956 4136
3957 4124
3958 4126
3959 2063
3960 6189
3961 4128
3962 4131
3963 4134
3964 4121
3965 4147
3966 4158
3967 4132
3968 4138
3969 2069
3970 6207
3971 4137
3972 4140
3973 4117
3974 4163
3975 4186
3976 4142
3977 4144
3978 4146
3979 4148
3980 4087
3981 4154
3982 4150
3983 4135
3984 4145
3985 4155
3986 4149
3987 4152
3988 4156
3989 4160
3990 4162
3991 2081
3992 6243
3993 4161
3994 4164
3995 4166
3996 2083
3997 6249
3998 4167
3999 4170
4000 4165
4001 4151
4002 4172
4003 4168
4004 4174
4005 2087
4006 6261
4007 4173
4008 4176
4009 4178
4010 2089
4011 6267
4012 4179
4013 4182
4014 4141
4015 4223
4016 4264
4017 4180
4018 4169
4019 4191
4020 4185
4021 4175
4022 4190
4023 4184
4024 4188
4025 4192
4026 4194
4027 4196
4028 4198
4029 2099
4030 6297
4031 4200
4032 4193
4033 4207
4034 4214
4035 4171
4036 4257
4037 4202
4038 4204
4039 4206
4040 4203
4041 4209
4042 4212
4043 4199
4044 4216
4045 4208
4046 4210
4047 4195
4048 4205
4049 4215
4050 4218
4051 4181
4052 4255
4053 4220
4054 4222
4055 2111
4056 6333
4057 4221
4058 4224
4059 4213
4060 4235
4061 4225
4062 4230
4063 4183
4064 4272
4065 4226
4066 2113
4067 6339
4068 4233
4069 4236
4070 4228
4071 4232
4072 4234
4073 4238
4074 4240
4075 4187
4076 4266
4077 4239
4078 4242
4079 4244
4080 4246
4081 4248
4082 4189
4083 4260
4084 4245
4085 4250
4086 4252
4087 4254
4088 4251
4089 4263
4090 4249
4091 4256
4092 4237
4093 4275
4094 4265
4095 4270
4096 4258
4097 2129
4098 6387
4099 4278
4100 4247
4101 4309
4102 4340
4103 4262
4104 2131
4105 6393
4106 4284
4107 4267
4108 4301
4109 4268
4110 4274
4111 2137
4112 6411
4113 4290
4114 4276
4115 4280
4116 4282
4117 2141
4118 6423
4119 4293
4120 4296
4121 4286
4122 2143
4123 6429
4124 4302
4125 4288
4126 4292
4127 4294
4128 4298
4129 4277
4130 4291
4131 4305
4132 4285
4133 4295
4134 4300
4135 4304
4136 4306
4137 2153
4138 6459
4139 4308
4140 4310
4141 4312
4142 4279
4143 4323
4144 4311
4145 4314
4146 4316
4147 4303
4148 4329
4149 4320
4150 4315
4151 4325
4152 4330
4153 4318
4154 4322
4155 2161
4156 6483
4157 4326
4158 4319
4159 4333
4160 4347
4161 4324
4162 4328
4163 4332
4164 4313
4165 4351
4166 4370
4167 4334
4168 4336
4169 4338
4170 4335
4171 4344
4172 4342
4173 4346
4174 4348
4175 4350
4176 4321
4177 4379
4178 4408
4179 4352
4180 4354
4181 4356
4182 4345
4183 4355
4184 4360
4185 4358
4186 2179
4187 6537
4188 4362
4189 4364
4190 4366
4191 4307
4192 4380
4193 4365
4194 4368
4195 4361
4196 4375
4197 4382
4198 4372
4199 4374
4200 4371
4201 4383
4202 4386
4203 4343
4204 4429
4205 4472
4206 4376
4207 4378
4208 4367
4209 4389
4210 4392
4211 4331
4212 4402
4213 4384
4214 4388
4215 4390
4216 4385
4217 4395
4218 4398
4219 4394
4220 4381
4221 4407
4222 4401
4223 4404
4224 4396
4225 4400
4226 4405
4227 4410
4228 4403
4229 4369
4230 4420
4231 4406
4232 2203
4233 6609
4234 4416
4235 4393
4236 4439
4237 4462
4238 4412
4239 4414
4240 2207
4241 6621
4242 4419
4243 4422
4244 4411
4245 4433
4246 4444
4247 4418
4248 4424
4249 4417
4250 4431
4251 4425
4252 4415
4253 4430
4254 4426
4255 2213
4256 6639
4257 4428
4258 4387
4259 4469
4260 4510
4261 4432
4262 4434
4263 4436
4264 4438
4265 4440
4266 4435
4267 4445
4268 4450
4269 4442
4270 2221
4271 6663
4272 4437
4273 4446
4274 4427
4275 4465
4276 4455
4277 4452
4278 4399
4279 4482
4280 4448
4281 4454
4282 4456
4283 4458
4284 4460
4285 4464
4286 4466
4287 4459
4288 4473
4289 4470
4290 4468
4291 4474
4292 2237
4293 6711
4294 4476
4295 4478
4296 2239
4297 6717
4298 4485
4299 4475
4300 4480
4301 4484
4302 4486
4303 2243
4304 6729
4305 4488
4306 4471
4307 4505
4308 4490
4309 4492
4310 4494
4311 4487
4312 4501
4313 4508
4314 4496
4315 4498
4316 4500
4317 4491
4318 4503
4319 4506
4320 4502
4321 2251
4322 6753
4323 4509
4324 4512
4325 4504
4326 4514
4327 4453
4328 4526
4329 4495
4330 4515
4331 4518
4332 4516
4333 4520
4334 4522
4335 4524
4336 4511
4337 4537
4338 4550
4339 4525
4340 4530
4341 4521
4342 4477
4343 4499
4344 4532
4345 4528
4346 4534
4347 2267
4348 6801
4349 4527
4350 4536
4351 4529
4352 4543
4353 4554
4354 4531
4355 4577
4356 4600
4357 4535
4358 4540
4359 4538
4360 2269
4361 6807
4362 4539
4363 4542
4364 4544
4365 4546
4366 2273
4367 6819
4368 4545
4369 4548
4370 4551
4371 4557
4372 4560
4373 4541
4374 4579
4375 4598
4376 4552
4377 4556
4378 4489
4379 4623
4380 4563
4381 4566
4382 4558
4383 4562
4384 2281
4385 6843
4386 4572
4387 4564
4388 4568
4389 4570
4390 4555
4391 4565
4392 4575
4393 4578
4394 4571
4395 4585
4396 4580
4397 4574
4398 2287
4399 6861
4400 4581
4401 4584
4402 4576
4403 4582
4404 4553
4405 4611
4406 4587
4407 4590
4408 4573
4409 4607
4410 4624
4411 4586
4412 2293
4413 6879
4414 4596
4415 4588
4416 4592
4417 4594
4418 2297
4419 6891
4420 4599
4421 4602
4422 4589
4423 4615
4424 4595
4425 4605
4426 4608
4427 4604
4428 4606
4429 4559
4430 4653
4431 4609
4432 4620
4433 4610
4434 4612
4435 4614
4436 4616
4437 4618
4438 2309
4439 6927
4440 4617
4441 4626
4442 4622
4443 2311
4444 6933
4445 4632
4446 4628
4447 4630
4448 4625
4449 4635
4450 4638
4451 4634
4452 4613
4453 4627
4454 4641
4455 4644
4456 4601
4457 4687
4458 4730
4459 4631
4460 4642
4461 4636
4462 4640
4463 4645
4464 4650
4465 4619
4466 4681
4467 4712
4468 4646
4469 4648
4470 4652
4471 4654
4472 4656
4473 4658
4474 4660
4475 4655
4476 4662
4477 4664
4478 4666
4479 2333
4480 6999
4481 4665
4482 4668
4483 4670
4484 4672
4485 4674
4486 4633
4487 4715
4488 4669
4489 4676
4490 4678
4491 2339
4492 7017
4493 4671
4494 4680
4495 4667
4496 4693
4497 4706
4498 4682
4499 2341
4500 7023
4501 4683
4502 4686
4503 4675
4504 4685
4505 4690
4506 4684
4507 4688
4508 4692
4509 4689
4510 4695
4511 4698
4512 4694
4513 2347
4514 7041
4515 4704
4516 4696
4517 4700
4518 4702
4519 2351
4520 7053
4521 4707
4522 4710
4523 4705
4524 4720
4525 4661
4526 4740
4527 4708
4528 4697
4529 4711
4530 4718
4531 4714
4532 2357
4533 7071
4534 4716
4535 4719
4536 4722
4537 4724
4538 4726
4539 4709
4540 4743
4541 4725
4542 4728
4543 4731
4544 4734
4545 4732
4546 4736
4547 4699
4548 4773
4549 4746
4550 4738
4551 4742
4552 2371
4553 7113
4554 4752
4555 4741
4556 4763
4557 4774
4558 4739
4559 4753
4560 4760
4561 4735
4562 4745
4563 4750
4564 4744
4565 4748
4566 4754
4567 2377
4568 7131
4569 4755
4570 4758
4571 4756
4572 4727
4573 4785
4574 4761
4575 4764
4576 4762
4577 2381
4578 7143
4579 4767
4580 4770
4581 4717
4582 4806
4583 4766
4584 2383
4585 7149
4586 4776
4587 4768
4588 4772
4589 4778
4590 2389
4591 7167
4592 4779
4593 4782
4594 4780
4595 4765
4596 4775
4597 4790
4598 4784
4599 4771
4600 4797
4601 4788
4602 4769
4603 4807
4604 4796
4605 4786
4606 2393
4607 7179
4608 4794
4609 4747
4610 4841
4611 4888
4612 4792
4613 4798
4614 2399
4615 7197
4616 4800
4617 4795
4618 4781
4619 4802
4620 4804
4621 4808
4622 4810
4623 4805
4624 4815
4625 4809
4626 4812
4627 4814
4628 4816
4629 4818
4630 4820
4631 4822
4632 2411
4633 7233
4634 4824
4635 4757
4636 4828
4637 4777
4638 4811
4639 4845
4640 4825
4641 4830
4642 4823
4643 4836
4644 4826
4645 4832
4646 4834
4647 2417
4648 7251
4649 4833
4650 4842
4651 4838
4652 4840
4653 4829
4654 4851
4655 4837
4656 4844
4657 4846
4658 2423
4659 7269
4660 4848
4661 4850
4662 4835
4663 4855
4664 4860
4665 4852
4666 4854
4667 4856
4668 4858
4669 4862
4670 4849
4671 4875
4672 4865
4673 4870
4674 4864
4675 4866
4676 4868
4677 4872
4678 4843
4679 4901
4680 4914
4681 4869
4682 4878
4683 4874
4684 2437
4685 7311
4686 4884
4687 4847
4688 4921
4689 4879
4690 4886
4691 4876
4692 4853
4693 4899
4694 4887
4695 4890
4696 4880
4697 4819
4698 4898
4699 4867
4700 4929
4701 4893
4702 4896
4703 4882
4704 2441
4705 7323
4706 4902
4707 4859
4708 4945
4709 4885
4710 4895
4711 4873
4712 4906
4713 4892
4714 4894
4715 2447
4716 7341
4717 4905
4718 4900
4719 4904
4720 4908
4721 4910
4722 4912
4723 4916
4724 4918
4725 2459
4726 7377
4727 4917
4728 4920
4729 4915
4730 4925
4731 4930
4732 4913
4733 4947
4734 4923
4735 4926
4736 4922
4737 4924
4738 4928
4739 4907
4740 4935
4741 4932
4742 4934
4743 2467
4744 7401
4745 4938
4746 4936
4747 4940
4748 4883
4749 4959
4750 4941
4751 4944
4752 4942
4753 4946
4754 2473
4755 7419
4756 4950
4757 4939
4758 4961
4759 4972
4760 4948
4761 4952
4762 4954
4763 2477
4764 7431
4765 4953
4766 4927
4767 4966
4768 4956
4769 4897
4770 4980
4771 4955
4772 4960
4773 4958
4774 4891
4775 4964
4776 4962
4777 4965
4778 4968
4779 4970
4780 4949
4781 4963
4782 4977
4783 4974
4784 4976
4785 4978
4786 4982
4787 4984
4788 4986
4789 4983
4790 4992
4791 4979
4792 5005
4793 4975
4794 4985
4795 4990
4796 4988
4797 4994
4798 4996
4799 4998
4800 4981
4801 5015
4802 4995
4803 5000
4804 5002
4805 5004
4806 5006
4807 2503
4808 7509
4809 5010
4810 5008
4811 5012
4812 4991
4813 5014
4814 5016
4815 4997
4816 5035
4817 5020
4818 5018
4819 5022
4820 5013
4821 5019
4822 5025
4823 5028
4824 5024
4825 5026
4826 5030
4827 5032
4828 5034
4829 5031
4830 5037
4831 5040
4832 5033
4833 5047
4834 5054
4835 5036
4836 5038
4837 5027
4838 5049
4839 5043
4840 5046
4841 5017
4842 5075
4843 5045
4844 5050
4845 5042
4846 2521
4847 7563
4848 5052
4849 5044
4850 5048
4851 5056
4852 5058
4853 5055
4854 5060
4855 5062
4856 2531
4857 7593
4858 5061
4859 5064
4860 5066
4861 5068
4862 5070
4863 5057
4864 5083
4865 5096
4866 5072
4867 5074
4868 5076
4869 5029
4870 5123
4871 5170
4872 5065
4873 5080
4874 5078
4875 2539
4876 7617
4877 5067
4878 5073
4879 5082
4880 5071
4881 5093
4882 5104
4883 5084
4884 5053
4885 5115
4886 5085
4887 5088
4888 5086
4889 2543
4890 7629
4891 5094
4892 5090
4893 5092
4894 5098
4895 2549
4896 7647
4897 5100
4898 5095
4899 5105
4900 5110
4901 5089
4902 5103
4903 5106
4904 5069
4905 5143
4906 5180
4907 5102
4908 2551
4909 7653
4910 5109
4911 5112
4912 5041
4913 5183
4914 5254
4915 5108
4916 5114
4917 2557
4918 7671
4919 5118
4920 5116
4921 5120
4922 5122
4923 5124
4924 5063
4925 5146
4926 5126
4927 5128
4928 5130
4929 5111
4930 5149
4931 5168
4932 5117
4933 5131
4934 5138
4935 5132
4936 5134
4937 5136
4938 5121
4939 5133
4940 5139
4941 5142
4942 5140
4943 5125
4944 5135
4945 5145
4946 5148
4947 5137
4948 5159
4949 5152
4950 5129
4951 5175
4952 5150
4953 5144
4954 5154
4955 5151
4956 5157
4957 5160
4958 5155
4959 5165
4960 5185
4961 5190
4962 5156
4963 5158
4964 2579
4965 7737
4966 5166
4967 5162
4968 5164
4969 5172
4970 5174
4971 5161
4972 5187
4973 5173
4974 5194
4975 5141
4976 5238
4977 5176
4978 5178
4979 5181
4980 5184
4981 5182
4982 2591
4983 7773
4984 5193
4985 5196
4986 5186
4987 2593
4988 7779
4989 5202
4990 5188
4991 5192
4992 5198
4993 5200
4994 5195
4995 5205
4996 5208
4997 5177
4998 5239
4999 5213
5000 5226
5001 5204
5002 5206
5003 5210
5004 5212
5005 5214
5006 5203
5007 5225
5008 5215
5009 5201
5010 5222
5011 5216
5012 5218
5013 2609
5014 7827
5015 5211
5016 5217
5017 5220
5018 5191
5019 5249
5020 5278
5021 5224
5022 5228
5023 5230
5024 5232
5025 5229
5026 5235
5027 5240
5028 5234
5029 2617
5030 7851
5031 5244
5032 5221
5033 5267
5034 5290
5035 5236
5036 5219
5037 5253
5038 5247
5039 5250
5040 5242
5041 2621
5042 7863
5043 5256
5044 5246
5045 5248
5046 5207
5047 5289
5048 5262
5049 5252
5050 5258
5051 5260
5052 5245
5053 5255
5054 5265
5055 5268
5056 5264
5057 5243
5058 5257
5059 5271
5060 5274
5061 5266
5062 2633
5063 7899
5064 5280
5065 5269
5066 5291
5067 5302
5068 5270
5069 5272
5070 5276
5071 5282
5072 5263
5073 5301
5074 5283
5075 5286
5076 5284
5077 5288
5078 5292
5079 5285
5080 5275
5081 5295
5082 5298
5083 5294
5084 2647
5085 7941
5086 5304
5087 5287
5088 5321
5089 5338
5090 5296
5091 5300
5092 5305
5093 5310
5094 5251
5095 5340
5096 5306
5097 5299
5098 5313
5099 5307
5100 5316
5101 5308
5102 5312
5103 5314
5104 2657
5105 7971
5106 5319
5107 5322
5108 5318
5109 2659
5110 7977
5111 5325
5112 5315
5113 5320
5114 5324
5115 5326
5116 2663
5117 7989
5118 5328
5119 5330
5120 5317
5121 5343
5122 5334
5123 5327
5124 5341
5125 5348
5126 5332
5127 5336
5128 5342
5129 2671
5130 8013
5131 5337
5132 5346
5133 5335
5134 5345
5135 5350
5136 5344
5137 5352
5138 5354
5139 2677
5140 8031
5141 5355
5142 5358
5143 5311
5144 5405
5145 5359
5146 5382
5147 5356
5148 5360
5149 5293
5150 5372
5151 5362
5152 5364
5153 5366
5154 2683
5155 8049
5156 5370
5157 5365
5158 5375
5159 5380
5160 5368
5161 5357
5162 5379
5163 5373
5164 5376
5165 5369
5166 5383
5167 5390
5168 5374
5169 2687
5170 8061
5171 5385
5172 5388
5173 5378
5174 2689
5175 8067
5176 5391
5177 5394
5178 5363
5179 5425
5180 5395
5181 5400
5182 5384
5183 5386
5184 2693
5185 8079
5186 5397
5187 5404
5188 5392
5189 5396
5190 5339
5191 5377
5192 5415
5193 5406
5194 5353
5195 5454
5196 5398
5197 2699
5198 8097
5199 5409
5200 5412
5201 5371
5202 5453
5203 5411
5204 5418
5205 5402
5206 5329
5207 5475
5208 5410
5209 5408
5210 5414
5211 2707
5212 8121
5213 5421
5214 5424
5215 5416
5216 5420
5217 5422
5218 2711
5219 8133
5220 5427
5221 5430
5222 5426
5223 2713
5224 8139
5225 5436
5226 5428
5227 5432
5228 5434
5229 5401
5230 5423
5231 5389
5232 5440
5233 5435
5234 5445
5235 5439
5236 5442
5237 5438
5238 2719
5239 8157
5240 5448
5241 5444
5242 5446
5243 5450
5244 5452
5245 5456
5246 5458
5247 2729
5248 8187
5249 5451
5250 5457
5251 5460
5252 5447
5253 5473
5254 5486
5255 5462
5256 2731
5257 8193
5258 5463
5259 5466
5260 5464
5261 5468
5262 5470
5263 5455
5264 5465
5265 5480
5266 5472
5267 5474
5268 5467
5269 5478
5270 5476
5271 5482
5272 2741
5273 8223
5274 5481
5275 5484
5276 5487
5277 5490
5278 5429
5279 5518
5280 5488
5281 5492
5282 5494
5283 5496
5284 5498
5285 2749
5286 8247
5287 5499
5288 5502
5289 5495
5290 5485
5291 5500
5292 5489
5293 5511
5294 5505
5295 5508
5296 5491
5297 5510
5298 5504
5299 5461
5300 5547
5301 5514
5302 5506
5303 2753
5304 8259
5305 5517
5306 5520
5307 5497
5308 5543
5309 5566
5310 5512
5311 5459
5312 5562
5313 5516
5314 5509
5315 5523
5316 5526
5317 5522
5318 5524
5319 5528
5320 5530
5321 5515
5322 5525
5323 5535
5324 5529
5325 5532
5326 5534
5327 2767
5328 8301
5329 5538
5330 5536
5331 5540
5332 5542
5333 5544
5334 5533
5335 5555
5336 5545
5337 5550
5338 5513
5339 5587
5340 5624
5341 5546
5342 5548
5343 5552
5344 5554
5345 2777
5346 8331
5347 5553
5348 5556
5349 5558
5350 5537
5351 5551
5352 5564
5353 5560
5354 5565
5355 5559
5356 5568
5357 5539
5358 5597
5359 5626
5360 5570
5361 5572
5362 5574
5363 5571
5364 5577
5365 5580
5366 5549
5367 5611
5368 5642
5369 5576
5370 5578
5371 2789
5372 8367
5373 5586
5374 5567
5375 5605
5376 5575
5377 5585
5378 5590
5379 5582
5380 2791
5381 8373
5382 5589
5383 5592
5384 5584
5385 5588
5386 5594
5387 2797
5388 8391
5389 5595
5390 5598
5391 5596
5392 5600
5393 5579
5394 5593
5395 5607
5396 5604
5397 5602
5398 2801
5399 8403
5400 5610
5401 5599
5402 5621
5403 5614
5404 5606
5405 2803
5406 8409
5407 5616
5408 5603
5409 5629
5410 5655
5411 5615
5412 5620
5413 5608
5414 5612
5415 5618
5416 5622
5417 5625
5418 5628
5419 5561
5420 5644
5421 5627
5422 5661
5423 5634
5424 5630
5425 5632
5426 5636
5427 5638
5428 2819
5429 8457
5430 5640
5431 5635
5432 5645
5433 5650
5434 5646
5435 5643
5436 5649
5437 5652
5438 5648
5439 5654
5440 5656
5441 5658
5442 5617
5443 5699
5444 5740
5445 5660
5446 5662
5447 5664
5448 5666
5449 2833
5450 8499
5451 5670
5452 5663
5453 5677
5454 5684
5455 5668
5456 5672
5457 5674
5458 2837
5459 8511
5460 5673
5461 5676
5462 5633
5463 5719
5464 5681
5465 5694
5466 5678
5467 5680
5468 5609
5469 5688
5470 5679
5471 5682
5472 5685
5473 5665
5474 5675
5475 5690
5476 5686
5477 2843
5478 8529
5479 5691
5480 5697
5481 5700
5482 5692
5483 5696
5484 5698
5485 5687
5486 5709
5487 5706
5488 5702
5489 2851
5490 8553
5491 5712
5492 5695
5493 5705
5494 5710
5495 5704
5496 5708
5497 5714
5498 2857
5499 8571
5500 5715
5501 5718
5502 5716
5503 5720
5504 5707
5505 5733
5506 5724
5507 5671
5508 5777
5509 5830
5510 5722
5511 2861
5512 8583
5513 5727
5514 5730
5515 5725
5516 5735
5517 5745
5518 5736
5519 5726
5520 5728
5521 5732
5522 5734
5523 5738
5524 5742
5525 5713
5526 5771
5527 5800
5528 5744
5529 5746
5530 5729
5531 5763
5532 5748
5533 5750
5534 5752
5535 5754
5536 5747
5537 5761
5538 5768
5539 5756
5540 5758
5541 2879
5542 8637
5543 5751
5544 5757
5545 5760
5546 5755
5547 5765
5548 5770
5549 5762
5550 5764
5551 5731
5552 5753
5553 5775
5554 5766
5555 5769
5556 5772
5557 5759
5558 5785
5559 5780
5560 5774
5561 2887
5562 8661
5563 5778
5564 5776
5565 5782
5566 5723
5567 5820
5568 5781
5569 5784
5570 5786
5571 5788
5572 5790
5573 5787
5574 5796
5575 5773
5576 5819
5577 5797
5578 5808
5579 5792
5580 5794
5581 2897
5582 8691
5583 5802
5584 5798
5585 5804
5586 5806
5587 2903
5588 8709
5589 5805
5590 5795
5591 5810
5592 5789
5593 5803
5594 5817
5595 5811
5596 5814
5597 5812
5598 5816
5599 5818
5600 2909
5601 8727
5602 5823
5603 5826
5604 5822
5605 5824
5606 5828
5607 5832
5608 5829
5609 5835
5610 5815
5611 5825
5612 5840
5613 5767
5614 5846
5615 5809
5616 5883
5617 5838
5618 5831
5619 5845
5620 5850
5621 5834
5622 2917
5623 8751
5624 5841
5625 5844
5626 5836
5627 5842
5628 5848
5629 5852
5630 5833
5631 5871
5632 5856
5633 5854
5634 2927
5635 8781
5636 5859
5637 5862
5638 5858
5639 5860
5640 5855
5641 5865
5642 5868
5643 5864
5644 5866
5645 5870
5646 5872
5647 5874
5648 5863
5649 5837
5650 5876
5651 5878
5652 2939
5653 8817
5654 5877
5655 5880
5656 5873
5657 5887
5658 5894
5659 5882
5660 5884
5661 5886
5662 5888
5663 5890
5664 5875
5665 5885
5666 5895
5667 5889
5668 5892
5669 5896
5670 5898
5671 5900
5672 5902
5673 5904
5674 5901
5675 5907
5676 5910
5677 5905
5678 5915
5679 5908
5680 5906
5681 2953
5682 8859
5683 5913
5684 5916
5685 5899
5686 5933
5687 5950
5688 5912
5689 5914
5690 2957
5691 8871
5692 5922
5693 5918
5694 5920
5695 5924
5696 5926
5697 2963
5698 8889
5699 5925
5700 5928
5701 5909
5702 5947
5703 5966
5704 5930
5705 5932
5706 5934
5707 5891
5708 5977
5709 6020
5710 5929
5711 5936
5712 5938
5713 2969
5714 8907
5715 5931
5716 5940
5717 5935
5718 5945
5719 5955
5720 5943
5721 5946
5722 5942
5723 2971
5724 8913
5725 5949
5726 5952
5727 5921
5728 5983
5729 6014
5730 5917
5731 5978
5732 5944
5733 5948
5734 5954
5735 5941
5736 5967
5737 5958
5738 5956
5739 5960
5740 5962
5741 5951
5742 5973
5743 5964
5744 5893
5745 5976
5746 5968
5747 5970
5748 5965
5749 5975
5750 5980
5751 5911
5752 5957
5753 5971
5754 5985
5755 5982
5756 5972
5757 5974
5758 5984
5759 5986
5760 5988
5761 5990
5762 5992
5763 5994
5764 5996
5765 5998
5766 2999
5767 8997
5768 6000
5769 5995
5770 6005
5771 6010
5772 6002
5773 3001
5774 9003
5775 6003
5776 6006
5777 5993
5778 6019
5779 6032
5780 6004
5781 6008
5782 6012
5783 6015
5784 6018
5785 5959
5786 6060
5787 6016
5788 5969
5789 6063
5790 6021
5791 6024
5792 6022
5793 3011
5794 9033
5795 6027
5796 5999
5797 6013
5798 6034
5799 6026
5800 6028
5801 6017
5802 6039
5803 6030
5804 5963
5805 6052
5806 6001
5807 6035
5808 6025
5809 6040
5810 6036
5811 6038
5812 3019
5813 9057
5814 6042
5815 5989
5816 6095
5817 6045
5818 6048
5819 6041
5820 6055
5821 6050
5822 6044
5823 6046
5824 3023
5825 9069
5826 6054
5827 6056
5828 6058
5829 6062
5830 6064
5831 6066
5832 6057
5833 6069
5834 6072
5835 6049
5836 6118
5837 6023
5838 6061
5839 6080
5840 6065
5841 6070
5842 6068
5843 6031
5844 6105
5845 6075
5846 6078
5847 6074
5848 3037
5849 9111
5850 6084
5851 6071
5852 6097
5853 6076
5854 6082
5855 3041
5856 9123
5857 6090
5858 6083
5859 6094
5860 6086
5861 6088
5862 6092
5863 6096
5864 6093
5865 6099
5866 6102
5867 6098
5868 3049
5869 9147
5870 6108
5871 6100
5872 6085
5873 6110
5874 6104
5875 6106
5876 6112
5877 6114
5878 6111
5879 6120
5880 6103
5881 6137
5882 6154
5883 6116
5884 6122
5885 3061
5886 9183
5887 6123
5888 6126
5889 6124
5890 6128
5891 6130
5892 6115
5893 6125
5894 6132
5895 6059
5896 6142
5897 6134
5898 3067
5899 9201
5900 6129
5901 6135
5902 6138
5903 6107
5904 6169
5905 6200
5906 6136
5907 6077
5908 6180
5909 6140
5910 6144
5911 6141
5912 6147
5913 6150
5914 6109
5915 6191
5916 6232
5917 6146
5918 6139
5919 6153
5920 6156
5921 6148
5922 6119
5923 6177
5924 6162
5925 6149
5926 6127
5927 6160
5928 6145
5929 6155
5930 6165
5931 6168
5932 6152
5933 6158
5934 3079
5935 9237
5936 6171
5937 6174
5938 6164
5939 6166
5940 3083
5941 9249
5942 6183
5943 6186
5944 6170
5945 6172
5946 6176
5947 6178
5948 3089
5949 9267
5950 6192
5951 6182
5952 6184
5953 6188
5954 6167
5955 6181
5956 6195
5957 6175
5958 6185
5959 6190
5960 6194
5961 6196
5962 6198
5963 6201
5964 6204
5965 6157
5966 6251
5967 6202
5968 6206
5969 6208
5970 6210
5971 6187
5972 6233
5973 6256
5974 6205
5975 6215
5976 6193
5977 6226
5978 6212
5979 6214
5980 6216
5981 6179
5982 6253
5983 6227
5984 6240
5985 6213
5986 6219
5987 6222
5988 6161
5989 6262
5990 6218
5991 3109
5992 9327
5993 6225
5994 6220
5995 6224
5996 6228
5997 6230
5998 6209
5999 6223
6000 6237
6001 6231
6002 6234
6003 6236
6004 6238
6005 3119
6006 9357
6007 6246
6008 6242
6009 3121
6010 9363
6011 6252
6012 6244
6013 6248
6014 6250
6015 6235
6016 6245
6017 6255
6018 6258
6019 6254
6020 6260
6021 6264
6022 6266
6023 6268
6024 6270
6025 6259
6026 6281
6027 6292
6028 6272
6029 6265
6030 6275
6031 6280
6032 6274
6033 3137
6034 9411
6035 6273
6036 6239
6037 6290
6038 6276
6039 6278
6040 6282
6041 6279
6042 6285
6043 6288
6044 6284
6045 6286
6046 6293
6047 6300
6048 6291
6049 6294
6050 6296
6051 6298
6052 6302
6053 6304
6054 6306
6055 6303
6056 6309
6057 6312
6058 6308
6059 6289
6060 6327
6061 6315
6062 6295
6063 6305
6064 6310
6065 6314
6066 6307
6067 6321
6068 6318
6069 6316
6070 6320
6071 6241
6072 6399
6073 6324
6074 6322
6075 6326
6076 3163
6077 9489
6078 6330
6079 6325
6080 6335
6081 6328
6082 6332
6083 6334
6084 3167
6085 9501
6086 6336
6087 6338
6088 3169
6089 9507
6090 6342
6091 6340
6092 6344
6093 6283
6094 6386
6095 6346
6096 6348
6097 6345
6098 6350
6099 6352
6100 6354
6101 6351
6102 6357
6103 6331
6104 6370
6105 6349
6106 6356
6107 6358
6108 6341
6109 6375
6110 6355
6111 6360
6112 6362
6113 3181
6114 9543
6115 6363
6116 6366
6117 6364
6118 6368
6119 6372
6120 6313
6121 6420
6122 6365
6123 6380
6124 6347
6125 6369
6126 6378
6127 6374
6128 3187
6129 9561
6130 6381
6131 6384
6132 6376
6133 6382
6134 3191
6135 9573
6136 6390
6137 6319
6138 6408
6139 6388
6140 6392
6141 6394
6142 6371
6143 6417
6144 6396
6145 6383
6146 6409
6147 6422
6148 6398
6149 6377
6150 6391
6151 6402
6152 6400
6153 6385
6154 6395
6155 6405
6156 6410
6157 6404
6158 6406
6159 3203
6160 9609
6161 6414
6162 6412
6163 6416
6164 6418
6165 3209
6166 9627
6167 6426
6168 6419
6169 6433
6170 6440
6171 6415
6172 6425
6173 6430
6174 6424
6175 6413
6176 6435
6177 6432
6178 6428
6179 6434
6180 3217
6181 9651
6182 6438
6183 6401
6184 6475
6185 6445
6186 6450
6187 6407
6188 6493
6189 6536
6190 6403
6191 6441
6192 6444
6193 6436
6194 6442
6195 3221
6196 9663
6197 6447
6198 6453
6199 6456
6200 6446
6201 6448
6202 6452
6203 6454
6204 6458
6205 3229
6206 9687
6207 6462
6208 6460
6209 6443
6210 6477
6211 6465
6212 6455
6213 6470
6214 6464
6215 6466
6216 6468
6217 6457
6218 6479
6219 6490
6220 6431
6221 6540
6222 6471
6223 6474
6224 6461
6225 6482
6226 6472
6227 6476
6228 6478
6229 6437
6230 6519
6231 6480
6232 6484
6233 6486
6234 6439
6235 6533
6236 6580
6237 6485
6238 6495
6239 6489
6240 6492
6241 6488
6242 6494
6243 6496
6244 6467
6245 6525
6246 6498
6247 6500
6248 6487
6249 6513
6250 6501
6251 6504
6252 6502
6253 3251
6254 9753
6255 6507
6256 6510
6257 6503
6258 6517
6259 6524
6260 6506
6261 3253
6262 9759
6263 6516
6264 6508
6265 6512
6266 6514
6267 3257
6268 9771
6269 6522
6270 6518
6271 3259
6272 9777
6273 6528
6274 6511
6275 6545
6276 6505
6277 6515
6278 6520
6279 6526
6280 6530
6281 6532
6282 6463
6283 6509
6284 6555
6285 6531
6286 6534
6287 6523
6288 6556
6289 6538
6290 6542
6291 3271
6292 9813
6293 6543
6294 6546
6295 6544
6296 6548
6297 6550
6298 6535
6299 6560
6300 6552
6301 6539
6302 6565
6303 6570
6304 6497
6305 6586
6306 6549
6307 6558
6308 6554
6309 6562
6310 6564
6311 6561
6312 6567
6313 6573
6314 6559
6315 6566
6316 6499
6317 6596
6318 6568
6319 6572
6320 6541
6321 6603
6322 6576
6323 6574
6324 6578
6325 6582
6326 6579
6327 6585
6328 6575
6329 6590
6330 6584
6331 6588
6332 6527
6333 6634
6334 6592
6335 6594
6336 6587
6337 6601
6338 6608
6339 6598
6340 3299
6341 9897
6342 6591
6343 6597
6344 6600
6345 6589
6346 6611
6347 6622
6348 6602
6349 3301
6350 9903
6351 6606
6352 6604
6353 6610
6354 6595
6355 6605
6356 6615
6357 6612
6358 6583
6359 6641
6360 6670
6361 6614
6362 3307
6363 9921
6364 6618
6365 6616
6366 6620
6367 6624
6368 6626
6369 3313
6370 9939
6371 6627
6372 6630
6373 6613
6374 6647
6375 6664
6376 6628
6377 6632
6378 6636
6379 6557
6380 6640
6381 6625
6382 6635
6383 6645
6384 6633
6385 6642
6386 6638
6387 3319
6388 9957
6389 6648
6390 6644
6391 6646
6392 3323
6393 9969
6394 6651
6395 6654
6396 6650
6397 6593
6398 6631
6399 6669
6400 6617
6401 6643
6402 6629
6403 6657
6404 6660
6405 6623
6406 6697
6407 6734
6408 6652
6409 6656
6410 6658
6411 3329
6412 9987
6413 6666
6414 6655
6415 6665
6416 6675
6417 6672
6418 6662
6419 3331
6420 9993
6421 6678
6422 6668
6423 6674
6424 6676
6425 6680
6426 6682
6427 6684
6428 6681
6429 6687
6430 6690
6431 6685
6432 6671
6433 6692
6434 6686
6435 3343
6436 10029
6437 6693
6438 6696
6439 6688
6440 6677
6441 6699
6442 6702
6443 6694
6444 3347
6445 10041
6446 6705
6447 6695
6448 6700
6449 6698
6450 6704
6451 6706
6452 6708
6453 6710
6454 6649
6455 6758
6456 6712
6457 6714
6458 6716
6459 6718
6460 3359
6461 10077
6462 6720
6463 6713
6464 6727
6465 6741
6466 6723
6467 6726
6468 6667
6469 6780
6470 6715
6471 6725
6472 6730
6473 6722
6474 3361
6475 10083
6476 6732
6477 6721
6478 6743
6479 6754
6480 6724
6481 6683
6482 6765
6483 6735
6484 6738
6485 6728
6486 6736
6487 6740
6488 6742
6489 3371
6490 10113
6491 6744
6492 6746
6493 3373
6494 10119
6495 6747
6496 6750
6497 6745
6498 6707
6499 6764
6500 6748
6501 6752
6502 6756
6503 6759
6504 6762
6505 6739
6506 6785
6507 6755
6508 6760
6509 6766
6510 6749
6511 6783
6512 6768
6513 6770
6514 6772
6515 6774
6516 6771
6517 6777
6518 6786
6519 6757
6520 6815
6521 6775
6522 6790
6523 6769
6524 6776
6525 6778
6526 3389
6527 10167
6528 6789
6529 6792
6530 6782
6531 3391
6532 10173
6533 6795
6534 6798
6535 6784
6536 6731
6537 6837
6538 6751
6539 6794
6540 6788
6541 6796
6542 6800
6543 6802
6544 6804
6545 6797
6546 6811
6547 6818
6548 6806
6549 6808
6550 6810
6551 6805
6552 6820
6553 6787
6554 6809
6555 6831
6556 6813
6557 6816
6558 6812
6559 6773
6560 6799
6561 6825
6562 6822
6563 6814
6564 3407
6565 10221
6566 6828
6567 6824
6568 6826
6569 3413
6570 10239
6571 6834
6572 6767
6573 6868
6574 6817
6575 6851
6576 6838
6577 6830
6578 6832
6579 6836
6580 6840
6581 6821
6582 6859
6583 6878
6584 6842
6585 6844
6586 6846
6587 6839
6588 6853
6589 6860
6590 6835
6591 6845
6592 6850
6593 6848
6594 6852
6595 6849
6596 6855
6597 6858
6598 6854
6599 6856
6600 6862
6601 6864
6602 6866
6603 3433
6604 10299
6605 6867
6606 6870
6607 6865
6608 6875
6609 6880
6610 6872
6611 6874
6612 6876
6613 6873
6614 6882
6615 6884
6616 6886
6617 6888
6618 6847
6619 6929
6620 6877
6621 6890
6622 6885
6623 6894
6624 6892
6625 6896
6626 6898
6627 3449
6628 10347
6629 6897
6630 6900
6631 6895
6632 6881
6633 6902
6634 6904
6635 6906
6636 6903
6637 6909
6638 6912
6639 6908
6640 6910
6641 6905
6642 6915
6643 6918
6644 6914
6645 3457
6646 10371
6647 6921
6648 6924
6649 6916
6650 6920
6651 6922
6652 3461
6653 10383
6654 6930
6655 6919
6656 6936
6657 6926
6658 3463
6659 10389
6660 6939
6661 6942
6662 6928
6663 6932
6664 6934
6665 3467
6666 10401
6667 6945
6668 6925
6669 6935
6670 6940
6671 6938
6672 3469
6673 10407
6674 6948
6675 6944
6676 6913
6677 6975
6678 6950
6679 6946
6680 6923
6681 6937
6682 6951
6683 6954
6684 6893
6685 7006
6686 6952
6687 6941
6688 6963
6689 6957
6690 6960
6691 6931
6692 6989
6693 7018
6694 6956
6695 6958
6696 6887
6697 6984
6698 6962
6699 6964
6700 6966
6701 6968
6702 6901
6703 7004
6704 6953
6705 6970
6706 6955
6707 6965
6708 6972
6709 6889
6710 7055
6711 6980
6712 6974
6713 6976
6714 6978
6715 6969
6716 6981
6717 6987
6718 6990
6719 6982
6720 3491
6721 10473
6722 6993
6723 6979
6724 6986
6725 6988
6726 6992
6727 6973
6728 7011
6729 6996
6730 6943
6731 7049
6732 7000
6733 6985
6734 6995
6735 7005
6736 7002
6737 6994
6738 6998
6739 3499
6740 10497
6741 7008
6742 7010
6743 7012
6744 7014
6745 7007
6746 7020
6747 7015
6748 7025
6749 7030
6750 7016
6751 7022
6752 3511
6753 10533
6754 7026
6755 7024
6756 7028
6757 7021
6758 7035
6759 7029
6760 7032
6761 7034
6762 3517
6763 10551
6764 7038
6765 7036
6766 7040
6767 7042
6768 7044
6769 7046
6770 7033
6771 7059
6772 7047
6773 7050
6774 7003
6775 7097
6776 7144
6777 7048
6778 7052
6779 7009
6780 7095
6781 7045
6782 7060
6783 7054
6784 3527
6785 10581
6786 7056
6787 7058
6788 3529
6789 10587
6790 7062
6791 7051
6792 7073
6793 7084
6794 7061
6795 7107
6796 7065
6797 7068
6798 7037
6799 7099
6800 7130
6801 7064
6802 7066
6803 3533
6804 10599
6805 7074
6806 7070
6807 7063
6808 7077
6809 7080
6810 7072
6811 7076
6812 7078
6813 3539
6814 10617
6815 7083
6816 7086
6817 7082
6818 3541
6819 10623
6820 7089
6821 7092
6822 7088
6823 7090
6824 7075
6825 7085
6826 7098
6827 7091
6828 7105
6829 7100
6830 7094
6831 3547
6832 10641
6833 7101
6834 7104
6835 7067
6836 7141
6837 7178
6838 7081
6839 7154
6840 7096
6841 7102
6842 7106
6843 7087
6844 7125
6845 7110
6846 7031
6847 7120
6848 7108
6849 7112
6850 7114
6851 3557
6852 10671
6853 7116
6854 7118
6855 3559
6856 10677
6857 7119
6858 7122
6859 7124
6860 7111
6861 7137
6862 7128
6863 7117
6864 7139
6865 7150
6866 7115
6867 7135
6868 7140
6869 7123
6870 7157
6871 7174
6872 7126
6873 7132
6874 7134
6875 7093
6876 7175
6877 7133
6878 7147
6879 7161
6880 7146
6881 7136
6882 7138
6883 7142
6884 3571
6885 10713
6886 7152
6887 7148
6888 7156
6889 7158
6890 7155
6891 7145
6892 7160
6893 7162
6894 3581
6895 10743
6896 7164
6897 7166
6898 3583
6899 10749
6900 7170
6901 7165
6902 7180
6903 7168
6904 7172
6905 7176
6906 7153
6907 7199
6908 7222
6909 7182
6910 7163
6911 7189
6912 7196
6913 7184
6914 7186
6915 3593
6916 10779
6917 7173
6918 7185
6919 7188
6920 7190
6921 7192
6922 7194
6923 7183
6924 7205
6925 7195
6926 7200
6927 7191
6928 7203
6929 7206
6930 7198
6931 7202
6932 7204
6933 7208
6934 7210
6935 7212
6936 7209
6937 7215
6938 7218
6939 7214
6940 3607
6941 10821
6942 7221
6943 7224
6944 7181
6945 7267
6946 7228
6947 7216
6948 7220
6949 7201
6950 7239
6951 7227
6952 7230
6953 7225
6954 7235
6955 7240
6956 7226
6957 3613
6958 10839
6959 7236
6960 7169
6961 7276
6962 7232
6963 7234
6964 3617
6965 10851
6966 7242
6967 7171
6968 7272
6969 7238
6970 7217
6971 7231
6972 7245
6973 7248
6974 7244
6975 7246
6976 3623
6977 10869
6978 7254
6979 7223
6980 7285
6981 7250
6982 7252
6983 7256
6984 7258
6985 7260
6986 7249
6987 7271
6988 7282
6989 7262
6990 3631
6991 10893
6992 7257
6993 7263
6994 7266
6995 7259
6996 7273
6997 7280
6998 7241
6999 7293
7000 7275
7001 7255
7002 7265
7003 7270
7004 7264
7005 7268
7006 7274
7007 3637
7008 10911
7009 7278
7010 7281
7011 7284
7012 7286
7013 3643
7014 10929
7015 7287
7016 7290
7017 7288
7018 7292
7019 7294
7020 7296
7021 7277
7022 7315
7023 7295
7024 7300
7025 7298
7026 7302
7027 7299
7028 7305
7029 7308
7030 7279
7031 7337
7032 7291
7033 7314
7034 7261
7035 7367
7036 7420
7037 7301
7038 7322
7039 7304
7040 7306
7041 7310
7042 7312
7043 7316
7044 7318
7045 3659
7046 10977
7047 7317
7048 7320
7049 7324
7050 7326
7051 7289
7052 7363
7053 7400
7054 7325
7055 7330
7056 7328
7057 7332
7058 7319
7059 7345
7060 7335
7061 7329
7062 7336
7063 7334
7064 7338
7065 7340
7066 7342
7067 3671
7068 11013
7069 7344
7070 7327
7071 7361
7072 7378
7073 7343
7074 7350
7075 7346
7076 3673
7077 11019
7078 7347
7079 7353
7080 7356
7081 7348
7082 7352
7083 7354
7084 3677
7085 11031
7086 7359
7087 7362
7088 7358
7089 7360
7090 7355
7091 7365
7092 7368
7093 7364
7094 7357
7095 7371
7096 7374
7097 7366
7098 7370
7099 7303
7100 7412
7101 7372
7102 7376
7103 7380
7104 7339
7105 7421
7106 7462
7107 7382
7108 3691
7109 11073
7110 7383
7111 7386
7112 7384
7113 7313
7114 7416
7115 7388
7116 7390
7117 7375
7118 7385
7119 7392
7120 7381
7121 7403
7122 7414
7123 7394
7124 3697
7125 11091
7126 7389
7127 7395
7128 7398
7129 7396
7130 7402
7131 3701
7132 11103
7133 7404
7134 7406
7135 7399
7136 7413
7137 7407
7138 7410
7139 7391
7140 7429
7141 7446
7142 7373
7143 7474
7144 7408
7145 7418
7146 3709
7147 11127
7148 7422
7149 7424
7150 7426
7151 7379
7152 7473
7153 7425
7154 7405
7155 7415
7156 7430
7157 7428
7158 7432
7159 7434
7160 7427
7161 7441
7162 7448
7163 7436
7164 7397
7165 7423
7166 7449
7167 7437
7168 7440
7169 7409
7170 7471
7171 7502
7172 7438
7173 3719
7174 11157
7175 7443
7176 7452
7177 7442
7178 7444
7179 7450
7180 7435
7181 7445
7182 7455
7183 7458
7184 7447
7185 7469
7186 7476
7187 7387
7188 7470
7189 7454
7190 3727
7191 11181
7192 7461
7193 7464
7194 7456
7195 7460
7196 7465
7197 7475
7198 7480
7199 7463
7200 7497
7201 7467
7202 7479
7203 7482
7204 7439
7205 7525
7206 7483
7207 7490
7208 7466
7209 3733
7210 11199
7211 7485
7212 7488
7213 7468
7214 7472
7215 7478
7216 3739
7217 11217
7218 7491
7219 7494
7220 7484
7221 7486
7222 7492
7223 7496
7224 7498
7225 7500
7226 7495
7227 7505
7228 7510
7229 7504
7230 7506
7231 7503
7232 7512
7233 7508
7234 7514
7235 7501
7236 7527
7237 7515
7238 7518
7239 7511
7240 7453
7241 7540
7242 7516
7243 7520
7244 7522
7245 3761
7246 11283
7247 7521
7248 7524
7249 7513
7250 7535
7251 7530
7252 7526
7253 7528
7254 7532
7255 7534
7256 3767
7257 11301
7258 7533
7259 7536
7260 7538
7261 3769
7262 11307
7263 7539
7264 7542
7265 7544
7266 7546
7267 7548
7268 7531
7269 7565
7270 7545
7271 7550
7272 7552
7273 7493
7274 7611
7275 7551
7276 7554
7277 7556
7278 7558
7279 3779
7280 11337
7281 7557
7282 7560
7283 7553
7284 7566
7285 7562
7286 7543
7287 7581
7288 7567
7289 7574
7290 7564
7291 7568
7292 7570
7293 7555
7294 7575
7295 7569
7296 7572
7297 7576
7298 7578
7299 7580
7300 7582
7301 7584
7302 7586
7303 3793
7304 11379
7305 7587
7306 7590
7307 7579
7308 7592
7309 7519
7310 7622
7311 7585
7312 7595
7313 7588
7314 7594
7315 3797
7316 11391
7317 7596
7318 7598
7319 7600
7320 7602
7321 7599
7322 7605
7323 7608
7324 7604
7325 7606
7326 3803
7327 11409
7328 7614
7329 7610
7330 7612
7331 7601
7332 7623
7333 7609
7334 7616
7335 7618
7336 7620
7337 7615
7338 7625
7339 7630
7340 7624
7341 7626
7342 7628
7343 7632
7344 7634
7345 7636
7346 7613
7347 7659
7348 7635
7349 7638
7350 7571
7351 7684
7352 7633
7353 7650
7354 7640
7355 7642
7356 3821
7357 11463
7358 7641
7359 7644
7360 7631
7361 7657
7362 7619
7363 7676
7364 7646
7365 3823
7366 11469
7367 7656
7368 7627
7369 7685
7370 7645
7371 7655
7372 7660
7373 7648
7374 7652
7375 7654
7376 7658
7377 7637
7378 7651
7379 7665
7380 7662
7381 7664
7382 7666
7383 3833
7384 11499
7385 7668
7386 7597
7387 7704
7388 7670
7389 7672
7390 7674
7391 7677
7392 7680
7393 7675
7394 7690
7395 7678
7396 7667
7397 7689
7398 7683
7399 7686
7400 7679
7401 7693
7402 7700
7403 7682
7404 7688
7405 7692
7406 7694
7407 3847
7408 11541
7409 7695
7410 7698
7411 7696
7412 7702
7413 3851
7414 11553
7415 7701
7416 7707
7417 7710
7418 7705
7419 7715
7420 7720
7421 7706
7422 3853
7423 11559
7424 7713
7425 7716
7426 7708
7427 7661
7428 7755
7429 7711
7430 7722
7431 7709
7432 7735
7433 7714
7434 7712
7435 7718
7436 7724
7437 7726
7438 3863
7439 11589
7440 7719
7441 7725
7442 7728
7443 7721
7444 7742
7445 7663
7446 7760
7447 7730
7448 7732
7449 7734
7450 7731
7451 7740
7452 7697
7453 7783
7454 7826
7455 7736
7456 7738
7457 7744
7458 7733
7459 7752
7460 7743
7461 7746
7462 7748
7463 7750
7464 7745
7465 7765
7466 7770
7467 7749
7468 7756
7469 7754
7470 3877
7471 11631
7472 7758
7473 7761
7474 7764
7475 7762
7476 3881
7477 11643
7478 7767
7479 7776
7480 7766
7481 7768
7482 7772
7483 7774
7484 7751
7485 7797
7486 7782
7487 7778
7488 3889
7489 11667
7490 7785
7491 7775
7492 7780
7493 7784
7494 7763
7495 7777
7496 7788
7497 7729
7498 7847
7499 7771
7500 7790
7501 7786
7502 7769
7503 7803
7504 7791
7505 7794
7506 7792
7507 7796
7508 7798
7509 7800
7510 7787
7511 7813
7512 7839
7513 7806
7514 7802
7515 7804
7516 7808
7517 7747
7518 7869
7519 7809
7520 7812
7521 7781
7522 7843
7523 7799
7524 7810
7525 7739
7526 7848
7527 7814
7528 3907
7529 11721
7530 7815
7531 7795
7532 7805
7533 7819
7534 7833
7535 7818
7536 7816
7537 7820
7538 7822
7539 3911
7540 11733
7541 7821
7542 7824
7543 7828
7544 7830
7545 7801
7546 7859
7547 7888
7548 7832
7549 7834
7550 3917
7551 11751
7552 7836
7553 7838
7554 3919
7555 11757
7556 7842
7557 7840
7558 7825
7559 7835
7560 7845
7561 7850
7562 7844
7563 7807
7564 7881
7565 7854
7566 7837
7567 7871
7568 7905
7569 7855
7570 7860
7571 7846
7572 3923
7573 11769
7574 7857
7575 7866
7576 7852
7577 7856
7578 7858
7579 3929
7580 11787
7581 7872
7582 7831
7583 7913
7584 7954
7585 7862
7586 3931
7587 11793
7588 7875
7589 7861
7590 7868
7591 7864
7592 7870
7593 7865
7594 7876
7595 7874
7596 7878
7597 7880
7598 7882
7599 7884
7600 7811
7601 7918
7602 7886
7603 3943
7604 11829
7605 7887
7606 7890
7607 7885
7608 7895
7609 7900
7610 7892
7611 7894
7612 3947
7613 11841
7614 7893
7615 7896
7616 7849
7617 7943
7618 7891
7619 7904
7620 7898
7621 7902
7622 7906
7623 7908
7624 7910
7625 7889
7626 7903
7627 7917
7628 7911
7629 7914
7630 7912
7631 7916
7632 7920
7633 7909
7634 7931
7635 7924
7636 7922
7637 7926
7638 7923
7639 7929
7640 7932
7641 7928
7642 7930
7643 7915
7644 7925
7645 7935
7646 7938
7647 7934
7648 3967
7649 11901
7650 7944
7651 7936
7652 7940
7653 7942
7654 7946
7655 7948
7656 7950
7657 7897
7658 8003
7659 8056
7660 7952
7661 7945
7662 7955
7663 7960
7664 7956
7665 7939
7666 7973
7667 7959
7668 7947
7669 7953
7670 7962
7671 7958
7672 7964
7673 7966
7674 7968
7675 7965
7676 7970
7677 7972
7678 7974
7679 7976
7680 7978
7681 3989
7682 11967
7683 7980
7684 7961
7685 7999
7686 8018
7687 7982
7688 7969
7689 7995
7690 7975
7691 7985
7692 7990
7693 7984
7694 7986
7695 7983
7696 7992
7697 7988
7698 7994
7699 7987
7700 8001
7701 7998
7702 7967
7703 8029
7704 8008
7705 7996
7706 8000
7707 8002
7708 4001
7709 12003
7710 8004
7711 7981
7712 8027
7713 8050
7714 8005
7715 8010
7716 7921
7717 8099
7718 8015
7719 8020
7720 8006
7721 4003
7722 12009
7723 8007
7724 8016
7725 8012
7726 8014
7727 4007
7728 12021
7729 8019
7730 7997
7731 8030
7732 7957
7733 8066
7734 8022
7735 8024
7736 8026
7737 4013
7738 12039
7739 8025
7740 8028
7741 8032
7742 8034
7743 8021
7744 8047
7745 8060
7746 8035
7747 8040
7748 8036
7749 8038
7750 4019
7751 12057
7752 8037
7753 8043
7754 8046
7755 8042
7756 4021
7757 12063
7758 8052
7759 7991
7760 8113
7761 8057
7762 8064
7763 8044
7764 8048
7765 8054
7766 4027
7767 12081
7768 8055
7769 8045
7770 8065
7771 8070
7772 8058
7773 7979
7774 8080
7775 8062
7776 8033
7777 8091
7778 8073
7779 8076
7780 8068
7781 8072
7782 8074
7783 8041
7784 8063
7785 8085
7786 8071
7787 8078
7788 8082
7789 8084
7790 8086
7791 8088
7792 8090
7793 8075
7794 8092
7795 8094
7796 8023
7797 8136
7798 8096
7799 8098
7800 4049
7801 12147
7802 8100
7803 8095
7804 8105
7805 8110
7806 8102
7807 4051
7808 12153
7809 8103
7810 8106
7811 8104
7812 8108
7813 8112
7814 8109
7815 8115
7816 8118
7817 8077
7818 8159
7819 8200
7820 8114
7821 4057
7822 12171
7823 8124
7824 8116
7825 8120
7826 8122
7827 8126
7828 8128
7829 8130
7830 8125
7831 8135
7832 8140
7833 8107
7834 8129
7835 8151
7836 8127
7837 8134
7838 8051
7839 8148
7840 8132
7841 8138
7842 8142
7843 8083
7844 8201
7845 8260
7846 8141
7847 8155
7848 8145
7849 8150
7850 8144
7851 8146
7852 4073
7853 12219
7854 8154
7855 8152
7856 8156
7857 8158
7858 4079
7859 12237
7860 8160
7861 8143
7862 8177
7863 8164
7864 8162
7865 8166
7866 8163
7867 8169
7868 8172
7869 8168
7870 8170
7871 8165
7872 8119
7873 8188
7874 8174
7875 8176
7876 8178
7877 8131
7878 8225
7879 8175
7880 8180
7881 8182
7882 4091
7883 12273
7884 8181
7885 8184
7886 8153
7887 8215
7888 8185
7889 8190
7890 8183
7891 8197
7892 8204
7893 8186
7894 4093
7895 12279
7896 8196
7897 8192
7898 8194
7899 8198
7900 4099
7901 12297
7902 8199
7903 8202
7904 8205
7905 8195
7906 8173
7907 8206
7908 8208
7909 8189
7910 8227
7911 8246
7912 8210
7913 8212
7914 8214
7915 8211
7916 8217
7917 8220
7918 8216
7919 8137
7920 8240
7921 8218
7922 8222
7923 4111
7924 12333
7925 8226
7926 8224
7927 8228
7928 8230
7929 8232
7930 8229
7931 8203
7932 8242
7933 8234
7934 8236
7935 8149
7936 8207
7937 8265
7938 8235
7939 8238
7940 8241
7941 8244
7942 8248
7943 8250
7944 8239
7945 8253
7946 8256
7947 8213
7948 8299
7949 8342
7950 8245
7951 8255
7952 8268
7953 8252
7954 8254
7955 4127
7956 12381
7957 8262
7958 8258
7959 4129
7960 12387
7961 8271
7962 8274
7963 8264
7964 8266
7965 4133
7966 12399
7967 8277
7968 8280
7969 8257
7970 8303
7971 8284
7972 8270
7973 8272
7974 8261
7975 8283
7976 8286
7977 8276
7978 8278
7979 4139
7980 12417
7981 8289
7982 8292
7983 8282
7984 8288
7985 8251
7986 8325
7987 8275
7988 8285
7989 8290
7990 8294
7991 8281
7992 8267
7993 8295
7994 8298
7995 8296
7996 8279
7997 8313
7998 8304
7999 8300
8000 8302
8001 8306
8002 4153
8003 12459
8004 8307
8005 8310
8006 8305
8007 8315
8008 8320
8009 8308
8010 8312
8011 8314
8012 4157
8013 12471
8014 8316
8015 8309
8016 8323
8017 8330
8018 8318
8019 4159
8020 12477
8021 8319
8022 8322
8023 8249
8024 8362
8025 8324
8026 8326
8027 8328
8028 8332
8029 8334
8030 8336
8031 8338
8032 8327
8033 8349
8034 8337
8035 8340
8036 8335
8037 8345
8038 8350
8039 8344
8040 8346
8041 8333
8042 8359
8043 8372
8044 8348
8045 8352
8046 8343
8047 8355
8048 8358
8049 8351
8050 8365
8051 8360
8052 8341
8053 8379
8054 8361
8055 8364
8056 8347
8057 8381
8058 8398
8059 8354
8060 4177
8061 12531
8062 8370
8063 8339
8064 8401
8065 8432
8066 8356
8067 8366
8068 8368
8069 8374
8070 8321
8071 8427
8072 8376
8073 8378
8074 8380
8075 8375
8076 8385
8077 8382
8078 8371
8079 8393
8080 8386
8081 8384
8082 8388
8083 8390
8084 8392
8085 8394
8086 8396
8087 8400
8088 8395
8089 8405
8090 8410
8091 8402
8092 4201
8093 12603
8094 8397
8095 8406
8096 8404
8097 8408
8098 8412
8099 8414
8100 8407
8101 8421
8102 8415
8103 8418
8104 8357
8105 8479
8106 8540
8107 8416
8108 8420
8109 8422
8110 4211
8111 12633
8112 8424
8113 8411
8114 8437
8115 8426
8116 8428
8117 8430
8118 8425
8119 8435
8120 8440
8121 8434
8122 4217
8123 12651
8124 8433
8125 8436
8126 8399
8127 8473
8128 8510
8129 8438
8130 4219
8131 12657
8132 8439
8133 8442
8134 8444
8135 8446
8136 8448
8137 8445
8138 8450
8139 8452
8140 8454
8141 8451
8142 8460
8143 8413
8144 8507
8145 8554
8146 8449
8147 8456
8148 8458
8149 4229
8150 12687
8151 8463
8152 8466
8153 8383
8154 8484
8155 8462
8156 4231
8157 12693
8158 8469
8159 8472
8160 8464
8161 8441
8162 8487
8163 8475
8164 8455
8165 8417
8166 8474
8167 8468
8168 8470
8169 8459
8170 8481
8171 8478
8172 8476
8173 8480
8174 8465
8175 8485
8176 8490
8177 8482
8178 4241
8179 12723
8180 8493
8181 8496
8182 8486
8183 4243
8184 12729
8185 8502
8186 8488
8187 8492
8188 8494
8189 8498
8190 8477
8191 8491
8192 8505
8193 8495
8194 8500
8195 8483
8196 8517
8197 8508
8198 8504
8199 8506
8200 4253
8201 12759
8202 8514
8203 8471
8204 8557
8205 8600
8206 8512
8207 8516
8208 8518
8209 4259
8210 12777
8211 8520
8212 8515
8213 8489
8214 8528
8215 8522
8216 4261
8217 12783
8218 8523
8219 8526
8220 8497
8221 8555
8222 8525
8223 8503
8224 8536
8225 8524
8226 8530
8227 8532
8228 8453
8229 8560
8230 8534
8231 8538
8232 8535
8233 8541
8234 8544
8235 8542
8236 4271
8237 12813
8238 8547
8239 8519
8240 8533
8241 8556
8242 8546
8243 4273
8244 12819
8245 8550
8246 8531
8247 8569
8248 8558
8249 8548
8250 8552
8251 8562
8252 8559
8253 8565
8254 8545
8255 8570
8256 8564
8257 8566
8258 4283
8259 12849
8260 8568
8261 8551
8262 8585
8263 8575
8264 8561
8265 8582
8266 8572
8267 8574
8268 8576
8269 8509
8270 8636
8271 8578
8272 4289
8273 12867
8274 8577
8275 8580
8276 8567
8277 8593
8278 8606
8279 8584
8280 8586
8281 8588
8282 8590
8283 8592
8284 8589
8285 8595
8286 8598
8287 8594
8288 4297
8289 12891
8290 8601
8291 8604
8292 8596
8293 8602
8294 8579
8295 8625
8296 8605
8297 8610
8298 8603
8299 8617
8300 8624
8301 8591
8302 8613
8303 8607
8304 8616
8305 8608
8306 8612
8307 8614
8308 8618
8309 8587
8310 8649
8311 8619
8312 8622
8313 8620
8314 8615
8315 8630
8316 8626
8317 8628
8318 8631
8319 8634
8320 8632
8321 8549
8322 8652
8323 8638
8324 8640
8325 8635
8326 8645
8327 8650
8328 8642
8329 8644
8330 8646
8331 8643
8332 8655
8333 8658
8334 8621
8335 8695
8336 8648
8337 8654
8338 4327
8339 12981
8340 8664
8341 8656
8342 8660
8343 8662
8344 8666
8345 8659
8346 8673
8347 8667
8348 8670
8349 8653
8350 8687
8351 8680
8352 8665
8353 8675
8354 8685
8355 8676
8356 8668
8357 8657
8358 8679
8359 8682
8360 8672
8361 8674
8362 4337
8363 13011
8364 8688
8365 8678
8366 4339
8367 13017
8368 8694
8369 8671
8370 8684
8371 8686
8372 8690
8373 8611
8374 8720
8375 8692
8376 8639
8377 8745
8378 8697
8379 8700
8380 8696
8381 8698
8382 4349
8383 13047
8384 8703
8385 8706
8386 8702
8387 8683
8388 8721
8389 8704
8390 8708
8391 8701
8392 8712
8393 8710
8394 8705
8395 8715
8396 8718
8397 8714
8398 4357
8399 13071
8400 8724
8401 8716
8402 8722
8403 8633
8404 8730
8405 8725
8406 8735
8407 8740
8408 8717
8409 8763
8410 8733
8411 8651
8412 8774
8413 8726
8414 4363
8415 13089
8416 8736
8417 8723
8418 8734
8419 8728
8420 8732
8421 8738
8422 8742
8423 8711
8424 8773
8425 8804
8426 8744
8427 8746
8428 4373
8429 13119
8430 8739
8431 8748
8432 8750
8433 8729
8434 8743
8435 8757
8436 8754
8437 8752
8438 8756
8439 8758
8440 8760
8441 8755
8442 8765
8443 8770
8444 8762
8445 8749
8446 8775
8447 8766
8448 8764
8449 8768
8450 8772
8451 8769
8452 8778
8453 8759
8454 8797
8455 8816
8456 8776
8457 8780
8458 8782
8459 4391
8460 13173
8461 8784
8462 8786
8463 8788
8464 8790
8465 8785
8466 8771
8467 8792
8468 8794
8469 4397
8470 13191
8471 8787
8472 8793
8473 8796
8474 8798
8475 8800
8476 8767
8477 8789
8478 8806
8479 8799
8480 8802
8481 8805
8482 8795
8483 8810
8484 8808
8485 8811
8486 8814
8487 8801
8488 8827
8489 8813
8490 8820
8491 8812
8492 8818
8493 4409
8494 13227
8495 8823
8496 8826
8497 8822
8498 8824
8499 8828
8500 8830
8501 8815
8502 8825
8503 8835
8504 8829
8505 8832
8506 8809
8507 8855
8508 8833
8509 8844
8510 8777
8511 8908
8512 8834
8513 8836
8514 8838
8515 8840
8516 8842
8517 4421
8518 13263
8519 8841
8520 8847
8521 8850
8522 8791
8523 8909
8524 8968
8525 8846
8526 4423
8527 13269
8528 8853
8529 8856
8530 8848
8531 8852
8532 8854
8533 8858
8534 8860
8535 8845
8536 8865
8537 8862
8538 8864
8539 8866
8540 8868
8541 8870
8542 8872
8543 8874
8544 8857
8545 8891
8546 8925
8547 8869
8548 8876
8549 8878
8550 8880
8551 8843
8552 8917
8553 8954
8554 8877
8555 8883
8556 8886
8557 8882
8558 4441
8559 13323
8560 8892
8561 8873
8562 8911
8563 8890
8564 8875
8565 8885
8566 8895
8567 8898
8568 8884
8569 8888
8570 8894
8571 4447
8572 13341
8573 8901
8574 8904
8575 8851
8576 8957
8577 8879
8578 8905
8579 8900
8580 8896
8581 8902
8582 4451
8583 13353
8584 8910
8585 8899
8586 8921
8587 8932
8588 8897
8589 8918
8590 8906
8591 8912
8592 8914
8593 4457
8594 13371
8595 8916
8596 8919
8597 8922
8598 8920
8599 8915
8600 8930
8601 8924
8602 8926
8603 4463
8604 13389
8605 8928
8606 8931
8607 8934
8608 8936
8609 8938
8610 8940
8611 8935
8612 8945
8613 8950
8614 8942
8615 8944
8616 8946
8617 8937
8618 8943
8619 8949
8620 8952
8621 8948
8622 8956
8623 8958
8624 8955
8625 8960
8626 8939
8627 8953
8628 8967
8629 8961
8630 8903
8631 8990
8632 8959
8633 8976
8634 8962
8635 4481
8636 13443
8637 8964
8638 8881
8639 8988
8640 8966
8641 4483
8642 13449
8643 8970
8644 8947
8645 8993
8646 9010
8647 8965
8648 8975
8649 8980
8650 8972
8651 8974
8652 8978
8653 8982
8654 8973
8655 8979
8656 8985
8657 8991
8658 8994
8659 8984
8660 8986
8661 4493
8662 13479
8663 9000
8664 8992
8665 8996
8666 8983
8667 9009
8668 8981
8669 8995
8670 9002
8671 8998
8672 8987
8673 9006
8674 8927
8675 9040
8676 9004
8677 9008
8678 9012
8679 9014
8680 4507
8681 13521
8682 9015
8683 9005
8684 9020
8685 9016
8686 9018
8687 9021
8688 9024
8689 8977
8690 9071
8691 9118
8692 9022
8693 9026
8694 4513
8695 13539
8696 9027
8697 9030
8698 9023
8699 9037
8700 9044
8701 9025
8702 9035
8703 9045
8704 9036
8705 9028
8706 9032
8707 9034
8708 4517
8709 13551
8710 9039
8711 9042
8712 9031
8713 9053
8714 9064
8715 9038
8716 4519
8717 13557
8718 9048
8719 9019
8720 9077
8721 9106
8722 9046
8723 4523
8724 13569
8725 9051
8726 9054
8727 9050
8728 9052
8729 9056
8730 9058
8731 9060
8732 9055
8733 9065
8734 9070
8735 9062
8736 9066
8737 9063
8738 9072
8739 9068
8740 9074
8741 9061
8742 9078
8743 8989
8744 9090
8745 9075
8746 9080
8747 9076
8748 9082
8749 9084
8750 9081
8751 9087
8752 9093
8753 9079
8754 9086
8755 9088
8756 9017
8757 9144
8758 9092
8759 9094
8760 4547
8761 13641
8762 9096
8763 9098
8764 4549
8765 13647
8766 9099
8767 9102
8768 9100
8769 9085
8770 9095
8771 9105
8772 9108
8773 9097
8774 9119
8775 9130
8776 9047
8777 9156
8778 9104
8779 9110
8780 9112
8781 9114
8782 9083
8783 9145
8784 9115
8785 9120
8786 9101
8787 9139
8788 9113
8789 9126
8790 9116
8791 9073
8792 9159
8793 9117
8794 9129
8795 9132
8796 9122
8797 4561
8798 13683
8799 9135
8800 9107
8801 9121
8802 9128
8803 9124
8804 9134
8805 4567
8806 13701
8807 9138
8808 9136
8809 9140
8810 9125
8811 9150
8812 9089
8813 9211
8814 9272
8815 9142
8816 9146
8817 9148
8818 9152
8819 9141
8820 9153
8821 9162
8822 9154
8823 9131
8824 9177
8825 9149
8826 9163
8827 9170
8828 9155
8829 9160
8830 9158
8831 9164
8832 9166
8833 4583
8834 13749
8835 9165
8836 9168
8837 9171
8838 9174
8839 9172
8840 9176
8841 9178
8842 9180
8843 9175
8844 9185
8845 9190
8846 9182
8847 4591
8848 13773
8849 9186
8850 9184
8851 9143
8852 9225
8853 9189
8854 9192
8855 9188
8856 9194
8857 4597
8858 13791
8859 9195
8860 9198
8861 9191
8862 9204
8863 9196
8864 9200
8865 9202
8866 9206
8867 4603
8868 13809
8869 9207
8870 9210
8871 9205
8872 9212
8873 9208
8874 9214
8875 9197
8876 9231
8877 9213
8878 9216
8879 9218
8880 9220
8881 9215
8882 9230
8883 9217
8884 9243
8885 9219
8886 9222
8887 9169
8888 9275
8889 9226
8890 9224
8891 9228
8892 9232
8893 9234
8894 9236
8895 9238
8896 9240
8897 9229
8898 9251
8899 9193
8900 9280
8901 9235
8902 9245
8903 9250
8904 9242
8905 4621
8906 13863
8907 9246
8908 9179
8909 9313
8910 9380
8911 9233
8912 9247
8913 9254
8914 9244
8915 9248
8916 9252
8917 9255
8918 9258
8919 9256
8920 9167
8921 9270
8922 9260
8923 9262
8924 9264
8925 9261
8926 9268
8927 9266
8928 9274
8929 4637
8930 13911
8931 9273
8932 9276
8933 9278
8934 4639
8935 13917
8936 9279
8937 9282
8938 9265
8939 9285
8940 9288
8941 9284
8942 9286
8943 4643
8944 13929
8945 9291
8946 9253
8947 9310
8948 9289
8949 9296
8950 9290
8951 9292
8952 9223
8953 9269
8954 9295
8955 9300
8956 9294
8957 9297
8958 9303
8959 9306
8960 9259
8961 9353
8962 9400
8963 9298
8964 4649
8965 13947
8966 9309
8967 9312
8968 9302
8969 4651
8970 13953
8971 9315
8972 9305
8973 9320
8974 9304
8975 9308
8976 9314
8977 4657
8978 13971
8979 9318
8980 9316
8981 9299
8982 9333
8983 9321
8984 9324
8985 9287
8986 9361
8987 9317
8988 9328
8989 9322
8990 9263
8991 9381
8992 9330
8993 9325
8994 9335
8995 9340
8996 9326
8997 4663
8998 13989
8999 9336
9000 9332
9001 9334
9002 9338
9003 9331
9004 9345
9005 9339
9006 9342
9007 9344
9008 9271
9009 9398
9010 9346
9011 4673
9012 14019
9013 9348
9014 9307
9015 9389
9016 9430
9017 9350
9018 9352
9019 9354
9020 9351
9021 9360
9022 9347
9023 9373
9024 9359
9025 9366
9026 9356
9027 9358
9028 4679
9029 14037
9030 9369
9031 9372
9032 9301
9033 9432
9034 9362
9035 9364
9036 9368
9037 9370
9038 9355
9039 9365
9040 9375
9041 9378
9042 9374
9043 9376
9044 9382
9045 4691
9046 14073
9047 9384
9048 9367
9049 9329
9050 9386
9051 9388
9052 9390
9053 9385
9054 9395
9055 9405
9056 9383
9057 9394
9058 9387
9059 9393
9060 9396
9061 9392
9062 9402
9063 9399
9064 9408
9065 9401
9066 9415
9067 9410
9068 9404
9069 9406
9070 4703
9071 14109
9072 9414
9073 9412
9074 9416
9075 9418
9076 9420
9077 9417
9078 9423
9079 9426
9080 9422
9081 9424
9082 9428
9083 9434
9084 9436
9085 9429
9086 9435
9087 9425
9088 9438
9089 9427
9090 9449
9091 9460
9092 9440
9093 9442
9094 4721
9095 14163
9096 9441
9097 9444
9098 9446
9099 4723
9100 14169
9101 9447
9102 9450
9103 9443
9104 9457
9105 9464
9106 9448
9107 9452
9108 9454
9109 9456
9110 9453
9111 9407
9112 9476
9113 9458
9114 4729
9115 14187
9116 9459
9117 9462
9118 9379
9119 9492
9120 9465
9121 9445
9122 9455
9123 9470
9124 9466
9125 4733
9126 14199
9127 9468
9128 9471
9129 9474
9130 9472
9131 9478
9132 9480
9133 9475
9134 9485
9135 9490
9136 9451
9137 9477
9138 9483
9139 9486
9140 9469
9141 9503
9142 9516
9143 9482
9144 9484
9145 9488
9146 9494
9147 9496
9148 9498
9149 9495
9150 9500
9151 9481
9152 9519
9153 9504
9154 9493
9155 9515
9156 9505
9157 9510
9158 9502
9159 4751
9160 14253
9161 9513
9162 9499
9163 9506
9164 9409
9165 9603
9166 9522
9167 9508
9168 9512
9169 9514
9170 9518
9171 4759
9172 14277
9173 9525
9174 9520
9175 9524
9176 9526
9177 9528
9178 9530
9179 9532
9180 9534
9181 9527
9182 9541
9183 9548
9184 9517
9185 9579
9186 9531
9187 9537
9188 9540
9189 9487
9190 9593
9191 9646
9192 9529
9193 9542
9194 9536
9195 9538
9196 9544
9197 9546
9198 9509
9199 9583
9200 9555
9201 9535
9202 9545
9203 9550
9204 9552
9205 9549
9206 9558
9207 9554
9208 9556
9209 9560
9210 9562
9211 9564
9212 9566
9213 4783
9214 14349
9215 9567
9216 9570
9217 9559
9218 9581
9219 9568
9220 9572
9221 9574
9222 4787
9223 14361
9224 9576
9225 9557
9226 9595
9227 9565
9228 9575
9229 9580
9230 9578
9231 4789
9232 14367
9233 9582
9234 9584
9235 9586
9236 4793
9237 14379
9238 9585
9239 9588
9240 9571
9241 9605
9242 9590
9243 9569
9244 9597
9245 9591
9246 9594
9247 9553
9248 9635
9249 9600
9250 9592
9251 9596
9252 9598
9253 4799
9254 14397
9255 9606
9256 9602
9257 4801
9258 14403
9259 9612
9260 9523
9261 9630
9262 9604
9263 9608
9264 9610
9265 9614
9266 9616
9267 9618
9268 9611
9269 9625
9270 9615
9271 9620
9272 9607
9273 9633
9274 9621
9275 9624
9276 9622
9277 9626
9278 4813
9279 14439
9280 9636
9281 9563
9282 9694
9283 9628
9284 9599
9285 9657
9286 9639
9287 9632
9288 9589
9289 9675
9290 9640
9291 9634
9292 4817
9293 14451
9294 9642
9295 9638
9296 9577
9297 9699
9298 9645
9299 9648
9300 9644
9301 9650
9302 9652
9303 9654
9304 9656
9305 9658
9306 9647
9307 9669
9308 9660
9309 9637
9310 9683
9311 9706
9312 9662
9313 4831
9314 14493
9315 9666
9316 9664
9317 9668
9318 9670
9319 9655
9320 9665
9321 9680
9322 9672
9323 9641
9324 9703
9325 9734
9326 9674
9327 9653
9328 9667
9329 9681
9330 9678
9331 9676
9332 9617
9333 9735
9334 9684
9335 9682
9336 9686
9337 9688
9338 9690
9339 9671
9340 9709
9341 9695
9342 9685
9343 9659
9344 9698
9345 9692
9346 9696
9347 9693
9348 9702
9349 9691
9350 9713
9351 9724
9352 9673
9353 9707
9354 9741
9355 9705
9356 9700
9357 9704
9358 9708
9359 9710
9360 9712
9361 9714
9362 9711
9363 9717
9364 9720
9365 9715
9366 9725
9367 9730
9368 9716
9369 9718
9370 9722
9371 4861
9372 14583
9373 9723
9374 9726
9375 9728
9376 9732
9377 9729
9378 9738
9379 9736
9380 9740
9381 9742
9382 4871
9383 14613
9384 9744
9385 9737
9386 9750
9387 9745
9388 9755
9389 9760
9390 9746
9391 9748
9392 9752
9393 9754
9394 4877
9395 14631
9396 9747
9397 9756
9398 9758
9399 9751
9400 9765
9401 9762
9402 9764
9403 9766
9404 9768
9405 9731
9406 9805
9407 9770
9408 9772
9409 9774
9410 9776
9411 9763
9412 9789
9413 9780
9414 9775
9415 9785
9416 9790
9417 9701
9418 9810
9419 9778
9420 4889
9421 14667
9422 9783
9423 9786
9424 9779
9425 9757
9426 9801
9427 9792
9428 9782
9429 9784
9430 9788
9431 9794
9432 9796
9433 9798
9434 9727
9435 9864
9436 9795
9437 9800
9438 9793
9439 9807
9440 9804
9441 9761
9442 9847
9443 9890
9444 9802
9445 9773
9446 9831
9447 9816
9448 9806
9449 4903
9450 14709
9451 9819
9452 9822
9453 9808
9454 9812
9455 9814
9456 9818
9457 4909
9458 14727
9459 9825
9460 9815
9461 9820
9462 9824
9463 9826
9464 9809
9465 9843
9466 9828
9467 9821
9468 9835
9469 9830
9470 9832
9471 9834
9472 9823
9473 9842
9474 9836
9475 9838
9476 4919
9477 14757
9478 9837
9479 9840
9480 9799
9481 9881
9482 9922
9483 9844
9484 9846
9485 9848
9486 9850
9487 9845
9488 9855
9489 9849
9490 9852
9491 9854
9492 9841
9493 9867
9494 9856
9495 9858
9496 9827
9497 9889
9498 9860
9499 9862
9500 4931
9501 14793
9502 9861
9503 9870
9504 9863
9505 9877
9506 9884
9507 9866
9508 4933
9509 14799
9510 9873
9511 9876
9512 9868
9513 9872
9514 9874
9515 4937
9516 14811
9517 9879
9518 9882
9519 9878
9520 9880
9521 9865
9522 9875
9523 9885
9524 9888
9525 9886
9526 4943
9527 14829
9528 9891
9529 9894
9530 9797
9531 9898
9532 9892
9533 9896
9534 9900
9535 9895
9536 9905
9537 9910
9538 9902
9539 4951
9540 14853
9541 9906
9542 9893
9543 9919
9544 9912
9545 9853
9546 9971
9547 9932
9548 9904
9549 9908
9550 9914
9551 4957
9552 14871
9553 9909
9554 9915
9555 9918
9556 9899
9557 9937
9558 9956
9559 9916
9560 9920
9561 9924
9562 9926
9563 9928
9564 9911
9565 9933
9566 9927
9567 9930
9568 9925
9569 9935
9570 9940
9571 9869
9572 10008
9573 9934
9574 4967
9575 14901
9576 9936
9577 9913
9578 9959
9579 9982
9580 9938
9581 4969
9582 14907
9583 9942
9584 9944
9585 9946
9586 4973
9587 14919
9588 9945
9589 9948
9590 9950
9591 9952
9592 9954
9593 9947
9594 9961
9595 9968
9596 9958
9597 9960
9598 9951
9599 9963
9600 9966
9601 9955
9602 9965
9603 9970
9604 9962
9605 9964
9606 9917
9607 10011
9608 9972
9609 9974
9610 4987
9611 14961
9612 9975
9613 9978
9614 9976
9615 9980
9616 9984
9617 9981
9618 9990
9619 9953
9620 10027
9621 10064
9622 9979
9623 9996
9624 9986
9625 4993
9626 14979
9627 9999
9628 9977
9629 9988
9630 9992
9631 9994
9632 9998
9633 4999
9634 14997
9635 10002
9636 10000
9637 9985
9638 9995
9639 10005
9640 10010
9641 9989
9642 10003
9643 10017
9644 10014
9645 10004
9646 9943
9647 10065
9648 10015
9649 10020
9650 10006
9651 5003
9652 15009
9653 10023
9654 9997
9655 10036
9656 10012
9657 10016
9658 10018
9659 5009
9660 15027
9661 10026
9662 10022
9663 5011
9664 15033
9665 10032
9666 10013
9667 10030
9668 10024
9669 10028
9670 10034
9671 10038
9672 10031
9673 10045
9674 10025
9675 10035
9676 10040
9677 10042
9678 5021
9679 15063
9680 10044
9681 10046
9682 5023
9683 15069
9684 10047
9685 10050
9686 9983
9687 10117
9688 10184
9689 10048
9690 10052
9691 10054
9692 10021
9693 10043
9694 10076
9695 10056
9696 10053
9697 10059
9698 10062
9699 10019
9700 10105
9701 10055
9702 10060
9703 10058
9704 10066
9705 10068
9706 10070
9707 10051
9708 10074
9709 10001
9710 10138
9711 10072
9712 10078
9713 5039
9714 15117
9715 10071
9716 10080
9717 10073
9718 10087
9719 10094
9720 9991
9721 10088
9722 10049
9723 10075
9724 10085
9725 10090
9726 10082
9727 10084
9728 10086
9729 10089
9730 10092
9731 10063
9732 10121
9733 10150
9734 10095
9735 10098
9736 10081
9737 10115
9738 10100
9739 10096
9740 10102
9741 5051
9742 15153
9743 10101
9744 10104
9745 10106
9746 10108
9747 10110
9748 10107
9749 10116
9750 10112
9751 10033
9752 10160
9753 10114
9754 10118
9755 5059
9756 15177
9757 10122
9758 10120
9759 10097
9760 10143
9761 10125
9762 10128
9763 10124
9764 10126
9765 10130
9766 10132
9767 10134
9768 10131
9769 10109
9770 10142
9771 10136
9772 10129
9773 10157
9774 10164
9775 10137
9776 10140
9777 10127
9778 10146
9779 10057
9780 10170
9781 10135
9782 10145
9783 10155
9784 10149
9785 10152
9786 10144
9787 10148
9788 10154
9789 5077
9790 15231
9791 10158
9792 10156
9793 10162
9794 5081
9795 15243
9796 10161
9797 10176
9798 10123
9799 10229
9800 10282
9801 10166
9802 10153
9803 10175
9804 10165
9805 10180
9806 10168
9807 10172
9808 10174
9809 5087
9810 15261
9811 10179
9812 10182
9813 10178
9814 10171
9815 10185
9816 10188
9817 10186
9818 10190
9819 10192
9820 10194
9821 10191
9822 10197
9823 10200
9824 10183
9825 10217
9826 10234
9827 10196
9828 10198
9829 5099
9830 15297
9831 10203
9832 10206
9833 10199
9834 10213
9835 10220
9836 10147
9837 10286
9838 10202
9839 5101
9840 15303
9841 10209
9842 10212
9843 10189
9844 10235
9845 10195
9846 10205
9847 10210
9848 10204
9849 10208
9850 10214
9851 5107
9852 15321
9853 10215
9854 10218
9855 10216
9856 10222
9857 10224
9858 10226
9859 5113
9860 15339
9861 10227
9862 10230
9863 10219
9864 10241
9865 10248
9866 10187
9867 10309
9868 10231
9869 10244
9870 10228
9871 10232
9872 10236
9873 10233
9874 10242
9875 10238
9876 5119
9877 15357
9878 10245
9879 10225
9880 10240
9881 10246
9882 10250
9883 10252
9884 10254
9885 10251
9886 10257
9887 10260
9888 10255
9889 10262
9890 10256
9891 10258
9892 10264
9893 10266
9894 10207
9895 10325
9896 10265
9897 10270
9898 10268
9899 10272
9900 10263
9901 10269
9902 10275
9903 10278
9904 10274
9905 10276
9906 10280
9907 10284
9908 10281
9909 10287
9910 10290
9911 10283
9912 10296
9913 10285
9914 10295
9915 10237
9916 10324
9917 10288
9918 10292
9919 10261
9920 10323
9921 10249
9922 10360
9923 10294
9924 5147
9925 15441
9926 10293
9927 10302
9928 10201
9929 10403
9930 10300
9931 10298
9932 10279
9933 10317
9934 10305
9935 10308
9936 10304
9937 10297
9938 10311
9939 10314
9940 10306
9941 5153
9942 15459
9943 10320
9944 10277
9945 10363
9946 10406
9947 10307
9948 10318
9949 10310
9950 10312
9951 10316
9952 10322
9953 10326
9954 10328
9955 10330
9956 10315
9957 10335
9958 10329
9959 10332
9960 10291
9961 10373
9962 10327
9963 10350
9964 10334
9965 5167
9966 15501
9967 10338
9968 10336
9969 10319
9970 10353
9971 10339
9972 10346
9973 10340
9974 10342
9975 5171
9976 15513
9977 10341
9978 10344
9979 10348
9980 10352
9981 10354
9982 10356
9983 10358
9984 5179
9985 15537
9986 10359
9987 10362
9988 10351
9989 10384
9990 10364
9991 10366
9992 10368
9993 10365
9994 10345
9995 10355
9996 10370
9997 10372
9998 10374
9999 10361
10000 10387
