1 3
2 2
3 4
4 5
5 10
6 12
7 14
8 3
9 7
10 22
11 22
12 7
13 26
14 35
15 36
16 9
17 34
18 5
19 38
20 15
21 56
22 55
23 46
24 22
25 11
26 65
27 13
28 23
29 58
30 78
31 62
32 5
33 88
34 85
35 92
36 13
37 74
38 95
39 104
40 40
41 82
42 112
43 86
44 44
45 20
46 115
47 94
48 21
49 15
50 9
51 136
52 52
53 106
54 26
55 154
56 54
57 152
58 145
59 118
60 60
61 122
62 155
63 35
64 17
65 182
66 184
67 134
68 68
69 184
70 196
71 142
72 10
73 146
74 185
75 18
76 76
77 212
78 221
79 158
80 27
81 19
82 205
83 166
84 85
85 238
86 215
87 232
88 99
89 178
90 55
91 254
92 92
93 248
94 235
95 266
96 42
97 194
98 16
99 59
100 21
101 202
102 289
103 206
104 114
105 295
106 265
107 214
108 21
109 218
110 308
111 296
112 47
113 226
114 323
115 322
116 116
117 78
118 295
119 340
120 135
121 23
122 305
123 328
124 124
125 40
126 77
127 254
128 19
129 344
130 370
131 262
132 143
133 380
134 335
135 84
136 153
137 274
138 391
139 278
140 155
141 376
142 355
143 407
144 25
145 406
146 365
147 30
148 148
149 298
150 41
151 302
152 171
153 102
154 448
155 434
156 169
157 314
158 395
159 424
160 74
161 460
162 20
163 326
164 164
165 473
166 415
167 334
168 189
169 27
170 490
171 109
172 172
173 346
174 493
175 60
176 77
177 472
178 445
179 358
180 45
181 362
182 520
183 488
184 207
185 518
186 527
187 544
188 188
189 126
190 551
191 382
192 27
193 386
194 485
195 560
196 29
197 394
198 128
199 398
200 21
201 536
202 505
203 580
204 228
205 574
206 515
207 138
208 91
209 608
210 602
211 422
212 212
213 568
214 535
215 602
216 51
217 620
218 545
219 584
220 255
221 642
222 629
223 446
224 98
225 31
226 565
227 454
228 266
229 458
230 667
231 660
232 261
233 466
234 156
235 658
236 236
237 632
238 697
239 478
240 130
241 482
242 38
243 30
244 244
245 48
246 697
247 722
248 279
249 664
250 85
251 502
252 70
253 736
254 635
255 735
256 33
257 514
258 731
259 740
260 305
261 174
262 655
263 526
264 308
265 742
266 770
267 712
268 268
269 538
270 192
271 542
272 119
273 788
274 685
275 99
276 322
277 554
278 695
279 186
280 322
281 562
282 799
283 566
284 284
285 825
286 832
287 820
288 38
289 35
290 841
291 776
292 292
293 586
294 61
295 826
296 333
297 208
298 745
299 874
300 38
301 860
302 755
303 808
304 139
305 854
306 204
307 614
308 363
309 824
310 899
311 622
312 364
313 626
314 785
315 217
316 316
317 634
318 901
319 928
320 63
321 856
322 943
323 940
324 37
325 117
326 815
327 872
328 369
329 940
330 963
331 662
332 332
333 222
334 835
335 938
336 165
337 674
338 42
339 904
340 402
341 992
342 228
343 84
344 387
345 1012
346 865
347 694
348 406
349 698
350 129
351 250
352 172
353 706
354 1003
355 994
356 356
357 1043
358 895
359 718
360 106
361 39
362 905
363 42
364 427
365 1022
366 1037
367 734
368 184
369 246
370 1073
371 1060
372 434
373 746
374 1088
375 144
376 423
377 1102
378 267
379 758
380 456
381 1016
382 955
383 766
384 72
385 1122
386 965
387 258
388 388
389 778
390 1144
391 1139
392 30
393 1048
394 985
395 1106
396 110
397 794
398 995
399 1164
400 41
401 802
402 1139
403 1178
404 404
405 60
406 1189
407 1184
408 481
409 818
410 1189
411 1096
412 412
413 1180
414 286
415 1162
416 208
417 1112
418 1216
419 838
420 497
421 842
422 1055
423 282
424 477
425 153
426 1207
427 1220
428 428
429 1261
430 1247
431 862
432 39
433 866
434 1271
435 1276
436 436
437 1288
438 1241
439 878
440 528
441 43
442 1293
443 886
444 518
445 1246
446 1115
447 1192
448 91
449 898
450 32
451 1312
452 452
453 1208
454 1135
455 1330
456 543
457 914
458 1145
459 330
460 542
461 922
462 1353
463 926
464 221
465 1364
466 1165
467 934
468 143
469 1340
470 1363
471 1256
472 531
473 1376
474 1343
475 171
476 561
477 318
478 1195
479 958
480 250
481 1406
482 1205
483 1426
484 45
485 1358
486 93
487 974
488 549
489 1304
490 128
491 982
492 574
493 1450
494 1456
495 352
496 248
497 1420
498 1411
499 998
500 65
501 1336
502 1255
503 1006
504 161
505 1414
506 1472
507 49
508 508
509 1018
510 1496
511 1460
512 28
513 380
514 1285
515 1442
516 602
517 1504
518 1517
519 1384
520 624
521 1042
522 377
523 1046
524 524
525 196
526 1315
527 1550
528 264
529 47
530 1537
531 354
532 627
533 1558
534 1513
535 1498
536 603
537 1432
538 1345
539 129
540 168
541 1082
542 1355
543 1448
544 278
545 1526
546 1606
547 1094
548 548
549 366
550 207
551 1624
552 654
553 1580
554 1385
555 1628
556 556
557 1114
558 403
559 1634
560 281
561 1649
562 1405
563 1126
564 658
565 1582
566 1415
567 91
568 639
569 1138
570 1672
571 1142
572 689
573 1528
574 1681
575 223
576 49
577 1154
578 48
579 1544
580 693
581 1660
582 1649
583 1696
584 657
585 419
586 1465
587 1174
588 59
589 1736
590 1711
591 1576
592 296
593 1186
594 432
595 1753
596 596
597 1592
598 1755
599 1198
600 96
601 1202
602 1763
603 402
604 604
605 72
606 1717
607 1214
608 310
609 1798
610 1769
611 1786
612 187
613 1226
614 1535
615 1804
616 726
617 1234
618 1751
619 1238
620 744
621 460
622 1555
623 1780
624 312
625 51
626 1565
627 1843
628 628
629 1850
630 445
631 1262
632 711
633 1688
634 1585
635 1778
636 742
637 182
638 1885
639 426
640 138
641 1282
642 1819
643 1286
644 759
645 1892
646 1904
647 1294
648 38
649 1888
650 254
651 1908
652 652
653 1306
654 1853
655 1834
656 328
657 438
658 1927
659 1318
660 792
661 1322
662 1655
663 1950
664 747
665 1960
666 481
667 1955
668 668
669 1784
670 1943
671 1952
672 364
673 1346
674 1685
675 48
676 53
677 1354
678 1921
679 1940
680 816
681 1816
682 2013
683 1366
684 191
685 1918
686 174
687 1832
688 344
689 2014
690 2024
691 1382
692 692
693 528
694 1735
695 1946
696 841
697 2050
698 1745
699 1864
700 119
701 1402
702 522
703 2071
704 137
705 2068
706 1765
707 2020
708 826
709 1418
710 2059
711 474
712 801
713 2108
714 2108
715 2101
716 716
717 1912
718 1795
719 1438
720 110
721 2060
722 50
723 1928
724 724
725 288
726 104
727 1454
728 870
729 55
730 2117
731 2150
732 854
733 1466
734 1835
735 190
736 385
737 2144
738 533
739 1478
740 888
741 2184
742 2173
743 1486
744 899
745 2086
746 1865
747 498
748 891
749 2140
750 297
751 1502
752 376
753 2008
754 2216
755 2114
756 247
757 1514
758 1895
759 2231
760 912
761 1522
762 2159
763 2180
764 764
765 554
766 1915
767 2242
768 57
769 1538
770 2268
771 2056
772 772
773 1546
774 559
775 291
776 873
777 2294
778 1945
779 2296
780 936
781 2272
782 2312
783 564
784 57
785 2198
786 2227
787 1574
788 788
789 2104
790 2291
791 2260
792 245
793 2318
794 1985
795 2332
796 796
797 1594
798 2356
799 2350
800 50
801 534
802 2005
803 2336
804 938
805 2383
806 2379
807 2152
808 909
809 1618
810 160
811 1622
812 957
813 2168
814 2405
815 2282
816 425
817 2408
818 2045
819 609
820 984
821 1642
822 2329
823 1646
824 927
825 333
826 2419
827 1654
828 253
829 1658
830 2407
831 2216
832 195
833 221
834 2363
835 2338
836 1001
837 620
838 2095
839 1678
840 1026
841 59
842 2105
843 2248
844 844
845 105
846 611
847 124
848 424
849 2264
850 336
851 2513
852 994
853 1706
854 2501
855 623
856 963
857 1714
858 2522
859 1718
860 1032
861 2542
862 2155
863 1726
864 132
865 2422
866 2165
867 73
868 1035
869 2528
870 2552
871 2546
872 981
873 582
874 2584
875 364
876 1022
877 1754
878 2195
879 2344
880 455
881 1762
882 38
883 1766
884 1058
885 2596
886 2215
887 1774
888 1073
889 2540
890 2581
891 176
892 892
893 2632
894 2533
895 2506
896 199
897 2652
898 2245
899 2644
900 61
901 2650
902 2665
903 2666
904 1017
905 2534
906 2567
907 1814
908 908
909 606
910 2695
911 1822
912 475
913 2656
914 2285
915 2684
916 916
917 2620
918 663
919 1838
920 1104
921 2456
922 2305
923 2698
924 1119
925 370
926 2315
927 618
928 493
929 1858
930 2728
931 248
932 932
933 2488
934 2335
935 2754
936 299
937 1874
938 2747
939 2504
940 1128
941 1882
942 2669
943 2788
944 472
945 708
946 2795
947 1894
948 1106
949 2774
950 380
951 2536
952 1141
953 1906
954 689
955 2674
956 956
957 2838
958 2395
959 2740
960 235
961 63
962 2849
963 642
964 964
965 2702
966 2852
967 1934
968 58
969 2861
970 2813
971 1942
972 75
973 2780
974 2435
975 390
976 488
977 1954
978 2771
979 2848
980 96
981 654
982 2455
983 1966
984 1189
985 2758
986 2924
987 2914
988 1197
989 2924
990 737
991 1982
992 515
993 2648
994 2911
995 2786
996 1162
997 1994
998 2495
999 740
1000 166
1001 2964
1002 2839
1003 2950
1004 1004
1005 2948
1006 2515
1007 2968
1008 133
1009 2018
1010 2929
1011 2696
1012 1232
1013 2026
1014 123
1015 3006
1016 1143
1017 678
1018 2545
1019 2038
1020 1224
1021 2042
1022 2993
1023 3019
1024 65
1025 410
1026 768
1027 3002
1028 1028
1029 286
1030 2987
1031 2062
1032 1247
1033 2066
1034 3055
1035 736
1036 1253
1037 3050
1038 2941
1039 2078
1040 561
1041 2776
1042 2605
1043 2980
1044 319
1045 3100
1046 2615
1047 2792
1048 1179
1049 2098
1050 424
1051 2102
1052 1052
1053 208
1054 3131
1055 2954
1056 567
1057 3020
1058 52
1059 2824
1060 1272
1061 2122
1062 767
1063 2126
1064 1284
1065 3124
1066 3157
1067 3104
1068 1246
1069 2138
1070 3103
1071 799
1072 536
1073 3161
1074 3043
1075 430
1076 1076
1077 2872
1078 288
1079 3154
1080 345
1081 3196
1082 2705
1083 84
1084 1084
1085 3213
1086 3077
1087 2174
1088 230
1089 67
1090 3161
1091 2182
1092 1335
1093 2186
1094 2735
1095 3212
1096 1233
1097 2194
1098 793
1099 3140
1100 191
1101 2936
1102 3253
1103 2206
1104 581
1105 3270
1106 3239
1107 820
1108 1108
1109 2218
1110 3270
1111 3232
1112 1251
1113 3286
1114 2785
1115 3122
1116 341
1117 2234
1118 3311
1119 2984
1120 616
1121 3304
1122 3315
1123 2246
1124 1124
1125 96
1126 2815
1127 320
1128 1363
1129 2258
1130 3277
1131 3364
1132 1132
1133 3296
1134 224
1135 3178
1136 568
1137 3032
1138 2845
1139 3350
1140 1377
1141 3260
1142 2855
1143 762
1144 1391
1145 3206
1146 3247
1147 3391
1148 1394
1149 3064
1150 466
1151 2302
1152 54
1153 2306
1154 2885
1155 3411
1156 69
1157 3382
1158 3281
1159 3416
1160 1392
1161 860
1162 3403
1163 2326
1164 1358
1165 3262
1166 3445
1167 3112
1168 584
1169 3340
1170 880
1171 2342
1172 1172
1173 3482
1174 2935
1175 470
1176 135
1177 3424
1178 3477
1179 786
1180 1416
1181 2362
1182 3349
1183 156
1184 629
1185 3476
1186 2965
1187 2374
1188 385
1189 3526
1190 3536
1191 3176
1192 1341
1193 2386
1194 3383
1195 3346
1196 1449
1197 874
1198 2995
1199 3488
1200 75
1201 2402
1202 3005
1203 3208
1204 1462
1205 3374
1206 871
1207 3550
1208 1359
1209 3596
1210 175
1211 3460
1212 1414
1213 2426
1214 3035
1215 250
1216 281
1217 2434
1218 3596
1219 3604
1220 1464
1221 3604
1222 3619
1223 2446
1224 391
1225 71
1226 3065
1227 3272
1228 1228
1229 2458
1230 3649
1231 2462
1232 665
1233 822
1234 3085
1235 3666
1236 1442
1237 2474
1238 3095
1239 3658
1240 1488
1241 3650
1242 921
1243 3616
1244 1244
1245 3652
1246 3649
1247 3698
1248 655
1249 2498
1250 52
1251 834
1252 1252
1253 3580
1254 3724
1255 3514
1256 1413
1257 3352
1258 3723
1259 2518
1260 427
1261 3686
1262 3155
1263 3368
1264 632
1265 3749
1266 3587
1267 3620
1268 1268
1269 940
1270 3683
1271 3772
1272 1537
1273 3752
1274 341
1275 510
1276 1566
1277 2554
1278 923
1279 2558
1280 125
1281 3782
1282 3205
1283 2566
1284 1498
1285 3598
1286 3215
1287 957
1288 1564
1289 2578
1290 3827
1291 2582
1292 1577
1293 3448
1294 3235
1295 3848
1296 73
1297 2594
1298 3835
1299 3464
1300 223
1301 2602
1302 3844
1303 2606
1304 1467
1305 976
1306 3265
1307 2614
1308 1526
1309 3876
1310 3799
1311 3881
1312 697
1313 3838
1314 949
1315 3682
1316 1581
1317 3512
1318 3295
1319 2638
1320 1602
1321 2642
1322 3305
1323 100
1324 1324
1325 530
1326 3939
1327 2654
1328 664
1329 3544
1330 3945
1331 208
1332 407
1333 3955
1334 3944
1335 3916
1336 1503
1337 3820
1338 3791
1339 3914
1340 1608
1341 894
1342 3965
1343 3950
1344 329
1345 3766
1346 3365
1347 3592
1348 1348
1349 3976
1350 142
1351 3860
1352 72
1353 3993
1354 3385
1355 3794
1356 1582
1357 4012
1358 3977
1359 906
1360 725
1361 2722
1362 3859
1363 4042
1364 1674
1365 4056
1366 3415
1367 2734
1368 437
1369 75
1370 3973
1371 3656
1372 167
1373 2746
1374 3893
1375 550
1376 729
1377 272
1378 4081
1379 3940
1380 1679
1381 2762
1382 3455
1383 3688
1384 1557
1385 3878
1386 1029
1387 4088
1388 1388
1389 3704
1390 4031
1391 4066
1392 735
1393 3980
1394 4131
1395 1031
1396 1396
1397 4064
1398 3961
1399 2798
1400 238
1401 3736
1402 3505
1403 4148
1404 459
1405 3934
1406 4181
1407 4154
1408 325
1409 2818
1410 4168
1411 4150
1412 1412
1413 942
1414 4141
1415 3962
1416 1711
1417 4142
1418 3545
1419 4214
1420 1704
1421 406
1422 1027
1423 2846
1424 712
1425 589
1426 4216
1427 2854
1428 1734
1429 2858
1430 4238
1431 1060
1432 1611
1433 2866
1434 4063
1435 4264
1436 1436
1437 3832
1438 3595
1439 2878
1440 232
1441 4192
1442 4223
1443 4292
1444 77
1445 150
1446 4097
1447 2894
1448 1629
1449 1081
1450 592
1451 2902
1452 102
1453 2906
1454 3635
1455 4268
1456 771
1457 4323
1458 68
1459 2918
1460 1752
1461 3896
1462 4336
1463 4335
1464 1769
1465 4102
1466 3665
1467 978
1468 1468
1469 4294
1470 412
1471 2942
1472 345
1473 3928
1474 4355
1475 590
1476 473
1477 4220
1478 3695
1479 4397
1480 1776
1481 2962
1482 4408
1483 2966
1484 1802
1485 1110
1486 3715
1487 2974
1488 786
1489 2978
1490 4321
1491 4402
1492 1492
1493 2986
1494 1079
1495 4433
1496 1826
1497 3992
1498 4387
1499 2998
1500 265
1501 4424
1502 3755
1503 1002
1504 799
1505 4472
1506 4267
1507 4384
1508 1827
1509 4024
1510 4379
1511 3022
1512 500
1513 4450
1514 3785
1515 4444
1516 1516
1517 4508
1518 4508
1519 416
1520 802
1521 79
1522 3805
1523 3046
1524 1778
1525 610
1526 4469
1527 4072
1528 1719
1529 4448
1530 1145
1531 3062
1532 1532
1533 4526
1534 4543
1535 4298
1536 153
1537 4558
1538 3845
1539 304
1540 1881
1541 4556
1542 4369
1543 3086
1544 1737
1545 4532
1546 3865
1547 4601
1548 516
1549 3098
1550 634
1551 4594
1552 776
1553 3106
1554 4588
1555 4354
1556 1556
1557 1038
1558 4633
1559 3118
1560 1915
1561 4460
1562 4615
1563 4168
1564 1907
1565 4382
1566 1169
1567 3134
1568 58
1569 4184
1570 4553
1571 3142
1572 1834
1573 252
1574 3935
1575 167
1576 1773
1577 4648
1578 4471
1579 3158
1580 1896
1581 4684
1582 4633
1583 3166
1584 242
1585 4438
1586 4697
1587 96
1588 1588
1589 4540
1590 4717
1591 4730
1592 1791
1593 1180
1594 3985
1595 4730
1596 1953
1597 3194
1598 4747
1599 4731
1600 81
1601 3202
1602 1157
1603 4580
1604 1604
1605 4708
1606 4745
1607 3214
1608 1943
1609 3218
1610 4784
1611 1074
1612 1953
1613 3226
1614 4573
1615 4807
1616 808
1617 448
1618 4045
1619 3238
1620 133
1621 3242
1622 4055
1623 4328
1624 1974
1625 674
1626 4607
1627 3254
1628 1981
1629 1086
1630 4727
1631 4660
1632 867
1633 4828
1634 4859
1635 4796
1636 1636
1637 3274
1638 1222
1639 4768
1640 1968
1641 4376
1642 4105
1643 4876
1644 1918
1645 4888
1646 4115
1647 1220
1648 824
1649 4850
1650 682
1651 4826
1652 2006
1653 4872
1654 4135
1655 4634
1656 552
1657 3314
1658 4145
1659 4898
1660 1992
1661 4832
1662 4709
1663 3326
1664 390
1665 1235
1666 476
1667 3334
1668 1946
1669 3338
1670 4843
1671 4456
1672 2052
1673 4780
1674 1271
1675 670
1676 1676
1677 4988
1678 4195
1679 4964
1680 924
1681 83
1682 72
1683 1263
1684 1684
1685 4718
1686 4777
1687 4820
1688 1899
1689 4504
1690 245
1691 4984
1692 564
1693 3386
1694 282
1695 4972
1696 901
1697 3394
1698 4811
1699 3398
1700 289
1701 352
1702 5032
1703 4978
1704 2059
1705 5084
1706 4265
1707 4552
1708 2074
1709 3418
1710 1273
1711 5074
1712 856
1713 4568
1714 4285
1715 490
1716 2101
1717 5050
1718 4295
1719 1146
1720 2107
1721 3442
1722 5084
1723 3446
1724 1724
1725 729
1726 4315
1727 5024
1728 93
1729 5145
1730 5017
1731 4616
1732 1732
1733 3466
1734 158
1735 4858
1736 2114
1737 1158
1738 5135
1739 5150
1740 2117
1741 3482
1742 5159
1743 5146
1744 872
1745 4886
1746 1261
1747 3494
1748 2109
1749 5194
1750 735
1751 5150
1752 2117
1753 3506
1754 4385
1755 1326
1756 1756
1757 5020
1758 4981
1759 3518
1760 950
1761 4696
1762 4405
1763 5239
1764 85
1765 4942
1766 4415
1767 5241
1768 2173
1769 5246
1770 5251
1771 5264
1772 1772
1773 1182
1774 4435
1775 710
1776 960
1777 3554
1778 5207
1779 4744
1780 2136
1781 5206
1782 355
1783 3566
1784 2007
1785 5304
1786 5311
1787 3574
1788 2086
1789 3578
1790 5191
1791 1194
1792 183
1793 5216
1794 5328
1795 5026
1796 1796
1797 4792
1798 5332
1799 5140
1800 72
1801 3602
1802 5353
1803 4808
1804 2203
1805 141
1806 5332
1807 5282
1808 904
1809 1340
1810 5249
1811 3622
1812 2114
1813 506
1814 4535
1815 297
1816 2043
1817 5372
1818 1313
1819 5350
1820 2223
1821 4856
1822 4555
1823 3646
1824 975
1825 730
1826 5395
1827 1378
1828 1828
1829 5428
1830 5429
1831 3662
1832 2061
1833 5452
1834 5371
1835 5138
1836 618
1837 5344
1838 4595
1839 4904
1840 990
1841 5260
1842 5219
1843 5432
1844 1844
1845 1394
1846 5467
1847 3694
1848 2268
1849 87
1850 777
1851 4936
1852 1852
1853 5450
1854 1339
1855 5512
1856 435
1857 4952
1858 4645
1859 256
1860 2233
1861 3722
1862 510
1863 373
1864 2097
1865 5222
1866 5287
1867 3734
1868 1868
1869 5518
1870 5576
1871 3742
1872 286
1873 3746
1874 4685
1875 108
1876 2278
1877 3754
1878 5321
1879 3758
1880 2298
1881 1419
1882 4705
1883 5380
1884 2198
1885 5605
1886 5576
1887 5624
1888 1003
1889 3778
1890 1416
1891 5611
1892 2319
1893 5048
1894 4735
1895 5306
1896 2291
1897 5420
1898 5621
1899 1266
1900 325
1901 3802
1902 5389
1903 5536
1904 1020
1905 5588
1906 4765
1907 3814
1908 636
1909 5644
1910 5539
1911 546
1912 2151
1913 3826
1914 5684
1915 5362
1916 1916
1917 1420
1918 5617
1919 5656
1920 470
1921 5650
1922 64
1923 5128
1924 2331
1925 792
1926 1391
1927 5732
1928 2169
1929 5144
1930 5597
1931 3862
1932 2358
1933 3866
1934 4835
1935 1462
1936 89
1937 5662
1938 5757
1939 5540
1940 2328
1941 5176
1942 4855
1943 5762
1944 165
1945 5446
1946 5699
1947 5782
1948 1948
1949 3898
1950 808
1951 3902
1952 1037
1953 1458
1954 4885
1955 5818
1956 2282
1957 5768
1958 5785
1959 5224
1960 235
1961 5823
1962 1417
1963 5738
1964 1964
1965 5764
1966 4915
1967 5620
1968 1066
1969 5728
1970 5713
1971 1460
1972 2414
1973 3946
1974 5872
1975 790
1976 2418
1977 5272
1978 5848
1979 3958
1980 679
1981 5660
1982 4955
1983 5288
1984 481
1985 5558
1986 5627
1987 3974
1988 2414
1989 1496
1990 5771
1991 5792
1992 2407
1993 3986
1994 4985
1995 5928
1996 1996
1997 3994
1998 1517
1999 3998
2000 159
2001 5937
2002 5951
2003 4006
2004 2338
2005 5614
2006 5959
2007 1338
2008 2259
2009 574
2010 5963
2011 4022
2012 2012
2013 5978
2014 5988
2015 5980
2016 318
2017 4034
2018 5045
2019 5384
2020 2424
2021 6014
2022 5729
2023 210
2024 2482
2025 91
2026 5065
2027 4054
2028 96
2029 4058
2030 6032
2031 5416
2032 1016
2033 5992
2034 1469
2035 6061
2036 2036
2037 6014
2038 5095
2039 4078
2040 2500
2041 5966
2042 5105
2043 1362
2044 2482
2045 5726
2046 6076
2047 6052
2048 78
2049 5464
2050 859
2051 5860
2052 687
2053 4106
2054 6083
2055 6028
2056 2313
2057 323
2058 560
2059 6106
2060 2472
2061 1374
2062 5155
2063 4126
2064 1118
2065 6136
2066 5165
2067 6148
2068 2538
2069 4138
2070 1568
2071 6104
2072 2553
2073 5528
2074 6161
2075 830
2076 2422
2077 6164
2078 5195
2079 1564
2080 1100
2081 4162
2082 5899
2083 4166
2084 2084
2085 6116
2086 6109
2087 4174
2088 696
2089 4178
2090 6221
2091 6222
2092 2092
2093 6227
2094 5933
2095 5866
2096 1048
2097 1398
2098 5245
2099 4198
2100 385
2101 6112
2102 5255
2103 5608
2104 2367
2105 5894
2106 440
2107 590
2108 2577
2109 6261
2110 6119
2111 4222
2112 503
2113 4226
2114 6191
2115 1582
2116 93
2117 6278
2118 6001
2119 6194
2120 2597
2121 6262
2122 5305
2123 6176
2124 708
2125 884
2126 5315
2127 5672
2128 1140
2129 4258
2130 6319
2131 4262
2132 2583
2133 1580
2134 6305
2135 6344
2136 2581
2137 4274
2138 5345
2139 6352
2140 2568
2141 4282
2142 1624
2143 4286
2144 1139
2145 6383
2146 6364
2147 6328
2148 2506
2149 6140
2150 903
2151 1434
2152 2421
2153 4306
2154 6103
2155 6034
2156 275
2157 5752
2158 6391
2159 6350
2160 330
2161 4322
2162 6392
2163 6386
2164 2164
2165 6062
2166 213
2167 6304
2168 2439
2169 1446
2170 6448
2171 6346
2172 2534
2173 6466
2174 5435
2175 924
2176 544
2177 6220
2178 89
2179 4358
2180 2616
2181 5816
2182 5455
2183 6490
2184 2681
2185 6504
2186 5465
2187 112
2188 2188
2189 6368
2190 6497
2191 6260
2192 1096
2193 6528
2194 5485
2195 6146
2196 732
2197 298
2198 6437
2199 5864
2200 407
2201 6532
2202 6239
2203 4406
2204 2705
2205 159
2206 5515
2207 4414
2208 1173
2209 95
2210 6578
2211 6566
2212 2686
2213 4426
2214 1661
2215 6202
2216 2493
2217 5912
2218 5545
2219 6340
2220 2701
2221 4442
2222 6565
2223 1684
2224 1112
2225 890
2226 6625
2227 6550
2228 2228
2229 5944
2230 6467
2231 6596
2232 720
2233 6633
2234 5585
2235 6556
2236 2709
2237 4474
2238 6341
2239 4478
2240 555
2241 1660
2242 6667
2243 4486
2244 2761
2245 6286
2246 5615
2247 6634
2248 2529
2249 6574
2250 264
2251 4502
2252 2252
2253 6008
2254 649
2255 6717
2256 1200
2257 6697
2258 5645
2259 1506
2260 2712
2261 6732
2262 6728
2263 6716
2264 2547
2265 6644
2266 6695
2267 4534
2268 227
2269 4538
2270 6583
2271 6056
2272 1207
2273 4546
2274 6443
2275 966
2276 2276
2277 1702
2278 6767
2279 6784
2280 2778
2281 4562
2282 6683
2283 6088
2284 2284
2285 6398
2286 1651
2287 4574
2288 1235
2289 6758
2290 6641
2291 6794
2292 2674
2293 4586
2294 6839
2295 1731
2296 2801
2297 4594
2298 6511
2299 380
2300 403
2301 6844
2302 5755
2303 658
2304 97
2305 6454
2306 5765
2307 6152
2308 2308
2309 4618
2310 6874
2311 4622
2312 82
2313 1542
2314 6853
2315 6482
2316 2702
2317 6620
2318 6893
2319 6184
2320 1250
2321 6752
2322 1752
2323 6868
2324 2822
2325 970
2326 5815
2327 6802
2328 2813
2329 6850
2330 6757
2331 1757
2332 2862
2333 4666
2334 6613
2335 6538
2336 1241
2337 6956
2338 6847
2339 4678
2340 785
2341 4682
2342 5855
2343 6958
2344 2637
2345 6968
2346 6979
2347 4694
2348 2348
2349 481
2350 987
2351 4702
2352 129
2353 6878
2354 6955
2355 6908
2356 2886
2357 4714
2358 1703
2359 6740
2360 2874
2361 6296
2362 5905
2363 6950
2364 2758
2365 7052
2366 326
2367 1578
2368 565
2369 7004
2370 7031
2371 4742
2372 2372
2373 7006
2374 5935
2375 976
2376 814
2377 4754
2378 7052
2379 7076
2380 2924
2381 4762
2382 6749
2383 4766
2384 1192
2385 1802
2386 5965
2387 7106
2388 2786
2389 4778
2390 6931
2391 6376
2392 2932
2393 4786
2394 1805
2395 6706
2396 2396
2397 7131
2398 7085
2399 4798
2400 216
2401 99
2402 6005
2403 1780
2404 2404
2405 7172
2406 6817
2407 7138
2408 2953
2409 7154
2410 6989
2411 4822
2412 804
2413 7112
2414 7171
2415 7176
2416 1208
2417 4834
2418 7192
2419 7198
2420 181
2421 1614
2422 7093
2423 4846
2424 2929
2425 970
2426 6065
2427 6472
2428 2428
2429 6940
2430 525
2431 7225
2432 608
2433 6488
2434 6085
2435 6818
2436 2973
2437 4874
2438 7261
2439 1626
2440 2989
2441 4882
2442 7252
2443 6980
2444 2961
2445 7172
2446 6115
2447 4894
2448 379
2449 7268
2450 96
2451 7281
2452 2452
2453 7136
2454 6953
2455 6874
2456 2763
2457 1857
2458 6145
2459 4918
2460 2993
2461 7276
2462 6155
2463 6568
2464 1330
2465 7323
2466 1781
2467 4934
2468 2468
2469 6584
2470 7353
2471 7060
2472 2987
2473 4946
2474 6185
2475 286
2476 2476
2477 4954
2478 7360
2479 7370
2480 1340
2481 6616
2482 7373
2483 7258
2484 828
2485 7384
2486 7345
2487 6632
2488 2799
2489 7336
2490 7387
2491 7420
2492 3026
2493 1662
2494 7396
2495 6986
2496 611
2497 7264
2498 6245
2499 714
2500 101
2501 7442
2502 1807
2503 5006
2504 2817
2505 7348
2506 7339
2507 7412
2508 3078
2509 7334
2510 7279
2511 517
2512 1256
2513 7180
2514 7123
2515 7042
2516 3087
2517 6712
2518 6295
2519 7328
2520 870
2521 5042
2522 7469
2523 159
2524 2524
2525 1010
2526 7157
2527 216
2528 1343
2529 1686
2530 7544
2531 5062
2532 2954
2533 7450
2534 7421
2535 355
2536 2853
2537 7552
2538 1922
2539 5078
2540 3048
2541 406
2542 7564
2543 5086
2544 1378
2545 7126
2546 7571
2547 1698
2548 325
2549 5098
2550 1080
2551 5102
2552 3132
2553 7590
2554 6385
2555 7592
2556 852
2557 5114
2558 6395
2559 6824
2560 266
2561 7486
2562 7625
2563 7456
2564 2564
2565 1935
2566 6415
2567 7550
2568 3103
2569 7340
2570 7453
2571 6856
2572 2572
2573 7636
2574 1941
2575 1030
2576 1393
2577 6872
2578 6445
2579 5158
2580 3139
2581 7654
2582 6455
2583 1953
2584 3154
2585 7695
2586 7327
2587 7562
2588 2588
2589 6904
2590 7696
2591 5182
2592 98
2593 5186
2594 6485
2595 7612
2596 3186
2597 742
2598 7361
2599 7684
2600 500
2601 103
2602 6505
2603 7672
2604 3175
2605 7294
2606 6515
2607 7742
2608 1304
2609 5218
2610 1988
2611 7460
2612 2612
2613 7772
2614 6535
2615 7322
2616 3161
2617 5234
2618 7807
2619 1940
2620 3144
2621 5242
2622 7820
2623 7804
2624 618
2625 1085
2626 7777
2627 7810
2628 876
2629 7648
2630 7627
2631 7016
2632 3243
2633 5266
2634 7463
2635 7843
2636 2636
2637 1758
2638 6595
2639 7865
2640 1463
2641 7784
2642 6605
2643 7048
2644 2644
2645 180
2646 231
2647 5294
2648 2979
2649 7064
2650 1110
2651 7712
2652 3247
2653 7580
2654 6635
2655 2006
2656 1411
2657 5314
2658 7531
2659 5318
2660 3268
2661 7096
2662 459
2663 5326
2664 852
2665 7934
2666 7936
2667 7874
2668 3265
2669 7850
2670 7921
2671 5342
2672 1336
2673 570
2674 7831
2675 1070
2676 3122
2677 5354
2678 7931
2679 7962
2680 3283
2681 7660
2682 1937
2683 5366
2684 3294
2685 7876
2686 7979
2687 5374
2688 666
2689 5378
2690 7801
2691 2047
2692 2692
2693 5386
2694 7633
2695 776
2696 3033
2697 8033
2698 8023
2699 5398
2700 133
2701 8029
2702 7913
2703 8056
2704 105
2705 7574
2706 8036
2707 5414
2708 2708
2709 2064
2710 7859
2711 5422
2712 3277
2713 5426
2714 8083
2715 7964
2716 3298
2717 8108
2718 1963
2719 5438
2720 1478
2721 7256
2722 6805
2723 7780
2724 3178
2725 1090
2726 8084
2727 2020
2728 3348
2729 5458
2730 8125
2731 5462
2732 2732
2733 7288
2734 6835
2735 7658
2736 427
2737 8165
2738 95
2739 8134
2740 3288
2741 5482
2742 7769
2743 8018
2744 329
2745 2074
2746 6865
2747 8174
2748 3206
2749 5498
2750 1160
2751 8122
2752 675
2753 5506
2754 595
2755 8191
2756 3339
2757 7352
2758 8077
2759 8188
2760 3360
2761 8032
2762 6905
2763 1842
2764 2764
2765 8216
2766 7837
2767 5534
2768 1384
2769 8236
2770 8033
2771 8150
2772 957
2773 8260
2774 8249
2775 1184
2776 3123
2777 5554
2778 7871
2779 7940
2780 3336
2781 2060
2782 8239
2783 477
2784 1508
2785 7798
2786 8159
2787 7432
2788 3421
2789 5578
2790 2111
2791 5582
2792 3141
2793 792
2794 8255
2795 8342
2796 3262
2797 5594
2798 6995
2799 1866
2800 217
2801 5602
2802 7939
2803 5606
2804 2804
2805 8349
2806 8357
2807 8020
2808 962
2809 107
2810 8149
2811 7496
2812 3454
2813 8342
2814 8375
2815 7882
2816 299
2817 1878
2818 7045
2819 5638
2820 3431
2821 8401
2822 8383
2823 7528
2824 3177
2825 1130
2826 2041
2827 8224
2828 3434
2829 8441
2830 8207
2831 8344
2832 1534
2833 5666
2834 8393
2835 612
2836 2836
2837 5674
2838 8428
2839 8350
2840 3479
2841 7576
2842 812
2843 5686
2844 948
2845 7966
2846 7115
2847 8468
2848 1513
2849 8510
2850 1197
2851 5702
2852 3489
2853 1902
2854 7135
2855 7994
2856 3528
2857 5714
2858 7145
2859 7624
2860 3523
2861 5722
2862 2173
2863 8180
2864 1432
2865 8404
2866 7165
2867 8523
2868 3346
2869 8456
2870 8528
2871 2178
2872 3231
2873 374
2874 8143
2875 1215
2876 2876
2877 8494
2878 7195
2879 5758
2880 235
2881 8576
2882 8515
2883 168
2884 3502
2885 8078
2886 8584
2887 5774
2888 98
2889 2140
2890 300
2891 826
2892 3374
2893 8416
2894 7235
2895 8492
2896 1448
2897 5794
2898 2191
2899 8474
2900 542
2901 7736
2902 7255
2903 5806
2904 204
2905 8632
2906 7265
2907 2193
2908 2908
2909 5818
2910 8633
2911 8662
2912 1586
2913 7768
2914 8680
2915 8692
2916 109
2917 5834
2918 7295
2919 8618
2920 3577
2921 8636
2922 8279
2923 8690
2924 3590
2925 338
2926 8712
2927 5854
2928 1578
2929 8686
2930 8497
2931 7816
2932 2932
2933 8380
2934 2119
2935 8218
2936 3303
2937 8722
2938 8701
2939 5878
2940 375
2941 8650
2942 7355
2943 2180
2944 702
2945 8777
2946 8347
2947 8420
2948 3618
2949 7864
2950 1239
2951 8626
2952 984
2953 5906
2954 8651
2955 8668
2956 2956
2957 5914
2958 8816
2959 8608
2960 1604
2961 2256
2962 7405
2963 5926
2964 3629
2965 8302
2966 7415
2967 8858
2968 3636
2969 5938
2970 2242
2971 5942
2972 2972
2973 7928
2974 7435
2975 1239
2976 1582
2977 8702
2978 7445
2979 1986
2980 3576
2981 8672
2982 8875
2983 8792
2984 3357
2985 8756
2986 7465
2987 8858
2988 996
2989 854
2990 8924
2991 7976
2992 1615
2993 8906
2994 8483
2995 8386
2996 3638
2997 625
2998 7495
2999 5998
3000 561
3001 6002
3002 8927
3003 8953
3004 3004
3005 8414
3006 2171
3007 8924
3008 752
3009 8964
3010 8944
3011 6022
3012 3514
3013 8908
3014 8905
3015 2278
3016 3692
3017 8620
3018 8551
3019 6038
3020 3624
3021 9010
3022 7555
3023 6046
3024 471
3025 111
3026 8989
3027 8072
3028 3028
3029 8854
3030 8989
3031 8660
3032 3411
3033 2022
3034 9028
3035 8498
3036 3751
3037 6074
3038 881
3039 8104
3040 1650
3041 6082
3042 84
3043 8950
3044 3044
3045 9053
3046 7615
3047 8864
3048 3683
3049 6098
3050 1281
3051 2260
3052 3706
3053 9088
3054 8653
3055 9118
3056 1528
3057 8152
3058 9035
3059 9131
3060 1045
3061 6122
3062 7655
3063 8168
3064 3447
3065 8582
3066 9125
3067 6134
3068 3771
3069 2331
3070 8903
3071 9130
3072 132
3073 8780
3074 9116
3075 1283
3076 3076
3077 9050
3078 654
3079 6158
3080 3781
3081 9164
3082 9160
3083 6166
3084 3598
3085 8638
3086 7715
3087 260
3088 1544
3089 6178
3090 9167
3091 8992
3092 3092
3093 8248
3094 9197
3095 8666
3096 1032
3097 9128
3098 7745
3099 8264
3100 589
3101 8860
3102 9212
3103 9202
3104 1649
3105 2370
3106 7765
3107 9082
3108 3821
3109 6218
3110 9019
3111 9232
3112 3501
3113 9056
3114 2249
3115 9256
3116 3854
3117 8312
3118 7795
3119 6238
3120 1716
3121 6242
3122 9143
3123 2082
3124 3834
3125 195
3126 8857
3127 9322
3128 3818
3129 9238
3130 9077
3131 9292
3132 1073
3133 9158
3134 7835
3135 9348
3136 113
3137 6274
3138 8891
3139 9343
3140 3768
3141 2094
3142 7855
3143 8980
3144 3799
3145 9361
3146 570
3147 8392
3148 3148
3149 9380
3150 386
3151 9316
3152 1576
3153 8408
3154 9379
3155 8834
3156 3682
3157 9417
3158 7895
3159 676
3160 3871
3161 9374
3162 9423
3163 6326
3164 3842
3165 9284
3166 7915
3167 6334
3168 518
3169 6338
3170 9193
3171 9362
3172 3904
3173 9352
3174 222
3175 1270
3176 3573
3177 2118
3178 9307
3179 334
3180 3869
3181 6362
3182 9472
3183 8488
3184 1592
3185 910
3186 2419
3187 6374
3188 3188
3189 8504
3190 9512
3191 6382
3192 3942
3193 9476
3194 7985
3195 2414
3196 3948
3197 9452
3198 9512
3199 9140
3200 72
3201 9506
3202 8005
3203 6406
3204 1068
3205 8974
3206 9389
3207 8552
3208 3609
3209 6418
3210 9523
3211 469
3212 3942
3213 2448
3214 8035
3215 9002
3216 1742
3217 6434
3218 8045
3219 9609
3220 3956
3221 6442
3222 2327
3223 9376
3224 3978
3225 1376
3226 8065
3227 9220
3228 3766
3229 6458
3230 9614
3231 2154
3232 1717
3233 9638
3234 913
3235 9058
3236 3236
3237 9628
3238 8095
3239 9638
3240 310
3241 9260
3242 8105
3243 9660
3244 3244
3245 9676
3246 9197
3247 9550
3248 1760
3249 115
3250 1345
3251 6502
3252 3794
3253 6506
3254 8135
3255 9681
3256 3996
3257 6514
3258 2353
3259 6518
3260 3912
3261 8696
3262 9553
3263 9538
3264 810
3265 9142
3266 9727
3267 143
3268 4025
3269 9340
3270 9701
3271 6542
3272 3681
3273 8728
3274 8185
3275 1310
3276 1115
3277 9718
3278 9685
3279 8744
3280 1793
3281 9650
3282 9299
3283 938
3284 3284
3285 2482
3286 9796
3287 9688
3288 3973
3289 9794
3290 9776
3291 8776
3292 3292
3293 9790
3294 2501
3295 9226
3296 1751
3297 9734
3298 9797
3299 6598
3300 639
3301 6602
3302 9779
3303 2202
3304 4071
3305 9254
3306 9864
3307 6614
3308 3308
3309 8824
3310 9599
3311 9877
3312 506
3313 6626
3314 8285
3315 9894
3316 3316
3317 9844
3318 9875
3319 6638
3320 4067
3321 656
3322 9815
3323 6646
3324 3878
3325 1413
3326 8315
3327 8872
3328 377
3329 6658
3330 2527
3331 6662
3332 425
3333 9898
3334 8335
3335 9936
3336 4031
3337 9940
3338 8345
3339 2544
3340 4008
3341 9766
3342 9469
3343 6686
3344 1805
3345 9812
3346 9799
3347 6694
3348 1147
3349 9850
3350 1407
3351 8936
3352 3771
3353 9580
3354 9976
3355 10004
3356 3356
3357 2238
3358 10001
3359 6718
3360 1862
3361 6722
3362 126
3363 10030
3364 117
3365 9422
3366 2552
3367 10027
3368 3789
3369 8984
3370 9773
3371 6742
3372 3934
3373 6746
3374 9881
3375 410
3376 1688
3377 9824
3378 9571
3379 10028
3380 200
3381 958
3382 10057
3383 9950
3384 1128
3385 9478
3386 8465
3387 9032
3388 253
3389 6778
3390 10057
3391 6782
3392 842
3393 2576
3394 8485
3395 10088
3396 3962
3397 10112
3398 8495
3399 10094
3400 634
3401 10024
3402 735
3403 10126
3404 4176
3405 9988
3406 10087
3407 6814
3408 1846
3409 9740
3410 10168
3411 2274
3412 3412
3413 6826
3414 9673
3415 9562
3416 4209
3417 10184
3418 8545
3419 9994
3420 1187
3421 9952
3422 10148
3423 10106
3424 1819
3425 1370
3426 9707
3427 10132
3428 3428
3429 2540
3430 980
3431 10220
3432 4226
3433 6866
3434 10201
3435 10076
3436 3436
3437 9820
3438 2483
3439 10136
3440 1866
3441 10249
3442 8605
3443 10016
3444 4264
3445 10282
3446 8615
3447 2298
3448 3879
3449 6898
3450 1458
3451 10285
3452 3452
3453 9208
3454 10205
3455 9674
3456 230
3457 6914
3458 10307
3459 9224
3460 4152
3461 6922
3462 9809
3463 6926
3464 3897
3465 2634
3466 8665
3467 6934
3468 147
3469 6938
3470 10063
3471 10324
3472 1891
3473 10268
3474 2509
3475 1390
3476 4266
3477 10370
3478 10376
3479 994
3480 4288
3481 119
3482 8705
3483 747
3484 4288
3485 10373
3486 10375
3487 10144
3488 1853
3489 9304
3490 10121
3491 6982
3492 1164
3493 9980
3494 8735
3495 10252
3496 4314
3497 10222
3498 10388
3499 6998
3500 670
3501 2334
3502 10403
3503 10396
3504 1898
3505 9814
3506 8765
3507 10354
3508 3508
3509 580
3510 2691
3511 7022
3512 3951
3513 9368
3514 10291
3515 10496
3516 4102
3517 7034
3518 8795
3519 2684
3520 880
3521 10060
3522 9979
3523 10298
3524 3524
3525 1492
3526 10492
3527 7054
3528 128
3529 7058
3530 10237
3531 10486
3532 3532
3533 7066
3534 10548
3535 10504
3536 1934
3537 2620
3538 10553
3539 7078
3540 4307
3541 7082
3542 10549
3543 9448
3544 3987
3545 9926
3546 2561
3547 7094
3548 3548
3549 489
3550 1491
3551 10586
3552 1924
3553 10604
3554 8885
3555 2686
3556 4318
3557 7114
3558 10081
3559 7118
3560 4361
3561 9496
3562 10549
3563 10180
3564 341
3565 10650
3566 8915
3567 10643
3568 1784
3569 10624
3570 10625
3571 7142
3572 4392
3573 2382
3574 8935
3575 1485
3576 4321
3577 1022
3578 8945
3579 9544
3580 4296
3581 7162
3582 2587
3583 7166
3584 406
3585 10516
3586 10595
3587 10550
3588 4416
3589 10670
3590 10411
3591 2736
3592 4041
3593 7186
3594 10183
3595 10066
3596 4437
3597 10682
3598 10537
3599 10736
3600 121
3601 10526
3602 9005
3603 9608
3604 4429
3605 10712
3606 10217
3607 7214
3608 4428
3609 2406
3610 325
3611 10676
3612 4455
3613 7226
3614 10703
3615 10604
3616 1921
3617 7234
3618 2747
3619 10810
3620 4344
3621 10792
3622 9055
3623 7246
3624 4379
3625 1524
3626 1036
3627 2759
3628 3628
3629 10696
3630 622
3631 7262
3632 1816
3633 10726
3634 10823
3635 10178
3636 1212
3637 7274
3638 10807
3639 9704
3640 4485
3641 10592
3642 10319
3643 7286
3644 3644
3645 200
3646 9115
3647 10420
3648 893
3649 10858
3650 1533
3651 9736
3652 4482
3653 10678
3654 2784
3655 10879
3656 4113
3657 10918
3658 10915
3659 7318
3660 4453
3661 10460
3662 9155
3663 2809
3664 1832
3665 10262
3666 10904
3667 10808
3668 4454
3669 9784
3670 10643
3671 7342
3672 1272
3673 7346
3674 10855
3675 170
3676 3676
3677 7354
3678 10421
3679 10754
3680 2006
3681 2454
3682 10783
3683 10922
3684 4298
3685 10988
3686 10961
3687 9832
3688 4149
3689 11016
3690 2829
3691 7382
3692 4544
3693 9848
3694 9235
3695 10346
3696 2025
3697 7394
3698 115
3699 2740
3700 703
3701 7402
3702 10489
3703 260
3704 4167
3705 11069
3706 11009
3707 10784
3708 1236
3709 7418
3710 11024
3711 9896
3712 928
3713 11060
3714 10523
3715 10402
3716 3716
3717 2832
3718 550
3719 7438
3720 4590
3721 123
3722 9305
3723 11096
3724 502
3725 1490
3726 805
3727 7454
3728 1864
3729 11074
3730 10817
3731 11124
3732 4354
3733 7466
3734 9335
3735 2822
3736 4203
3737 11110
3738 11125
3739 7478
3740 4607
3741 11180
3742 9355
3743 11032
3744 587
3745 11128
3746 9365
3747 9992
3748 3748
3749 11084
3750 234
3751 651
3752 4623
3753 2780
3754 9385
3755 10514
3756 4382
3757 387
3758 9395
3759 11098
3760 2047
3761 7522
3762 2848
3763 11218
3764 3764
3765 11044
3766 11029
3767 7534
3768 4553
3769 7538
3770 11237
3771 2514
3772 4633
3773 1078
3774 11248
3775 1510
3776 944
3777 10072
3778 9445
3779 7558
3780 1288
3781 11144
3782 11267
3783 11252
3784 4644
3785 10598
3786 10727
3787 10820
3788 3788
3789 2526
3790 10991
3791 11150
3792 2054
3793 7586
3794 11111
3795 11316
3796 4672
3797 7594
3798 2743
3799 11266
3800 713
3801 11222
3802 9505
3803 7606
3804 4438
3805 10654
3806 11245
3807 825
3808 2078
3809 11134
3810 11303
3811 11330
3812 3812
3813 11357
3814 9535
3815 11336
3816 1272
3817 11104
3818 11371
3819 11390
3820 4584
3821 7642
3822 1105
3823 7646
3824 1912
3825 476
3826 9565
3827 11392
3828 4703
3829 10940
3830 11107
3831 10216
3832 4311
3833 7666
3834 2911
3835 11446
3836 4658
3837 10232
3838 11413
3839 11168
3840 447
3841 11356
3842 11413
3843 2928
3844 125
3845 10766
3846 10897
3847 7694
3848 4752
3849 10264
3850 1644
3851 7702
3852 1284
3853 7706
3854 11468
3855 11308
3856 1928
3857 11513
3858 10931
3859 11350
3860 4632
3861 2937
3862 9655
3863 7726
3864 4774
3865 10822
3866 9665
3867 10312
3868 3868
3869 11534
3870 2967
3871 1106
3872 117
3873 10328
3874 11473
3875 1627
3876 4785
3877 7754
3878 11357
3879 2586
3880 4753
3881 7762
3882 10999
3883 11296
3884 3884
3885 11565
3886 11588
3887 564
3888 142
3889 7778
3890 11281
3891 10376
3892 4726
3893 11450
3894 11564
3895 11609
3896 4383
3897 2598
3898 9745
3899 11140
3900 767
3901 11620
3902 9755
3903 10408
3904 948
3905 11644
3906 2976
3907 7814
3908 3908
3909 10424
3910 11662
3911 7822
3912 4727
3913 11692
3914 11639
3915 2961
3916 4806
3917 7834
3918 11101
3919 7838
3920 215
3921 10456
3922 11692
3923 7846
3924 1308
3925 1570
3926 11627
3927 11706
3928 4419
3929 7858
3930 11659
3931 7862
3932 3932
3933 2967
3934 11521
3935 11018
3936 2132
3937 11684
3938 11635
3939 11716
3940 4728
3941 11260
3942 2993
3943 7886
3944 4854
3945 11572
3946 9865
3947 7894
3948 4888
3949 11488
3950 1659
3951 2634
3952 2171
3953 11786
3954 11203
3955 11752
3956 4871
3957 10552
3958 9895
3959 11770
3960 1390
3961 11650
3962 11603
3963 10568
3964 3964
3965 11832
3966 11237
3967 7934
3968 980
3969 127
3970 11513
3971 354
3972 4634
3973 11782
3974 9935
3975 1692
3976 4899
3977 11834
3978 3024
3979 11764
3980 4776
3981 10616
3982 11765
3983 11380
3984 2158
3985 11158
3986 9965
3987 2658
3988 3988
3989 7978
3990 11879
3991 11666
3992 4491
3993 696
3994 9985
3995 11909
3996 1369
3997 11420
3998 9995
3999 11911
4000 350
4001 8002
4002 11928
4003 8006
4004 4917
4005 3026
4006 10015
4007 8014
4008 4843
4009 11816
4010 11629
4011 11842
4012 4940
4013 8026
4014 2899
4015 11972
4016 2008
4017 11948
4018 1189
4019 8038
4020 4931
4021 8042
4022 10055
4023 2980
4024 4527
4025 1707
4026 11956
4027 8054
4028 4968
4029 12008
4030 12020
4031 11954
4032 325
4033 11990
4034 10085
4035 11836
4036 4036
4037 11744
4038 11441
4039 11540
4040 4949
4041 2694
4042 12064
4043 11818
4044 4718
4045 11326
4046 420
4047 12070
4048 2195
4049 8098
4050 125
4051 8102
4052 4052
4053 11966
4054 10135
4055 11354
4056 251
4057 8114
4058 10145
4059 3088
4060 4999
4061 12052
4062 11509
4063 11950
4064 2159
4065 11924
4066 12091
4067 1162
4068 1356
4069 11894
4070 12136
4071 12144
4072 4581
4073 8146
4074 12125
4075 1630
4076 4076
4077 3020
4078 10195
4079 8158
4080 2250
4081 12190
4082 12089
4083 10888
4084 4084
4085 12209
4086 2951
4087 12194
4088 5037
4089 12209
4090 11861
4091 8182
4092 5049
4093 8186
4094 12193
4095 3120
4096 129
4097 12050
4098 11611
4099 8198
4100 779
4101 10936
4102 12013
4103 11936
4104 1406
4105 11494
4106 10265
4107 167
4108 5056
4109 11740
4110 12193
4111 8222
4112 2056
4113 2742
4114 720
4115 11522
4116 540
4117 12172
4118 12283
4119 10984
4120 5047
4121 12046
4122 2977
4123 12276
4124 4124
4125 1740
4126 10315
4127 8254
4128 2236
4129 8258
4130 12272
4131 914
4132 4132
4133 8266
4134 12296
4135 11578
4136 5076
4137 12214
4138 10345
4139 8278
4140 1403
4141 12322
4142 12317
4143 11048
4144 2257
4145 11606
4146 11747
4147 12389
4148 5124
4149 2766
4150 1743
4151 11860
4152 5017
4153 8306
4154 12395
4155 12188
4156 4156
4157 8314
4158 3187
4159 8318
4160 1053
4161 12410
4162 10405
4163 12308
4164 4858
4165 1205
4166 10415
4167 2778
4168 4689
4169 12128
4170 12371
4171 12416
4172 5066
4173 12412
4174 10435
4175 1670
4176 638
4177 8354
4178 10445
4179 12338
4180 5181
4181 12430
4182 12464
4183 12460
4184 4707
4185 3190
4186 12489
4187 12482
4188 4886
4189 12496
4190 12151
4191 12446
4192 2227
4193 11980
4194 3029
4195 11746
4196 4196
4197 11192
4198 10495
4199 12540
4200 825
4201 8402
4202 12415
4203 2802
4204 4204
4205 225
4206 11917
4207 12020
4208 2104
4209 12566
4210 12209
4211 8422
4212 416
4213 12256
4214 1204
4215 12364
4216 5208
4217 8434
4218 12580
4219 8438
4220 5064
4221 3216
4222 10555
4223 12566
4224 1056
4225 131
4226 10565
4227 11272
4228 5134
4229 8458
4230 3219
4231 8462
4232 134
4233 12616
4234 12629
4235 735
4236 4942
4237 12488
4238 12551
4239 3140
4240 2332
4241 8482
4242 12625
4243 8486
4244 4244
4245 12452
4246 12545
4247 12604
4248 1416
4249 12140
4250 1791
4251 12644
4252 4252
4253 8506
4254 12053
4255 12700
4256 2338
4257 3237
4258 10645
4259 8518
4260 5253
4261 8522
4262 10655
4263 1233
4264 5248
4265 11942
4266 3239
4267 12550
4268 5238
4269 11384
4270 12688
4271 8542
4272 2314
4273 8546
4274 10685
4275 494
4276 4276
4277 12784
4278 12772
4279 12448
4280 5243
4281 11416
4282 10705
4283 8566
4284 1484
4285 11998
4286 10715
4287 11432
4288 1072
4289 8578
4290 12810
4291 12260
4292 5289
4293 948
4294 12769
4295 12026
4296 5191
4297 8594
4298 12587
4299 11464
4300 817
4301 12829
4302 3107
4303 12578
4304 2152
4305 12821
4306 10765
4307 12848
4308 5026
4309 12788
4310 12499
4311 2874
4312 561
4313 12712
4314 12223
4315 12082
4316 5283
4317 11512
4318 12827
4319 12340
4320 696
4321 12814
4322 10805
4323 12838
4324 5358
4325 1730
4326 12875
4327 8654
4328 4869
4329 3293
4330 12557
4331 12922
4332 145
4333 12380
4334 12805
4335 460
4336 2168
4337 8674
4338 3133
4339 8678
4340 5332
4341 11576
4342 12859
4343 12928
4344 5249
4345 12956
4346 12932
4347 3318
4348 4348
4349 8698
4350 1856
4351 12824
4352 493
4353 11608
4354 12751
4355 12998
4356 133
4357 8714
4358 10895
4359 11624
4360 5341
4361 1246
4362 12359
4363 8726
4364 4364
4365 3298
4366 13039
4367 12704
4368 2431
4369 12850
4370 13064
4371 13019
4372 4372
4373 8746
4374 267
4375 279
4376 4923
4377 11672
4378 12935
4379 12986
4380 5396
4381 12806
4382 12833
4383 2922
4384 2329
4385 12278
4386 13072
4387 13054
4388 4388
4389 13116
4390 12731
4391 8782
4392 1464
4393 12988
4394 632
4395 12892
4396 5338
4397 8794
4398 12461
4399 13114
4400 396
4401 3260
4402 13135
4403 13135
4404 5138
4405 12334
4406 11015
4407 13108
4408 5472
4409 8818
4410 345
4411 12832
4412 4412
4413 11768
4414 11035
4415 12362
4416 1104
4417 12620
4418 142
4419 2946
4420 5465
4421 8842
4422 13132
4423 8846
4424 5451
4425 1888
4426 11065
4427 13048
4428 1517
4429 13184
4430 12847
4431 13082
4432 2216
4433 13189
4434 12563
4435 12418
4436 4436
4437 3400
4438 12997
4439 13124
4440 5482
4441 8882
4442 11105
4443 11848
4444 5454
4445 13208
4446 3392
4447 8894
4448 2363
4449 11864
4450 1869
4451 8902
4452 5512
4453 13286
4454 13231
4455 1000
4456 5013
4457 8914
4458 12631
4459 1280
4460 5352
4461 11896
4462 13289
4463 8926
4464 717
4465 13336
4466 13313
4467 11912
4468 4468
4469 13298
4470 13261
4471 13150
4472 5547
4473 3377
4474 11185
4475 1790
4476 5222
4477 774
4478 11195
4479 11944
4480 1134
4481 8962
4482 3403
4483 8966
4484 5539
4485 13377
4486 11215
4487 12820
4488 5540
4489 135
4490 13021
4491 2994
4492 4492
4493 8986
4494 13375
4495 13423
4496 2248
4497 11992
4498 13321
4499 13088
4500 245
4501 12860
4502 11255
4503 13430
4504 5067
4505 13432
4506 12767
4507 9014
4508 599
4509 3340
4510 13442
4511 13186
4512 2444
4513 9026
4514 13466
4515 13449
4516 4516
4517 9034
4518 3263
4519 9038
4520 5537
4521 13426
4522 13496
4523 9046
4524 5539
4525 1810
4526 13505
4527 3018
4528 2264
4529 12940
4530 13439
4531 13396
4532 5562
4533 12088
4534 11335
4535 12698
4536 446
4537 13262
4538 11345
4539 13528
4540 5448
4541 13384
4542 12869
4543 13570
4544 1136
4545 3434
4546 11365
4547 9094
4548 5306
4549 9098
4550 1952
4551 13584
4552 5121
4553 13502
4554 3443
4555 12754
4556 5628
4557 1327
4558 13588
4559 13580
4560 2475
4561 9122
4562 11405
4563 183
4564 5542
4565 13612
4566 12937
4567 9134
4568 5139
4569 12184
4570 13253
4571 13060
4572 1524
4573 13450
4574 11435
4575 1952
4576 2509
4577 13532
4578 13625
4579 13496
4580 5496
4581 3054
4582 13667
4583 9166
4584 5539
4585 13624
4586 11465
4587 13622
4588 5668
4589 13414
4590 3485
4591 9182
4592 2501
4593 12248
4594 11485
4595 12866
4596 5362
4597 9194
4598 810
4599 3504
4600 897
4601 13696
4602 13688
4603 9206
4604 4604
4605 13508
4606 1352
4607 13550
4608 122
4609 13408
4610 13369
4611 13754
4612 4612
4613 13180
4614 13073
4615 13774
4616 5193
4617 1007
4618 11545
4619 13708
4620 5698
4621 9242
4622 11555
4623 13794
4624 137
4625 1960
4626 3341
4627 13220
4628 5696
4629 12344
4630 13427
4631 13472
4632 5597
4633 13786
4634 13571
4635 3502
4636 5727
4637 9274
4638 13141
4639 9278
4640 2558
4641 13849
4642 13715
4643 9286
4644 1591
4645 13006
4646 13837
4647 12392
4648 5727
4649 9298
4650 1984
4651 9302
4652 4652
4653 3553
4654 13783
4655 1355
4656 2522
4657 9314
4658 13837
4659 12424
4660 5592
4661 13904
4662 3552
4663 9326
4664 5724
4665 13684
4666 11665
4667 13642
4668 5446
4669 13926
4670 13543
4671 3460
4672 1168
4673 9346
4674 13953
4675 1980
4676 5678
4677 12472
4678 11695
4679 9358
4680 1613
4681 13892
4682 11705
4683 13826
4684 4684
4685 13118
4686 13971
4687 13952
4688 2344
4689 3126
4690 13936
4691 9382
4692 5801
4693 468
4694 11735
4695 13772
4696 5283
4697 14030
4698 1016
4699 13970
4700 893
4701 12536
4702 11755
4703 9406
4704 286
4705 13174
4706 13937
4707 3138
4708 5778
4709 13850
4710 13973
4711 13460
4712 5814
4713 12568
4714 11785
4715 14075
4716 1572
4717 14062
4718 13817
4719 819
4720 2596
4721 9442
4722 13379
4723 9446
4724 4724
4725 602
4726 14039
4727 14018
4728 5713
4729 9458
4730 14120
4731 14110
4732 301
4733 9466
4734 3419
4735 13258
4736 1184
4737 12632
4738 14111
4739 13540
4740 5846
4741 13792
4742 11855
4743 3627
4744 5337
4745 14162
4746 14125
4747 14140
4748 4748
4749 12664
4750 2033
4751 9502
4752 761
4753 1358
4754 11885
4755 13948
4756 5873
4757 14190
4758 14152
4759 9518
4760 5865
4761 139
4762 11905
4763 13856
4764 5558
4765 13342
4766 11915
4767 14074
4768 2533
4769 14056
4770 3657
4771 13946
4772 4772
4773 14262
4774 14260
4775 1910
4776 5771
4777 14050
4778 11945
4779 1036
4780 5736
4781 13660
4782 13549
4783 9566
4784 2613
4785 14268
4786 11965
4787 9574
4788 1666
4789 9578
4790 13891
4791 12776
4792 5391
4793 9586
4794 14288
4795 14248
4796 5886
4797 3649
4798 11995
4799 9598
4800 183
4801 9602
4802 160
4803 12808
4804 4804
4805 245
4806 3649
4807 14329
4808 5409
4809 14198
4810 14356
4811 14150
4812 5614
4813 9626
4814 14359
4815 3638
4816 2623
4817 9634
4818 14381
4819 14378
4820 5784
4821 12856
4822 12055
4823 14416
4824 1608
4825 1930
4826 14351
4827 12872
4828 5962
4829 14048
4830 14391
4831 9662
4832 2567
4833 3580
4834 12085
4835 13538
4836 5936
4837 13820
4838 14396
4839 12904
4840 370
4841 14420
4842 3497
4843 14362
4844 5882
4845 14467
4846 12115
4847 14410
4848 2626
4849 14174
4850 2037
4851 428
4852 4852
4853 14348
4854 13753
4855 13594
4856 5463
4857 12952
4858 14227
4859 14464
4860 501
4861 9722
4862 14527
4863 12968
4864 563
4865 14456
4866 13787
4867 14444
4868 4868
4869 3246
4870 14123
4871 9742
4872 6032
4873 14176
4874 12185
4875 2080
4876 6011
4877 9754
4878 3523
4879 14557
4880 2684
4881 13016
4882 12205
4883 14392
4884 6039
4885 13678
4886 14309
4887 3620
4888 6063
4889 9778
4890 14507
4891 14600
4892 4892
4893 14446
4894 12235
4895 14596
4896 785
4897 14608
4898 14615
4899 14626
4900 141
4901 716
4902 14626
4903 9806
4904 5517
4905 3706
4906 14495
4907 14020
4908 5726
4909 9818
4910 14239
4911 13096
4912 2456
4913 493
4914 3748
4915 13762
4916 4916
4917 14602
4918 12295
4919 9838
4920 6079
4921 14689
4922 14659
4923 3282
4924 4924
4925 1970
4926 13957
4927 14402
4928 1239
4929 14700
4930 14720
4931 9862
4932 1644
4933 9866
4934 12335
4935 14705
4936 5553
4937 9874
4938 13991
4939 14368
4940 6123
4941 1098
4942 14473
4943 9886
4944 2678
4945 14758
4946 12365
4947 14744
4948 4948
4949 1414
4950 627
4951 9902
4952 5571
4953 14732
4954 12385
4955 13874
4956 6114
4957 9914
4958 14807
4959 3785
4960 2718
4961 841
4962 14059
4963 14180
4964 6129
4965 14564
4966 14707
4967 9934
4968 1719
4969 9938
4970 14768
4971 13256
4972 6102
4973 9946
4974 14093
4975 1990
4976 2488
4977 3792
4978 14803
4979 14554
4980 6121
4981 14650
4982 14852
4983 14798
4984 6141
4985 13958
4986 3601
4987 9974
4988 6148
4989 13304
4990 14471
4991 14904
4992 1269
4993 9986
4994 14755
4995 3826
4996 4996
4997 14728
4998 1445
4999 9998
5000 156
