1 0
2 1
3 1
4 0
5 1
6 2
7 1
8 2
9 0
10 2
11 1
12 3
13 1
14 2
15 3
16 0
17 1
18 3
19 1
20 4
21 3
22 2
23 1
24 4
25 0
26 2
27 4
28 4
29 1
30 5
31 1
32 5
33 3
34 2
35 5
36 0
37 1
38 2
39 3
40 5
41 1
42 6
43 1
44 4
45 6
46 2
47 1
48 6
49 0
50 6
51 3
52 4
53 1
54 7
55 5
56 7
57 3
58 2
59 1
60 7
61 1
62 2
63 7
64 0
65 5
66 6
67 1
68 4
69 3
70 8
71 1
72 8
73 1
74 2
75 8
76 4
77 8
78 6
79 1
80 7
81 0
82 2
83 1
84 9
85 5
86 2
87 3
88 9
89 1
90 9
91 7
92 4
93 3
94 2
95 5
96 9
97 1
98 8
99 10
100 0
101 1
102 6
103 1
104 10
105 10
106 2
107 1
108 10
109 1
110 8
111 3
112 9
113 1
114 6
115 5
116 4
117 11
118 2
119 7
120 11
121 0
122 2
123 3
124 4
125 11
126 11
127 1
128 10
129 3
130 12
131 1
132 9
133 7
134 2
135 12
136 8
137 1
138 6
139 1
140 12
141 3
142 2
143 11
144 0
145 5
146 2
147 12
148 4
149 1
150 13
151 1
152 8
153 9
154 10
155 5
156 13
157 1
158 2
159 3
160 13
161 7
162 13
163 1
164 4
165 12
166 2
167 1
168 11
169 0
170 10
171 9
172 4
173 1
174 6
175 14
176 14
177 3
178 2
179 1
180 14
181 1
182 14
183 3
184 8
185 5
186 6
187 13
188 4
189 12
190 11
191 1
192 15
193 1
194 2
195 10
196 0
197 1
198 15
199 1
200 15
201 3
202 2
203 7
204 14
205 5
206 2
207 9
208 15
209 12
210 13
211 1
212 4
213 3
214 2
215 5
216 16
217 7
218 2
219 3
220 11
221 16
222 6
223 1
224 16
225 0
226 2
227 1
228 13
229 1
230 10
231 15
232 8
233 1
234 16
235 5
236 4
237 3
238 14
239 1
240 12
241 1
242 17
243 17
244 4
245 13
246 6
247 14
248 8
249 3
250 18
251 1
252 17
253 11
254 2
255 15
256 0
257 1
258 6
259 7
260 17
261 9
262 2
263 1
264 16
265 5
266 15
267 3
268 4
269 1
270 18
271 1
272 14
273 18
274 2
275 19
276 12
277 1
278 2
279 9
280 18
281 1
282 6
283 1
284 4
285 16
286 17
287 7
288 19
289 0
290 10
291 3
292 4
293 1
294 16
295 5
296 8
297 20
298 2
299 13
300 20
301 7
302 2
303 3
304 19
305 5
306 15
307 1
308 19
309 3
310 10
311 1
312 18
313 1
314 2
315 17
316 4
317 1
318 6
319 11
320 21
321 3
322 14
323 17
324 0
325 21
326 2
327 3
328 8
329 7
330 20
331 1
332 4
333 9
334 2
335 5
336 20
337 1
338 19
339 3
340 16
341 11
342 22
343 18
344 8
345 15
346 2
347 1
348 12
349 1
350 20
351 22
352 18
353 1
354 6
355 5
356 4
357 21
358 2
359 1
360 21
361 0
362 2
363 17
364 19
365 5
366 6
367 1
368 16
369 9
370 10
371 7
372 12
373 1
374 23
375 21
376 8
377 13
378 19
379 1
380 23
381 3
382 2
383 1
384 22
385 22
386 2
387 9
388 4
389 1
390 18
391 17
392 20
393 3
394 2
395 5
396 22
397 1
398 2
399 24
400 0
401 1
402 6
403 13
404 4
405 20
406 14
407 11
408 24
409 1
410 10
411 3
412 4
413 7
414 23
415 5
416 19
417 3
418 23
419 1
420 21
421 1
422 2
423 9
424 8
425 18
426 6
427 7
428 4
429 23
430 10
431 1
432 25
433 1
434 14
435 15
436 4
437 25
438 6
439 1
440 21
441 0
442 20
443 1
444 12
445 5
446 2
447 3
448 22
449 1
450 24
451 11
452 4
453 3
454 2
455 24
456 24
457 1
458 2
459 19
460 26
461 1
462 22
463 1
464 16
465 15
466 2
467 1
468 26
469 7
470 10
471 3
472 8
473 11
474 6
475 21
476 23
477 9
478 2
479 1
480 25
481 13
482 2
483 25
484 0
485 5
486 20
487 1
488 8
489 3
490 25
491 1
492 12
493 27
494 27
495 23
496 16
497 7
498 6
499 1
500 26
501 3
502 2
503 1
504 17
505 5
506 26
507 21
508 4
509 1
510 24
511 7
512 26
513 22
514 2
515 5
516 12
517 11
518 14
519 3
520 28
521 1
522 28
523 1
524 4
525 18
526 2
527 17
528 24
529 0
530 10
531 9
532 23
533 13
534 6
535 5
536 8
537 3
538 2
539 22
540 27
541 1
542 2
543 3
544 25
545 5
546 29
547 1
548 4
549 9
550 27
551 29
552 27
553 7
554 2
555 15
556 4
557 1
558 18
559 13
560 19
561 25
562 2
563 1
564 12
565 5
566 2
567 28
568 8
569 1
570 24
571 1
572 26
573 3
574 14
575 23
576 0
577 1
578 30
579 3
580 30
581 7
582 6
583 11
584 8
585 28
586 2
587 1
588 28
589 19
590 10
591 3
592 16
593 1
594 20
595 26
596 4
597 3
598 27
599 1
600 31
601 1
602 14
603 9
604 4
605 24
606 6
607 1
608 25
609 29
610 10
611 13
612 31
613 1
614 2
615 15
616 29
617 1
618 6
619 1
620 20
621 29
622 2
623 7
624 21
625 0
626 2
627 27
628 4
629 17
630 32
631 1
632 8
633 3
634 2
635 5
636 12
637 28
638 30
639 9
640 26
641 1
642 6
643 1
644 30
645 15
646 32
647 1
648 25
649 11
650 29
651 21
652 4
653 1
654 6
655 5
656 16
657 9
658 14
659 1
660 30
661 1
662 2
663 22
664 8
665 28
666 18
667 31
668 4
669 3
670 10
671 11
672 27
673 1
674 2
675 33
676 0
677 1
678 6
679 7
680 33
681 3
682 30
683 1
684 26
685 5
686 28
687 3
688 16
689 13
690 31
691 1
692 4
693 31
694 2
695 5
696 22
697 17
698 2
699 3
700 29
701 1
702 23
703 19
704 32
705 15
706 2
707 7
708 12
709 1
710 10
711 9
712 8
713 32
714 34
715 31
716 4
717 3
718 2
719 1
720 34
721 7
722 29
723 3
724 4
725 23
726 24
727 1
728 30
729 0
730 10
731 17
732 12
733 1
734 2
735 35
736 32
737 11
738 18
739 1
740 27
741 20
742 14
743 1
744 33
745 5
746 2
747 9
748 35
749 7
750 30
751 1
752 16
753 3
754 33
755 5
756 24
757 1
758 2
759 32
760 25
761 1
762 6
763 7
764 4
765 33
766 2
767 13
768 31
769 1
770 36
771 3
772 4
773 1
774 18
775 34
776 8
777 28
778 2
779 19
780 21
781 11
782 25
783 31
784 0
785 5
786 6
787 1
788 4
789 3
790 10
791 7
792 36
793 13
794 2
795 15
796 4
797 1
798 26
799 17
800 34
801 9
802 2
803 11
804 12
805 33
806 34
807 3
808 8
809 1
810 32
811 1
812 37
813 3
814 29
815 5
816 26
817 19
818 2
819 22
820 20
821 1
822 6
823 1
824 8
825 35
826 14
827 1
828 32
829 1
830 10
831 3
832 35
833 37
834 6
835 5
836 27
837 34
838 2
839 1
840 33
841 0
842 2
843 3
844 4
845 35
846 18
847 23
848 16
849 3
850 27
851 30
852 12
853 1
854 14
855 36
856 8
857 1
858 36
859 1
860 20
861 21
862 2
863 1
864 34
865 5
866 2
867 38
868 35
869 11
870 38
871 13
872 8
873 9
874 33
875 36
876 12
877 1
878 2
879 3
880 28
881 1
882 35
883 1
884 24
885 15
886 2
887 1
888 28
889 7
890 10
891 31
892 4
893 19
894 6
895 5
896 37
897 37
898 2
899 39
900 0
901 17
902 22
903 21
904 8
905 5
906 6
907 1
908 4
909 9
910 37
911 1
912 34
913 11
914 2
915 15
916 4
917 7
918 36
919 1
920 29
921 3
922 2
923 13
924 32
925 29
926 2
927 9
928 39
929 1
930 36
931 25
932 4
933 3
934 2
935 38
936 38
937 1
938 14
939 3
940 20
941 1
942 6
943 23
944 16
945 38
946 22
947 1
948 12
949 13
950 35
951 3
952 40
953 1
954 18
955 5
956 4
957 40
958 2
959 7
960 33
961 0
962 30
963 9
964 4
965 5
966 30
967 1
968 26
969 37
970 10
971 1
972 39
973 7
974 2
975 39
976 16
977 1
978 6
979 11
980 34
981 9
982 2
983 1
984 24
985 5
986 39
987 21
988 36
989 23
990 41
991 1
992 37
993 3
994 14
995 5
996 12
997 1
998 2
999 31
1000 27
1001 41
1002 6
1003 17
1004 4
1005 15
1006 2
1007 19
1008 40
1009 1
1010 10
1011 3
1012 31
1013 1
1014 40
1015 38
1016 8
1017 9
1018 2
1019 1
1020 40
1021 1
1022 14
1023 42
1024 0
1025 25
1026 37
1027 13
1028 4
1029 35
1030 10
1031 1
1032 24
1033 1
1034 22
1035 38
1036 32
1037 17
1038 6
1039 1
1040 42
1041 3
1042 2
1043 7
1044 28
1045 32
1046 2
1047 3
1048 8
1049 1
1050 41
1051 1
1052 4
1053 41
1054 39
1055 5
1056 38
1057 7
1058 36
1059 3
1060 20
1061 1
1062 18
1063 1
1064 43
1065 15
1066 26
1067 11
1068 12
1069 1
1070 10
1071 41
1072 16
1073 43
1074 6
1075 25
1076 4
1077 3
1078 33
1079 13
1080 33
1081 23
1082 2
1083 39
1084 4
1085 40
1086 6
1087 1
1088 42
1089 0
1090 10
1091 1
1092 42
1093 1
1094 2
1095 15
1096 8
1097 1
1098 18
1099 7
1100 37
1101 3
1102 29
1103 1
1104 39
1105 42
1106 14
1107 27
1108 4
1109 1
1110 44
1111 11
1112 8
1113 21
1114 2
1115 5
1116 40
1117 1
1118 26
1119 3
1120 34
1121 19
1122 43
1123 1
1124 4
1125 34
1126 2
1127 41
1128 24
1129 1
1130 10
1131 44
1132 4
1133 11
1134 35
1135 5
1136 16
1137 3
1138 2
1139 17
1140 38
1141 7
1142 2
1143 9
1144 40
1145 5
1146 6
1147 43
1148 28
1149 3
1150 43
1151 1
1152 42
1153 1
1154 2
1155 30
1156 0
1157 13
1158 6
1159 19
1160 45
1161 27
1162 14
1163 1
1164 12
1165 5
1166 22
1167 3
1168 16
1169 7
1170 45
1171 1
1172 4
1173 44
1174 2
1175 25
1176 36
1177 11
1178 41
1179 9
1180 20
1181 1
1182 6
1183 41
1184 35
1185 15
1186 2
1187 1
1188 39
1189 29
1190 44
1191 3
1192 8
1193 1
1194 6
1195 5
1196 43
1197 44
1198 2
1199 11
1200 46
1201 1
1202 2
1203 3
1204 28
1205 5
1206 18
1207 17
1208 8
1209 31
1210 45
1211 7
1212 12
1213 1
1214 2
1215 37
1216 42
1217 1
1218 46
1219 23
1220 20
1221 36
1222 26
1223 1
1224 45
1225 0
1226 2
1227 3
1228 4
1229 1
1230 30
1231 1
1232 40
1233 9
1234 2
1235 42
1236 12
1237 1
1238 2
1239 21
1240 32
1241 17
1242 44
1243 11
1244 4
1245 15
1246 14
1247 29
1248 47
1249 1
1250 38
1251 9
1252 4
1253 7
1254 45
1255 5
1256 8
1257 3
1258 43
1259 1
1260 41
1261 13
1262 2
1263 3
1264 16
1265 46
1266 6
1267 7
1268 4
1269 27
1270 10
1271 31
1272 24
1273 19
1274 43
1275 46
1276 47
1277 1
1278 18
1279 1
1280 37
1281 21
1282 2
1283 1
1284 12
1285 5
1286 2
1287 45
1288 42
1289 1
1290 30
1291 1
1292 46
1293 3
1294 2
1295 48
1296 0
1297 1
1298 22
1299 3
1300 39
1301 1
1302 33
1303 1
1304 8
1305 48
1306 2
1307 1
1308 12
1309 44
1310 10
1311 47
1312 32
1313 13
1314 18
1315 5
1316 28
1317 3
1318 2
1319 1
1320 38
1321 1
1322 2
1323 44
1324 4
1325 25
1326 47
1327 1
1328 16
1329 3
1330 47
1331 46
1332 49
1333 31
1334 43
1335 15
1336 8
1337 7
1338 6
1339 13
1340 20
1341 9
1342 22
1343 17
1344 49
1345 5
1346 2
1347 3
1348 4
1349 19
1350 40
1351 7
1352 45
1353 33
1354 2
1355 5
1356 12
1357 23
1358 14
1359 9
1360 45
1361 1
1362 6
1363 48
1364 34
1365 48
1366 2
1367 1
1368 39
1369 0
1370 10
1371 3
1372 50
1373 1
1374 6
1375 48
1376 47
1377 32
1378 26
1379 7
1380 29
1381 1
1382 2
1383 3
1384 8
1385 5
1386 46
1387 19
1388 4
1389 3
1390 10
1391 13
1392 44
1393 7
1394 41
1395 35
1396 4
1397 11
1398 6
1399 1
1400 46
1401 3
1402 2
1403 23
1404 49
1405 5
1406 50
1407 21
1408 51
1409 1
1410 49
1411 17
1412 4
1413 9
1414 14
1415 5
1416 24
1417 13
1418 2
1419 34
1420 20
1421 48
1422 18
1423 1
1424 16
1425 40
1426 30
1427 1
1428 33
1429 1
1430 49
1431 27
1432 8
1433 1
1434 6
1435 47
1436 4
1437 3
1438 2
1439 1
1440 45
1441 11
1442 14
1443 51
1444 0
1445 42
1446 6
1447 1
1448 8
1449 36
1450 49
1451 1
1452 50
1453 1
1454 2
1455 15
1456 47
1457 52
1458 46
1459 1
1460 20
1461 3
1462 35
1463 41
1464 24
1465 5
1466 2
1467 9
1468 4
1469 13
1470 43
1471 1
1472 50
1473 3
1474 22
1475 25
1476 48
1477 7
1478 2
1479 34
1480 52
1481 1
1482 50
1483 1
1484 28
1485 51
1486 2
1487 1
1488 31
1489 1
1490 10
1491 21
1492 4
1493 1
1494 18
1495 37
1496 50
1497 3
1498 14
1499 1
1500 47
1501 19
1502 2
1503 9
1504 48
1505 53
1506 6
1507 11
1508 44
1509 3
1510 10
1511 1
1512 36
1513 17
1514 2
1515 15
1516 4
1517 42
1518 51
1519 35
1520 51
1521 0
1522 2
1523 1
1524 12
1525 25
1526 14
1527 3
1528 8
1529 11
1530 52
1531 1
1532 4
1533 21
1534 26
1535 5
1536 49
1537 29
1538 2
1539 32
1540 51
1541 23
1542 6
1543 1
1544 8
1545 15
1546 2
1547 38
1548 54
1549 1
1550 48
1551 49
1552 16
1553 1
1554 53
1555 5
1556 4
1557 9
1558 37
1559 1
1560 43
1561 7
1562 22
1563 3
1564 52
1565 5
1566 45
1567 1
1568 36
1569 3
1570 10
1571 1
1572 12
1573 52
1574 2
1575 53
1576 8
1577 19
1578 6
1579 1
1580 20
1581 50
1582 14
1583 1
1584 52
1585 5
1586 26
1587 39
1588 4
1589 7
1590 30
1591 55
1592 8
1593 27
1594 2
1595 44
1596 33
1597 1
1598 49
1599 38
1600 0
1601 1
1602 18
1603 7
1604 4
1605 15
1606 22
1607 1
1608 24
1609 1
1610 50
1611 9
1612 53
1613 1
1614 6
1615 46
1616 16
1617 53
1618 2
1619 1
1620 53
1621 1
1622 2
1623 3
1624 37
1625 54
1626 6
1627 1
1628 54
1629 9
1630 10
1631 7
1632 40
1633 23
1634 56
1635 15
1636 4
1637 1
1638 34
1639 11
1640 51
1641 3
1642 2
1643 31
1644 12
1645 50
1646 2
1647 27
1648 16
1649 17
1650 45
1651 13
1652 28
1653 47
1654 2
1655 5
1656 51
1657 1
1658 2
1659 21
1660 20
1661 11
1662 6
1663 1
1664 54
1665 39
1666 55
1667 1
1668 12
1669 1
1670 10
1671 3
1672 54
1673 7
1674 54
1675 25
1676 4
1677 57
1678 2
1679 23
1680 38
1681 0
1682 55
1683 41
1684 4
1685 5
1686 6
1687 7
1688 8
1689 3
1690 35
1691 19
1692 51
1693 1
1694 46
1695 15
1696 32
1697 1
1698 6
1699 1
1700 56
1701 39
1702 52
1703 13
1704 24
1705 55
1706 2
1707 3
1708 28
1709 1
1710 55
1711 29
1712 16
1713 3
1714 2
1715 36
1716 55
1717 17
1718 2
1719 9
1720 58
1721 1
1722 52
1723 1
1724 4
1725 40
1726 2
1727 11
1728 56
1729 42
1730 10
1731 3
1732 4
1733 1
1734 47
1735 5
1736 56
1737 9
1738 22
1739 52
1740 48
1741 1
1742 26
1743 21
1744 16
1745 5
1746 18
1747 1
1748 40
1749 33
1750 37
1751 17
1752 24
1753 1
1754 2
1755 41
1756 4
1757 7
1758 6
1759 1
1760 56
1761 3
1762 2
1763 59
1764 0
1765 5
1766 2
1767 56
1768 57
1769 29
1770 30
1771 43
1772 4
1773 9
1774 2
1775 25
1776 53
1777 1
1778 14
1779 3
1780 20
1781 13
1782 57
1783 1
1784 8
1785 38
1786 48
1787 1
1788 12
1789 1
1790 10
1791 9
1792 57
1793 11
1794 42
1795 5
1796 4
1797 3
1798 49
1799 7
1800 57
1801 1
1802 34
1803 3
1804 53
1805 58
1806 53
1807 13
1808 16
1809 27
1810 10
1811 1
1812 12
1813 60
1814 2
1815 54
1816 8
1817 23
1818 18
1819 17
1820 44
1821 3
1822 2
1823 1
1824 41
1825 25
1826 22
1827 57
1828 4
1829 31
1830 30
1831 1
1832 8
1833 49
1834 14
1835 5
1836 39
1837 11
1838 2
1839 3
1840 58
1841 7
1842 6
1843 19
1844 4
1845 58
1846 26
1847 1
1848 43
1849 0
1850 58
1851 3
1852 4
1853 17
1854 18
1855 35
1856 54
1857 3
1858 2
1859 59
1860 50
1861 1
1862 61
1863 55
1864 8
1865 5
1866 6
1867 1
1868 4
1869 21
1870 58
1871 1
1872 45
1873 1
1874 2
1875 42
1876 28
1877 1
1878 6
1879 1
1880 50
1881 40
1882 2
1883 7
1884 12
1885 59
1886 59
1887 59
1888 32
1889 1
1890 44
1891 31
1892 54
1893 3
1894 2
1895 5
1896 24
1897 7
1898 26
1899 9
1900 60
1901 1
1902 6
1903 11
1904 59
1905 15
1906 2
1907 1
1908 36
1909 23
1910 10
1911 46
1912 8
1913 1
1914 55
1915 5
1916 4
1917 27
1918 14
1919 19
1920 43
1921 17
1922 62
1923 3
1924 60
1925 41
1926 18
1927 56
1928 8
1929 3
1930 10
1931 1
1932 51
1933 1
1934 2
1935 60
1936 0
1937 13
1938 55
1939 7
1940 20
1941 3
1942 2
1943 29
1944 45
1945 5
1946 14
1947 33
1948 4
1949 1
1950 47
1951 1
1952 51
1953 32
1954 2
1955 60
1956 12
1957 19
1958 22
1959 3
1960 44
1961 37
1962 18
1963 13
1964 4
1965 15
1966 2
1967 7
1968 60
1969 11
1970 10
1971 27
1972 56
1973 1
1974 61
1975 25
1976 57
1977 3
1978 61
1979 1
1980 42
1981 7
1982 2
1983 3
1984 63
1985 5
1986 6
1987 1
1988 28
1989 52
1990 10
1991 11
1992 24
1993 1
1994 2
1995 56
1996 4
1997 1
1998 61
1999 1
2000 48
2001 46
2002 61
2003 1
2004 12
2005 5
2006 34
2007 9
2008 8
2009 61
2010 30
2011 1
2012 4
2013 52
2014 33
2015 45
2016 43
2017 1
2018 2
2019 3
2020 20
2021 38
2022 6
2023 57
2024 62
2025 0
2026 2
2027 1
2028 58
2029 1
2030 64
2031 3
2032 16
2033 19
2034 18
2035 62
2036 4
2037 21
2038 2
2039 1
2040 53
2041 13
2042 2
2043 9
2044 28
2045 5
2046 49
2047 23
2048 44
2049 3
2050 62
2051 7
2052 57
2053 1
2054 26
2055 15
2056 8
2057 62
2058 58
2059 29
2060 20
2061 9
2062 2
2063 1
2064 62
2065 35
2066 2
2067 47
2068 34
2069 1
2070 39
2071 19
2072 63
2073 3
2074 53
2075 25
2076 12
2077 31
2078 2
2079 63
2080 46
2081 1
2082 6
2083 1
2084 4
2085 15
2086 14
2087 1
2088 65
2089 1
2090 54
2091 59
2092 4
2093 63
2094 6
2095 5
2096 16
2097 9
2098 2
2099 1
2100 45
2101 11
2102 2
2103 3
2104 8
2105 5
2106 58
2107 63
2108 50
2109 64
2110 10
2111 1
2112 40
2113 1
2114 14
2115 35
2116 0
2117 29
2118 6
2119 13
2120 48
2121 21
2122 2
2123 11
2124 36
2125 63
2126 2
2127 3
2128 59
2129 1
2130 30
2131 1
2132 64
2133 27
2134 22
2135 54
2136 24
2137 1
2138 2
2139 55
2140 20
2141 1
2142 60
2143 1
2144 32
2145 64
2146 66
2147 19
2148 12
2149 7
2150 47
2151 9
2152 8
2153 1
2154 6
2155 5
2156 46
2157 3
2158 26
2159 17
2160 59
2161 1
2162 64
2163 21
2164 4
2165 5
2166 51
2167 11
2168 8
2169 9
2170 41
2171 13
2172 12
2173 49
2174 2
2175 65
2176 64
2177 7
2178 36
2179 1
2180 20
2181 3
2182 2
2183 37
2184 61
2185 60
2186 2
2187 52
2188 4
2189 11
2190 30
2191 7
2192 16
2193 48
2194 2
2195 5
2196 55
2197 65
2198 14
2199 3
2200 47
2201 31
2202 6
2203 1
2204 56
2205 60
2206 2
2207 1
2208 66
2209 0
2210 65
2211 33
2212 28
2213 1
2214 65
2215 5
2216 8
2217 3
2218 2
2219 7
2220 67
2221 1
2222 22
2223 37
2224 16
2225 25
2226 50
2227 17
2228 4
2229 3
2230 10
2231 23
2232 42
2233 62
2234 2
2235 15
2236 61
2237 1
2238 6
2239 1
2240 53
2241 27
2242 38
2243 1
2244 49
2245 5
2246 2
2247 21
2248 8
2249 13
2250 66
2251 1
2252 4
2253 3
2254 57
2255 48
2256 65
2257 56
2258 2
2259 9
2260 20
2261 61
2262 66
2263 31
2264 8
2265 15
2266 22
2267 1
2268 38
2269 1
2270 10
2271 3
2272 32
2273 1
2274 6
2275 66
2276 4
2277 67
2278 34
2279 51
2280 54
2281 1
2282 14
2283 3
2284 4
2285 5
2286 18
2287 1
2288 50
2289 21
2290 10
2291 29
2292 12
2293 1
2294 68
2295 58
2296 67
2297 1
2298 6
2299 63
2300 39
2301 39
2302 2
2303 49
2304 0
2305 5
2306 2
2307 3
2308 4
2309 1
2310 67
2311 1
2312 62
2313 9
2314 26
2315 5
2316 12
2317 7
2318 43
2319 3
2320 67
2321 11
2322 62
2323 23
2324 28
2325 66
2326 2
2327 13
2328 24
2329 17
2330 10
2331 57
2332 52
2333 1
2334 6
2335 5
2336 32
2337 69
2338 14
2339 1
2340 51
2341 1
2342 2
2343 33
2344 8
2345 35
2346 68
2347 1
2348 4
2349 59
2350 50
2351 1
2352 55
2353 13
2354 22
2355 15
2356 64
2357 1
2358 18
2359 7
2360 40
2361 3
2362 2
2363 17
2364 12
2365 68
2366 68
2367 9
2368 63
2369 23
2370 30
2371 1
2372 4
2373 21
2374 2
2375 68
2376 63
2377 1
2378 67
2379 44
2380 40
2381 1
2382 6
2383 1
2384 16
2385 53
2386 2
2387 58
2388 12
2389 1
2390 10
2391 3
2392 70
2393 1
2394 56
2395 5
2396 4
2397 51
2398 22
2399 1
2400 52
2401 0
2402 2
2403 27
2404 4
2405 69
2406 6
2407 29
2408 69
2409 33
2410 10
2411 1
2412 36
2413 19
2414 34
2415 65
2416 16
2417 1
2418 69
2419 60
2420 64
2421 9
2422 14
2423 1
2424 24
2425 25
2426 2
2427 3
2428 4
2429 7
2430 53
2431 41
2432 64
2433 3
2434 2
2435 5
2436 41
2437 1
2438 54
2439 9
2440 45
2441 1
2442 59
2443 7
2444 69
2445 15
2446 2
2447 1
2448 70
2449 31
2450 71
2451 57
2452 4
2453 11
2454 6
2455 5
2456 8
2457 52
2458 2
2459 1
2460 68
2461 23
2462 2
2463 3
2464 65
2465 70
2466 18
2467 1
2468 4
2469 3
2470 65
2471 7
2472 24
2473 1
2474 2
2475 54
2476 4
2477 1
2478 61
2479 37
2480 70
2481 3
2482 34
2483 13
2484 66
2485 35
2486 22
2487 3
2488 8
2489 19
2490 30
2491 55
2492 28
2493 9
2494 71
2495 5
2496 72
2497 11
2498 2
2499 42
2500 0
2501 46
2502 18
2503 1
2504 8
2505 15
2506 14
2507 23
2508 42
2509 13
2510 10
2511 53
2512 16
2513 7
2514 6
2515 5
2516 60
2517 3
2518 2
2519 11
2520 66
2521 1
2522 26
2523 58
2524 4
2525 25
2526 6
2527 66
2528 32
2529 9
2530 55
2531 1
2532 12
2533 17
2534 14
2535 71
2536 8
2537 71
2538 70
2539 1
2540 20
2541 59
2542 69
2543 1
2544 56
2545 5
2546 38
2547 9
2548 73
2549 1
2550 43
2551 1
2552 62
2553 67
2554 2
2555 35
2556 36
2557 1
2558 2
2559 3
2560 67
2561 13
2562 47
2563 11
2564 4
2565 43
2566 2
2567 17
2568 24
2569 7
2570 10
2571 3
2572 4
2573 31
2574 61
2575 25
2576 56
2577 3
2578 2
2579 1
2580 72
2581 29
2582 2
2583 54
2584 67
2585 72
2586 6
2587 13
2588 4
2589 3
2590 71
2591 1
2592 44
2593 1
2594 2
2595 15
2596 72
2597 57
2598 6
2599 23
2600 74
2601 0
2602 2
2603 19
2604 70
2605 5
2606 2
2607 33
2608 16
2609 1
2610 63
2611 7
2612 4
2613 39
2614 2
2615 5
2616 24
2617 1
2618 60
2619 27
2620 20
2621 1
2622 68
2623 48
2624 68
2625 44
2626 26
2627 37
2628 36
2629 11
2630 10
2631 3
2632 57
2633 1
2634 6
2635 62
2636 4
2637 9
2638 2
2639 55
2640 45
2641 19
2642 2
2643 3
2644 4
2645 73
2646 75
2647 1
2648 8
2649 3
2650 58
2651 11
2652 64
2653 7
2654 2
2655 73
2656 32
2657 1
2658 6
2659 1
2660 68
2661 3
2662 46
2663 1
2664 72
2665 61
2666 73
2667 21
2668 69
2669 17
2670 30
2671 1
2672 16
2673 76
2674 14
2675 25
2676 12
2677 1
2678 26
2679 58
2680 40
2681 7
2682 18
2683 1
2684 71
2685 15
2686 34
2687 1
2688 49
2689 1
2690 10
2691 56
2692 4
2693 1
2694 6
2695 45
2696 8
2697 63
2698 38
2699 1
2700 74
2701 37
2702 14
2703 69
2704 0
2705 5
2706 59
2707 1
2708 4
2709 47
2710 10
2711 1
2712 24
2713 1
2714 74
2715 15
2716 28
2717 69
2718 18
2719 1
2720 65
2721 3
2722 2
2723 7
2724 12
2725 25
2726 62
2727 27
2728 74
2729 1
2730 77
2731 1
2732 4
2733 3
2734 2
2735 5
2736 50
2737 57
2738 70
2739 33
2740 20
2741 1
2742 6
2743 13
2744 46
2745 72
2746 2
2747 41
2748 12
2749 1
2750 75
2751 21
2752 48
2753 1
2754 59
2755 64
2756 70
2757 3
2758 14
2759 31
2760 70
2761 11
2762 2
2763 9
2764 4
2765 35
2766 6
2767 1
2768 16
2769 39
2770 10
2771 17
2772 66
2773 75
2774 73
2775 38
2776 8
2777 1
2778 6
2779 7
2780 20
2781 27
2782 26
2783 58
2784 51
2785 5
2786 14
2787 3
2788 60
2789 1
2790 75
2791 1
2792 8
2793 71
2794 22
2795 78
2796 12
2797 1
2798 2
2799 9
2800 76
2801 1
2802 6
2803 1
2804 4
2805 60
2806 73
2807 7
2808 49
2809 0
2810 10
2811 3
2812 39
2813 29
2814 42
2815 5
2816 67
2817 9
2818 2
2819 1
2820 63
2821 47
2822 34
2823 3
2824 8
2825 25
2826 18
2827 11
2828 28
2829 65
2830 10
2831 19
2832 76
2833 1
2834 26
2835 59
2836 4
2837 1
2838 79
2839 17
2840 40
2841 3
2842 52
2843 1
2844 36
2845 5
2846 2
2847 74
2848 32
2849 76
2850 71
2851 1
2852 61
2853 9
2854 2
2855 5
2856 72
2857 1
2858 2
2859 3
2860 50
2861 1
2862 71
2863 7
2864 16
2865 15
2866 2
2867 74
2868 12
2869 19
2870 77
2871 61
2872 8
2873 40
2874 6
2875 66
2876 4
2877 21
2878 2
2879 1
2880 68
2881 43
2882 22
2883 48
2884 28
2885 5
2886 77
2887 1
2888 60
2889 27
2890 69
2891 77
2892 12
2893 11
2894 2
2895 15
2896 16
2897 1
2898 73
2899 13
2900 53
2901 3
2902 2
2903 1
2904 49
2905 35
2906 2
2907 72
2908 4
2909 1
2910 30
2911 41
2912 51
2913 3
2914 64
2915 72
2916 0
2917 1
2918 2
2919 21
2920 75
2921 23
2922 6
2923 37
2924 80
2925 67
2926 62
2927 1
2928 62
2929 29
2930 10
2931 3
2932 4
2933 7
2934 18
2935 5
2936 8
2937 33
2938 26
2939 1
2940 70
2941 17
2942 2
2943 27
2944 61
2945 75
2946 6
2947 7
2948 44
2949 3
2950 78
2951 13
2952 78
2953 1
2954 14
2955 15
2956 4
2957 1
2958 41
2959 11
2960 78
2961 74
2962 2
2963 1
2964 52
2965 5
2966 2
2967 54
2968 73
2969 1
2970 50
2971 1
2972 4
2973 3
2974 2
2975 73
2976 65
2977 13
2978 2
2979 9
2980 20
2981 11
2982 42
2983 19
2984 8
2985 15
2986 2
2987 29
2988 36
2989 81
2990 68
2991 3
2992 63
2993 76
2994 6
2995 5
2996 28
2997 63
2998 2
2999 1
3000 71
3001 1
3002 38
3003 76
3004 4
3005 5
3006 18
3007 31
3008 75
3009 79
3010 55
3011 1
3012 12
3013 23
3014 22
3015 45
3016 42
3017 7
3018 6
3019 1
3020 20
3021 79
3022 2
3023 1
3024 62
3025 0
3026 34
3027 3
3028 4
3029 13
3030 30
3031 7
3032 8
3033 9
3034 79
3035 5
3036 69
3037 1
3038 51
3039 3
3040 53
3041 1
3042 74
3043 17
3044 4
3045 74
3046 2
3047 11
3048 24
3049 1
3050 82
3051 27
3052 28
3053 43
3054 6
3055 76
3056 16
3057 3
3058 22
3059 77
3060 64
3061 1
3062 2
3063 3
3064 8
3065 5
3066 77
3067 1
3068 66
3069 72
3070 10
3071 37
3072 80
3073 7
3074 80
3075 64
3076 4
3077 17
3078 63
3079 1
3080 70
3081 39
3082 46
3083 1
3084 12
3085 5
3086 2
3087 52
3088 16
3089 1
3090 30
3091 11
3092 4
3093 3
3094 43
3095 5
3096 56
3097 19
3098 2
3099 3
3100 54
3101 7
3102 77
3103 29
3104 32
3105 78
3106 2
3107 13
3108 80
3109 1
3110 10
3111 83
3112 8
3113 11
3114 18
3115 35
3116 75
3117 3
3118 2
3119 1
3120 65
3121 1
3122 14
3123 9
3124 44
3125 73
3126 6
3127 75
3128 53
3129 21
3130 10
3131 31
3132 67
3133 13
3134 2
3135 81
3136 0
3137 1
3138 6
3139 78
3140 20
3141 9
3142 2
3143 7
3144 24
3145 65
3146 64
3147 3
3148 4
3149 71
3150 79
3151 23
3152 16
3153 3
3154 38
3155 5
3156 12
3157 76
3158 2
3159 66
3160 40
3161 29
3162 55
3163 1
3164 28
3165 15
3166 2
3167 1
3168 47
3169 1
3170 10
3171 21
3172 81
3173 19
3174 65
3175 25
3176 8
3177 9
3178 14
3179 44
3180 81
3181 1
3182 57
3183 3
3184 16
3185 74
3186 76
3187 1
3188 4
3189 3
3190 68
3191 1
3192 82
3193 31
3194 2
3195 45
3196 78
3197 23
3198 80
3199 7
3200 48
3201 33
3202 2
3203 1
3204 36
3205 5
3206 14
3207 3
3208 8
3209 1
3210 30
3211 77
3212 84
3213 79
3214 2
3215 5
3216 72
3217 1
3218 2
3219 66
3220 54
3221 1
3222 18
3223 11
3224 67
3225 56
3226 2
3227 7
3228 12
3229 1
3230 45
3231 9
3232 32
3233 82
3234 66
3235 5
3236 4
3237 39
3238 2
3239 41
3240 83
3241 7
3242 2
3243 79
3244 4
3245 77
3246 6
3247 17
3248 69
3249 0
3250 75
3251 1
3252 12
3253 1
3254 2
3255 78
3256 58
3257 1
3258 18
3259 1
3260 20
3261 3
3262 14
3263 13
3264 80
3265 5
3266 46
3267 67
3268 57
3269 7
3270 30
3271 1
3272 8
3273 3
3274 2
3275 25
3276 68
3277 29
3278 22
3279 3
3280 81
3281 17
3282 6
3283 73
3284 4
3285 85
3286 82
3287 19
3288 24
3289 55
3290 49
3291 3
3292 4
3293 37
3294 83
3295 5
3296 32
3297 21
3298 34
3299 1
3300 84
3301 1
3302 26
3303 9
3304 78
3305 5
3306 46
3307 1
3308 4
3309 3
3310 10
3311 67
3312 80
3313 1
3314 2
3315 70
3316 4
3317 31
3318 42
3319 1
3320 40
3321 81
3322 22
3323 1
3324 12
3325 68
3326 2
3327 3
3328 58
3329 1
3330 59
3331 1
3332 82
3333 33
3334 2
3335 76
3336 24
3337 47
3338 2
3339 79
3340 20
3341 13
3342 6
3343 1
3344 69
3345 15
3346 14
3347 1
3348 83
3349 17
3350 74
3351 3
3352 8
3353 7
3354 85
3355 84
3356 4
3357 9
3358 86
3359 1
3360 47
3361 1
3362 56
3363 79
3364 0
3365 5
3366 71
3367 68
3368 8
3369 3
3370 10
3371 1
3372 12
3373 1
3374 14
3375 69
3376 16
3377 11
3378 6
3379 31
3380 59
3381 81
3382 38
3383 17
3384 50
3385 5
3386 2
3387 3
3388 48
3389 1
3390 30
3391 1
3392 80
3393 60
3394 2
3395 35
3396 12
3397 43
3398 2
3399 33
3400 83
3401 19
3402 57
3403 41
3404 77
3405 15
3406 26
3407 1
3408 48
3409 7
3410 84
3411 9
3412 4
3413 1
3414 6
3415 5
3416 85
3417 75
3418 2
3419 13
3420 70
3421 11
3422 80
3423 21
3424 32
3425 25
3426 6
3427 23
3428 4
3429 27
3430 70
3431 87
3432 72
3433 1
3434 34
3435 15
3436 4
3437 7
3438 18
3439 19
3440 86
3441 69
3442 2
3443 11
3444 82
3445 60
3446 2
3447 9
3448 8
3449 1
3450 49
3451 81
3452 4
3453 3
3454 22
3455 5
3456 61
3457 1
3458 82
3459 3
3460 20
3461 1
3462 6
3463 1
3464 8
3465 58
3466 2
3467 1
3468 71
3469 1
3470 10
3471 39
3472 85
3473 23
3474 18
3475 25
3476 44
3477 86
3478 51
3479 49
3480 84
3481 0
3482 2
3483 78
3484 76
3485 83
3486 42
3487 11
3488 32
3489 3
3490 10
3491 1
3492 36
3493 7
3494 2
3495 15
3496 73
3497 13
3498 61
3499 1
3500 71
3501 9
3502 34
3503 31
3504 88
3505 5
3506 2
3507 21
3508 4
3509 87
3510 50
3511 1
3512 8
3513 3
3514 14
3515 70
3516 12
3517 1
3518 2
3519 82
3520 62
3521 7
3522 6
3523 13
3524 4
3525 83
3526 59
3527 1
3528 72
3529 1
3530 10
3531 33
3532 4
3533 1
3534 86
3535 35
3536 52
3537 27
3538 87
3539 1
3540 81
3541 1
3542 85
3543 3
3544 8
3545 5
3546 18
3547 1
3548 4
3549 51
3550 50
3551 77
3552 74
3553 79
3554 2
3555 45
3556 28
3557 1
3558 6
3559 1
3560 40
3561 3
3562 26
3563 7
3564 71
3565 72
3566 2
3567 84
3568 16
3569 43
3570 73
3571 1
3572 83
3573 9
3574 2
3575 63
3576 24
3577 89
3578 2
3579 3
3580 20
3581 1
3582 18
3583 1
3584 84
3585 15
3586 22
3587 17
3588 87
3589 37
3590 10
3591 53
3592 8
3593 1
3594 6
3595 5
3596 88
3597 33
3598 14
3599 88
3600 0
3601 13
3602 2
3603 3
3604 62
3605 35
3606 6
3607 1
3608 80
3609 9
3610 73
3611 23
3612 60
3613 1
3614 26
3615 15
3616 32
3617 1
3618 78
3619 86
3620 20
3621 51
3622 2
3623 1
3624 24
3625 85
3626 75
3627 52
3628 4
3629 19
3630 72
3631 1
3632 16
3633 21
3634 46
3635 5
3636 36
3637 1
3638 34
3639 3
3640 85
3641 11
3642 6
3643 1
3644 4
3645 84
3646 2
3647 7
3648 54
3649 41
3650 90
3651 3
3652 44
3653 13
3654 89
3655 74
3656 8
3657 88
3658 82
3659 1
3660 89
3661 7
3662 2
3663 64
3664 16
3665 5
3666 87
3667 19
3668 28
3669 3
3670 10
3671 1
3672 61
3673 1
3674 22
3675 74
3676 4
3677 1
3678 6
3679 13
3680 63
3681 9
3682 14
3683 29
3684 12
3685 79
3686 38
3687 3
3688 8
3689 53
3690 81
3691 1
3692 52
3693 3
3694 2
3695 5
3696 86
3697 1
3698 73
3699 27
3700 76
3701 1
3702 6
3703 65
3704 8
3705 86
3706 34
3707 11
3708 36
3709 1
3710 89
3711 3
3712 90
3713 47
3714 6
3715 5
3716 4
3717 83
3718 75
3719 1
3720 85
3721 0
3722 2
3723 91
3724 55
3725 25
3726 62
3727 1
3728 16
3729 33
3730 10
3731 82
3732 12
3733 1
3734 2
3735 45
3736 8
3737 37
3738 42
3739 1
3740 54
3741 75
3742 2
3743 19
3744 64
3745 35
3746 2
3747 3
3748 4
3749 23
3750 87
3751 87
3752 80
3753 27
3754 2
3755 5
3756 12
3757 74
3758 2
3759 21
3760 88
3761 1
3762 76
3763 53
3764 4
3765 15
3766 14
3767 1
3768 24
3769 1
3770 91
3771 9
3772 66
3773 56
3774 77
3775 25
3776 84
3777 3
3778 2
3779 1
3780 86
3781 19
3782 90
3783 39
3784 76
3785 5
3786 6
3787 7
3788 4
3789 9
3790 10
3791 17
3792 48
3793 1
3794 14
3795 63
3796 92
3797 1
3798 18
3799 29
3800 83
3801 21
3802 2
3803 1
3804 12
3805 5
3806 22
3807 65
3808 55
3809 13
3810 30
3811 37
3812 4
3813 88
3814 2
3815 35
3816 90
3817 11
3818 46
3819 81
3820 20
3821 1
3822 88
3823 1
3824 16
3825 75
3826 2
3827 43
3828 89
3829 7
3830 10
3831 3
3832 8
3833 1
3834 54
3835 85
3836 28
3837 3
3838 38
3839 11
3840 77
3841 23
3842 34
3843 92
3844 0
3845 5
3846 6
3847 1
3848 78
3849 3
3850 57
3851 1
3852 36
3853 1
3854 67
3855 15
3856 16
3857 87
3858 6
3859 17
3860 20
3861 91
3862 2
3863 1
3864 64
3865 5
3866 2
3867 3
3868 4
3869 93
3870 77
3871 49
3872 56
3873 3
3874 26
3875 66
3876 76
3877 1
3878 14
3879 9
3880 40
3881 1
3882 6
3883 11
3884 4
3885 84
3886 82
3887 89
3888 78
3889 1
3890 10
3891 3
3892 28
3893 17
3894 86
3895 89
3896 8
3897 9
3898 2
3899 7
3900 58
3901 47
3902 2
3903 3
3904 93
3905 55
3906 79
3907 1
3908 4
3909 3
3910 90
3911 1
3912 24
3913 78
3914 38
3915 88
3916 44
3917 1
3918 6
3919 1
3920 65
3921 3
3922 91
3923 1
3924 36
3925 25
3926 26
3927 92
3928 8
3929 1
3930 30
3931 1
3932 4
3933 57
3934 14
3935 5
3936 77
3937 31
3938 22
3939 39
3940 20
3941 7
3942 94
3943 1
3944 90
3945 15
3946 2
3947 1
3948 68
3949 11
3950 50
3951 9
3952 59
3953 67
3954 6
3955 35
3956 83
3957 3
3958 2
3959 37
3960 79
3961 17
3962 14
3963 3
3964 4
3965 79
3966 6
3967 1
3968 80
3969 0
3970 10
3971 90
3972 12
3973 29
3974 2
3975 85
3976 56
3977 41
3978 91
3979 23
3980 20
3981 3
3982 22
3983 7
3984 48
3985 5
3986 2
3987 9
3988 4
3989 1
3990 66
3991 13
3992 8
3993 94
3994 2
3995 69
3996 92
3997 7
3998 2
3999 89
4000 80
4001 1
4002 93
4003 1
4004 60
4005 45
4006 2
4007 1
4008 24
4009 19
4010 10
4011 21
4012 87
4013 1
4014 18
4015 95
4016 16
4017 39
4018 78
4019 1
4020 91
4021 1
4022 2
4023 27
4024 8
4025 58
4026 68
4027 1
4028 80
4029 51
4030 84
4031 29
4032 86
4033 37
4034 2
4035 15
4036 4
4037 11
4038 6
4039 7
4040 40
4041 9
4042 81
4043 13
4044 12
4045 5
4046 91
4047 57
4048 92
4049 1
4050 87
4051 1
4052 4
4053 21
4054 2
4055 5
4056 95
4057 1
4058 2
4059 79
4060 81
4061 31
4062 6
4063 17
4064 32
4065 15
4066 38
4067 49
4068 36
4069 13
4070 93
4071 70
4072 8
4073 1
4074 42
4075 25
4076 4
4077 27
4078 2
4079 1
4080 94
4081 67
4082 26
4083 3
4084 4
4085 90
4086 18
4087 88
4088 96
4089 59
4090 10
4091 1
4092 61
4093 1
4094 46
4095 81
4096 0
4097 17
4098 6
4099 1
4100 85
4101 3
4102 14
4103 11
4104 82
4105 5
4106 2
4107 88
4108 52
4109 7
4110 30
4111 1
4112 16
4113 9
4114 92
4115 5
4116 92
4117 23
4118 58
4119 3
4120 40
4121 13
4122 18
4123 96
4124 4
4125 95
4126 2
4127 1
4128 80
4129 1
4130 93
4131 91
4132 4
4133 1
4134 68
4135 5
4136 82
4137 21
4138 2
4139 1
4140 71
4141 41
4142 38
4143 3
4144 94
4145 5
4146 6
4147 60
4148 69
4149 9
4150 50
4151 7
4152 24
4153 1
4154 89
4155 15
4156 4
4157 1
4158 62
4159 1
4160 82
4161 97
4162 2
4163 23
4164 12
4165 89
4166 2
4167 9
4168 8
4169 11
4170 30
4171 43
4172 28
4173 39
4174 2
4175 25
4176 93
4177 1
4178 2
4179 21
4180 83
4181 37
4182 86
4183 47
4184 8
4185 93
4186 92
4187 53
4188 12
4189 59
4190 10
4191 33
4192 32
4193 7
4194 18
4195 5
4196 4
4197 3
4198 2
4199 61
4200 96
4201 1
4202 22
4203 9
4204 4
4205 63
4206 6
4207 7
4208 16
4209 70
4210 10
4211 1
4212 83
4213 11
4214 81
4215 15
4216 97
4217 1
4218 95
4219 1
4220 20
4221 90
4222 2
4223 41
4224 84
4225 0
4226 2
4227 3
4228 28
4229 1
4230 83
4231 1
4232 72
4233 51
4234 98
4235 90
4236 12
4237 19
4238 26
4239 27
4240 69
4241 1
4242 42
4243 1
4244 4
4245 15
4246 22
4247 31
4248 94
4249 7
4250 94
4251 39
4252 4
4253 1
4254 6
4255 93
4256 62
4257 97
4258 2
4259 1
4260 60
4261 1
4262 2
4263 94
4264 87
4265 5
4266 54
4267 17
4268 44
4269 3
4270 71
4271 1
4272 48
4273 1
4274 2
4275 64
4276 4
4277 84
4278 98
4279 11
4280 40
4281 3
4282 2
4283 1
4284 73
4285 5
4286 2
4287 3
4288 91
4289 1
4290 85
4291 7
4292 96
4293 70
4294 38
4295 5
4296 24
4297 1
4298 14
4299 3
4300 82
4301 84
4302 18
4303 13
4304 16
4305 91
4306 2
4307 99
4308 12
4309 31
4310 10
4311 9
4312 63
4313 19
4314 6
4315 5
4316 52
4317 3
4318 34
4319 7
4320 94
4321 29
4322 2
4323 33
4324 85
4325 25
4326 42
4327 1
4328 8
4329 95
4330 10
4331 98
4332 61
4333 7
4334 22
4335 95
4336 16
4337 1
4338 18
4339 1
4340 99
4341 3
4342 26
4343 43
4344 24
4345 55
4346 88
4347 74
4348 4
4349 1
4350 86
4351 19
4352 71
4353 3
4354 14
4355 92
4356 0
4357 1
4358 2
4359 3
4360 40
4361 49
4362 6
4363 1
4364 4
4365 45
4366 95
4367 11
4368 97
4369 17
4370 65
4371 86
4372 4
4373 1
4374 95
4375 85
4376 8
4377 3
4378 22
4379 29
4380 100
4381 13
4382 14
4383 9
4384 32
4385 5
4386 83
4387 41
4388 4
4389 64
4390 10
4391 1
4392 72
4393 23
4394 98
4395 15
4396 28
4397 1
4398 6
4399 92
4400 96
4401 27
4402 99
4403 96
4404 12
4405 5
4406 2
4407 39
4408 87
4409 1
4410 75
4411 11
4412 4
4413 3
4414 2
4415 5
4416 66
4417 7
4418 62
4419 9
4420 72
4421 1
4422 93
4423 1
4424 56
4425 96
4426 2
4427 19
4428 53
4429 43
4430 10
4431 21
4432 16
4433 100
4434 6
4435 5
4436 4
4437 96
4438 14
4439 23
4440 65
4441 1
4442 2
4443 3
4444 44
4445 35
4446 88
4447 1
4448 32
4449 3
4450 50
4451 1
4452 89
4453 86
4454 34
4455 97
4456 8
4457 1
4458 6
4459 101
4460 20
4461 3
4462 46
4463 1
4464 99
4465 87
4466 63
4467 3
4468 4
4469 41
4470 30
4471 17
4472 84
4473 100
4474 2
4475 25
4476 12
4477 97
4478 2
4479 3
4480 73
4481 1
4482 93
4483 1
4484 97
4485 67
4486 2
4487 7
4488 97
4489 0
4490 10
4491 9
4492 4
4493 1
4494 42
4495 76
4496 16
4497 3
4498 26
4499 11
4500 98
4501 7
4502 2
4503 57
4504 8
4505 90
4506 6
4507 1
4508 66
4509 27
4510 54
4511 13
4512 89
4513 1
4514 73
4515 85
4516 4
4517 1
4518 18
4519 1
4520 40
4521 33
4522 100
4523 1
4524 88
4525 25
4526 87
4527 9
4528 16
4529 7
4530 30
4531 23
4532 44
4533 3
4534 2
4535 5
4536 74
4537 13
4538 2
4539 51
4540 20
4541 19
4542 6
4543 101
4544 102
4545 45
4546 2
4547 1
4548 12
4549 1
4550 98
4551 64
4552 8
4553 29
4554 98
4555 5
4556 94
4557 77
4558 98
4559 47
4560 99
4561 1
4562 2
4563 68
4564 28
4565 94
4566 6
4567 1
4568 8
4569 3
4570 10
4571 7
4572 36
4573 17
4574 2
4575 101
4576 67
4577 23
4578 42
4579 19
4580 20
4581 9
4582 58
4583 1
4584 24
4585 35
4586 2
4587 33
4588 91
4589 13
4590 74
4591 1
4592 101
4593 3
4594 2
4595 5
4596 12
4597 1
4598 55
4599 88
4600 99
4601 43
4602 102
4603 1
4604 4
4605 15
4606 90
4607 17
4608 75
4609 11
4610 10
4611 86
4612 4
4613 7
4614 6
4615 103
4616 8
4617 69
4618 2
4619 31
4620 65
4621 1
4622 2
4623 95
4624 0
4625 78
4626 18
4627 7
4628 52
4629 3
4630 10
4631 11
4632 24
4633 41
4634 14
4635 45
4636 102
4637 1
4638 6
4639 1
4640 89
4641 68
4642 22
4643 1
4644 99
4645 5
4646 46
4647 3
4648 95
4649 1
4650 100
4651 1
4652 4
4653 99
4654 26
4655 92
4656 48
4657 1
4658 34
4659 3
4660 20
4661 59
4662 56
4663 1
4664 91
4665 15
4666 2
4667 13
4668 12
4669 100
4670 10
4671 27
4672 89
4673 1
4674 102
4675 75
4676 28
4677 3
4678 2
4679 1
4680 76
4681 31
4682 2
4683 21
4684 4
4685 5
4686 104
4687 43
4688 16
4689 9
4690 87
4691 1
4692 90
4693 70
4694 2
4695 15
4696 8
4697 66
4698 96
4699 37
4700 79
4701 3
4702 2
4703 1
4704 103
4705 5
4706 26
4707 9
4708 44
4709 17
4710 30
4711 7
4712 101
4713 3
4714 2
4715 69
4716 36
4717 53
4718 14
4719 100
4720 103
4721 1
4722 6
4723 1
4724 4
4725 93
4726 34
4727 29
4728 24
4729 1
4730 100
4731 96
4732 71
4733 1
4734 18
4735 5
4736 57
4737 3
4738 46
4739 7
4740 60
4741 11
4742 2
4743 103
4744 8
4745 90
4746 42
4747 47
4748 4
4749 3
4750 101
4751 1
4752 76
4753 49
4754 2
4755 15
4756 91
4757 77
4758 67
4759 1
4760 104
4761 0
4762 2
4763 11
4764 12
4765 5
4766 2
4767 21
4768 32
4769 19
4770 92
4771 13
4772 4
4773 105
4774 94
4775 25
4776 24
4777 17
4778 2
4779 104
4780 20
4781 7
4782 6
4783 1
4784 97
4785 70
4786 2
4787 1
4788 102
4789 1
4790 10
4791 3
4792 8
4793 1
4794 80
4795 35
4796 44
4797 101
4798 2
4799 1
4800 101
4801 1
4802 72
4803 3
4804 4
4805 104
4806 54
4807 102
4808 8
4809 21
4810 58
4811 17
4812 12
4813 1
4814 97
4815 45
4816 77
4817 1
4818 91
4819 61
4820 20
4821 3
4822 2
4823 93
4824 88
4825 25
4826 38
4827 3
4828 92
4829 11
4830 106
4831 1
4832 32
4833 27
4834 2
4835 5
4836 95
4837 7
4838 78
4839 3
4840 73
4841 47
4842 18
4843 29
4844 28
4845 105
4846 2
4847 37
4848 48
4849 13
4850 50
4851 103
4852 4
4853 23
4854 6
4855 5
4856 8
4857 3
4858 14
4859 43
4860 102
4861 1
4862 98
4863 3
4864 105
4865 35
4866 6
4867 31
4868 4
4869 9
4870 10
4871 1
4872 71
4873 11
4874 2
4875 105
4876 94
4877 1
4878 18
4879 102
4880 68
4881 3
4882 2
4883 19
4884 59
4885 5
4886 14
4887 27
4888 81
4889 1
4890 30
4891 92
4892 4
4893 21
4894 2
4895 55
4896 104
4897 98
4898 62
4899 103
4900 0
4901 93
4902 78
4903 1
4904 8
4905 45
4906 22
4907 7
4908 12
4909 1
4910 10
4911 3
4912 16
4913 106
4914 103
4915 5
4916 4
4917 33
4918 2
4919 1
4920 74
4921 99
4922 46
4923 9
4924 4
4925 25
4926 6
4927 13
4928 106
4929 107
4930 72
4931 1
4932 36
4933 1
4934 2
4935 82
4936 8
4937 1
4938 6
4939 11
4940 106
4941 69
4942 14
4943 1
4944 48
4945 96
4946 2
4947 51
4948 4
4949 49
4950 60
4951 1
4952 8
4953 39
4954 2
4955 5
4956 79
4957 1
4958 89
4959 103
4960 95
4961 105
4962 6
4963 7
4964 93
4965 15
4966 26
4967 1
4968 94
4969 1
4970 104
4971 3
4972 44
4973 1
4974 6
4975 25
4976 16
4977 63
4978 38
4979 13
4980 99
4981 17
4982 79
4983 33
4984 56
4985 5
4986 18
4987 1
4988 104
4989 3
4990 10
4991 75
4992 107
4993 1
4994 22
4995 100
4996 4
4997 19
4998 107
4999 1
5000 73
