0 1
1 4
2 3
3 2
4 1
5 0
6 1
7 3
8 2
9 2
10 4
11 4
12 3
13 4
14 3
15 3
16 3
17 4
18 3
19 4
20 3
21 5
22 5
23 5
24 4
25 5
26 4
27 4
28 4
29 6
30 5
31 5
32 4
33 4
34 5
35 4
36 4
37 6
38 5
39 4
40 4
41 6
42 5
43 5
44 4
45 4
46 6
47 5
48 4
49 4
50 4
51 4
52 5
53 5
54 4
55 4
56 4
57 6
58 6
59 5
60 4
61 6
62 5
63 4
64 4
65 4
66 5
67 6
68 5
69 5
70 5
71 5
72 4
73 6
74 5
75 4
76 5
77 4
78 5
79 5
80 4
81 4
82 6
83 5
84 4
85 6
86 5
87 5
88 5
89 6
90 5
91 4
92 5
93 6
94 5
95 5
96 4
97 6
98 5
99 4
100 4
101 7
102 6
103 6
104 5
105 5
106 5
107 6
108 5
109 6
110 5
111 5
112 5
113 7
114 6
115 5
116 5
117 6
118 6
119 5
120 5
121 6
122 5
123 5
124 5
125 6
126 5
127 6
128 5
129 7
130 6
131 6
132 5
133 5
134 6
135 5
136 6
137 6
138 5
139 6
140 5
141 5
142 6
143 5
144 5
145 6
146 5
147 5
148 6
149 6
150 5
151 6
152 5
153 5
154 6
155 5
156 5
157 6
158 5
159 5
160 5
161 6
162 5
163 6
164 5
165 5
166 7
167 6
168 5
169 5
170 5
171 5
172 6
173 6
174 5
175 5
176 5
177 6
178 5
179 6
180 5
181 6
182 5
183 5
184 5
185 6
186 5
187 5
188 5
189 6
190 6
191 6
192 5
193 6
194 5
195 5
196 5
197 6
198 5
199 6
200 5
201 6
202 6
203 5
204 5
205 7
206 6
207 5
208 5
209 6
210 6
211 7
212 6
213 6
214 6
215 5
216 5
217 6
218 6
219 6
220 5
221 6
222 5
223 6
224 5
225 5
226 6
227 6
228 5
229 6
230 5
231 5
232 6
233 6
234 5
235 6
236 5
237 7
238 6
239 6
240 5
241 6
242 5
243 5
244 5
245 5
246 6
247 5
248 5
249 6
250 5
251 6
252 5
253 6
254 6
255 5
256 5
257 6
258 5
259 5
260 5
261 6
262 6
263 6
264 5
265 6
266 5
267 6
268 6
269 6
270 5
271 6
272 5
273 6
274 6
275 5
276 5
277 7
278 6
279 5
280 6
281 7
282 6
283 6
284 5
285 6
286 5
287 5
288 5
289 6
290 5
291 5
292 5
293 6
294 5
295 5
296 5
297 6
298 6
299 5
300 5
301 5
302 6
303 6
304 5
305 6
306 5
307 6
308 5
309 6
310 7
311 7
312 6
313 7
314 6
315 5
316 6
317 7
318 6
319 5
320 5
321 6
322 6
323 5
324 5
325 6
326 6
327 6
328 5
329 5
330 6
331 7
332 6
333 7
334 6
335 5
336 5
337 6
338 5
339 6
340 5
341 6
342 5
343 5
344 5
345 6
346 6
347 6
348 5
349 6
350 5
351 5
352 6
353 6
354 5
355 6
356 6
357 6
358 7
359 6
360 5
361 6
362 6
363 5
364 5
365 6
366 7
367 6
368 5
369 5
370 6
371 5
372 6
373 6
374 5
375 5
376 5
377 6
378 5
379 6
380 5
381 7
382 7
383 6
384 5
385 6
386 6
387 6
388 6
389 6
390 5
391 5
392 5
393 7
394 6
395 5
396 5
397 7
398 6
399 5
400 5
401 7
402 6
403 5
404 6
405 5
406 5
407 5
408 6
409 6
410 5
411 6
412 6
413 6
414 5
415 6
416 5
417 6
418 5
419 6
420 5
421 7
422 6
423 5
424 6
425 6
426 5
427 6
428 6
429 5
430 5
431 6
432 5
433 6
434 5
435 5
436 6
437 6
438 6
439 6
440 5
441 6
442 6
443 6
444 5
445 6
446 6
447 6
448 5
449 6
450 5
451 6
452 6
453 7
454 6
455 5
456 5
457 7
458 6
459 5
460 5
461 7
462 6
463 6
464 5
465 6
466 7
467 6
468 5
469 6
470 5
471 6
472 6
473 5
474 6
475 5
476 5
477 6
478 7
479 6
480 5
481 5
482 6
483 5
484 5
485 6
486 5
487 7
488 6
489 6
490 5
491 7
492 6
493 6
494 5
495 5
496 6
497 6
498 6
499 6
500 5
501 6
502 7
503 6
504 5
505 6
506 5
507 6
508 6
509 6
510 5
511 5
512 5
513 6
514 6
515 6
516 5
517 6
518 5
519 6
520 6
521 7
522 6
523 7
524 6
525 5
526 6
527 5
528 5
529 6
530 5
531 6
532 6
533 5
534 6
535 6
536 5
537 6
538 6
539 5
540 5
541 8
542 7
543 6
544 5
545 6
546 5
547 7
548 6
549 6
550 5
551 5
552 5
553 6
554 6
555 6
556 6
557 6
558 5
559 5
560 5
561 5
562 7
563 6
564 5
565 7
566 6
567 5
568 6
569 6
570 5
571 6
572 5
573 6
574 5
575 5
576 5
577 6
578 5
579 6
580 5
581 6
582 6
583 5
584 5
585 5
586 6
587 6
588 5
589 5
590 6
591 6
592 6
593 6
594 5
595 6
596 6
597 6
598 5
599 6
600 5
601 8
602 7
603 6
604 6
605 6
606 7
607 6
608 5
609 5
610 6
611 5
612 5
613 7
614 6
615 5
616 5
617 8
618 7
619 6
620 5
621 5
622 6
623 5
624 5
625 5
626 6
627 6
628 6
629 5
630 5
631 7
632 6
633 7
634 6
635 6
636 5
637 6
638 5
639 5
640 5
641 7
642 6
643 6
644 5
645 6
646 5
647 6
648 5
649 6
650 5
651 5
652 6
653 7
654 6
655 7
656 6
657 6
658 7
659 7
660 6
661 7
662 6
663 5
664 5
665 5
666 5
667 6
668 6
669 6
670 5
671 5
672 6
673 7
674 6
675 5
676 5
677 7
678 6
679 6
680 5
681 6
682 6
683 6
684 5
685 6
686 5
687 7
688 6
689 6
690 6
691 7
692 6
693 5
694 7
695 6
696 6
697 7
698 6
699 6
700 5
701 7
702 6
703 5
704 5
705 6
706 7
707 6
708 6
709 6
710 5
711 6
712 6
713 5
714 5
715 6
716 6
717 6
718 7
719 6
720 5
721 6
722 6
723 6
724 6
725 5
726 5
727 6
728 5
729 5
730 6
731 5
732 6
733 7
734 6
735 5
736 5
737 6
738 5
739 6
740 5
741 6
742 7
743 6
744 5
745 7
746 6
747 6
748 5
749 6
750 5
751 6
752 5
753 6
754 5
755 6
756 5
757 7
758 6
759 5
760 6
761 7
762 6
763 6
764 6
765 6
766 6
767 5
768 5
769 6
770 5
771 6
772 7
773 7
774 6
775 5
776 6
777 7
778 6
779 5
780 5
781 6
782 5
783 5
784 5
785 6
786 6
787 7
788 6
789 6
790 7
791 6
792 6
793 6
794 6
795 6
796 6
797 7
798 6
799 5
800 5
801 6
802 6
803 5
804 6
805 6
806 5
807 6
808 6
809 6
810 5
811 6
812 5
813 7
814 6
815 6
816 5
817 6
818 6
819 5
820 6
821 7
822 6
823 7
824 6
825 6
826 7
827 6
828 5
829 7
830 6
831 6
832 5
833 6
834 7
835 6
836 5
837 7
838 8
839 7
840 6
841 7
842 6
843 6
844 6
845 6
846 5
847 6
848 6
849 6
850 6
851 5
852 6
853 6
854 5
855 5
856 6
857 7
858 6
859 6
860 5
861 6
862 7
863 6
864 5
865 6
866 6
867 6
868 6
869 6
870 6
871 5
872 6
873 6
874 5
875 5
876 6
877 8
878 7
879 6
880 5
881 6
882 5
883 6
884 5
885 6
886 7
887 7
888 6
889 6
890 5
891 5
892 6
893 6
894 6
895 6
896 5
897 6
898 6
899 5
900 5
901 6
902 5
903 5
904 6
905 6
906 6
907 7
908 6
909 6
910 6
911 7
912 6
913 6
914 6
915 6
916 6
917 6
918 6
919 6
920 5
921 7
922 6
923 5
924 5
925 6
926 7
927 6
928 6
929 6
930 5
931 6
932 6
933 7
934 6
935 5
936 5
937 6
938 5
939 7
940 6
941 7
942 6
943 5
944 5
945 6
946 5
947 6
948 5
949 6
950 5
951 6
952 6
953 7
954 6
955 6
956 6
957 6
958 6
959 6
960 5
961 6
962 5
963 6
964 6
965 6
966 5
967 6
968 5
969 6
970 7
971 6
972 5
973 6
974 6
975 5
976 5
977 7
978 6
979 5
980 5
981 7
982 7
983 6
984 5
985 6
986 5
987 6
988 5
989 6
990 5
991 6
992 5
993 7
994 7
995 6
996 6
997 7
998 6
999 5
1000 5
1001 6
1002 7
1003 6
1004 6
1005 6
1006 6
1007 5
1008 5
1009 7
1010 6
1011 6
1012 6
1013 6
1014 5
1015 5
1016 6
1017 6
1018 6
1019 6
1020 5
1021 7
1022 6
1023 5
1024 5
1025 6
1026 5
1027 6
1028 6
1029 6
1030 7
1031 7
1032 6
1033 7
1034 6
1035 5
1036 5
1037 6
1038 7
1039 6
1040 5
1041 6
1042 7
1043 6
1044 5
1045 6
1046 6
1047 7
1048 6
1049 6
1050 5
1051 7
1052 6
1053 6
1054 5
1055 6
1056 5
1057 6
1058 6
1059 7
1060 6
1061 6
1062 5
1063 6
1064 5
1065 6
1066 6
1067 6
1068 6
1069 7
1070 6
1071 5
1072 6
1073 6
1074 6
1075 6
1076 6
1077 6
1078 5
1079 5
1080 6
1081 6
1082 7
1083 6
1084 6
1085 6
1086 6
1087 6
1088 5
1089 6
1090 6
1091 7
1092 6
1093 8
1094 7
1095 6
1096 6
1097 7
1098 6
1099 6
1100 5
1101 6
1102 5
1103 7
1104 6
1105 6
1106 6
1107 6
1108 7
1109 8
1110 7
1111 6
1112 6
1113 6
1114 6
1115 6
1116 5
1117 6
1118 5
1119 6
1120 6
1121 6
1122 6
1123 7
1124 6
1125 6
1126 6
1127 5
1128 6
1129 7
1130 6
1131 5
1132 6
1133 6
1134 5
1135 7
1136 6
1137 7
1138 6
1139 5
1140 5
1141 6
1142 7
1143 6
1144 6
1145 6
1146 6
1147 6
1148 5
1149 7
1150 6
1151 6
1152 5
1153 8
1154 7
1155 6
1156 6
1157 7
1158 6
1159 5
1160 6
1161 6
1162 6
1163 7
1164 6
1165 6
1166 5
1167 6
1168 6
1169 6
1170 6
1171 7
1172 6
1173 6
1174 6
1175 5
1176 5
1177 6
1178 5
1179 6
1180 6
1181 7
1182 6
1183 6
1184 6
1185 6
1186 7
1187 6
1188 5
1189 6
1190 5
1191 6
1192 6
1193 8
1194 7
1195 6
1196 5
1197 6
1198 7
1199 6
1200 5
1201 8
1202 7
1203 6
1204 5
1205 7
1206 6
1207 6
1208 6
1209 6
1210 5
1211 6
1212 6
1213 7
1214 6
1215 5
1216 6
1217 7
1218 6
1219 6
1220 5
1221 6
1222 7
1223 6
1224 5
1225 6
1226 6
1227 7
1228 6
1229 7
1230 6
1231 6
1232 5
1233 6
1234 6
1235 5
1236 6
1237 7
1238 6
1239 5
1240 6
1241 6
1242 5
1243 6
1244 6
1245 6
1246 6
1247 5
1248 6
1249 6
1250 5
1251 6
1252 7
1253 6
1254 6
1255 6
1256 6
1257 6
1258 5
1259 6
1260 5
1261 6
1262 8
1263 7
1264 6
1265 6
1266 7
1267 6
1268 6
1269 6
1270 6
1271 5
1272 5
1273 6
1274 5
1275 5
1276 5
1277 7
1278 6
1279 6
1280 5
1281 6
1282 7
1283 7
1284 6
1285 7
1286 6
1287 5
1288 6
1289 8
1290 7
1291 6
1292 5
1293 6
1294 6
1295 5
1296 5
1297 6
1298 5
1299 6
1300 5
1301 7
1302 6
1303 7
1304 6
1305 6
1306 8
1307 7
1308 6
1309 6
1310 6
1311 5
1312 6
1313 6
1314 5
1315 6
1316 5
1317 7
1318 8
1319 7
1320 6
1321 7
1322 6
1323 5
1324 6
1325 6
1326 5
1327 6
1328 5
1329 7
1330 6
1331 6
1332 6
1333 6
1334 5
1335 6
1336 6
1337 6
1338 6
1339 6
1340 6
1341 6
1342 6
1343 5
1344 5
1345 7
1346 6
1347 7
1348 6
1349 6
1350 5
1351 6
1352 6
1353 6
1354 7
1355 6
1356 6
1357 7
1358 6
1359 6
1360 6
1361 8
1362 7
1363 6
1364 5
1365 6
1366 7
1367 6
1368 5
1369 6
1370 6
1371 6
1372 5
1373 7
1374 6
1375 5
1376 5
1377 6
1378 6
1379 6
1380 6
1381 7
1382 6
1383 6
1384 6
1385 6
1386 5
1387 6
1388 6
1389 8
1390 7
1391 6
1392 5
1393 6
1394 5
1395 6
1396 6
1397 6
1398 7
1399 6
1400 5
1401 6
1402 6
1403 5
1404 5
1405 6
1406 5
1407 6
1408 6
1409 6
1410 5
1411 5
1412 7
1413 7
1414 6
1415 6
1416 6
1417 6
1418 7
1419 6
1420 5
1421 6
1422 6
1423 7
1424 6
1425 6
1426 5
1427 7
1428 6
1429 6
1430 5
1431 5
1432 6
1433 7
1434 6
1435 6
1436 6
1437 7
1438 7
1439 6
1440 5
1441 7
1442 7
1443 6
1444 6
1445 6
1446 6
1447 7
1448 6
1449 6
1450 6
1451 6
1452 5
1453 7
1454 6
1455 6
1456 5
1457 6
1458 5
1459 7
1460 6
1461 6
1462 5
1463 5
1464 6
1465 7
1466 6
1467 7
1468 6
1469 6
1470 5
1471 7
1472 6
1473 6
1474 6
1475 5
1476 5
1477 7
1478 6
1479 5
1480 5
1481 6
1482 5
1483 6
1484 5
1485 6
1486 8
1487 7
1488 6
1489 7
1490 6
1491 6
1492 6
1493 7
1494 6
1495 6
1496 6
1497 8
1498 7
1499 6
1500 5
1501 6
1502 7
1503 6
1504 6
1505 6
1506 7
1507 6
1508 5
1509 6
1510 7
1511 7
1512 6
1513 6
1514 6
1515 6
1516 7
1517 6
1518 5
1519 5
1520 5
1521 6
1522 7
1523 7
1524 6
1525 6
1526 6
1527 6
1528 7
1529 6
1530 5
1531 7
1532 6
1533 6
1534 7
1535 6
1536 5
1537 7
1538 6
1539 5
1540 6
1541 6
1542 7
1543 7
1544 6
1545 6
1546 6
1547 6
1548 6
1549 6
1550 5
1551 5
1552 6
1553 7
1554 6
1555 7
1556 6
1557 6
1558 6
1559 7
1560 6
1561 6
1562 6
1563 6
1564 5
1565 7
1566 6
1567 6
1568 5
1569 7
1570 6
1571 7
1572 6
1573 7
1574 6
1575 5
1576 7
1577 7
1578 7
1579 6
1580 5
1581 6
1582 7
1583 6
1584 5
1585 7
1586 6
1587 6
1588 7
1589 6
1590 6
1591 5
1592 6
1593 6
1594 6
1595 5
1596 5
1597 6
1598 5
1599 5
1600 5
1601 7
1602 6
1603 6
1604 6
1605 6
1606 6
1607 6
1608 5
1609 6
1610 5
1611 6
1612 6
1613 7
1614 6
1615 6
1616 6
1617 6
1618 7
1619 6
1620 5
1621 8
1622 7
1623 6
1624 6
1625 6
1626 7
1627 6
1628 5
1629 6
1630 7
1631 6
1632 6
1633 6
1634 5
1635 6
1636 7
1637 6
1638 5
1639 6
1640 5
1641 6
1642 6
1643 5
1644 6
1645 6
1646 7
1647 6
1648 6
1649 6
1650 5
1651 6
1652 6
1653 6
1654 7
1655 6
1656 6
1657 7
1658 6
1659 5
1660 6
1661 6
1662 7
1663 6
1664 5
1665 6
1666 6
1667 7
1668 6
1669 8
1670 7
1671 6
1672 6
1673 7
1674 6
1675 6
1676 6
1677 7
1678 6
1679 5
1680 6
1681 7
1682 6
1683 5
1684 7
1685 6
1686 6
1687 6
1688 6
1689 6
1690 5
1691 6
1692 6
1693 6
1694 5
1695 6
1696 6
1697 7
1698 6
1699 6
1700 5
1701 6
1702 6
1703 6
1704 6
1705 6
1706 6
1707 6
1708 7
1709 7
1710 6
1711 6
1712 6
1713 6
1714 6
1715 5
1716 5
1717 7
1718 7
1719 6
1720 6
1721 7
1722 6
1723 7
1724 6
1725 6
1726 7
1727 6
1728 5
1729 6
1730 6
1731 6
1732 7
1733 7
1734 6
1735 7
1736 6
1737 7
1738 6
1739 5
1740 6
1741 7
1742 6
1743 6
1744 6
1745 6
1746 6
1747 6
1748 5
1749 6
1750 6
1751 6
1752 6
1753 7
1754 6
1755 5
1756 6
1757 6
1758 6
1759 6
1760 5
1761 7
1762 6
1763 5
1764 5
1765 8
1766 7
1767 6
1768 6
1769 6
1770 6
1771 5
1772 7
1773 6
1774 6
1775 5
1776 6
1777 7
1778 6
1779 7
1780 6
1781 6
1782 6
1783 7
1784 6
1785 6
1786 7
1787 7
1788 6
1789 7
1790 6
1791 6
1792 6
1793 6
1794 6
1795 6
1796 6
1797 6
1798 5
1799 6
1800 5
1801 7
1802 6
1803 7
1804 6
1805 7
1806 6
1807 6
1808 6
1809 6
1810 7
1811 7
1812 6
1813 6
1814 7
1815 6
1816 7
1817 7
1818 6
1819 6
1820 5
1821 7
1822 7
1823 6
1824 5
1825 6
1826 6
1827 6
1828 7
1829 6
1830 5
1831 8
1832 7
1833 6
1834 7
1835 7
1836 6
1837 6
1838 7
1839 6
1840 6
1841 6
1842 6
1843 6
1844 6
1845 6
1846 6
1847 7
1848 6
1849 6
1850 5
1851 6
1852 7
1853 6
1854 6
1855 6
1856 6
1857 7
1858 7
1859 6
1860 5
1861 7
1862 6
1863 5
1864 6
1865 6
1866 6
1867 7
1868 6
1869 6
1870 7
1871 7
1872 6
1873 7
1874 6
1875 5
1876 6
1877 7
1878 6
1879 7
1880 6
1881 6
1882 6
1883 6
1884 6
1885 6
1886 6
1887 6
1888 5
1889 7
1890 6
1891 6
1892 6
1893 7
1894 7
1895 6
1896 6
1897 6
1898 5
1899 6
1900 6
1901 7
1902 6
1903 6
1904 5
1905 6
1906 7
1907 7
1908 6
1909 6
1910 7
1911 6
1912 6
1913 6
1914 5
1915 7
1916 6
1917 6
1918 7
1919 6
1920 6
1921 7
1922 7
1923 6
1924 5
1925 6
1926 7
1927 6
1928 6
1929 6
1930 6
1931 7
1932 6
1933 8
1934 7
1935 6
1936 6
1937 6
1938 5
1939 6
1940 6
1941 6
1942 6
1943 5
1944 5
1945 7
1946 6
1947 6
1948 6
1949 7
1950 6
1951 7
1952 6
1953 6
1954 6
1955 6
1956 6
1957 6
1958 6
1959 6
1960 5
1961 6
1962 7
1963 6
1964 6
1965 6
1966 7
1967 6
1968 6
1969 7
1970 6
1971 5
1972 6
1973 7
1974 6
1975 6
1976 6
1977 7
1978 7
1979 6
1980 5
1981 6
1982 7
1983 6
1984 6
1985 7
1986 6
1987 6
1988 5
1989 6
1990 6
1991 6
1992 6
1993 7
1994 6
1995 6
1996 6
1997 6
1998 5
1999 7
2000 6
2001 6
2002 7
2003 7
2004 6
2005 6
2006 6
2007 7
2008 6
2009 6
2010 6
2011 7
2012 6
2013 6
2014 5
2015 5
2016 5
2017 8
2018 7
2019 6
2020 7
2021 6
2022 6
2023 6
2024 6
2025 6
2026 6
2027 6
2028 5
2029 6
2030 5
2031 6
2032 6
2033 6
2034 7
2035 6
2036 6
2037 7
2038 7
2039 6
2040 5
2041 6
2042 6
2043 6
2044 6
2045 6
2046 6
2047 6
2048 5
2049 6
2050 5
2051 6
2052 6
2053 7
2054 6
2055 6
2056 6
2057 6
2058 5
2059 5
2060 6
2061 7
2062 7
2063 6
2064 5
2065 6
2066 6
2067 6
2068 5
2069 6
2070 5
2071 6
2072 6
2073 7
2074 6
2075 6
2076 6
2077 6
2078 6
2079 5
2080 6
2081 8
2082 7
2083 7
2084 6
2085 7
2086 7
2087 7
2088 6
2089 7
2090 6
2091 6
2092 6
2093 6
2094 7
2095 7
2096 6
2097 6
2098 7
2099 6
2100 5
2101 7
2102 7
2103 6
2104 6
2105 6
2106 6
2107 6
2108 5
2109 6
2110 7
2111 7
2112 6
2113 7
2114 6
2115 6
2116 6
2117 7
2118 7
2119 6
2120 6
2121 6
2122 7
2123 6
2124 6
2125 6
2126 7
2127 7
2128 6
2129 7
2130 6
2131 7
2132 6
2133 6
2134 6
2135 5
2136 6
2137 7
2138 6
2139 5
2140 6
2141 7
2142 6
2143 6
2144 5
2145 6
2146 6
2147 6
2148 6
2149 7
2150 6
2151 6
2152 6
2153 7
2154 6
2155 7
2156 6
2157 7
2158 7
2159 6
2160 5
2161 8
2162 7
2163 6
2164 7
2165 7
2166 6
2167 6
2168 6
2169 6
2170 6
2171 6
2172 6
2173 6
2174 7
2175 6
2176 5
2177 6
2178 5
2179 7
2180 6
2181 7
2182 6
2183 5
2184 6
2185 7
2186 7
2187 6
2188 6
2189 7
2190 6
2191 6
2192 6
2193 6
2194 7
2195 6
2196 6
2197 6
2198 6
2199 6
2200 6
2201 7
2202 7
2203 6
2204 5
2205 6
2206 7
2207 7
2208 6
2209 6
2210 5
2211 5
2212 6
2213 7
2214 6
2215 6
2216 6
2217 8
2218 7
2219 6
2220 6
2221 7
2222 6
2223 5
2224 6
2225 6
2226 6
2227 7
2228 6
2229 7
2230 7
2231 6
2232 6
2233 6
2234 7
2235 6
2236 6
2237 8
2238 7
2239 6
2240 5
2241 6
2242 7
2243 6
2244 5
2245 7
2246 7
2247 6
2248 7
2249 6
2250 6
2251 7
2252 6
2253 6
2254 6
2255 5
2256 6
2257 6
2258 6
2259 6
2260 6
2261 6
2262 6
2263 6
2264 6
2265 7
2266 7
2267 6
2268 5
2269 7
2270 6
2271 7
2272 6
2273 7
2274 6
2275 5
2276 6
2277 6
2278 6
2279 5
2280 6
2281 8
2282 7
2283 7
2284 6
2285 7
2286 7
2287 6
2288 5
2289 7
2290 7
2291 6
2292 6
2293 6
2294 5
2295 5
2296 6
2297 8
2298 7
2299 6
2300 5
2301 6
2302 6
2303 5
2304 5
2305 8
2306 7
2307 8
2308 7
2309 7
2310 6
2311 7
2312 6
2313 6
2314 6
2315 6
2316 6
2317 6
2318 5
2319 7
2320 6
2321 6
2322 6
2323 6
2324 6
2325 6
2326 7
2327 6
2328 6
2329 7
2330 6
2331 5
2332 6
2333 7
2334 6
2335 7
2336 6
2337 6
2338 7
2339 6
2340 5
2341 8
2342 7
2343 6
2344 6
2345 6
2346 6
2347 7
2348 6
2349 6
2350 6
2351 7
2352 6
2353 6
2354 6
2355 6
2356 5
2357 7
2358 6
2359 6
2360 5
2361 8
2362 7
2363 6
2364 6
2365 6
2366 6
2367 6
2368 6
2369 6
2370 6
2371 7
2372 6
2373 7
2374 7
2375 6
2376 6
2377 6
2378 5
2379 5
2380 6
2381 7
2382 6
2383 7
2384 6
2385 6
2386 7
2387 6
2388 6
2389 7
2390 6
2391 6
2392 6
2393 6
2394 5
2395 6
2396 6
2397 6
2398 7
2399 6
2400 5
2401 6
2402 7
2403 6
2404 6
2405 6
2406 6
2407 6
2408 5
2409 6
2410 7
2411 7
2412 6
2413 6
2414 6
2415 6
2416 6
2417 7
2418 6
2419 5
2420 5
2421 6
2422 6
2423 7
2424 6
2425 6
2426 6
2427 6
2428 6
2429 6
2430 5
2431 6
2432 6
2433 7
2434 7
2435 6
2436 5
2437 6
2438 5
2439 6
2440 7
2441 7
2442 6
2443 6
2444 5
2445 6
2446 7
2447 6
2448 5
2449 6
2450 5
2451 5
2452 7
2453 6
2454 7
2455 7
2456 6
2457 6
2458 7
2459 7
2460 6
2461 7
2462 7
2463 6
2464 5
2465 6
2466 6
2467 7
2468 6
2469 7
2470 6
2471 6
2472 6
2473 7
2474 6
2475 5
2476 6
2477 8
2478 7
2479 6
2480 6
2481 7
2482 7
2483 6
2484 5
2485 6
2486 6
2487 6
2488 6
2489 6
2490 6
2491 5
2492 6
2493 6
2494 6
2495 6
2496 5
2497 7
2498 6
2499 5
2500 5
2501 7
2502 6
2503 7
2504 6
2505 6
2506 7
2507 6
2508 6
2509 7
2510 7
2511 6
2512 6
2513 8
2514 7
2515 7
2516 6
2517 7
2518 7
2519 6
2520 6
2521 7
2522 6
2523 6
2524 7
2525 6
2526 7
2527 6
2528 6
2529 6
2530 6
2531 8
2532 7
2533 7
2534 6
2535 6
2536 6
2537 7
2538 6
2539 7
2540 6
2541 6
2542 7
2543 7
2544 6
2545 7
2546 6
2547 6
2548 6
2549 7
2550 6
2551 7
2552 6
2553 6
2554 7
2555 6
2556 6
2557 8
2558 7
2559 7
2560 6
2561 7
2562 6
2563 6
2564 7
2565 6
2566 7
2567 6
2568 6
2569 6
2570 6
2571 6
2572 7
2573 7
2574 6
2575 6
2576 6
2577 8
2578 7
2579 7
2580 6
2581 7
2582 7
2583 6
2584 6
2585 7
2586 6
2587 7
2588 6
2589 7
2590 7
2591 7
2592 6
2593 8
2594 7
2595 6
2596 6
2597 6
2598 7
2599 7
2600 6
2601 6
2602 7
2603 6
2604 6
2605 7
2606 7
2607 6
2608 7
2609 7
2610 6
2611 6
2612 7
2613 6
2614 7
2615 6
2616 6
2617 7
2618 6
2619 6
2620 6
2621 8
2622 7
2623 6
2624 6
2625 6
2626 6
2627 6
2628 6
2629 6
2630 7
2631 6
2632 6
2633 8
2634 7
2635 6
2636 6
2637 6
2638 7
2639 6
2640 6
2641 6
2642 6
2643 6
2644 6
2645 6
2646 6
2647 7
2648 6
2649 7
2650 6
2651 6
2652 6
2653 7
2654 7
2655 6
2656 6
2657 8
2658 7
2659 7
2660 6
2661 6
2662 6
2663 7
2664 6
2665 6
2666 6
2667 7
2668 6
2669 6
2670 6
2671 7
2672 6
2673 6
2674 7
2675 6
2676 7
2677 8
2678 7
2679 6
2680 6
2681 6
2682 6
2683 7
2684 6
2685 6
2686 6
2687 7
2688 6
2689 7
2690 6
2691 6
2692 7
2693 7
2694 6
2695 6
2696 6
2697 6
2698 7
2699 7
2700 6
2701 6
2702 6
2703 6
2704 6
2705 6
2706 6
2707 8
2708 7
2709 6
2710 8
2711 8
2712 7
2713 7
2714 6
2715 6
2716 6
2717 6
2718 6
2719 7
2720 6
2721 7
2722 7
2723 6
2724 6
2725 6
2726 6
2727 6
2728 6
2729 7
2730 6
2731 7
2732 6
2733 7
2734 7
2735 6
2736 6
2737 6
2738 6
2739 6
2740 6
2741 8
2742 7
2743 6
2744 6
2745 6
2746 6
2747 6
2748 6
2749 7
2750 6
2751 6
2752 6
2753 7
2754 6
2755 6
2756 6
2757 7
2758 7
2759 6
2760 6
2761 7
2762 7
2763 6
2764 7
2765 6
2766 7
2767 7
2768 6
2769 6
2770 6
2771 6
2772 6
2773 6
2774 6
2775 6
2776 7
2777 8
2778 7
2779 7
2780 6
2781 6
2782 6
2783 6
2784 6
2785 7
2786 6
2787 7
2788 6
2789 7
2790 6
2791 8
2792 7
2793 6
2794 7
2795 6
2796 6
2797 8
2798 7
2799 6
2800 6
2801 7
2802 6
2803 7
2804 6
2805 6
2806 7
2807 7
2808 6
2809 6
2810 6
2811 7
2812 6
2813 6
2814 6
2815 7
2816 6
2817 7
2818 6
2819 7
2820 6
2821 6
2822 6
2823 6
2824 6
2825 6
2826 6
2827 7
2828 6
2829 6
2830 7
2831 6
2832 6
2833 7
2834 6
2835 6
2836 6
2837 7
2838 6
2839 6
2840 6
2841 6
2842 7
2843 7
2844 6
2845 6
2846 7
2847 6
2848 6
2849 6
2850 6
2851 7
2852 6
2853 7
2854 7
2855 6
2856 6
2857 7
2858 6
2859 7
2860 6
2861 7
2862 6
2863 6
2864 6
2865 6
2866 7
2867 6
2868 6
2869 6
2870 6
2871 6
2872 7
2873 6
2874 7
2875 6
2876 6
2877 6
2878 8
2879 7
2880 6
2881 6
2882 6
2883 6
2884 6
2885 7
2886 6
2887 7
2888 6
2889 6
2890 6
2891 6
2892 7
2893 7
2894 7
2895 6
2896 6
2897 7
2898 6
2899 6
2900 6
2901 8
2902 8
2903 7
2904 6
2905 7
2906 7
2907 6
2908 6
2909 7
2910 6
2911 6
2912 6
2913 7
2914 7
2915 6
2916 6
2917 8
2918 7
2919 6
2920 6
2921 6
2922 6
2923 6
2924 6
2925 6
2926 6
2927 7
2928 6
2929 7
2930 7
2931 6
2932 7
2933 6
2934 6
2935 7
2936 6
2937 6
2938 7
2939 7
2940 6
2941 7
2942 7
2943 6
2944 6
2945 6
2946 6
2947 7
2948 6
2949 6
2950 6
2951 6
2952 6
2953 7
2954 6
2955 6
2956 6
2957 8
2958 7
2959 7
2960 6
2961 6
2962 7
2963 7
2964 6
2965 6
2966 7
2967 6
2968 7
2969 7
2970 6
2971 8
2972 7
2973 8
2974 7
2975 6
2976 6
2977 6
2978 7
2979 6
2980 6
2981 7
2982 7
2983 6
2984 6
2985 7
2986 7
2987 6
2988 6
2989 6
2990 6
2991 6
2992 6
2993 7
2994 7
2995 7
2996 6
2997 6
2998 7
2999 7
3000 6
3001 8
3002 7
3003 6
3004 7
3005 7
3006 6
3007 6
3008 6
3009 6
3010 7
3011 7
3012 6
3013 7
3014 6
3015 6
3016 6
3017 7
3018 7
3019 7
3020 6
3021 6
3022 7
3023 7
3024 6
3025 6
3026 6
3027 7
3028 8
3029 7
3030 6
3031 6
3032 6
3033 6
3034 6
3035 6
3036 6
3037 7
3038 6
3039 7
3040 6
3041 7
3042 6
3043 6
3044 7
3045 6
3046 7
3047 6
3048 6
3049 7
3050 6
3051 6
3052 6
3053 7
3054 7
3055 6
3056 6
3057 7
3058 7
3059 6
3060 6
3061 8
3062 7
3063 6
3064 6
3065 7
3066 6
3067 7
3068 6
3069 6
3070 7
3071 6
3072 6
3073 7
3074 6
3075 6
3076 7
3077 6
3078 6
3079 7
3080 6
3081 6
3082 7
3083 7
3084 6
3085 7
3086 7
3087 6
3088 7
3089 7
3090 6
3091 6
3092 7
3093 7
3094 7
3095 6
3096 6
3097 6
3098 6
3099 6
3100 6
3101 6
3102 7
3103 7
3104 6
3105 6
3106 7
3107 6
3108 6
3109 8
3110 7
3111 6
3112 6
3113 6
3114 6
3115 6
3116 6
3117 8
3118 7
3119 7
3120 6
3121 8
3122 7
3123 6
3124 6
3125 6
3126 6
3127 6
3128 6
3129 6
3130 6
3131 6
3132 6
3133 7
3134 7
3135 6
3136 6
3137 8
3138 7
3139 6
3140 6
3141 6
3142 7
3143 6
3144 6
3145 6
3146 6
3147 7
3148 7
3149 7
3150 6
3151 6
3152 7
3153 6
3154 7
3155 6
3156 6
3157 7
3158 7
3159 6
3160 6
3161 6
3162 6
3163 7
3164 6
3165 6
3166 8
3167 7
3168 6
3169 7
3170 6
3171 6
3172 7
3173 6
3174 6
3175 6
3176 6
3177 6
3178 6
3179 6
3180 6
3181 7
3182 6
3183 6
3184 6
3185 6
3186 6
3187 7
3188 6
3189 7
3190 6
3191 7
3192 6
3193 7
3194 6
3195 6
3196 6
3197 6
3198 6
3199 6
3200 6
3201 7
3202 7
3203 7
3204 6
3205 6
3206 6
3207 7
3208 6
3209 8
3210 7
3211 6
3212 6
3213 6
3214 7
3215 6
3216 6
3217 8
3218 7
3219 6
3220 6
3221 8
3222 7
3223 6
3224 6
3225 6
3226 7
3227 6
3228 6
3229 7
3230 6
3231 6
3232 6
3233 7
3234 6
3235 7
3236 6
3237 6
3238 7
3239 6
3240 6
3241 6
3242 7
3243 6
3244 7
3245 6
3246 7
3247 6
3248 6
3249 7
3250 6
3251 7
3252 6
3253 8
3254 7
3255 6
3256 6
3257 7
3258 6
3259 7
3260 6
3261 7
3262 6
3263 6
3264 6
3265 7
3266 6
3267 6
3268 6
3269 7
3270 6
3271 7
3272 6
3273 8
3274 7
3275 6
3276 6
3277 7
3278 6
3279 7
3280 6
3281 7
3282 6
3283 6
3284 7
3285 6
3286 6
3287 6
3288 6
3289 6
3290 6
3291 6
3292 7
3293 6
3294 6
3295 6
3296 6
3297 6
3298 7
3299 7
3300 6
3301 7
3302 6
3303 6
3304 6
3305 6
3306 6
3307 8
3308 7
3309 7
3310 7
3311 6
3312 6
3313 7
3314 6
3315 6
3316 7
3317 6
3318 6
3319 7
3320 6
3321 6
3322 7
3323 7
3324 6
3325 6
3326 7
3327 7
3328 6
3329 7
3330 6
3331 7
3332 6
3333 7
3334 7
3335 6
3336 6
3337 7
3338 7
3339 6
3340 6
3341 6
3342 7
3343 7
3344 6
3345 6
3346 7
3347 7
3348 6
3349 7
3350 6
3351 7
3352 7
3353 6
3354 6
3355 6
3356 7
3357 7
3358 6
3359 7
3360 6
3361 7
3362 6
3363 6
3364 6
3365 7
3366 6
3367 6
3368 6
3369 7
3370 7
3371 7
3372 6
3373 7
3374 6
3375 6
3376 6
3377 7
3378 7
3379 6
3380 6
3381 6
3382 7
3383 6
3384 6
3385 7
3386 7
3387 7
3388 6
3389 7
3390 6
3391 7
3392 6
3393 6
3394 7
3395 6
3396 6
3397 6
3398 7
3399 6
3400 6
3401 6
3402 6
3403 6
3404 6
3405 6
3406 6
3407 7
3408 6
3409 6
3410 6
3411 6
3412 8
3413 7
3414 6
3415 7
3416 6
3417 7
3418 7
3419 6
3420 6
3421 7
3422 6
3423 6
3424 6
3425 6
3426 6
3427 7
3428 6
3429 6
3430 6
3431 6
3432 6
3433 7
3434 6
3435 6
3436 7
3437 7
3438 6
3439 6
3440 6
3441 7
3442 7
3443 6
3444 6
3445 7
3446 7
3447 6
3448 7
3449 7
3450 6
3451 6
3452 6
3453 8
3454 7
3455 7
3456 6
3457 7
3458 6
3459 7
3460 7
3461 7
3462 6
3463 8
3464 7
3465 6
3466 8
3467 7
3468 6
3469 8
3470 7
3471 6
3472 6
3473 6
3474 6
3475 6
3476 6
3477 7
3478 7
3479 6
3480 6
3481 7
3482 7
3483 6
3484 6
3485 6
3486 6
3487 6
3488 6
3489 6
3490 6
3491 7
3492 6
3493 6
3494 7
3495 6
3496 6
3497 7
3498 6
3499 7
3500 6
3501 7
3502 7
3503 6
3504 6
3505 7
3506 6
3507 6
3508 7
3509 6
3510 6
3511 7
3512 6
3513 7
3514 7
3515 6
3516 6
3517 8
3518 7
3519 6
3520 6
3521 6
3522 6
3523 6
3524 6
3525 6
3526 7
3527 7
3528 6
3529 7
3530 6
3531 6
3532 7
3533 7
3534 6
3535 6
3536 6
3537 6
3538 6
3539 7
3540 6
3541 7
3542 6
3543 7
3544 6
3545 6
3546 6
3547 7
3548 6
3549 6
3550 7
3551 6
3552 6
3553 7
3554 7
3555 6
3556 6
3557 8
3558 7
3559 7
3560 6
3561 6
3562 6
3563 6
3564 6
3565 6
3566 7
3567 6
3568 6
3569 6
3570 7
3571 7
3572 6
3573 6
3574 7
3575 6
3576 6
3577 6
3578 7
3579 6
3580 6
3581 7
3582 6
3583 7
3584 6
3585 7
3586 7
3587 6
3588 6
3589 7
3590 6
3591 6
3592 6
3593 8
3594 7
3595 7
3596 6
3597 6
3598 7
3599 6
3600 6
3601 6
3602 7
3603 6
3604 6
3605 6
3606 7
3607 7
3608 6
3609 6
3610 6
3611 6
3612 6
3613 7
3614 6
3615 6
3616 6
3617 7
3618 6
3619 6
3620 6
3621 6
3622 7
3623 7
3624 6
3625 6
3626 6
3627 6
3628 8
3629 7
3630 6
3631 7
3632 6
3633 6
3634 7
3635 7
3636 6
3637 7
3638 6
3639 7
3640 6
3641 6
3642 7
3643 7
3644 6
3645 6
3646 7
3647 6
3648 6
3649 7
3650 6
3651 6
3652 6
3653 6
3654 6
3655 6
3656 6
3657 6
3658 7
3659 7
3660 6
3661 6
3662 7
3663 6
3664 6
3665 6
3666 6
3667 7
3668 6
3669 7
3670 7
3671 7
3672 6
3673 8
3674 7
3675 6
3676 6
3677 8
3678 7
3679 6
3680 6
3681 6
3682 6
3683 6
3684 6
3685 6
3686 6
3687 6
3688 7
3689 6
3690 6
3691 7
3692 6
3693 7
3694 7
3695 6
3696 6
3697 8
3698 7
3699 6
3700 6
3701 7
3702 6
3703 6
3704 6
3705 6
3706 6
3707 6
3708 6
3709 7
3710 6
3711 7
3712 6
3713 6
3714 6
3715 6
3716 6
3717 6
3718 6
3719 7
3720 6
3721 6
3722 6
3723 6
3724 6
3725 6
3726 6
3727 7
3728 6
3729 6
3730 7
3731 6
3732 6
3733 8
3734 7
3735 6
3736 6
3737 6
3738 6
3739 7
3740 6
3741 6
3742 7
3743 6
3744 6
3745 6
3746 6
3747 8
3748 7
3749 6
3750 6
3751 6
3752 6
3753 6
3754 7
3755 6
3756 6
3757 7
3758 7
3759 6
3760 6
3761 7
3762 6
3763 6
3764 7
3765 6
3766 7
3767 7
3768 6
3769 7
3770 6
3771 6
3772 6
3773 6
3774 7
3775 6
3776 6
3777 8
3778 7
3779 7
3780 6
3781 7
3782 6
3783 6
3784 6
3785 7
3786 7
3787 7
3788 7
3789 6
3790 7
3791 6
3792 6
3793 8
3794 7
3795 6
3796 7
3797 7
3798 6
3799 6
3800 6
3801 6
3802 7
3803 7
3804 6
3805 7
3806 6
3807 6
3808 6
3809 6
3810 6
3811 6
3812 7
3813 6
3814 7
3815 6
3816 6
3817 8
3818 7
3819 6
3820 6
3821 7
3822 6
3823 7
3824 6
3825 6
3826 7
3827 6
3828 6
3829 7
3830 7
3831 6
3832 6
3833 7
3834 6
3835 6
3836 6
3837 8
3838 7
3839 6
3840 6
3841 7
3842 6
3843 6
3844 6
3845 7
3846 7
3847 7
3848 6
3849 7
3850 6
3851 7
3852 6
3853 7
3854 6
3855 6
3856 6
3857 6
3858 7
3859 6
3860 6
3861 6
3862 8
3863 7
3864 6
3865 7
3866 7
3867 6
3868 7
3869 6
3870 6
3871 6
3872 6
3873 7
3874 6
3875 6
3876 6
3877 7
3878 6
3879 6
3880 7
3881 7
3882 6
3883 6
3884 6
3885 6
3886 7
3887 6
3888 6
3889 7
3890 6
3891 6
3892 6
3893 7
3894 7
3895 6
3896 6
3897 7
3898 7
3899 6
3900 6
3901 7
3902 7
3903 7
3904 6
3905 6
3906 6
3907 8
3908 7
3909 7
3910 6
3911 7
3912 6
3913 7
3914 6
3915 6
3916 6
3917 8
3918 7
3919 7
3920 6
3921 7
3922 6
3923 7
3924 6
3925 6
3926 6
3927 6
3928 6
3929 7
3930 6
3931 8
3932 7
3933 6
3934 6
3935 7
3936 6
3937 6
3938 6
3939 6
3940 7
3941 6
3942 6
3943 7
3944 6
3945 7
3946 7
3947 7
3948 6
3949 7
3950 6
3951 6
3952 6
3953 6
3954 6
3955 6
3956 6
3957 7
3958 7
3959 6
3960 6
3961 6
3962 7
3963 7
3964 7
3965 6
3966 7
3967 7
3968 6
3969 6
3970 6
3971 6
3972 6
3973 8
3974 7
3975 6
3976 6
3977 6
3978 6
3979 6
3980 6
3981 7
3982 6
3983 6
3984 6
3985 7
3986 7
3987 7
3988 7
3989 7
3990 6
3991 6
3992 6
3993 6
3994 7
3995 6
3996 6
3997 6
3998 7
3999 6
4000 6
4001 7
4002 6
4003 7
4004 6
4005 6
4006 7
4007 8
4008 7
4009 6
4010 7
4011 6
4012 6
4013 7
4014 6
4015 6
4016 6
4017 7
4018 6
4019 7
4020 6
4021 8
4022 7
4023 6
4024 6
4025 6
4026 6
4027 7
4028 6
4029 7
4030 6
4031 6
4032 6
4033 6
4034 7
4035 6
4036 7
4037 6
4038 7
4039 6
4040 6
4041 6
4042 6
4043 6
4044 6
4045 7
4046 6
4047 6
4048 7
4049 7
4050 6
4051 7
4052 6
4053 7
4054 7
4055 6
4056 6
4057 8
4058 7
4059 6
4060 6
4061 6
4062 7
4063 6
4064 6
4065 6
4066 7
4067 6
4068 6
4069 7
4070 6
4071 6
4072 7
4073 7
4074 6
4075 6
4076 6
4077 6
4078 7
4079 7
4080 6
4081 7
4082 6
4083 6
4084 7
4085 6
4086 6
4087 6
4088 6
4089 6
4090 7
4091 7
4092 6
4093 7
4094 6
4095 6
4096 6
4097 6
4098 7
4099 7
4100 6
4101 7
4102 7
4103 6
4104 6
4105 8
4106 7
4107 6
4108 6
4109 6
4110 7
4111 7
4112 6
4113 7
4114 6
4115 6
4116 6
4117 7
4118 6
4119 6
4120 6
4121 7
4122 6
4123 6
4124 6
4125 6
4126 7
4127 7
4128 6
4129 7
4130 6
4131 6
4132 6
4133 8
4134 7
4135 6
4136 6
4137 6
4138 7
4139 7
4140 6
4141 7
4142 6
4143 7
4144 6
4145 8
4146 7
4147 7
4148 6
4149 6
4150 6
4151 6
4152 6
4153 7
4154 6
4155 6
4156 7
4157 7
4158 6
4159 7
4160 6
4161 7
4162 7
4163 6
4164 6
4165 7
4166 7
4167 6
4168 7
4169 6
4170 6
4171 6
4172 7
4173 6
4174 7
4175 6
4176 6
4177 8
4178 7
4179 6
4180 6
4181 6
4182 6
4183 7
4184 6
4185 6
4186 6
4187 6
4188 6
4189 7
4190 6
4191 6
4192 7
4193 7
4194 6
4195 7
4196 6
4197 7
4198 7
4199 6
4200 6
4201 8
4202 7
4203 6
4204 7
4205 6
4206 7
4207 6
4208 6
4209 6
4210 7
4211 7
4212 6
4213 7
4214 6
4215 6
4216 6
4217 8
4218 7
4219 7
4220 6
4221 6
4222 7
4223 6
4224 6
4225 6
4226 7
4227 7
4228 6
4229 7
4230 6
4231 7
4232 6
4233 6
4234 6
4235 6
4236 7
4237 6
4238 7
4239 6
4240 6
4241 7
4242 6
4243 8
4244 7
4245 6
4246 6
4247 6
4248 6
4249 7
4250 6
4251 6
4252 7
4253 8
4254 7
4255 6
4256 6
4257 6
4258 8
4259 7
4260 6
4261 8
4262 7
4263 6
4264 7
4265 7
4266 6
4267 7
4268 6
4269 6
4270 6
4271 7
4272 6
4273 7
4274 6
4275 6
4276 7
4277 6
4278 6
4279 6
4280 6
4281 6
4282 7
4283 7
4284 6
4285 8
4286 7
4287 7
4288 6
4289 7
4290 6
4291 6
4292 6
4293 6
4294 6
4295 6
4296 6
4297 7
4298 6
4299 7
4300 6
4301 6
4302 7
4303 6
4304 6
4305 6
4306 7
4307 6
4308 6
4309 6
4310 7
4311 6
4312 6
4313 7
4314 6
4315 7
4316 6
4317 8
4318 7
4319 6
4320 6
4321 6
4322 7
4323 6
4324 6
4325 6
4326 6
4327 8
4328 7
4329 6
4330 6
4331 6
4332 6
4333 7
4334 6
4335 6
4336 6
4337 7
4338 6
4339 7
4340 6
4341 7
4342 7
4343 6
4344 6
4345 6
4346 6
4347 6
4348 6
4349 7
4350 6
4351 6
4352 6
4353 7
4354 6
4355 6
4356 6
4357 8
4358 7
4359 6
4360 7
4361 6
4362 6
4363 8
4364 7
4365 6
4366 6
4367 7
4368 6
4369 7
4370 6
4371 6
4372 7
4373 7
4374 6
4375 6
4376 7
4377 6
4378 7
4379 6
4380 6
4381 6
4382 7
4383 7
4384 6
4385 6
4386 6
4387 7
4388 7
4389 6
4390 7
4391 7
4392 6
4393 7
4394 6
4395 6
4396 6
4397 8
4398 7
4399 7
4400 6
4401 6
4402 6
4403 6
4404 6
4405 8
4406 7
4407 6
4408 6
4409 7
4410 6
4411 7
4412 7
4413 7
4414 7
4415 7
4416 6
4417 6
4418 6
4419 6
4420 6
4421 7
4422 6
4423 7
4424 6
4425 6
4426 7
4427 6
4428 6
4429 6
4430 6
4431 6
4432 7
4433 6
4434 7
4435 7
4436 7
4437 6
4438 7
4439 6
4440 6
4441 7
4442 6
4443 6
4444 6
4445 6
4446 6
4447 7
4448 6
4449 7
4450 6
4451 7
4452 6
4453 7
4454 6
4455 6
4456 6
4457 8
4458 7
4459 6
4460 6
4461 7
4462 6
4463 7
4464 6
4465 7
4466 6
4467 7
4468 7
4469 6
4470 6
4471 7
4472 6
4473 6
4474 7
4475 6
4476 6
4477 6
4478 7
4479 7
4480 6
4481 8
4482 7
4483 7
4484 6
4485 6
4486 7
4487 6
4488 6
4489 7
4490 6
4491 6
4492 6
4493 7
4494 6
4495 6
4496 6
4497 8
4498 7
4499 6
4500 6
4501 6
4502 7
4503 6
4504 7
4505 6
4506 6
4507 7
4508 6
4509 6
4510 7
4511 6
4512 6
4513 7
4514 6
4515 6
4516 7
4517 7
4518 6
4519 7
4520 6
4521 6
4522 7
4523 7
4524 6
4525 7
4526 6
4527 6
4528 6
4529 7
4530 7
4531 6
4532 6
4533 7
4534 8
4535 7
4536 6
4537 7
4538 7
4539 6
4540 6
4541 6
4542 7
4543 7
4544 6
4545 6
4546 6
4547 7
4548 6
4549 7
4550 6
4551 6
4552 7
4553 6
4554 6
4555 7
4556 6
4557 6
4558 7
4559 6
4560 6
4561 8
4562 7
4563 6
4564 6
4565 6
4566 6
4567 8
4568 7
4569 7
4570 7
4571 7
4572 6
4573 6
4574 7
4575 6
4576 6
4577 6
4578 7
4579 6
4580 6
4581 6
4582 6
4583 7
4584 6
4585 7
4586 6
4587 7
4588 7
4589 7
4590 6
4591 7
4592 6
4593 8
4594 7
4595 6
4596 6
4597 7
4598 6
4599 6
4600 6
4601 6
4602 6
4603 7
4604 6
4605 7
4606 6
4607 6
4608 6
4609 6
4610 7
4611 6
4612 7
4613 6
4614 6
4615 6
4616 6
4617 6
4618 7
4619 6
4620 6
4621 8
4622 7
4623 6
4624 6
4625 6
4626 6
4627 7
4628 6
4629 7
4630 6
4631 6
4632 6
4633 7
4634 7
4635 6
4636 6
4637 7
4638 6
4639 7
4640 6
4641 6
4642 7
4643 7
4644 6
4645 7
4646 6
4647 7
4648 6
4649 7
4650 6
4651 8
4652 7
4653 6
4654 6
4655 6
4656 6
4657 7
4658 6
4659 7
4660 6
4661 6
4662 6
4663 7
4664 6
4665 6
4666 8
4667 7
4668 6
4669 7
4670 7
4671 6
4672 6
4673 7
4674 6
4675 6
4676 6
4677 7
4678 8
4679 7
4680 6
4681 6
4682 7
4683 6
4684 6
4685 7
4686 6
4687 6
4688 6
4689 6
4690 6
4691 7
4692 6
4693 6
4694 7
4695 6
4696 6
4697 6
4698 6
4699 6
4700 6
4701 7
4702 7
4703 7
4704 6
4705 6
4706 6
4707 7
4708 6
4709 6
4710 6
4711 6
4712 6
4713 7
4714 7
4715 6
4716 6
4717 7
4718 6
4719 6
4720 6
4721 8
4722 7
4723 8
4724 7
4725 6
4726 6
4727 6
4728 6
4729 7
4730 6
4731 6
4732 6
4733 8
4734 7
4735 7
4736 6
4737 8
4738 7
4739 6
4740 6
4741 7
4742 7
4743 6
4744 6
4745 6
4746 6
4747 7
4748 7
4749 7
4750 6
4751 7
4752 6
4753 6
4754 6
4755 7
4756 6
4757 6
4758 6
4759 7
4760 6
4761 6
4762 7
4763 6
4764 6
4765 7
4766 7
4767 6
4768 6
4769 6
4770 6
4771 6
4772 7
4773 7
4774 7
4775 6
4776 6
4777 7
4778 7
4779 6
4780 6
4781 7
4782 6
4783 7
4784 6
4785 6
4786 7
4787 7
4788 6
4789 8
4790 7
4791 6
4792 7
4793 7
4794 6
4795 7
4796 6
4797 6
4798 7
4799 7
4800 6
4801 7
4802 6
4803 7
4804 7
4805 6
4806 6
4807 6
4808 6
4809 6
4810 7
4811 6
4812 6
4813 7
4814 6
4815 6
4816 6
4817 8
4818 7
4819 6
4820 7
4821 6
4822 7
4823 6
4824 6
4825 7
4826 6
4827 7
4828 6
4829 6
4830 7
4831 7
4832 6
4833 6
4834 6
4835 6
4836 6
4837 7
4838 6
4839 7
4840 6
4841 6
4842 6
4843 6
4844 6
4845 6
4846 7
4847 6
4848 6
4849 7
4850 6
4851 6
4852 7
4853 6
4854 7
4855 6
4856 6
4857 8
4858 7
4859 6
4860 6
4861 7
4862 6
4863 7
4864 6
4865 6
4866 7
4867 6
4868 6
4869 6
4870 6
4871 7
4872 6
4873 7
4874 7
4875 6
4876 6
4877 7
4878 6
4879 6
4880 6
4881 8
4882 7
4883 6
4884 6
4885 7
4886 6
4887 6
4888 6
4889 8
4890 7
4891 6
4892 6
4893 6
4894 7
4895 6
4896 6
4897 7
4898 6
4899 6
4900 6
4901 6
4902 6
4903 7
4904 6
4905 6
4906 6
4907 7
4908 7
4909 8
4910 7
4911 6
4912 6
4913 6
4914 6
4915 6
4916 7
4917 6
4918 8
4919 7
4920 6
4921 6
4922 6
4923 7
4924 6
4925 6
4926 7
4927 6
4928 6
4929 6
4930 6
4931 7
4932 6
4933 8
4934 7
4935 6
4936 6
4937 8
4938 7
4939 6
4940 6
4941 6
4942 6
4943 7
4944 6
4945 6
4946 6
4947 6
4948 7
4949 6
4950 6
4951 7
4952 6
4953 7
4954 7
4955 7
4956 6
4957 7
4958 6
4959 6
4960 6
4961 6
4962 7
4963 7
4964 6
4965 7
4966 6
4967 7
4968 6
4969 7
4970 6
4971 7
4972 6
4973 8
4974 7
4975 6
4976 6
4977 6
4978 6
4979 6
4980 6
4981 7
4982 6
4983 6
4984 6
4985 7
4986 6
4987 7
4988 6
4989 7
4990 7
4991 6
4992 6
4993 7
4994 6
4995 6
4996 6
4997 7
4998 6
4999 7
5000 6
5001 7
5002 6
5003 7
5004 6
5005 6
5006 7
5007 7
5008 6
5009 7
5010 6
5011 7
5012 6
5013 7
5014 6
5015 6
5016 6
5017 7
5018 6
5019 6
5020 6
5021 7
5022 6
5023 7
5024 6
5025 6
5026 6
5027 6
5028 6
5029 7
5030 7
5031 6
5032 6
5033 6
5034 7
5035 6
5036 7
5037 6
5038 7
5039 7
5040 6
5041 7
5042 7
5043 6
5044 6
5045 6
5046 6
5047 6
5048 6
5049 6
5050 6
5051 8
5052 7
5053 6
5054 6
5055 7
5056 6
5057 7
5058 6
5059 7
5060 6
5061 6
5062 7
5063 6
5064 6
5065 7
5066 6
5067 6
5068 6
5069 6
5070 6
5071 7
5072 6
5073 6
5074 7
5075 6
5076 6
5077 8
5078 7
5079 7
5080 6
5081 7
5082 6
5083 6
5084 6
5085 6
5086 8
5087 7
5088 6
5089 7
5090 6
5091 6
5092 6
5093 7
5094 6
5095 6
5096 6
5097 7
5098 8
5099 7
5100 6
5101 8
5102 7
5103 6
5104 6
5105 6
5106 6
5107 8
5108 7
5109 6
5110 6
5111 6
5112 6
5113 8
5114 7
5115 6
5116 7
5117 6
5118 7
5119 7
5120 6
5121 6
5122 6
5123 6
5124 6
5125 6
5126 6
5127 7
5128 7
5129 7
5130 6
5131 6
5132 6
5133 6
5134 6
5135 6
5136 6
5137 8
5138 7
5139 6
5140 7
5141 6
5142 7
5143 6
5144 6
5145 6
5146 7
5147 7
5148 6
5149 6
5150 6
5151 6
5152 6
5153 8
5154 7
5155 6
5156 7
5157 7
5158 7
5159 6
5160 6
5161 6
5162 6
5163 7
5164 6
5165 7
5166 6
5167 7
5168 6
5169 7
5170 6
5171 8
5172 7
5173 7
5174 6
5175 6
5176 6
5177 6
5178 7
5179 7
5180 6
5181 7
5182 7
5183 6
5184 6
5185 6
5186 7
5187 6
5188 7
5189 7
5190 6
5191 6
5192 6
5193 7
5194 6
5195 6
5196 7
5197 7
5198 6
5199 7
5200 6
5201 6
5202 6
5203 6
5204 7
5205 7
5206 6
5207 6
5208 6
5209 8
5210 7
5211 6
5212 7
5213 6
5214 6
5215 6
5216 6
5217 6
5218 7
5219 6
5220 6
5221 6
5222 7
5223 7
5224 7
5225 6
5226 7
5227 7
5228 6
5229 6
5230 6
5231 7
5232 6
5233 8
5234 7
5235 6
5236 6
5237 8
5238 7
5239 6
5240 6
5241 7
5242 7
5243 6
5244 6
5245 6
5246 6
5247 6
5248 6
5249 7
5250 6
5251 7
5252 6
5253 7
5254 7
5255 6
5256 6
5257 7
5258 7
5259 7
5260 6
5261 8
5262 7
5263 6
5264 6
5265 6
5266 7
5267 6
5268 6
5269 6
5270 6
5271 6
5272 7
5273 8
5274 7
5275 6
5276 6
5277 7
5278 6
5279 7
5280 6
5281 8
5282 7
5283 6
5284 7
5285 6
5286 7
5287 6
5288 6
5289 6
5290 6
5291 6
5292 6
5293 6
5294 7
5295 6
5296 6
5297 8
5298 7
5299 7
5300 6
5301 6
5302 7
5303 7
5304 6
5305 7
5306 7
5307 7
5308 7
5309 7
5310 6
5311 6
5312 6
5313 6
5314 8
5315 7
5316 6
5317 7
5318 7
5319 6
5320 6
5321 7
5322 7
5323 7
5324 6
5325 6
5326 7
5327 6
5328 6
5329 6
5330 6
5331 7
5332 6
5333 7
5334 6
5335 6
5336 6
5337 7
5338 7
5339 6
5340 6
5341 6
5342 7
5343 6
5344 6
5345 7
5346 6
5347 7
5348 6
5349 8
5350 7
5351 7
5352 6
5353 7
5354 7
5355 6
5356 6
5357 7
5358 6
5359 6
5360 6
5361 7
5362 7
5363 6
5364 6
5365 6
5366 7
5367 7
5368 6
5369 6
5370 6
5371 7
5372 6
5373 7
5374 7
5375 6
5376 6
5377 7
5378 7
5379 6
5380 7
5381 7
5382 6
5383 7
5384 6
5385 6
5386 7
5387 8
5388 7
5389 7
5390 6
5391 6
5392 7
5393 7
5394 6
5395 7
5396 6
5397 7
5398 7
5399 7
5400 6
5401 7
5402 6
5403 7
5404 6
5405 6
5406 6
5407 7
5408 6
5409 7
5410 6
5411 6
5412 7
5413 8
5414 7
5415 6
5416 7
5417 7
5418 6
5419 7
5420 6
5421 6
5422 7
5423 6
5424 6
5425 6
5426 7
5427 6
5428 6
5429 6
5430 7
5431 7
5432 6
5433 8
5434 7
5435 7
5436 6
5437 8
5438 7
5439 6
5440 6
5441 8
5442 7
5443 8
5444 7
5445 6
5446 6
5447 6
5448 7
5449 7
5450 6
5451 6
5452 6
5453 6
5454 6
5455 7
5456 6
5457 6
5458 7
5459 6
5460 6
5461 6
5462 7
5463 6
5464 7
5465 7
5466 7
5467 7
5468 7
5469 7
5470 7
5471 7
5472 6
5473 6
5474 6
5475 6
5476 7
5477 8
5478 7
5479 7
5480 6
5481 6
5482 7
5483 7
5484 6
5485 6
5486 6
5487 6
5488 6
5489 6
5490 6
5491 6
5492 7
5493 7
5494 6
5495 6
5496 6
5497 7
5498 7
5499 6
5500 6
5501 7
5502 6
5503 7
5504 6
5505 7
5506 7
5507 7
5508 6
5509 7
5510 6
5511 6
5512 6
5513 6
5514 7
5515 7
5516 6
5517 7
5518 7
5519 7
5520 6
5521 8
5522 7
5523 6
5524 7
5525 6
5526 6
5527 7
5528 6
5529 7
5530 7
5531 7
5532 6
5533 7
5534 7
5535 6
5536 6
5537 6
5538 7
5539 6
5540 6
5541 6
5542 6
5543 6
5544 6
5545 7
5546 6
5547 7
5548 6
5549 7
5550 6
5551 6
5552 6
5553 7
5554 7
5555 6
5556 6
5557 8
5558 7
5559 6
5560 6
5561 6
5562 7
5563 7
5564 6
5565 6
5566 6
5567 7
5568 6
5569 7
5570 6
5571 6
5572 6
5573 7
5574 6
5575 6
5576 6
5577 6
5578 8
5579 7
5580 6
5581 8
5582 7
5583 7
5584 6
5585 7
5586 6
5587 6
5588 6
5589 6
5590 7
5591 7
5592 6
5593 6
5594 7
5595 7
5596 6
5597 6
5598 6
5599 7
5600 6
5601 8
5602 7
5603 6
5604 7
5605 7
5606 7
5607 6
5608 6
5609 6
5610 6
5611 7
5612 6
5613 7
5614 7
5615 7
5616 6
5617 6
5618 6
5619 7
5620 6
5621 6
5622 6
5623 7
5624 6
5625 6
5626 6
5627 6
5628 6
5629 7
5630 6
5631 7
5632 6
5633 6
5634 7
5635 6
5636 7
5637 7
5638 7
5639 7
5640 6
5641 7
5642 6
5643 6
5644 6
5645 6
5646 7
5647 7
5648 6
5649 6
5650 6
5651 7
5652 6
5653 7
5654 6
5655 6
5656 6
5657 7
5658 6
5659 7
5660 6
5661 6
5662 6
5663 6
5664 6
5665 6
5666 7
5667 7
5668 6
5669 7
5670 6
5671 6
5672 7
5673 7
5674 7
5675 6
5676 6
5677 7
5678 6
5679 6
5680 6
5681 6
5682 7
5683 7
5684 6
5685 6
5686 7
5687 6
5688 6
5689 8
5690 7
5691 6
5692 7
5693 7
5694 6
5695 6
5696 6
5697 7
5698 7
5699 6
5700 6
5701 8
5702 7
5703 6
5704 6
5705 6
5706 6
5707 7
5708 6
5709 6
5710 7
5711 7
5712 6
5713 7
5714 7
5715 6
5716 7
5717 8
5718 7
5719 6
5720 6
5721 8
5722 7
5723 6
5724 6
5725 7
5726 6
5727 6
5728 6
5729 6
5730 6
5731 7
5732 7
5733 6
5734 6
5735 6
5736 6
5737 8
5738 7
5739 7
5740 6
5741 7
5742 6
5743 7
5744 6
5745 7
5746 6
5747 6
5748 7
5749 7
5750 6
5751 6
5752 7
5753 7
5754 6
5755 7
5756 7
5757 6
5758 7
5759 6
5760 6
5761 7
5762 6
5763 6
5764 6
5765 7
5766 6
5767 6
5768 6
5769 6
5770 6
5771 6
5772 6
5773 7
5774 7
5775 6
5776 6
5777 6
5778 6
5779 7
5780 6
5781 6
5782 7
5783 7
5784 6
5785 7
5786 7
5787 7
5788 7
5789 7
5790 6
5791 7
5792 6
5793 8
5794 7
5795 6
5796 6
5797 7
5798 6
5799 7
5800 6
5801 8
5802 7
5803 6
5804 7
5805 6
5806 8
5807 7
5808 6
5809 6
5810 6
5811 6
5812 7
5813 7
5814 6
5815 7
5816 6
5817 7
5818 7
5819 6
5820 6
5821 7
5822 6
5823 6
5824 6
5825 6
5826 7
5827 7
5828 6
5829 6
5830 6
5831 6
5832 6
5833 7
5834 7
5835 7
5836 6
5837 7
5838 6
5839 7
5840 6
5841 6
5842 7
5843 7
5844 6
5845 7
5846 6
5847 7
5848 7
5849 7
5850 6
5851 7
5852 6
5853 7
5854 7
5855 6
5856 6
5857 7
5858 6
5859 6
5860 7
5861 8
5862 7
5863 6
5864 6
5865 6
5866 7
5867 7
5868 6
5869 8
5870 7
5871 6
5872 7
5873 6
5874 6
5875 6
5876 6
5877 7
5878 8
5879 7
5880 6
5881 7
5882 6
5883 6
5884 6
5885 6
5886 6
5887 7
5888 6
5889 7
5890 6
5891 6
5892 6
5893 7
5894 6
5895 6
5896 6
5897 8
5898 7
5899 6
5900 6
5901 7
5902 7
5903 7
5904 6
5905 8
5906 7
5907 7
5908 6
5909 7
5910 7
5911 7
5912 6
5913 6
5914 7
5915 6
5916 6
5917 6
5918 6
5919 7
5920 6
5921 6
5922 6
5923 8
5924 7
5925 6
5926 7
5927 7
5928 6
5929 6
5930 7
5931 6
5932 8
5933 7
5934 6
5935 7
5936 6
5937 8
5938 8
5939 7
5940 6
5941 6
5942 7
5943 6
5944 7
5945 6
5946 7
5947 7
5948 7
5949 6
5950 6
5951 6
5952 6
5953 7
5954 6
5955 6
5956 7
5957 6
5958 6
5959 6
5960 7
5961 7
5962 7
5963 6
5964 6
5965 7
5966 6
5967 6
5968 6
5969 6
5970 7
5971 6
5972 7
5973 7
5974 7
5975 6
5976 6
5977 6
5978 6
5979 7
5980 6
5981 8
5982 7
5983 6
5984 6
5985 6
5986 6
5987 7
5988 6
5989 7
5990 6
5991 7
5992 6
5993 7
5994 6
5995 6
5996 7
5997 8
5998 7
5999 6
6000 6
6001 7
6002 7
6003 6
6004 6
6005 7
6006 6
6007 7
6008 6
6009 7
6010 6
6011 7
6012 6
6013 7
6014 6
6015 6
6016 6
6017 6
6018 6
6019 6
6020 6
6021 6
6022 7
6023 6
6024 6
6025 6
6026 7
6027 6
6028 6
6029 7
6030 6
6031 6
6032 6
6033 6
6034 7
6035 6
6036 6
6037 8
6038 7
6039 6
6040 7
6041 7
6042 7
6043 8
6044 7
6045 6
6046 7
6047 7
6048 6
6049 6
6050 6
6051 8
6052 7
6053 7
6054 6
6055 6
6056 6
6057 7
6058 6
6059 6
6060 6
6061 6
6062 7
6063 6
6064 6
6065 7
6066 7
6067 7
6068 6
6069 6
6070 7
6071 6
6072 6
6073 8
6074 7
6075 6
6076 6
6077 6
6078 7
6079 7
6080 6
6081 6
6082 7
6083 6
6084 6
6085 7
6086 6
6087 7
6088 7
6089 7
6090 6
6091 8
6092 7
6093 6
6094 6
6095 6
6096 6
6097 6
6098 7
6099 6
6100 6
6101 7
6102 6
6103 6
6104 6
6105 7
6106 7
6107 6
6108 6
6109 7
6110 6
6111 6
6112 7
6113 8
6114 7
6115 7
6116 6
6117 7
6118 7
6119 6
6120 6
6121 8
6122 7
6123 6
6124 7
6125 6
6126 7
6127 7
6128 6
6129 7
6130 6
6131 7
6132 6
6133 8
6134 7
6135 6
6136 6
6137 6
6138 6
6139 6
6140 6
6141 6
6142 6
6143 7
6144 6
6145 7
6146 7
6147 7
6148 6
6149 6
6150 6
6151 8
6152 7
6153 7
6154 6
6155 7
6156 6
6157 6
6158 7
6159 7
6160 6
6161 6
6162 7
6163 7
6164 6
6165 6
6166 8
6167 7
6168 6
6169 6
6170 6
6171 6
6172 7
6173 7
6174 6
6175 6
6176 6
6177 6
6178 7
6179 6
6180 6
6181 6
6182 7
6183 6
6184 6
6185 6
6186 7
6187 6
6188 6
6189 7
6190 6
6191 6
6192 6
6193 6
6194 7
6195 6
6196 7
6197 8
6198 7
6199 7
6200 6
6201 6
6202 7
6203 7
6204 6
6205 6
6206 6
6207 7
6208 6
6209 7
6210 6
6211 8
6212 7
6213 7
6214 7
6215 6
6216 6
6217 8
6218 7
6219 6
6220 7
6221 8
6222 7
6223 6
6224 6
6225 6
6226 7
6227 7
6228 6
6229 7
6230 6
6231 6
6232 6
6233 6
6234 7
6235 6
6236 7
6237 6
6238 7
6239 6
6240 6
6241 6
6242 7
6243 7
6244 6
6245 7
6246 6
6247 7
6248 6
6249 7
6250 6
6251 6
6252 6
6253 6
6254 6
6255 6
6256 6
6257 7
6258 6
6259 6
6260 6
6261 7
6262 7
6263 7
6264 6
6265 6
6266 6
6267 7
6268 7
6269 7
6270 6
6271 7
6272 6
6273 6
6274 7
6275 6
6276 7
6277 7
6278 6
6279 6
6280 6
6281 7
6282 7
6283 6
6284 6
6285 6
6286 7
6287 7
6288 6
6289 6
6290 6
6291 6
6292 6
6293 6
6294 7
6295 7
6296 7
6297 8
6298 7
6299 7
6300 6
6301 7
6302 6
6303 6
6304 6
6305 6
6306 7
6307 7
6308 6
6309 6
6310 7
6311 7
6312 6
6313 7
6314 6
6315 6
6316 7
6317 7
6318 6
6319 6
6320 6
6321 6
6322 6
6323 7
6324 6
6325 6
6326 7
6327 6
6328 6
6329 7
6330 6
6331 6
6332 7
6333 7
6334 7
6335 6
6336 6
6337 8
6338 7
6339 7
6340 6
6341 6
6342 6
6343 7
6344 6
6345 6
6346 7
6347 6
6348 6
6349 7
6350 6
6351 6
6352 7
6353 7
6354 6
6355 6
6356 6
6357 7
6358 6
6359 7
6360 6
6361 8
6362 7
6363 6
6364 6
6365 6
6366 7
6367 7
6368 6
6369 7
6370 7
6371 6
6372 7
6373 8
6374 7
6375 6
6376 6
6377 7
6378 8
6379 7
6380 6
6381 7
6382 7
6383 6
6384 6
6385 7
6386 6
6387 7
6388 7
6389 7
6390 6
6391 6
6392 6
6393 7
6394 6
6395 7
6396 6
6397 8
6398 7
6399 6
6400 6
6401 7
6402 7
6403 7
6404 7
6405 7
6406 7
6407 6
6408 6
6409 6
6410 6
6411 7
6412 6
6413 6
6414 7
6415 7
6416 6
6417 6
6418 7
6419 6
6420 6
6421 7
6422 6
6423 6
6424 6
6425 7
6426 6
6427 8
6428 7
6429 7
6430 7
6431 6
6432 6
6433 8
6434 7
6435 6
6436 7
6437 6
6438 6
6439 6
6440 6
6441 6
6442 7
6443 6
6444 6
6445 7
6446 6
6447 6
6448 6
6449 7
6450 6
6451 8
6452 7
6453 6
6454 6
6455 6
6456 6
6457 6
6458 7
6459 7
6460 6
6461 6
6462 7
6463 6
6464 6
6465 6
6466 6
6467 6
6468 6
6469 8
6470 7
6471 6
6472 7
6473 7
6474 6
6475 6
6476 7
6477 6
6478 7
6479 6
6480 6
6481 8
6482 7
6483 8
6484 7
6485 7
6486 6
6487 6
6488 6
6489 7
6490 6
6491 7
6492 6
6493 6
6494 6
6495 6
6496 6
6497 6
6498 6
6499 6
6500 6
6501 6
6502 7
6503 6
6504 6
6505 8
6506 7
6507 7
6508 7
6509 6
6510 6
6511 6
6512 6
6513 7
6514 8
6515 7
6516 6
6517 6
6518 7
6519 6
6520 6
6521 8
6522 7
6523 7
6524 6
6525 6
6526 7
6527 6
6528 6
6529 7
6530 6
6531 7
6532 6
6533 6
6534 6
6535 7
6536 6
6537 7
6538 6
6539 6
6540 6
6541 6
6542 7
6543 6
6544 6
6545 6
6546 7
6547 8
6548 7
6549 6
6550 6
6551 7
6552 6
6553 7
6554 6
6555 6
6556 6
6557 6
6558 7
6559 6
6560 6
6561 6
6562 6
6563 7
6564 6
6565 6
6566 6
6567 6
6568 7
6569 8
6570 7
6571 7
6572 6
6573 6
6574 7
6575 6
6576 6
6577 7
6578 6
6579 6
6580 6
6581 8
6582 7
6583 6
6584 6
6585 7
6586 6
6587 6
6588 6
6589 7
6590 6
6591 6
6592 6
6593 7
6594 6
6595 7
6596 6
6597 8
6598 8
6599 7
6600 6
6601 6
6602 7
6603 6
6604 7
6605 6
6606 7
6607 7
6608 6
6609 7
6610 6
6611 6
6612 7
6613 6
6614 7
6615 6
6616 7
6617 7
6618 7
6619 7
6620 6
6621 6
6622 6
6623 6
6624 6
6625 6
6626 7
6627 6
6628 7
6629 7
6630 6
6631 6
6632 7
6633 6
6634 6
6635 7
6636 6
6637 8
6638 7
6639 7
6640 6
6641 6
6642 6
6643 6
6644 6
6645 6
6646 7
6647 7
6648 6
6649 6
6650 6
6651 6
6652 7
6653 8
6654 7
6655 6
6656 6
6657 6
6658 8
6659 7
6660 6
6661 9
6662 8
6663 7
6664 6
6665 6
6666 7
6667 7
6668 7
6669 6
6670 6
6671 6
6672 6
6673 7
6674 6
6675 6
6676 7
6677 7
6678 6
6679 7
6680 6
6681 6
6682 6
6683 6
6684 7
6685 6
6686 7
6687 6
6688 6
6689 7
6690 6
6691 8
6692 7
6693 7
6694 7
6695 6
6696 6
6697 7
6698 6
6699 6
6700 6
6701 8
6702 7
6703 7
6704 6
6705 6
6706 7
6707 7
6708 6
6709 7
6710 6
6711 6
6712 7
6713 6
6714 6
6715 6
6716 6
6717 8
6718 8
6719 7
6720 6
6721 6
6722 7
6723 6
6724 6
6725 6
6726 6
6727 6
6728 6
6729 8
6730 7
6731 6
6732 6
6733 7
6734 6
6735 6
6736 7
6737 8
6738 7
6739 7
6740 6
6741 6
6742 7
6743 6
6744 6
6745 6
6746 7
6747 7
6748 7
6749 6
6750 6
6751 6
6752 6
6753 7
6754 6
6755 6
6756 6
6757 7
6758 6
6759 7
6760 6
6761 7
6762 6
6763 7
6764 6
6765 6
6766 7
6767 6
6768 6
6769 7
6770 7
6771 6
6772 7
6773 7
6774 7
6775 6
6776 6
6777 7
6778 8
6779 7
6780 6
6781 8
6782 7
6783 6
6784 6
6785 6
6786 6
6787 7
6788 7
6789 6
6790 7
6791 7
6792 6
6793 7
6794 6
6795 6
6796 7
6797 7
6798 6
6799 6
6800 6
6801 7
6802 7
6803 7
6804 6
6805 7
6806 6
6807 7
6808 6
6809 6
6810 7
6811 6
6812 6
6813 7
6814 7
6815 6
6816 6
6817 6
6818 7
6819 7
6820 7
6821 6
6822 6
6823 8
6824 7
6825 6
6826 8
6827 7
6828 6
6829 7
6830 6
6831 6
6832 6
6833 7
6834 6
6835 6
6836 7
6837 6
6838 6
6839 6
6840 6
6841 8
6842 7
6843 7
6844 6
6845 6
6846 7
6847 6
6848 6
6849 6
6850 6
6851 6
6852 6
6853 6
6854 6
6855 6
6856 7
6857 7
6858 6
6859 6
6860 6
6861 8
6862 7
6863 7
6864 6
6865 7
6866 7
6867 6
6868 6
6869 7
6870 6
6871 8
6872 7
6873 6
6874 7
6875 6
6876 6
6877 7
6878 7
6879 7
6880 6
6881 6
6882 7
6883 8
6884 7
6885 6
6886 6
6887 6
6888 6
6889 7
6890 6
6891 6
6892 7
6893 6
6894 6
6895 6
6896 6
6897 6
6898 7
6899 7
6900 6
6901 6
6902 6
6903 6
6904 6
6905 6
6906 8
6907 7
6908 6
6909 6
6910 7
6911 7
6912 6
6913 7
6914 7
6915 6
6916 6
6917 7
6918 6
6919 6
6920 7
6921 7
6922 7
6923 6
6924 6
6925 7
6926 7
6927 7
6928 6
6929 6
6930 6
6931 7
6932 7
6933 7
6934 7
6935 6
6936 6
6937 7
6938 7
6939 6
6940 6
6941 7
6942 7
6943 6
6944 6
6945 6
6946 7
6947 8
6948 7
6949 8
6950 7
6951 6
6952 6
6953 6
6954 6
6955 7
6956 6
6957 6
6958 6
6959 7
6960 6
6961 8
6962 7
6963 6
6964 7
6965 6
6966 6
6967 7
6968 6
6969 6
6970 7
6971 7
6972 6
6973 7
6974 7
6975 6
6976 6
6977 8
6978 7
6979 7
6980 6
6981 6
6982 7
6983 7
6984 6
6985 6
6986 7
6987 6
6988 7
6989 6
6990 6
6991 7
6992 6
6993 6
6994 6
6995 6
6996 6
6997 9
6998 8
6999 7
7000 6
7001 7
7002 6
7003 6
7004 6
7005 6
7006 6
7007 6
7008 6
7009 7
7010 7
7011 6
7012 7
7013 7
7014 6
7015 6
7016 7
7017 8
7018 7
7019 7
7020 6
7021 6
7022 8
7023 7
7024 6
7025 6
7026 7
7027 7
7028 6
7029 6
7030 6
7031 6
7032 6
7033 7
7034 7
7035 6
7036 6
7037 6
7038 6
7039 7
7040 6
7041 7
7042 7
7043 8
7044 7
7045 7
7046 7
7047 6
7048 7
7049 6
7050 6
7051 7
7052 6
7053 7
7054 7
7055 6
7056 6
7057 8
7058 7
7059 6
7060 7
7061 7
7062 6
7063 7
7064 6
7065 6
7066 7
7067 6
7068 6
7069 7
7070 6
7071 6
7072 6
7073 7
7074 7
7075 6
7076 6
7077 7
7078 8
7079 7
7080 6
7081 6
7082 8
7083 7
7084 6
7085 6
7086 7
7087 6
7088 6
7089 6
7090 7
7091 6
7092 6
7093 7
7094 7
7095 6
7096 7
7097 6
7098 6
7099 6
7100 6
7101 6
7102 6
7103 7
7104 6
7105 6
7106 6
7107 7
7108 7
7109 7
7110 6
7111 6
7112 6
7113 8
7114 8
7115 7
7116 7
7117 8
7118 7
7119 6
7120 6
7121 8
7122 7
7123 7
7124 6
7125 6
7126 7
7127 7
7128 6
7129 7
7130 6
7131 7
7132 7
7133 6
7134 6
7135 7
7136 6
7137 6
7138 6
7139 6
7140 6
7141 6
7142 7
7143 7
7144 6
7145 7
7146 6
7147 7
7148 7
7149 7
7150 6
7151 7
7152 6
7153 7
7154 6
7155 6
7156 7
7157 7
7158 7
7159 7
7160 6
7161 6
7162 7
7163 6
7164 6
7165 8
7166 8
7167 7
7168 6
7169 6
7170 7
7171 7
7172 6
7173 6
7174 6
7175 6
7176 6
7177 7
7178 6
7179 7
7180 6
7181 7
7182 6
7183 6
7184 6
7185 6
7186 8
7187 7
7188 6
7189 6
7190 6
7191 6
7192 6
7193 7
7194 6
7195 7
7196 6
7197 8
7198 7
7199 6
7200 6
7201 7
7202 6
7203 6
7204 7
7205 6
7206 7
7207 7
7208 6
7209 6
7210 6
7211 8
7212 7
7213 8
7214 7
7215 6
7216 6
7217 8
7218 7
7219 7
7220 6
7221 6
7222 6
7223 6
7224 6
7225 6
7226 7
7227 6
7228 6
7229 8
7230 7
7231 6
7232 6
7233 7
7234 7
7235 6
7236 6
7237 7
7238 6
7239 6
7240 7
7241 6
7242 6
7243 8
7244 7
7245 6
7246 7
7247 7
7248 6
7249 6
7250 6
7251 6
7252 6
7253 7
7254 6
7255 6
7256 7
7257 6
7258 7
7259 6
7260 6
7261 7
7262 7
7263 6
7264 6
7265 6
7266 6
7267 6
7268 6
7269 7
7270 7
7271 7
7272 7
7273 7
7274 7
7275 6
7276 6
7277 7
7278 7
7279 7
7280 6
7281 6
7282 7
7283 7
7284 6
7285 6
7286 7
7287 6
7288 7
7289 6
7290 6
7291 6
7292 7
7293 6
7294 7
7295 7
7296 6
7297 7
7298 6
7299 6
7300 6
7301 6
7302 7
7303 6
7304 6
7305 6
7306 6
7307 7
7308 6
7309 7
7310 6
7311 7
7312 6
7313 6
7314 6
7315 6
7316 6
7317 7
7318 7
7319 6
7320 6
7321 8
7322 7
7323 6
7324 7
7325 6
7326 6
7327 6
7328 6
7329 6
7330 7
7331 7
7332 6
7333 7
7334 6
7335 6
7336 6
7337 6
7338 7
7339 6
7340 6
7341 6
7342 7
7343 6
7344 6
7345 6
7346 7
7347 7
7348 7
7349 7
7350 6
7351 8
7352 7
7353 6
7354 7
7355 6
7356 6
7357 7
7358 7
7359 6
7360 6
7361 6
7362 7
7363 6
7364 6
7365 6
7366 7
7367 6
7368 7
7369 7
7370 6
7371 6
7372 6
7373 6
7374 6
7375 6
7376 6
7377 8
7378 7
7379 6
7380 6
7381 6
7382 7
7383 6
7384 6
7385 6
7386 7
7387 7
7388 7
7389 7
7390 7
7391 7
7392 6
7393 8
7394 7
7395 6
7396 6
7397 7
7398 6
7399 6
7400 6
7401 7
7402 7
7403 6
7404 6
7405 7
7406 6
7407 6
7408 7
7409 6
7410 6
7411 7
7412 6
7413 6
7414 7
7415 7
7416 6
7417 9
7418 8
7419 7
7420 6
7421 6
7422 7
7423 6
7424 6
7425 6
7426 7
7427 7
7428 7
7429 6
7430 7
7431 7
7432 7
7433 7
7434 6
7435 7
7436 6
7437 6
7438 7
7439 6
7440 6
7441 7
7442 6
7443 6
7444 7
7445 7
7446 6
7447 7
7448 6
7449 6
7450 6
7451 7
7452 6
7453 6
7454 7
7455 6
7456 7
7457 7
7458 6
7459 7
7460 6
7461 7
7462 7
7463 6
7464 6
7465 8
7466 7
7467 6
7468 7
7469 6
7470 6
7471 6
7472 6
7473 6
7474 6
7475 6
7476 6
7477 8
7478 7
7479 6
7480 6
7481 7
7482 6
7483 7
7484 6
7485 7
7486 7
7487 7
7488 6
7489 7
7490 6
7491 6
7492 7
7493 6
7494 7
7495 7
7496 7
7497 6
7498 7
7499 7
7500 6
7501 7
7502 6
7503 6
7504 6
7505 6
7506 6
7507 8
7508 7
7509 8
7510 7
7511 6
7512 6
7513 7
7514 6
7515 6
7516 7
7517 7
7518 6
7519 6
7520 6
7521 6
7522 7
7523 7
7524 6
7525 6
7526 6
7527 7
7528 7
7529 8
7530 7
7531 6
7532 6
7533 6
7534 7
7535 6
7536 6
7537 8
7538 7
7539 6
7540 6
7541 8
7542 7
7543 6
7544 6
7545 6
7546 6
7547 7
7548 6
7549 8
7550 7
7551 7
7552 6
7553 6
7554 7
7555 8
7556 7
7557 7
7558 8
7559 7
7560 6
7561 8
7562 7
7563 7
7564 6
7565 6
7566 6
7567 6
7568 6
7569 6
7570 6
7571 6
7572 7
7573 8
7574 7
7575 6
7576 6
7577 7
7578 6
7579 6
7580 6
7581 6
7582 7
7583 7
7584 6
7585 6
7586 7
7587 6
7588 6
7589 7
7590 6
7591 7
7592 6
7593 7
7594 7
7595 6
7596 6
7597 6
7598 6
7599 6
7600 6
7601 7
7602 7
7603 8
7604 7
7605 6
7606 8
7607 7
7608 6
7609 8
7610 7
7611 6
7612 6
7613 6
7614 6
7615 7
7616 6
7617 7
7618 6
7619 6
7620 6
7621 7
7622 6
7623 6
7624 7
7625 6
7626 6
7627 6
7628 7
7629 7
7630 6
7631 6
7632 6
7633 7
7634 6
7635 7
7636 6
7637 7
7638 7
7639 7
7640 6
7641 7
7642 8
7643 7
7644 6
7645 6
7646 7
7647 7
7648 6
7649 7
7650 6
7651 6
7652 7
7653 7
7654 6
7655 6
7656 6
7657 7
7658 6
7659 6
7660 6
7661 7
7662 7
7663 6
7664 6
7665 6
7666 7
7667 6
7668 6
7669 7
7670 6
7671 7
7672 7
7673 8
7674 7
7675 7
7676 6
7677 7
7678 6
7679 7
7680 6
7681 8
7682 7
7683 6
7684 6
7685 6
7686 6
7687 7
7688 6
7689 6
7690 6
7691 8
7692 7
7693 7
7694 7
7695 6
7696 6
7697 6
7698 7
7699 7
7700 6
7701 6
7702 8
7703 7
7704 6
7705 6
7706 7
7707 7
7708 6
7709 7
7710 6
7711 7
7712 6
7713 7
7714 6
7715 7
7716 6
7717 8
7718 7
7719 6
7720 6
7721 7
7722 6
7723 8
7724 7
7725 6
7726 8
7727 7
7728 6
7729 7
7730 6
7731 7
7732 7
7733 6
7734 6
7735 6
7736 6
7737 8
7738 7
7739 6
7740 6
7741 7
7742 6
7743 6
7744 6
7745 7
7746 7
7747 6
7748 6
7749 6
7750 6
7751 6
7752 6
7753 8
7754 7
7755 6
7756 6
7757 7
7758 6
7759 7
7760 6
7761 7
7762 7
7763 6
7764 6
7765 7
7766 6
7767 7
7768 6
7769 7
7770 6
7771 7
7772 6
7773 7
7774 6
7775 6
7776 6
7777 6
7778 7
7779 7
7780 7
7781 7
7782 7
7783 6
7784 6
7785 6
7786 6
7787 6
7788 6
7789 7
7790 6
7791 6
7792 7
7793 7
7794 6
7795 6
7796 7
7797 6
7798 7
7799 6
7800 6
7801 7
7802 7
7803 6
7804 7
7805 6
7806 7
7807 6
7808 6
7809 6
7810 7
7811 6
7812 6
7813 7
7814 7
7815 6
7816 7
7817 8
7818 7
7819 7
7820 6
7821 6
7822 8
7823 7
7824 6
7825 6
7826 6
7827 7
7828 6
7829 7
7830 6
7831 7
7832 6
7833 7
7834 8
7835 7
7836 6
7837 8
7838 7
7839 6
7840 6
7841 8
7842 7
7843 6
7844 6
7845 7
7846 7
7847 6
7848 6
7849 7
7850 6
7851 7
7852 6
7853 7
7854 6
7855 7
7856 6
7857 6
7858 7
7859 6
7860 6
7861 7
7862 7
7863 7
7864 7
7865 6
7866 6
7867 7
7868 6
7869 7
7870 7
7871 6
7872 6
7873 8
7874 7
7875 6
7876 6
7877 7
7878 6
7879 7
7880 6
7881 6
7882 7
7883 7
7884 6
7885 6
7886 7
7887 6
7888 6
7889 6
7890 6
7891 6
7892 7
7893 8
7894 7
7895 6
7896 6
7897 7
7898 6
7899 7
7900 6
7901 7
7902 6
7903 7
7904 6
7905 6
7906 7
7907 7
7908 6
7909 7
7910 6
7911 6
7912 6
7913 6
7914 7
7915 8
7916 7
7917 6
7918 7
7919 7
7920 6
7921 6
7922 6
7923 6
7924 6
7925 6
7926 7
7927 7
7928 6
7929 6
7930 6
7931 6
7932 6
7933 8
7934 7
7935 6
7936 6
7937 7
7938 6
7939 6
7940 7
7941 7
7942 6
7943 6
7944 7
7945 7
7946 6
7947 7
7948 7
7949 7
7950 6
7951 7
7952 6
7953 7
7954 7
7955 6
7956 6
7957 6
7958 6
7959 6
7960 6
7961 7
7962 7
7963 7
7964 6
7965 6
7966 6
7967 6
7968 6
7969 7
7970 6
7971 7
7972 7
7973 6
7974 7
7975 6
7976 6
7977 7
7978 7
7979 6
7980 6
7981 7
7982 7
7983 6
7984 7
7985 7
7986 6
7987 6
7988 7
7989 7
7990 7
7991 6
7992 6
7993 7
7994 6
7995 6
7996 7
7997 6
7998 7
7999 6
8000 6
8001 7
8002 7
8003 6
8004 6
8005 7
8006 7
8007 6
8008 6
8009 7
8010 6
8011 9
8012 8
8013 8
8014 7
8015 6
8016 6
8017 8
8018 7
8019 6
8020 6
8021 6
8022 6
8023 6
8024 6
8025 6
8026 7
8027 7
8028 6
8029 6
8030 6
8031 7
8032 6
8033 6
8034 6
8035 7
8036 6
8037 6
8038 8
8039 7
8040 6
8041 6
8042 7
8043 7
8044 6
8045 7
8046 6
8047 7
8048 6
8049 7
8050 6
8051 6
8052 6
8053 8
8054 7
8055 6
8056 6
8057 7
8058 7
8059 7
8060 6
8061 7
8062 7
8063 6
8064 6
8065 7
8066 6
8067 8
8068 7
8069 7
8070 6
8071 7
8072 7
8073 6
8074 7
8075 6
8076 7
8077 7
8078 7
8079 7
8080 6
8081 8
8082 7
8083 6
8084 6
8085 6
8086 7
8087 7
8088 6
8089 7
8090 6
8091 6
8092 6
8093 8
8094 7
8095 7
8096 6
8097 7
8098 7
8099 6
8100 6
8101 8
8102 7
8103 6
8104 6
8105 7
8106 6
8107 6
8108 7
8109 6
8110 7
8111 7
8112 6
8113 6
8114 7
8115 6
8116 7
8117 7
8118 6
8119 6
8120 6
8121 8
8122 7
8123 8
8124 7
8125 6
8126 6
8127 6
8128 6
8129 6
8130 6
8131 6
8132 6
8133 7
8134 6
8135 7
8136 6
8137 6
8138 6
8139 7
8140 6
8141 7
8142 6
8143 7
8144 6
8145 6
8146 7
8147 7
8148 6
8149 7
8150 6
8151 6
8152 7
8153 6
8154 6
8155 7
8156 7
8157 8
8158 7
8159 6
8160 6
8161 7
8162 6
8163 7
8164 6
8165 6
8166 7
8167 8
8168 7
8169 6
8170 7
8171 7
8172 6
8173 6
8174 6
8175 6
8176 6
8177 6
8178 7
8179 7
8180 6
8181 6
8182 7
8183 6
8184 6
8185 7
8186 7
8187 7
8188 6
8189 6
8190 6
8191 7
8192 6
8193 7
8194 6
8195 6
8196 6
8197 6
8198 7
8199 6
8200 6
8201 6
8202 7
8203 6
8204 6
8205 7
8206 6
8207 7
8208 6
8209 8
8210 7
8211 6
8212 7
8213 6
8214 6
8215 6
8216 6
8217 6
8218 8
8219 7
8220 6
8221 9
8222 8
8223 7
8224 6
8225 6
8226 6
8227 7
8228 6
8229 6
8230 7
8231 7
8232 6
8233 7
8234 6
8235 6
8236 6
8237 8
8238 7
8239 6
8240 6
8241 6
8242 6
8243 7
8244 6
8245 6
8246 6
8247 7
8248 7
8249 6
8250 6
8251 6
8252 7
8253 6
8254 7
8255 6
8256 6
8257 8
8258 7
8259 7
8260 6
8261 7
8262 6
8263 7
8264 6
8265 6
8266 7
8267 6
8268 6
8269 7
8270 6
8271 7
8272 6
8273 8
8274 7
8275 7
8276 7
8277 6
8278 7
8279 6
8280 6
8281 6
8282 6
8283 6
8284 6
8285 8
8286 7
8287 7
8288 6
8289 6
8290 7
8291 7
8292 6
8293 7
8294 6
8295 6
8296 7
8297 8
8298 7
8299 6
8300 6
8301 7
8302 7
8303 6
8304 6
8305 7
8306 7
8307 6
8308 6
8309 8
8310 7
8311 8
8312 7
8313 6
8314 8
8315 7
8316 6
8317 8
8318 7
8319 6
8320 6
8321 7
8322 6
8323 6
8324 7
8325 6
8326 7
8327 6
8328 6
8329 7
8330 6
8331 7
8332 8
8333 7
8334 6
8335 7
8336 6
8337 6
8338 7
8339 6
8340 6
8341 7
8342 6
8343 6
8344 7
8345 7
8346 7
8347 7
8348 7
8349 6
8350 7
8351 6
8352 6
8353 8
8354 7
8355 6
8356 7
8357 6
8358 6
8359 7
8360 6
8361 6
8362 6
8363 7
8364 6
8365 7
8366 6
8367 7
8368 6
8369 7
8370 6
8371 7
8372 6
8373 8
8374 7
8375 6
8376 6
8377 8
8378 7
8379 6
8380 7
8381 6
8382 6
8383 6
8384 6
8385 6
8386 8
8387 7
8388 6
8389 7
8390 6
8391 7
8392 7
8393 6
8394 7
8395 6
8396 7
8397 6
8398 6
8399 6
8400 6
8401 7
8402 7
8403 7
8404 6
8405 7
8406 6
8407 7
8408 7
8409 7
8410 6
8411 7
8412 6
8413 7
8414 6
8415 6
8416 6
8417 7
8418 7
8419 8
8420 7
8421 6
8422 8
8423 7
8424 6
8425 6
8426 6
8427 7
8428 6
8429 7
8430 6
8431 7
8432 6
8433 6
8434 7
8435 6
8436 6
8437 7
8438 7
8439 6
8440 6
8441 6
8442 6
8443 8
8444 7
8445 6
8446 6
8447 7
8448 6
8449 7
8450 6
8451 6
8452 7
8453 6
8454 7
8455 6
8456 6
8457 7
8458 7
8459 6
8460 6
8461 8
8462 7
8463 6
8464 6
8465 7
8466 7
8467 7
8468 6
8469 6
8470 6
8471 6
8472 7
8473 6
8474 7
8475 6
8476 6
8477 6
8478 7
8479 6
8480 6
8481 6
8482 7
8483 6
8484 6
8485 7
8486 7
8487 6
8488 7
8489 6
8490 7
8491 6
8492 6
8493 7
8494 7
8495 7
8496 6
8497 7
8498 6
8499 7
8500 6
8501 7
8502 6
8503 6
8504 6
8505 6
8506 7
8507 6
8508 7
8509 6
8510 6
8511 7
8512 6
8513 7
8514 6
8515 6
8516 7
8517 6
8518 7
8519 6
8520 6
8521 8
8522 7
8523 7
8524 6
8525 6
8526 6
8527 7
8528 6
8529 8
8530 7
8531 6
8532 6
8533 7
8534 7
8535 6
8536 6
8537 8
8538 7
8539 7
8540 6
8541 6
8542 8
8543 7
8544 6
8545 7
8546 7
8547 6
8548 7
8549 6
8550 6
8551 7
8552 7
8553 7
8554 6
8555 6
8556 6
8557 6
8558 7
8559 6
8560 6
8561 7
8562 8
8563 8
8564 7
8565 7
8566 8
8567 7
8568 6
8569 6
8570 7
8571 7
8572 7
8573 8
8574 7
8575 6
8576 6
8577 6
8578 7
8579 6
8580 6
8581 8
8582 7
8583 7
8584 7
8585 6
8586 6
8587 6
8588 6
8589 6
8590 7
8591 6
8592 6
8593 7
8594 7
8595 6
8596 6
8597 8
8598 7
8599 7
8600 6
8601 6
8602 6
8603 7
8604 6
8605 7
8606 6
8607 6
8608 6
8609 7
8610 6
8611 6
8612 7
8613 6
8614 7
8615 6
8616 7
8617 7
8618 7
8619 6
8620 7
8621 6
8622 7
8623 7
8624 6
8625 6
8626 6
8627 7
8628 6
8629 8
8630 7
8631 6
8632 6
8633 6
8634 7
8635 7
8636 6
8637 7
8638 7
8639 6
8640 6
8641 7
8642 6
8643 6
8644 7
8645 6
8646 6
8647 7
8648 6
8649 6
8650 6
8651 6
8652 6
8653 7
8654 7
8655 7
8656 7
8657 7
8658 7
8659 7
8660 7
8661 7
8662 6
8663 7
8664 6
8665 7
8666 7
8667 6
8668 6
8669 7
8670 6
8671 6
8672 6
8673 6
8674 8
8675 7
8676 6
8677 8
8678 7
8679 6
8680 6
8681 8
8682 7
8683 6
8684 6
8685 6
8686 6
8687 6
8688 6
8689 8
8690 7
8691 7
8692 6
8693 7
8694 6
8695 6
8696 6
8697 7
8698 7
8699 7
8700 6
8701 6
8702 7
8703 6
8704 6
8705 7
8706 7
8707 7
8708 6
8709 8
8710 7
8711 7
8712 6
8713 8
8714 7
8715 6
8716 6
8717 7
8718 7
8719 7
8720 6
8721 6
8722 6
8723 6
8724 7
8725 6
8726 7
8727 7
8728 7
8729 7
8730 6
8731 7
8732 6
8733 6
8734 7
8735 7
8736 6
8737 7
8738 6
8739 6
8740 6
8741 7
8742 6
8743 7
8744 7
8745 6
8746 7
8747 7
8748 6
8749 6
8750 6
8751 7
8752 6
8753 8
8754 7
8755 6
8756 6
8757 6
8758 7
8759 6
8760 6
8761 7
8762 6
8763 6
8764 6
8765 7
8766 7
8767 7
8768 6
8769 7
8770 7
8771 6
8772 6
8773 7
8774 6
8775 6
8776 7
8777 6
8778 6
8779 7
8780 6
8781 8
8782 8
8783 7
8784 6
8785 6
8786 6
8787 6
8788 6
8789 6
8790 6
8791 6
8792 6
8793 6
8794 7
8795 6
8796 7
8797 7
8798 7
8799 6
8800 6
8801 7
8802 7
8803 7
8804 6
8805 7
8806 6
8807 7
8808 6
8809 6
8810 6
8811 6
8812 7
8813 7
8814 6
8815 6
8816 6
8817 8
8818 8
8819 7
8820 6
8821 7
8822 6
8823 6
8824 6
8825 6
8826 7
8827 6
8828 6
8829 6
8830 6
8831 7
8832 6
8833 6
8834 7
8835 6
8836 6
8837 7
8838 6
8839 7
8840 6
8841 7
8842 7
8843 6
8844 6
8845 7
8846 7
8847 6
8848 6
8849 7
8850 6
8851 6
8852 7
8853 6
8854 7
8855 6
8856 6
8857 7
8858 7
8859 7
8860 6
8861 8
8862 7
8863 7
8864 6
8865 6
8866 7
8867 7
8868 6
8869 6
8870 7
8871 7
8872 7
8873 6
8874 6
8875 6
8876 6
8877 7
8878 7
8879 7
8880 6
8881 7
8882 7
8883 6
8884 7
8885 7
8886 7
8887 7
8888 6
8889 7
8890 6
8891 6
8892 6
8893 8
8894 7
8895 6
8896 6
8897 6
8898 8
8899 7
8900 6
8901 6
8902 7
8903 6
8904 6
8905 7
8906 6
8907 7
8908 6
8909 7
8910 6
8911 6
8912 7
8913 8
8914 7
8915 7
8916 7
8917 7
8918 6
8919 6
8920 6
8921 7
8922 7
8923 7
8924 6
8925 6
8926 7
8927 6
8928 6
8929 7
8930 6
8931 6
8932 6
8933 8
8934 7
8935 7
8936 7
8937 7
8938 6
8939 7
8940 6
8941 8
8942 7
8943 6
8944 6
8945 7
8946 6
8947 7
8948 7
8949 6
8950 7
8951 7
8952 6
8953 7
8954 6
8955 6
8956 7
8957 6
8958 7
8959 6
8960 6
8961 6
8962 8
8963 7
8964 6
8965 6
8966 7
8967 6
8968 6
8969 7
8970 6
8971 8
8972 7
8973 7
8974 7
8975 6
8976 6
8977 7
8978 7
8979 6
8980 7
8981 7
8982 6
8983 6
8984 6
8985 7
8986 7
8987 6
8988 6
8989 7
8990 6
8991 6
8992 6
8993 6
8994 7
8995 6
8996 6
8997 8
8998 7
8999 7
9000 6
9001 8
9002 7
9003 7
9004 6
9005 7
9006 6
9007 7
9008 6
9009 6
9010 6
9011 7
9012 6
9013 8
9014 7
9015 6
9016 6
9017 6
9018 7
9019 6
9020 6
9021 7
9022 7
9023 6
9024 6
9025 6
9026 7
9027 6
9028 6
9029 8
9030 7
9031 6
9032 7
9033 7
9034 7
9035 6
9036 6
9037 6
9038 7
9039 6
9040 6
9041 7
9042 6
9043 7
9044 6
9045 6
9046 7
9047 6
9048 6
9049 7
9050 6
9051 6
9052 6
9053 7
9054 6
9055 7
9056 6
9057 8
9058 7
9059 7
9060 6
9061 6
9062 6
9063 6
9064 6
9065 6
9066 7
9067 8
9068 7
9069 7
9070 7
9071 6
9072 6
9073 7
9074 6
9075 6
9076 7
9077 6
9078 6
9079 7
9080 7
9081 7
9082 7
9083 6
9084 6
9085 6
9086 6
9087 6
9088 6
9089 7
9090 6
9091 8
9092 7
9093 7
9094 7
9095 6
9096 6
9097 8
9098 7
9099 6
9100 6
9101 7
9102 7
9103 7
9104 6
9105 7
9106 6
9107 7
9108 6
9109 8
9110 7
9111 7
9112 6
9113 6
9114 6
9115 7
9116 6
9117 7
9118 7
9119 7
9120 6
9121 7
9122 7
9123 8
9124 7
9125 6
9126 6
9127 7
9128 6
9129 6
9130 6
9131 6
9132 7
9133 8
9134 7
9135 6
9136 6
9137 8
9138 7
9139 6
9140 6
9141 7
9142 7
9143 6
9144 6
9145 7
9146 7
9147 7
9148 7
9149 6
9150 6
9151 7
9152 6
9153 6
9154 6
9155 7
9156 6
9157 7
9158 6
9159 6
9160 6
9161 7
9162 6
9163 6
9164 6
9165 6
9166 7
9167 6
9168 6
9169 7
9170 7
9171 7
9172 8
9173 8
9174 7
9175 6
9176 6
9177 7
9178 7
9179 6
9180 6
9181 9
9182 8
9183 7
9184 6
9185 6
9186 7
9187 8
9188 7
9189 7
9190 7
9191 6
9192 6
9193 7
9194 7
9195 7
9196 6
9197 6
9198 6
9199 7
9200 6
9201 8
9202 7
9203 7
9204 6
9205 7
9206 7
9207 6
9208 6
9209 7
9210 6
9211 7
9212 6
9213 6
9214 6
9215 6
9216 6
9217 7
9218 7
9219 6
9220 6
9221 8
9222 7
9223 7
9224 7
9225 6
9226 7
9227 8
9228 7
9229 7
9230 6
9231 6
9232 7
9233 6
9234 6
9235 8
9236 7
9237 7
9238 6
9239 7
9240 6
9241 8
9242 7
9243 6
9244 7
9245 6
9246 6
9247 6
9248 6
9249 7
9250 6
9251 6
9252 6
9253 6
9254 6
9255 7
9256 6
9257 8
9258 7
9259 6
9260 6
9261 7
9262 7
9263 6
9264 6
9265 6
9266 6
9267 7
9268 6
9269 6
9270 6
9271 6
9272 6
9273 6
9274 7
9275 6
9276 7
9277 8
9278 7
9279 6
9280 6
9281 8
9282 7
9283 7
9284 6
9285 7
9286 7
9287 6
9288 6
9289 6
9290 6
9291 6
9292 6
9293 8
9294 7
9295 6
9296 6
9297 8
9298 7
9299 6
9300 6
9301 7
9302 7
9303 6
9304 7
9305 7
9306 6
9307 7
9308 6
9309 6
9310 6
9311 7
9312 6
9313 7
9314 7
9315 6
9316 6
9317 6
9318 7
9319 7
9320 6
9321 7
9322 7
9323 7
9324 6
9325 7
9326 7
9327 7
9328 6
9329 6
9330 6
9331 6
9332 7
9333 6
9334 6
9335 7
9336 6
9337 7
9338 6
9339 6
9340 6
9341 8
9342 7
9343 7
9344 6
9345 6
9346 7
9347 7
9348 6
9349 7
9350 6
9351 7
9352 6
9353 7
9354 8
9355 7
9356 7
9357 8
9358 7
9359 6
9360 6
9361 6
9362 7
9363 7
9364 7
9365 7
9366 7
9367 6
9368 7
9369 6
9370 7
9371 7
9372 6
9373 6
9374 6
9375 6
9376 7
9377 7
9378 6
9379 6
9380 6
9381 6
9382 7
9383 6
9384 6
9385 7
9386 6
9387 6
9388 7
9389 6
9390 6
9391 8
9392 7
9393 6
9394 6
9395 7
9396 6
9397 7
9398 6
9399 6
9400 6
9401 6
9402 8
9403 8
9404 7
9405 6
9406 7
9407 6
9408 6
9409 6
9410 7
9411 7
9412 7
9413 7
9414 6
9415 6
9416 6
9417 7
9418 7
9419 7
9420 6
9421 8
9422 7
9423 6
9424 6
9425 6
9426 7
9427 7
9428 7
9429 6
9430 7
9431 7
9432 6
9433 7
9434 6
9435 6
9436 7
9437 7
9438 6
9439 7
9440 6
9441 7
9442 7
9443 6
9444 6
9445 8
9446 7
9447 6
9448 7
9449 7
9450 6
9451 6
9452 6
9453 6
9454 7
9455 6
9456 6
9457 6
9458 7
9459 7
9460 6
9461 7
9462 6
9463 7
9464 6
9465 6
9466 8
9467 7
9468 6
9469 6
9470 7
9471 6
9472 6
9473 8
9474 7
9475 7
9476 6
9477 6
9478 8
9479 7
9480 6
9481 6
9482 7
9483 6
9484 7
9485 6
9486 6
9487 7
9488 6
9489 7
9490 6
9491 7
9492 6
9493 6
9494 6
9495 6
9496 6
9497 8
9498 7
9499 6
9500 6
9501 7
9502 7
9503 6
9504 6
9505 7
9506 6
9507 8
9508 7
9509 6
9510 6
9511 7
9512 6
9513 7
9514 7
9515 6
9516 6
9517 6
9518 7
9519 6
9520 6
9521 7
9522 6
9523 6
9524 7
9525 6
9526 6
9527 6
9528 6
9529 7
9530 7
9531 6
9532 7
9533 7
9534 6
9535 7
9536 6
9537 6
9538 7
9539 7
9540 6
9541 6
9542 7
9543 7
9544 7
9545 6
9546 6
9547 7
9548 6
9549 7
9550 6
9551 7
9552 6
9553 7
9554 6
9555 6
9556 7
9557 7
9558 6
9559 6
9560 6
9561 7
9562 7
9563 6
9564 6
9565 8
9566 7
9567 7
9568 6
9569 7
9570 6
9571 6
9572 7
9573 7
9574 8
9575 7
9576 6
9577 7
9578 7
9579 6
9580 6
9581 6
9582 7
9583 6
9584 6
9585 6
9586 8
9587 7
9588 6
9589 6
9590 6
9591 6
9592 7
9593 6
9594 6
9595 6
9596 7
9597 7
9598 7
9599 6
9600 6
9601 8
9602 7
9603 6
9604 6
9605 6
9606 7
9607 6
9608 7
9609 7
9610 7
9611 7
9612 6
9613 7
9614 6
9615 7
9616 6
9617 6
9618 7
9619 7
9620 6
9621 6
9622 6
9623 7
9624 6
9625 6
9626 7
9627 7
9628 6
9629 7
9630 6
9631 7
9632 6
9633 6
9634 7
9635 6
9636 6
9637 7
9638 7
9639 6
9640 7
9641 6
9642 7
9643 8
9644 7
9645 7
9646 6
9647 7
9648 6
9649 7
9650 6
9651 7
9652 6
9653 6
9654 7
9655 7
9656 6
9657 6
9658 7
9659 6
9660 6
9661 8
9662 7
9663 7
9664 6
9665 6
9666 7
9667 7
9668 7
9669 6
9670 7
9671 6
9672 6
9673 7
9674 7
9675 6
9676 6
9677 8
9678 7
9679 7
9680 6
9681 7
9682 7
9683 6
9684 6
9685 7
9686 6
9687 7
9688 6
9689 7
9690 6
9691 7
9692 7
9693 7
9694 6
9695 6
9696 6
9697 7
9698 6
9699 6
9700 6
9701 6
9702 6
9703 6
9704 6
9705 7
9706 7
9707 6
9708 7
9709 6
9710 7
9711 6
9712 6
9713 7
9714 7
9715 6
9716 6
9717 7
9718 7
9719 7
9720 6
9721 8
9722 7
9723 6
9724 6
9725 6
9726 7
9727 6
9728 6
9729 7
9730 7
9731 6
9732 6
9733 8
9734 7
9735 6
9736 6
9737 6
9738 6
9739 7
9740 6
9741 6
9742 8
9743 7
9744 6
9745 7
9746 7
9747 6
9748 7
9749 7
9750 6
9751 6
9752 6
9753 8
9754 7
9755 7
9756 6
9757 7
9758 6
9759 7
9760 6
9761 6
9762 7
9763 7
9764 7
9765 6
9766 6
9767 7
9768 6
9769 8
9770 7
9771 7
9772 6
9773 7
9774 6
9775 6
9776 6
9777 7
9778 7
9779 6
9780 6
9781 7
9782 6
9783 7
9784 6
9785 6
9786 6
9787 7
9788 6
9789 6
9790 7
9791 7
9792 6
9793 6
9794 6
9795 7
9796 6
9797 6
9798 6
9799 7
9800 6
9801 6
9802 6
9803 7
9804 6
9805 7
9806 7
9807 7
9808 6
9809 6
9810 7
9811 7
9812 6
9813 8
9814 7
9815 6
9816 6
9817 8
9818 7
9819 6
9820 6
9821 6
9822 6
9823 6
9824 6
9825 6
9826 6
9827 6
9828 6
9829 7
9830 6
9831 6
9832 8
9833 7
9834 6
9835 7
9836 7
9837 6
9838 7
9839 7
9840 6
9841 6
9842 6
9843 6
9844 6
9845 6
9846 7
9847 6
9848 6
9849 6
9850 6
9851 8
9852 7
9853 7
9854 6
9855 6
9856 6
9857 8
9858 7
9859 7
9860 6
9861 6
9862 8
9863 7
9864 6
9865 8
9866 7
9867 6
9868 7
9869 7
9870 7
9871 7
9872 6
9873 7
9874 7
9875 6
9876 7
9877 6
9878 7
9879 6
9880 6
9881 7
9882 6
9883 7
9884 6
9885 7
9886 7
9887 7
9888 6
9889 6
9890 6
9891 6
9892 8
9893 7
9894 6
9895 7
9896 7
9897 7
9898 7
9899 6
9900 6
9901 9
9902 8
9903 7
9904 7
9905 7
9906 6
9907 8
9908 7
9909 7
9910 7
9911 6
9912 6
9913 7
9914 7
9915 6
9916 6
9917 6
9918 6
9919 6
9920 6
9921 7
9922 6
9923 8
9924 7
9925 7
9926 7
9927 7
9928 7
9929 8
9930 7
9931 7
9932 6
9933 6
9934 8
9935 7
9936 6
9937 8
9938 8
9939 7
9940 6
9941 8
9942 7
9943 6
9944 6
9945 6
9946 7
9947 6
9948 6
9949 7
9950 6
9951 6
9952 6
9953 6
9954 6
9955 6
9956 6
9957 7
9958 6
9959 6
9960 6
9961 6
9962 7
9963 6
9964 6
9965 6
9966 6
9967 7
9968 6
9969 7
9970 6
9971 6
9972 6
9973 8
9974 7
9975 6
9976 6
9977 7
9978 7
9979 7
9980 6
9981 6
9982 7
9983 6
9984 6
9985 8
9986 7
9987 7
9988 6
9989 7
9990 6
9991 6
9992 7
9993 7
9994 6
9995 7
9996 6
9997 6
9998 7
9999 6
10000 6
