1 0
2 1
3 1
4 0
5 1
6 1
7 1
8 1
9 0
10 1
11 3
12 1
13 4
14 1
15 1
16 0
17 6
18 1
19 7
20 2
21 1
22 2
23 9
24 1
25 0
26 2
27 0
28 1
29 13
30 1
31 13
32 2
33 1
34 4
35 1
36 0
37 16
38 6
39 2
40 1
41 19
42 3
43 20
44 2
45 2
46 7
47 23
48 1
49 0
50 0
51 3
52 1
53 26
54 2
55 1
56 1
57 2
58 8
59 29
60 1
61 31
62 11
63 1
64 0
65 0
66 0
67 35
68 2
69 5
70 1
71 37
72 1
73 39
74 13
75 1
76 2
77 2
78 1
79 42
80 1
81 0
82 15
83 45
84 3
85 2
86 17
87 8
88 0
89 49
90 1
91 2
92 4
93 8
94 18
95 3
96 1
97 53
98 1
99 1
100 0
101 55
102 0
103 57
104 0
105 1
106 21
107 60
108 1
109 62
110 3
111 12
112 1
113 65
114 2
115 4
116 7
117 1
118 26
119 2
120 1
121 0
122 25
123 13
124 8
125 0
126 2
127 73
128 0
129 14
130 1
131 76
132 3
133 1
134 28
135 2
136 1
137 79
138 2
139 80
140 1
141 16
142 31
143 2
144 0
145 5
146 31
147 0
148 9
149 87
150 4
151 89
152 3
153 2
154 0
155 5
156 3
157 92
158 35
159 19
160 1
161 2
162 1
163 97
164 11
165 1
166 38
167 100
168 1
169 0
170 0
171 1
172 10
173 105
174 4
175 0
176 1
177 20
178 41
179 108
180 1
181 109
182 3
183 22
184 2
185 8
186 5
187 1
188 13
189 2
190 1
191 116
192 1
193 117
194 46
195 1
196 0
197 120
198 1
199 121
200 0
201 26
202 49
203 4
204 3
205 9
206 50
207 2
208 2
209 1
210 1
211 129
212 17
213 26
214 51
215 12
216 3
217 5
218 52
219 29
220 1
221 1
222 8
223 137
224 4
225 0
226 54
227 140
228 1
229 141
230 2
231 6
232 5
233 143
234 4
235 12
236 19
237 31
238 2
239 148
240 0
241 149
242 0
243 2
244 21
245 2
246 9
247 1
248 4
249 32
250 2
251 156
252 1
253 1
254 64
255 2
256 0
257 160
258 10
259 6
260 0
261 3
262 65
263 164
264 0
265 12
266 2
267 36
268 21
269 170
270 0
271 171
272 5
273 4
274 69
275 1
276 1
277 176
278 72
279 3
280 2
281 179
282 11
283 180
284 26
285 3
286 2
287 8
288 1
289 0
290 0
291 41
292 25
293 187
294 2
295 18
296 5
297 0
298 77
299 0
300 1
301 8
302 78
303 42
304 2
305 17
306 3
307 195
308 1
309 43
310 2
311 197
312 1
313 199
314 80
315 2
316 29
317 202
318 15
319 3
320 1
321 47
322 1
323 3
324 0
325 1
326 83
327 48
328 7
329 11
330 1
331 210
332 31
333 6
334 86
335 21
336 1
337 215
338 0
339 50
340 1
341 3
342 7
343 1
344 8
345 1
346 89
347 222
348 3
349 224
350 2
351 1
352 1
353 227
354 15
355 22
356 34
357 2
358 95
359 232
360 1
361 0
362 95
363 0
364 1
365 24
366 17
367 237
368 0
369 8
370 6
371 12
372 3
373 241
374 5
375 0
376 8
377 3
378 2
379 245
380 0
381 55
382 100
383 248
384 1
385 2
386 102
387 5
388 36
389 252
390 1
391 2
392 1
393 58
394 105
395 25
396 1
397 259
398 107
399 1
400 0
401 262
402 18
403 0
404 39
405 2
406 0
407 3
408 0
409 268
410 4
411 62
412 40
413 13
414 3
415 29
416 1
417 63
418 3
419 274
420 1
421 275
422 113
423 8
424 11
425 2
426 22
427 15
428 43
429 1
430 6
431 282
432 5
433 283
434 4
435 3
436 42
437 1
438 20
439 288
440 1
441 0
442 0
443 290
444 2
445 31
446 121
447 68
448 0
449 295
450 0
451 4
452 44
453 68
454 123
455 3
456 0
457 301
458 125
459 1
460 1
461 304
462 2
463 306
464 4
465 2
466 128
467 309
468 1
469 20
470 8
471 74
472 16
473 7
474 25
475 6
476 4
477 12
478 132
479 317
480 1
481 4
482 133
483 1
484 0
485 34
486 0
487 323
488 13
489 78
490 0
491 326
492 7
493 1
494 0
495 2
496 1
497 17
498 24
499 331
500 4
501 80
502 139
503 335
504 0
505 36
506 7
507 2
508 51
509 339
510 2
511 20
512 3
513 1
514 142
515 37
516 5
517 7
518 3
519 82
520 1
521 346
522 1
523 348
524 55
525 2
526 147
527 1
528 1
529 0
530 8
531 11
532 1
533 2
534 26
535 37
536 15
537 85
538 150
539 2
540 0
541 361
542 151
543 86
544 0
545 40
546 1
547 364
548 58
549 14
550 2
551 1
552 1
553 22
554 153
555 2
556 57
557 371
558 1
559 5
560 1
561 1
562 155
563 375
564 6
565 42
566 158
567 5
568 18
569 380
570 4
571 382
572 1
573 93
574 4
575 2
576 0
577 386
578 0
579 93
580 0
581 24
582 32
583 8
584 19
585 2
586 163
587 394
588 0
589 0
590 12
591 96
592 3
593 399
594 0
595 1
596 64
597 97
598 2
599 403
600 1
601 404
602 4
603 15
604 66
605 5
606 33
607 409
608 2
609 1
610 12
611 6
612 2
613 413
614 174
615 4
616 4
617 415
618 34
619 416
620 3
621 1
622 177
623 27
624 2
625 0
626 177
627 1
628 69
629 1
630 3
631 426
632 21
633 103
634 180
635 50
636 9
637 0
638 0
639 17
640 0
641 434
642 38
643 435
644 6
645 5
646 1
647 437
648 2
649 11
650 1
651 3
652 70
653 440
654 37
655 51
656 3
657 17
658 7
659 445
660 2
661 445
662 191
663 3
664 24
665 2
666 2
667 3
668 72
669 109
670 15
671 12
672 1
673 456
674 194
675 4
676 0
677 460
678 38
679 29
680 1
681 114
682 1
683 465
684 10
685 53
686 1
687 115
688 5
689 9
690 6
691 470
692 75
693 0
694 200
695 55
696 0
697 4
698 200
699 117
700 1
701 479
702 0
703 2
704 6
705 5
706 203
707 33
708 9
709 486
710 16
711 19
712 25
713 2
714 2
715 4
716 78
717 118
718 207
719 492
720 1
721 32
722 1
723 121
724 83
725 1
726 1
727 496
728 2
729 0
730 16
731 2
732 10
733 501
734 212
735 1
736 0
737 12
738 2
739 506
740 1
741 1
742 5
743 508
744 0
745 59
746 216
747 19
748 3
749 33
750 1
751 512
752 3
753 128
754 3
755 61
756 0
757 517
758 221
759 2
760 1
761 521
762 46
763 36
764 85
765 1
766 224
767 9
768 1
769 527
770 1
771 132
772 87
773 530
774 3
775 5
776 30
777 1
778 228
779 3
780 2
781 15
782 1
783 1
784 0
785 61
786 47
787 539
788 88
789 132
790 20
791 40
792 1
793 11
794 232
795 8
796 90
797 547
798 1
799 5
800 0
801 24
802 233
803 18
804 15
805 0
806 2
807 137
808 29
809 554
810 0
811 554
812 11
813 139
814 3
815 66
816 2
817 4
818 238
819 1
820 3
821 562
822 49
823 564
824 31
825 1
826 10
827 568
828 5
829 569
830 21
831 143
832 1
833 2
834 51
835 68
836 4
837 2
838 246
839 576
840 1
841 0
842 247
843 145
844 97
845 0
846 4
847 1
848 7
849 145
850 1
851 1
852 12
853 587
854 9
855 2
856 32
857 590
858 6
859 592
860 5
861 4
862 253
863 594
864 0
865 74
866 254
867 1
868 3
869 17
870 6
871 10
872 32
873 26
874 2
875 0
876 13
877 604
878 257
879 153
880 1
881 607
882 3
883 609
884 3
885 7
886 258
887 613
888 2
889 43
890 21
891 1
892 105
893 3
894 56
895 76
896 1
897 1
898 264
899 5
900 0
901 4
902 0
903 1
904 33
905 75
906 55
907 627
908 104
909 29
910 0
911 631
912 0
913 19
914 270
915 9
916 105
917 45
918 6
919 637
920 4
921 160
922 272
923 15
924 1
925 2
926 274
927 31
928 0
929 646
930 11
931 1
932 109
933 162
934 278
935 5
936 2
937 650
938 12
939 165
940 4
941 652
942 62
943 3
944 9
945 1
946 3
947 657
948 18
949 13
950 2
951 167
952 5
953 662
954 5
955 81
956 114
957 2
958 287
959 50
960 1
961 0
962 0
963 31
964 113
965 82
966 2
967 672
968 0
969 2
970 26
971 676
972 0
973 50
974 290
975 0
976 10
977 680
978 64
979 23
980 5
981 34
982 293
983 686
984 3
985 85
986 0
987 4
988 2
989 2
990 0
991 692
992 1
993 170
994 13
995 85
996 19
997 696
998 297
999 1
1000 2
