# Table of n, A261865(n) for n = 1..10000
1 2
2 2
3 3
4 2
5 2
6 3
7 2
8 2
9 2
10 3
11 2
12 2
13 3
14 2
15 2
16 2
17 3
18 2
19 2
20 3
21 2
22 2
23 7
24 2
25 2
26 2
27 3
28 2
29 2
30 15
31 2
32 2
33 2
34 3
35 2
36 2
37 7
38 2
39 2
40 5
41 2
42 2
43 2
44 5
45 2
46 2
47 7
48 2
49 2
50 2
51 3
52 2
53 2
54 13
55 2
56 2
57 2
58 3
59 2
60 2
61 6
62 2
63 2
64 3
65 2
66 2
67 2
68 6
69 2
70 2
71 3
72 2
73 2
74 2
75 6
76 2
77 2
78 5
79 2
80 2
81 3
82 2
83 2
84 2
85 6
86 2
87 2
88 3
89 2
90 2
91 2
92 7
93 2
94 2
95 3
96 2
97 2
98 2
99 11
100 2
101 2
102 3
103 2
104 2
105 3
106 2
107 2
108 2
109 3
110 2
111 2
112 3
113 2
114 2
115 2
116 3
117 2
118 2
119 3
120 2
121 2
122 3
123 2
124 2
125 2
126 3
127 2
128 2
129 3
130 2
131 2
132 2
133 3
134 2
135 2
136 3
137 2
138 2
139 6
140 2
141 2
142 2
143 3
144 2
145 2
146 6
147 2
148 2
149 2
150 3
151 2
152 2
153 7
154 2
155 2
156 2
157 3
158 2
159 2
160 5
161 2
162 2
163 5
164 2
165 2
166 2
167 5
168 2
169 2
170 10
171 2
172 2
173 2
174 3
175 2
176 2
177 7
178 2
179 2
180 3
181 2
182 2
183 2
184 38
185 2
186 2
187 3
188 2
189 2
190 2
191 6
192 2
193 2
194 5
195 2
196 2
197 2
198 6
199 2
200 2
201 5
202 2
203 2
204 3
205 2
206 2
207 2
208 6
209 2
210 2
211 3
212 2
213 2
214 2
215 6
216 2
217 2
218 3
219 2
220 2
221 3
222 2
223 2
224 2
225 3
226 2
227 2
228 3
229 2
230 2
231 2
232 3
233 2
234 2
235 3
236 2
237 2
238 7
239 2
240 2
241 2
242 3
243 2
244 2
245 3
246 2
247 2
248 2
249 3
250 2
251 2
252 3
253 2
254 2
255 2
256 3
257 2
258 2
259 3
260 2
261 2
262 6
263 2
264 2
265 2
266 3
267 2
268 2
269 6
270 2
271 2
272 2
273 3
274 2
275 2
276 6
277 2
278 2
279 5
280 2
281 2
282 2
283 5
284 2
285 2
286 5
287 2
288 2
289 2
290 3
291 2
292 2
293 6
294 2
295 2
296 2
297 3
298 2
299 2
300 10
301 2
302 2
303 3
304 2
305 2
306 2
307 21
308 2
309 2
310 3
311 2
312 2
313 2
314 7
315 2
316 2
317 5
318 2
319 2
320 3
321 2
322 2
323 2
324 5
325 2
326 2
327 3
328 2
329 2
330 2
331 11
332 2
333 2
334 3
335 2
336 2
337 2
338 6
339 2
340 2
341 3
342 2
343 2
344 3
345 2
346 2
347 2
348 3
349 2
350 2
351 3
352 2
353 2
354 2
355 3
356 2
357 2
358 3
359 2
360 2
361 3
362 2
363 2
364 2
365 3
366 2
367 2
368 3
369 2
370 2
371 2
372 3
373 2
374 2
375 3
376 2
377 2
378 7
379 2
380 2
381 2
382 3
383 2
384 2
385 10
386 2
387 2
388 2
389 3
390 2
391 2
392 10
393 2
394 2
395 2
396 3
397 2
398 2
399 6
400 2
401 2
402 5
403 2
404 2
405 2
406 5
407 2
408 2
409 5
410 2
411 2
412 2
413 3
414 2
415 2
416 6
417 2
418 2
419 3
420 2
421 2
422 2
423 6
424 2
425 2
426 3
427 2
428 2
429 2
430 10
431 2
432 2
433 3
434 2
435 2
436 2
437 11
438 2
439 2
440 5
441 2
442 2
443 3
444 2
445 2
446 2
447 5
448 2
449 2
450 3
451 2
452 2
453 2
454 11
455 2
456 2
457 3
458 2
459 2
460 3
461 2
462 2
463 2
464 3
465 2
466 2
467 3
468 2
469 2
470 2
471 3
472 2
473 2
474 3
475 2
476 2
477 6
478 2
479 2
480 2
481 3
482 2
483 2
484 3
485 2
486 2
487 2
488 3
489 2
490 2
491 3
492 2
493 2
494 2
495 3
496 2
497 2
498 3
499 2
500 2
501 13
502 2
503 2
504 2
505 3
506 2
507 2
508 13
509 2
510 2
511 2
512 3
513 2
514 2
515 7
516 2
517 2
518 5
519 2
520 2
521 2
522 13
523 2
524 2
525 5
526 2
527 2
528 2
529 5
530 2
531 2
532 5
533 2
534 2
535 2
536 3
537 2
538 2
539 7
540 2
541 2
542 3
543 2
544 2
545 2
546 6
547 2
548 2
549 3
550 2
551 2
552 2
553 6
554 2
555 2
556 5
557 2
558 2
559 3
560 2
561 2
562 2
563 5
564 2
565 2
566 3
567 2
568 2
569 2
570 5
571 2
572 2
573 3
574 2
575 2
576 2
577 11
578 2
579 2
580 3
581 2
582 2
583 3
584 2
585 2
586 2
587 3
588 2
589 2
590 3
591 2
592 2
593 2
594 3
595 2
596 2
597 3
598 2
599 2
600 6
601 2
602 2
603 2
604 3
605 2
606 2
607 3
608 2
609 2
610 2
611 3
612 2
613 2
614 3
615 2
616 2
617 5
618 2
619 2
620 2
621 3
622 2
623 2
624 6
625 2
626 2
627 2
628 3
629 2
630 2
631 6
632 2
633 2
634 2
635 3
636 2
637 2
638 10
639 2
640 2
641 5
642 2
643 2
644 2
645 7
646 2
647 2
648 5
649 2
650 2
651 2
652 3
653 2
654 2
655 5
656 2
657 2
658 3
659 2
660 2
661 2
662 14
663 2
664 2
665 3
666 2
667 2
668 2
669 7
670 2
671 2
672 3
673 2
674 2
675 2
676 6
677 2
678 2
679 5
680 2
681 2
682 3
683 2
684 2
685 2
686 5
687 2
688 2
689 3
690 2
691 2
692 2
693 5
694 2
695 2
696 3
697 2
698 2
699 3
700 2
701 2
702 2
703 3
704 2
705 2
706 3
707 2
708 2
709 2
710 3
711 2
712 2
713 3
714 2
715 2
716 7
717 2
718 2
719 2
720 3
721 2
722 2
723 3
724 2
725 2
726 2
727 3
728 2
729 2
730 3
731 2
732 2
733 2
734 3
735 2
736 2
737 3
738 2
739 2
740 5
741 2
742 2
743 2
744 3
745 2
746 2
747 6
748 2
749 2
750 2
751 3
752 2
753 2
754 6
755 2
756 2
757 13
758 2
759 2
760 2
761 6
762 2
763 2
764 5
765 2
766 2
767 2
768 10
769 2
770 2
771 5
772 2
773 2
774 2
775 3
776 2
777 2
778 5
779 2
780 2
781 3
782 2
783 2
784 2
785 7
786 2
787 2
788 3
789 2
790 2
791 2
792 11
793 2
794 2
795 3
796 2
797 2
798 3
799 2
800 2
801 2
802 5
803 2
804 2
805 3
806 2
807 2
808 2
809 5
810 2
811 2
812 3
813 2
814 2
815 3
816 2
817 2
818 2
819 3
820 2
821 2
822 3
823 2
824 2
825 2
826 3
827 2
828 2
829 3
830 2
831 2
832 2
833 3
834 2
835 2
836 3
837 2
838 2
839 11
840 2
841 2
842 2
843 3
844 2
845 2
846 3
847 2
848 2
849 2
850 3
851 2
852 2
853 3
854 2
855 2
856 5
857 2
858 2
859 2
860 3
861 2
862 2
863 5
864 2
865 2
866 2
867 3
868 2
869 2
870 7
871 2
872 2
873 2
874 3
875 2
876 2
877 22
878 2
879 2
880 19
881 2
882 2
883 2
884 6
885 2
886 2
887 5
888 2
889 2
890 2
891 6
892 2
893 2
894 5
895 2
896 2
897 3
898 2
899 2
900 2
901 5
902 2
903 2
904 3
905 2
906 2
907 2
908 6
909 2
910 2
911 3
912 2
913 2
914 2
915 7
916 2
917 2
918 6
919 2
920 2
921 3
922 2
923 2
924 2
925 5
926 2
927 2
928 3
929 2
930 2
931 2
932 5
933 2
934 2
935 3
936 2
937 2
938 3
939 2
940 2
941 2
942 3
943 2
944 2
945 3
946 2
947 2
948 2
949 3
950 2
951 2
952 3
953 2
954 2
955 6
956 2
957 2
958 2
959 3
960 2
961 2
962 6
963 2
964 2
965 2
966 3
967 2
968 2
969 3
970 2
971 2
972 2
973 3
974 2
975 2
976 3
977 2
978 2
979 5
980 2
981 2
982 2
983 3
984 2
985 2
986 5
987 2
988 2
989 2
990 3
991 2
992 2
993 17
994 2
995 2
996 6
997 2
998 2
999 2
1000 7
1001 2
1002 2
1003 5
1004 2
1005 2
1006 2
1007 23
1008 2
1009 2
1010 5
1011 2
1012 2
1013 2
1014 3
1015 2
1016 2
1017 5
1018 2
1019 2
1020 3
1021 2
1022 2
1023 2
1024 5
1025 2
1026 2
1027 3
1028 2
1029 2
1030 2
1031 6
1032 2
1033 2
1034 3
1035 2
1036 2
1037 3
1038 2
1039 2
1040 2
1041 6
1042 2
1043 2
1044 3
1045 2
1046 2
1047 2
1048 5
1049 2
1050 2
1051 3
1052 2
1053 2
1054 3
1055 2
1056 2
1057 2
1058 3
1059 2
1060 2
1061 3
1062 2
1063 2
1064 2
1065 3
1066 2
1067 2
1068 3
1069 2
1070 2
1071 2
1072 3
1073 2
1074 2
1075 3
1076 2
1077 2
1078 10
1079 2
1080 2
1081 2
1082 3
1083 2
1084 2
1085 3
1086 2
1087 2
1088 2
1089 3
1090 2
1091 2
1092 3
1093 2
1094 2
1095 5
1096 2
1097 2
1098 2
1099 3
1100 2
1101 2
1102 5
1103 2
1104 2
1105 2
1106 3
1107 2
1108 2
1109 5
1110 2
1111 2
1112 2
1113 3
1114 2
1115 2
1116 6
1117 2
1118 2
1119 6
1120 2
1121 2
1122 2
1123 15
1124 2
1125 2
1126 5
1127 2
1128 2
1129 2
1130 11
1131 2
1132 2
1133 5
1134 2
1135 2
1136 3
1137 2
1138 2
1139 2
1140 5
1141 2
1142 2
1143 3
1144 2
1145 2
1146 2
1147 5
1148 2
1149 2
1150 3
1151 2
1152 2
1153 2
1154 10
1155 2
1156 2
1157 3
1158 2
1159 2
1160 3
1161 2
1162 2
1163 2
1164 5
1165 2
1166 2
1167 3
1168 2
1169 2
1170 2
1171 5
1172 2
1173 2
1174 3
1175 2
1176 2
1177 3
1178 2
1179 2
1180 2
1181 3
1182 2
1183 2
1184 3
1185 2
1186 2
1187 2
1188 3
1189 2
1190 2
1191 3
1192 2
1193 2
1194 5
1195 2
1196 2
1197 2
1198 3
1199 2
1200 2
1201 7
1202 2
1203 2
1204 2
1205 3
1206 2
1207 2
1208 3
1209 2
1210 2
1211 2
1212 3
1213 2
1214 2
1215 3
1216 2
1217 2
1218 5
1219 2
1220 2
1221 2
1222 3
1223 2
1224 2
1225 5
1226 2
1227 2
1228 2
1229 3
1230 2
1231 2
1232 5
1233 2
1234 2
1235 7
1236 2
1237 2
1238 2
1239 6
1240 2
1241 2
1242 10
1243 2
1244 2
1245 2
1246 6
1247 2
1248 2
1249 5
1250 2
1251 2
1252 2
1253 11
1254 2
1255 2
1256 5
1257 2
1258 2
1259 3
1260 2
1261 2
1262 2
1263 5
1264 2
1265 2
1266 3
1267 2
1268 2
1269 2
1270 5
1271 2
1272 2
1273 3
1274 2
1275 2
1276 3
1277 2
1278 2
1279 2
1280 7
1281 2
1282 2
1283 3
1284 2
1285 2
1286 2
1287 5
1288 2
1289 2
1290 3
1291 2
1292 2
1293 3
1294 2
1295 2
1296 2
1297 3
1298 2
1299 2
1300 3
1301 2
1302 2
1303 2
1304 3
1305 2
1306 2
1307 3
1308 2
1309 2
1310 2
1311 3
1312 2
1313 2
1314 3
1315 2
1316 2
1317 5
1318 2
1319 2
1320 2
1321 3
1322 2
1323 2
1324 10
1325 2
1326 2
1327 2
1328 3
1329 2
1330 2
1331 3
1332 2
1333 2
1334 5
1335 2
1336 2
1337 2
1338 3
1339 2
1340 2
1341 5
1342 2
1343 2
1344 2
1345 3
1346 2
1347 2
1348 5
1349 2
1350 2
1351 2
1352 3
1353 2
1354 2
1355 5
1356 2
1357 2
1358 14
1359 2
1360 2
1361 2
1362 7
1363 2
1364 2
1365 7
1366 2
1367 2
1368 2
1369 6
1370 2
1371 2
1372 5
1373 2
1374 2
1375 3
1376 2
1377 2
1378 2
1379 5
1380 2
1381 2
1382 3
1383 2
1384 2
1385 2
1386 5
1387 2
1388 2
1389 3
1390 2
1391 2
1392 3
1393 2
1394 2
1395 2
1396 3
1397 2
1398 2
1399 3
1400 2
1401 2
1402 2
1403 6
1404 2
1405 2
1406 3
1407 2
1408 2
1409 2
1410 5
1411 2
1412 2
1413 3
1414 2
1415 2
1416 3
1417 2
1418 2
1419 2
1420 3
1421 2
1422 2
1423 3
1424 2
1425 2
1426 2
1427 3
1428 2
1429 2
1430 3
1431 2
1432 2
1433 5
1434 2
1435 2
1436 2
1437 3
1438 2
1439 2
1440 5
1441 2
1442 2
1443 2
1444 3
1445 2
1446 2
1447 3
1448 2
1449 2
1450 2
1451 3
1452 2
1453 2
1454 3
1455 2
1456 2
1457 5
1458 2
1459 2
1460 2
1461 3
1462 2
1463 2
1464 5
1465 2
1466 2
1467 2
1468 3
1469 2
1470 2
1471 5
1472 2
1473 2
1474 6
1475 2
1476 2
1477 2
1478 5
1479 2
1480 2
1481 6
1482 2
1483 2
1484 2
1485 11
1486 2
1487 2
1488 17
1489 2
1490 2
1491 2
1492 7
1493 2
1494 2
1495 5
1496 2
1497 2
1498 3
1499 2
1500 2
1501 2
1502 5
1503 2
1504 2
1505 3
1506 2
1507 2
1508 2
1509 5
1510 2
1511 2
1512 3
1513 2
1514 2
1515 3
1516 2
1517 2
1518 2
1519 3
1520 2
1521 2
1522 3
1523 2
1524 2
1525 2
1526 6
1527 2
1528 2
1529 3
1530 2
1531 2
1532 3
1533 2
1534 2
1535 2
1536 3
1537 2
1538 2
1539 3
1540 2
1541 2
1542 2
1543 3
1544 2
1545 2
1546 3
1547 2
1548 2
1549 2
1550 3
1551 2
1552 2
1553 3
1554 2
1555 2
1556 5
1557 2
1558 2
1559 2
1560 3
1561 2
1562 2
1563 5
1564 2
1565 2
1566 2
1567 3
1568 2
1569 2
1570 3
1571 2
1572 2
1573 19
1574 2
1575 2
1576 2
1577 3
1578 2
1579 2
1580 5
1581 2
1582 2
1583 2
1584 3
1585 2
1586 2
1587 5
1588 2
1589 2
1590 2
1591 3
1592 2
1593 2
1594 5
1595 2
1596 2
1597 6
1598 2
1599 2
1600 2
1601 5
1602 2
1603 2
1604 6
1605 2
1606 2
1607 2
1608 7
1609 2
1610 2
1611 6
1612 2
1613 2
1614 3
1615 2
1616 2
1617 2
1618 5
1619 2
1620 2
1621 3
1622 2
1623 2
1624 2
1625 5
1626 2
1627 2
1628 3
1629 2
1630 2
1631 3
1632 2
1633 2
1634 2
1635 3
1636 2
1637 2
1638 3
1639 2
1640 2
1641 2
1642 14
1643 2
1644 2
1645 3
1646 2
1647 2
1648 2
1649 15
1650 2
1651 2
1652 3
1653 2
1654 2
1655 3
1656 2
1657 2
1658 2
1659 3
1660 2
1661 2
1662 3
1663 2
1664 2
1665 2
1666 3
1667 2
1668 2
1669 3
1670 2
1671 2
1672 5
1673 2
1674 2
1675 2
1676 3
1677 2
1678 2
1679 5
1680 2
1681 2
1682 2
1683 3
1684 2
1685 2
1686 17
1687 2
1688 2
1689 2
1690 3
1691 2
1692 2
1693 3
1694 2
1695 2
1696 15
1697 2
1698 2
1699 2
1700 3
1701 2
1702 2
1703 5
1704 2
1705 2
1706 2
1707 3
1708 2
1709 2
1710 5
1711 2
1712 2
1713 10
1714 2
1715 2
1716 2
1717 5
1718 2
1719 2
1720 10
1721 2
1722 2
1723 2
1724 5
1725 2
1726 2
1727 7
1728 2
1729 2
1730 2
1731 6
1732 2
1733 2
1734 6
1735 2
1736 2
1737 3
1738 2
1739 2
1740 2
1741 5
1742 2
1743 2
1744 3
1745 2
1746 2
1747 2
1748 5
1749 2
1750 2
1751 3
1752 2
1753 2
1754 3
1755 2
1756 2
1757 2
1758 3
1759 2
1760 2
1761 3
1762 2
1763 2
1764 2
1765 19
1766 2
1767 2
1768 3
1769 2
1770 2
1771 3
1772 2
1773 2
1774 2
1775 3
1776 2
1777 2
1778 3
1779 2
1780 2
1781 2
1782 3
1783 2
1784 2
1785 3
1786 2
1787 2
1788 2
1789 3
1790 2
1791 2
1792 3
1793 2
1794 2
1795 5
1796 2
1797 2
1798 2
1799 3
1800 2
1801 2
1802 5
1803 2
1804 2
1805 2
1806 3
1807 2
1808 2
1809 3
1810 2
1811 2
1812 6
1813 2
1814 2
1815 2
1816 3
1817 2
1818 2
1819 6
1820 2
1821 2
1822 2
1823 3
1824 2
1825 2
1826 5
1827 2
1828 2
1829 2
1830 3
1831 2
1832 2
1833 5
1834 2
1835 2
1836 7
1837 2
1838 2
1839 2
1840 5
1841 2
1842 2
1843 10
1844 2
1845 2
1846 2
1847 11
1848 2
1849 2
1850 11
1851 2
1852 2
1853 3
1854 2
1855 2
1856 2
1857 7
1858 2
1859 2
1860 3
1861 2
1862 2
1863 2
1864 5
1865 2
1866 2
1867 3
1868 2
1869 2
1870 3
1871 2
1872 2
1873 2
1874 3
1875 2
1876 2
1877 3
1878 2
1879 2
1880 2
1881 3
1882 2
1883 2
1884 3
1885 2
1886 2
1887 2
1888 6
1889 2
1890 2
1891 3
1892 2
1893 2
1894 3
1895 2
1896 2
1897 2
1898 3
1899 2
1900 2
1901 3
1902 2
1903 2
1904 2
1905 3
1906 2
1907 2
1908 3
1909 2
1910 2
1911 5
1912 2
1913 2
1914 2
1915 3
1916 2
1917 2
1918 5
1919 2
1920 2
1921 2
1922 3
1923 2
1924 2
1925 5
1926 2
1927 2
1928 2
1929 3
1930 2
1931 2
1932 3
1933 2
1934 2
1935 6
1936 2
1937 2
1938 2
1939 3
1940 2
1941 2
1942 6
1943 2
1944 2
1945 2
1946 3
1947 2
1948 2
1949 5
1950 2
1951 2
1952 3
1953 2
1954 2
1955 2
1956 5
1957 2
1958 2
1959 6
1960 2
1961 2
1962 2
1963 5
1964 2
1965 2
1966 6
1967 2
1968 2
1969 2
1970 10
1971 2
1972 2
1973 7
1974 2
1975 2
1976 3
1977 2
1978 2
1979 2
1980 11
1981 2
1982 2
1983 3
1984 2
1985 2
1986 2
1987 5
1988 2
1989 2
1990 3
1991 2
1992 2
1993 3
1994 2
1995 2
1996 2
1997 3
1998 2
1999 2
2000 3
2001 2
2002 2
2003 2
2004 10
2005 2
2006 2
2007 3
2008 2
2009 2
2010 3
2011 2
2012 2
2013 2
2014 3
2015 2
2016 2
2017 3
2018 2
2019 2
2020 2
2021 3
2022 2
2023 2
2024 3
2025 2
2026 2
2027 2
2028 3
2029 2
2030 2
2031 3
2032 2
2033 2
2034 5
2035 2
2036 2
2037 2
2038 3
2039 2
2040 2
2041 5
2042 2
2043 2
2044 2
2045 3
2046 2
2047 2
2048 5
2049 2
2050 2
2051 13
2052 2
2053 2
2054 2
2055 3
2056 2
2057 2
2058 7
2059 2
2060 2
2061 2
2062 3
2063 2
2064 2
2065 13
2066 2
2067 2
2068 2
2069 3
2070 2
2071 2
2072 5
2073 2
2074 2
2075 5
2076 2
2077 2
2078 2
2079 5
2080 2
2081 2
2082 6
2083 2
2084 2
2085 2
2086 5
2087 2
2088 2
2089 6
2090 2
2091 2
2092 3
2093 2
2094 2
2095 2
2096 6
2097 2
2098 2
2099 3
2100 2
2101 2
2102 2
2103 7
2104 2
2105 2
2106 3
2107 2
2108 2
2109 3
2110 2
2111 2
2112 2
2113 3
2114 2
2115 2
2116 3
2117 2
2118 2
2119 2
2120 3
2121 2
2122 2
2123 3
2124 2
2125 2
2126 2
2127 7
2128 2
2129 2
2130 3
2131 2
2132 2
2133 3
2134 2
2135 2
2136 2
2137 3
2138 2
2139 2
2140 3
2141 2
2142 2
2143 2
2144 3
2145 2
2146 2
2147 3
2148 2
2149 2
2150 6
2151 2
2152 2
2153 2
2154 3
2155 2
2156 2
2157 5
2158 2
2159 2
2160 2
2161 3
2162 2
2163 2
2164 5
2165 2
2166 2
2167 2
2168 3
2169 2
2170 2
2171 3
2172 2
2173 2
2174 7
2175 2
2176 2
2177 2
2178 3
2179 2
2180 2
2181 10
2182 2
2183 2
2184 2
2185 3
2186 2
2187 2
2188 7
2189 2
2190 2
2191 3
2192 2
2193 2
2194 2
2195 5
2196 2
2197 2
2198 5
2199 2
2200 2
2201 2
2202 5
2203 2
2204 2
2205 11
2206 2
2207 2
2208 3
2209 2
2210 2
2211 2
2212 11
2213 2
2214 2
2215 3
2216 2
2217 2
2218 2
2219 6
2220 2
2221 2
2222 3
2223 2
2224 2
2225 2
2226 6
2227 2
2228 2
2229 3
2230 2
2231 2
2232 3
2233 2
2234 2
2235 2
2236 3
2237 2
2238 2
2239 3
2240 2
2241 2
2242 2
2243 3
2244 2
2245 2
2246 3
2247 2
2248 2
2249 3
2250 2
2251 2
2252 2
2253 3
2254 2
2255 2
2256 3
2257 2
2258 2
2259 2
2260 3
2261 2
2262 2
2263 3
2264 2
2265 2
2266 2
2267 3
2268 2
2269 2
2270 3
2271 2
2272 2
2273 6
2274 2
2275 2
2276 2
2277 3
2278 2
2279 2
2280 5
2281 2
2282 2
2283 2
2284 3
2285 2
2286 2
2287 5
2288 2
2289 2
2290 6
2291 2
2292 2
2293 2
2294 3
2295 2
2296 2
2297 6
2298 2
2299 2
2300 2
2301 3
2302 2
2303 2
2304 6
2305 2
2306 2
2307 2
2308 3
2309 2
2310 2
2311 10
2312 2
2313 2
2314 3
2315 2
2316 2
2317 2
2318 5
2319 2
2320 2
2321 5
2322 2
2323 2
2324 2
2325 5
2326 2
2327 2
2328 7
2329 2
2330 2
2331 3
2332 2
2333 2
2334 2
2335 15
2336 2
2337 2
2338 3
2339 2
2340 2
2341 2
2342 14
2343 2
2344 2
2345 3
2346 2
2347 2
2348 3
2349 2
2350 2
2351 2
2352 3
2353 2
2354 2
2355 3
2356 2
2357 2
2358 2
2359 3
2360 2
2361 2
2362 3
2363 2
2364 2
2365 2
2366 6
2367 2
2368 2
2369 3
2370 2
2371 2
2372 3
2373 2
2374 2
2375 2
2376 3
2377 2
2378 2
2379 3
2380 2
2381 2
2382 2
2383 3
2384 2
2385 2
2386 3
2387 2
2388 2
2389 7
2390 2
2391 2
2392 2
2393 3
2394 2
2395 2
2396 21
2397 2
2398 2
2399 2
2400 3
2401 2
2402 2
2403 5
2404 2
2405 2
2406 2
2407 3
2408 2
2409 2
2410 5
2411 2
2412 2
2413 14
2414 2
2415 2
2416 2
2417 3
2418 2
2419 2
2420 6
2421 2
2422 2
2423 2
2424 3
2425 2
2426 2
2427 6
2428 2
2429 2
2430 3
2431 2
2432 2
2433 2
2434 6
2435 2
2436 2
2437 5
2438 2
2439 2
2440 2
2441 5
2442 2
2443 2
2444 5
2445 2
2446 2
2447 3
2448 2
2449 2
2450 2
2451 6
2452 2
2453 2
2454 3
2455 2
2456 2
2457 2
2458 13
2459 2
2460 2
2461 3
2462 2
2463 2
2464 2
2465 7
2466 2
2467 2
2468 3
2469 2
2470 2
2471 3
2472 2
2473 2
2474 2
2475 3
2476 2
2477 2
2478 3
2479 2
2480 2
2481 2
2482 3
2483 2
2484 2
2485 3
2486 2
2487 2
2488 3
2489 2
2490 2
2491 2
2492 3
2493 2
2494 2
2495 3
2496 2
2497 2
2498 2
2499 3
2500 2
2501 2
2502 3
2503 2
2504 2
2505 2
2506 3
2507 2
2508 2
2509 3
2510 2
2511 2
2512 37
2513 2
2514 2
2515 2
2516 3
2517 2
2518 2
2519 17
2520 2
2521 2
2522 2
2523 3
2524 2
2525 2
2526 5
2527 2
2528 2
2529 7
2530 2
2531 2
2532 2
2533 3
2534 2
2535 2
2536 10
2537 2
2538 2
2539 2
2540 3
2541 2
2542 2
2543 11
2544 2
2545 2
2546 2
2547 3
2548 2
2549 2
2550 7
2551 2
2552 2
2553 3
2554 2
2555 2
2556 2
2557 6
2558 2
2559 2
2560 5
2561 2
2562 2
2563 2
2564 5
2565 2
2566 2
2567 5
2568 2
2569 2
2570 3
2571 2
2572 2
2573 2
2574 6
2575 2
2576 2
2577 3
2578 2
2579 2
2580 2
2581 6
2582 2
2583 2
2584 3
2585 2
2586 2
2587 3
2588 2
2589 2
2590 2
2591 3
2592 2
2593 2
2594 3
2595 2
2596 2
2597 2
2598 3
2599 2
2600 2
2601 3
2602 2
2603 2
2604 2
2605 3
2606 2
2607 2
2608 3
2609 2
2610 2
2611 3
2612 2
2613 2
2614 2
2615 3
2616 2
2617 2
2618 3
2619 2
2620 2
2621 2
2622 3
2623 2
2624 2
2625 3
2626 2
2627 2
2628 6
2629 2
2630 2
2631 2
2632 3
2633 2
2634 2
2635 6
2636 2
2637 2
2638 2
2639 3
2640 2
2641 2
2642 6
2643 2
2644 2
2645 2
2646 3
2647 2
2648 2
2649 5
2650 2
2651 2
2652 6
2653 2
2654 2
2655 2
2656 3
2657 2
2658 2
2659 10
2660 2
2661 2
2662 2
2663 3
2664 2
2665 2
2666 7
2667 2
2668 2
2669 3
2670 2
2671 2
2672 2
2673 11
2674 2
2675 2
2676 3
2677 2
2678 2
2679 2
2680 7
2681 2
2682 2
2683 5
2684 2
2685 2
2686 3
2687 2
2688 2
2689 2
2690 7
2691 2
2692 2
2693 3
2694 2
2695 2
2696 2
2697 10
2698 2
2699 2
2700 3
2701 2
2702 2
2703 2
2704 6
2705 2
2706 2
2707 3
2708 2
2709 2
2710 3
2711 2
2712 2
2713 2
2714 3
2715 2
2716 2
2717 3
2718 2
2719 2
2720 2
2721 3
2722 2
2723 2
2724 3
2725 2
2726 2
2727 3
2728 2
2729 2
2730 2
2731 3
2732 2
2733 2
2734 3
2735 2
2736 2
2737 2
2738 3
2739 2
2740 2
2741 3
2742 2
2743 2
2744 2
2745 3
2746 2
2747 2
2748 3
2749 2
2750 2
2751 7
2752 2
2753 2
2754 2
2755 3
2756 2
2757 2
2758 6
2759 2
2760 2
2761 2
2762 3
2763 2
2764 2
2765 6
2766 2
2767 2
2768 5
2769 2
2770 2
2771 2
2772 5
2773 2
2774 2
2775 6
2776 2
2777 2
2778 2
2779 3
2780 2
2781 2
2782 6
2783 2
2784 2
2785 3
2786 2
2787 2
2788 2
2789 6
2790 2
2791 2
2792 3
2793 2
2794 2
2795 2
2796 7
2797 2
2798 2
2799 5
2800 2
2801 2
2802 2
2803 17
2804 2
2805 2
2806 5
2807 2
2808 2
2809 3
2810 2
2811 2
2812 2
2813 14
2814 2
2815 2
2816 3
2817 2
2818 2
2819 2
2820 7
2821 2
2822 2
2823 3
2824 2
2825 2
2826 3
2827 2
2828 2
2829 2
2830 3
2831 2
2832 2
2833 3
2834 2
2835 2
2836 2
2837 3
2838 2
2839 2
2840 3
2841 2
2842 2
2843 2
2844 3
2845 2
2846 2
2847 3
2848 2
2849 2
2850 3
2851 2
2852 2
2853 2
2854 3
2855 2
2856 2
2857 3
2858 2
2859 2
2860 2
2861 3
2862 2
2863 2
2864 3
2865 2
2866 2
2867 7
2868 2
2869 2
2870 2
2871 3
2872 2
2873 2
2874 10
2875 2
2876 2
2877 2
2878 3
2879 2
2880 2
2881 7
2882 2
2883 2
2884 2
2885 3
2886 2
2887 2
2888 5
2889 2
2890 2
2891 5
2892 2
2893 2
2894 2
2895 3
2896 2
2897 2
2898 11
2899 2
2900 2
2901 2
2902 3
2903 2
2904 2
2905 6
2906 2
2907 2
2908 3
2909 2
2910 2
2911 2
2912 6
2913 2
2914 2
2915 3
2916 2
2917 2
2918 2
2919 6
2920 2
2921 2
2922 5
2923 2
2924 2
2925 3
2926 2
2927 2
2928 2
2929 5
2930 2
2931 2
2932 3
2933 2
2934 2
2935 2
2936 6
2937 2
2938 2
2939 3
2940 2
2941 2
2942 2
2943 15
2944 2
2945 2
2946 3
2947 2
2948 2
2949 3
2950 2
2951 2
2952 2
2953 3
2954 2
2955 2
2956 3
2957 2
2958 2
2959 2
2960 3
2961 2
2962 2
2963 3
2964 2
2965 2
2966 6
2967 2
2968 2
2969 2
2970 3
2971 2
2972 2
2973 3
2974 2
2975 2
2976 2
2977 3
2978 2
2979 2
2980 3
2981 2
2982 2
2983 2
2984 3
2985 2
2986 2
2987 3
2988 2
2989 2
2990 6
2991 2
2992 2
2993 2
2994 3
2995 2
2996 2
2997 7
2998 2
2999 2
3000 2
3001 3
3002 2
3003 2
3004 10
3005 2
3006 2
3007 5
3008 2
3009 2
3010 2
3011 5
3012 2
3013 2
3014 5
3015 2
3016 2
3017 2
3018 3
3019 2
3020 2
3021 7
3022 2
3023 2
3024 3
3025 2
3026 2
3027 2
3028 11
3029 2
3030 2
3031 3
3032 2
3033 2
3034 2
3035 10
3036 2
3037 2
3038 3
3039 2
3040 2
3041 2
3042 6
3043 2
3044 2
3045 5
3046 2
3047 2
3048 3
3049 2
3050 2
3051 2
3052 5
3053 2
3054 2
3055 3
3056 2
3057 2
3058 2
3059 6
3060 2
3061 2
3062 3
3063 2
3064 2
3065 3
3066 2
3067 2
3068 2
3069 3
3070 2
3071 2
3072 3
3073 2
3074 2
3075 2
3076 3
3077 2
3078 2
3079 3
3080 2
3081 2
3082 2
3083 3
3084 2
3085 2
3086 3
3087 2
3088 2
3089 3
3090 2
3091 2
3092 2
3093 3
3094 2
3095 2
3096 3
3097 2
3098 2
3099 2
3100 3
3101 2
3102 2
3103 3
3104 2
3105 2
3106 7
3107 2
3108 2
3109 2
3110 3
3111 2
3112 2
3113 6
3114 2
3115 2
3116 2
3117 3
3118 2
3119 2
3120 6
3121 2
3122 2
3123 2
3124 3
3125 2
3126 2
3127 6
3128 2
3129 2
3130 5
3131 2
3132 2
3133 2
3134 5
3135 2
3136 2
3137 5
3138 2
3139 2
3140 2
3141 3
3142 2
3143 2
3144 11
3145 2
3146 2
3147 3
3148 2
3149 2
3150 2
3151 7
3152 2
3153 2
3154 3
3155 2
3156 2
3157 2
3158 13
3159 2
3160 2
3161 5
3162 2
3163 2
3164 3
3165 2
3166 2
3167 2
3168 5
3169 2
3170 2
3171 3
3172 2
3173 2
3174 2
3175 5
3176 2
3177 2
3178 3
3179 2
3180 2
3181 2
3182 7
3183 2
3184 2
3185 3
3186 2
3187 2
3188 3
3189 2
3190 2
3191 2
3192 3
3193 2
3194 2
3195 3
3196 2
3197 2
3198 2
3199 3
3200 2
3201 2
3202 3
3203 2
3204 2
3205 13
3206 2
3207 2
3208 2
3209 3
3210 2
3211 2
3212 3
3213 2
3214 2
3215 2
3216 3
3217 2
3218 2
3219 3
3220 2
3221 2
3222 2
3223 3
3224 2
3225 2
3226 3
3227 2
3228 2
3229 14
3230 2
3231 2
3232 2
3233 3
3234 2
3235 2
3236 14
3237 2
3238 2
3239 2
3240 3
3241 2
3242 2
3243 6
3244 2
3245 2
3246 5
3247 2
3248 2
3249 2
3250 6
3251 2
3252 2
3253 5
3254 2
3255 2
3256 2
3257 3
3258 2
3259 2
3260 5
3261 2
3262 2
3263 3
3264 2
3265 2
3266 2
3267 6
3268 2
3269 2
3270 3
3271 2
3272 2
3273 2
3274 6
3275 2
3276 2
3277 3
3278 2
3279 2
3280 2
3281 13
3282 2
3283 2
3284 5
3285 2
3286 2
3287 3
3288 2
3289 2
3290 2
3291 5
3292 2
3293 2
3294 3
3295 2
3296 2
3297 2
3298 5
3299 2
3300 2
3301 3
3302 2
3303 2
3304 3
3305 2
3306 2
3307 2
3308 3
3309 2
3310 2
3311 3
3312 2
3313 2
3314 2
3315 3
3316 2
3317 2
3318 3
3319 2
3320 2
3321 2
3322 3
3323 2
3324 2
3325 3
3326 2
3327 2
3328 6
3329 2
3330 2
3331 2
3332 3
3333 2
3334 2
3335 3
3336 2
3337 2
3338 2
3339 3
3340 2
3341 2
3342 3
3343 2
3344 2
3345 5
3346 2
3347 2
3348 2
3349 3
3350 2
3351 2
3352 7
3353 2
3354 2
3355 2
3356 3
3357 2
3358 2
3359 11
3360 2
3361 2
3362 2
3363 3
3364 2
3365 2
3366 11
3367 2
3368 2
3369 5
3370 2
3371 2
3372 2
3373 7
3374 2
3375 2
3376 5
3377 2
3378 2
3379 2
3380 3
3381 2
3382 2
3383 5
3384 2
3385 2
3386 3
3387 2
3388 2
3389 2
3390 6
3391 2
3392 2
3393 3
3394 2
3395 2
3396 2
3397 6
3398 2
3399 2
3400 3
3401 2
3402 2
3403 3
3404 2
3405 2
3406 2
3407 5
3408 2
3409 2
3410 3
3411 2
3412 2
3413 2
3414 5
3415 2
3416 2
3417 3
3418 2
3419 2
3420 2
3421 5
3422 2
3423 2
3424 3
3425 2
3426 2
3427 3
3428 2
3429 2
3430 2
3431 3
3432 2
3433 2
3434 3
3435 2
3436 2
3437 2
3438 3
3439 2
3440 2
3441 3
3442 2
3443 2
3444 7
3445 2
3446 2
3447 2
3448 3
3449 2
3450 2
3451 3
3452 2
3453 2
3454 2
3455 3
3456 2
3457 2
3458 3
3459 2
3460 2
3461 2
3462 3
3463 2
3464 2
3465 3
3466 2
3467 2
3468 5
3469 2
3470 2
3471 2
3472 3
3473 2
3474 2
3475 6
3476 2
3477 2
3478 2
3479 3
3480 2
3481 2
3482 11
3483 2
3484 2
3485 6
3486 2
3487 2
3488 2
3489 7
3490 2
3491 2
3492 5
3493 2
3494 2
3495 2
3496 17
3497 2
3498 2
3499 5
3500 2
3501 2
3502 3
3503 2
3504 2
3505 2
3506 5
3507 2
3508 2
3509 3
3510 2
3511 2
3512 2
3513 7
3514 2
3515 2
3516 3
3517 2
3518 2
3519 2
3520 14
3521 2
3522 2
3523 26
3524 2
3525 2
3526 3
3527 2
3528 2
3529 2
3530 5
3531 2
3532 2
3533 3
3534 2
3535 2
3536 2
3537 5
3538 2
3539 2
3540 3
3541 2
3542 2
3543 3
3544 2
3545 2
3546 2
3547 3
3548 2
3549 2
3550 3
3551 2
3552 2
3553 2
3554 3
3555 2
3556 2
3557 3
3558 2
3559 2
3560 2
3561 3
3562 2
3563 2
3564 3
3565 2
3566 2
3567 10
3568 2
3569 2
3570 2
3571 3
3572 2
3573 2
3574 3
3575 2
3576 2
3577 2
3578 3
3579 2
3580 2
3581 3
3582 2
3583 2
3584 5
3585 2
3586 2
3587 2
3588 3
3589 2
3590 2
3591 5
3592 2
3593 2
3594 2
3595 3
3596 2
3597 2
3598 6
3599 2
3600 2
3601 10
3602 2
3603 2
3604 2
3605 6
3606 2
3607 2
3608 6
3609 2
3610 2
3611 2
3612 6
3613 2
3614 2
3615 5
3616 2
3617 2
3618 2
3619 3
3620 2
3621 2
3622 5
3623 2
3624 2
3625 3
3626 2
3627 2
3628 2
3629 5
3630 2
3631 2
3632 3
3633 2
3634 2
3635 2
3636 10
3637 2
3638 2
3639 3
3640 2
3641 2
3642 3
3643 2
3644 2
3645 2
3646 10
3647 2
3648 2
3649 3
3650 2
3651 2
3652 2
3653 5
3654 2
3655 2
3656 3
3657 2
3658 2
3659 2
3660 5
3661 2
3662 2
3663 3
3664 2
3665 2
3666 3
3667 2
3668 2
3669 2
3670 3
3671 2
3672 2
3673 3
3674 2
3675 2
3676 2
3677 3
3678 2
3679 2
3680 3
3681 2
3682 2
3683 15
3684 2
3685 2
3686 2
3687 3
3688 2
3689 2
3690 7
3691 2
3692 2
3693 2
3694 3
3695 2
3696 2
3697 3
3698 2
3699 2
3700 2
3701 3
3702 2
3703 2
3704 3
3705 2
3706 2
3707 5
3708 2
3709 2
3710 2
3711 3
3712 2
3713 2
3714 5
3715 2
3716 2
3717 2
3718 3
3719 2
3720 2
3721 11
3722 2
3723 2
3724 11
3725 2
3726 2
3727 2
3728 6
3729 2
3730 2
3731 5
3732 2
3733 2
3734 2
3735 6
3736 2
3737 2
3738 5
3739 2
3740 2
3741 3
3742 2
3743 2
3744 2
3745 5
3746 2
3747 2
3748 3
3749 2
3750 2
3751 2
3752 5
3753 2
3754 2
3755 3
3756 2
3757 2
3758 2
3759 6
3760 2
3761 2
3762 3
3763 2
3764 2
3765 3
3766 2
3767 2
3768 2
3769 6
3770 2
3771 2
3772 3
3773 2
3774 2
3775 2
3776 5
3777 2
3778 2
3779 3
3780 2
3781 2
3782 3
3783 2
3784 2
3785 2
3786 3
3787 2
3788 2
3789 3
3790 2
3791 2
3792 2
3793 3
3794 2
3795 2
3796 3
3797 2
3798 2
3799 2
3800 3
3801 2
3802 2
3803 3
3804 2
3805 2
3806 6
3807 2
3808 2
3809 2
3810 3
3811 2
3812 2
3813 3
3814 2
3815 2
3816 2
3817 3
3818 2
3819 2
3820 3
3821 2
3822 2
3823 5
3824 2
3825 2
3826 2
3827 3
3828 2
3829 2
3830 5
3831 2
3832 2
3833 2
3834 3
3835 2
3836 2
3837 5
3838 2
3839 2
3840 6
3841 2
3842 2
3843 2
3844 7
3845 2
3846 2
3847 11
3848 2
3849 2
3850 2
3851 10
3852 2
3853 2
3854 5
3855 2
3856 2
3857 2
3858 21
3859 2
3860 2
3861 5
3862 2
3863 2
3864 3
3865 2
3866 2
3867 2
3868 5
3869 2
3870 2
3871 3
3872 2
3873 2
3874 2
3875 5
3876 2
3877 2
3878 3
3879 2
3880 2
3881 3
3882 2
3883 2
3884 2
3885 26
3886 2
3887 2
3888 3
3889 2
3890 2
3891 2
3892 5
3893 2
3894 2
3895 3
3896 2
3897 2
3898 2
3899 5
3900 2
3901 2
3902 3
3903 2
3904 2
3905 3
3906 2
3907 2
3908 2
3909 3
3910 2
3911 2
3912 3
3913 2
3914 2
3915 2
3916 3
3917 2
3918 2
3919 3
3920 2
3921 2
3922 5
3923 2
3924 2
3925 2
3926 3
3927 2
3928 2
3929 17
3930 2
3931 2
3932 2
3933 3
3934 2
3935 2
3936 3
3937 2
3938 2
3939 2
3940 3
3941 2
3942 2
3943 3
3944 2
3945 2
3946 5
3947 2
3948 2
3949 2
3950 3
3951 2
3952 2
3953 5
3954 2
3955 2
3956 2
3957 3
3958 2
3959 2
3960 5
3961 2
3962 2
3963 6
3964 2
3965 2
3966 2
3967 26
3968 2
3969 2
3970 6
3971 2
3972 2
3973 2
3974 10
3975 2
3976 2
3977 5
3978 2
3979 2
3980 3
3981 2
3982 2
3983 2
3984 5
3985 2
3986 2
3987 3
3988 2
3989 2
3990 2
3991 5
3992 2
3993 2
3994 3
3995 2
3996 2
3997 2
3998 5
3999 2
4000 2
4001 3
4002 2
4003 2
4004 3
4005 2
4006 2
4007 2
4008 7
4009 2
4010 2
4011 3
4012 2
4013 2
4014 2
4015 5
4016 2
4017 2
4018 3
4019 2
4020 2
4021 3
4022 2
4023 2
4024 2
4025 3
4026 2
4027 2
4028 3
4029 2
4030 2
4031 2
4032 3
4033 2
4034 2
4035 3
4036 2
4037 2
4038 2
4039 3
4040 2
4041 2
4042 3
4043 2
4044 2
4045 5
4046 2
4047 2
4048 2
4049 3
4050 2
4051 2
4052 3
4053 2
4054 2
4055 2
4056 3
4057 2
4058 2
4059 3
4060 2
4061 2
4062 5
4063 2
4064 2
4065 2
4066 3
4067 2
4068 2
4069 5
4070 2
4071 2
4072 2
4073 3
4074 2
4075 2
4076 5
4077 2
4078 2
4079 7
4080 2
4081 2
4082 2
4083 5
4084 2
4085 2
4086 11
4087 2
4088 2
4089 2
4090 6
4091 2
4092 2
4093 6
4094 2
4095 2
4096 2
4097 6
4098 2
4099 2
4100 5
4101 2
4102 2
4103 3
4104 2
4105 2
4106 2
4107 5
4108 2
4109 2
4110 3
4111 2
4112 2
4113 2
4114 5
4115 2
4116 2
4117 3
4118 2
4119 2
4120 3
4121 2
4122 2
4123 2
4124 3
4125 2
4126 2
4127 3
4128 2
4129 2
4130 2
4131 13
4132 2
4133 2
4134 3
4135 2
4136 2
4137 2
4138 5
4139 2
4140 2
4141 3
4142 2
4143 2
4144 3
4145 2
4146 2
4147 2
4148 3
4149 2
4150 2
4151 3
4152 2
4153 2
4154 2
4155 3
4156 2
4157 2
4158 3
4159 2
4160 2
4161 5
4162 2
4163 2
4164 2
4165 3
4166 2
4167 2
4168 5
4169 2
4170 2
4171 2
4172 3
4173 2
4174 2
4175 3
4176 2
4177 2
4178 6
4179 2
4180 2
4181 2
4182 3
4183 2
4184 2
4185 5
4186 2
4187 2
4188 2
4189 3
4190 2
4191 2
4192 5
4193 2
4194 2
4195 2
4196 3
4197 2
4198 2
4199 5
4200 2
4201 2
4202 10
4203 2
4204 2
4205 2
4206 5
4207 2
4208 2
4209 7
4210 2
4211 2
4212 2
4213 6
4214 2
4215 2
4216 14
4217 2
4218 2
4219 3
4220 2
4221 2
4222 2
4223 5
4224 2
4225 2
4226 3
4227 2
4228 2
4229 2
4230 5
4231 2
4232 2
4233 3
4234 2
4235 2
4236 2
4237 5
4238 2
4239 2
4240 3
4241 2
4242 2
4243 3
4244 2
4245 2
4246 2
4247 6
4248 2
4249 2
4250 3
4251 2
4252 2
4253 2
4254 6
4255 2
4256 2
4257 3
4258 2
4259 2
4260 3
4261 2
4262 2
4263 2
4264 3
4265 2
4266 2
4267 3
4268 2
4269 2
4270 2
4271 3
4272 2
4273 2
4274 3
4275 2
4276 2
4277 2
4278 3
4279 2
4280 2
4281 3
4282 2
4283 2
4284 5
4285 2
4286 2
4287 2
4288 3
4289 2
4290 2
4291 5
4292 2
4293 2
4294 2
4295 3
4296 2
4297 2
4298 3
4299 2
4300 2
4301 6
4302 2
4303 2
4304 2
4305 3
4306 2
4307 2
4308 5
4309 2
4310 2
4311 2
4312 3
4313 2
4314 2
4315 5
4316 2
4317 2
4318 3
4319 2
4320 2
4321 2
4322 5
4323 2
4324 2
4325 6
4326 2
4327 2
4328 2
4329 5
4330 2
4331 2
4332 10
4333 2
4334 2
4335 2
4336 7
4337 2
4338 2
4339 7
4340 2
4341 2
4342 3
4343 2
4344 2
4345 2
4346 5
4347 2
4348 2
4349 3
4350 2
4351 2
4352 2
4353 5
4354 2
4355 2
4356 3
4357 2
4358 2
4359 3
4360 2
4361 2
4362 2
4363 3
4364 2
4365 2
4366 3
4367 2
4368 2
4369 2
4370 7
4371 2
4372 2
4373 3
4374 2
4375 2
4376 2
4377 6
4378 2
4379 2
4380 3
4381 2
4382 2
4383 3
4384 2
4385 2
4386 2
4387 3
4388 2
4389 2
4390 3
4391 2
4392 2
4393 2
4394 3
4395 2
4396 2
4397 3
4398 2
4399 2
4400 5
4401 2
4402 2
4403 2
4404 3
4405 2
4406 2
4407 5
4408 2
4409 2
4410 2
4411 3
4412 2
4413 2
4414 3
4415 2
4416 2
4417 10
4418 2
4419 2
4420 2
4421 3
4422 2
4423 2
4424 10
4425 2
4426 2
4427 2
4428 3
4429 2
4430 2
4431 5
4432 2
4433 2
4434 2
4435 3
4436 2
4437 2
4438 5
4439 2
4440 2
4441 14
4442 2
4443 2
4444 2
4445 5
4446 2
4447 2
4448 6
4449 2
4450 2
4451 2
4452 5
4453 2
4454 2
4455 6
4456 2
4457 2
4458 3
4459 2
4460 2
4461 2
4462 6
4463 2
4464 2
4465 3
4466 2
4467 2
4468 2
4469 5
4470 2
4471 2
4472 3
4473 2
4474 2
4475 2
4476 5
4477 2
4478 2
4479 3
4480 2
4481 2
4482 3
4483 2
4484 2
4485 2
4486 3
4487 2
4488 2
4489 3
4490 2
4491 2
4492 2
4493 10
4494 2
4495 2
4496 3
4497 2
4498 2
4499 3
4500 2
4501 2
4502 2
4503 3
4504 2
4505 2
4506 3
4507 2
4508 2
4509 2
4510 3
4511 2
4512 2
4513 3
4514 2
4515 2
4516 2
4517 3
4518 2
4519 2
4520 3
4521 2
4522 2
4523 5
4524 2
4525 2
4526 2
4527 3
4528 2
4529 2
4530 5
4531 2
4532 2
4533 2
4534 3
4535 2
4536 2
4537 3
4538 2
4539 2
4540 7
4541 2
4542 2
4543 2
4544 3
4545 2
4546 2
4547 10
4548 2
4549 2
4550 2
4551 3
4552 2
4553 2
4554 5
4555 2
4556 2
4557 3
4558 2
4559 2
4560 2
4561 5
4562 2
4563 2
4564 13
4565 2
4566 2
4567 2
4568 5
4569 2
4570 2
4571 7
4572 2
4573 2
4574 2
4575 6
4576 2
4577 2
4578 6
4579 2
4580 2
4581 3
4582 2
4583 2
4584 2
4585 6
4586 2
4587 2
4588 3
4589 2
4590 2
4591 2
4592 5
4593 2
4594 2
4595 3
4596 2
4597 2
4598 3
4599 2
4600 2
4601 2
4602 3
4603 2
4604 2
4605 3
4606 2
4607 2
4608 2
4609 6
4610 2
4611 2
4612 3
4613 2
4614 2
4615 2
4616 7
4617 2
4618 2
4619 3
4620 2
4621 2
4622 3
4623 2
4624 2
4625 2
4626 3
4627 2
4628 2
4629 3
4630 2
4631 2
4632 2
4633 3
4634 2
4635 2
4636 3
4637 2
4638 2
4639 5
4640 2
4641 2
4642 2
4643 3
4644 2
4645 2
4646 5
4647 2
4648 2
4649 2
4650 3
4651 2
4652 2
4653 5
4654 2
4655 2
4656 6
4657 2
4658 2
4659 2
4660 3
4661 2
4662 2
4663 6
4664 2
4665 2
4666 2
4667 3
4668 2
4669 2
4670 10
4671 2
4672 2
4673 2
4674 3
4675 2
4676 2
4677 5
4678 2
4679 2
4680 3
4681 2
4682 2
4683 2
4684 5
4685 2
4686 2
4687 13
4688 2
4689 2
4690 2
4691 5
4692 2
4693 2
4694 13
4695 2
4696 2
4697 3
4698 2
4699 2
4700 2
4701 7
4702 2
4703 2
4704 3
4705 2
4706 2
4707 2
4708 10
4709 2
4710 2
4711 3
4712 2
4713 2
4714 2
4715 5
4716 2
4717 2
4718 3
4719 2
4720 2
4721 3
4722 2
4723 2
4724 2
4725 3
4726 2
4727 2
4728 3
4729 2
4730 2
4731 2
4732 6
4733 2
4734 2
4735 3
4736 2
4737 2
4738 3
4739 2
4740 2
4741 2
4742 3
4743 2
4744 2
4745 3
4746 2
4747 2
4748 2
4749 3
4750 2
4751 2
4752 3
4753 2
4754 2
4755 13
4756 2
4757 2
4758 2
4759 3
4760 2
4761 2
4762 5
4763 2
4764 2
4765 2
4766 3
4767 2
4768 2
4769 5
4770 2
4771 2
4772 2
4773 3
4774 2
4775 2
4776 3
4777 2
4778 2
4779 11
4780 2
4781 2
4782 2
4783 3
4784 2
4785 2
4786 6
4787 2
4788 2
4789 2
4790 3
4791 2
4792 2
4793 6
4794 2
4795 2
4796 3
4797 2
4798 2
4799 2
4800 5
4801 2
4802 2
4803 5
4804 2
4805 2
4806 2
4807 5
4808 2
4809 2
4810 6
4811 2
4812 2
4813 2
4814 5
4815 2
4816 2
4817 7
4818 2
4819 2
4820 3
4821 2
4822 2
4823 2
4824 13
4825 2
4826 2
4827 3
4828 2
4829 2
4830 2
4831 7
4832 2
4833 2
4834 3
4835 2
4836 2
4837 3
4838 2
4839 2
4840 2
4841 3
4842 2
4843 2
4844 3
4845 2
4846 2
4847 2
4848 3
4849 2
4850 2
4851 3
4852 2
4853 2
4854 2
4855 11
4856 2
4857 2
4858 3
4859 2
4860 2
4861 3
4862 2
4863 2
4864 2
4865 3
4866 2
4867 2
4868 3
4869 2
4870 2
4871 2
4872 3
4873 2
4874 2
4875 3
4876 2
4877 2
4878 7
4879 2
4880 2
4881 2
4882 3
4883 2
4884 2
4885 5
4886 2
4887 2
4888 2
4889 3
4890 2
4891 2
4892 5
4893 2
4894 2
4895 10
4896 2
4897 2
4898 2
4899 3
4900 2
4901 2
4902 7
4903 2
4904 2
4905 2
4906 3
4907 2
4908 2
4909 14
4910 2
4911 2
4912 2
4913 3
4914 2
4915 2
4916 6
4917 2
4918 2
4919 3
4920 2
4921 2
4922 2
4923 5
4924 2
4925 2
4926 5
4927 2
4928 2
4929 2
4930 5
4931 2
4932 2
4933 6
4934 2
4935 2
4936 3
4937 2
4938 2
4939 2
4940 6
4941 2
4942 2
4943 3
4944 2
4945 2
4946 2
4947 6
4948 2
4949 2
4950 3
4951 2
4952 2
4953 2
4954 13
4955 2
4956 2
4957 3
4958 2
4959 2
4960 3
4961 2
4962 2
4963 2
4964 3
4965 2
4966 2
4967 3
4968 2
4969 2
4970 2
4971 7
4972 2
4973 2
4974 3
4975 2
4976 2
4977 3
4978 2
4979 2
4980 2
4981 3
4982 2
4983 2
4984 3
4985 2
4986 2
4987 2
4988 3
4989 2
4990 2
4991 3
4992 2
4993 2
4994 6
4995 2
4996 2
4997 2
4998 3
4999 2
5000 2
5001 6
5002 2
5003 2
5004 2
5005 3
5006 2
5007 2
5008 5
5009 2
5010 2
5011 2
5012 3
5013 2
5014 2
5015 5
5016 2
5017 2
5018 7
5019 2
5020 2
5021 2
5022 3
5023 2
5024 2
5025 14
5026 2
5027 2
5028 2
5029 3
5030 2
5031 2
5032 7
5033 2
5034 2
5035 3
5036 2
5037 2
5038 2
5039 30
5040 2
5041 2
5042 5
5043 2
5044 2
5045 2
5046 5
5047 2
5048 2
5049 5
5050 2
5051 2
5052 2
5053 5
5054 2
5055 2
5056 7
5057 2
5058 2
5059 3
5060 2
5061 2
5062 2
5063 6
5064 2
5065 2
5066 3
5067 2
5068 2
5069 2
5070 6
5071 2
5072 2
5073 3
5074 2
5075 2
5076 3
5077 2
5078 2
5079 2
5080 3
5081 2
5082 2
5083 3
5084 2
5085 2
5086 2
5087 3
5088 2
5089 2
5090 3
5091 2
5092 2
5093 2
5094 6
5095 2
5096 2
5097 3
5098 2
5099 2
5100 3
5101 2
5102 2
5103 2
5104 3
5105 2
5106 2
5107 3
5108 2
5109 2
5110 2
5111 3
5112 2
5113 2
5114 3
5115 2
5116 2
5117 11
5118 2
5119 2
5120 2
5121 3
5122 2
5123 2
5124 6
5125 2
5126 2
5127 2
5128 3
5129 2
5130 2
5131 5
5132 2
5133 2
5134 5
5135 2
5136 2
5137 2
5138 3
5139 2
5140 2
5141 6
5142 2
5143 2
5144 2
5145 3
5146 2
5147 2
5148 6
5149 2
5150 2
5151 2
5152 3
5153 2
5154 2
5155 13
5156 2
5157 2
5158 3
5159 2
5160 2
5161 2
5162 15
5163 2
5164 2
5165 5
5166 2
5167 2
5168 2
5169 5
5170 2
5171 2
5172 5
5173 2
5174 2
5175 3
5176 2
5177 2
5178 2
5179 10
5180 2
5181 2
5182 3
5183 2
5184 2
5185 2
5186 10
5187 2
5188 2
5189 3
5190 2
5191 2
5192 2
5193 7
5194 2
5195 2
5196 3
5197 2
5198 2
5199 3
5200 2
5201 2
5202 2
5203 3
5204 2
5205 2
5206 3
5207 2
5208 2
5209 2
5210 3
5211 2
5212 2
5213 3
5214 2
5215 2
5216 3
5217 2
5218 2
5219 2
5220 3
5221 2
5222 2
5223 3
5224 2
5225 2
5226 2
5227 3
5228 2
5229 2
5230 3
5231 2
5232 2
5233 7
5234 2
5235 2
5236 2
5237 3
5238 2
5239 2
5240 11
5241 2
5242 2
5243 2
5244 3
5245 2
5246 2
5247 15
5248 2
5249 2
5250 2
5251 3
5252 2
5253 2
5254 5
5255 2
5256 2
5257 7
5258 2
5259 2
5260 2
5261 3
5262 2
5263 2
5264 13
5265 2
5266 2
5267 2
5268 3
5269 2
5270 2
5271 6
5272 2
5273 2
5274 3
5275 2
5276 2
5277 2
5278 6
5279 2
5280 2
5281 3
5282 2
5283 2
5284 2
5285 6
5286 2
5287 2
5288 5
5289 2
5290 2
5291 2
5292 5
5293 2
5294 2
5295 5
5296 2
5297 2
5298 3
5299 2
5300 2
5301 2
5302 7
5303 2
5304 2
5305 3
5306 2
5307 2
5308 2
5309 10
5310 2
5311 2
5312 3
5313 2
5314 2
5315 3
5316 2
5317 2
5318 2
5319 3
5320 2
5321 2
5322 3
5323 2
5324 2
5325 2
5326 3
5327 2
5328 2
5329 3
5330 2
5331 2
5332 2
5333 5
5334 2
5335 2
5336 3
5337 2
5338 2
5339 3
5340 2
5341 2
5342 2
5343 3
5344 2
5345 2
5346 3
5347 2
5348 2
5349 2
5350 3
5351 2
5352 2
5353 3
5354 2
5355 2
5356 10
5357 2
5358 2
5359 2
5360 3
5361 2
5362 2
5363 10
5364 2
5365 2
5366 2
5367 3
5368 2
5369 2
5370 7
5371 2
5372 2
5373 5
5374 2
5375 2
5376 2
5377 5
5378 2
5379 2
5380 14
5381 2
5382 2
5383 2
5384 3
5385 2
5386 2
5387 14
5388 2
5389 2
5390 2
5391 3
5392 2
5393 2
5394 7
5395 2
5396 2
5397 3
5398 2
5399 2
5400 2
5401 6
5402 2
5403 2
5404 5
5405 2
5406 2
5407 2
5408 6
5409 2
5410 2
5411 5
5412 2
5413 2
5414 3
5415 2
5416 2
5417 2
5418 6
5419 2
5420 2
5421 3
5422 2
5423 2
5424 2
5425 6
5426 2
5427 2
5428 3
5429 2
5430 2
5431 2
5432 6
5433 2
5434 2
5435 3
5436 2
5437 2
5438 3
5439 2
5440 2
5441 2
5442 3
5443 2
5444 2
5445 3
5446 2
5447 2
5448 2
5449 3
5450 2
5451 2
5452 3
5453 2
5454 2
5455 3
5456 2
5457 2
5458 2
5459 3
5460 2
5461 2
5462 3
5463 2
5464 2
5465 2
5466 3
5467 2
5468 2
5469 3
5470 2
5471 2
5472 6
5473 2
5474 2
5475 2
5476 3
5477 2
5478 2
5479 6
5480 2
5481 2
5482 2
5483 3
5484 2
5485 2
5486 6
5487 2
5488 2
5489 2
5490 3
5491 2
5492 2
5493 30
5494 2
5495 2
5496 5
5497 2
5498 2
5499 2
5500 3
5501 2
5502 2
5503 7
5504 2
5505 2
5506 2
5507 3
5508 2
5509 2
5510 23
5511 2
5512 2
5513 3
5514 2
5515 2
5516 2
5517 21
5518 2
5519 2
5520 3
5521 2
5522 2
5523 2
5524 7
5525 2
5526 2
5527 5
5528 2
5529 2
5530 2
5531 19
5532 2
5533 2
5534 5
5535 2
5536 2
5537 3
5538 2
5539 2
5540 2
5541 13
5542 2
5543 2
5544 3
5545 2
5546 2
5547 2
5548 6
5549 2
5550 2
5551 3
5552 2
5553 2
5554 3
5555 2
5556 2
5557 2
5558 3
5559 2
5560 2
5561 3
5562 2
5563 2
5564 2
5565 3
5566 2
5567 2
5568 3
5569 2
5570 2
5571 7
5572 2
5573 2
5574 2
5575 3
5576 2
5577 2
5578 3
5579 2
5580 2
5581 2
5582 3
5583 2
5584 2
5585 3
5586 2
5587 2
5588 2
5589 3
5590 2
5591 2
5592 3
5593 2
5594 2
5595 7
5596 2
5597 2
5598 2
5599 3
5600 2
5601 2
5602 35
5603 2
5604 2
5605 2
5606 3
5607 2
5608 2
5609 6
5610 2
5611 2
5612 5
5613 2
5614 2
5615 2
5616 6
5617 2
5618 2
5619 5
5620 2
5621 2
5622 2
5623 3
5624 2
5625 2
5626 6
5627 2
5628 2
5629 2
5630 3
5631 2
5632 2
5633 6
5634 2
5635 2
5636 3
5637 2
5638 2
5639 2
5640 7
5641 2
5642 2
5643 3
5644 2
5645 2
5646 2
5647 10
5648 2
5649 2
5650 5
5651 2
5652 2
5653 3
5654 2
5655 2
5656 2
5657 5
5658 2
5659 2
5660 3
5661 2
5662 2
5663 2
5664 7
5665 2
5666 2
5667 3
5668 2
5669 2
5670 2
5671 11
5672 2
5673 2
5674 3
5675 2
5676 2
5677 3
5678 2
5679 2
5680 2
5681 3
5682 2
5683 2
5684 3
5685 2
5686 2
5687 2
5688 3
5689 2
5690 2
5691 3
5692 2
5693 2
5694 3
5695 2
5696 2
5697 2
5698 3
5699 2
5700 2
5701 3
5702 2
5703 2
5704 2
5705 3
5706 2
5707 2
5708 3
5709 2
5710 2
5711 10
5712 2
5713 2
5714 2
5715 3
5716 2
5717 2
5718 13
5719 2
5720 2
5721 2
5722 3
5723 2
5724 2
5725 7
5726 2
5727 2
5728 2
5729 3
5730 2
5731 2
5732 13
5733 2
5734 2
5735 5
5736 2
5737 2
5738 2
5739 5
5740 2
5741 2
5742 5
5743 2
5744 2
5745 2
5746 3
5747 2
5748 2
5749 7
5750 2
5751 2
5752 3
5753 2
5754 2
5755 2
5756 6
5757 2
5758 2
5759 3
5760 2
5761 2
5762 2
5763 6
5764 2
5765 2
5766 5
5767 2
5768 2
5769 2
5770 6
5771 2
5772 2
5773 5
5774 2
5775 2
5776 3
5777 2
5778 2
5779 2
5780 5
5781 2
5782 2
5783 3
5784 2
5785 2
5786 2
5787 11
5788 2
5789 2
5790 3
5791 2
5792 2
5793 3
5794 2
5795 2
5796 2
5797 3
5798 2
5799 2
5800 3
5801 2
5802 2
5803 2
5804 3
5805 2
5806 2
5807 3
5808 2
5809 2
5810 6
5811 2
5812 2
5813 2
5814 3
5815 2
5816 2
5817 3
5818 2
5819 2
5820 2
5821 3
5822 2
5823 2
5824 3
5825 2
5826 2
5827 2
5828 3
5829 2
5830 2
5831 3
5832 2
5833 2
5834 6
5835 2
5836 2
5837 2
5838 3
5839 2
5840 2
5841 7
5842 2
5843 2
5844 2
5845 3
5846 2
5847 2
5848 13
5849 2
5850 2
5851 5
5852 2
5853 2
5854 2
5855 7
5856 2
5857 2
5858 5
5859 2
5860 2
5861 2
5862 3
5863 2
5864 2
5865 5
5866 2
5867 2
5868 2
5869 3
5870 2
5871 2
5872 10
5873 2
5874 2
5875 3
5876 2
5877 2
5878 2
5879 15
5880 2
5881 2
5882 3
5883 2
5884 2
5885 2
5886 6
5887 2
5888 2
5889 5
5890 2
5891 2
5892 3
5893 2
5894 2
5895 2
5896 5
5897 2
5898 2
5899 3
5900 2
5901 2
5902 2
5903 5
5904 2
5905 2
5906 3
5907 2
5908 2
5909 2
5910 6
5911 2
5912 2
5913 3
5914 2
5915 2
5916 3
5917 2
5918 2
5919 2
5920 3
5921 2
5922 2
5923 3
5924 2
5925 2
5926 2
5927 3
5928 2
5929 2
5930 3
5931 2
5932 2
5933 11
5934 2
5935 2
5936 2
5937 3
5938 2
5939 2
5940 3
5941 2
5942 2
5943 2
5944 3
5945 2
5946 2
5947 3
5948 2
5949 2
5950 5
5951 2
5952 2
5953 2
5954 3
5955 2
5956 2
5957 6
5958 2
5959 2
5960 2
5961 3
5962 2
5963 2
5964 6
5965 2
5966 2
5967 2
5968 3
5969 2
5970 2
5971 6
5972 2
5973 2
5974 5
5975 2
5976 2
5977 2
5978 13
5979 2
5980 2
5981 5
5982 2
5983 2
5984 2
5985 3
5986 2
5987 2
5988 5
5989 2
5990 2
5991 3
5992 2
5993 2
5994 2
5995 7
5996 2
5997 2
5998 3
5999 2
6000 2
6001 2
6002 10
6003 2
6004 2
6005 3
6006 2
6007 2
6008 2
6009 11
6010 2
6011 2
6012 5
6013 2
6014 2
6015 3
6016 2
6017 2
6018 2
6019 5
6020 2
6021 2
6022 3
6023 2
6024 2
6025 2
6026 5
6027 2
6028 2
6029 3
6030 2
6031 2
6032 3
6033 2
6034 2
6035 2
6036 3
6037 2
6038 2
6039 3
6040 2
6041 2
6042 2
6043 3
6044 2
6045 2
6046 3
6047 2
6048 2
6049 10
6050 2
6051 2
6052 2
6053 3
6054 2
6055 2
6056 3
6057 2
6058 2
6059 2
6060 3
6061 2
6062 2
6063 3
6064 2
6065 2
6066 2
6067 3
6068 2
6069 2
6070 3
6071 2
6072 2
6073 5
6074 2
6075 2
6076 2
6077 3
6078 2
6079 2
6080 14
6081 2
6082 2
6083 2
6084 3
6085 2
6086 2
6087 7
6088 2
6089 2
6090 7
6091 2
6092 2
6093 2
6094 6
6095 2
6096 2
6097 5
6098 2
6099 2
6100 2
6101 6
6102 2
6103 2
6104 5
6105 2
6106 2
6107 2
6108 3
6109 2
6110 2
6111 5
6112 2
6113 2
6114 3
6115 2
6116 2
6117 2
6118 6
6119 2
6120 2
6121 3
6122 2
6123 2
6124 2
6125 10
6126 2
6127 2
6128 6
6129 2
6130 2
6131 3
6132 2
6133 2
6134 2
6135 5
6136 2
6137 2
6138 3
6139 2
6140 2
6141 2
6142 5
6143 2
6144 2
6145 3
6146 2
6147 2
6148 3
6149 2
6150 2
6151 2
6152 3
6153 2
6154 2
6155 3
6156 2
6157 2
6158 2
6159 3
6160 2
6161 2
6162 3
6163 2
6164 2
6165 2
6166 3
6167 2
6168 2
6169 3
6170 2
6171 2
6172 6
6173 2
6174 2
6175 2
6176 3
6177 2
6178 2
6179 3
6180 2
6181 2
6182 2
6183 3
6184 2
6185 2
6186 3
6187 2
6188 2
6189 5
6190 2
6191 2
6192 2
6193 3
6194 2
6195 2
6196 5
6197 2
6198 2
6199 2
6200 3
6201 2
6202 2
6203 14
6204 2
6205 2
6206 2
6207 3
6208 2
6209 2
6210 10
6211 2
6212 2
6213 10
6214 2
6215 2
6216 2
6217 7
6218 2
6219 2
6220 5
6221 2
6222 2
6223 2
6224 3
6225 2
6226 2
6227 5
6228 2
6229 2
6230 3
6231 2
6232 2
6233 2
6234 5
6235 2
6236 2
6237 3
6238 2
6239 2
6240 2
6241 6
6242 2
6243 2
6244 3
6245 2
6246 2
6247 2
6248 6
6249 2
6250 2
6251 6
6252 2
6253 2
6254 3
6255 2
6256 2
6257 2
6258 5
6259 2
6260 2
6261 3
6262 2
6263 2
6264 2
6265 5
6266 2
6267 2
6268 3
6269 2
6270 2
6271 3
6272 2
6273 2
6274 2
6275 3
6276 2
6277 2
6278 3
6279 2
6280 2
6281 2
6282 3
6283 2
6284 2
6285 3
6286 2
6287 2
6288 7
6289 2
6290 2
6291 2
6292 3
6293 2
6294 2
6295 6
6296 2
6297 2
6298 2
6299 3
6300 2
6301 2
6302 3
6303 2
6304 2
6305 2
6306 3
6307 2
6308 2
6309 3
6310 2
6311 2
6312 5
6313 2
6314 2
6315 2
6316 3
6317 2
6318 2
6319 5
6320 2
6321 2
6322 2
6323 3
6324 2
6325 2
6326 30
6327 2
6328 2
6329 6
6330 2
6331 2
6332 2
6333 7
6334 2
6335 2
6336 6
6337 2
6338 2
6339 2
6340 10
6341 2
6342 2
6343 5
6344 2
6345 2
6346 2
6347 3
6348 2
6349 2
6350 5
6351 2
6352 2
6353 3
6354 2
6355 2
6356 2
6357 5
6358 2
6359 2
6360 3
6361 2
6362 2
6363 2
6364 11
6365 2
6366 2
6367 3
6368 2
6369 2
6370 3
6371 2
6372 2
6373 2
6374 11
6375 2
6376 2
6377 3
6378 2
6379 2
6380 2
6381 5
6382 2
6383 2
6384 3
6385 2
6386 2
6387 3
6388 2
6389 2
6390 2
6391 3
6392 2
6393 2
6394 3
6395 2
6396 2
6397 2
6398 3
6399 2
6400 2
6401 3
6402 2
6403 2
6404 2
6405 3
6406 2
6407 2
6408 3
6409 2
6410 2
6411 11
6412 2
6413 2
6414 2
6415 3
6416 2
6417 2
6418 3
6419 2
6420 2
6421 2
6422 3
6423 2
6424 2
6425 3
6426 2
6427 2
6428 5
6429 2
6430 2
6431 2
6432 3
6433 2
6434 2
6435 5
6436 2
6437 2
6438 2
6439 3
6440 2
6441 2
6442 5
6443 2
6444 2
6445 2
6446 3
6447 2
6448 2
6449 6
6450 2
6451 2
6452 7
6453 2
6454 2
6455 2
6456 6
6457 2
6458 2
6459 6
6460 2
6461 2
6462 2
6463 7
6464 2
6465 2
6466 5
6467 2
6468 2
6469 3
6470 2
6471 2
6472 2
6473 5
6474 2
6475 2
6476 3
6477 2
6478 2
6479 2
6480 5
6481 2
6482 2
6483 3
6484 2
6485 2
6486 2
6487 7
6488 2
6489 2
6490 7
6491 2
6492 2
6493 3
6494 2
6495 2
6496 2
6497 7
6498 2
6499 2
6500 3
6501 2
6502 2
6503 2
6504 5
6505 2
6506 2
6507 3
6508 2
6509 2
6510 3
6511 2
6512 2
6513 2
6514 3
6515 2
6516 2
6517 3
6518 2
6519 2
6520 2
6521 3
6522 2
6523 2
6524 3
6525 2
6526 2
6527 5
6528 2
6529 2
6530 2
6531 3
6532 2
6533 2
6534 21
6535 2
6536 2
6537 2
6538 3
6539 2
6540 2
6541 3
6542 2
6543 2
6544 2
6545 3
6546 2
6547 2
6548 3
6549 2
6550 2
6551 5
6552 2
6553 2
6554 2
6555 3
6556 2
6557 2
6558 5
6559 2
6560 2
6561 2
6562 3
6563 2
6564 2
6565 5
6566 2
6567 2
6568 10
6569 2
6570 2
6571 2
6572 7
6573 2
6574 2
6575 21
6576 2
6577 2
6578 2
6579 6
6580 2
6581 2
6582 5
6583 2
6584 2
6585 2
6586 3
6587 2
6588 2
6589 5
6590 2
6591 2
6592 3
6593 2
6594 2
6595 2
6596 5
6597 2
6598 2
6599 3
6600 2
6601 2
6602 2
6603 5
6604 2
6605 2
6606 3
6607 2
6608 2
6609 3
6610 2
6611 2
6612 2
6613 6
6614 2
6615 2
6616 3
6617 2
6618 2
6619 2
6620 5
6621 2
6622 2
6623 3
6624 2
6625 2
6626 3
6627 2
6628 2
6629 2
6630 3
6631 2
6632 2
6633 3
6634 2
6635 2
6636 2
6637 3
6638 2
6639 2
6640 3
6641 2
6642 2
6643 2
6644 3
6645 2
6646 2
6647 3
6648 2
6649 2
6650 5
6651 2
6652 2
6653 2
6654 3
6655 2
6656 2
6657 6
6658 2
6659 2
6660 2
6661 3
6662 2
6663 2
6664 3
6665 2
6666 2
6667 5
6668 2
6669 2
6670 2
6671 3
6672 2
6673 2
6674 5
6675 2
6676 2
6677 2
6678 3
6679 2
6680 2
6681 5
6682 2
6683 2
6684 2
6685 3
6686 2
6687 2
6688 5
6689 2
6690 2
6691 7
6692 2
6693 2
6694 2
6695 13
6696 2
6697 2
6698 30
6699 2
6700 2
6701 2
6702 11
6703 2
6704 2
6705 5
6706 2
6707 2
6708 3
6709 2
6710 2
6711 2
6712 5
6713 2
6714 2
6715 3
6716 2
6717 2
6718 2
6719 5
6720 2
6721 2
6722 3
6723 2
6724 2
6725 2
6726 5
6727 2
6728 2
6729 3
6730 2
6731 2
6732 3
6733 2
6734 2
6735 2
6736 6
6737 2
6738 2
6739 3
6740 2
6741 2
6742 2
6743 5
6744 2
6745 2
6746 3
6747 2
6748 2
6749 3
6750 2
6751 2
6752 2
6753 3
6754 2
6755 2
6756 3
6757 2
6758 2
6759 2
6760 3
6761 2
6762 2
6763 3
6764 2
6765 2
6766 5
6767 2
6768 2
6769 2
6770 3
6771 2
6772 2
6773 5
6774 2
6775 2
6776 2
6777 3
6778 2
6779 2
6780 3
6781 2
6782 2
6783 2
6784 3
6785 2
6786 2
6787 3
6788 2
6789 2
6790 5
6791 2
6792 2
6793 2
6794 3
6795 2
6796 2
6797 5
6798 2
6799 2
6800 2
6801 3
6802 2
6803 2
6804 5
6805 2
6806 2
6807 6
6808 2
6809 2
6810 2
6811 5
6812 2
6813 2
6814 6
6815 2
6816 2
6817 2
6818 7
6819 2
6820 2
6821 6
6822 2
6823 2
6824 2
6825 11
6826 2
6827 2
6828 5
6829 2
6830 2
6831 3
6832 2
6833 2
6834 2
6835 5
6836 2
6837 2
6838 3
6839 2
6840 2
6841 2
6842 5
6843 2
6844 2
6845 3
6846 2
6847 2
6848 3
6849 2
6850 2
6851 2
6852 7
6853 2
6854 2
6855 3
6856 2
6857 2
6858 2
6859 15
6860 2
6861 2
6862 3
6863 2
6864 2
6865 3
6866 2
6867 2
6868 2
6869 3
6870 2
6871 2
6872 3
6873 2
6874 2
6875 2
6876 3
6877 2
6878 2
6879 3
6880 2
6881 2
6882 2
6883 3
6884 2
6885 2
6886 3
6887 2
6888 2
6889 5
6890 2
6891 2
6892 2
6893 3
6894 2
6895 2
6896 5
6897 2
6898 2
6899 2
6900 3
6901 2
6902 2
6903 3
6904 2
6905 2
6906 10
6907 2
6908 2
6909 2
6910 3
6911 2
6912 2
6913 5
6914 2
6915 2
6916 2
6917 3
6918 2
6919 2
6920 5
6921 2
6922 2
6923 2
6924 3
6925 2
6926 2
6927 5
6928 2
6929 2
6930 17
6931 2
6932 2
6933 2
6934 5
6935 2
6936 2
6937 7
6938 2
6939 2
6940 2
6941 6
6942 2
6943 2
6944 6
6945 2
6946 2
6947 3
6948 2
6949 2
6950 2
6951 5
6952 2
6953 2
6954 3
6955 2
6956 2
6957 2
6958 5
6959 2
6960 2
6961 3
6962 2
6963 2
6964 3
6965 2
6966 2
6967 2
6968 3
6969 2
6970 2
6971 3
6972 2
6973 2
6974 2
6975 10
6976 2
6977 2
6978 3
6979 2
6980 2
6981 2
6982 7
6983 2
6984 2
6985 3
6986 2
6987 2
6988 3
6989 2
6990 2
6991 2
6992 3
6993 2
6994 2
6995 3
6996 2
6997 2
6998 2
6999 3
7000 2
7001 2
7002 3
7003 2
7004 2
7005 5
7006 2
7007 2
7008 2
7009 3
7010 2
7011 2
7012 5
7013 2
7014 2
7015 2
7016 3
7017 2
7018 2
7019 5
7020 2
7021 2
7022 2
7023 3
7024 2
7025 2
7026 3
7027 2
7028 2
7029 7
7030 2
7031 2
7032 2
7033 3
7034 2
7035 2
7036 5
7037 2
7038 2
7039 2
7040 3
7041 2
7042 2
7043 5
7044 2
7045 2
7046 17
7047 2
7048 2
7049 2
7050 5
7051 2
7052 2
7053 7
7054 2
7055 2
7056 2
7057 5
7058 2
7059 2
7060 14
7061 2
7062 2
7063 2
7064 6
7065 2
7066 2
7067 10
7068 2
7069 2
7070 3
7071 2
7072 2
7073 2
7074 5
7075 2
7076 2
7077 3
7078 2
7079 2
7080 2
7081 5
7082 2
7083 2
7084 3
7085 2
7086 2
7087 3
7088 2
7089 2
7090 2
7091 3
7092 2
7093 2
7094 3
7095 2
7096 2
7097 2
7098 6
7099 2
7100 2
7101 3
7102 2
7103 2
7104 3
7105 2
7106 2
7107 2
7108 3
7109 2
7110 2
7111 3
7112 2
7113 2
7114 2
7115 3
7116 2
7117 2
7118 3
7119 2
7120 2
7121 2
7122 3
7123 2
7124 2
7125 3
7126 2
7127 2
7128 5
7129 2
7130 2
7131 2
7132 3
7133 2
7134 2
7135 5
7136 2
7137 2
7138 2
7139 3
7140 2
7141 2
7142 3
7143 2
7144 2
7145 6
7146 2
7147 2
7148 2
7149 3
7150 2
7151 2
7152 6
7153 2
7154 2
7155 2
7156 3
7157 2
7158 2
7159 5
7160 2
7161 2
7162 2
7163 3
7164 2
7165 2
7166 5
7167 2
7168 2
7169 6
7170 2
7171 2
7172 2
7173 5
7174 2
7175 2
7176 14
7177 2
7178 2
7179 2
7180 5
7181 2
7182 2
7183 7
7184 2
7185 2
7186 3
7187 2
7188 2
7189 2
7190 11
7191 2
7192 2
7193 3
7194 2
7195 2
7196 2
7197 5
7198 2
7199 2
7200 3
7201 2
7202 2
7203 3
7204 2
7205 2
7206 2
7207 3
7208 2
7209 2
7210 3
7211 2
7212 2
7213 2
7214 7
7215 2
7216 2
7217 3
7218 2
7219 2
7220 2
7221 6
7222 2
7223 2
7224 3
7225 2
7226 2
7227 3
7228 2
7229 2
7230 2
7231 3
7232 2
7233 2
7234 3
7235 2
7236 2
7237 2
7238 3
7239 2
7240 2
7241 3
7242 2
7243 2
7244 5
7245 2
7246 2
7247 2
7248 3
7249 2
7250 2
7251 5
7252 2
7253 2
7254 2
7255 3
7256 2
7257 2
7258 5
7259 2
7260 2
7261 2
7262 3
7263 2
7264 2
7265 3
7266 2
7267 2
7268 13
7269 2
7270 2
7271 2
7272 3
7273 2
7274 2
7275 7
7276 2
7277 2
7278 2
7279 3
7280 2
7281 2
7282 5
7283 2
7284 2
7285 3
7286 2
7287 2
7288 2
7289 5
7290 2
7291 2
7292 6
7293 2
7294 2
7295 2
7296 5
7297 2
7298 2
7299 6
7300 2
7301 2
7302 2
7303 11
7304 2
7305 2
7306 6
7307 2
7308 2
7309 3
7310 2
7311 2
7312 2
7313 11
7314 2
7315 2
7316 3
7317 2
7318 2
7319 2
7320 5
7321 2
7322 2
7323 3
7324 2
7325 2
7326 3
7327 2
7328 2
7329 2
7330 3
7331 2
7332 2
7333 3
7334 2
7335 2
7336 2
7337 13
7338 2
7339 2
7340 3
7341 2
7342 2
7343 3
7344 2
7345 2
7346 2
7347 3
7348 2
7349 2
7350 3
7351 2
7352 2
7353 2
7354 3
7355 2
7356 2
7357 3
7358 2
7359 2
7360 2
7361 3
7362 2
7363 2
7364 3
7365 2
7366 2
7367 5
7368 2
7369 2
7370 2
7371 3
7372 2
7373 2
7374 5
7375 2
7376 2
7377 2
7378 3
7379 2
7380 2
7381 5
7382 2
7383 2
7384 7
7385 2
7386 2
7387 2
7388 3
7389 2
7390 2
7391 13
7392 2
7393 2
7394 2
7395 3
7396 2
7397 2
7398 13
7399 2
7400 2
7401 2
7402 3
7403 2
7404 2
7405 5
7406 2
7407 2
7408 5
7409 2
7410 2
7411 2
7412 5
7413 2
7414 2
7415 10
7416 2
7417 2
7418 2
7419 5
7420 2
7421 2
7422 11
7423 2
7424 2
7425 3
7426 2
7427 2
7428 2
7429 6
7430 2
7431 2
7432 3
7433 2
7434 2
7435 2
7436 6
7437 2
7438 2
7439 3
7440 2
7441 2
7442 3
7443 2
7444 2
7445 2
7446 3
7447 2
7448 2
7449 3
7450 2
7451 2
7452 2
7453 3
7454 2
7455 2
7456 3
7457 2
7458 2
7459 2
7460 14
7461 2
7462 2
7463 3
7464 2
7465 2
7466 3
7467 2
7468 2
7469 2
7470 3
7471 2
7472 2
7473 3
7474 2
7475 2
7476 2
7477 3
7478 2
7479 2
7480 3
7481 2
7482 2
7483 6
7484 2
7485 2
7486 2
7487 3
7488 2
7489 2
7490 5
7491 2
7492 2
7493 2
7494 3
7495 2
7496 2
7497 5
7498 2
7499 2
7500 2
7501 3
7502 2
7503 2
7504 3
7505 2
7506 2
7507 6
7508 2
7509 2
7510 2
7511 3
7512 2
7513 2
7514 19
7515 2
7516 2
7517 2
7518 3
7519 2
7520 2
7521 7
7522 2
7523 2
7524 3
7525 2
7526 2
7527 2
7528 5
7529 2
7530 2
7531 5
7532 2
7533 2
7534 2
7535 5
7536 2
7537 2
7538 10
7539 2
7540 2
7541 3
7542 2
7543 2
7544 2
7545 7
7546 2
7547 2
7548 3
7549 2
7550 2
7551 2
7552 15
7553 2
7554 2
7555 3
7556 2
7557 2
7558 2
7559 6
7560 2
7561 2
7562 3
7563 2
7564 2
7565 3
7566 2
7567 2
7568 2
7569 3
7570 2
7571 2
7572 3
7573 2
7574 2
7575 2
7576 6
7577 2
7578 2
7579 3
7580 2
7581 2
7582 3
7583 2
7584 2
7585 2
7586 3
7587 2
7588 2
7589 3
7590 2
7591 2
7592 2
7593 3
7594 2
7595 2
7596 3
7597 2
7598 2
7599 2
7600 3
7601 2
7602 2
7603 3
7604 2
7605 2
7606 7
7607 2
7608 2
7609 2
7610 3
7611 2
7612 2
7613 5
7614 2
7615 2
7616 2
7617 3
7618 2
7619 2
7620 5
7621 2
7622 2
7623 17
7624 2
7625 2
7626 2
7627 3
7628 2
7629 2
7630 6
7631 2
7632 2
7633 2
7634 3
7635 2
7636 2
7637 6
7638 2
7639 2
7640 2
7641 3
7642 2
7643 2
7644 6
7645 2
7646 2
7647 3
7648 2
7649 2
7650 2
7651 5
7652 2
7653 2
7654 5
7655 2
7656 2
7657 2
7658 5
7659 2
7660 2
7661 11
7662 2
7663 2
7664 3
7665 2
7666 2
7667 2
7668 10
7669 2
7670 2
7671 3
7672 2
7673 2
7674 2
7675 7
7676 2
7677 2
7678 3
7679 2
7680 2
7681 3
7682 2
7683 2
7684 2
7685 3
7686 2
7687 2
7688 3
7689 2
7690 2
7691 2
7692 3
7693 2
7694 2
7695 3
7696 2
7697 2
7698 2
7699 7
7700 2
7701 2
7702 3
7703 2
7704 2
7705 3
7706 2
7707 2
7708 2
7709 3
7710 2
7711 2
7712 3
7713 2
7714 2
7715 2
7716 3
7717 2
7718 2
7719 3
7720 2
7721 2
7722 7
7723 2
7724 2
7725 2
7726 3
7727 2
7728 2
7729 22
7730 2
7731 2
7732 2
7733 3
7734 2
7735 2
7736 5
7737 2
7738 2
7739 2
7740 3
7741 2
7742 2
7743 3
7744 2
7745 2
7746 7
7747 2
7748 2
7749 2
7750 3
7751 2
7752 2
7753 10
7754 2
7755 2
7756 2
7757 3
7758 2
7759 2
7760 10
7761 2
7762 2
7763 3
7764 2
7765 2
7766 2
7767 6
7768 2
7769 2
7770 5
7771 2
7772 2
7773 2
7774 5
7775 2
7776 2
7777 5
7778 2
7779 2
7780 3
7781 2
7782 2
7783 2
7784 6
7785 2
7786 2
7787 3
7788 2
7789 2
7790 2
7791 6
7792 2
7793 2
7794 3
7795 2
7796 2
7797 2
7798 10
7799 2
7800 2
7801 3
7802 2
7803 2
7804 3
7805 2
7806 2
7807 2
7808 3
7809 2
7810 2
7811 3
7812 2
7813 2
7814 2
7815 3
7816 2
7817 2
7818 3
7819 2
7820 2
7821 3
7822 2
7823 2
7824 2
7825 3
7826 2
7827 2
7828 3
7829 2
7830 2
7831 2
7832 3
7833 2
7834 2
7835 3
7836 2
7837 2
7838 2
7839 3
7840 2
7841 2
7842 3
7843 2
7844 2
7845 6
7846 2
7847 2
7848 2
7849 3
7850 2
7851 2
7852 7
7853 2
7854 2
7855 2
7856 3
7857 2
7858 2
7859 5
7860 2
7861 2
7862 5
7863 2
7864 2
7865 2
7866 3
7867 2
7868 2
7869 15
7870 2
7871 2
7872 2
7873 3
7874 2
7875 2
7876 7
7877 2
7878 2
7879 2
7880 3
7881 2
7882 2
7883 10
7884 2
7885 2
7886 3
7887 2
7888 2
7889 2
7890 11
7891 2
7892 2
7893 5
7894 2
7895 2
7896 2
7897 5
7898 2
7899 2
7900 5
7901 2
7902 2
7903 3
7904 2
7905 2
7906 2
7907 19
7908 2
7909 2
7910 3
7911 2
7912 2
7913 2
7914 6
7915 2
7916 2
7917 3
7918 2
7919 2
7920 3
7921 2
7922 2
7923 2
7924 3
7925 2
7926 2
7927 3
7928 2
7929 2
7930 2
7931 3
7932 2
7933 2
7934 3
7935 2
7936 2
7937 2
7938 5
7939 2
7940 2
7941 3
7942 2
7943 2
7944 3
7945 2
7946 2
7947 2
7948 3
7949 2
7950 2
7951 3
7952 2
7953 2
7954 2
7955 3
7956 2
7957 2
7958 3
7959 2
7960 2
7961 7
7962 2
7963 2
7964 2
7965 3
7966 2
7967 2
7968 6
7969 2
7970 2
7971 2
7972 3
7973 2
7974 2
7975 6
7976 2
7977 2
7978 2
7979 3
7980 2
7981 2
7982 5
7983 2
7984 2
7985 6
7986 2
7987 2
7988 2
7989 3
7990 2
7991 2
7992 6
7993 2
7994 2
7995 2
7996 3
7997 2
7998 2
7999 11
8000 2
8001 2
8002 3
8003 2
8004 2
8005 2
8006 7
8007 2
8008 2
8009 3
8010 2
8011 2
8012 2
8013 7
8014 2
8015 2
8016 5
8017 2
8018 2
8019 3
8020 2
8021 2
8022 2
8023 5
8024 2
8025 2
8026 3
8027 2
8028 2
8029 2
8030 26
8031 2
8032 2
8033 3
8034 2
8035 2
8036 2
8037 7
8038 2
8039 2
8040 3
8041 2
8042 2
8043 3
8044 2
8045 2
8046 2
8047 3
8048 2
8049 2
8050 3
8051 2
8052 2
8053 2
8054 3
8055 2
8056 2
8057 3
8058 2
8059 2
8060 3
8061 2
8062 2
8063 2
8064 3
8065 2
8066 2
8067 3
8068 2
8069 2
8070 2
8071 3
8072 2
8073 2
8074 3
8075 2
8076 2
8077 2
8078 3
8079 2
8080 2
8081 3
8082 2
8083 2
8084 30
8085 2
8086 2
8087 2
8088 3
8089 2
8090 2
8091 43
8092 2
8093 2
8094 2
8095 3
8096 2
8097 2
8098 6
8099 2
8100 2
8101 5
8102 2
8103 2
8104 2
8105 3
8106 2
8107 2
8108 10
8109 2
8110 2
8111 2
8112 3
8113 2
8114 2
8115 6
8116 2
8117 2
8118 3
8119 2
8120 2
8121 2
8122 6
8123 2
8124 2
8125 3
8126 2
8127 2
8128 2
8129 6
8130 2
8131 2
8132 5
8133 2
8134 2
8135 2
8136 10
8137 2
8138 2
8139 5
8140 2
8141 2
8142 3
8143 2
8144 2
8145 2
8146 7
8147 2
8148 2
8149 3
8150 2
8151 2
8152 2
8153 14
8154 2
8155 2
8156 3
8157 2
8158 2
8159 3
8160 2
8161 2
8162 2
8163 3
8164 2
8165 2
8166 3
8167 2
8168 2
8169 2
8170 3
8171 2
8172 2
8173 3
8174 2
8175 2
8176 2
8177 3
8178 2
8179 2
8180 3
8181 2
8182 2
8183 3
8184 2
8185 2
8186 2
8187 3
8188 2
8189 2
8190 3
8191 2
8192 2
8193 2
8194 3
8195 2
8196 2
8197 3
8198 2
8199 2
8200 6
8201 2
8202 2
8203 2
8204 3
8205 2
8206 2
8207 7
8208 2
8209 2
8210 2
8211 3
8212 2
8213 2
8214 15
8215 2
8216 2
8217 2
8218 3
8219 2
8220 2
8221 10
8222 2
8223 2
8224 5
8225 2
8226 2
8227 2
8228 3
8229 2
8230 2
8231 10
8232 2
8233 2
8234 2
8235 3
8236 2
8237 2
8238 7
8239 2
8240 2
8241 3
8242 2
8243 2
8244 2
8245 11
8246 2
8247 2
8248 3
8249 2
8250 2
8251 2
8252 6
8253 2
8254 2
8255 5
8256 2
8257 2
8258 3
8259 2
8260 2
8261 2
8262 5
8263 2
8264 2
8265 3
8266 2
8267 2
8268 2
8269 6
8270 2
8271 2
8272 3
8273 2
8274 2
8275 2
8276 6
8277 2
8278 2
8279 3
8280 2
8281 2
8282 3
8283 2
8284 2
8285 2
8286 3
8287 2
8288 2
8289 3
8290 2
8291 2
8292 2
8293 3
8294 2
8295 2
8296 3
8297 2
8298 2
8299 3
8300 2
8301 2
8302 2
8303 3
8304 2
8305 2
8306 3
8307 2
8308 2
8309 2
8310 3
8311 2
8312 2
8313 3
8314 2
8315 2
8316 2
8317 3
8318 2
8319 2
8320 3
8321 2
8322 2
8323 6
8324 2
8325 2
8326 2
8327 3
8328 2
8329 2
8330 6
8331 2
8332 2
8333 2
8334 3
8335 2
8336 2
8337 11
8338 2
8339 2
8340 5
8341 2
8342 2
8343 2
8344 7
8345 2
8346 2
8347 5
8348 2
8349 2
8350 2
8351 3
8352 2
8353 2
8354 10
8355 2
8356 2
8357 3
8358 2
8359 2
8360 2
8361 10
8362 2
8363 2
8364 3
8365 2
8366 2
8367 2
8368 7
8369 2
8370 2
8371 3
8372 2
8373 2
8374 2
8375 13
8376 2
8377 2
8378 5
8379 2
8380 2
8381 3
8382 2
8383 2
8384 2
8385 5
8386 2
8387 2
8388 3
8389 2
8390 2
8391 2
8392 7
8393 2
8394 2
8395 3
8396 2
8397 2
8398 3
8399 2
8400 2
8401 2
8402 3
8403 2
8404 2
8405 3
8406 2
8407 2
8408 2
8409 3
8410 2
8411 2
8412 3
8413 2
8414 2
8415 2
8416 3
8417 2
8418 2
8419 3
8420 2
8421 2
8422 3
8423 2
8424 2
8425 2
8426 3
8427 2
8428 2
8429 3
8430 2
8431 2
8432 2
8433 3
8434 2
8435 2
8436 3
8437 2
8438 2
8439 7
8440 2
8441 2
8442 2
8443 3
8444 2
8445 2
8446 10
8447 2
8448 2
8449 2
8450 3
8451 2
8452 2
8453 6
8454 2
8455 2
8456 2
8457 3
8458 2
8459 2
8460 6
8461 2
8462 2
8463 5
8464 2
8465 2
8466 2
8467 3
8468 2
8469 2
8470 5
8471 2
8472 2
8473 2
8474 3
8475 2
8476 2
8477 6
8478 2
8479 2
8480 3
8481 2
8482 2
8483 2
8484 7
8485 2
8486 2
8487 3
8488 2
8489 2
8490 2
8491 13
8492 2
8493 2
8494 5
8495 2
8496 2
8497 3
8498 2
8499 2
8500 2
8501 5
8502 2
8503 2
8504 3
8505 2
8506 2
8507 2
8508 5
8509 2
8510 2
8511 3
8512 2
8513 2
8514 2
8515 26
8516 2
8517 2
8518 3
8519 2
8520 2
8521 3
8522 2
8523 2
8524 2
8525 3
8526 2
8527 2
8528 3
8529 2
8530 2
8531 2
8532 3
8533 2
8534 2
8535 3
8536 2
8537 2
8538 6
8539 2
8540 2
8541 2
8542 3
8543 2
8544 2
8545 3
8546 2
8547 2
8548 2
8549 3
8550 2
8551 2
8552 3
8553 2
8554 2
8555 2
8556 3
8557 2
8558 2
8559 3
8560 2
8561 2
8562 29
8563 2
8564 2
8565 2
8566 3
8567 2
8568 2
8569 7
8570 2
8571 2
8572 2
8573 3
8574 2
8575 2
8576 10
8577 2
8578 2
8579 5
8580 2
8581 2
8582 2
8583 6
8584 2
8585 2
8586 5
8587 2
8588 2
8589 2
8590 3
8591 2
8592 2
8593 5
8594 2
8595 2
8596 3
8597 2
8598 2
8599 2
8600 6
8601 2
8602 2
8603 3
8604 2
8605 2
8606 2
8607 6
8608 2
8609 2
8610 3
8611 2
8612 2
8613 2
8614 6
8615 2
8616 2
8617 5
8618 2
8619 2
8620 3
8621 2
8622 2
8623 2
8624 5
8625 2
8626 2
8627 3
8628 2
8629 2
8630 2
8631 5
8632 2
8633 2
8634 3
8635 2
8636 2
8637 3
8638 2
8639 2
8640 2
8641 3
8642 2
8643 2
8644 3
8645 2
8646 2
8647 2
8648 3
8649 2
8650 2
8651 3
8652 2
8653 2
8654 2
8655 3
8656 2
8657 2
8658 3
8659 2
8660 2
8661 3
8662 2
8663 2
8664 2
8665 3
8666 2
8667 2
8668 3
8669 2
8670 2
8671 2
8672 3
8673 2
8674 2
8675 3
8676 2
8677 2
8678 5
8679 2
8680 2
8681 2
8682 3
8683 2
8684 2
8685 6
8686 2
8687 2
8688 2
8689 3
8690 2
8691 2
8692 11
8693 2
8694 2
8695 2
8696 3
8697 2
8698 2
8699 7
8700 2
8701 2
8702 5
8703 2
8704 2
8705 2
8706 11
8707 2
8708 2
8709 5
8710 2
8711 2
8712 2
8713 3
8714 2
8715 2
8716 5
8717 2
8718 2
8719 3
8720 2
8721 2
8722 2
8723 7
8724 2
8725 2
8726 3
8727 2
8728 2
8729 2
8730 7
8731 2
8732 2
8733 3
8734 2
8735 2
8736 3
8737 2
8738 2
8739 2
8740 5
8741 2
8742 2
8743 3
8744 2
8745 2
8746 2
8747 5
8748 2
8749 2
8750 3
8751 2
8752 2
8753 2
8754 5
8755 2
8756 2
8757 3
8758 2
8759 2
8760 3
8761 2
8762 2
8763 2
8764 3
8765 2
8766 2
8767 3
8768 2
8769 2
8770 2
8771 3
8772 2
8773 2
8774 3
8775 2
8776 2
8777 14
8778 2
8779 2
8780 2
8781 3
8782 2
8783 2
8784 3
8785 2
8786 2
8787 2
8788 3
8789 2
8790 2
8791 3
8792 2
8793 2
8794 2
8795 3
8796 2
8797 2
8798 3
8799 2
8800 2
8801 5
8802 2
8803 2
8804 2
8805 3
8806 2
8807 2
8808 6
8809 2
8810 2
8811 2
8812 3
8813 2
8814 2
8815 6
8816 2
8817 2
8818 6
8819 2
8820 2
8821 2
8822 10
8823 2
8824 2
8825 5
8826 2
8827 2
8828 2
8829 3
8830 2
8831 2
8832 5
8833 2
8834 2
8835 3
8836 2
8837 2
8838 2
8839 5
8840 2
8841 2
8842 3
8843 2
8844 2
8845 2
8846 22
8847 2
8848 2
8849 3
8850 2
8851 2
8852 2
8853 15
8854 2
8855 2
8856 14
8857 2
8858 2
8859 3
8860 2
8861 2
8862 2
8863 5
8864 2
8865 2
8866 3
8867 2
8868 2
8869 2
8870 5
8871 2
8872 2
8873 3
8874 2
8875 2
8876 3
8877 2
8878 2
8879 2
8880 3
8881 2
8882 2
8883 3
8884 2
8885 2
8886 2
8887 3
8888 2
8889 2
8890 3
8891 2
8892 2
8893 2
8894 3
8895 2
8896 2
8897 3
8898 2
8899 2
8900 7
8901 2
8902 2
8903 2
8904 3
8905 2
8906 2
8907 3
8908 2
8909 2
8910 2
8911 3
8912 2
8913 2
8914 3
8915 2
8916 2
8917 5
8918 2
8919 2
8920 2
8921 3
8922 2
8923 2
8924 5
8925 2
8926 2
8927 2
8928 3
8929 2
8930 2
8931 11
8932 2
8933 2
8934 7
8935 2
8936 2
8937 2
8938 6
8939 2
8940 2
8941 11
8942 2
8943 2
8944 2
8945 6
8946 2
8947 2
8948 5
8949 2
8950 2
8951 2
8952 3
8953 2
8954 2
8955 5
8956 2
8957 2
8958 3
8959 2
8960 2
8961 2
8962 5
8963 2
8964 2
8965 3
8966 2
8967 2
8968 2
8969 7
8970 2
8971 2
8972 3
8973 2
8974 2
8975 3
8976 2
8977 2
8978 2
8979 6
8980 2
8981 2
8982 3
8983 2
8984 2
8985 2
8986 5
8987 2
8988 2
8989 3
8990 2
8991 2
8992 2
8993 5
8994 2
8995 2
8996 3
8997 2
8998 2
8999 3
9000 2
9001 2
9002 2
9003 3
9004 2
9005 2
9006 3
9007 2
9008 2
9009 2
9010 3
9011 2
9012 2
9013 3
9014 2
9015 2
9016 6
9017 2
9018 2
9019 2
9020 3
9021 2
9022 2
9023 3
9024 2
9025 2
9026 2
9027 3
9028 2
9029 2
9030 3
9031 2
9032 2
9033 2
9034 3
9035 2
9036 2
9037 3
9038 2
9039 2
9040 5
9041 2
9042 2
9043 2
9044 3
9045 2
9046 2
9047 5
9048 2
9049 2
9050 2
9051 3
9052 2
9053 2
9054 11
9055 2
9056 2
9057 11
9058 2
9059 2
9060 2
9061 7
9062 2
9063 2
9064 7
9065 2
9066 2
9067 2
9068 6
9069 2
9070 2
9071 5
9072 2
9073 2
9074 3
9075 2
9076 2
9077 2
9078 5
9079 2
9080 2
9081 3
9082 2
9083 2
9084 2
9085 5
9086 2
9087 2
9088 3
9089 2
9090 2
9091 2
9092 6
9093 2
9094 2
9095 14
9096 2
9097 2
9098 3
9099 2
9100 2
9101 2
9102 6
9103 2
9104 2
9105 3
9106 2
9107 2
9108 2
9109 5
9110 2
9111 2
9112 3
9113 2
9114 2
9115 3
9116 2
9117 2
9118 2
9119 3
9120 2
9121 2
9122 3
9123 2
9124 2
9125 2
9126 3
9127 2
9128 2
9129 3
9130 2
9131 2
9132 2
9133 3
9134 2
9135 2
9136 3
9137 2
9138 2
9139 6
9140 2
9141 2
9142 2
9143 3
9144 2
9145 2
9146 3
9147 2
9148 2
9149 2
9150 3
9151 2
9152 2
9153 3
9154 2
9155 2
9156 5
9157 2
9158 2
9159 2
9160 3
9161 2
9162 2
9163 5
9164 2
9165 2
9166 2
9167 3
9168 2
9169 2
9170 5
9171 2
9172 2
9173 6
9174 2
9175 2
9176 2
9177 11
9178 2
9179 2
9180 6
9181 2
9182 2
9183 2
9184 19
9185 2
9186 2
9187 11
9188 2
9189 2
9190 2
9191 3
9192 2
9193 2
9194 5
9195 2
9196 2
9197 3
9198 2
9199 2
9200 2
9201 5
9202 2
9203 2
9204 3
9205 2
9206 2
9207 2
9208 5
9209 2
9210 2
9211 3
9212 2
9213 2
9214 3
9215 2
9216 2
9217 2
9218 10
9219 2
9220 2
9221 3
9222 2
9223 2
9224 2
9225 7
9226 2
9227 2
9228 3
9229 2
9230 2
9231 2
9232 5
9233 2
9234 2
9235 3
9236 2
9237 2
9238 3
9239 2
9240 2
9241 2
9242 3
9243 2
9244 2
9245 3
9246 2
9247 2
9248 2
9249 3
9250 2
9251 2
9252 3
9253 2
9254 2
9255 5
9256 2
9257 2
9258 2
9259 3
9260 2
9261 2
9262 7
9263 2
9264 2
9265 2
9266 3
9267 2
9268 2
9269 3
9270 2
9271 2
9272 2
9273 3
9274 2
9275 2
9276 3
9277 2
9278 2
9279 5
9280 2
9281 2
9282 2
9283 3
9284 2
9285 2
9286 5
9287 2
9288 2
9289 2
9290 3
9291 2
9292 2
9293 5
9294 2
9295 2
9296 11
9297 2
9298 2
9299 2
9300 6
9301 2
9302 2
9303 6
9304 2
9305 2
9306 2
9307 7
9308 2
9309 2
9310 5
9311 2
9312 2
9313 3
9314 2
9315 2
9316 2
9317 5
9318 2
9319 2
9320 3
9321 2
9322 2
9323 2
9324 5
9325 2
9326 2
9327 3
9328 2
9329 2
9330 2
9331 5
9332 2
9333 2
9334 3
9335 2
9336 2
9337 3
9338 2
9339 2
9340 2
9341 10
9342 2
9343 2
9344 3
9345 2
9346 2
9347 2
9348 21
9349 2
9350 2
9351 3
9352 2
9353 2
9354 3
9355 2
9356 2
9357 2
9358 3
9359 2
9360 2
9361 3
9362 2
9363 2
9364 2
9365 3
9366 2
9367 2
9368 3
9369 2
9370 2
9371 2
9372 3
9373 2
9374 2
9375 3
9376 2
9377 2
9378 5
9379 2
9380 2
9381 2
9382 3
9383 2
9384 2
9385 3
9386 2
9387 2
9388 2
9389 3
9390 2
9391 2
9392 3
9393 2
9394 2
9395 5
9396 2
9397 2
9398 2
9399 3
9400 2
9401 2
9402 5
9403 2
9404 2
9405 2
9406 3
9407 2
9408 2
9409 5
9410 2
9411 2
9412 11
9413 2
9414 2
9415 2
9416 5
9417 2
9418 2
9419 11
9420 2
9421 2
9422 2
9423 6
9424 2
9425 2
9426 7
9427 2
9428 2
9429 2
9430 6
9431 2
9432 2
9433 5
9434 2
9435 2
9436 3
9437 2
9438 2
9439 2
9440 5
9441 2
9442 2
9443 3
9444 2
9445 2
9446 2
9447 5
9448 2
9449 2
9450 3
9451 2
9452 2
9453 3
9454 2
9455 2
9456 2
9457 6
9458 2
9459 2
9460 3
9461 2
9462 2
9463 2
9464 6
9465 2
9466 2
9467 3
9468 2
9469 2
9470 2
9471 5
9472 2
9473 2
9474 3
9475 2
9476 2
9477 3
9478 2
9479 2
9480 2
9481 3
9482 2
9483 2
9484 3
9485 2
9486 2
9487 2
9488 3
9489 2
9490 2
9491 3
9492 2
9493 2
9494 5
9495 2
9496 2
9497 2
9498 3
9499 2
9500 2
9501 5
9502 2
9503 2
9504 2
9505 3
9506 2
9507 2
9508 3
9509 2
9510 2
9511 6
9512 2
9513 2
9514 2
9515 3
9516 2
9517 2
9518 5
9519 2
9520 2
9521 2
9522 3
9523 2
9524 2
9525 5
9526 2
9527 2
9528 2
9529 3
9530 2
9531 2
9532 5
9533 2
9534 2
9535 6
9536 2
9537 2
9538 2
9539 5
9540 2
9541 2
9542 29
9543 2
9544 2
9545 2
9546 10
9547 2
9548 2
9549 17
9550 2
9551 2
9552 3
9553 2
9554 2
9555 2
9556 5
9557 2
9558 2
9559 3
9560 2
9561 2
9562 2
9563 5
9564 2
9565 2
9566 3
9567 2
9568 2
9569 2
9570 5
9571 2
9572 2
9573 3
9574 2
9575 2
9576 3
9577 2
9578 2
9579 2
9580 7
9581 2
9582 2
9583 3
9584 2
9585 2
9586 2
9587 6
9588 2
9589 2
9590 3
9591 2
9592 2
9593 3
9594 2
9595 2
9596 2
9597 3
9598 2
9599 2
9600 3
9601 2
9602 2
9603 2
9604 3
9605 2
9606 2
9607 3
9608 2
9609 2
9610 2
9611 3
9612 2
9613 2
9614 3
9615 2
9616 2
9617 5
9618 2
9619 2
9620 2
9621 3
9622 2
9623 2
9624 5
9625 2
9626 2
9627 2
9628 3
9629 2
9630 2
9631 3
9632 2
9633 2
9634 11
9635 2
9636 2
9637 2
9638 3
9639 2
9640 2
9641 5
9642 2
9643 2
9644 2
9645 3
9646 2
9647 2
9648 5
9649 2
9650 2
9651 7
9652 2
9653 2
9654 2
9655 5
9656 2
9657 2
9658 6
9659 2
9660 2
9661 2
9662 5
9663 2
9664 2
9665 6
9666 2
9667 2
9668 2
9669 21
9670 2
9671 2
9672 7
9673 2
9674 2
9675 3
9676 2
9677 2
9678 2
9679 5
9680 2
9681 2
9682 3
9683 2
9684 2
9685 2
9686 5
9687 2
9688 2
9689 3
9690 2
9691 2
9692 3
9693 2
9694 2
9695 2
9696 3
9697 2
9698 2
9699 3
9700 2
9701 2
9702 2
9703 26
9704 2
9705 2
9706 3
9707 2
9708 2
9709 2
9710 21
9711 2
9712 2
9713 3
9714 2
9715 2
9716 3
9717 2
9718 2
9719 2
9720 3
9721 2
9722 2
9723 3
9724 2
9725 2
9726 2
9727 3
9728 2
9729 2
9730 3
9731 2
9732 2
9733 5
9734 2
9735 2
9736 2
9737 3
9738 2
9739 2
9740 5
9741 2
9742 2
9743 2
9744 3
9745 2
9746 2
9747 3
9748 2
9749 2
9750 11
9751 2
9752 2
9753 2
9754 3
9755 2
9756 2
9757 7
9758 2
9759 2
9760 2
9761 3
9762 2
9763 2
9764 5
9765 2
9766 2
9767 2
9768 3
9769 2
9770 2
9771 5
9772 2
9773 2
9774 10
9775 2
9776 2
9777 2
9778 5
9779 2
9780 2
9781 7
9782 2
9783 2
9784 2
9785 5
9786 2
9787 2
9788 6
9789 2
9790 2
9791 3
9792 2
9793 2
9794 2
9795 6
9796 2
9797 2
9798 3
9799 2
9800 2
9801 2
9802 5
9803 2
9804 2
9805 3
9806 2
9807 2
9808 2
9809 5
9810 2
9811 2
9812 3
9813 2
9814 2
9815 3
9816 2
9817 2
9818 2
9819 34
9820 2
9821 2
9822 3
9823 2
9824 2
9825 2
9826 7
9827 2
9828 2
9829 3
9830 2
9831 2
9832 3
9833 2
9834 2
9835 2
9836 3
9837 2
9838 2
9839 3
9840 2
9841 2
9842 2
9843 3
9844 2
9845 2
9846 3
9847 2
9848 2
9849 2
9850 3
9851 2
9852 2
9853 3
9854 2
9855 2
9856 5
9857 2
9858 2
9859 2
9860 3
9861 2
9862 2
9863 5
9864 2
9865 2
9866 2
9867 3
9868 2
9869 2
9870 3
9871 2
9872 2
9873 6
9874 2
9875 2
9876 2
9877 3
9878 2
9879 2
9880 11
9881 2
9882 2
9883 2
9884 3
9885 2
9886 2
9887 5
9888 2
9889 2
9890 3
9891 2
9892 2
9893 2
9894 5
9895 2
9896 2
9897 7
9898 2
9899 2
9900 2
9901 5
9902 2
9903 2
9904 10
9905 2
9906 2
9907 2
9908 5
9909 2
9910 2
9911 13
9912 2
9913 2
9914 3
9915 2
9916 2
9917 2
9918 7
9919 2
9920 2
9921 3
9922 2
9923 2
9924 2
9925 5
9926 2
9927 2
9928 3
9929 2
9930 2
9931 3
9932 2
9933 2
9934 2
9935 3
9936 2
9937 2
9938 3
9939 2
9940 2
9941 2
9942 6
9943 2
9944 2
9945 3
9946 2
9947 2
9948 2
9949 6
9950 2
9951 2
9952 3
9953 2
9954 2
9955 3
9956 2
9957 2
9958 2
9959 3
9960 2
9961 2
9962 3
9963 2
9964 2
9965 2
9966 3
9967 2
9968 2
9969 3
9970 2
9971 2
9972 5
9973 2
9974 2
9975 2
9976 3
9977 2
9978 2
9979 5
9980 2
9981 2
9982 2
9983 3
9984 2
9985 2
9986 5
9987 2
9988 2
9989 6
9990 2
9991 2
9992 2
9993 3
9994 2
9995 2
9996 6
9997 2
9998 2
9999 2
10000 3
