1 1
2 4
3 2
4 3
5 9
6 5
7 6
8 7
9 8
10 16
11 10
12 12
13 14
14 11
15 15
16 25
17 13
18 18
19 21
20 20
21 24
22 22
23 17
24 27
25 36
26 19
27 26
28 28
29 30
30 33
31 32
32 23
33 35
34 49
35 40
36 34
37 39
38 48
39 44
40 42
41 38
42 29
43 45
44 31
45 50
46 64
47 52
48 55
49 51
50 46
51 54
52 56
53 37
54 60
55 57
56 63
57 65
58 66
59 81
60 41
61 70
62 68
63 43
64 58
65 72
66 75
67 78
68 69
69 62
70 47
71 76
72 77
73 80
74 88
75 100
76 85
77 84
78 90
79 53
80 96
81 91
82 74
83 98
84 95
85 92
86 87
87 99
88 59
89 102
90 104
91 121
92 61
93 82
94 93
95 105
96 108
97 112
98 86
99 117
100 110
101 114
102 67
103 120
104 119
105 115
106 125
107 94
108 71
109 128
110 144
111 116
112 73
113 126
114 111
115 130
116 133
117 136
118 132
119 124
120 135
121 79
122 106
123 140
124 138
125 147
126 123
127 143
128 83
129 154
130 169
131 153
132 152
133 129
134 145
135 150
136 160
137 118
138 89
139 162
140 156
141 122
142 161
143 148
144 155
145 165
146 141
147 168
148 170
149 175
150 97
151 171
152 196
153 176
154 180
155 134
156 101
157 174
158 187
159 164
160 103
161 184
162 182
163 190
164 189
165 159
166 142
167 107
168 172
169 192
170 186
171 109
172 146
173 195
174 200
175 185
176 198
177 225
178 113
179 209
180 207
181 204
182 203
183 208
184 188
185 177
186 158
187 210
188 220
189 221
190 216
191 183
192 240
193 205
194 228
195 217
196 166
197 242
198 224
199 230
200 127
201 238
202 256
203 215
204 222
205 234
206 232
207 131
208 231
209 212
210 247
211 178
212 201
213 243
214 245
215 252
216 137
217 250
218 253
219 139
220 248
221 260
222 235
223 213
224 255
225 264
226 246
227 270
228 289
229 261
230 194
231 219
232 266
233 236
234 259
235 275
236 149
237 276
238 288
239 258
240 151
241 202
242 273
243 244
244 272
245 280
246 206
247 279
248 286
249 157
250 285
251 237
252 265
253 290
254 297
255 214
256 299
257 294
258 324
259 300
260 163
261 218
262 287
263 282
264 308
265 249
266 296
267 167
268 268
269 304
270 312
271 226
272 306
273 310
274 320
275 315
276 301
277 322
278 173
279 319
280 338
281 325
282 323
283 295
284 284
285 267
286 330
287 179
288 336
289 361
290 181
291 340
292 343
293 292
294 305
295 345
296 328
297 333
298 318
299 341
300 351
301 350
302 329
303 348
304 352
305 342
306 254
307 191
308 360
309 357
310 193
311 344
312 291
313 363
314 368
315 364
316 262
317 197
318 316
319 375
320 199
321 380
322 400
323 335
324 372
325 303
326 378
327 377
328 370
329 374
330 369
331 274
332 309
333 354
334 384
335 332
336 390
337 278
338 385
339 392
340 211
341 376
342 371
343 391
344 355
345 366
346 321
347 396
348 387
349 399
350 403
351 406
352 327
353 408
354 365
355 405
356 441
357 416
358 407
359 356
360 223
361 298
362 420
363 414
364 410
365 339
366 302
367 227
368 429
369 418
370 229
371 425
372 437
373 440
374 435
375 434
376 233
377 432
378 402
379 423
380 314
381 413
382 430
383 395
384 442
385 448
386 424
387 239
388 450
389 444
390 241
391 456
392 484
393 388
394 459
395 427
396 326
397 455
398 451
399 460
400 468
401 462
402 465
403 426
404 415
405 480
406 334
407 251
408 464
409 404
410 483
411 486
412 381
413 476
414 438
415 490
416 475
417 257
418 412
419 473
420 470
421 481
422 346
423 494
424 493
425 393
426 504
427 263
428 496
429 495
430 529
431 477
432 472
433 513
434 492
435 445
436 428
437 469
438 358
439 269
440 507
441 500
442 271
443 362
444 510
445 436
446 520
447 411
448 488
449 512
450 522
451 506
452 474
453 277
454 518
455 417
456 527
457 516
458 525
459 528
460 281
461 517
462 452
463 283
464 540
465 497
466 532
467 544
468 382
469 533
470 539
471 576
472 546
473 386
474 551
475 498
476 485
477 530
478 511
479 550
480 293
481 552
482 558
483 531
484 394
485 555
486 560
487 561
488 447
489 398
490 572
491 578
492 559
493 536
494 453
495 575
496 505
497 570
498 567
499 549
500 564
501 580
502 307
503 574
504 588
505 515
506 589
507 585
508 311
509 534
510 594
511 625
512 313
513 595
514 471
515 592
516 600
517 553
518 422
519 317
520 508
521 583
522 598
523 609
524 568
525 608
526 535
527 621
528 602
529 612
530 605
531 590
532 637
533 620
534 489
535 545
536 524
537 615
538 584
539 611
540 616
541 331
542 624
543 581
544 627
545 629
546 638
547 501
548 446
549 603
550 610
551 640
552 337
553 630
554 676
555 565
556 582
557 646
558 454
559 650
560 648
561 548
562 672
563 458
564 645
565 636
566 644
567 519
568 660
569 347
570 556
571 651
572 656
573 349
574 466
575 665
576 663
577 666
578 693
579 658
580 353
581 606
582 649
583 639
584 632
585 623
586 667
587 680
588 682
589 537
590 478
591 359
592 675
593 618
594 686
595 482
596 543
597 696
598 702
599 700
600 729
601 657
602 688
603 671
604 367
605 720
606 690
607 670
608 697
609 684
610 703
611 689
612 713
613 596
614 373
615 664
616 714
617 642
618 722
619 705
620 502
621 704
622 604
623 725
624 379
625 715
626 726
627 635
628 654
629 573
630 736
631 383
632 708
633 728
634 735
635 514
636 579
637 731
638 744
639 679
640 740
641 389
642 738
643 741
644 710
645 756
646 750
647 784
648 628
649 655
650 591
651 526
652 711
653 678
654 748
655 732
656 397
657 742
658 597
659 760
660 752
661 754
662 712
663 401
664 730
665 737
666 759
667 765
668 538
669 707
670 768
671 770
672 542
673 777
674 652
675 782
676 774
677 409
678 780
679 779
680 685
681 721
682 775
683 767
684 783
685 747
686 554
687 800
688 792
689 695
690 668
691 798
692 805
693 419
694 810
695 841
696 421
697 562
698 633
699 806
700 799
701 819
702 795
703 566
704 816
705 814
706 781
707 793
708 825
709 749
710 832
711 817
712 820
713 431
714 840
715 692
716 433
717 833
718 837
719 790
720 812
721 804
722 763
723 776
724 828
725 845
726 803
727 439
728 586
729 836
730 864
731 847
732 826
733 443
734 850
735 762
736 801
737 851
738 669
739 846
740 745
741 716
742 875
743 855
744 449
745 867
746 900
747 848
748 861
749 860
750 791
751 724
752 755
753 681
754 808
755 858
756 874
757 830
758 457
759 854
760 687
761 786
762 868
763 880
764 614
765 461
766 852
767 891
768 888
769 463
770 824
771 870
772 882
773 884
774 699
775 622
776 467
777 896
778 897
779 871
780 626
781 893
782 785
783 902
784 885
785 910
786 903
787 869
788 876
789 912
790 634
791 899
792 901
793 764
794 717
795 928
796 479
797 822
798 924
799 961
800 925
801 856
802 723
803 772
804 920
805 931
806 918
807 873
808 945
809 834
810 487
811 936
812 915
813 815
814 890
815 960
816 872
817 491
818 943
819 788
820 935
821 940
822 950
823 946
824 957
825 930
826 662
827 923
828 796
829 913
830 499
831 962
832 968
833 952
834 835
835 944
836 753
837 938
838 503
839 954
840 972
841 909
842 674
843 966
844 975
845 969
846 889
847 904
848 509
849 986
850 949
851 990
852 1024
853 984
854 988
855 948
856 771
857 980
858 927
859 989
860 987
861 992
862 999
863 976
864 865
865 1001
866 694
867 521
868 894
869 1000
870 1012
871 523
872 698
873 917
874 1008
875 789
876 1014
877 1015
878 844
879 1026
880 906
881 1029
882 706
883 1007
884 1003
885 1040
886 994
887 1025
888 970
889 979
890 963
891 1020
892 1005
893 1023
894 895
895 1032
896 807
897 718
898 1036
899 996
900 1045
901 1034
902 541
903 1056
904 813
905 1054
906 905
907 1050
908 1089
909 981
910 1053
911 547
912 1022
913 959
914 1037
915 942
916 1058
917 734
918 1044
919 1035
920 1071
921 1027
922 1066
923 831
924 1064
925 1010
926 973
927 1060
928 557
929 892
930 1083
931 1075
932 746
933 1078
934 1062
935 1092
936 843
937 1080
938 563
939 1085
940 1081
941 1017
942 1073
943 849
944 1030
945 1120
946 908
947 1065
948 758
949 569
950 1072
951 1100
952 978
953 571
954 1016
955 1104
956 916
957 955
958 1088
959 1107
960 766
961 1105
962 1127
963 577
964 1102
965 1156
966 1068
967 965
968 1098
969 1131
970 1118
971 1079
972 1067
973 932
974 1113
975 778
976 1095
977 1002
978 1110
979 879
980 1122
981 587
982 1128
983 1134
984 1070
985 1116
986 1048
987 1121
988 985
989 1144
990 1125
991 1106
992 593
993 1140
994 1148
995 1150
996 794
997 1043
998 995
999 956
1000 1152
1001 1147
1002 599
1003 1090
1004 1170
1005 601
1006 802
1007 1161
1008 964
1009 1139
1010 1136
1011 1057
1012 1155
1013 1173
1014 1038
1015 1111
1016 607
1017 1176
1018 1183
1019 1160
1020 1166
1021 1159
1022 1184
1023 1175
1024 1190
1025 1225
1026 613
1027 818
1028 921
1029 1189
1030 1188
1031 1096
1032 617
1033 1178
1034 1133
1035 619
1036 1180
1037 1209
1038 1168
1039 1196
1040 1130
1041 933
1042 1162
1043 1157
1044 1204
1045 1200
1046 1215
1047 1112
1048 939
1049 1074
1050 1197
1051 1004
1052 1099
1053 838
1054 1216
1055 1232
1056 1164
1057 631
1058 842
1059 1185
1060 1210
1061 1055
1062 1086
1063 951
1064 1222
1065 1143
1066 1230
1067 1219
1068 1206
1069 1235
1070 1224
1071 1218
1072 1207
1073 1221
1074 1220
1075 641
1076 1177
1077 1028
1078 643
1079 1242
1080 1260
1081 1247
1082 1254
1083 862
1084 647
1085 1248
1086 1296
1087 1239
1088 866
1089 1250
1090 1240
1091 1141
1092 1276
1093 653
1094 1199
1095 1258
1096 1179
1097 1265
1098 1271
1099 1212
1100 1241
1101 1052
1102 1269
1103 878
1104 659
1105 1280
1106 661
1107 1274
1108 993
1109 1272
1110 1275
1111 1245
1112 886
1113 1292
1114 1287
1115 1295
1116 1290
1117 1288
1118 1246
1119 1169
1120 1146
1121 1115
1122 1236
1123 1273
1124 1192
1125 1281
1126 1264
1127 1305
1128 1076
1129 673
1130 898
1131 1011
1132 1278
1133 1300
1134 1158
1135 1323
1136 1312
1137 677
1138 1084
1139 1243
1140 1298
1141 1261
1142 1208
1143 1309
1144 1135
1145 1311
1146 1302
1147 1326
1148 683
1149 1320
1150 1369
1151 1233
1152 914
1153 1344
1154 1145
1155 1330
1156 1331
1157 1333
1158 1325
1159 1182
1160 1316
1161 691
1162 922
1163 1211
1164 1108
1165 1352
1166 1314
1167 1041
1168 926
1169 1251
1170 1284
1171 1334
1172 1194
1173 1350
1174 1364
1175 1047
1176 1270
1177 1165
1178 1360
1179 934
1180 701
1181 1342
1182 1365
1183 1124
1184 1332
1185 1340
1186 1372
1187 1363
1188 1328
1189 1059
1190 1256
1191 1313
1192 1132
1193 1357
1194 1308
1195 709
1196 1353
1197 1349
1198 1376
1199 1343
1200 1335
1201 1368
1202 1380
1203 1377
1204 1375
1205 1378
1206 1253
1207 1195
1208 1386
1209 1077
1210 958
1211 719
1212 1392
1213 1310
1214 1339
1215 1406
1216 1444
1217 1394
1218 1205
1219 1267
1220 1395
1221 1421
1222 1404
1223 727
1224 1358
1225 1400
1226 1408
1227 1440
1228 1387
1229 974
1230 1419
1231 1425
1232 1403
1233 1172
1234 733
1235 1304
1236 1101
1237 1356
1238 1445
1239 1410
1240 982
1241 1407
1242 1416
1243 1435
1244 1266
1245 739
1246 1428
1247 1443
1248 1430
1249 1431
1250 1452
1251 743
1252 1426
1253 1341
1254 1420
1255 1119
1256 1411
1257 1449
1258 1450
1259 998
1260 1391
1261 1458
1262 1422
1263 751
1264 1336
1265 1456
1266 1457
1267 1255
1268 1370
1269 1470
1270 1006
1271 1359
1272 1462
1273 1424
1274 757
1275 1414
1276 1137
1277 1463
1278 1472
1279 1479
1280 1482
1281 1521
1282 761
1283 1397
1284 1464
1285 1417
1286 1018
1287 1337
1288 1390
1289 1485
1290 1149
1291 1460
1292 1475
1293 1228
1294 1476
1295 1484
1296 769
1297 1488
1298 1496
1299 1474
1300 1285
1301 1351
1302 1442
1303 773
1304 1495
1305 1505
1306 1500
1307 1504
1308 1455
1309 1480
1310 1244
1311 1167
1312 1384
1313 1512
1314 1517
1315 1338
1316 1491
1317 1042
1318 1518
1319 1252
1320 1508
1321 1519
1322 1046
1323 1413
1324 1441
1325 1520
1326 787
1327 1530
1328 1379
1329 1494
1330 1315
1331 1501
1332 1536
1333 1469
1334 1540
1335 1268
1336 1525
1337 1547
1338 1191
1339 1362
1340 1537
1341 1548
1342 1393
1343 1534
1344 797
1345 1560
1346 1539
1347 1550
1348 1558
1349 1600
1350 1513
1351 1374
1352 1203
1353 1498
1354 1533
1355 1541
1356 1551
1357 1432
1358 1564
1359 1345
1360 1566
1361 1515
1362 1584
1363 809
1364 1573
1365 811
1366 1082
1367 1568
1368 1575
1369 1355
1370 1554
1371 1448
1372 1467
1373 1398
1374 1587
1375 1562
1376 1591
1377 1526
1378 1227
1379 1596
1380 1490
1381 1581
1382 1094
1383 821
1384 1590
1385 1507
1386 1598
1387 823
1388 1586
1389 1545
1390 1552
1391 1595
1392 1524
1393 1593
1394 1615
1395 827
1396 1324
1397 1610
1398 829
1399 1580
1400 1577
1401 1510
1402 1385
1403 1617
1404 1599
1405 1625
1406 1529
1407 1503
1408 1114
1409 1620
1410 1434
1411 1612
1412 1608
1413 1257
1414 1634
1415 839
1416 1606
1417 1624
1418 1681
1419 1628
1420 1632
1421 1263
1422 1348
1423 1405
1424 1446
1425 1477
1426 1126
1427 1638
1428 1602
1429 1645
1430 1650
1431 1582
1432 1643
1433 1415
1434 1666
1435 1680
1436 1656
1437 1572
1438 1633
1439 1674
1440 853
1441 1138
1442 1647
1443 1672
1444 1652
1445 1605
1446 1142
1447 857
1448 1690
1449 1664
1450 1616
1451 859
1452 1528
1453 1677
1454 1640
1455 1293
1456 1665
1457 863
1458 1570
1459 1682
1460 1683
1461 1557
1462 1154
1463 1299
1464 1694
1465 1388
1466 1705
1467 1544
1468 1659
1469 1692
1470 1653
1471 1675
1472 1660
1473 1635
1474 1396
1475 1649
1476 1701
1477 1696
1478 1715
1479 1648
1480 1679
1481 877
1482 1725
1483 1317
1484 1506
1485 1465
1486 1716
1487 1174
1488 881
1489 1720
1490 1764
1491 1412
1492 883
1493 1710
1494 1700
1495 1708
1496 1711
1497 1729
1498 1329
1499 1576
1500 887
1501 1704
1502 1702
1503 1651
1504 1186
1505 1691
1506 1644
1507 1728
1508 1561
1509 1750
1510 1734
1511 1639
1512 1611
1513 1592
1514 1736
1515 1630
1516 1755
1517 1436
1518 1347
1519 1198
1520 1740
1521 1542
1522 1760
1523 1749
1524 1202
1525 1722
1526 1768
1527 1739
1528 1668
1529 1695
1530 1742
1531 1629
1532 1661
1533 1763
1534 907
1535 1776
1536 1589
1537 1738
1538 1717
1539 1712
1540 1771
1541 1214
1542 911
1543 1748
1544 1752
1545 1743
1546 1767
1547 1371
1548 1770
1549 1769
1550 1603
1551 1786
1552 1703
1553 1468
1554 1785
1555 1670
1556 919
1557 1226
1558 1792
1559 1578
1560 1535
1561 1746
1562 1383
1563 1782
1564 1775
1565 1794
1566 1849
1567 1800
1568 1234
1569 1389
1570 1744
1571 1751
1572 1802
1573 1804
1574 1238
1575 929
1576 1805
1577 1798
1578 1813
1579 1815
1580 1631
1581 1492
1582 1555
1583 1401
1584 1780
1585 1827
1586 1820
1587 937
1588 1824
1589 1809
1590 1565
1591 1833
1592 1836
1593 941
1594 1614
1595 1727
1596 1840
1597 1845
1598 1850
1599 1829
1600 1848
1601 1830
1602 1806
1603 1262
1604 947
1605 1516
1606 1817
1607 1626
1608 1825
1609 1688
1610 1859
1611 1585
1612 1730
1613 1870
1614 1778
1615 953
1616 1855
1617 1826
1618 1719
1619 1872
1620 1673
1621 1856
1622 1532
1623 1437
1624 1846
1625 1781
1626 1818
1627 1875
1628 1808
1629 1862
1630 1282
1631 1887
1632 1881
1633 1819
1634 1863
1635 1687
1636 1286
1637 1737
1638 1880
1639 967
1640 1885
1641 1936
1642 1788
1643 1892
1644 1662
1645 1843
1646 1294
1647 971
1648 1876
1649 1890
1650 1556
1651 1807
1652 1888
1653 1461
1654 1911
1655 1860
1656 1891
1657 977
1658 1904
1659 1793
1660 1854
1661 1869
1662 1306
1663 1920
1664 1908
1665 1853
1666 1812
1667 1473
1668 1834
1669 983
1670 1686
1671 1886
1672 1790
1673 1773
1674 1898
1675 1914
1676 1900
1677 1896
1678 1927
1679 1318
1680 1935
1681 1925
1682 1698
1683 991
1684 1322
1685 1922
1686 1588
1687 1655
1688 1917
1689 1932
1690 1791
1691 1810
1692 1909
1693 997
1694 1938
1695 1497
1696 1924
1697 1950
1698 1944
1699 1955
1700 1837
1701 1604
1702 1947
1703 1784
1704 1757
1705 1968
1706 1943
1707 1509
1708 1952
1709 1953
1710 1960
1711 1980
1712 1009
1713 1346
1714 1919
1715 1961
1716 1685
1717 1972
1718 1974
1719 2025
1720 1013
1721 1976
1722 1984
1723 1354
1724 1905
1725 1926
1726 1921
1727 1998
1728 1527
1729 1940
1730 1019
1731 1989
1732 1884
1733 1021
1734 1816
1735 1971
1736 1636
1737 2000
1738 1958
1739 2016
1740 1366
1741 2009
1742 1758
1743 1995
1744 1975
1745 1918
1746 1799
1747 2002
1748 2023
1749 1988
1750 1957
1751 1832
1752 1031
1753 1978
1754 2006
1755 1033
1756 2001
1757 2014
1758 2021
1759 1962
1760 2024
1761 1382
1762 2013
1763 1992
1764 1903
1765 2010
1766 1039
1767 2035
1768 2015
1769 1735
1770 1563
1771 1946
1772 1937
1773 2030
1774 2040
1775 2028
1776 1569
1777 2050
1778 1745
1779 1676
1780 1965
1781 1864
1782 1049
1783 2048
1784 1910
1785 1051
1786 1402
1787 1841
1788 1684
1789 2052
1790 2064
1791 2046
1792 2072
1793 1899
1794 2070
1795 1963
1796 2068
1797 2116
1798 2044
1799 1765
1800 1956
1801 2067
1802 2020
1803 1061
1804 1930
1805 2065
1806 2057
1807 1063
1808 1418
1809 2058
1810 2059
1811 2079
1812 2054
1813 2037
1814 2074
1815 2047
1816 1069
1817 2090
1818 2033
1819 2091
1820 2077
1821 2093
1822 2088
1823 2034
1824 1969
1825 1842
1826 2080
1827 1912
1828 1883
1829 1795
1830 1724
1831 2100
1832 1438
1833 2075
1834 2032
1835 2106
1836 2107
1837 2060
1838 1623
1839 1732
1840 2108
1841 1970
1842 1897
1843 1928
1844 2112
1845 2004
1846 1991
1847 2120
1848 1087
1849 2109
1850 2125
1851 1866
1852 2115
1853 2071
1854 1454
1855 1091
1856 2124
1857 2142
1858 2128
1859 1093
1860 2166
1861 1641
1862 1990
1863 2117
1864 1878
1865 2055
1866 2150
1867 1097
1868 1756
1869 2135
1870 2145
1871 2041
1872 1466
1873 2156
1874 2130
1875 1835
1876 2139
1877 2160
1878 1103
1879 2175
1880 2209
1881 2176
1882 2144
1883 2133
1884 2132
1885 1772
1886 1939
1887 1478
1888 1109
1889 1902
1890 2146
1891 2121
1892 2178
1893 2085
1894 2136
1895 2173
1896 2096
1897 1671
1898 1486
1899 2007
1900 2134
1901 2170
1902 2184
1903 1117
1904 2086
1905 2185
1906 1865
1907 2187
1908 2158
1909 2183
1910 2193
1911 1796
1912 1123
1913 2140
1914 1967
1915 2076
1916 2197
1917 1689
1918 1502
1919 2204
1920 2200
1921 2162
1922 2196
1923 1129
1924 2008
1925 2147
1926 2205
1927 2210
1928 2190
1929 1981
1930 2114
1931 2163
1932 2223
1933 2043
1934 1514
1935 2201
1936 1895
1937 2214
1938 1707
1939 2208
1940 2211
1941 2226
1942 2240
1943 2119
1944 1522
1945 1713
1946 1828
1947 2159
1948 2244
1949 2180
1950 2061
1951 2212
1952 2101
1953 2220
1954 2254
1955 2250
1956 1915
1957 2233
1958 2268
1959 2242
1960 1151
1961 2255
1962 2304
1963 1844
1964 1153
1965 1538
1966 1731
1967 2275
1968 2261
1969 2056
1970 2225
1971 1852
1972 2123
1973 1986
1974 2232
1975 1546
1976 2262
1977 2110
1978 2236
1979 2222
1980 2241
1981 2256
1982 1163
1983 2148
1984 2231
1985 2192
1986 2097
1987 2257
1988 2279
1989 1945
1990 1868
1991 2263
1992 2294
1993 2171
1994 2288
1995 1171
1996 2272
1997 2051
1998 2278
1999 2277
2000 1761
2001 2295
2002 2303
2003 2280
2004 2172
2005 2247
2006 2198
2007 2299
2008 2227
2009 2022
2010 2301
2011 1574
2012 1181
2013 2224
2014 2167
2015 2296
2016 2310
2017 2104
2018 2312
2019 2266
2020 2291
2021 1779
2022 2260
2023 1187
2024 2320
2025 2322
2026 2325
2027 2318
2028 2300
2029 1985
2030 2235
2031 2332
2032 1193
2033 2331
2034 2189
2035 2151
2036 1594
2037 2337
2038 2352
2039 1916
2040 1797
2041 2350
2042 2289
2043 2340
2044 2401
2045 1201
2046 2314
2047 1803
2048 2346
2049 2005
2050 2324
2051 2365
2052 2336
2053 2169
2054 2345
2055 2286
2056 2343
2057 2356
2058 2265
2059 2366
2060 2349
2061 2376
2062 2152
2063 2249
2064 2323
2065 2328
2066 1213
2067 1618
2068 1821
2069 2082
2070 2400
2071 2380
2072 2368
2073 1622
2074 1217
2075 1948
2076 2360
2077 2385
2078 2168
2079 2379
2080 2387
2081 2094
2082 2375
2083 2282
2084 1223
2085 2405
2086 2370
2087 2392
2088 2394
2089 1839
2090 2230
2091 2045
2092 1964
2093 2149
2094 2397
2095 1229
2096 2378
2097 2354
2098 1231
2099 1642
2100 2420
2101 2408
2102 2329
2103 1851
2104 1646
2105 2432
2106 2118
2107 2369
2108 1237
2109 2430
2110 1857
2111 2419
2112 2412
2113 2418
2114 1654
2115 2409
2116 2292
2117 2415
2118 2414
2119 2373
2120 1658
2121 2177
2122 2358
2123 2407
2124 2438
2125 2403
2126 2216
2127 2448
2128 1996
2129 2450
2130 2270
2131 1249
2132 2431
2133 2500
2134 2440
2135 2363
2136 2191
2137 2338
2138 2327
2139 2398
2140 2436
2141 2316
2142 2259
2143 2457
2144 2355
2145 2154
2146 2095
2147 2012
2148 2442
2149 1678
2150 1259
2151 2290
2152 2464
2153 2425
2154 2451
2155 1893
2156 2424
2157 2105
2158 2470
2159 2449
2160 2248
2161 2475
2162 2321
2163 2384
2164 2353
2165 2480
2166 2219
2167 2465
2168 2444
2169 2413
2170 2523
2171 2460
2172 2491
2173 2036
2174 2479
2175 2264
2176 2496
2177 2499
2178 2478
2179 2484
2180 1277
2181 2482
2182 2485
2183 1279
2184 1706
2185 2520
2186 2364
2187 2501
2188 2330
2189 1923
2190 2508
2191 1283
2192 2416
2193 2461
2194 2202
2195 2313
2196 1714
2197 1929
2198 2490
2199 2516
2200 2472
2201 2530
2202 1718
2203 1289
2204 2494
2205 2492
2206 1291
2207 2511
2208 2527
2209 2535
2210 2155
2211 2388
2212 1941
2213 1726
2214 2538
2215 2550
2216 1297
2217 2422
2218 2537
2219 2544
2220 2165
2221 2486
2222 2548
2223 2601
2224 1301
2225 2466
2226 2542
2227 2084
2228 1303
2229 2528
2230 2445
2231 2552
2232 2238
2233 1959
2234 2546
2235 1307
2236 2092
2237 2507
2238 2541
2239 2522
2240 2489
2241 2553
2242 2562
2243 2560
2244 2565
2245 2525
2246 2556
2247 2555
2248 2390
2249 2367
2250 1754
2251 2576
2252 2195
2253 2574
2254 1977
2255 2344
2256 1319
2257 2583
2258 2592
2259 2502
2260 1321
2261 1762
2262 1983
2263 2585
2264 2600
2265 2317
2266 1766
2267 2597
2268 2410
2269 2610
2270 2274
2271 1327
2272 2596
2273 2573
2274 2215
2275 2584
2276 1774
2277 2640
2278 2590
2279 2618
2280 2580
2281 2540
2282 2622
2283 2512
2284 2581
2285 2505
2286 2646
2287 2483
2288 2568
2289 2453
2290 2575
2291 2632
2292 2613
2293 2298
2294 2533
2295 2604
2296 2506
2297 2607
2298 2623
2299 2421
2300 2639
2301 2019
2302 2245
2303 2625
2304 2359
2305 2635
2306 2627
2307 2645
2308 2628
2309 2509
2310 2624
2311 2704
2312 2164
2313 2650
2314 2031
2315 2662
2316 2439
2317 2599
2318 2655
2319 2534
2320 2619
2321 2660
2322 2567
2323 2652
2324 1814
2325 1361
2326 2334
2327 2497
2328 2616
2329 2665
2330 2626
2331 2666
2332 2673
2333 2049
2334 1822
2335 1367
2336 2188
2337 2688
2338 2691
2339 2668
2340 2656
2341 2603
2342 2285
2343 2532
2344 2695
2345 2684
2346 1373
2347 2680
2348 2519
2349 2700
2350 2620
2351 2709
2352 2679
2353 2697
2354 2703
2355 1838
2356 2561
2357 2670
2358 2717
2359 2510
2360 1381
2361 2456
2362 2073
2363 2686
2364 2305
2365 2595
2366 2698
2367 2493
2368 2608
2369 2720
2370 2714
2371 2664
2372 2701
2373 2429
2374 2315
2375 2382
2376 2641
2377 2678
2378 2675
2379 2737
2380 2736
2381 2228
2382 2587
2383 1858
2384 2706
2385 2728
2386 2443
2387 2738
2388 2667
2389 2730
2390 2563
2391 1399
2392 2488
2393 2750
2394 2335
2395 2103
2396 2754
2397 2745
2398 2406
2399 2752
2400 2809
2401 2529
2402 1874
2403 2775
2404 2716
2405 2747
2406 2252
2407 2772
2408 2504
2409 1409
2410 2726
2411 2744
2412 2739
2413 1882
2414 2471
2415 2712
2416 2669
2417 2570
2418 2727
2419 2755
2420 2547
2421 2682
2422 2773
2423 2725
2424 2783
2425 2127
2426 2795
2427 2672
2428 2769
2429 1894
2430 2784
2431 2765
2432 2276
2433 1423
2434 2774
2435 2759
2436 2790
2437 2760
2438 2788
2439 2536
2440 1427
2441 2284
2442 2793
2443 1429
2444 1906
2445 2808
2446 2756
2447 2454
2448 2685
2449 2674
2450 1433
2451 2806
2452 2629
2453 2718
2454 2800
2455 2805
2456 2513
2457 2812
2458 2395
2459 2829
2460 2157
2461 2740
2462 1439
2463 2816
2464 2814
2465 2751
2466 2821
2467 2781
2468 2308
2469 2849
2470 2835
2471 2782
2472 2880
2473 2832
2474 2651
2475 2630
2476 1447
2477 2702
2478 2715
2479 2856
2480 2676
2481 2842
2482 1934
2483 1451
2484 2883
2485 2822
2486 1453
2487 2850
2488 2181
2489 2813
2490 2840
2491 2860
2492 1942
2493 2820
2494 2862
2495 2916
2496 1459
2497 2780
2498 2847
2499 2794
2500 2435
2501 2844
2502 2838
2503 2875
2504 2871
2505 2852
2506 2828
2507 2637
2508 1954
2509 2199
2510 2514
2511 2771
2512 2348
2513 2569
2514 2848
2515 2825
2516 2890
2517 2768
2518 1471
2519 2834
2520 2888
2521 2867
2522 2455
2523 2526
2524 2881
2525 1966
2526 2891
2527 2724
2528 2870
2529 2743
2530 2758
2531 2217
2532 2873
2533 2690
2534 2886
2535 2898
2536 1481
2537 2912
2538 2372
2539 1483
2540 2900
2541 2915
2542 2904
2543 2229
2544 1982
2545 1487
2546 2907
2547 2914
2548 2748
2549 1489
2550 2648
2551 2831
2552 2710
2553 2911
2554 2826
2555 2611
2556 2786
2557 1493
2558 2884
2559 2905
2560 2924
2561 2925
2562 1994
2563 2926
2564 2920
2565 2495
2566 2396
2567 2889
2568 2928
2569 1499
2570 2940
2571 2923
2572 2945
2573 2253
2574 2404
2575 2839
2576 2910
2577 2961
2578 2950
2579 2967
2580 2761
2581 2882
2582 2877
2583 2948
2584 2958
2585 2586
2586 2515
2587 2869
2588 2960
2589 1511
2590 2944
2591 3025
2592 2937
2593 2018
2594 2271
2595 2796
2596 2929
2597 2598
2598 2653
2599 2696
2600 2952
2601 2428
2602 2990
2603 2970
2604 2026
2605 2964
2606 2968
2607 2864
2608 2283
2609 2975
2610 1523
2611 2770
2612 2921
2613 2989
2614 2938
2615 2943
2616 2982
2617 2545
2618 3008
2619 2865
2620 2038
2621 2919
2622 3003
2623 2992
2624 1531
2625 2042
2626 2681
2627 2452
2628 2993
2629 2976
2630 3000
2631 2763
2632 2988
2633 3009
2634 2634
2635 3021
2636 2997
2637 2307
2638 2896
2639 3024
2640 3036
2641 3002
2642 3015
2643 2827
2644 2468
2645 1543
2646 3038
2647 2895
2648 2987
2649 2810
2650 2319
2651 2062
2652 3016
2653 2476
2654 3010
2655 2934
2656 1549
2657 2066
2658 3040
2659 2658
2660 3055
2661 2996
2662 3007
2663 3059
2664 1553
2665 2868
2666 3034
2667 2799
2668 3050
2669 2723
2670 2830
2671 2941
2672 3026
2673 3042
2674 2078
2675 1559
2676 3060
2677 2899
2678 2776
2679 3053
2680 3069
2681 2605
2682 3045
2683 3087
2684 2980
2685 2817
2686 3030
2687 3068
2688 2892
2689 1567
2690 3072
2691 3136
2692 2615
2693 3066
2694 2983
2695 2792
2696 1571
2697 2694
2698 3013
2699 3075
2700 3078
2701 2098
2702 2361
2703 3080
2704 3105
2705 3014
2706 2955
2707 2102
2708 3071
2709 2524
2710 2893
2711 3116
2712 1579
2713 3120
2714 3081
2715 3052
2716 3100
2717 3051
2718 2954
2719 1583
2720 3082
2721 2853
2722 3020
2723 3108
2724 3006
2725 3146
2726 3048
2727 2779
2728 2824
2729 2951
2730 3094
2731 3074
2732 3096
2733 2122
2734 2985
2735 3125
2736 3127
2737 2391
2738 2126
2739 3132
2740 3135
2741 3090
2742 1597
2743 3124
2744 3102
2745 3058
2746 3150
2747 2742
2748 3168
2749 3104
2750 1601
2751 3115
2752 2564
2753 2977
2754 2138
2755 2807
2756 3103
2757 3157
2758 3111
2759 3139
2760 1607
2761 2572
2762 3149
2763 1609
2764 3145
2765 3128
2766 3043
2767 2930
2768 3159
2769 3162
2770 1613
2771 2766
2772 2959
2773 3179
2774 2872
2775 3131
2776 3172
2777 3174
2778 2588
2779 2427
2780 3154
2781 1619
2782 3160
2783 3192
2784 2778
2785 1621
2786 3196
2787 2433
2788 3186
2789 2705
2790 3056
2791 3190
2792 3249
2793 3185
2794 2981
2795 1627
2796 3211
2797 3182
2798 3077
2799 3097
2800 2174
2801 3029
2802 3012
2803 3213
2804 2612
2805 3195
2806 3219
2807 3225
2808 2802
2809 3161
2810 2863
2811 2182
2812 1637
2813 3144
2814 3224
2815 3164
2816 3129
2817 2186
2818 3198
2819 3088
2820 2735
2821 3216
2822 2463
2823 3212
2824 3180
2825 3114
2826 3151
2827 3220
2828 3200
2829 2194
2830 2469
2831 3204
2832 3233
2833 2636
2834 3193
2835 3140
2836 3201
2837 3240
2838 3175
2839 2936
2840 3245
2841 2644
2842 3230
2843 2481
2844 2206
2845 2979
2846 3234
2847 3243
2848 1657
2849 3248
2850 2487
2851 3210
2852 3239
2853 3237
2854 3264
2855 3171
2856 3047
2857 3267
2858 1663
2859 2218
2860 3268
2861 3256
2862 3280
2863 3232
2864 1667
2865 3250
2866 3197
2867 3266
2868 1669
2869 3255
2870 3173
2871 3084
2872 2785
2873 3276
2874 3122
2875 3107
2876 3286
2877 3152
2878 3283
2879 2234
2880 2933
2881 2874
2882 3300
2883 3294
2884 2517
2885 2984
2886 3285
2887 3306
2888 3289
2889 3304
2890 3364
2891 2692
2892 3315
2893 3311
2894 2947
2895 2246
2896 3033
2897 3091
2898 3133
2899 3325
2900 3165
2901 3070
2902 2815
2903 3270
2904 3328
2905 3312
2906 3293
2907 3184
2908 3290
2909 2708
2910 1693
2911 2258
2912 3360
2913 3277
2914 3339
2915 3330
2916 1697
2917 3298
2918 3113
2919 3318
2920 1699
2921 3296
2922 3332
2923 3222
2924 3362
2925 3320
2926 3335
2927 3178
2928 3275
2929 3337
2930 2922
2931 3348
2932 3032
2933 2559
2934 2845
2935 2732
2936 3355
2937 3350
2938 1709
2939 3156
2940 3344
2941 3110
2942 3363
2943 3260
2944 3317
2945 3288
2946 2855
2947 3278
2948 2571
2949 3302
2950 3375
2951 3358
2952 3366
2953 3333
2954 3206
2955 2577
2956 2946
2957 3247
2958 3258
2959 3354
2960 3367
2961 1721
2962 3130
2963 3321
2964 3380
2965 1723
2966 3064
2967 3017
2968 3388
2969 3392
2970 2589
2971 2302
2972 3297
2973 2764
2974 3393
2975 3381
2976 2306
2977 3287
2978 2885
2979 3031
2980 3402
2981 1733
2982 3420
2983 3123
2984 3382
2985 3410
2986 3322
2987 3281
2988 3336
2989 3397
2990 3416
2991 3384
2992 3408
2993 3400
2994 3481
2995 1741
2996 3404
2997 3417
2998 3444
2999 3403
3000 3170
3001 3379
3002 2326
3003 3141
3004 3395
3005 2994
3006 1747
3007 3262
3008 3432
3009 3228
3010 3445
3011 3430
3012 3112
3013 3399
3014 3390
3015 3431
3016 2804
3017 1753
3018 3340
3019 2631
3020 3440
3021 3450
3022 3073
3023 2342
3024 3263
3025 3441
3026 3223
3027 1759
3028 3451
3029 3456
3030 3018
3031 2935
3032 3252
3033 2643
3034 3458
3035 3465
3036 3468
3037 3177
3038 3424
3039 2649
3040 3472
3041 3434
3042 3478
3043 3406
3044 3477
3045 3422
3046 3480
3047 2362
3048 3101
3049 2836
3050 3349
3051 2661
3052 3510
3053 3479
3054 3484
3055 3496
3056 3483
3057 1777
3058 3476
3059 3429
3060 2965
3061 3471
3062 2374
3063 3425
3064 3054
3065 3515
3066 3500
3067 1783
3068 3485
3069 3345
3070 3486
3071 3528
3072 3519
3073 3176
3074 1787
3075 3520
3076 3427
3077 3504
3078 1789
3079 2386
3080 3401
3081 3383
3082 3525
3083 3346
3084 3423
3085 3376
3086 3534
3087 3492
3088 3231
3089 3536
3090 3143
3091 2995
3092 2876
3093 3509
3094 3488
3095 3341
3096 3538
3097 3600
3098 3324
3099 1801
3100 2402
3101 3498
3102 3502
3103 3005
3104 3553
3105 3208
3106 3565
3107 3454
3108 3526
3109 3475
3110 3374
3111 3503
3112 3551
3113 3542
3114 3439
3115 3550
3116 1811
3117 3473
3118 3567
3119 3552
3120 3549
3121 2721
3122 3438
3123 3564
3124 3405
3125 3460
3126 3555
3127 2908
3128 3535
3129 3531
3130 2426
3131 3584
3132 3310
3133 3035
3134 2733
3135 3572
3136 1823
3137 3126
3138 3591
3139 3560
3140 3577
3141 2434
3142 3569
3143 3372
3144 3596
3145 3570
3146 3199
3147 3588
3148 3540
3149 3599
3150 3138
3151 1831
3152 3575
3153 3435
3154 2932
3155 3619
3156 3474
3157 3537
3158 2446
3159 3303
3160 3612
3161 3507
3162 3610
3163 2757
3164 3065
3165 3396
3166 3604
3167 3272
3168 3419
3169 3556
3170 3377
3171 3618
3172 3589
3173 2458
3174 3227
3175 3627
3176 3608
3177 3621
3178 2462
3179 1847
3180 2956
3181 3625
3182 3630
3183 3562
3184 3626
3185 3085
3186 3663
3187 3241
3188 3640
3189 3597
3190 3370
3191 3605
3192 3657
3193 2474
3194 3654
3195 3634
3196 3095
3197 2972
3198 2787
3199 3658
3200 3675
3201 3645
3202 3721
3203 1861
3204 3650
3205 3648
3206 3576
3207 3672
3208 3495
3209 3616
3210 3357
3211 3690
3212 3421
3213 1867
3214 3652
3215 3269
3216 3636
3217 3649
3218 3689
3219 3655
3220 1871
3221 3546
3222 3680
3223 3638
3224 1873
3225 2498
3226 2811
3227 3586
3228 3696
3229 3705
3230 3685
3231 3614
3232 1877
3233 3004
3234 3443
3235 3698
3236 1879
3237 3580
3238 3666
3239 3718
3240 3692
3241 2823
3242 3514
3243 3497
3244 3611
3245 3712
3246 3352
3247 3703
3248 3724
3249 3700
3250 3624
3251 3717
3252 2518
3253 1889
3254 3720
3255 3582
3256 3660
3257 3686
3258 3741
3259 3028
3260 3155
3261 3246
3262 2841
3263 3368
3264 3411
3265 3568
3266 3713
3267 3523
3268 3726
3269 3723
3270 3587
3271 3668
3272 3731
3273 3620
3274 1901
3275 3487
3276 3044
3277 3633
3278 3744
3279 3740
3280 3516
3281 3683
3282 3708
3283 2859
3284 3751
3285 1907
3286 3706
3287 3710
3288 3470
3289 3735
3290 3752
3291 3629
3292 3750
3293 3585
3294 3757
3295 1913
3296 3738
3297 3760
3298 3282
3299 3447
3300 2554
3301 3353
3302 3763
3303 3776
3304 3699
3305 2558
3306 3737
3307 3490
3308 3762
3309 3674
3310 3729
3311 3770
3312 3844
3313 3076
3314 3205
3315 3774
3316 2566
3317 3773
3318 3745
3319 3772
3320 3598
3321 3615
3322 3780
3323 3215
3324 3632
3325 3667
3326 3782
3327 1931
3328 3795
3329 3092
3330 1933
3331 2578
3332 2901
3333 3796
3334 3784
3335 3792
3336 3808
3337 2582
3338 3725
3339 3807
3340 3825
3341 3601
3342 3448
3343 3783
3344 3235
3345 3530
3346 2913
3347 3800
3348 3819
3349 3822
3350 3840
3351 3501
3352 2594
3353 3753
3354 3664
3355 3835
3356 3813
3357 3409
3358 3464
3359 1949
3360 3342
3361 3850
3362 3818
3363 1951
3364 2602
3365 3843
3366 3834
3367 3848
3368 2931
3369 2606
3370 3828
3371 3749
3372 3870
3373 3811
3374 3857
3375 3827
3376 3265
3377 3864
3378 2614
3379 3816
3380 3815
3381 3768
3382 3775
3383 3861
3384 3437
3385 3799
3386 2949
3387 3872
3388 3653
3389 3148
3390 3876
3391 3810
3392 3759
3393 3838
3394 3743
3395 3378
3396 3869
3397 3887
3398 3682
3399 1973
3400 3854
3401 3590
3402 3871
3403 3512
3404 3900
3405 3875
3406 3295
3407 3842
3408 3886
3409 2638
3410 1979
3411 3852
3412 3913
3413 3728
3414 3679
3415 2642
3416 2973
3417 3888
3418 3305
3419 3906
3420 3969
3421 3573
3422 3895
3423 3641
3424 3836
3425 1987
3426 3885
3427 3905
3428 3880
3429 3910
3430 3806
3431 3781
3432 2654
3433 3801
3434 3414
3435 3901
3436 3188
3437 1993
3438 3544
3439 2991
3440 3920
3441 3684
3442 3493
3443 3904
3444 1997
3445 3948
3446 3922
3447 3426
3448 1999
3449 3915
3450 3960
3451 3927
3452 3952
3453 3916
3454 2003
3455 3841
3456 3798
3457 3609
3458 3820
3459 3894
3460 3791
3461 3942
3462 3765
3463 3914
3464 3936
3465 3944
3466 2011
3467 3874
3468 3521
3469 3933
3470 3953
3471 3965
3472 3950
3473 3956
3474 3892
3475 3975
3476 3924
3477 2017
3478 3766
3479 3027
3480 3670
3481 3365
3482 3462
3483 3939
3484 3592
3485 3968
3486 3732
3487 3707
3488 3236
3489 3971
3490 3976
3491 3978
3492 4032
3493 3039
3494 3860
3495 2027
3496 3244
3497 3993
3498 2029
3499 4018
3500 4000
3501 3930
3502 3385
3503 3824
3504 3937
3505 3794
3506 3959
3507 3984
3508 3955
3509 3756
3510 3996
3511 3995
3512 3563
3513 3977
3514 3912
3515 3057
3516 3926
3517 2039
3518 4002
3519 3990
3520 3925
3521 2722
3522 3063
3523 3999
3524 3859
3525 4012
3526 4015
3527 4025
3528 3681
3529 4004
3530 4005
3531 4028
3532 4096
3533 3856
3534 3415
3535 4030
3536 2734
3537 3809
3538 3730
3539 4042
3540 3284
3541 2053
3542 4050
3543 4029
3544 3522
3545 3973
3546 3855
3547 3656
3548 4020
3549 3292
3550 4046
3551 3938
3552 4047
3553 2746
3554 4017
3555 3804
3556 3893
3557 4056
3558 3093
3559 4080
3560 2063
3561 4059
3562 4048
3563 4085
3564 3099
3565 4081
3566 3308
3567 4060
3568 3940
3569 2069
3570 4071
3571 4040
3572 4033
3573 2762
3574 4070
3575 3316
3576 3455
3577 4089
3578 4026
3579 3688
3580 4067
3581 3558
3582 3979
3583 4087
3584 3878
3585 3117
3586 4092
3587 4095
3588 4088
3589 2081
3590 3982
3591 3817
3592 4107
3593 2083
3594 3704
3595 3647
3596 3790
3597 4031
3598 4074
3599 4023
3600 4066
3601 2087
3602 4008
3603 4114
3604 2089
3605 3980
3606 4104
3607 4068
3608 4100
3609 4094
3610 3661
3611 4116
3612 4131
3613 4108
3614 3839
3615 4118
3616 3771
3617 4064
3618 4061
3619 3594
3620 3961
3621 3356
3622 3147
3623 2798
3624 2099
3625 4147
3626 4125
3627 4011
3628 3736
3629 3153
3630 4158
3631 3505
3632 3606
3633 3945
3634 4148
3635 3789
3636 4160
3637 3830
3638 4128
3639 3934
3640 4123
3641 4144
3642 4009
3643 4154
3644 2111
3645 4120
3646 4180
3647 4225
3648 2113
3649 2818
3650 4077
3651 4136
3652 4140
3653 4150
3654 4161
3655 4165
3656 3883
3657 4014
3658 4075
3659 4082
3660 4134
3661 4141
3662 3183
3663 3962
3664 4053
3665 4110
3666 4130
3667 3642
3668 4185
3669 4142
3670 3189
3671 3545
3672 4186
3673 4199
3674 4200
3675 2129
3676 4189
3677 2131
3678 4176
3679 4182
3680 3412
3681 4187
3682 4016
3683 4171
3684 2846
3685 4209
3686 4183
3687 2137
3688 4205
3689 3207
3690 4212
3691 4216
3692 3890
3693 4173
3694 2854
3695 2141
3696 4232
3697 3428
3698 2143
3699 2858
3700 4221
3701 4224
3702 3678
3703 4218
3704 4240
3705 4181
3706 3436
3707 4117
3708 3991
3709 2866
3710 4214
3711 4230
3712 4063
3713 3972
3714 4035
3715 4235
3716 2153
3717 4234
3718 3949
3719 4170
3720 3879
3721 3832
3722 4256
3723 4086
3724 3595
3725 3452
3726 4233
3727 2878
3728 4191
3729 3702
3730 4255
3731 4172
3732 2161
3733 4192
3734 4277
3735 4152
3736 4223
3737 3787
3738 4250
3739 3897
3740 4257
3741 4260
3742 3714
3743 4137
3744 4263
3745 4065
3746 4097
3747 4278
3748 2894
3749 4175
3750 4242
3751 4163
3752 4266
3753 4264
3754 4284
3755 3261
3756 4290
3757 4122
3758 4293
3759 2902
3760 4043
3761 4288
3762 4356
3763 2179
3764 2906
3765 4251
3766 4272
3767 3635
3768 3273
3769 4268
3770 4248
3771 3970
3772 4292
3773 4112
3774 4275
3775 4324
3776 3279
3777 4320
3778 4301
3779 3829
3780 2918
3781 4179
3782 4228
3783 4307
3784 4044
3785 4069
3786 3896
3787 4247
3788 3508
3789 4300
3790 4280
3791 3291
3792 4312
3793 3951
3794 4270
3795 4202
3796 4368
3797 4102
3798 4239
3799 3665
3800 4305
3801 4335
3802 4238
3803 4331
3804 4329
3805 4037
3806 3524
3807 2203
3808 4294
3809 4350
3810 4347
3811 4010
3812 3309
3813 2942
3814 2207
3815 3532
3816 4370
3817 3786
3818 4332
3819 3928
3820 4352
3821 4355
3822 4345
3823 4366
3824 2213
3825 4194
3826 4316
3827 4326
3828 3987
3829 4220
3830 4155
3831 4340
3832 3695
3833 3548
3834 3327
3835 4374
3836 4121
3837 4246
3838 4389
3839 2221
3840 2962
3841 4343
3842 4318
3843 4408
3844 4309
3845 2966
3846 4361
3847 4346
3848 4375
3849 4323
3850 4400
3851 3899
3852 3715
3853 4380
3854 4237
3855 2974
3856 4365
3857 4394
3858 4371
3859 4418
3860 2978
3861 3351
3862 4360
3863 4321
3864 4208
3865 4386
3866 4402
3867 2237
3868 4296
3869 4103
3870 4403
3871 2239
3872 2986
3873 4420
3874 4399
3875 4425
3876 4416
3877 2243
3878 3846
3879 4437
3880 4489
3881 4041
3882 3992
3883 3369
3884 4387
3885 4410
3886 4215
3887 2998
3888 4325
3889 4090
3890 4455
3891 3858
3892 2251
3893 4424
3894 3941
3895 4452
3896 3755
3897 4440
3898 4342
3899 4428
3900 4164
3901 4446
3902 4392
3903 4472
3904 3387
3905 4267
3906 4407
3907 4384
3908 4464
3909 4465
3910 4344
3911 4453
3912 4024
3913 4245
3914 3882
3915 4379
3916 4334
3917 4429
3918 3022
3919 2267
3920 3628
3921 4480
3922 4188
3923 2269
3924 4450
3925 4313
3926 4302
3927 3785
3928 4433
3929 4459
3930 4444
3931 2273
3932 4169
3933 4484
3934 4466
3935 3983
3936 4396
3937 4477
3938 3644
3939 4422
3940 4495
3941 4488
3942 4462
3943 4500
3944 2281
3945 4485
3946 4401
3947 4482
3948 3805
3949 3997
3950 3046
3951 4113
3952 3918
3953 4445
3954 4304
3955 2287
3956 4473
3957 4508
3958 4378
3959 4469
3960 4338
3961 4351
3962 4072
3963 4503
3964 4393
3965 4454
3966 2293
3967 4448
3968 4505
3969 4236
3970 4514
3971 4522
3972 3062
3973 2297
3974 3676
3975 4213
3976 4510
3977 4526
3978 4550
3979 4494
3980 4543
3981 3453
3982 4298
3983 4512
3984 4336
3985 4536
3986 4190
3987 4149
3988 4515
3989 3459
3990 3954
3991 3845
3992 4544
3993 4039
3994 4563
3995 2309
3996 4470
3997 4551
3998 2311
3999 4556
4000 4624
4001 4557
4002 4369
4003 3966
4004 4539
4005 3086
4006 4167
4007 4210
4008 4439
4009 4520
4010 4303
4011 4532
4012 4575
4013 3865
4014 4524
4015 4576
4016 4431
4017 4558
4018 3716
4019 4545
4020 3098
4021 4565
4022 4560
4023 3489
4024 4554
4025 4475
4026 4588
4027 4559
4028 4521
4029 3106
4030 4427
4031 4582
4032 4598
4033 4606
4034 4354
4035 2333
4036 4308
4037 4279
4038 4600
4039 4203
4040 4498
4041 4599
4042 4592
4043 4590
4044 4509
4045 3118
4046 2339
4047 4608
4048 4530
4049 2341
4050 4460
4051 3513
4052 3748
4053 4615
4054 4578
4055 4395
4056 4168
4057 4611
4058 4640
4059 4617
4060 2347
4061 4382
4062 4109
4063 4620
4064 4623
4065 4572
4066 4625
4067 3134
4068 2351
4069 4636
4070 3764
4071 4525
4072 4184
4073 4601
4074 4432
4075 4553
4076 4038
4077 4650
4078 3142
4079 2357
4080 4641
4081 4585
4082 4628
4083 4381
4084 4653
4085 4602
4086 3935
4087 3543
4088 4655
4089 4587
4090 4564
4091 4531
4092 4644
4093 4648
4094 4693
4095 4471
4096 3788
4097 4662
4098 3158
4099 4635
4100 4062
4101 4661
4102 4310
4103 2371
4104 4674
4105 4151
4106 4672
4107 4633
4108 4646
4109 3561
4110 3166
4111 4669
4112 4675
4113 4656
4114 2377
4115 4438
4116 4692
4117 4680
4118 4697
4119 4704
4120 4761
4121 2381
4122 4330
4123 4367
4124 3812
4125 2383
4126 4540
4127 4619
4128 4518
4129 4664
4130 4404
4131 3579
4132 4686
4133 4725
4134 4584
4135 4577
4136 4496
4137 2389
4138 4720
4139 4541
4140 4098
4141 3985
4142 4698
4143 4715
4144 2393
4145 4712
4146 4311
4147 3194
4148 4193
4149 4700
4150 4658
4151 4687
4152 4719
4153 2399
4154 4730
4155 4732
4156 3202
4157 3603
4158 4743
4159 4717
4160 4750
4161 4207
4162 4580
4163 4736
4164 4528
4165 4411
4166 4731
4167 4708
4168 4752
4169 4745
4170 4740
4171 4579
4172 3214
4173 2411
4174 4770
4175 4690
4176 4632
4177 4699
4178 3218
4179 4756
4180 4390
4181 4773
4182 4681
4183 4654
4184 2417
4185 3868
4186 4774
4187 4146
4188 4757
4189 3226
4190 4802
4191 4738
4192 4573
4193 4676
4194 4671
4195 4760
4196 2423
4197 4716
4198 4747
4199 4476
4200 4753
4201 4788
4202 3639
4203 4642
4204 4045
4205 3884
4206 4249
4207 3238
4208 4511
4209 4746
4210 4800
4211 4784
4212 3242
4213 4779
4214 4726
4215 4055
4216 4710
4217 3651
4218 4328
4219 4383
4220 4785
4221 4430
4222 2437
4223 4805
4224 4823
4225 4607
4226 4797
4227 4758
4228 3254
4229 2441
4230 4626
4231 4810
4232 3908
4233 4537
4234 4706
4235 4794
4236 4727
4237 4818
4238 3669
4239 4660
4240 2447
4241 4806
4242 4851
4243 4814
4244 4819
4245 4807
4246 4900
4247 4828
4248 4816
4249 4291
4250 4796
4251 4683
4252 4206
4253 4499
4254 4419
4255 3274
4256 4605
4257 4845
4258 4860
4259 3932
4260 3687
4261 4768
4262 2459
4263 4840
4264 4862
4265 4815
4266 4376
4267 3693
4268 4728
4269 4105
4270 4548
4271 4864
4272 4830
4273 4872
4274 4795
4275 2467
4276 4888
4277 4319
4278 4115
4279 4490
4280 4875
4281 4880
4282 4589
4283 4841
4284 4836
4285 2473
4286 4850
4287 3711
4288 4848
4289 4884
4290 4333
4291 4826
4292 2477
4293 3964
4294 4838
4295 4824
4296 4879
4297 4876
4298 4896
4299 4135
4300 4254
4301 4891
4302 4634
4303 4775
4304 4901
4305 4899
4306 3314
4307 4859
4308 4145
4309 4776
4310 4665
4311 4898
4312 4847
4313 4596
4314 4897
4315 4688
4316 4902
4317 4832
4318 4895
4319 3988
4320 4709
4321 4914
4322 3326
4323 4491
4324 4920
4325 4940
4326 4767
4327 4921
4328 3747
4329 4734
4330 4928
4331 4930