5 | [1,1] | 0
5 | [1,2] | 0
5 | [1,3] | 5
5 | [1,4] | 10

6 | [1,1] | 0
6 | [1,2] | 0
6 | [1,3] | 0
6 | [1,4] | 0
6 | [1,5] | 3

7 | [1,1] | 0
7 | [1,2] | 0
7 | [1,3] | 7
7 | [1,4] | 14
7 | [1,5] | 21
7 | [1,6] | 28

8 | [1,1] | 0
8 | [1,2] | 0
8 | [1,3] | 0
8 | [1,4] | 16
8 | [1,5] | 0
8 | [1,6] | 32
8 | [1,7] | 8

9 | [1,1] | 0
9 | [1,2] | 0
9 | [1,3] | 9
9 | [1,4] | 0
9 | [1,5] | 27
9 | [1,6] | 36
9 | [1,7] | 3
9 | [1,8] | 54

10 | [1,1] | 0
10 | [1,2] | 0
10 | [1,3] | 0
10 | [1,4] | 20
10 | [1,5] | 5
10 | [1,6] | 0
10 | [1,7] | 10
10 | [1,8] | 60
10 | [1,9] | 15

11 | [1,1] | 0
11 | [1,2] | 0
11 | [1,3] | 11
11 | [1,4] | 22
11 | [1,5] | 33
11 | [1,6] | 44
11 | [1,7] | 55
11 | [1,8] | 66
11 | [1,9] | 77
11 | [1,10] | 88

12 | [1,1] | 0
12 | [1,2] | 0
12 | [1,3] | 0
12 | [1,4] | 0
12 | [1,5] | 0
12 | [1,6] | 48
12 | [1,7] | 0
12 | [1,8] | 72
12 | [1,9] | 3
12 | [1,10] | 8
12 | [1,11] | 24
